/* Organism #0 Fitness: 360.000000 Time: 0 */
/* Position #0*/
#1 x: 72 y: 36
#2 x: 22 y: 21
#3 x: 83 y: 20
#4 x: 54 y: 83
#5 x: 32 y: 72
#6 x: 17 y: 69
genomestart 0
trait 1 43007.000000 16300.000000 6994.000000 28041.000000 57524.000000 37112.000000 87908.000000 80535.000000 trait 2 30533.000000 24215.000000 70868.000000 0.000000 0.000000 0.000000 0.000000 18399.000000 trait 3 0.000000 83419.000000 0.000000 65858.000000 0.000000 0.000000 100000.000000 41343.000000 trait 4 26570.000000 0.000000 0.000000 0.000000 0.000000 76740.000000 67190.000000 100000.000000 node 1 4 1 3
node 2 4 1 1
node 3 1 1 1
node 4 1 1 1
node 5 1 1 1
node 6 2 1 1
node 7 4 1 1
node 8 4 1 1
node 9 2 1 1
node 10 1 1 1
node 11 2 1 1
node 12 4 1 1
node 13 2 0 2
node 14 1 0 2
node 15 3 0 2
node 121 1 0 0
node 235 1 0 0
node 384 1 0 0
node 420 1 0 0
node 433 1 0 0
node 461 1 0 0
node 500 1 0 0
node 516 1 0 0
node 697 3 0 0
node 1018 1 0 0
node 1130 1 0 0
node 1323 3 0 0
node 1393 1 0 0
node 1479 1 0 0
node 1531 3 0 0
node 1683 1 0 0
node 1735 1 0 0
node 1875 1 0 0
node 2034 1 0 0
node 2142 1 0 0
node 2172 1 0 0
node 2206 1 0 0
node 2313 1 0 0
node 2332 1 0 0
node 2368 4 0 0
node 2491 1 0 0
node 2512 1 0 0
node 2530 1 0 0
node 2547 1 0 0
node 2692 1 0 0
node 2786 1 0 0
node 2912 1 0 0
node 3009 1 0 0
node 3109 1 0 0
node 3157 1 0 0
node 3182 1 0 0
node 3270 1 0 0
node 3412 1 0 0
node 3599 1 0 0
node 3705 1 0 0
node 3728 1 0 0
node 3814 1 0 0
gene 2 1 13 -800000 0 1 -800000 1
gene 3 2 13 -800000 0 2 -800000 1
gene 2 3 13 -244995 0 3 -244995 1
gene 3 4 13 -219852 0 4 -219852 1
gene 2 5 13 -427812 0 5 -427812 0
gene 4 6 13 730563 0 6 730563 1
gene 3 7 13 -64875 0 7 -64875 1
gene 2 8 13 -269139 0 8 -269139 0
gene 3 9 13 -428348 0 9 -428348 1
gene 2 10 13 544212 0 10 544212 0
gene 2 11 13 -218997 0 11 -218997 1
gene 4 12 13 403371 0 12 403371 1
gene 2 1 14 446943 0 13 446943 1
gene 2 2 14 -332730 0 14 -332730 1
gene 4 3 14 -308562 0 15 -308562 0
gene 4 4 14 800000 0 16 800000 0
gene 4 5 14 -732624 0 17 -732624 1
gene 3 6 14 473649 0 18 473649 0
gene 2 7 14 607989 0 19 607989 1
gene 3 8 14 800000 0 20 800000 0
gene 3 9 14 -800000 0 21 -800000 1
gene 1 10 14 479325 0 22 479325 0
gene 1 11 14 244662 0 23 244662 1
gene 4 12 14 -419151 0 24 -419151 1
gene 3 1 15 -33394 0 25 -33394 1
gene 3 2 15 -135306 0 26 -135306 1
gene 3 3 15 -532200 0 27 -532200 0
gene 3 4 15 597864 0 28 597864 1
gene 3 5 15 747542 0 29 747542 1
gene 1 6 15 -370989 0 30 -370989 1
gene 3 7 15 399474 0 31 399474 1
gene 3 8 15 618636 0 32 618636 1
gene 3 9 15 767288 0 33 767288 1
gene 3 10 15 526805 0 34 526805 0
gene 2 11 15 -382173 0 35 -382173 0
gene 4 12 15 272337 0 36 272337 0
gene 4 15 15 276161 1 174 276161 0
gene 3 8 121 366176 0 329 366176 0
gene 3 121 15 -677628 0 330 -677628 1
gene 2 5 121 420126 0 438 420126 1
gene 2 7 121 207228 0 483 207228 0
gene 4 4 235 60222 0 666 60222 1
gene 4 235 14 310869 0 667 310869 1
gene 1 1 235 781434 0 753 781434 1
gene 3 9 235 -581235 0 1108 -581235 1
gene 3 10 384 718749 0 1126 718749 1
gene 3 384 15 23031 0 1127 23031 1
gene 2 14 14 -207080 1 1197 -207080 1
gene 3 7 420 58509 0 1239 58509 0
gene 3 420 15 61071 0 1240 61071 0
gene 3 2 433 151944 0 1284 151944 1
gene 3 433 13 -472611 0 1285 -472611 1
gene 4 3 461 343860 0 1352 343860 1
gene 4 461 14 -543233 0 1353 -543233 1
gene 4 15 500 178734 1 1453 178734 1
gene 4 500 15 148467 0 1454 148467 0
gene 1 8 516 172986 0 1500 172986 1
gene 1 516 14 -183081 0 1501 -183081 1
gene 1 384 121 800000 0 1548 800000 1
gene 2 8 461 -215301 0 1965 -215301 1
gene 3 3 697 -558459 0 2038 -558459 0
gene 3 697 15 -227574 0 2039 -227574 1
gene 2 1 500 -412689 0 2133 -412689 1
gene 1 3 433 800000 0 2628 800000 1
gene 1 516 516 -177495 1 2664 -177495 0
gene 3 8 1018 -291693 0 2997 -291693 1
gene 3 1018 121 531740 0 2998 531740 0
gene 3 15 433 16641 0 3156 16641 1
gene 1 10 1130 -135081 0 3329 -135081 1
gene 1 1130 14 -614435 0 3330 -614435 1
gene 3 500 697 -391587 0 3371 -391587 1
gene 2 3 516 374538 0 3603 374538 1
gene 2 9 1323 800000 0 3885 800000 0
gene 2 1323 14 -589097 0 3886 -589097 0
gene 2 121 420 -242520 0 3959 -242520 1
gene 2 8 1393 -523544 0 4093 -523544 1
gene 2 1393 13 174063 0 4094 174063 1
gene 1 11 1479 -90510 0 4325 -90510 1
gene 1 1479 14 -14701 0 4326 -14701 1
gene 4 12 1531 800000 0 4477 800000 1
gene 4 1531 15 -679832 0 4478 -679832 1
gene 3 1393 433 499524 0 4734 499524 1
gene 2 1323 1683 -61587 0 4950 -61587 1
gene 2 1683 14 746072 0 4951 746072 1
gene 3 6 1735 644178 0 5103 644178 1
gene 3 1735 14 6003 0 5104 6003 0
gene 1 5 516 -674603 0 5346 -674603 1
gene 1 516 433 -520125 0 5443 -520125 1
gene 3 2 1875 704046 0 5505 704046 1
gene 3 1875 433 -81402 0 5506 -81402 1
gene 1 1683 461 -226623 0 5687 -226623 1
gene 1 516 121 81954 0 5877 81954 1
gene 3 3 2034 -68283 0 5939 -68283 1
gene 3 2034 697 183613 0 5940 183613 1
gene 3 5 1479 22824 0 6157 22824 1
gene 3 7 2142 -800000 0 6248 -800000 1
gene 3 2142 420 -90149 0 6249 -90149 1
gene 3 420 2172 282729 0 6332 282729 1
gene 3 2172 15 479739 0 6333 479739 1
gene 2 1735 1735 22166 1 6388 22166 1
gene 2 8 2206 631094 0 6436 631094 1
gene 2 2206 1393 -152172 0 6437 -152172 1
gene 2 121 2313 147498 0 6747 147498 1
gene 2 2313 420 174954 0 6748 174954 1
gene 2 9 2332 -75204 0 6797 -75204 1
gene 2 2332 1323 -287481 0 6798 -287481 1
gene 4 1323 2034 359562 0 6848 359562 1
gene 2 7 2368 268788 0 6897 268788 1
gene 2 2368 121 -800000 0 6898 -800000 1
gene 2 384 1531 465480 0 7018 465480 1
gene 2 2142 1018 -795512 0 7205 -795512 0
gene 3 2206 2034 -320504 0 7245 -320504 1
gene 2 7 2491 -105657 0 7283 -105657 1
gene 2 2491 2368 247041 0 7284 247041 1
gene 2 5 2512 -796549 0 7337 -796549 1
gene 2 2512 13 180510 0 7338 180510 1
gene 2 10 2530 103602 0 7387 103602 1
gene 2 2530 13 24876 0 7388 24876 1
gene 3 9 2547 -79044 0 7440 -79044 1
gene 3 2547 13 793518 0 7441 793518 1
gene 2 2530 1479 -604335 0 7594 -604335 1
gene 1 1479 2692 440439 0 7856 440439 1
gene 1 2692 14 301383 0 7857 301383 1
gene 3 4 1130 256758 0 7980 256758 1
gene 4 3 2786 512997 0 8132 512997 1
gene 4 2786 14 -161352 0 8133 -161352 1
gene 4 2547 1735 -480696 0 8311 -480696 1
gene 3 2692 461 -180105 0 8358 -180105 1
gene 4 500 2912 -195948 0 8507 -195948 1
gene 1 2912 15 -260247 0 8508 -260247 0
gene 1 2912 1130 262968 0 8750 262968 1
gene 2 2142 3009 322815 0 8799 322815 0
gene 2 3009 1018 800000 0 8800 800000 1
gene 3 2034 2034 448653 1 8851 448653 1
gene 3 3 3109 85230 0 9107 85230 1
gene 3 3109 697 -254565 0 9108 -254565 1
gene 1 2912 3157 -74670 0 9248 -74670 1
gene 1 3157 15 -41967 0 9249 -41967 1
gene 3 2530 121 -302223 0 9284 -302223 0
gene 1 516 3182 -262023 1 9328 -262023 1
gene 1 3182 516 242670 0 9329 242670 1
gene 1 2491 1531 30264 0 9377 30264 1
gene 3 2530 3270 -175410 0 9577 -175410 1
gene 3 3270 121 11973 0 9578 11973 1
gene 4 2512 2512 -199272 1 9707 -199272 1
gene 4 1683 1393 -238818 0 9807 -238818 1
gene 2 2142 3412 -67824 0 10015 -67824 1
gene 2 3412 3009 112206 0 10016 112206 1
gene 1 1 2034 321021 0 10265 321021 1
gene 1 3412 3412 4689 1 10366 4689 1
gene 2 500 2332 -545487 0 10431 -545487 1
gene 3 1735 3599 -62799 0 10574 -62799 0
gene 3 3599 14 32250 0 10575 32250 1
gene 3 1735 3705 150999 0 10921 150999 1
gene 3 3705 3599 -184877 0 10922 -184877 1
gene 1 10 3728 -76644 0 10984 -76644 1
gene 1 3728 14 346494 0 10985 346494 1
gene 3 5 235 65 0 11141 65 1
gene 2 11 3814 1 0 11227 0 1
gene 2 3814 15 -382173 0 11228 0 1
genomeend 0


/* Organism #14 Fitness: 240.000000 Time: 0 */
/* Position #14*/
#1 x: 80 y: 40
#2 x: 62 y: 18
#3 x: 45 y: 38
#4 x: 81 y: 80
#5 x: 79 y: 72
#6 x: 35 y: 73
genomestart 14
trait 1 43007.000000 16300.000000 6994.000000 28041.000000 57524.000000 37112.000000 87908.000000 80535.000000 trait 2 87845.000000 24215.000000 61823.000000 33922.000000 0.000000 0.000000 0.000000 18399.000000 trait 3 0.000000 0.000000 44883.000000 9122.000000 65406.000000 0.000000 100000.000000 0.000000 trait 4 4.000000 0.000000 0.000000 36940.000000 0.000000 0.000000 43316.000000 37957.000000 node 1 4 1 3
node 2 4 1 1
node 3 1 1 1
node 4 1 1 1
node 5 1 1 1
node 6 2 1 1
node 7 4 1 1
node 8 4 1 1
node 9 2 1 1
node 10 1 1 1
node 11 2 1 1
node 12 4 1 1
node 13 2 0 2
node 14 1 0 2
node 15 3 0 2
node 121 1 0 0
node 235 1 0 0
node 384 1 0 0
node 420 1 0 0
node 433 1 0 0
node 461 1 0 0
node 500 1 0 0
node 516 1 0 0
node 697 3 0 0
node 1018 1 0 0
node 1130 1 0 0
node 1323 2 0 0
node 1393 1 0 0
node 1479 1 0 0
node 1531 3 0 0
node 1683 1 0 0
node 1735 1 0 0
node 1875 1 0 0
node 2034 1 0 0
node 2142 1 0 0
node 2172 1 0 0
node 2206 1 0 0
node 2313 1 0 0
node 2332 1 0 0
node 2368 1 0 0
node 2491 1 0 0
node 2512 1 0 0
node 2530 1 0 0
node 2547 1 0 0
node 2692 1 0 0
node 2786 1 0 0
node 2912 1 0 0
node 3009 1 0 0
node 3108 1 0 0
node 3213 1 0 0
node 3249 1 0 0
node 3354 1 0 0
node 3379 1 0 0
node 3455 1 0 0
node 3468 1 0 0
node 3554 1 0 0
node 3633 1 0 0
node 3647 1 0 0
node 3740 1 0 0
node 3803 1 0 0
gene 2 1 13 -444993 0 1 -444993 1
gene 3 2 13 -15828 0 2 -15828 1
gene 2 3 13 691229 0 3 691229 1
gene 3 4 13 -345024 0 4 -345024 0
gene 2 5 13 237453 0 5 237453 0
gene 4 6 13 -184908 0 6 -184908 1
gene 3 7 13 -685499 0 7 -685499 0
gene 2 8 13 555143 0 8 555143 0
gene 3 9 13 -291180 0 9 -291180 1
gene 2 10 13 576576 0 10 576576 0
gene 2 11 13 -167607 0 11 -167607 1
gene 4 12 13 197634 0 12 197634 1
gene 2 1 14 800000 0 13 800000 1
gene 2 2 14 -260958 0 14 -260958 1
gene 4 3 14 -395682 0 15 -395682 0
gene 4 4 14 -350127 0 16 -350127 0
gene 4 5 14 542756 0 17 542756 1
gene 3 6 14 537951 0 18 537951 0
gene 2 7 14 -654072 0 19 -654072 1
gene 1 8 14 -443175 0 20 -443175 0
gene 3 9 14 60024 0 21 60024 1
gene 1 10 14 -543414 0 22 -543414 1
gene 1 11 14 144606 0 23 144606 1
gene 4 12 14 -649980 0 24 -649980 1
gene 3 1 15 -283587 0 25 -283587 1
gene 3 2 15 800000 0 26 800000 1
gene 3 3 15 465936 0 27 465936 0
gene 3 4 15 -224454 0 28 -224454 1
gene 3 5 15 464514 0 29 464514 1
gene 1 6 15 750116 0 30 750116 1
gene 3 7 15 22584 0 31 22584 1
gene 3 8 15 388106 0 32 388106 1
gene 3 9 15 89934 0 33 89934 1
gene 3 10 15 -390924 0 34 -390924 0
gene 2 11 15 192546 0 35 192546 1
gene 4 12 15 417066 0 36 417066 0
gene 4 15 15 -287661 1 174 -287661 0
gene 3 8 121 315372 0 329 315372 0
gene 3 121 15 -788820 0 330 -788820 1
gene 2 5 121 -221577 0 438 -221577 1
gene 2 7 121 -172698 0 483 -172698 0
gene 4 4 235 168633 0 666 168633 1
gene 4 235 14 -273933 0 667 -273933 1
gene 1 1 235 -364221 0 753 -364221 1
gene 3 9 235 519636 0 1108 519636 1
gene 3 10 384 418278 0 1126 418278 1
gene 3 384 15 -255078 0 1127 -255078 1
gene 2 14 14 -443004 1 1197 -443004 1
gene 3 7 420 534939 0 1239 534939 0
gene 3 420 15 -256053 0 1240 -256053 0
gene 3 2 433 -228570 0 1284 -228570 0
gene 3 433 13 -50076 0 1285 -50076 1
gene 4 3 461 -271125 0 1352 -271125 1
gene 4 461 14 552024 0 1353 552024 1
gene 4 15 500 351585 1 1453 351585 1
gene 4 500 15 -595422 0 1454 -595422 0
gene 1 8 516 -59265 0 1500 -59265 1
gene 1 516 14 59196 0 1501 59196 0
gene 1 384 121 253998 0 1548 253998 1
gene 2 8 461 -6243 0 1965 -6243 0
gene 3 3 697 348327 0 2038 348327 1
gene 3 697 15 -338013 0 2039 -338013 1
gene 2 1 500 253230 0 2133 253230 1
gene 1 3 433 249210 0 2628 249210 1
gene 1 516 516 226329 1 2664 226329 1
gene 3 8 1018 758376 0 2997 758376 1
gene 3 1018 121 -505485 0 2998 -505485 0
gene 3 15 433 182346 0 3156 182346 1
gene 1 10 1130 -261204 0 3329 -261204 1
gene 1 1130 14 -537642 0 3330 -537642 1
gene 3 500 697 399528 0 3371 399528 1
gene 2 3 516 -149940 0 3603 -149940 1
gene 2 9 1323 502821 0 3885 502821 0
gene 2 1323 14 87246 0 3886 87246 0
gene 2 121 420 800000 0 3959 800000 1
gene 2 8 1393 -800000 0 4093 -800000 1
gene 2 1393 13 380160 0 4094 380160 1
gene 1 11 1479 -137442 0 4325 -137442 1
gene 1 1479 14 800000 0 4326 800000 1
gene 4 12 1531 652311 0 4477 652311 1
gene 4 1531 15 614727 0 4478 614727 1
gene 3 1393 433 -800000 0 4734 -800000 1
gene 2 1323 1683 -294564 0 4950 -294564 1
gene 2 1683 14 -112947 0 4951 -112947 1
gene 3 6 1735 290499 0 5103 290499 1
gene 3 1735 14 199896 0 5104 199896 1
gene 1 5 516 -219582 0 5346 -219582 1
gene 1 516 433 99534 0 5443 99534 1
gene 3 2 1875 -800000 0 5505 -800000 1
gene 3 1875 433 -266073 0 5506 -266073 1
gene 1 1683 461 -754598 0 5687 -754598 0
gene 1 516 121 321117 0 5877 321117 0
gene 3 3 2034 -461865 0 5939 -461865 1
gene 3 2034 697 355765 0 5940 355765 1
gene 3 5 1479 420087 0 6157 420087 1
gene 3 7 2142 -252519 0 6248 -252519 1
gene 1 2142 420 -574530 0 6249 -574530 1
gene 3 420 2172 -513650 0 6332 -513650 1
gene 3 2172 15 585498 0 6333 585498 1
gene 2 1735 1735 707088 1 6388 707088 1
gene 2 8 2206 29703 0 6436 29703 0
gene 2 2206 1393 106023 0 6437 106023 1
gene 2 121 2313 -69393 0 6747 -69393 1
gene 2 2313 420 -198081 0 6748 -198081 1
gene 2 9 2332 534278 0 6797 534278 0
gene 2 2332 1323 -310356 0 6798 -310356 1
gene 4 1323 2034 -91473 0 6848 -91473 0
gene 2 7 2368 -800000 0 6897 -800000 1
gene 2 2368 121 -228806 0 6898 -228806 1
gene 2 384 1531 383748 0 7018 383748 1
gene 2 2142 1018 -800000 0 7205 -800000 0
gene 3 2206 2034 -437817 0 7245 -437817 1
gene 2 7 2491 292983 0 7283 292983 1
gene 2 2491 2368 -433506 0 7284 -433506 1
gene 2 5 2512 254079 0 7337 254079 1
gene 2 2512 13 -145473 0 7338 -145473 0
gene 2 10 2530 -68427 0 7387 -68427 1
gene 2 2530 13 -602679 0 7388 -602679 1
gene 3 9 2547 800000 0 7440 800000 1
gene 3 2547 13 44388 0 7441 44388 1
gene 2 2530 1479 -552887 0 7594 -552887 1
gene 1 1479 2692 422796 0 7856 422796 1
gene 1 2692 14 -800000 0 7857 -800000 0
gene 4 4 1130 -188555 0 7980 -188555 1
gene 4 3 2786 455543 0 8132 455543 1
gene 4 2786 14 41520 0 8133 41520 1
gene 4 2547 1735 68058 0 8311 68058 1
gene 3 2692 461 381612 0 8358 381612 1
gene 4 500 2912 -137091 0 8507 -137091 1
gene 1 2912 15 78963 0 8508 78963 1
gene 1 2912 1130 110526 0 8750 110526 1
gene 2 2142 3009 -79752 0 8799 -79752 1
gene 2 3009 1018 270651 0 8800 270651 1
gene 3 2034 2034 -73602 1 8851 -73602 1
gene 2 2512 3108 -158862 0 9104 -158862 1
gene 2 3108 13 -276300 0 9105 -276300 1
gene 1 2491 235 207198 0 9236 207198 1
gene 2 9 3213 -194679 0 9416 -194679 1
gene 2 3213 2332 -247728 0 9417 -247728 1
gene 1 516 3249 258507 0 9516 258507 1
gene 1 3249 14 289056 0 9517 289056 1
gene 4 3 1393 261267 0 9617 261267 1
gene 2 3108 2912 256509 0 9658 256509 1
gene 1 1683 3354 5148 0 9826 5148 1
gene 1 3354 461 -291435 0 9827 -291435 1
gene 1 2692 3379 -118026 0 9920 -118026 1
gene 1 3379 14 669354 0 9921 669354 1
gene 2 10 2547 68289 0 9957 68289 1
gene 4 2530 2530 -132171 1 10098 -132171 1
gene 2 8 3455 -318717 0 10143 -318717 1
gene 2 3455 2206 -91716 0 10144 -91716 1
gene 4 1323 3468 272514 0 10182 272514 1
gene 4 3468 2034 159315 0 10183 159315 1
gene 2 516 1479 -46617 0 10234 -46617 1
gene 1 2491 3379 152844 0 10402 152844 1
gene 1 516 3554 49651 0 10449 49651 1
gene 1 3554 121 44082 0 10450 44082 1
gene 3 2 3633 177147 0 10678 177147 1
gene 3 3633 433 -129240 0 10679 -129240 1
gene 3 7 3647 25668 0 10722 25668 1
gene 3 3647 13 -288495 0 10723 -288495 1
gene 2 13 461 -31591 0 10778 -31591 1
gene 3 4 3740 -123177 0 11018 -123177 1
gene 3 3740 13 278127 0 11019 278127 1
gene 2 8 3803 -36074 0 11199 -36074 1
gene 2 3803 461 139317 0 11200 139317 1
genomeend 14


/* Organism #26 Fitness: 290.000000 Time: 0 */
/* Position #26*/
#1 x: 56 y: 30
#2 x: 37 y: 19
#3 x: 32 y: 40
#4 x: 81 y: 80
#5 x: 53 y: 66
#6 x: 84 y: 66
genomestart 26
trait 1 78708.000000 100000.000000 6994.000000 0.000000 57524.000000 100000.000000 87908.000000 100000.000000 trait 2 7350.000000 88783.000000 70868.000000 0.000000 0.000000 0.000000 54579.000000 18399.000000 trait 3 0.000000 0.000000 44883.000000 65858.000000 41337.000000 0.000000 100000.000000 41343.000000 trait 4 4.000000 0.000000 0.000000 36940.000000 0.000000 0.000000 0.000000 37957.000000 node 1 4 1 3
node 2 4 1 1
node 3 1 1 1
node 4 1 1 1
node 5 1 1 1
node 6 2 1 1
node 7 4 1 1
node 8 4 1 1
node 9 2 1 1
node 10 1 1 1
node 11 2 1 1
node 12 4 1 1
node 13 2 0 2
node 14 1 0 2
node 15 3 0 2
node 121 1 0 0
node 235 1 0 0
node 384 2 0 0
node 420 1 0 0
node 433 1 0 0
node 461 1 0 0
node 500 1 0 0
node 516 1 0 0
node 697 3 0 0
node 1018 1 0 0
node 1130 1 0 0
node 1323 3 0 0
node 1393 1 0 0
node 1479 1 0 0
node 1531 3 0 0
node 1683 1 0 0
node 1735 2 0 0
node 1875 1 0 0
node 2034 1 0 0
node 2142 1 0 0
node 2172 1 0 0
node 2206 1 0 0
node 2313 1 0 0
node 2332 1 0 0
node 2368 1 0 0
node 2491 1 0 0
node 2512 1 0 0
node 2530 1 0 0
node 2547 1 0 0
node 2692 1 0 0
node 2786 1 0 0
node 2912 1 0 0
node 3009 1 0 0
node 3108 1 0 0
node 3213 1 0 0
node 3249 1 0 0
node 3336 1 0 0
node 3356 1 0 0
node 3443 1 0 0
node 3469 1 0 0
node 3532 1 0 0
node 3658 1 0 0
node 3715 1 0 0
node 3733 1 0 0
gene 2 1 13 -76203 0 1 -76203 1
gene 3 2 13 -51141 0 2 -51141 1
gene 2 3 13 -238932 0 3 -238932 1
gene 3 4 13 -368844 0 4 -368844 1
gene 2 5 13 -221973 0 5 -221973 0
gene 4 6 13 98211 0 6 98211 1
gene 3 7 13 284085 0 7 284085 1
gene 2 8 13 -135198 0 8 -135198 0
gene 3 9 13 276156 0 9 276156 1
gene 2 10 13 -219237 0 10 -219237 1
gene 2 11 13 392822 0 11 392822 1
gene 4 12 13 566031 0 12 566031 1
gene 2 1 14 297924 0 13 297924 1
gene 2 2 14 -170748 0 14 -170748 1
gene 4 3 14 -605427 0 15 -605427 0
gene 4 4 14 1815 0 16 1815 1
gene 4 5 14 159204 0 17 159204 1
gene 3 6 14 -158697 0 18 -158697 0
gene 2 7 14 -534326 0 19 -534326 1
gene 1 8 14 416337 0 20 416337 0
gene 3 9 14 469146 0 21 469146 1
gene 1 10 14 662261 0 22 662261 0
gene 1 11 14 257712 0 23 257712 1
gene 4 12 14 -112119 0 24 -112119 1
gene 3 1 15 -98397 0 25 -98397 1
gene 3 2 15 524385 0 26 524385 1
gene 3 3 15 105690 0 27 105690 1
gene 3 4 15 -293541 0 28 -293541 1
gene 3 5 15 448635 0 29 448635 1
gene 1 6 15 28344 0 30 28344 1
gene 3 7 15 200523 0 31 200523 1
gene 3 8 15 361110 0 32 361110 1
gene 3 9 15 -800000 0 33 -800000 1
gene 3 10 15 87336 0 34 87336 0
gene 2 11 15 -100353 0 35 -100353 1
gene 4 12 15 550260 0 36 550260 0
gene 4 15 15 -549336 1 174 -549336 1
gene 3 8 121 245385 0 329 245385 0
gene 3 121 15 427692 0 330 427692 1
gene 2 5 121 240969 0 438 240969 1
gene 2 7 121 -96621 0 483 -96621 0
gene 4 4 235 483945 0 666 483945 1
gene 4 235 14 422241 0 667 422241 0
gene 1 1 235 -800000 0 753 -800000 1
gene 3 9 235 -59835 0 1108 -59835 1
gene 3 10 384 76473 0 1126 76473 1
gene 3 384 15 61929 0 1127 61929 1
gene 2 14 14 -94074 1 1197 -94074 1
gene 3 7 420 -450807 0 1239 -450807 0
gene 3 420 15 -103026 0 1240 -103026 0
gene 3 2 433 23049 0 1284 23049 1
gene 3 433 13 -308415 0 1285 -308415 1
gene 4 3 461 200076 0 1352 200076 1
gene 4 461 14 248970 0 1353 248970 1
gene 4 15 500 -108324 1 1453 -108324 1
gene 4 500 15 800000 0 1454 800000 0
gene 1 8 516 598082 0 1500 598082 1
gene 1 516 14 373230 0 1501 373230 0
gene 1 384 121 561885 0 1548 561885 1
gene 2 8 461 -80235 0 1965 -80235 1
gene 3 3 697 -36168 0 2038 -36168 1
gene 3 697 15 -173499 0 2039 -173499 0
gene 2 1 500 -52011 0 2133 -52011 1
gene 1 3 433 294153 0 2628 294153 1
gene 1 516 516 336285 1 2664 336285 1
gene 3 8 1018 -7338 0 2997 -7338 1
gene 3 1018 121 -334275 0 2998 -334275 0
gene 3 15 433 800000 0 3156 800000 1
gene 2 10 1130 124347 0 3329 124347 1
gene 1 1130 14 24948 0 3330 24948 1
gene 3 500 697 27240 0 3371 27240 1
gene 2 3 516 49164 0 3603 49164 1
gene 2 9 1323 98028 0 3885 98028 0
gene 2 1323 14 548106 0 3886 548106 1
gene 2 121 420 48963 0 3959 48963 1
gene 2 8 1393 198807 0 4093 198807 1
gene 2 1393 13 -492258 0 4094 -492258 0
gene 1 11 1479 -375969 0 4325 -375969 1
gene 1 1479 14 -41256 0 4326 -41256 1
gene 4 12 1531 24024 0 4477 24024 1
gene 4 1531 15 -240054 0 4478 -240054 1
gene 3 1393 433 201783 0 4734 201783 1
gene 2 1323 1683 740933 0 4950 740933 1
gene 2 1683 14 -238570 0 4951 -238570 1
gene 3 6 1735 -747200 0 5103 -747200 1
gene 3 1735 14 -30831 0 5104 -30831 1
gene 1 5 516 -122784 0 5346 -122784 1
gene 1 516 433 102633 0 5443 102633 1
gene 3 2 1875 412466 0 5505 412466 1
gene 3 1875 433 -77961 0 5506 -77961 1
gene 1 1683 461 -422313 0 5687 -422313 1
gene 1 516 121 18888 0 5877 18888 1
gene 3 3 2034 173124 0 5939 173124 1
gene 3 2034 697 20664 0 5940 20664 1
gene 3 5 1479 -414537 0 6157 -414537 1
gene 3 7 2142 -244650 0 6248 -244650 1
gene 3 2142 420 -556023 0 6249 -556023 1
gene 3 420 2172 47493 0 6332 47493 1
gene 3 2172 15 -426984 0 6333 -426984 1
gene 2 1735 1735 140826 1 6388 140826 1
gene 2 8 2206 -336258 0 6436 -336258 1
gene 1 2206 1393 -431694 0 6437 -431694 1
gene 2 121 2313 272898 0 6747 272898 1
gene 2 2313 420 487716 0 6748 487716 1
gene 2 9 2332 143355 0 6797 143355 0
gene 2 2332 1323 278820 0 6798 278820 1
gene 4 1323 2034 -800000 0 6848 -800000 1
gene 2 7 2368 273363 0 6897 273363 1
gene 2 2368 121 76488 0 6898 76488 1
gene 2 384 1531 -218859 0 7018 -218859 1
gene 2 2142 1018 -146523 0 7205 -146523 1
gene 3 2206 2034 502820 0 7245 502820 1
gene 2 7 2491 -265254 0 7283 -265254 1
gene 2 2491 2368 95829 0 7284 95829 1
gene 2 5 2512 -179019 0 7337 -179019 1
gene 2 2512 13 -800000 0 7338 -800000 0
gene 2 10 2530 365457 0 7387 365457 1
gene 2 2530 13 -448665 0 7388 -448665 1
gene 3 9 2547 -197652 0 7440 -197652 1
gene 3 2547 13 -576408 0 7441 -576408 1
gene 2 2530 1479 324651 0 7594 324651 0
gene 1 1479 2692 82728 0 7856 82728 1
gene 1 2692 14 133122 0 7857 133122 1
gene 3 4 1130 47943 0 7980 47943 1
gene 4 3 2786 -139125 0 8132 -139125 1
gene 4 2786 14 -10476 0 8133 -10476 0
gene 4 2547 1735 36576 0 8311 36576 1
gene 3 2692 461 46668 0 8358 46668 1
gene 4 500 2912 -177450 0 8507 -177450 1
gene 1 2912 15 -247260 0 8508 -247260 1
gene 1 2912 1130 114960 0 8750 114960 1
gene 2 2142 3009 -183120 0 8799 -183120 1
gene 2 3009 1018 -200148 0 8800 -200148 0
gene 3 2034 2034 136692 1 8851 136692 1
gene 2 2512 3108 14538 0 9104 14538 1
gene 2 3108 13 402780 0 9105 402780 1
gene 1 2491 235 -293070 0 9236 -293070 1
gene 2 9 3213 529710 0 9416 529710 1
gene 2 3213 2332 -41508 0 9417 -41508 1
gene 1 516 3249 18552 0 9516 18552 1
gene 1 3249 14 376782 0 9517 376782 1
gene 2 1393 3336 72093 0 9780 72093 1
gene 2 3336 13 34200 0 9781 34200 1
gene 2 2530 3356 -539472 0 9835 -539472 1
gene 2 3356 1479 -223926 0 9836 -223926 1
gene 3 2034 3443 -22758 1 10105 -22758 1
gene 3 3443 2034 244623 0 10106 244623 1
gene 3 697 3469 201252 0 10184 201252 1
gene 3 3469 15 121631 0 10185 121631 1
gene 3 3009 3009 44472 1 10235 44472 1
gene 2 3009 3532 -582794 0 10378 -582794 1
gene 2 3532 1018 -382227 0 10379 -382227 1
gene 1 10 3658 -117411 0 10754 -117411 1
gene 1 3658 14 -211326 0 10755 -211326 1
gene 2 1393 1323 -272415 0 10793 -272415 1
gene 4 2786 3715 -50118 0 10952 -50118 1
gene 4 3715 14 -152325 0 10953 -152325 1
gene 4 235 3733 42387 0 10999 42387 1
gene 4 3733 14 153714 0 11000 153714 1
gene 4 3715 2912 -295965 0 11218 -295965 1
genomeend 26


/* Organism #42 Fitness: 380.000000 Time: 0 */
/* Position #42*/
#1 x: 41 y: 37
#2 x: 83 y: 30
#3 x: 66 y: 18
#4 x: 56 y: 66
#5 x: 77 y: 72
#6 x: 28 y: 72
genomestart 42
trait 1 43007.000000 16300.000000 6994.000000 28041.000000 57524.000000 37112.000000 87908.000000 80535.000000 trait 2 0.000000 43855.000000 0.000000 95786.000000 51940.000000 72099.000000 50358.000000 23911.000000 trait 3 0.000000 0.000000 0.000000 100000.000000 0.000000 13538.000000 0.000000 30146.000000 trait 4 4.000000 0.000000 0.000000 36940.000000 0.000000 0.000000 43316.000000 37957.000000 node 1 4 1 3
node 2 4 1 1
node 3 1 1 1
node 4 1 1 1
node 5 1 1 1
node 6 2 1 1
node 7 4 1 1
node 8 4 1 1
node 9 2 1 1
node 10 1 1 1
node 11 2 1 1
node 12 4 1 1
node 13 2 0 2
node 14 1 0 2
node 15 3 0 2
node 121 1 0 0
node 235 1 0 0
node 384 1 0 0
node 420 1 0 0
node 433 1 0 0
node 461 1 0 0
node 500 1 0 0
node 516 1 0 0
node 697 3 0 0
node 1018 1 0 0
node 1130 1 0 0
node 1323 3 0 0
node 1393 1 0 0
node 1479 1 0 0
node 1531 4 0 0
node 1683 1 0 0
node 1735 1 0 0
node 1875 1 0 0
node 2034 1 0 0
node 2142 1 0 0
node 2172 1 0 0
node 2206 1 0 0
node 2313 1 0 0
node 2332 1 0 0
node 2368 3 0 0
node 2491 1 0 0
node 2512 1 0 0
node 2530 1 0 0
node 2547 1 0 0
node 2692 1 0 0
node 2786 1 0 0
node 2915 1 0 0
node 3042 1 0 0
node 3079 1 0 0
node 3409 1 0 0
node 3511 1 0 0
node 3548 1 0 0
node 3573 1 0 0
node 3618 1 0 0
node 3643 1 0 0
node 3681 1 0 0
node 3757 1 0 0
gene 2 1 13 -182910 0 1 -182910 1
gene 3 2 13 -56361 0 2 -56361 1
gene 2 3 13 327195 0 3 327195 1
gene 3 4 13 658886 0 4 658886 1
gene 2 5 13 -228654 0 5 -228654 0
gene 4 6 13 -126951 0 6 -126951 1
gene 3 7 13 -99822 0 7 -99822 1
gene 2 8 13 -104616 0 8 -104616 0
gene 3 9 13 -484635 0 9 -484635 1
gene 2 10 13 519645 0 10 519645 0
gene 2 11 13 -12444 0 11 -12444 1
gene 4 12 13 749172 0 12 749172 1
gene 2 1 14 -461252 0 13 -461252 1
gene 2 2 14 367194 0 14 367194 1
gene 4 3 14 318504 0 15 318504 1
gene 4 4 14 -372378 0 16 -372378 1
gene 4 5 14 -169440 0 17 -169440 1
gene 3 6 14 257292 0 18 257292 0
gene 2 7 14 -141585 0 19 -141585 1
gene 1 8 14 134559 0 20 134559 0
gene 3 9 14 107397 0 21 107397 1
gene 1 10 14 120903 0 22 120903 0
gene 1 11 14 470988 0 23 470988 1
gene 3 12 14 20289 0 24 20289 1
gene 3 1 15 -347265 0 25 -347265 1
gene 3 2 15 221220 0 26 221220 1
gene 3 3 15 -14679 0 27 -14679 0
gene 3 4 15 540293 0 28 540293 1
gene 3 5 15 463428 0 29 463428 1
gene 1 6 15 -703157 0 30 -703157 1
gene 3 7 15 -410826 0 31 -410826 1
gene 3 8 15 732860 0 32 732860 1
gene 3 9 15 415122 0 33 415122 1
gene 3 10 15 -456801 0 34 -456801 1
gene 2 11 15 292773 0 35 292773 0
gene 4 12 15 -141582 0 36 -141582 1
gene 4 15 15 -254160 1 174 -254160 1
gene 3 8 121 -562584 0 329 -562584 1
gene 3 121 15 -693347 0 330 -693347 1
gene 2 5 121 -333642 0 438 -333642 0
gene 2 7 121 -198791 0 483 -198791 0
gene 4 4 235 -143505 0 666 -143505 1
gene 4 235 14 52353 0 667 52353 1
gene 1 1 235 24579 0 753 24579 1
gene 3 9 235 518277 0 1108 518277 1
gene 3 10 384 -266823 0 1126 -266823 1
gene 3 384 15 -538881 0 1127 -538881 1
gene 2 14 14 107643 1 1197 107643 1
gene 3 7 420 356598 0 1239 356598 0
gene 3 420 15 109416 0 1240 109416 0
gene 3 2 433 633285 0 1284 633285 0
gene 3 433 13 -93990 0 1285 -93990 1
gene 4 3 461 219594 0 1352 219594 1
gene 4 461 14 800000 0 1353 800000 1
gene 4 15 500 -34479 1 1453 -34479 1
gene 4 500 15 -29769 0 1454 -29769 1
gene 1 8 516 276549 0 1500 276549 1
gene 1 516 14 -131508 0 1501 -131508 1
gene 1 384 121 648927 0 1548 648927 1
gene 2 8 461 53151 0 1965 53151 1
gene 3 3 697 800000 0 2038 800000 1
gene 3 697 15 348489 0 2039 348489 1
gene 2 1 500 241118 0 2133 241118 1
gene 1 3 433 -800000 0 2628 -800000 1
gene 1 516 516 -324186 1 2664 -324186 1
gene 3 8 1018 -65106 0 2997 -65106 1
gene 3 1018 121 646653 0 2998 646653 0
gene 3 15 433 -280452 0 3156 -280452 1
gene 1 10 1130 283335 0 3329 283335 1
gene 1 1130 14 -300792 0 3330 -300792 1
gene 3 500 697 -635607 0 3371 -635607 1
gene 2 3 516 318978 0 3603 318978 0
gene 2 9 1323 -231456 0 3885 -231456 0
gene 2 1323 14 753420 0 3886 753420 1
gene 2 121 420 531884 0 3959 531884 1
gene 2 8 1393 116154 0 4093 116154 1
gene 2 1393 13 482841 0 4094 482841 1
gene 1 11 1479 400476 0 4325 400476 1
gene 1 1479 14 -234969 0 4326 -234969 1
gene 4 12 1531 -139632 0 4477 -139632 1
gene 4 1531 15 -287775 0 4478 -287775 1
gene 3 1393 433 -249051 0 4734 -249051 1
gene 2 1323 1683 791294 0 4950 791294 1
gene 2 1683 14 459699 0 4951 459699 1
gene 3 6 1735 -107040 0 5103 -107040 0
gene 3 1735 14 445857 0 5104 445857 1
gene 1 5 516 -383535 0 5346 -383535 1
gene 1 516 433 -440328 0 5443 -440328 1
gene 3 2 1875 -687735 0 5505 -687735 1
gene 3 1875 433 -215610 0 5506 -215610 1
gene 1 1683 461 316893 0 5687 316893 1
gene 1 516 121 533934 0 5877 533934 1
gene 3 3 2034 -745860 0 5939 -745860 1
gene 3 2034 697 293835 0 5940 293835 1
gene 3 5 1479 -775620 0 6157 -775620 1
gene 3 7 2142 -226185 0 6248 -226185 1
gene 3 2142 420 528996 0 6249 528996 1
gene 3 420 2172 121707 0 6332 121707 1
gene 3 2172 15 -765093 0 6333 -765093 1
gene 2 1735 1735 -125376 1 6388 -125376 1
gene 2 8 2206 -68316 0 6436 -68316 1
gene 2 2206 1393 524595 0 6437 524595 1
gene 2 121 2313 -275562 0 6747 -275562 1
gene 2 2313 420 586662 0 6748 586662 1
gene 2 9 2332 -221682 0 6797 -221682 1
gene 2 2332 1323 -514151 0 6798 -514151 0
gene 4 1323 2034 136923 0 6848 136923 1
gene 2 7 2368 144045 0 6897 144045 1
gene 2 2368 121 215910 0 6898 215910 1
gene 2 384 1531 165978 0 7018 165978 1
gene 2 2142 1018 -526209 0 7205 -526209 1
gene 3 2206 2034 57390 0 7245 57390 1
gene 2 7 2491 -199149 0 7283 -199149 0
gene 2 2491 2368 -492828 0 7284 -492828 1
gene 2 5 2512 605162 0 7337 605162 1
gene 2 2512 13 -290142 0 7338 -290142 1
gene 2 10 2530 75162 0 7387 75162 1
gene 2 2530 13 -800000 0 7388 -800000 1
gene 3 9 2547 -407022 0 7440 -407022 1
gene 3 2547 13 316494 0 7441 316494 1
gene 2 2530 1479 -615918 0 7594 -615918 1
gene 1 1479 2692 66810 0 7856 66810 0
gene 1 2692 14 501288 0 7857 501288 1
gene 3 4 1130 727584 0 7980 727584 1
gene 4 3 2786 -609929 0 8132 -609929 1
gene 4 2786 14 356328 0 8133 356328 1
gene 3 384 384 315174 1 8429 315174 1
gene 2 3 2915 416898 0 8516 416898 1
gene 2 2915 516 78033 0 8517 78033 1
gene 4 433 433 -28215 1 8562 -28215 1
gene 2 2547 1479 -76596 0 8709 -76596 0
gene 3 2206 1683 -135981 0 8777 -135981 0
gene 2 5 3042 -179286 0 8890 -179286 1
gene 2 3042 121 -617589 0 8891 -617589 1
gene 1 1479 3079 90438 0 9004 90438 1
gene 1 3079 2692 -354912 0 9005 -354912 1
gene 4 516 2547 37752 0 9030 37752 1
gene 3 1875 2915 563487 0 9219 563487 1
gene 2 2 420 -411999 0 9364 -411999 1
gene 2 1735 1531 -335802 0 9549 -335802 1
gene 4 9 697 -25095 0 9875 -25095 1
gene 4 12 2786 415983 0 9948 415983 1
gene 2 2547 3409 -141630 0 10007 -141630 1
gene 2 3409 1479 -101904 0 10008 -101904 1
gene 2 8 500 114102 0 10064 114102 1
gene 3 2206 3511 -164178 0 10310 -164178 1
gene 3 3511 1683 7548 0 10311 7548 1
gene 2 2332 3548 269979 0 10423 269979 1
gene 2 3548 1323 -675 0 10424 -675 1
gene 1 10 461 412251 0 10464 412251 1
gene 2 11 3573 173766 0 10504 173766 1
gene 2 3573 15 278238 0 10505 278238 1
gene 3 6 3618 43563 0 10634 43563 1
gene 3 3618 1735 285210 0 10635 285210 1
gene 2 7 3643 275881 0 10711 275881 1
gene 2 3643 2491 -705378 0 10712 -705378 1
gene 1 10 3681 241509 0 10834 241509 1
gene 1 3681 14 -78000 0 10835 -78000 1
gene 3 2 3757 74392 0 11069 74392 1
gene 3 3757 433 -28965 0 11070 -28965 1
gene 2 1130 235 -159882 0 11106 -159882 1
gene 2 1735 3079 -77040 0 11155 -77040 1
genomeend 42


/* Organism #43 Fitness: 270.000000 Time: 0 */
/* Position #43*/
#1 x: 41 y: 37
#2 x: 83 y: 30
#3 x: 66 y: 18
#4 x: 56 y: 66
#5 x: 77 y: 72
#6 x: 28 y: 72
genomestart 43
trait 1 43007.000000 16300.000000 6994.000000 28041.000000 57524.000000 37112.000000 87908.000000 80535.000000 trait 2 87845.000000 24215.000000 61823.000000 33922.000000 0.000000 0.000000 0.000000 18399.000000 trait 3 0.000000 0.000000 44883.000000 9122.000000 65406.000000 0.000000 100000.000000 0.000000 trait 4 4.000000 0.000000 0.000000 36940.000000 0.000000 0.000000 43316.000000 37957.000000 node 1 4 1 3
node 2 4 1 1
node 3 1 1 1
node 4 1 1 1
node 5 1 1 1
node 6 2 1 1
node 7 4 1 1
node 8 4 1 1
node 9 2 1 1
node 10 1 1 1
node 11 2 1 1
node 12 4 1 1
node 13 2 0 2
node 14 1 0 2
node 15 3 0 2
node 121 1 0 0
node 235 1 0 0
node 384 1 0 0
node 420 1 0 0
node 433 1 0 0
node 461 1 0 0
node 500 1 0 0
node 516 1 0 0
node 697 3 0 0
node 1018 1 0 0
node 1130 1 0 0
node 1323 2 0 0
node 1393 1 0 0
node 1479 1 0 0
node 1531 3 0 0
node 1683 1 0 0
node 1735 1 0 0
node 1875 1 0 0
node 2034 1 0 0
node 2142 1 0 0
node 2172 1 0 0
node 2206 1 0 0
node 2313 1 0 0
node 2332 1 0 0
node 2368 1 0 0
node 2491 1 0 0
node 2512 1 0 0
node 2530 1 0 0
node 2547 1 0 0
node 2692 1 0 0
node 2786 1 0 0
node 2912 1 0 0
node 3009 1 0 0
node 3108 1 0 0
node 3213 1 0 0
node 3249 1 0 0
node 3354 1 0 0
node 3379 1 0 0
node 3455 1 0 0
node 3468 1 0 0
node 3554 4 0 0
node 3633 1 0 0
node 3647 1 0 0
node 3740 1 0 0
gene 2 1 13 -327576 0 1 -327576 1
gene 3 2 13 -373077 0 2 -373077 1
gene 2 3 13 500834 0 3 500834 1
gene 3 4 13 -318633 0 4 -318633 0
gene 2 5 13 500682 0 5 500682 0
gene 4 6 13 -346623 0 6 -346623 1
gene 3 7 13 -291950 0 7 -291950 0
gene 2 8 13 -103641 0 8 -103641 0
gene 3 9 13 -559095 0 9 -559095 1
gene 2 10 13 489210 0 10 489210 0
gene 2 11 13 -292917 0 11 -292917 1
gene 4 12 13 254583 0 12 254583 1
gene 2 1 14 617159 0 13 617159 1
gene 2 2 14 -224547 0 14 -224547 1
gene 4 3 14 -506244 0 15 -506244 0
gene 4 4 14 -331440 0 16 -331440 0
gene 4 5 14 55640 0 17 55640 1
gene 3 6 14 -205488 0 18 -205488 0
gene 2 7 14 -443997 0 19 -443997 1
gene 1 8 14 -48432 0 20 -48432 0
gene 3 9 14 193749 0 21 193749 1
gene 1 10 14 -363198 0 22 -363198 1
gene 1 11 14 -218889 0 23 -218889 1
gene 4 12 14 -676962 0 24 -676962 1
gene 3 1 15 36591 0 25 36591 1
gene 3 2 15 719072 0 26 719072 1
gene 3 3 15 153126 0 27 153126 0
gene 3 4 15 37113 0 28 37113 1
gene 3 5 15 428610 0 29 428610 1
gene 1 6 15 623675 0 30 623675 1
gene 3 7 15 -125373 0 31 -125373 1
gene 3 8 15 766379 0 32 766379 1
gene 3 9 15 -2844 0 33 -2844 1
gene 3 10 15 -269634 0 34 -269634 0
gene 2 11 15 102339 0 35 102339 1
gene 4 12 15 148143 0 36 148143 0
gene 4 15 15 -48144 1 174 -48144 0
gene 3 8 121 -124590 0 329 -124590 0
gene 3 121 15 -800000 0 330 -800000 1
gene 2 5 121 42864 0 438 42864 1
gene 2 7 121 -110259 0 483 -110259 0
gene 4 4 235 -186945 0 666 -186945 1
gene 4 235 14 235536 0 667 235536 1
gene 1 1 235 -70602 0 753 -70602 1
gene 3 9 235 800000 0 1108 800000 1
gene 3 10 384 607086 0 1126 607086 1
gene 3 384 15 218922 0 1127 218922 1
gene 2 14 14 -158925 1 1197 -158925 1
gene 3 7 420 526836 0 1239 526836 0
gene 3 420 15 -11847 0 1240 -11847 0
gene 3 2 433 -669252 0 1284 -669252 0
gene 3 433 13 -268263 0 1285 -268263 1
gene 4 3 461 -203169 0 1352 -203169 1
gene 4 461 14 513057 0 1353 513057 1
gene 4 15 500 253344 1 1453 253344 1
gene 4 500 15 -243381 0 1454 -243381 0
gene 1 8 516 -288003 0 1500 -288003 1
gene 1 516 14 90045 0 1501 90045 0
gene 1 384 121 582906 0 1548 582906 1
gene 2 8 461 362205 0 1965 362205 1
gene 3 3 697 -66120 0 2038 -66120 1
gene 3 697 15 -235458 0 2039 -235458 1
gene 2 1 500 -284601 0 2133 -284601 1
gene 1 3 433 -26940 0 2628 -26940 1
gene 1 516 516 -132138 1 2664 -132138 1
gene 3 8 1018 326181 0 2997 326181 1
gene 3 1018 121 -342882 0 2998 -342882 0
gene 3 15 433 439209 0 3156 439209 1
gene 1 10 1130 -143514 0 3329 -143514 1
gene 1 1130 14 -278628 0 3330 -278628 1
gene 3 500 697 574260 0 3371 574260 1
gene 2 3 516 270693 0 3603 270693 1
gene 2 9 1323 -102414 0 3885 -102414 0
gene 2 1323 14 -146823 0 3886 -146823 0
gene 2 121 420 800000 0 3959 800000 1
gene 2 8 1393 -800000 0 4093 -800000 1
gene 2 1393 13 64566 0 4094 64566 1
gene 1 11 1479 -95874 0 4325 -95874 1
gene 1 1479 14 160131 0 4326 160131 1
gene 4 12 1531 500466 0 4477 500466 1
gene 4 1531 15 314676 0 4478 314676 1
gene 3 1393 433 -668378 0 4734 -668378 1
gene 2 1323 1683 -204102 0 4950 -204102 1
gene 2 1683 14 95541 0 4951 95541 1
gene 3 6 1735 624690 0 5103 624690 1
gene 3 1735 14 323370 0 5104 323370 1
gene 1 5 516 -429468 0 5346 -429468 1
gene 1 516 433 52788 0 5443 52788 1
gene 3 2 1875 -800000 0 5505 -800000 1
gene 3 1875 433 -283506 0 5506 -283506 1
gene 1 1683 461 -750857 0 5687 -750857 0
gene 1 516 121 168741 0 5877 168741 0
gene 3 3 2034 -198984 0 5939 -198984 1
gene 3 2034 697 -193698 0 5940 -193698 1
gene 3 5 1479 -131025 0 6157 -131025 1
gene 3 7 2142 -301791 0 6248 -301791 1
gene 1 2142 420 -200799 0 6249 -200799 1
gene 3 420 2172 -555065 0 6332 -555065 1
gene 3 2172 15 295950 0 6333 295950 1
gene 2 1735 1735 26298 1 6388 26298 1
gene 2 8 2206 -122703 0 6436 -122703 0
gene 2 2206 1393 262158 0 6437 262158 1
gene 2 121 2313 29850 0 6747 29850 1
gene 2 2313 420 -343728 0 6748 -343728 1
gene 2 9 2332 757181 0 6797 757181 0
gene 2 2332 1323 -554103 0 6798 -554103 1
gene 4 1323 2034 9693 0 6848 9693 0
gene 2 7 2368 -149655 0 6897 -149655 1
gene 2 2368 121 -354359 0 6898 -354359 1
gene 2 384 1531 -39465 0 7018 -39465 1
gene 2 2142 1018 -607770 0 7205 -607770 0
gene 3 2206 2034 -416454 0 7245 -416454 1
gene 2 7 2491 310431 0 7283 310431 1
gene 2 2491 2368 -46143 0 7284 -46143 1
gene 2 5 2512 36117 0 7337 36117 1
gene 2 2512 13 -474096 0 7338 -474096 0
gene 2 10 2530 -404481 0 7387 -404481 1
gene 2 2530 13 -418017 0 7388 -418017 1
gene 3 9 2547 800000 0 7440 800000 1
gene 3 2547 13 263268 0 7441 263268 1
gene 2 2530 1479 -188292 0 7594 -188292 1
gene 1 1479 2692 266571 0 7856 266571 1
gene 1 2692 14 209796 0 7857 209796 0
gene 4 4 1130 -536726 0 7980 -536726 1
gene 4 3 2786 647492 0 8132 647492 1
gene 4 2786 14 -274422 0 8133 -274422 1
gene 4 2547 1735 337272 0 8311 337272 1
gene 3 2692 461 365328 0 8358 365328 1
gene 4 500 2912 -164721 0 8507 -164721 1
gene 1 2912 15 244737 0 8508 244737 1
gene 1 2912 1130 303288 0 8750 303288 1
gene 2 2142 3009 -290094 0 8799 -290094 1
gene 2 3009 1018 -92196 0 8800 -92196 1
gene 3 2034 2034 -14301 1 8851 -14301 1
gene 2 2512 3108 37503 0 9104 37503 1
gene 2 3108 13 133179 0 9105 133179 1
gene 1 2491 235 268467 0 9236 268467 1
gene 2 9 3213 16161 0 9416 16161 1
gene 2 3213 2332 -167292 0 9417 -167292 1
gene 1 516 3249 91230 0 9516 91230 1
gene 1 3249 14 344577 0 9517 344577 1
gene 4 3 1393 261267 0 9617 261267 1
gene 2 3108 2912 186237 0 9658 186237 1
gene 1 1683 3354 62814 0 9826 62814 1
gene 1 3354 461 -359817 0 9827 -359817 1
gene 1 2692 3379 151059 0 9920 151059 1
gene 1 3379 14 603687 0 9921 603687 1
gene 2 10 2547 274968 0 9957 274968 1
gene 4 2530 2530 113283 1 10098 113283 1
gene 2 8 3455 147618 0 10143 147618 1
gene 2 3455 2206 -154056 0 10144 -154056 1
gene 4 1323 3468 -19698 0 10182 -19698 1
gene 4 3468 2034 194565 0 10183 194565 1
gene 2 516 1479 -258498 0 10234 -258498 1
gene 1 2491 3379 357825 0 10402 357825 1
gene 1 516 3554 -140999 0 10449 -140999 1
gene 1 3554 121 69531 0 10450 69531 1
gene 3 2 3633 313632 0 10678 313632 1
gene 3 3633 433 -16827 0 10679 -16827 1
gene 3 7 3647 17775 0 10722 17775 1
gene 3 3647 13 -610277 0 10723 -610277 1
gene 2 13 461 323789 0 10778 323789 1
gene 3 4 3740 -192570 0 11018 -192570 1
gene 3 3740 13 114297 0 11019 114297 1
genomeend 43


/* Organism #44 Fitness: 330.000000 Time: 0 */
/* Position #44*/
#1 x: 68 y: 15
#2 x: 19 y: 27
#3 x: 44 y: 37
#4 x: 17 y: 60
#5 x: 41 y: 79
#6 x: 55 y: 71
genomestart 44
trait 1 78708.000000 100000.000000 6994.000000 0.000000 57524.000000 100000.000000 87908.000000 100000.000000 trait 2 30533.000000 24215.000000 70868.000000 0.000000 0.000000 0.000000 0.000000 18399.000000 trait 3 0.000000 0.000000 44883.000000 65858.000000 41337.000000 0.000000 100000.000000 41343.000000 trait 4 4.000000 0.000000 0.000000 36940.000000 0.000000 0.000000 0.000000 37957.000000 node 1 4 1 3
node 2 4 1 1
node 3 1 1 1
node 4 1 1 1
node 5 1 1 1
node 6 2 1 1
node 7 4 1 1
node 8 4 1 1
node 9 2 1 1
node 10 1 1 1
node 11 2 1 1
node 12 4 1 1
node 13 2 0 2
node 14 1 0 2
node 15 3 0 2
node 121 1 0 0
node 235 1 0 0
node 384 2 0 0
node 420 1 0 0
node 433 1 0 0
node 461 1 0 0
node 500 1 0 0
node 516 1 0 0
node 697 3 0 0
node 1018 1 0 0
node 1130 1 0 0
node 1323 3 0 0
node 1393 1 0 0
node 1479 1 0 0
node 1531 3 0 0
node 1683 1 0 0
node 1735 1 0 0
node 1875 1 0 0
node 2034 1 0 0
node 2142 1 0 0
node 2172 1 0 0
node 2206 1 0 0
node 2313 1 0 0
node 2332 1 0 0
node 2368 4 0 0
node 2491 1 0 0
node 2512 1 0 0
node 2530 1 0 0
node 2547 1 0 0
node 2692 1 0 0
node 2786 1 0 0
node 2912 1 0 0
node 3009 1 0 0
node 3108 1 0 0
node 3213 1 0 0
node 3249 1 0 0
node 3336 1 0 0
node 3356 1 0 0
node 3443 1 0 0
node 3469 1 0 0
node 3532 1 0 0
node 3792 1 0 0
gene 2 1 13 -756294 0 1 -756294 1
gene 3 2 13 800000 0 2 800000 1
gene 2 3 13 352572 0 3 352572 1
gene 3 4 13 800000 0 4 800000 1
gene 2 5 13 -286623 0 5 -286623 0
gene 4 6 13 21654 0 6 21654 1
gene 3 7 13 -271606 0 7 -271606 1
gene 2 8 13 -438513 0 8 -438513 0
gene 3 9 13 -156516 0 9 -156516 1
gene 2 10 13 159018 0 10 159018 1
gene 2 11 13 313725 0 11 313725 1
gene 4 12 13 20706 0 12 20706 1
gene 2 1 14 -495429 0 13 -495429 1
gene 2 2 14 48729 0 14 48729 1
gene 4 3 14 204072 0 15 204072 0
gene 4 4 14 646575 0 16 646575 1
gene 4 5 14 -564234 0 17 -564234 1
gene 3 6 14 -362505 0 18 -362505 0
gene 2 7 14 -305832 0 19 -305832 1
gene 1 8 14 -262479 0 20 -262479 0
gene 3 9 14 -142812 0 21 -142812 1
gene 1 10 14 -455946 0 22 -455946 1
gene 1 11 14 -191601 0 23 -191601 1
gene 4 12 14 -251016 0 24 -251016 1
gene 3 1 15 124116 0 25 124116 1
gene 3 2 15 -401991 0 26 -401991 1
gene 3 3 15 -549187 0 27 -549187 1
gene 3 4 15 -534530 0 28 -534530 1
gene 3 5 15 243536 0 29 243536 1
gene 1 6 15 -481776 0 30 -481776 1
gene 3 7 15 -91050 0 31 -91050 1
gene 3 8 15 365547 0 32 365547 1
gene 3 9 15 -219561 0 33 -219561 1
gene 3 10 15 -695529 0 34 -695529 0
gene 2 11 15 -566717 0 35 -566717 1
gene 4 12 15 -189741 0 36 -189741 0
gene 4 15 15 -527823 1 174 -527823 1
gene 3 8 121 -113802 0 329 -113802 0
gene 3 121 15 -72210 0 330 -72210 1
gene 2 5 121 -61407 0 438 -61407 1
gene 2 7 121 -601922 0 483 -601922 0
gene 4 4 235 477881 0 666 477881 1
gene 4 235 14 -162915 0 667 -162915 1
gene 1 1 235 -161598 0 753 -161598 1
gene 3 9 235 159060 0 1108 159060 1
gene 3 10 384 -550811 0 1126 -550811 1
gene 3 384 15 -58626 0 1127 -58626 1
gene 2 14 14 351342 1 1197 351342 1
gene 3 7 420 -257106 0 1239 -257106 0
gene 3 420 15 -388080 0 1240 -388080 0
gene 3 2 433 -270573 0 1284 -270573 1
gene 3 433 13 -330594 0 1285 -330594 1
gene 4 3 461 -685241 0 1352 -685241 1
gene 4 461 14 -458415 0 1353 -458415 1
gene 4 15 500 -309936 1 1453 -309936 1
gene 4 500 15 627012 0 1454 627012 0
gene 1 8 516 33930 0 1500 33930 1
gene 1 516 14 92352 0 1501 92352 0
gene 1 384 121 -314799 0 1548 -314799 1
gene 2 8 461 800000 0 1965 800000 1
gene 3 3 697 -16527 0 2038 -16527 1
gene 3 697 15 584189 0 2039 584189 0
gene 2 1 500 -257274 0 2133 -257274 1
gene 1 3 433 378402 0 2628 378402 1
gene 1 516 516 -800000 1 2664 -800000 1
gene 3 8 1018 -284736 0 2997 -284736 1
gene 3 1018 121 -276633 0 2998 -276633 0
gene 3 15 433 800000 0 3156 800000 1
gene 2 10 1130 591057 0 3329 591057 1
gene 1 1130 14 378198 0 3330 378198 1
gene 3 500 697 -27615 0 3371 -27615 1
gene 2 3 516 -398799 0 3603 -398799 1
gene 2 9 1323 333216 0 3885 333216 0
gene 2 1323 14 -331242 0 3886 -331242 1
gene 2 121 420 -800000 0 3959 -800000 1
gene 2 8 1393 -196380 0 4093 -196380 1
gene 2 1393 13 -46158 0 4094 -46158 0
gene 1 11 1479 -315636 0 4325 -315636 1
gene 1 1479 14 -51705 0 4326 -51705 1
gene 4 12 1531 91611 0 4477 91611 1
gene 4 1531 15 -54543 0 4478 -54543 1
gene 3 1393 433 -411873 0 4734 -411873 1
gene 2 1323 1683 139728 0 4950 139728 1
gene 2 1683 14 36111 0 4951 36111 1
gene 3 6 1735 -157338 0 5103 -157338 1
gene 3 1735 14 -191322 0 5104 -191322 1
gene 1 5 516 -92988 0 5346 -92988 1
gene 1 516 433 -221934 0 5443 -221934 1
gene 3 2 1875 746921 0 5505 746921 1
gene 3 1875 433 -297990 0 5506 -297990 1
gene 1 1683 461 -445899 0 5687 -445899 1
gene 1 516 121 -144006 0 5877 -144006 1
gene 3 3 2034 -800000 0 5939 -800000 1
gene 3 2034 697 -276273 0 5940 -276273 1
gene 3 5 1479 292866 0 6157 292866 1
gene 3 7 2142 -647756 0 6248 -647756 1
gene 3 2142 420 800000 0 6249 800000 1
gene 3 420 2172 -606872 0 6332 -606872 1
gene 3 2172 15 -206058 0 6333 -206058 1
gene 2 1735 1735 194493 1 6388 194493 1
gene 2 8 2206 -228657 0 6436 -228657 1
gene 1 2206 1393 103581 0 6437 103581 0
gene 2 121 2313 453840 0 6747 453840 1
gene 2 2313 420 387546 0 6748 387546 1
gene 2 9 2332 -30693 0 6797 -30693 0
gene 2 2332 1323 -388899 0 6798 -388899 1
gene 4 1323 2034 -513797 0 6848 -513797 1
gene 2 7 2368 334947 0 6897 334947 1
gene 2 2368 121 800000 0 6898 800000 1
gene 2 384 1531 203922 0 7018 203922 1
gene 2 2142 1018 157733 0 7205 157733 1
gene 3 2206 2034 -326049 0 7245 -326049 1
gene 2 7 2491 330669 0 7283 330669 1
gene 2 2491 2368 115221 0 7284 115221 1
gene 2 5 2512 419112 0 7337 419112 1
gene 2 2512 13 -330626 0 7338 -330626 0
gene 2 10 2530 475731 0 7387 475731 1
gene 2 2530 13 -149022 0 7388 -149022 1
gene 3 9 2547 547256 0 7440 547256 1
gene 3 2547 13 504126 0 7441 504126 1
gene 2 2530 1479 -800000 0 7594 -800000 0
gene 1 1479 2692 308814 0 7856 308814 1
gene 1 2692 14 -151929 0 7857 -151929 1
gene 3 4 1130 103410 0 7980 103410 1
gene 4 3 2786 -439794 0 8132 -439794 1
gene 4 2786 14 231498 0 8133 231498 1
gene 4 2547 1735 -8511 0 8311 -8511 1
gene 3 2692 461 503853 0 8358 503853 1
gene 4 500 2912 25335 0 8507 25335 1
gene 1 2912 15 -287016 0 8508 -287016 1
gene 1 2912 1130 -516006 0 8750 -516006 1
gene 2 2142 3009 -724785 0 8799 -724785 1
gene 2 3009 1018 101520 0 8800 101520 0
gene 3 2034 2034 80082 1 8851 80082 1
gene 2 2512 3108 21873 0 9104 21873 1
gene 2 3108 13 291645 0 9105 291645 1
gene 1 2491 235 -156855 0 9236 -156855 1
gene 2 9 3213 -155922 0 9416 -155922 1
gene 2 3213 2332 100164 0 9417 100164 1
gene 1 516 3249 -206685 0 9516 -206685 1
gene 1 3249 14 -120309 0 9517 -120309 1
gene 2 1393 3336 -526044 0 9780 -526044 1
gene 2 3336 13 93201 0 9781 93201 1
gene 2 2530 3356 -89988 0 9835 -89988 1
gene 2 3356 1479 -283437 0 9836 -283437 1
gene 3 2034 3443 -359151 1 10105 -359151 1
gene 3 3443 2034 -107232 0 10106 -107232 1
gene 3 697 3469 91851 0 10184 91851 1
gene 3 3469 15 59790 0 10185 59790 1
gene 3 3009 3009 443685 1 10235 443685 1
gene 2 3009 3532 -436062 0 10378 -436062 1
gene 2 3532 1018 -201825 0 10379 -201825 1
gene 3 3108 2142 576360 0 10666 576360 1
gene 4 2313 3336 -149622 0 10820 -149622 1
gene 1 3009 516 183285 0 10909 183285 1
gene 1 2206 3792 159162 0 11168 159162 1
gene 1 3792 1393 101172 0 11169 101172 1
genomeend 44


/* Organism #46 Fitness: 340.000000 Time: 0 */
/* Position #46*/
#1 x: 36 y: 26
#2 x: 18 y: 17
#3 x: 75 y: 28
#4 x: 75 y: 79
#5 x: 49 y: 85
#6 x: 59 y: 66
genomestart 46
trait 1 43007.000000 16300.000000 6994.000000 28041.000000 57524.000000 37112.000000 87908.000000 80535.000000 trait 2 49209.000000 59812.000000 19254.000000 89259.000000 0.000000 0.000000 50358.000000 23911.000000 trait 3 0.000000 0.000000 0.000000 51304.000000 0.000000 13538.000000 70969.000000 30146.000000 trait 4 4.000000 0.000000 0.000000 36940.000000 0.000000 0.000000 43316.000000 37957.000000 node 1 4 1 3
node 2 4 1 1
node 3 1 1 1
node 4 1 1 1
node 5 1 1 1
node 6 2 1 1
node 7 4 1 1
node 8 4 1 1
node 9 2 1 1
node 10 1 1 1
node 11 2 1 1
node 12 4 1 1
node 13 2 0 2
node 14 1 0 2
node 15 3 0 2
node 121 1 0 0
node 235 1 0 0
node 384 1 0 0
node 420 1 0 0
node 433 1 0 0
node 461 1 0 0
node 500 1 0 0
node 516 1 0 0
node 697 3 0 0
node 1018 1 0 0
node 1130 1 0 0
node 1323 3 0 0
node 1393 1 0 0
node 1479 1 0 0
node 1531 4 0 0
node 1683 1 0 0
node 1735 1 0 0
node 1875 1 0 0
node 2034 1 0 0
node 2142 1 0 0
node 2172 1 0 0
node 2206 1 0 0
node 2313 1 0 0
node 2332 1 0 0
node 2368 3 0 0
node 2491 1 0 0
node 2512 1 0 0
node 2530 1 0 0
node 2547 1 0 0
node 2692 1 0 0
node 2786 1 0 0
node 2915 1 0 0
node 3042 1 0 0
node 3079 1 0 0
node 3409 1 0 0
node 3527 1 0 0
node 3557 1 0 0
node 3610 1 0 0
node 3642 1 0 0
node 3829 1 0 0
gene 2 1 13 42345 0 1 42345 1
gene 3 2 13 70644 0 2 70644 1
gene 2 3 13 291585 0 3 291585 0
gene 3 4 13 38541 0 4 38541 1
gene 2 5 13 -75477 0 5 -75477 0
gene 4 6 13 -180543 0 6 -180543 1
gene 3 7 13 -47097 0 7 -47097 1
gene 2 8 13 -264492 0 8 -264492 0
gene 3 9 13 558801 0 9 558801 1
gene 2 10 13 295707 0 10 295707 0
gene 2 11 13 -180072 0 11 -180072 1
gene 4 12 13 -36576 0 12 -36576 1
gene 2 1 14 382434 0 13 382434 1
gene 2 2 14 -722244 0 14 -722244 1
gene 4 3 14 276714 0 15 276714 1
gene 4 4 14 -800000 0 16 -800000 1
gene 4 5 14 604334 0 17 604334 1
gene 3 6 14 -362583 0 18 -362583 0
gene 2 7 14 228293 0 19 228293 1
gene 1 8 14 -428382 0 20 -428382 0
gene 3 9 14 42360 0 21 42360 1
gene 1 10 14 69126 0 22 69126 1
gene 1 11 14 6849 0 23 6849 1
gene 3 12 14 518163 0 24 518163 1
gene 3 1 15 -408918 0 25 -408918 1
gene 3 2 15 252678 0 26 252678 1
gene 3 3 15 246315 0 27 246315 0
gene 3 4 15 698499 0 28 698499 1
gene 3 5 15 -179142 0 29 -179142 1
gene 1 6 15 22095 0 30 22095 1
gene 3 7 15 5010 0 31 5010 1
gene 3 8 15 1965 0 32 1965 1
gene 3 9 15 -30951 0 33 -30951 1
gene 3 10 15 -675471 0 34 -675471 1
gene 2 11 15 -368925 0 35 -368925 1
gene 4 12 15 -800000 0 36 -800000 1
gene 4 15 15 -332724 1 174 -332724 1
gene 3 8 121 -412086 0 329 -412086 1
gene 3 121 15 -11175 0 330 -11175 1
gene 2 5 121 -171621 0 438 -171621 0
gene 2 7 121 -89763 0 483 -89763 0
gene 4 4 235 159267 0 666 159267 1
gene 4 235 14 -275571 0 667 -275571 1
gene 1 1 235 -495951 0 753 -495951 1
gene 3 9 235 342900 0 1108 342900 1
gene 3 10 384 -332217 0 1126 -332217 1
gene 3 384 15 408309 0 1127 408309 1
gene 2 14 14 -32190 1 1197 -32190 1
gene 3 7 420 -19758 0 1239 -19758 0
gene 3 420 15 324000 0 1240 324000 0
gene 3 2 433 -118116 0 1284 -118116 1
gene 3 433 13 96117 0 1285 96117 1
gene 4 3 461 168612 0 1352 168612 1
gene 4 461 14 -299004 0 1353 -299004 1
gene 4 15 500 -252639 1 1453 -252639 1
gene 4 500 15 -219759 0 1454 -219759 1
gene 1 8 516 -628308 0 1500 -628308 1
gene 1 516 14 -163788 0 1501 -163788 1
gene 1 384 121 -65271 0 1548 -65271 1
gene 2 8 461 -276 0 1965 -276 1
gene 3 3 697 323829 0 2038 323829 1
gene 3 697 15 -364461 0 2039 -364461 1
gene 2 1 500 800000 0 2133 800000 1
gene 1 3 433 103050 0 2628 103050 1
gene 1 516 516 200313 1 2664 200313 1
gene 3 8 1018 632709 0 2997 632709 1
gene 3 1018 121 108792 0 2998 108792 0
gene 3 15 433 312756 0 3156 312756 0
gene 1 10 1130 -318558 0 3329 -318558 1
gene 1 1130 14 161904 0 3330 161904 1
gene 3 500 697 43869 0 3371 43869 1
gene 2 3 516 -544716 0 3603 -544716 0
gene 2 9 1323 288375 0 3885 288375 0
gene 2 1323 14 293565 0 3886 293565 1
gene 2 121 420 472371 0 3959 472371 1
gene 2 8 1393 -148929 0 4093 -148929 1
gene 2 1393 13 -216978 0 4094 -216978 1
gene 1 11 1479 595512 0 4325 595512 0
gene 1 1479 14 63369 0 4326 63369 1
gene 4 12 1531 55986 0 4477 55986 1
gene 4 1531 15 304017 0 4478 304017 1
gene 3 1393 433 211257 0 4734 211257 1
gene 2 1323 1683 328941 0 4950 328941 1
gene 2 1683 14 404835 0 4951 404835 1
gene 3 6 1735 -133641 0 5103 -133641 1
gene 3 1735 14 -730635 0 5104 -730635 1
gene 1 5 516 -492126 0 5346 -492126 1
gene 1 516 433 401157 0 5443 401157 1
gene 3 2 1875 -178449 0 5505 -178449 1
gene 3 1875 433 -254196 0 5506 -254196 1
gene 1 1683 461 -800000 0 5687 -800000 1
gene 1 516 121 -800000 0 5877 -800000 1
gene 3 3 2034 -42594 0 5939 -42594 1
gene 3 2034 697 213579 0 5940 213579 1
gene 3 5 1479 -278028 0 6157 -278028 1
gene 3 7 2142 42972 0 6248 42972 1
gene 3 2142 420 -336288 0 6249 -336288 1
gene 3 420 2172 -578454 0 6332 -578454 1
gene 3 2172 15 -33696 0 6333 -33696 1
gene 2 1735 1735 -274302 1 6388 -274302 1
gene 2 8 2206 433032 0 6436 433032 1
gene 2 2206 1393 119328 0 6437 119328 1
gene 2 121 2313 -800000 0 6747 -800000 1
gene 2 2313 420 -227361 0 6748 -227361 1
gene 2 9 2332 290052 0 6797 290052 1
gene 2 2332 1323 362175 0 6798 362175 1
gene 4 1323 2034 -726969 0 6848 -726969 1
gene 2 7 2368 13455 0 6897 13455 0
gene 2 2368 121 177924 0 6898 177924 1
gene 2 384 1531 302844 0 7018 302844 0
gene 2 2142 1018 -274608 0 7205 -274608 1
gene 3 2206 2034 -177708 0 7245 -177708 1
gene 2 7 2491 -529838 0 7283 -529838 1
gene 2 2491 2368 -233643 0 7284 -233643 1
gene 2 5 2512 -429261 0 7337 -429261 1
gene 2 2512 13 657912 0 7338 657912 1
gene 2 10 2530 309738 0 7387 309738 1
gene 2 2530 13 -106641 0 7388 -106641 1
gene 3 9 2547 -330522 0 7440 -330522 1
gene 3 2547 13 122373 0 7441 122373 1
gene 2 2530 1479 -52635 0 7594 -52635 1
gene 1 1479 2692 -2802 0 7856 -2802 0
gene 1 2692 14 188724 0 7857 188724 1
gene 3 4 1130 -413160 0 7980 -413160 1
gene 4 3 2786 -223521 0 8132 -223521 1
gene 4 2786 14 423609 0 8133 423609 1
gene 3 384 384 19338 1 8429 19338 1
gene 2 3 2915 69309 0 8516 69309 1
gene 2 2915 516 -93078 0 8517 -93078 1
gene 4 433 433 -181194 1 8562 -181194 1
gene 2 2547 1479 175245 0 8709 175245 0
gene 3 2206 1683 4407 0 8777 4407 1
gene 2 5 3042 -26577 0 8890 -26577 1
gene 2 3042 121 21615 0 8891 21615 1
gene 1 1479 3079 188355 0 9004 188355 1
gene 1 3079 2692 -264333 0 9005 -264333 1
gene 4 516 2547 -177390 0 9030 -177390 1
gene 3 1875 2915 526455 0 9219 526455 1
gene 2 2 420 -580322 0 9364 -580322 1
gene 2 1735 1531 239166 0 9549 239166 1
gene 4 9 697 363384 0 9875 363384 1
gene 4 12 2786 13458 0 9948 13458 1
gene 2 2547 3409 669930 0 10007 669930 1
gene 2 3409 1479 -428526 0 10008 -428526 1
gene 2 8 500 -50901 0 10064 -50901 1
gene 2 3 3527 489423 0 10362 489423 1
gene 2 3527 13 -233412 0 10363 -233412 1
gene 3 500 500 -102342 1 10410 -102342 1
gene 2 384 3557 -30282 0 10455 -30282 1
gene 2 3557 1531 -358482 0 10456 -358482 1
gene 1 2491 1018 -88326 0 10493 -88326 1
gene 2 7 3610 232116 0 10603 232116 1
gene 2 3610 2368 -134115 0 10604 -134115 1
gene 1 2142 2142 -119928 1 10644 -119928 1
gene 3 15 3642 202938 0 10707 202938 1
gene 3 3642 433 237360 0 10708 237360 1
gene 3 2313 15 -496486 0 10762 -496486 1
gene 2 2332 1875 417459 0 11004 417459 1
gene 1 11 3829 1 0 11269 0 1
gene 1 3829 1479 595512 0 11270 0 1
genomeend 46


/* Organism #49 Fitness: 250.000000 Time: 0 */
/* Position #49*/
#1 x: 23 y: 19
#2 x: 51 y: 23
#3 x: 79 y: 28
#4 x: 18 y: 83
#5 x: 46 y: 69
#6 x: 79 y: 84
genomestart 49
trait 1 43007.000000 16300.000000 6994.000000 28041.000000 57524.000000 37112.000000 87908.000000 80535.000000 trait 2 0.000000 43855.000000 0.000000 95786.000000 51940.000000 72099.000000 50358.000000 23911.000000 trait 3 0.000000 0.000000 0.000000 51304.000000 0.000000 13538.000000 70969.000000 30146.000000 trait 4 4.000000 0.000000 0.000000 36940.000000 0.000000 0.000000 43316.000000 37957.000000 node 1 4 1 3
node 2 4 1 1
node 3 1 1 1
node 4 1 1 1
node 5 1 1 1
node 6 2 1 1
node 7 4 1 1
node 8 4 1 1
node 9 2 1 1
node 10 1 1 1
node 11 2 1 1
node 12 4 1 1
node 13 2 0 2
node 14 1 0 2
node 15 3 0 2
node 121 1 0 0
node 235 1 0 0
node 384 1 0 0
node 420 1 0 0
node 433 1 0 0
node 461 1 0 0
node 500 1 0 0
node 516 1 0 0
node 697 3 0 0
node 1018 1 0 0
node 1130 1 0 0
node 1323 3 0 0
node 1393 1 0 0
node 1479 1 0 0
node 1531 4 0 0
node 1683 1 0 0
node 1735 1 0 0
node 1875 1 0 0
node 2034 1 0 0
node 2142 1 0 0
node 2172 1 0 0
node 2206 1 0 0
node 2313 1 0 0
node 2332 1 0 0
node 2368 3 0 0
node 2491 1 0 0
node 2512 1 0 0
node 2530 1 0 0
node 2547 1 0 0
node 2692 1 0 0
node 2786 1 0 0
node 2915 1 0 0
node 3042 1 0 0
node 3079 1 0 0
node 3409 1 0 0
node 3527 1 0 0
node 3557 1 0 0
node 3610 1 0 0
node 3642 1 0 0
gene 2 1 13 -137016 0 1 -137016 1
gene 3 2 13 460119 0 2 460119 1
gene 2 3 13 -213348 0 3 -213348 0
gene 3 4 13 -562950 0 4 -562950 1
gene 2 5 13 76329 0 5 76329 0
gene 4 6 13 15213 0 6 15213 1
gene 3 7 13 -42048 0 7 -42048 1
gene 2 8 13 -333255 0 8 -333255 0
gene 3 9 13 523692 0 9 523692 1
gene 2 10 13 -92091 0 10 -92091 0
gene 2 11 13 -289584 0 11 -289584 1
gene 4 12 13 -7182 0 12 -7182 1
gene 2 1 14 250143 0 13 250143 1
gene 2 2 14 179025 0 14 179025 1
gene 4 3 14 60066 0 15 60066 1
gene 4 4 14 -496533 0 16 -496533 1
gene 4 5 14 545411 0 17 545411 1
gene 3 6 14 -620157 0 18 -620157 0
gene 2 7 14 -94665 0 19 -94665 1
gene 1 8 14 197064 0 20 197064 0
gene 3 9 14 304188 0 21 304188 1
gene 1 10 14 -373221 0 22 -373221 1
gene 1 11 14 -259719 0 23 -259719 1
gene 3 12 14 276516 0 24 276516 1
gene 3 1 15 -800000 0 25 -800000 1
gene 3 2 15 -112653 0 26 -112653 1
gene 3 3 15 175857 0 27 175857 0
gene 3 4 15 -29823 0 28 -29823 1
gene 3 5 15 -169788 0 29 -169788 1
gene 1 6 15 214458 0 30 214458 1
gene 3 7 15 238857 0 31 238857 1
gene 3 8 15 66864 0 32 66864 1
gene 3 9 15 -462714 0 33 -462714 1
gene 3 10 15 428484 0 34 428484 1
gene 2 11 15 66279 0 35 66279 1
gene 4 12 15 -399248 0 36 -399248 1
gene 4 15 15 -449592 1 174 -449592 1
gene 3 8 121 -59754 0 329 -59754 1
gene 3 121 15 -676020 0 330 -676020 1
gene 2 5 121 328533 0 438 328533 0
gene 2 7 121 -295527 0 483 -295527 0
gene 4 4 235 300612 0 666 300612 1
gene 4 235 14 -202905 0 667 -202905 1
gene 1 1 235 -183996 0 753 -183996 1
gene 3 9 235 769731 0 1108 769731 1
gene 3 10 384 -203715 0 1126 -203715 1
gene 3 384 15 141111 0 1127 141111 1
gene 2 14 14 238209 1 1197 238209 1
gene 3 7 420 -549485 0 1239 -549485 0
gene 3 420 15 342690 0 1240 342690 0
gene 3 2 433 -401493 0 1284 -401493 1
gene 3 433 13 -42402 0 1285 -42402 1
gene 4 3 461 1854 0 1352 1854 1
gene 4 461 14 404910 0 1353 404910 1
gene 4 15 500 389958 1 1453 389958 1
gene 4 500 15 -226416 0 1454 -226416 1
gene 1 8 516 -345534 0 1500 -345534 1
gene 1 516 14 -266262 0 1501 -266262 1
gene 1 384 121 240528 0 1548 240528 1
gene 2 8 461 -299760 0 1965 -299760 1
gene 3 3 697 3573 0 2038 3573 1
gene 3 697 15 223380 0 2039 223380 1
gene 2 1 500 800000 0 2133 800000 1
gene 1 3 433 167784 0 2628 167784 1
gene 1 516 516 -309450 1 2664 -309450 1
gene 3 8 1018 607284 0 2997 607284 1
gene 3 1018 121 134610 0 2998 134610 0
gene 3 15 433 -122310 0 3156 -122310 0
gene 1 10 1130 66339 0 3329 66339 1
gene 1 1130 14 58575 0 3330 58575 1
gene 3 500 697 364677 0 3371 364677 1
gene 2 3 516 -413874 0 3603 -413874 0
gene 2 9 1323 585183 0 3885 585183 0
gene 2 1323 14 6576 0 3886 6576 1
gene 2 121 420 800000 0 3959 800000 1
gene 2 8 1393 -428640 0 4093 -428640 1
gene 2 1393 13 449097 0 4094 449097 1
gene 1 11 1479 57978 0 4325 57978 1
gene 1 1479 14 93120 0 4326 93120 1
gene 4 12 1531 576576 0 4477 576576 1
gene 4 1531 15 -566130 0 4478 -566130 1
gene 3 1393 433 9588 0 4734 9588 1
gene 2 1323 1683 280353 0 4950 280353 1
gene 2 1683 14 767037 0 4951 767037 1
gene 3 6 1735 -800000 0 5103 -800000 1
gene 3 1735 14 -501762 0 5104 -501762 1
gene 1 5 516 -102501 0 5346 -102501 1
gene 1 516 433 407337 0 5443 407337 1
gene 3 2 1875 96492 0 5505 96492 1
gene 3 1875 433 -297285 0 5506 -297285 1
gene 1 1683 461 132423 0 5687 132423 1
gene 1 516 121 -800000 0 5877 -800000 1
gene 3 3 2034 471405 0 5939 471405 1
gene 3 2034 697 241584 0 5940 241584 1
gene 3 5 1479 -510528 0 6157 -510528 1
gene 3 7 2142 436683 0 6248 436683 1
gene 3 2142 420 -142020 0 6249 -142020 1
gene 3 420 2172 -127758 0 6332 -127758 1
gene 3 2172 15 297669 0 6333 297669 1
gene 2 1735 1735 255483 1 6388 255483 1
gene 2 8 2206 -18063 0 6436 -18063 1
gene 2 2206 1393 382077 0 6437 382077 1
gene 2 121 2313 38481 0 6747 38481 1
gene 2 2313 420 258672 0 6748 258672 1
gene 2 9 2332 -289674 0 6797 -289674 1
gene 2 2332 1323 214698 0 6798 214698 1
gene 4 1323 2034 -585446 0 6848 -585446 1
gene 2 7 2368 -52209 0 6897 -52209 0
gene 2 2368 121 80412 0 6898 80412 1
gene 2 384 1531 610176 0 7018 610176 0
gene 2 2142 1018 -418344 0 7205 -418344 1
gene 3 2206 2034 -207957 0 7245 -207957 1
gene 2 7 2491 -668634 0 7283 -668634 1
gene 2 2491 2368 -430809 0 7284 -430809 1
gene 2 5 2512 -175341 0 7337 -175341 1
gene 2 2512 13 234846 0 7338 234846 1
gene 2 10 2530 -329754 0 7387 -329754 1
gene 2 2530 13 117510 0 7388 117510 1
gene 3 9 2547 -477540 0 7440 -477540 1
gene 3 2547 13 -407250 0 7441 -407250 1
gene 2 2530 1479 -57855 0 7594 -57855 1
gene 1 1479 2692 355968 0 7856 355968 0
gene 1 2692 14 210366 0 7857 210366 1
gene 3 4 1130 -11568 0 7980 -11568 1
gene 4 3 2786 -44271 0 8132 -44271 1
gene 4 2786 14 290196 0 8133 290196 1
gene 3 384 384 194220 1 8429 194220 1
gene 2 3 2915 443202 0 8516 443202 1
gene 2 2915 516 -86673 0 8517 -86673 1
gene 4 433 433 -128940 1 8562 -128940 1
gene 2 2547 1479 -614370 0 8709 -614370 0
gene 3 2206 1683 -43533 0 8777 -43533 1
gene 2 5 3042 83229 0 8890 83229 1
gene 2 3042 121 -202779 0 8891 -202779 1
gene 1 1479 3079 -154272 0 9004 -154272 1
gene 1 3079 2692 -190950 0 9005 -190950 1
gene 4 516 2547 174903 0 9030 174903 1
gene 3 1875 2915 351201 0 9219 351201 1
gene 2 2 420 32316 0 9364 32316 1
gene 2 1735 1531 -75027 0 9549 -75027 1
gene 4 9 697 -338061 0 9875 -338061 1
gene 4 12 2786 -101541 0 9948 -101541 1
gene 2 2547 3409 239742 0 10007 239742 1
gene 2 3409 1479 135957 0 10008 135957 1
gene 2 8 500 172875 0 10064 172875 1
gene 2 3 3527 34122 0 10362 34122 1
gene 2 3527 13 521640 0 10363 521640 1
gene 3 500 500 -461208 1 10410 -461208 1
gene 2 384 3557 -96897 0 10455 -96897 1
gene 2 3557 1531 262140 0 10456 262140 1
gene 1 2491 1018 50154 0 10493 50154 1
gene 2 7 3610 -280715 0 10603 -280715 1
gene 2 3610 2368 -134919 0 10604 -134919 1
gene 1 2142 2142 27012 1 10644 27012 1
gene 3 15 3642 -447671 0 10707 -447671 1
gene 3 3642 433 59760 0 10708 59760 1
gene 3 2313 15 -414640 0 10762 -414640 1
gene 2 2332 1875 -73524 0 11004 -73524 1
genomeend 49


/* Organism #72 Fitness: 320.000000 Time: 0 */
/* Position #72*/
#1 x: 85 y: 40
#2 x: 23 y: 21
#3 x: 80 y: 39
#4 x: 35 y: 69
#5 x: 67 y: 83
#6 x: 83 y: 85
genomestart 72
trait 1 43007.000000 16300.000000 6994.000000 28041.000000 57524.000000 37112.000000 87908.000000 80535.000000 trait 2 0.000000 43855.000000 0.000000 95786.000000 51940.000000 72099.000000 50358.000000 23911.000000 trait 3 0.000000 0.000000 0.000000 100000.000000 0.000000 13538.000000 0.000000 30146.000000 trait 4 4.000000 0.000000 0.000000 36940.000000 0.000000 0.000000 43316.000000 37957.000000 node 1 4 1 3
node 2 4 1 1
node 3 1 1 1
node 4 1 1 1
node 5 1 1 1
node 6 2 1 1
node 7 4 1 1
node 8 4 1 1
node 9 2 1 1
node 10 1 1 1
node 11 2 1 1
node 12 4 1 1
node 13 2 0 2
node 14 1 0 2
node 15 3 0 2
node 121 1 0 0
node 235 1 0 0
node 384 1 0 0
node 420 1 0 0
node 433 1 0 0
node 461 1 0 0
node 500 1 0 0
node 516 1 0 0
node 697 3 0 0
node 1018 1 0 0
node 1130 1 0 0
node 1323 3 0 0
node 1393 1 0 0
node 1479 1 0 0
node 1531 4 0 0
node 1683 1 0 0
node 1735 1 0 0
node 1875 1 0 0
node 2034 1 0 0
node 2142 1 0 0
node 2172 1 0 0
node 2206 1 0 0
node 2313 1 0 0
node 2332 1 0 0
node 2368 3 0 0
node 2491 1 0 0
node 2512 1 0 0
node 2530 1 0 0
node 2547 1 0 0
node 2692 1 0 0
node 2786 1 0 0
node 2915 1 0 0
node 3042 1 0 0
node 3079 1 0 0
node 3409 1 0 0
node 3511 1 0 0
node 3548 1 0 0
node 3573 1 0 0
node 3618 1 0 0
node 3643 1 0 0
node 3681 1 0 0
node 3757 1 0 0
gene 2 1 13 -466554 0 1 -466554 1
gene 3 2 13 36270 0 2 36270 1
gene 2 3 13 210033 0 3 210033 1
gene 3 4 13 383348 0 4 383348 1
gene 2 5 13 -407742 0 5 -407742 0
gene 4 6 13 116130 0 6 116130 1
gene 3 7 13 -67923 0 7 -67923 1
gene 2 8 13 -185196 0 8 -185196 0
gene 3 9 13 -232452 0 9 -232452 1
gene 2 10 13 175539 0 10 175539 0
gene 2 11 13 287325 0 11 287325 1
gene 4 12 13 254352 0 12 254352 1
gene 2 1 14 -285881 0 13 -285881 1
gene 2 2 14 320808 0 14 320808 1
gene 4 3 14 81828 0 15 81828 1
gene 4 4 14 114456 0 16 114456 1
gene 4 5 14 -308466 0 17 -308466 1
gene 3 6 14 88029 0 18 88029 0
gene 2 7 14 798 0 19 798 1
gene 1 8 14 95088 0 20 95088 0
gene 3 9 14 -80328 0 21 -80328 1
gene 1 10 14 -6543 0 22 -6543 0
gene 1 11 14 686262 0 23 686262 1
gene 3 12 14 17424 0 24 17424 1
gene 3 1 15 -276930 0 25 -276930 1
gene 3 2 15 101973 0 26 101973 1
gene 3 3 15 384213 0 27 384213 0
gene 3 4 15 800000 0 28 800000 1
gene 3 5 15 -109377 0 29 -109377 1
gene 1 6 15 -312635 0 30 -312635 1
gene 3 7 15 -540000 0 31 -540000 1
gene 3 8 15 -287238 0 32 -287238 1
gene 3 9 15 80193 0 33 80193 1
gene 3 10 15 -396324 0 34 -396324 1
gene 2 11 15 296370 0 35 296370 0
gene 4 12 15 -505458 0 36 -505458 1
gene 4 15 15 -29619 1 174 -29619 1
gene 3 8 121 -484722 0 329 -484722 1
gene 3 121 15 -522149 0 330 -522149 1
gene 2 5 121 -246723 0 438 -246723 0
gene 2 7 121 -381860 0 483 -381860 0
gene 4 4 235 212985 0 666 212985 1
gene 4 235 14 166809 0 667 166809 1
gene 1 1 235 32379 0 753 32379 1
gene 3 9 235 230874 0 1108 230874 1
gene 3 10 384 77361 0 1126 77361 1
gene 3 384 15 -111705 0 1127 -111705 1
gene 2 14 14 -212757 1 1197 -212757 1
gene 3 7 420 326418 0 1239 326418 0
gene 3 420 15 -31551 0 1240 -31551 0
gene 3 2 433 672423 0 1284 672423 0
gene 3 433 13 -145398 0 1285 -145398 1
gene 4 3 461 -101202 0 1352 -101202 1
gene 4 461 14 494342 0 1353 494342 1
gene 4 15 500 -17793 1 1453 -17793 1
gene 4 500 15 -253995 0 1454 -253995 1
gene 1 8 516 -76806 0 1500 -76806 1
gene 1 516 14 -177636 0 1501 -177636 1
gene 1 384 121 800000 0 1548 800000 1
gene 2 8 461 -209112 0 1965 -209112 1
gene 3 3 697 800000 0 2038 800000 1
gene 3 697 15 263046 0 2039 263046 1
gene 2 1 500 -63618 0 2133 -63618 1
gene 1 3 433 -510741 0 2628 -510741 1
gene 1 516 516 113016 1 2664 113016 1
gene 3 8 1018 -334932 0 2997 -334932 1
gene 3 1018 121 454782 0 2998 454782 0
gene 3 15 433 -371811 0 3156 -371811 1
gene 1 10 1130 211431 0 3329 211431 1
gene 1 1130 14 -6189 0 3330 -6189 1
gene 3 500 697 -800000 0 3371 -800000 1
gene 2 3 516 -210918 0 3603 -210918 0
gene 2 9 1323 -169830 0 3885 -169830 0
gene 2 1323 14 519057 0 3886 519057 1
gene 2 121 420 390503 0 3959 390503 1
gene 2 8 1393 425499 0 4093 425499 1
gene 2 1393 13 -24603 0 4094 -24603 1
gene 1 11 1479 343665 0 4325 343665 1
gene 1 1479 14 -194193 0 4326 -194193 1
gene 4 12 1531 177744 0 4477 177744 1
gene 4 1531 15 5673 0 4478 5673 1
gene 3 1393 433 168951 0 4734 168951 1
gene 2 1323 1683 800000 0 4950 800000 1
gene 2 1683 14 526959 0 4951 526959 1
gene 3 6 1735 -480933 0 5103 -480933 0
gene 3 1735 14 288192 0 5104 288192 1
gene 1 5 516 -311718 0 5346 -311718 1
gene 1 516 433 75735 0 5443 75735 1
gene 3 2 1875 -592848 0 5505 -592848 1
gene 3 1875 433 94686 0 5506 94686 1
gene 1 1683 461 34629 0 5687 34629 1
gene 1 516 121 676200 0 5877 676200 1
gene 3 3 2034 -73866 0 5939 -73866 1
gene 3 2034 697 120843 0 5940 120843 1
gene 3 5 1479 -395787 0 6157 -395787 1
gene 3 7 2142 -172155 0 6248 -172155 1
gene 3 2142 420 -4050 0 6249 -4050 1
gene 3 420 2172 205263 0 6332 205263 1
gene 3 2172 15 242313 0 6333 242313 1
gene 2 1735 1735 35847 1 6388 35847 1
gene 2 8 2206 -59043 0 6436 -59043 1
gene 2 2206 1393 256320 0 6437 256320 1
gene 2 121 2313 -634215 0 6747 -634215 1
gene 2 2313 420 196572 0 6748 196572 1
gene 2 9 2332 276852 0 6797 276852 1
gene 2 2332 1323 -591464 0 6798 -591464 0
gene 4 1323 2034 304410 0 6848 304410 1
gene 2 7 2368 112041 0 6897 112041 1
gene 2 2368 121 156516 0 6898 156516 1
gene 2 384 1531 199176 0 7018 199176 1
gene 2 2142 1018 -227223 0 7205 -227223 1
gene 3 2206 2034 279003 0 7245 279003 1
gene 2 7 2491 -92451 0 7283 -92451 0
gene 2 2491 2368 -800000 0 7284 -800000 1
gene 2 5 2512 477860 0 7337 477860 1
gene 2 2512 13 -359367 0 7338 -359367 1
gene 2 10 2530 -254778 0 7387 -254778 1
gene 2 2530 13 -253458 0 7388 -253458 1
gene 3 9 2547 -176904 0 7440 -176904 1
gene 3 2547 13 506409 0 7441 506409 1
gene 2 2530 1479 215511 0 7594 215511 1
gene 1 1479 2692 132741 0 7856 132741 0
gene 1 2692 14 502464 0 7857 502464 1
gene 3 4 1130 232380 0 7980 232380 1
gene 4 3 2786 -682607 0 8132 -682607 1
gene 4 2786 14 373329 0 8133 373329 1
gene 3 384 384 509532 1 8429 509532 1
gene 2 3 2915 -109008 0 8516 -109008 1
gene 2 2915 516 602886 0 8517 602886 1
gene 4 433 433 207117 1 8562 207117 1
gene 2 2547 1479 -71220 0 8709 -71220 0
gene 3 2206 1683 244749 0 8777 244749 0
gene 2 5 3042 106902 0 8890 106902 1
gene 2 3042 121 -703749 0 8891 -703749 1
gene 1 1479 3079 189045 0 9004 189045 1
gene 1 3079 2692 -453306 0 9005 -453306 1
gene 4 516 2547 -629060 0 9030 -629060 1
gene 3 1875 2915 122697 0 9219 122697 1
gene 2 2 420 -272520 0 9364 -272520 1
gene 2 1735 1531 -43842 0 9549 -43842 1
gene 4 9 697 -180144 0 9875 -180144 1
gene 4 12 2786 800000 0 9948 800000 1
gene 2 2547 3409 -138777 0 10007 -138777 1
gene 2 3409 1479 243456 0 10008 243456 1
gene 2 8 500 -174591 0 10064 -174591 1
gene 3 2206 3511 199971 0 10310 199971 1
gene 3 3511 1683 156570 0 10311 156570 1
gene 2 2332 3548 -252510 0 10423 -252510 1
gene 2 3548 1323 -22317 0 10424 -22317 1
gene 1 10 461 505011 0 10464 505011 1
gene 2 11 3573 224754 0 10504 224754 1
gene 2 3573 15 375930 0 10505 375930 1
gene 3 6 3618 264972 0 10634 264972 1
gene 3 3618 1735 246255 0 10635 246255 1
gene 2 7 3643 657568 0 10711 657568 1
gene 2 3643 2491 -800000 0 10712 -800000 1
gene 1 10 3681 375372 0 10834 375372 1
gene 1 3681 14 -51735 0 10835 -51735 1
gene 3 2 3757 -193452 0 11069 -193452 1
gene 3 3757 433 167913 0 11070 167913 1
gene 2 1130 235 -388887 0 11106 -388887 1
gene 2 1735 3079 61008 0 11155 61008 1
genomeend 72


/* Organism #76 Fitness: 230.000000 Time: 0 */
/* Position #76*/
#1 x: 67 y: 38
#2 x: 21 y: 20
#3 x: 72 y: 16
#4 x: 85 y: 75
#5 x: 35 y: 79
#6 x: 62 y: 68
genomestart 76
trait 1 78708.000000 100000.000000 6994.000000 0.000000 57524.000000 100000.000000 87908.000000 100000.000000 trait 2 7350.000000 88783.000000 70868.000000 0.000000 0.000000 0.000000 54579.000000 18399.000000 trait 3 0.000000 0.000000 44883.000000 65858.000000 41337.000000 0.000000 100000.000000 41343.000000 trait 4 4.000000 0.000000 0.000000 36940.000000 0.000000 0.000000 0.000000 37957.000000 node 1 4 1 3
node 2 4 1 1
node 3 1 1 1
node 4 1 1 1
node 5 1 1 1
node 6 2 1 1
node 7 4 1 1
node 8 4 1 1
node 9 2 1 1
node 10 1 1 1
node 11 2 1 1
node 12 4 1 1
node 13 2 0 2
node 14 1 0 2
node 15 3 0 2
node 121 1 0 0
node 235 1 0 0
node 384 2 0 0
node 420 1 0 0
node 433 1 0 0
node 461 1 0 0
node 500 1 0 0
node 516 1 0 0
node 697 3 0 0
node 1018 1 0 0
node 1130 1 0 0
node 1323 3 0 0
node 1393 1 0 0
node 1479 1 0 0
node 1531 3 0 0
node 1683 1 0 0
node 1735 2 0 0
node 1875 1 0 0
node 2034 1 0 0
node 2142 1 0 0
node 2172 1 0 0
node 2206 1 0 0
node 2313 1 0 0
node 2332 1 0 0
node 2368 1 0 0
node 2491 1 0 0
node 2512 1 0 0
node 2530 1 0 0
node 2547 1 0 0
node 2692 1 0 0
node 2786 1 0 0
node 2912 1 0 0
node 3009 1 0 0
node 3108 1 0 0
node 3213 1 0 0
node 3249 1 0 0
node 3336 1 0 0
node 3356 1 0 0
node 3443 1 0 0
node 3469 1 0 0
node 3532 1 0 0
node 3658 1 0 0
node 3715 1 0 0
node 3733 1 0 0
node 3775 1 0 0
gene 2 1 13 -261243 0 1 -261243 1
gene 3 2 13 169911 0 2 169911 1
gene 2 3 13 355917 0 3 355917 1
gene 3 4 13 -614571 0 4 -614571 1
gene 2 5 13 -737298 0 5 -737298 0
gene 4 6 13 -651230 0 6 -651230 1
gene 3 7 13 -62550 0 7 -62550 1
gene 2 8 13 8523 0 8 8523 0
gene 3 9 13 368187 0 9 368187 1
gene 2 10 13 -499866 0 10 -499866 1
gene 2 11 13 799118 0 11 799118 1
gene 4 12 13 433704 0 12 433704 1
gene 2 1 14 60804 0 13 60804 1
gene 2 2 14 -238833 0 14 -238833 1
gene 4 3 14 127893 0 15 127893 0
gene 4 4 14 23091 0 16 23091 1
gene 4 5 14 327027 0 17 327027 1
gene 3 6 14 557091 0 18 557091 0
gene 2 7 14 -373881 0 19 -373881 1
gene 1 8 14 6969 0 20 6969 0
gene 3 9 14 -232104 0 21 -232104 1
gene 1 10 14 475808 0 22 475808 0
gene 1 11 14 -265569 0 23 -265569 1
gene 4 12 14 -317067 0 24 -317067 1
gene 3 1 15 40017 0 25 40017 1
gene 3 2 15 -357831 0 26 -357831 1
gene 3 3 15 -404553 0 27 -404553 1
gene 3 4 15 -149592 0 28 -149592 1
gene 3 5 15 212091 0 29 212091 1
gene 1 6 15 22935 0 30 22935 1
gene 3 7 15 269811 0 31 269811 0
gene 3 8 15 800000 0 32 800000 1
gene 3 9 15 -750992 0 33 -750992 1
gene 3 10 15 -20394 0 34 -20394 0
gene 2 11 15 -53178 0 35 -53178 1
gene 4 12 15 115119 0 36 115119 0
gene 4 15 15 -18957 1 174 -18957 1
gene 3 8 121 -64125 0 329 -64125 0
gene 3 121 15 -11463 0 330 -11463 1
gene 2 5 121 84987 0 438 84987 1
gene 2 7 121 603786 0 483 603786 0
gene 4 4 235 704861 0 666 704861 1
gene 4 235 14 -87399 0 667 -87399 0
gene 1 1 235 -699129 0 753 -699129 1
gene 3 9 235 105777 0 1108 105777 1
gene 3 10 384 -96282 0 1126 -96282 1
gene 3 384 15 156435 0 1127 156435 1
gene 2 14 14 -266601 1 1197 -266601 1
gene 3 7 420 -800000 0 1239 -800000 0
gene 3 420 15 -229008 0 1240 -229008 0
gene 3 2 433 -957 0 1284 -957 1
gene 3 433 13 169281 0 1285 169281 1
gene 4 3 461 -398058 0 1352 -398058 1
gene 4 461 14 -123141 0 1353 -123141 1
gene 4 15 500 21915 1 1453 21915 1
gene 4 500 15 609153 0 1454 609153 0
gene 1 8 516 -97380 0 1500 -97380 1
gene 1 516 14 295314 0 1501 295314 0
gene 1 384 121 601119 0 1548 601119 1
gene 2 8 461 -175398 0 1965 -175398 1
gene 3 3 697 103485 0 2038 103485 1
gene 3 697 15 335373 0 2039 335373 0
gene 2 1 500 -327582 0 2133 -327582 1
gene 1 3 433 26190 0 2628 26190 1
gene 1 516 516 22269 1 2664 22269 1
gene 3 8 1018 708402 0 2997 708402 1
gene 3 1018 121 -411360 0 2998 -411360 0
gene 3 15 433 -479082 0 3156 -479082 1
gene 2 10 1130 323301 0 3329 323301 1
gene 1 1130 14 262653 0 3330 262653 1
gene 3 500 697 394725 0 3371 394725 1
gene 2 3 516 138717 0 3603 138717 1
gene 2 9 1323 38328 0 3885 38328 0
gene 2 1323 14 -146247 0 3886 -146247 1
gene 2 121 420 -792366 0 3959 -792366 1
gene 2 8 1393 149865 0 4093 149865 1
gene 2 1393 13 329118 0 4094 329118 0
gene 1 11 1479 483093 0 4325 483093 1
gene 1 1479 14 107367 0 4326 107367 1
gene 4 12 1531 38865 0 4477 38865 1
gene 4 1531 15 -32391 0 4478 -32391 1
gene 3 1393 433 -652881 0 4734 -652881 1
gene 2 1323 1683 184284 0 4950 184284 1
gene 2 1683 14 191964 0 4951 191964 1
gene 3 6 1735 -146649 0 5103 -146649 1
gene 3 1735 14 800000 0 5104 800000 1
gene 1 5 516 63498 0 5346 63498 1
gene 1 516 433 -226476 0 5443 -226476 1
gene 3 2 1875 -111159 0 5505 -111159 1
gene 3 1875 433 -169725 0 5506 -169725 1
gene 1 1683 461 321744 0 5687 321744 1
gene 1 516 121 -139110 0 5877 -139110 1
gene 3 3 2034 17307 0 5939 17307 1
gene 3 2034 697 122517 0 5940 122517 1
gene 3 5 1479 -4098 0 6157 -4098 1
gene 3 7 2142 -288294 0 6248 -288294 1
gene 3 2142 420 -26751 0 6249 -26751 1
gene 3 420 2172 -362139 0 6332 -362139 1
gene 3 2172 15 -512652 0 6333 -512652 1
gene 2 1735 1735 239781 1 6388 239781 1
gene 2 8 2206 258138 0 6436 258138 1
gene 1 2206 1393 400761 0 6437 400761 1
gene 2 121 2313 -25611 0 6747 -25611 1
gene 2 2313 420 618561 0 6748 618561 1
gene 2 9 2332 425973 0 6797 425973 0
gene 2 2332 1323 289575 0 6798 289575 1
gene 4 1323 2034 -234699 0 6848 -234699 1
gene 2 7 2368 428970 0 6897 428970 1
gene 2 2368 121 304839 0 6898 304839 1
gene 2 384 1531 726366 0 7018 726366 1
gene 2 2142 1018 -216939 0 7205 -216939 1
gene 3 2206 2034 248694 0 7245 248694 1
gene 2 7 2491 298371 0 7283 298371 1
gene 2 2491 2368 -225228 0 7284 -225228 1
gene 2 5 2512 -208878 0 7337 -208878 1
gene 2 2512 13 -800000 0 7338 -800000 0
gene 2 10 2530 341490 0 7387 341490 1
gene 2 2530 13 -133032 0 7388 -133032 1
gene 3 9 2547 -198546 0 7440 -198546 1
gene 3 2547 13 590073 0 7441 590073 1
gene 2 2530 1479 426513 0 7594 426513 0
gene 1 1479 2692 90237 0 7856 90237 1
gene 1 2692 14 -283713 0 7857 -283713 1
gene 3 4 1130 208500 0 7980 208500 1
gene 4 3 2786 -234366 0 8132 -234366 1
gene 4 2786 14 -95499 0 8133 -95499 0
gene 4 2547 1735 599214 0 8311 599214 1
gene 3 2692 461 -570386 0 8358 -570386 1
gene 4 500 2912 -467856 0 8507 -467856 1
gene 1 2912 15 -359724 0 8508 -359724 1
gene 1 2912 1130 398004 0 8750 398004 1
gene 2 2142 3009 -253275 0 8799 -253275 1
gene 2 3009 1018 -74652 0 8800 -74652 0
gene 3 2034 2034 -225591 1 8851 -225591 1
gene 2 2512 3108 -316104 0 9104 -316104 1
gene 2 3108 13 326220 0 9105 326220 1
gene 1 2491 235 -14622 0 9236 -14622 1
gene 2 9 3213 392742 0 9416 392742 1
gene 2 3213 2332 526638 0 9417 526638 1
gene 1 516 3249 -154764 0 9516 -154764 1
gene 1 3249 14 -674232 0 9517 -674232 1
gene 2 1393 3336 116877 0 9780 116877 1
gene 2 3336 13 -337953 0 9781 -337953 1
gene 2 2530 3356 -84387 0 9835 -84387 1
gene 2 3356 1479 885 0 9836 885 1
gene 3 2034 3443 -386547 1 10105 -386547 1
gene 3 3443 2034 -132414 0 10106 -132414 1
gene 3 697 3469 449853 0 10184 449853 1
gene 3 3469 15 190266 0 10185 190266 1
gene 3 3009 3009 143397 1 10235 143397 1
gene 2 3009 3532 -800000 0 10378 -800000 1
gene 2 3532 1018 349989 0 10379 349989 1
gene 1 10 3658 438492 0 10754 438492 1
gene 1 3658 14 400257 0 10755 400257 1
gene 2 1393 1323 -138629 0 10793 -138629 1
gene 4 2786 3715 79627 0 10952 79627 1
gene 4 3715 14 771261 0 10953 771261 1
gene 4 235 3733 341992 0 10999 341992 1
gene 4 3733 14 -132681 0 11000 -132681 1
gene 3 7 3775 151375 0 11121 151375 1
gene 3 3775 15 195555 0 11122 195555 1
genomeend 76


/* Organism #78 Fitness: 380.000000 Time: 0 */
/* Position #78*/
#1 x: 78 y: 26
#2 x: 39 y: 26
#3 x: 63 y: 38
#4 x: 74 y: 61
#5 x: 60 y: 83
#6 x: 74 y: 71
genomestart 78
trait 1 43007.000000 16300.000000 6994.000000 28041.000000 57524.000000 37112.000000 87908.000000 80535.000000 trait 2 0.000000 43855.000000 0.000000 95786.000000 51940.000000 72099.000000 50358.000000 23911.000000 trait 3 0.000000 0.000000 0.000000 51304.000000 0.000000 13538.000000 70969.000000 30146.000000 trait 4 4.000000 0.000000 0.000000 36940.000000 0.000000 0.000000 43316.000000 37957.000000 node 1 4 1 3
node 2 4 1 1
node 3 1 1 1
node 4 1 1 1
node 5 1 1 1
node 6 2 1 1
node 7 4 1 1
node 8 4 1 1
node 9 2 1 1
node 10 1 1 1
node 11 2 1 1
node 12 4 1 1
node 13 2 0 2
node 14 1 0 2
node 15 3 0 2
node 121 1 0 0
node 235 1 0 0
node 384 1 0 0
node 420 1 0 0
node 433 1 0 0
node 461 1 0 0
node 500 1 0 0
node 516 1 0 0
node 697 3 0 0
node 1018 1 0 0
node 1130 1 0 0
node 1323 3 0 0
node 1393 1 0 0
node 1479 1 0 0
node 1531 4 0 0
node 1683 1 0 0
node 1735 1 0 0
node 1875 1 0 0
node 2034 1 0 0
node 2142 1 0 0
node 2172 1 0 0
node 2206 1 0 0
node 2313 1 0 0
node 2332 1 0 0
node 2368 3 0 0
node 2491 1 0 0
node 2512 1 0 0
node 2530 1 0 0
node 2547 1 0 0
node 2692 1 0 0
node 2786 1 0 0
node 2915 1 0 0
node 3042 1 0 0
node 3079 1 0 0
node 3409 1 0 0
node 3527 1 0 0
node 3557 1 0 0
node 3610 1 0 0
node 3642 1 0 0
gene 2 1 13 -103044 0 1 -103044 1
gene 3 2 13 620139 0 2 620139 1
gene 2 3 13 -305466 0 3 -305466 0
gene 3 4 13 209229 0 4 209229 1
gene 2 5 13 241494 0 5 241494 0
gene 4 6 13 -312666 0 6 -312666 1
gene 3 7 13 224172 0 7 224172 1
gene 2 8 13 -543006 0 8 -543006 0
gene 3 9 13 228447 0 9 228447 1
gene 2 10 13 12960 0 10 12960 0
gene 2 11 13 -83559 0 11 -83559 1
gene 4 12 13 137907 0 12 137907 1
gene 2 1 14 280779 0 13 280779 1
gene 2 2 14 202722 0 14 202722 1
gene 4 3 14 398697 0 15 398697 1
gene 4 4 14 198696 0 16 198696 1
gene 4 5 14 270440 0 17 270440 1
gene 3 6 14 180003 0 18 180003 0
gene 2 7 14 135909 0 19 135909 1
gene 1 8 14 -55404 0 20 -55404 0
gene 3 9 14 255387 0 21 255387 1
gene 1 10 14 -329865 0 22 -329865 1
gene 1 11 14 71550 0 23 71550 1
gene 3 12 14 196020 0 24 196020 1
gene 3 1 15 -800000 0 25 -800000 1
gene 3 2 15 -31476 0 26 -31476 1
gene 3 3 15 -228249 0 27 -228249 0
gene 3 4 15 -102183 0 28 -102183 1
gene 3 5 15 -492708 0 29 -492708 1
gene 1 6 15 195279 0 30 195279 1
gene 3 7 15 105702 0 31 105702 1
gene 3 8 15 226407 0 32 226407 1
gene 3 9 15 -49326 0 33 -49326 1
gene 3 10 15 6777 0 34 6777 1
gene 2 11 15 -176664 0 35 -176664 1
gene 4 12 15 -379901 0 36 -379901 1
gene 4 15 15 -353625 1 174 -353625 1
gene 3 8 121 -318864 0 329 -318864 1
gene 3 121 15 -715122 0 330 -715122 1
gene 2 5 121 4095 0 438 4095 0
gene 2 7 121 -407970 0 483 -407970 0
gene 4 4 235 274839 0 666 274839 1
gene 4 235 14 237336 0 667 237336 1
gene 1 1 235 19701 0 753 19701 1
gene 3 9 235 82014 0 1108 82014 1
gene 3 10 384 72090 0 1126 72090 1
gene 3 384 15 121146 0 1127 121146 1
gene 2 14 14 -245007 1 1197 -245007 1
gene 3 7 420 -597254 0 1239 -597254 0
gene 3 420 15 255375 0 1240 255375 0
gene 3 2 433 110190 0 1284 110190 1
gene 3 433 13 -121467 0 1285 -121467 1
gene 4 3 461 299877 0 1352 299877 1
gene 4 461 14 42705 0 1353 42705 1
gene 4 15 500 191640 1 1453 191640 1
gene 4 500 15 224592 0 1454 224592 1
gene 1 8 516 -145230 0 1500 -145230 1
gene 1 516 14 -92751 0 1501 -92751 1
gene 1 384 121 184659 0 1548 184659 1
gene 2 8 461 -74178 0 1965 -74178 1
gene 3 3 697 425310 0 2038 425310 1
gene 3 697 15 93348 0 2039 93348 1
gene 2 1 500 800000 0 2133 800000 1
gene 1 3 433 236985 0 2628 236985 1
gene 1 516 516 198519 1 2664 198519 1
gene 3 8 1018 54822 0 2997 54822 1
gene 3 1018 121 178377 0 2998 178377 0
gene 3 15 433 -103851 0 3156 -103851 0
gene 1 10 1130 313644 0 3329 313644 1
gene 1 1130 14 175893 0 3330 175893 1
gene 3 500 697 -113154 0 3371 -113154 1
gene 2 3 516 -575073 0 3603 -575073 0
gene 2 9 1323 115833 0 3885 115833 0
gene 2 1323 14 156201 0 3886 156201 1
gene 2 121 420 241953 0 3959 241953 1
gene 2 8 1393 -410310 0 4093 -410310 1
gene 2 1393 13 392175 0 4094 392175 1
gene 1 11 1479 33174 0 4325 33174 1
gene 1 1479 14 -186882 0 4326 -186882 1
gene 4 12 1531 472485 0 4477 472485 1
gene 4 1531 15 -141720 0 4478 -141720 1
gene 3 1393 433 -489711 0 4734 -489711 1
gene 2 1323 1683 -213141 0 4950 -213141 1
gene 2 1683 14 -5511 0 4951 -5511 1
gene 3 6 1735 -800000 0 5103 -800000 1
gene 3 1735 14 -127938 0 5104 -127938 1
gene 1 5 516 247929 0 5346 247929 1
gene 1 516 433 -85242 0 5443 -85242 1
gene 3 2 1875 -21126 0 5505 -21126 1
gene 3 1875 433 8850 0 5506 8850 1
gene 1 1683 461 177045 0 5687 177045 1
gene 1 516 121 -560435 0 5877 -560435 1
gene 3 3 2034 95373 0 5939 95373 1
gene 3 2034 697 -211896 0 5940 -211896 1
gene 3 5 1479 -14148 0 6157 -14148 1
gene 3 7 2142 226278 0 6248 226278 1
gene 3 2142 420 286425 0 6249 286425 1
gene 3 420 2172 153414 0 6332 153414 1
gene 3 2172 15 406185 0 6333 406185 1
gene 2 1735 1735 405504 1 6388 405504 1
gene 2 8 2206 173112 0 6436 173112 1
gene 2 2206 1393 509715 0 6437 509715 1
gene 2 121 2313 -99030 0 6747 -99030 1
gene 2 2313 420 197547 0 6748 197547 1
gene 2 9 2332 -389346 0 6797 -389346 1
gene 2 2332 1323 -36159 0 6798 -36159 1
gene 4 1323 2034 -71532 0 6848 -71532 1
gene 2 7 2368 -24105 0 6897 -24105 0
gene 2 2368 121 516465 0 6898 516465 1
gene 2 384 1531 239328 0 7018 239328 0
gene 2 2142 1018 -228582 0 7205 -228582 1
gene 3 2206 2034 150423 0 7245 150423 1
gene 2 7 2491 -668796 0 7283 -668796 1
gene 2 2491 2368 31653 0 7284 31653 1
gene 2 5 2512 -414402 0 7337 -414402 1
gene 2 2512 13 111096 0 7338 111096 1
gene 2 10 2530 -188466 0 7387 -188466 1
gene 2 2530 13 -259017 0 7388 -259017 1
gene 3 9 2547 -406782 0 7440 -406782 1
gene 3 2547 13 -88872 0 7441 -88872 1
gene 2 2530 1479 224082 0 7594 224082 1
gene 1 1479 2692 -55146 0 7856 -55146 0
gene 1 2692 14 -14592 0 7857 -14592 1
gene 3 4 1130 -84462 0 7980 -84462 1
gene 4 3 2786 148419 0 8132 148419 1
gene 4 2786 14 29106 0 8133 29106 1
gene 3 384 384 243519 1 8429 243519 1
gene 2 3 2915 449208 0 8516 449208 1
gene 2 2915 516 -303555 0 8517 -303555 1
gene 4 433 433 25926 1 8562 25926 1
gene 2 2547 1479 -547269 0 8709 -547269 0
gene 3 2206 1683 294321 0 8777 294321 1
gene 2 5 3042 216504 0 8890 216504 1
gene 2 3042 121 -485178 0 8891 -485178 1
gene 1 1479 3079 -280011 0 9004 -280011 1
gene 1 3079 2692 -517722 0 9005 -517722 1
gene 4 516 2547 51885 0 9030 51885 1
gene 3 1875 2915 397158 0 9219 397158 1
gene 2 2 420 393819 0 9364 393819 1
gene 2 1735 1531 -75027 0 9549 -75027 1
gene 4 9 697 161157 0 9875 161157 1
gene 4 12 2786 102324 0 9948 102324 1
gene 2 2547 3409 -219867 0 10007 -219867 1
gene 2 3409 1479 37485 0 10008 37485 1
gene 2 8 500 33855 0 10064 33855 1
gene 2 3 3527 77901 0 10362 77901 1
gene 2 3527 13 380604 0 10363 380604 1
gene 3 500 500 -265740 1 10410 -265740 1
gene 2 384 3557 -96897 0 10455 -96897 1
gene 2 3557 1531 52944 0 10456 52944 1
gene 1 2491 1018 -221040 0 10493 -221040 1
gene 2 7 3610 -257171 0 10603 -257171 1
gene 2 3610 2368 -6099 0 10604 -6099 1
gene 1 2142 2142 48699 1 10644 48699 1
gene 3 15 3642 -610118 0 10707 -610118 1
gene 3 3642 433 59760 0 10708 59760 1
gene 3 2313 15 -322999 0 10762 -322999 1
gene 2 2332 1875 140256 0 11004 140256 1
genomeend 78


