/* Organism #1 Fitness: 150.000000 Time: 0 */
/* Position #1*/
#1 x: 19 y: 33
#2 x: 44 y: 26
#3 x: 21 y: 39
#4 x: 74 y: 65
#5 x: 81 y: 72
#6 x: 53 y: 80
genomestart 1
node 1 1 1 3
node 2 2 1 1
node 3 4 1 1
node 4 1 1 1
node 5 3 1 1
node 6 2 1 1
node 7 3 1 1
node 8 4 1 1
node 9 3 1 1
node 10 4 1 1
node 11 2 1 1
node 12 3 1 1
node 13 4 0 2
node 14 4 0 2
node 15 3 0 2
gene 4 1 13 64284 0 1 64284 1
gene 1 2 13 29662 0 2 29662 1
gene 1 3 13 80163 0 3 80163 1
gene 2 4 13 8594 0 4 8594 1
gene 2 5 13 92380 0 5 92380 1
gene 4 6 13 -47912 0 6 -47912 1
gene 4 7 13 -88208 0 7 -88208 1
gene 2 8 13 -1655 0 8 -1655 1
gene 2 9 13 52359 0 9 52359 1
gene 3 10 13 -3102 0 10 -3102 1
gene 1 11 13 67084 0 11 67084 1
gene 2 12 13 -80334 0 12 -80334 1
gene 2 1 14 34343 0 13 34343 1
gene 2 2 14 20572 0 14 20572 1
gene 2 3 14 65967 0 15 65967 1
gene 2 4 14 -15821 0 16 -15821 1
gene 3 5 14 -369 0 17 -369 1
gene 2 6 14 -94214 0 18 -94214 1
gene 3 7 14 97186 0 19 97186 1
gene 1 8 14 54862 0 20 54862 1
gene 4 9 14 94729 0 21 94729 1
gene 2 10 14 49437 0 22 49437 1
gene 3 11 14 -78547 0 23 -78547 1
gene 4 12 14 75387 0 24 75387 1
gene 1 1 15 -12674 0 25 -12674 1
gene 2 2 15 -13362 0 26 -13362 1
gene 4 3 15 26578 0 27 26578 1
gene 4 4 15 45266 0 28 45266 1
gene 2 5 15 3647 0 29 3647 1
gene 4 6 15 90340 0 30 90340 1
gene 1 7 15 -56962 0 31 -56962 1
gene 3 8 15 43585 0 32 43585 1
gene 4 9 15 -63747 0 33 -63747 1
gene 1 10 15 75513 0 34 75513 1
gene 1 11 15 56703 0 35 56703 1
gene 1 12 15 -41585 0 36 -41585 1
genomeend 1


/* Organism #2 Fitness: 110.000000 Time: 0 */
/* Position #2*/
#1 x: 19 y: 33
#2 x: 44 y: 26
#3 x: 21 y: 39
#4 x: 74 y: 65
#5 x: 81 y: 72
#6 x: 53 y: 80
genomestart 2
node 1 4 1 3
node 2 3 1 1
node 3 1 1 1
node 4 3 1 1
node 5 3 1 1
node 6 2 1 1
node 7 3 1 1
node 8 3 1 1
node 9 3 1 1
node 10 4 1 1
node 11 3 1 1
node 12 3 1 1
node 13 2 0 2
node 14 2 0 2
node 15 4 0 2
gene 3 1 13 45535 0 1 45535 1
gene 2 2 13 -39298 0 2 -39298 1
gene 4 3 13 75318 0 3 75318 1
gene 1 4 13 82280 0 4 82280 1
gene 4 5 13 73204 0 5 73204 1
gene 4 6 13 1475 0 6 1475 1
gene 1 7 13 -27397 0 7 -27397 1
gene 2 8 13 89059 0 8 89059 1
gene 1 9 13 90978 0 9 90978 1
gene 1 10 13 -98855 0 10 -98855 1
gene 4 11 13 67166 0 11 67166 1
gene 1 12 13 -46838 0 12 -46838 1
gene 1 1 14 -25087 0 13 -25087 1
gene 2 2 14 51387 0 14 51387 1
gene 3 3 14 14849 0 15 14849 1
gene 1 4 14 83907 0 16 83907 1
gene 1 5 14 -28621 0 17 -28621 1
gene 3 6 14 -92574 0 18 -92574 1
gene 1 7 14 -14250 0 19 -14250 1
gene 3 8 14 -41133 0 20 -41133 1
gene 4 9 14 -6810 0 21 -6810 1
gene 4 10 14 17520 0 22 17520 1
gene 2 11 14 40109 0 23 40109 1
gene 2 12 14 97998 0 24 97998 1
gene 2 1 15 -5713 0 25 -5713 1
gene 3 2 15 35604 0 26 35604 1
gene 3 3 15 82499 0 27 82499 1
gene 3 4 15 75609 0 28 75609 1
gene 4 5 15 18650 0 29 18650 1
gene 2 6 15 -68558 0 30 -68558 1
gene 3 7 15 36309 0 31 36309 1
gene 2 8 15 -78333 0 32 -78333 1
gene 3 9 15 -3123 0 33 -3123 1
gene 2 10 15 -594 0 34 -594 1
gene 4 11 15 -3301 0 35 -3301 1
gene 2 12 15 47202 0 36 47202 1
genomeend 2


/* Organism #14 Fitness: 100.000000 Time: 0 */
/* Position #14*/
#1 x: 19 y: 33
#2 x: 44 y: 26
#3 x: 21 y: 39
#4 x: 74 y: 65
#5 x: 81 y: 72
#6 x: 53 y: 80
genomestart 14
node 1 3 1 3
node 2 3 1 1
node 3 1 1 1
node 4 2 1 1
node 5 4 1 1
node 6 4 1 1
node 7 3 1 1
node 8 4 1 1
node 9 4 1 1
node 10 3 1 1
node 11 4 1 1
node 12 1 1 1
node 13 2 0 2
node 14 2 0 2
node 15 1 0 2
gene 3 1 13 -15320 0 1 -15320 1
gene 3 2 13 -29084 0 2 -29084 1
gene 1 3 13 -66717 0 3 -66717 1
gene 4 4 13 -78031 0 4 -78031 1
gene 3 5 13 11224 0 5 11224 1
gene 3 6 13 -83089 0 6 -83089 1
gene 2 7 13 -88566 0 7 -88566 1
gene 3 8 13 78855 0 8 78855 1
gene 3 9 13 60803 0 9 60803 1
gene 4 10 13 -96371 0 10 -96371 1
gene 4 11 13 79482 0 11 79482 1
gene 1 12 13 53225 0 12 53225 1
gene 3 1 14 -91620 0 13 -91620 1
gene 2 2 14 33004 0 14 33004 1
gene 3 3 14 65156 0 15 65156 1
gene 1 4 14 98157 0 16 98157 1
gene 4 5 14 52289 0 17 52289 1
gene 4 6 14 -76080 0 18 -76080 1
gene 2 7 14 34231 0 19 34231 1
gene 1 8 14 -85619 0 20 -85619 1
gene 4 9 14 25198 0 21 25198 1
gene 2 10 14 12355 0 22 12355 1
gene 3 11 14 -26809 0 23 -26809 1
gene 3 12 14 -67637 0 24 -67637 1
gene 1 1 15 -50935 0 25 -50935 1
gene 2 2 15 -33734 0 26 -33734 1
gene 3 3 15 -57705 0 27 -57705 1
gene 3 4 15 -58185 0 28 -58185 1
gene 3 5 15 95630 0 29 95630 1
gene 4 6 15 -77432 0 30 -77432 1
gene 4 7 15 11084 0 31 11084 1
gene 1 8 15 55008 0 32 55008 1
gene 2 9 15 -93302 0 33 -93302 1
gene 2 10 15 -89814 0 34 -89814 1
gene 2 11 15 19096 0 35 19096 1
gene 2 12 15 -99816 0 36 -99816 1
genomeend 14


/* Organism #16 Fitness: 130.000000 Time: 0 */
/* Position #16*/
#1 x: 19 y: 33
#2 x: 44 y: 26
#3 x: 21 y: 39
#4 x: 74 y: 65
#5 x: 81 y: 72
#6 x: 53 y: 80
genomestart 16
node 1 3 1 3
node 2 2 1 1
node 3 4 1 1
node 4 1 1 1
node 5 2 1 1
node 6 2 1 1
node 7 2 1 1
node 8 3 1 1
node 9 4 1 1
node 10 4 1 1
node 11 1 1 1
node 12 4 1 1
node 13 4 0 2
node 14 3 0 2
node 15 2 0 2
gene 3 1 13 -89949 0 1 -89949 1
gene 4 2 13 87904 0 2 87904 1
gene 2 3 13 -64975 0 3 -64975 1
gene 3 4 13 -63517 0 4 -63517 1
gene 2 5 13 34406 0 5 34406 1
gene 2 6 13 17267 0 6 17267 1
gene 3 7 13 42249 0 7 42249 1
gene 3 8 13 937 0 8 937 1
gene 2 9 13 37980 0 9 37980 1
gene 3 10 13 -23543 0 10 -23543 1
gene 2 11 13 70875 0 11 70875 1
gene 1 12 13 -57092 0 12 -57092 1
gene 3 1 14 -29308 0 13 -29308 1
gene 2 2 14 -99645 0 14 -99645 1
gene 1 3 14 -26061 0 15 -26061 1
gene 2 4 14 -35368 0 16 -35368 1
gene 3 5 14 6679 0 17 6679 1
gene 2 6 14 -87524 0 18 -87524 1
gene 4 7 14 55167 0 19 55167 1
gene 4 8 14 -9551 0 20 -9551 1
gene 1 9 14 -57678 0 21 -57678 1
gene 4 10 14 96987 0 22 96987 1
gene 2 11 14 -48487 0 23 -48487 1
gene 2 12 14 -14884 0 24 -14884 1
gene 4 1 15 -47888 0 25 -47888 1
gene 1 2 15 69417 0 26 69417 1
gene 1 3 15 61362 0 27 61362 1
gene 4 4 15 -15877 0 28 -15877 1
gene 3 5 15 -77580 0 29 -77580 1
gene 1 6 15 -28257 0 30 -28257 1
gene 1 7 15 -84195 0 31 -84195 1
gene 2 8 15 -8713 0 32 -8713 1
gene 3 9 15 -43286 0 33 -43286 1
gene 1 10 15 45174 0 34 45174 1
gene 2 11 15 -83826 0 35 -83826 1
gene 4 12 15 94834 0 36 94834 1
genomeend 16


/* Organism #17 Fitness: 90.000000 Time: 0 */
/* Position #17*/
#1 x: 26 y: 34
#2 x: 80 y: 19
#3 x: 30 y: 31
#4 x: 25 y: 80
#5 x: 62 y: 66
#6 x: 24 y: 70
genomestart 17
node 1 1 1 3
node 2 3 1 1
node 3 1 1 1
node 4 1 1 1
node 5 4 1 1
node 6 1 1 1
node 7 3 1 1
node 8 3 1 1
node 9 4 1 1
node 10 1 1 1
node 11 2 1 1
node 12 4 1 1
node 13 3 0 2
node 14 2 0 2
node 15 3 0 2
gene 1 1 13 -35135 0 1 -35135 1
gene 4 2 13 23956 0 2 23956 1
gene 4 3 13 68093 0 3 68093 1
gene 4 4 13 -43360 0 4 -43360 1
gene 1 5 13 -59403 0 5 -59403 1
gene 4 6 13 52404 0 6 52404 1
gene 1 7 13 64064 0 7 64064 1
gene 4 8 13 96894 0 8 96894 1
gene 3 9 13 82403 0 9 82403 1
gene 2 10 13 -62938 0 10 -62938 1
gene 3 11 13 -86120 0 11 -86120 1
gene 3 12 13 82039 0 12 82039 1
gene 4 1 14 -80566 0 13 -80566 1
gene 4 2 14 -914 0 14 -914 1
gene 1 3 14 80615 0 15 80615 1
gene 2 4 14 68507 0 16 68507 1
gene 4 5 14 -97821 0 17 -97821 1
gene 3 6 14 -88974 0 18 -88974 1
gene 3 7 14 48438 0 19 48438 1
gene 2 8 14 7922 0 20 7922 1
gene 4 9 14 17514 0 21 17514 1
gene 4 10 14 17342 0 22 17342 1
gene 2 11 14 -51727 0 23 -51727 1
gene 1 12 14 -56893 0 24 -56893 1
gene 4 1 15 55392 0 25 55392 1
gene 2 2 15 -98964 0 26 -98964 1
gene 4 3 15 -13464 0 27 -13464 1
gene 1 4 15 19801 0 28 19801 1
gene 1 5 15 -33785 0 29 -33785 1
gene 4 6 15 64090 0 30 64090 1
gene 1 7 15 76108 0 31 76108 1
gene 3 8 15 -52193 0 32 -52193 1
gene 1 9 15 -90972 0 33 -90972 1
gene 1 10 15 35392 0 34 35392 1
gene 4 11 15 78698 0 35 78698 1
gene 2 12 15 88447 0 36 88447 1
genomeend 17


/* Organism #26 Fitness: 90.000000 Time: 0 */
/* Position #26*/
#1 x: 27 y: 25
#2 x: 84 y: 19
#3 x: 56 y: 18
#4 x: 26 y: 79
#5 x: 30 y: 74
#6 x: 53 y: 69
genomestart 26
node 1 1 1 3
node 2 2 1 1
node 3 4 1 1
node 4 3 1 1
node 5 1 1 1
node 6 3 1 1
node 7 3 1 1
node 8 2 1 1
node 9 4 1 1
node 10 1 1 1
node 11 2 1 1
node 12 3 1 1
node 13 2 0 2
node 14 1 0 2
node 15 2 0 2
gene 1 1 13 78393 0 1 78393 1
gene 2 2 13 46445 0 2 46445 1
gene 3 3 13 84125 0 3 84125 1
gene 3 4 13 4905 0 4 4905 1
gene 1 5 13 -83808 0 5 -83808 1
gene 4 6 13 35104 0 6 35104 1
gene 4 7 13 -9776 0 7 -9776 1
gene 4 8 13 -21514 0 8 -21514 1
gene 1 9 13 57136 0 9 57136 1
gene 3 10 13 -42137 0 10 -42137 1
gene 1 11 13 -43995 0 11 -43995 1
gene 4 12 13 -64842 0 12 -64842 1
gene 2 1 14 -51819 0 13 -51819 1
gene 2 2 14 -31606 0 14 -31606 1
gene 2 3 14 -29634 0 15 -29634 1
gene 4 4 14 -79785 0 16 -79785 1
gene 3 5 14 -36900 0 17 -36900 1
gene 3 6 14 61871 0 18 61871 1
gene 1 7 14 48635 0 19 48635 1
gene 2 8 14 -12299 0 20 -12299 1
gene 1 9 14 70073 0 21 70073 1
gene 1 10 14 -90787 0 22 -90787 1
gene 2 11 14 63764 0 23 63764 1
gene 2 12 14 -73977 0 24 -73977 1
gene 2 1 15 98388 0 25 98388 1
gene 4 2 15 -70446 0 26 -70446 1
gene 4 3 15 88609 0 27 88609 1
gene 3 4 15 -34207 0 28 -34207 1
gene 3 5 15 57264 0 29 57264 1
gene 2 6 15 1703 0 30 1703 1
gene 1 7 15 -45134 0 31 -45134 1
gene 1 8 15 -56787 0 32 -56787 1
gene 2 9 15 -32939 0 33 -32939 1
gene 3 10 15 -17772 0 34 -17772 1
gene 1 11 15 6975 0 35 6975 1
gene 1 12 15 -43010 0 36 -43010 1
genomeend 26


/* Organism #34 Fitness: 150.000000 Time: 0 */
/* Position #34*/
#1 x: 50 y: 33
#2 x: 24 y: 16
#3 x: 63 y: 25
#4 x: 45 y: 61
#5 x: 38 y: 85
#6 x: 54 y: 77
genomestart 34
node 1 2 1 3
node 2 1 1 1
node 3 2 1 1
node 4 4 1 1
node 5 2 1 1
node 6 2 1 1
node 7 2 1 1
node 8 4 1 1
node 9 3 1 1
node 10 2 1 1
node 11 1 1 1
node 12 2 1 1
node 13 1 0 2
node 14 1 0 2
node 15 3 0 2
gene 3 1 13 75309 0 1 75309 1
gene 2 2 13 -98847 0 2 -98847 1
gene 1 3 13 -25914 0 3 -25914 1
gene 1 4 13 -87618 0 4 -87618 1
gene 3 5 13 -46911 0 5 -46911 1
gene 2 6 13 89431 0 6 89431 1
gene 1 7 13 9123 0 7 9123 1
gene 4 8 13 52788 0 8 52788 1
gene 3 9 13 85754 0 9 85754 1
gene 2 10 13 6045 0 10 6045 1
gene 2 11 13 -52691 0 11 -52691 1
gene 4 12 13 -3633 0 12 -3633 1
gene 1 1 14 33569 0 13 33569 1
gene 4 2 14 55298 0 14 55298 1
gene 1 3 14 8156 0 15 8156 1
gene 4 4 14 45754 0 16 45754 1
gene 3 5 14 -17886 0 17 -17886 1
gene 4 6 14 65024 0 18 65024 1
gene 2 7 14 60914 0 19 60914 1
gene 2 8 14 53600 0 20 53600 1
gene 4 9 14 -84516 0 21 -84516 1
gene 4 10 14 56345 0 22 56345 1
gene 2 11 14 41415 0 23 41415 1
gene 1 12 14 73330 0 24 73330 1
gene 3 1 15 75931 0 25 75931 1
gene 3 2 15 9600 0 26 9600 1
gene 3 3 15 91377 0 27 91377 1
gene 3 4 15 -15969 0 28 -15969 1
gene 4 5 15 -72991 0 29 -72991 1
gene 1 6 15 -93557 0 30 -93557 1
gene 1 7 15 -37702 0 31 -37702 1
gene 3 8 15 60498 0 32 60498 1
gene 3 9 15 -11580 0 33 -11580 1
gene 4 10 15 17125 0 34 17125 1
gene 3 11 15 77942 0 35 77942 1
gene 3 12 15 -26260 0 36 -26260 1
genomeend 34


/* Organism #82 Fitness: 180.000000 Time: 0 */
/* Position #82*/
#1 x: 85 y: 15
#2 x: 36 y: 34
#3 x: 16 y: 20
#4 x: 82 y: 61
#5 x: 76 y: 60
#6 x: 71 y: 60
genomestart 82
node 1 3 1 3
node 2 1 1 1
node 3 3 1 1
node 4 4 1 1
node 5 4 1 1
node 6 2 1 1
node 7 3 1 1
node 8 4 1 1
node 9 3 1 1
node 10 1 1 1
node 11 4 1 1
node 12 2 1 1
node 13 4 0 2
node 14 3 0 2
node 15 2 0 2
gene 1 1 13 -98876 0 1 -98876 1
gene 1 2 13 28501 0 2 28501 1
gene 3 3 13 -18472 0 3 -18472 1
gene 3 4 13 72018 0 4 72018 1
gene 2 5 13 -72412 0 5 -72412 1
gene 1 6 13 -55389 0 6 -55389 1
gene 3 7 13 -81980 0 7 -81980 1
gene 2 8 13 48205 0 8 48205 1
gene 3 9 13 16901 0 9 16901 1
gene 2 10 13 -67067 0 10 -67067 1
gene 1 11 13 75732 0 11 75732 1
gene 3 12 13 -46273 0 12 -46273 1
gene 1 1 14 -58761 0 13 -58761 1
gene 3 2 14 54240 0 14 54240 1
gene 1 3 14 82023 0 15 82023 1
gene 1 4 14 57664 0 16 57664 1
gene 3 5 14 -10451 0 17 -10451 1
gene 1 6 14 -55575 0 18 -55575 1
gene 4 7 14 8699 0 19 8699 1
gene 1 8 14 14095 0 20 14095 1
gene 3 9 14 13645 0 21 13645 1
gene 2 10 14 71539 0 22 71539 1
gene 2 11 14 -2230 0 23 -2230 1
gene 3 12 14 -73328 0 24 -73328 1
gene 1 1 15 -93590 0 25 -93590 1
gene 3 2 15 89856 0 26 89856 1
gene 3 3 15 1387 0 27 1387 1
gene 1 4 15 58071 0 28 58071 1
gene 3 5 15 82668 0 29 82668 1
gene 4 6 15 -79090 0 30 -79090 1
gene 1 7 15 83403 0 31 83403 1
gene 4 8 15 -74313 0 32 -74313 1
gene 1 9 15 -50900 0 33 -50900 1
gene 4 10 15 -44769 0 34 -44769 1
gene 1 11 15 1225 0 35 1225 1
gene 4 12 15 -95992 0 36 -95992 1
genomeend 82


/* Organism #114 Fitness: 90.000000 Time: 0 */
/* Position #114*/
#1 x: 44 y: 23
#2 x: 68 y: 40
#3 x: 75 y: 15
#4 x: 43 y: 63
#5 x: 35 y: 75
#6 x: 38 y: 64
genomestart 114
node 1 4 1 3
node 2 2 1 1
node 3 4 1 1
node 4 4 1 1
node 5 4 1 1
node 6 1 1 1
node 7 3 1 1
node 8 2 1 1
node 9 2 1 1
node 10 4 1 1
node 11 4 1 1
node 12 1 1 1
node 13 1 0 2
node 14 4 0 2
node 15 4 0 2
gene 2 1 13 -49117 0 1 -49117 1
gene 4 2 13 -9452 0 2 -9452 1
gene 2 3 13 53822 0 3 53822 1
gene 1 4 13 51611 0 4 51611 1
gene 4 5 13 40769 0 5 40769 1
gene 1 6 13 15747 0 6 15747 1
gene 3 7 13 -343 0 7 -343 1
gene 3 8 13 6036 0 8 6036 1
gene 3 9 13 66670 0 9 66670 1
gene 3 10 13 -30512 0 10 -30512 1
gene 3 11 13 -3297 0 11 -3297 1
gene 4 12 13 -80716 0 12 -80716 1
gene 1 1 14 8607 0 13 8607 1
gene 2 2 14 -69959 0 14 -69959 1
gene 3 3 14 -6646 0 15 -6646 1
gene 3 4 14 -36613 0 16 -36613 1
gene 2 5 14 67005 0 17 67005 1
gene 4 6 14 57159 0 18 57159 1
gene 1 7 14 57218 0 19 57218 1
gene 3 8 14 13116 0 20 13116 1
gene 4 9 14 31442 0 21 31442 1
gene 1 10 14 -82425 0 22 -82425 1
gene 1 11 14 33745 0 23 33745 1
gene 1 12 14 53925 0 24 53925 1
gene 3 1 15 -40962 0 25 -40962 1
gene 4 2 15 68894 0 26 68894 1
gene 2 3 15 251 0 27 251 1
gene 4 4 15 -67317 0 28 -67317 1
gene 3 5 15 95791 0 29 95791 1
gene 3 6 15 -30317 0 30 -30317 1
gene 2 7 15 -91344 0 31 -91344 1
gene 3 8 15 -82521 0 32 -82521 1
gene 3 9 15 -30922 0 33 -30922 1
gene 4 10 15 -31370 0 34 -31370 1
gene 1 11 15 39181 0 35 39181 1
gene 2 12 15 35870 0 36 35870 1
genomeend 114


/* Organism #122 Fitness: 90.000000 Time: 0 */
/* Position #122*/
#1 x: 37 y: 31
#2 x: 23 y: 40
#3 x: 54 y: 38
#4 x: 71 y: 74
#5 x: 60 y: 63
#6 x: 56 y: 70
genomestart 122
node 1 3 1 3
node 2 4 1 1
node 3 1 1 1
node 4 4 1 1
node 5 4 1 1
node 6 2 1 1
node 7 3 1 1
node 8 2 1 1
node 9 2 1 1
node 10 2 1 1
node 11 4 1 1
node 12 1 1 1
node 13 2 0 2
node 14 1 0 2
node 15 4 0 2
gene 1 1 13 71928 0 1 71928 1
gene 4 2 13 27329 0 2 27329 1
gene 2 3 13 -24107 0 3 -24107 1
gene 2 4 13 77708 0 4 77708 1
gene 2 5 13 -56182 0 5 -56182 1
gene 1 6 13 -56004 0 6 -56004 1
gene 4 7 13 -10337 0 7 -10337 1
gene 1 8 13 -83621 0 8 -83621 1
gene 2 9 13 -9261 0 9 -9261 1
gene 1 10 13 20610 0 10 20610 1
gene 2 11 13 -54809 0 11 -54809 1
gene 1 12 13 -87667 0 12 -87667 1
gene 1 1 14 32517 0 13 32517 1
gene 4 2 14 36534 0 14 36534 1
gene 1 3 14 29195 0 15 29195 1
gene 3 4 14 12836 0 16 12836 1
gene 1 5 14 -58576 0 17 -58576 1
gene 1 6 14 50782 0 18 50782 1
gene 2 7 14 20224 0 19 20224 1
gene 4 8 14 -37998 0 20 -37998 1
gene 3 9 14 -7198 0 21 -7198 1
gene 3 10 14 70511 0 22 70511 1
gene 3 11 14 -29595 0 23 -29595 1
gene 3 12 14 42857 0 24 42857 1
gene 1 1 15 -29063 0 25 -29063 1
gene 3 2 15 -2482 0 26 -2482 1
gene 2 3 15 65833 0 27 65833 1
gene 2 4 15 1019 0 28 1019 1
gene 4 5 15 90185 0 29 90185 1
gene 2 6 15 -13757 0 30 -13757 1
gene 2 7 15 99779 0 31 99779 1
gene 3 8 15 32523 0 32 32523 1
gene 3 9 15 52798 0 33 52798 1
gene 4 10 15 -89601 0 34 -89601 1
gene 1 11 15 -61230 0 35 -61230 1
gene 1 12 15 39066 0 36 39066 1
genomeend 122


/* Organism #129 Fitness: 100.000000 Time: 0 */
/* Position #129*/
#1 x: 21 y: 18
#2 x: 51 y: 31
#3 x: 50 y: 26
#4 x: 81 y: 62
#5 x: 37 y: 70
#6 x: 58 y: 71
genomestart 129
node 1 3 1 3
node 2 3 1 1
node 3 2 1 1
node 4 1 1 1
node 5 4 1 1
node 6 4 1 1
node 7 2 1 1
node 8 4 1 1
node 9 4 1 1
node 10 4 1 1
node 11 4 1 1
node 12 3 1 1
node 13 1 0 2
node 14 4 0 2
node 15 4 0 2
gene 1 1 13 -28207 0 1 -28207 1
gene 2 2 13 -82847 0 2 -82847 1
gene 4 3 13 21946 0 3 21946 1
gene 2 4 13 -52664 0 4 -52664 1
gene 1 5 13 73139 0 5 73139 1
gene 4 6 13 -65527 0 6 -65527 1
gene 2 7 13 -6208 0 7 -6208 1
gene 1 8 13 -44760 0 8 -44760 1
gene 2 9 13 21382 0 9 21382 1
gene 2 10 13 27197 0 10 27197 1
gene 1 11 13 -46723 0 11 -46723 1
gene 4 12 13 8843 0 12 8843 1
gene 1 1 14 -21276 0 13 -21276 1
gene 4 2 14 52298 0 14 52298 1
gene 1 3 14 53888 0 15 53888 1
gene 1 4 14 34903 0 16 34903 1
gene 3 5 14 -33256 0 17 -33256 1
gene 3 6 14 36850 0 18 36850 1
gene 2 7 14 -89614 0 19 -89614 1
gene 2 8 14 -10743 0 20 -10743 1
gene 4 9 14 -97766 0 21 -97766 1
gene 2 10 14 27197 0 22 27197 1
gene 1 11 14 -37132 0 23 -37132 1
gene 4 12 14 -12803 0 24 -12803 1
gene 1 1 15 -82792 0 25 -82792 1
gene 1 2 15 32795 0 26 32795 1
gene 4 3 15 16637 0 27 16637 1
gene 3 4 15 -36216 0 28 -36216 1
gene 1 5 15 -29874 0 29 -29874 1
gene 4 6 15 -52785 0 30 -52785 1
gene 1 7 15 -89748 0 31 -89748 1
gene 2 8 15 -13234 0 32 -13234 1
gene 2 9 15 38537 0 33 38537 1
gene 2 10 15 -15171 0 34 -15171 1
gene 4 11 15 33379 0 35 33379 1
gene 2 12 15 -83421 0 36 -83421 1
genomeend 129


/* Organism #134 Fitness: 100.000000 Time: 0 */
/* Position #134*/
#1 x: 38 y: 34
#2 x: 20 y: 38
#3 x: 43 y: 17
#4 x: 75 y: 81
#5 x: 47 y: 80
#6 x: 65 y: 83
genomestart 134
node 1 3 1 3
node 2 4 1 1
node 3 2 1 1
node 4 3 1 1
node 5 3 1 1
node 6 3 1 1
node 7 2 1 1
node 8 1 1 1
node 9 4 1 1
node 10 4 1 1
node 11 4 1 1
node 12 4 1 1
node 13 3 0 2
node 14 2 0 2
node 15 4 0 2
gene 3 1 13 -29879 0 1 -29879 1
gene 1 2 13 -38502 0 2 -38502 1
gene 1 3 13 -51506 0 3 -51506 1
gene 3 4 13 -78756 0 4 -78756 1
gene 1 5 13 -61712 0 5 -61712 1
gene 3 6 13 -38201 0 6 -38201 1
gene 4 7 13 5634 0 7 5634 1
gene 2 8 13 16268 0 8 16268 1
gene 3 9 13 -74289 0 9 -74289 1
gene 3 10 13 -1568 0 10 -1568 1
gene 3 11 13 -64069 0 11 -64069 1
gene 2 12 13 4880 0 12 4880 1
gene 2 1 14 -84555 0 13 -84555 1
gene 2 2 14 -80921 0 14 -80921 1
gene 1 3 14 -17622 0 15 -17622 1
gene 4 4 14 -57953 0 16 -57953 1
gene 2 5 14 30070 0 17 30070 1
gene 2 6 14 -13841 0 18 -13841 1
gene 2 7 14 -14644 0 19 -14644 1
gene 1 8 14 -15665 0 20 -15665 1
gene 4 9 14 285 0 21 285 1
gene 3 10 14 91935 0 22 91935 1
gene 3 11 14 -54440 0 23 -54440 1
gene 2 12 14 13151 0 24 13151 1
gene 1 1 15 -97737 0 25 -97737 1
gene 3 2 15 48785 0 26 48785 1
gene 2 3 15 -83326 0 27 -83326 1
gene 1 4 15 11939 0 28 11939 1
gene 2 5 15 99570 0 29 99570 1
gene 4 6 15 1146 0 30 1146 1
gene 4 7 15 56966 0 31 56966 1
gene 2 8 15 -92161 0 32 -92161 1
gene 1 9 15 -34365 0 33 -34365 1
gene 3 10 15 -91943 0 34 -91943 1
gene 1 11 15 63035 0 35 63035 1
gene 4 12 15 72713 0 36 72713 1
genomeend 134


/* Organism #144 Fitness: 220.000000 Time: 0 */
/* Position #144*/
#1 x: 72 y: 30
#2 x: 50 y: 27
#3 x: 51 y: 23
#4 x: 50 y: 72
#5 x: 21 y: 60
#6 x: 28 y: 82
genomestart 144
node 1 3 1 3
node 2 3 1 1
node 3 2 1 1
node 4 1 1 1
node 5 3 1 1
node 6 4 1 1
node 7 3 1 1
node 8 2 1 1
node 9 4 1 1
node 10 4 1 1
node 11 3 1 1
node 12 3 1 1
node 13 3 0 2
node 14 4 0 2
node 15 1 0 2
gene 3 1 13 -37908 0 1 -37908 1
gene 3 2 13 -37532 0 2 -37532 1
gene 3 3 13 29365 0 3 29365 1
gene 3 4 13 94118 0 4 94118 1
gene 1 5 13 -60032 0 5 -60032 1
gene 1 6 13 -20250 0 6 -20250 1
gene 3 7 13 83029 0 7 83029 1
gene 4 8 13 -75757 0 8 -75757 1
gene 2 9 13 -60689 0 9 -60689 1
gene 2 10 13 49639 0 10 49639 1
gene 2 11 13 11408 0 11 11408 1
gene 3 12 13 32882 0 12 32882 1
gene 4 1 14 68902 0 13 68902 1
gene 2 2 14 -44688 0 14 -44688 1
gene 1 3 14 88474 0 15 88474 1
gene 1 4 14 38615 0 16 38615 1
gene 1 5 14 -86257 0 17 -86257 1
gene 3 6 14 96868 0 18 96868 1
gene 3 7 14 -60903 0 19 -60903 1
gene 4 8 14 -36402 0 20 -36402 1
gene 4 9 14 77022 0 21 77022 1
gene 4 10 14 -71130 0 22 -71130 1
gene 1 11 14 -12115 0 23 -12115 1
gene 3 12 14 -83077 0 24 -83077 1
gene 4 1 15 839 0 25 839 1
gene 2 2 15 -39767 0 26 -39767 1
gene 4 3 15 65024 0 27 65024 1
gene 1 4 15 -34182 0 28 -34182 1
gene 2 5 15 -129 0 29 -129 1
gene 2 6 15 -28402 0 30 -28402 1
gene 2 7 15 -48180 0 31 -48180 1
gene 2 8 15 91993 0 32 91993 1
gene 3 9 15 -88046 0 33 -88046 1
gene 4 10 15 -56872 0 34 -56872 1
gene 4 11 15 -68506 0 35 -68506 1
gene 1 12 15 92541 0 36 92541 1
genomeend 144


