/* Organism #2 Fitness: 260.000000 Time: 0 */
/* Position #2*/
#1 x: 42 y: 21
#2 x: 68 y: 19
#3 x: 68 y: 25
#4 x: 64 y: 71
#5 x: 48 y: 73
#6 x: 85 y: 60
genomestart 2
trait 1 73187.000000 16300.000000 0.000000 0.000000 0.000000 0.000000 63765.000000 0.000000 trait 2 2.000000 0.000000 0.000000 0.000000 11024.000000 0.000000 36935.000000 0.000000 trait 3 0.000000 0.000000 0.000000 0.000000 0.000000 13538.000000 70969.000000 0.000000 trait 4 17399.000000 0.000000 11440.000000 97211.000000 0.000000 0.000000 2888.000000 37957.000000 node 1 4 1 3
node 2 4 1 1
node 3 1 1 1
node 4 1 1 1
node 5 1 1 1
node 6 2 1 1
node 7 4 1 1
node 8 4 1 1
node 9 2 1 1
node 10 1 1 1
node 11 1 1 1
node 12 4 1 1
node 13 2 0 2
node 14 1 0 2
node 15 3 0 2
node 121 1 0 0
node 235 1 0 0
node 384 1 0 0
node 420 1 0 0
node 433 1 0 0
node 461 1 0 0
node 500 1 0 0
node 516 1 0 0
node 697 1 0 0
node 1018 2 0 0
node 1130 1 0 0
node 1323 1 0 0
node 1393 1 0 0
node 1479 1 0 0
node 1531 1 0 0
node 1732 1 0 0
node 1844 1 0 0
node 2023 1 0 0
node 2035 1 0 0
node 2054 1 0 0
node 2076 1 0 0
node 2174 1 0 0
node 2292 1 0 0
node 2306 1 0 0
node 2325 1 0 0
node 2366 1 0 0
gene 2 1 13 -96534 0 1 -96534 1
gene 3 2 13 684416 0 2 684416 1
gene 2 3 13 -443025 0 3 -443025 1
gene 3 4 13 302004 0 4 302004 1
gene 2 5 13 132339 0 5 132339 1
gene 4 6 13 69474 0 6 69474 1
gene 3 7 13 307734 0 7 307734 1
gene 2 8 13 -525033 0 8 -525033 0
gene 3 9 13 469014 0 9 469014 1
gene 2 10 13 370551 0 10 370551 1
gene 2 11 13 -218004 0 11 -218004 0
gene 4 12 13 681222 0 12 681222 0
gene 4 1 14 -213138 0 13 -213138 1
gene 2 2 14 -321210 0 14 -321210 0
gene 4 3 14 90342 0 15 90342 1
gene 4 4 14 -800000 0 16 -800000 0
gene 4 5 14 -48696 0 17 -48696 1
gene 3 6 14 415182 0 18 415182 1
gene 2 7 14 476499 0 19 476499 1
gene 1 8 14 -685788 0 20 -685788 0
gene 2 9 14 209547 0 21 209547 0
gene 1 10 14 -348312 0 22 -348312 0
gene 1 11 14 700821 0 23 700821 0
gene 4 12 14 -446739 0 24 -446739 1
gene 3 1 15 459990 0 25 459990 1
gene 3 2 15 30009 0 26 30009 1
gene 3 3 15 10839 0 27 10839 0
gene 3 4 15 -176634 0 28 -176634 0
gene 3 5 15 625524 0 29 625524 1
gene 1 6 15 491889 0 30 491889 0
gene 3 7 15 387492 0 31 387492 0
gene 3 8 15 -334551 0 32 -334551 1
gene 3 9 15 -189369 0 33 -189369 1
gene 3 10 15 -715323 0 34 -715323 0
gene 2 11 15 279771 0 35 279771 1
gene 4 12 15 91629 0 36 91629 0
gene 4 15 15 -366093 1 174 -366093 0
gene 3 8 121 800000 0 329 800000 0
gene 3 121 15 -159354 0 330 -159354 1
gene 2 5 121 745956 0 438 745956 1
gene 2 7 121 344433 0 483 344433 1
gene 4 4 235 390810 0 666 390810 1
gene 4 235 14 400779 0 667 400779 1
gene 1 1 235 -349380 0 753 -349380 1
gene 1 9 235 -639299 0 1108 -639299 1
gene 3 10 384 123390 0 1126 123390 0
gene 3 384 15 -105582 0 1127 -105582 0
gene 2 14 14 -339246 1 1197 -339246 1
gene 3 7 420 -614931 0 1239 -614931 1
gene 3 420 15 -28371 0 1240 -28371 1
gene 3 2 433 -316442 0 1284 -316442 1
gene 3 433 13 159924 0 1285 159924 1
gene 4 3 461 605144 0 1352 605144 1
gene 4 461 14 -306723 0 1353 -306723 0
gene 4 15 500 388635 1 1453 388635 1
gene 4 500 15 -169470 0 1454 -169470 1
gene 1 8 516 -189585 0 1500 -189585 1
gene 1 516 14 -263853 0 1501 -263853 1
gene 1 384 121 51141 0 1548 51141 1
gene 2 8 461 25230 0 1965 25230 1
gene 3 3 697 -328448 0 2038 -328448 1
gene 3 697 15 656753 0 2039 656753 1
gene 2 1 500 259230 0 2133 259230 1
gene 1 3 433 502391 0 2628 502391 1
gene 1 516 516 -101970 1 2664 -101970 1
gene 3 8 1018 -130515 0 2997 -130515 1
gene 3 1018 121 115167 0 2998 115167 0
gene 3 15 433 531674 0 3156 531674 1
gene 1 10 1130 -48267 0 3329 -48267 1
gene 1 1130 14 247209 0 3330 247209 1
gene 3 500 697 68565 0 3371 68565 1
gene 2 3 516 -111297 0 3603 -111297 1
gene 2 9 1323 177531 0 3885 177531 1
gene 2 1323 14 217863 0 3886 217863 1
gene 2 121 420 -714291 0 3959 -714291 0
gene 2 8 1393 130221 0 4093 130221 1
gene 2 1393 13 730916 0 4094 730916 0
gene 1 11 1479 -549450 0 4325 -549450 1
gene 4 1479 14 434364 0 4326 434364 1
gene 4 12 1531 165015 0 4477 165015 1
gene 4 1531 15 -53406 0 4478 -53406 1
gene 2 1323 420 -563955 0 4676 -563955 1
gene 3 500 1479 304581 0 4897 304581 1
gene 4 461 461 65217 1 4980 65217 1
gene 2 121 1732 -714324 0 5095 -714324 1
gene 2 1732 420 505002 0 5096 505002 1
gene 1 384 500 269654 0 5133 269654 1
gene 2 15 14 233139 0 5180 233139 1
gene 4 6 1130 126561 0 5368 126561 1
gene 3 10 1844 -139722 0 5409 -139722 1
gene 3 1844 384 266463 0 5410 266463 1
gene 2 2 2023 688735 0 5908 688735 1
gene 2 2023 14 -357393 0 5909 -357393 1
gene 2 1393 2035 624315 0 5942 624315 0
gene 2 2035 13 483429 0 5943 483429 1
gene 4 461 2054 -514212 0 5995 -514212 0
gene 4 2054 14 224640 0 5996 224640 1
gene 4 461 2076 -3768 0 6055 -3768 1
gene 4 2076 2054 -32067 0 6056 -32067 1
gene 2 11 2174 238956 0 6336 238956 1
gene 2 2174 13 -188454 0 6337 -188454 1
gene 2 1393 2292 1 0 6690 0 1
gene 2 2292 2035 624315 0 6691 0 1
gene 4 12 2306 1 0 6730 0 1
gene 4 2306 13 681222 0 6731 0 1
gene 3 4 2325 1 0 6778 0 1
gene 3 2325 15 -176634 0 6779 0 1
gene 2 384 1018 -83354 0 6838 -83354 1
gene 1 6 2366 1 0 6892 0 1
gene 1 2366 15 491889 0 6893 0 1
genomeend 2


/* Organism #6 Fitness: 250.000000 Time: 0 */
/* Position #6*/
#1 x: 73 y: 39
#2 x: 82 y: 22
#3 x: 57 y: 17
#4 x: 30 y: 84
#5 x: 16 y: 60
#6 x: 69 y: 72
genomestart 6
trait 1 43007.000000 16300.000000 0.000000 0.000000 0.000000 0.000000 87908.000000 0.000000 trait 2 2.000000 0.000000 0.000000 0.000000 0.000000 0.000000 0.000000 0.000000 trait 3 0.000000 0.000000 0.000000 51304.000000 0.000000 13538.000000 70969.000000 30146.000000 trait 4 4.000000 0.000000 0.000000 36940.000000 0.000000 0.000000 43316.000000 37957.000000 node 1 4 1 3
node 2 4 1 1
node 3 1 1 1
node 4 1 1 1
node 5 1 1 1
node 6 1 1 1
node 7 4 1 1
node 8 4 1 1
node 9 2 1 1
node 10 1 1 1
node 11 2 1 1
node 12 4 1 1
node 13 2 0 2
node 14 1 0 2
node 15 3 0 2
node 121 1 0 0
node 235 1 0 0
node 384 1 0 0
node 420 1 0 0
node 433 1 0 0
node 461 1 0 0
node 500 1 0 0
node 516 1 0 0
node 697 1 0 0
node 1018 1 0 0
node 1130 1 0 0
node 1323 3 0 0
node 1393 1 0 0
node 1479 1 0 0
node 1531 4 0 0
node 1683 1 0 0
node 1735 1 0 0
node 1875 1 0 0
node 1975 1 0 0
node 2022 1 0 0
node 2179 1 0 0
node 2295 1 0 0
node 2329 1 0 0
gene 2 1 13 218424 0 1 218424 1
gene 3 2 13 449637 0 2 449637 1
gene 2 3 13 800000 0 3 800000 1
gene 3 4 13 298335 0 4 298335 1
gene 2 5 13 717717 0 5 717717 1
gene 4 6 13 378387 0 6 378387 1
gene 3 7 13 -44085 0 7 -44085 1
gene 2 8 13 204252 0 8 204252 0
gene 3 9 13 -682658 0 9 -682658 1
gene 2 10 13 -374760 0 10 -374760 1
gene 2 11 13 14622 0 11 14622 1
gene 4 12 13 -170622 0 12 -170622 1
gene 2 1 14 50879 0 13 50879 1
gene 2 2 14 199962 0 14 199962 1
gene 4 3 14 452928 0 15 452928 1
gene 4 4 14 -419508 0 16 -419508 0
gene 4 5 14 758037 0 17 758037 1
gene 3 6 14 33918 0 18 33918 0
gene 2 7 14 -329769 0 19 -329769 1
gene 1 8 14 327564 0 20 327564 0
gene 3 9 14 -764409 0 21 -764409 1
gene 1 10 14 438651 0 22 438651 0
gene 1 11 14 -388524 0 23 -388524 1
gene 4 12 14 -512682 0 24 -512682 1
gene 3 1 15 -612273 0 25 -612273 1
gene 3 2 15 155874 0 26 155874 1
gene 3 3 15 680223 0 27 680223 0
gene 3 4 15 472721 0 28 472721 1
gene 3 5 15 -279435 0 29 -279435 1
gene 1 6 15 129156 0 30 129156 0
gene 3 7 15 -391724 0 31 -391724 0
gene 3 8 15 142266 0 32 142266 1
gene 3 9 15 -44541 0 33 -44541 1
gene 3 10 15 -655710 0 34 -655710 0
gene 2 11 15 -43374 0 35 -43374 1
gene 4 12 15 -67254 0 36 -67254 0
gene 4 15 15 -241563 1 174 -241563 0
gene 3 8 121 -121206 0 329 -121206 0
gene 3 121 15 457730 0 330 457730 1
gene 2 5 121 -740927 0 438 -740927 1
gene 2 7 121 -427014 0 483 -427014 1
gene 4 4 235 -356886 0 666 -356886 1
gene 4 235 14 -534498 0 667 -534498 1
gene 1 1 235 -554355 0 753 -554355 1
gene 1 9 235 -149944 0 1108 -149944 1
gene 3 10 384 -243776 0 1126 -243776 1
gene 3 384 15 -55641 0 1127 -55641 0
gene 2 14 14 510444 1 1197 510444 0
gene 3 7 420 -94452 0 1239 -94452 1
gene 3 420 15 64320 0 1240 64320 1
gene 3 2 433 6468 0 1284 6468 0
gene 3 433 13 385992 0 1285 385992 1
gene 4 3 461 -381003 0 1352 -381003 1
gene 4 461 14 551906 0 1353 551906 1
gene 4 15 500 482043 1 1453 482043 1
gene 4 500 15 46551 0 1454 46551 0
gene 1 8 516 304899 0 1500 304899 1
gene 1 516 14 -480528 0 1501 -480528 1
gene 1 384 121 466770 0 1548 466770 1
gene 2 8 461 492318 0 1965 492318 1
gene 3 3 697 -391197 0 2038 -391197 1
gene 2 697 15 -768663 0 2039 -768663 1
gene 2 1 500 -348942 0 2133 -348942 1
gene 1 3 433 -52116 0 2628 -52116 1
gene 1 516 516 541823 1 2664 541823 1
gene 3 8 1018 -221442 0 2997 -221442 1
gene 3 1018 121 299739 0 2998 299739 0
gene 3 15 433 648827 0 3156 648827 1
gene 1 10 1130 357351 0 3329 357351 1
gene 1 1130 14 77799 0 3330 77799 1
gene 3 500 697 -727995 0 3371 -727995 1
gene 2 3 516 -729756 0 3603 -729756 1
gene 2 9 1323 -80565 0 3885 -80565 1
gene 2 1323 14 280068 0 3886 280068 0
gene 2 121 420 800000 0 3959 800000 1
gene 2 8 1393 -662987 0 4093 -662987 1
gene 2 1393 13 267381 0 4094 267381 1
gene 1 11 1479 75257 0 4325 75257 1
gene 1 1479 14 -43749 0 4326 -43749 1
gene 4 12 1531 -154143 0 4477 -154143 1
gene 4 1531 15 405 0 4478 405 0
gene 3 1393 433 -453072 0 4734 -453072 1
gene 2 1323 1683 -13152 0 4950 -13152 1
gene 2 1683 14 -459888 0 4951 -459888 1
gene 3 6 1735 -280446 0 5103 -280446 1
gene 3 1735 14 -291777 0 5104 -291777 0
gene 1 5 516 82803 0 5346 82803 1
gene 1 516 433 52896 0 5443 52896 1
gene 3 2 1875 12195 0 5505 12195 1
gene 3 1875 433 22698 0 5506 22698 1
gene 1 1683 461 81210 0 5687 81210 1
gene 1 6 1975 -146469 0 5780 -146469 1
gene 1 1975 15 -66126 0 5781 -66126 1
gene 4 1531 2022 352179 0 5905 352179 1
gene 4 2022 15 -22260 0 5906 -22260 1
gene 3 121 1875 -800000 0 5987 -800000 1
gene 1 1683 1393 -82854 0 6232 -82854 1
gene 4 500 2179 -111963 0 6351 -111963 1
gene 4 2179 15 277593 0 6352 277593 1
gene 3 12 2179 -82272 0 6539 -82272 1
gene 1 1975 1975 2105 1 6578 2105 1
gene 2 14 2295 64075 1 6699 64075 1
gene 2 2295 14 617460 0 6700 617460 1
gene 1 10 2329 72168 0 6791 72168 1
gene 1 2329 14 114486 0 6792 114486 1
genomeend 6


/* Organism #8 Fitness: 210.000000 Time: 0 */
/* Position #8*/
#1 x: 17 y: 33
#2 x: 39 y: 40
#3 x: 30 y: 38
#4 x: 81 y: 80
#5 x: 34 y: 82
#6 x: 36 y: 81
genomestart 8
trait 1 43007.000000 16300.000000 6994.000000 28041.000000 57524.000000 37112.000000 87908.000000 80535.000000 trait 2 2.000000 0.000000 0.000000 0.000000 0.000000 0.000000 0.000000 0.000000 trait 3 0.000000 0.000000 0.000000 51304.000000 0.000000 13538.000000 70969.000000 30146.000000 trait 4 4.000000 0.000000 0.000000 36940.000000 0.000000 0.000000 43316.000000 37957.000000 node 1 4 1 3
node 2 4 1 1
node 3 1 1 1
node 4 1 1 1
node 5 1 1 1
node 6 2 1 1
node 7 4 1 1
node 8 4 1 1
node 9 2 1 1
node 10 1 1 1
node 11 2 1 1
node 12 4 1 1
node 13 2 0 2
node 14 1 0 2
node 15 3 0 2
node 121 1 0 0
node 235 1 0 0
node 384 1 0 0
node 420 1 0 0
node 433 1 0 0
node 461 1 0 0
node 500 1 0 0
node 516 1 0 0
node 697 3 0 0
node 1018 1 0 0
node 1130 1 0 0
node 1323 3 0 0
node 1393 1 0 0
node 1479 1 0 0
node 1531 4 0 0
node 1683 1 0 0
node 1735 1 0 0
node 1875 1 0 0
node 2034 1 0 0
node 2142 1 0 0
node 2172 1 0 0
node 2206 1 0 0
node 2313 1 0 0
node 2332 1 0 0
node 2368 1 0 0
gene 2 1 13 140676 0 1 140676 1
gene 3 2 13 300498 0 2 300498 1
gene 2 3 13 -24393 0 3 -24393 1
gene 3 4 13 521340 0 4 521340 1
gene 2 5 13 -644564 0 5 -644564 1
gene 4 6 13 -514710 0 6 -514710 1
gene 3 7 13 187068 0 7 187068 1
gene 2 8 13 800000 0 8 800000 0
gene 3 9 13 -211322 0 9 -211322 1
gene 2 10 13 -198807 0 10 -198807 1
gene 2 11 13 565050 0 11 565050 1
gene 4 12 13 -362517 0 12 -362517 1
gene 2 1 14 645896 0 13 645896 1
gene 2 2 14 745439 0 14 745439 1
gene 4 3 14 299436 0 15 299436 1
gene 4 4 14 -154371 0 16 -154371 0
gene 4 5 14 194187 0 17 194187 1
gene 3 6 14 180477 0 18 180477 0
gene 2 7 14 203832 0 19 203832 1
gene 1 8 14 -95640 0 20 -95640 0
gene 3 9 14 126789 0 21 126789 1
gene 1 10 14 442344 0 22 442344 1
gene 1 11 14 -687929 0 23 -687929 1
gene 4 12 14 310430 0 24 310430 1
gene 3 1 15 25518 0 25 25518 1
gene 3 2 15 -297888 0 26 -297888 1
gene 3 3 15 -431817 0 27 -431817 0
gene 3 4 15 305334 0 28 305334 1
gene 3 5 15 -319758 0 29 -319758 1
gene 1 6 15 142572 0 30 142572 1
gene 3 7 15 -311166 0 31 -311166 0
gene 3 8 15 362430 0 32 362430 1
gene 3 9 15 62622 0 33 62622 1
gene 3 10 15 -99909 0 34 -99909 0
gene 2 11 15 729281 0 35 729281 1
gene 4 12 15 -198369 0 36 -198369 0
gene 4 15 15 113808 1 174 113808 0
gene 3 8 121 199413 0 329 199413 0
gene 3 121 15 55413 0 330 55413 1
gene 2 5 121 -40623 0 438 -40623 1
gene 2 7 121 190308 0 483 190308 0
gene 4 4 235 -241857 0 666 -241857 1
gene 4 235 14 -800000 0 667 -800000 1
gene 1 1 235 -25548 0 753 -25548 1
gene 1 9 235 -397326 0 1108 -397326 1
gene 3 10 384 -800000 0 1126 -800000 1
gene 3 384 15 -298475 0 1127 -298475 0
gene 2 14 14 -314304 1 1197 -314304 1
gene 3 7 420 -90408 0 1239 -90408 0
gene 3 420 15 317658 0 1240 317658 0
gene 3 2 433 -560406 0 1284 -560406 0
gene 3 433 13 559023 0 1285 559023 1
gene 4 3 461 -515112 0 1352 -515112 1
gene 4 461 14 120692 0 1353 120692 1
gene 4 15 500 736547 1 1453 736547 1
gene 4 500 15 -218799 0 1454 -218799 1
gene 1 8 516 -195135 0 1500 -195135 1
gene 1 516 14 63579 0 1501 63579 1
gene 1 384 121 -416193 0 1548 -416193 1
gene 2 8 461 -219318 0 1965 -219318 1
gene 3 3 697 -106479 0 2038 -106479 0
gene 3 697 15 800000 0 2039 800000 1
gene 2 1 500 760424 0 2133 760424 1
gene 1 3 433 -800000 0 2628 -800000 1
gene 1 516 516 -437238 1 2664 -437238 1
gene 3 8 1018 245250 0 2997 245250 1
gene 3 1018 121 800000 0 2998 800000 0
gene 3 15 433 -178080 0 3156 -178080 1
gene 1 10 1130 -314391 0 3329 -314391 1
gene 1 1130 14 156015 0 3330 156015 1
gene 3 500 697 19077 0 3371 19077 1
gene 2 3 516 311877 0 3603 311877 1
gene 2 9 1323 54147 0 3885 54147 0
gene 2 1323 14 -190947 0 3886 -190947 0
gene 2 121 420 508320 0 3959 508320 0
gene 2 8 1393 -755841 0 4093 -755841 0
gene 2 1393 13 22098 0 4094 22098 1
gene 1 11 1479 347214 0 4325 347214 1
gene 1 1479 14 -53223 0 4326 -53223 1
gene 4 12 1531 242592 0 4477 242592 1
gene 4 1531 15 -338067 0 4478 -338067 1
gene 3 1393 433 -4509 0 4734 -4509 1
gene 2 1323 1683 -30045 0 4950 -30045 1
gene 2 1683 14 161148 0 4951 161148 1
gene 3 6 1735 -159735 0 5103 -159735 1
gene 3 1735 14 278661 0 5104 278661 1
gene 1 5 516 355677 0 5346 355677 1
gene 1 516 433 -133641 0 5443 -133641 1
gene 3 2 1875 143229 0 5505 143229 1
gene 3 1875 433 -159543 0 5506 -159543 1
gene 1 1683 461 503730 0 5687 503730 1
gene 1 516 121 143916 0 5877 143916 1
gene 3 3 2034 -191547 0 5939 -191547 1
gene 3 2034 697 234846 0 5940 234846 1
gene 3 5 1479 293046 0 6157 293046 1
gene 3 7 2142 234673 0 6248 234673 1
gene 3 2142 420 -192582 0 6249 -192582 1
gene 3 420 2172 604576 0 6332 604576 1
gene 3 2172 15 -268170 0 6333 -268170 1
gene 2 1735 1735 -375854 1 6388 -375854 1
gene 2 8 2206 -8385 0 6436 -8385 1
gene 2 2206 1393 -567780 0 6437 -567780 1
gene 2 121 2313 1 0 6747 0 1
gene 2 2313 420 508320 0 6748 0 1
gene 2 9 2332 1 0 6797 0 1
gene 2 2332 1323 54147 0 6798 0 1
gene 4 1323 2034 71569 0 6848 71569 1
gene 2 7 2368 1 0 6897 0 1
gene 2 2368 121 190308 0 6898 0 1
genomeend 8


/* Organism #21 Fitness: 200.000000 Time: 0 */
/* Position #21*/
#1 x: 77 y: 23
#2 x: 43 y: 34
#3 x: 68 y: 27
#4 x: 48 y: 80
#5 x: 74 y: 62
#6 x: 66 y: 78
genomestart 21
trait 1 32344.000000 0.000000 0.000000 0.000000 70720.000000 0.000000 11469.000000 61968.000000 trait 2 2.000000 0.000000 0.000000 0.000000 0.000000 0.000000 0.000000 0.000000 trait 3 63126.000000 0.000000 0.000000 93269.000000 0.000000 13538.000000 74739.000000 0.000000 trait 4 0.000000 0.000000 0.000000 66017.000000 0.000000 0.000000 0.000000 0.000000 node 1 4 1 3
node 2 4 1 1
node 3 1 1 1
node 4 1 1 1
node 5 1 1 1
node 6 2 1 1
node 7 2 1 1
node 8 4 1 1
node 9 2 1 1
node 10 1 1 1
node 11 2 1 1
node 12 4 1 1
node 13 2 0 2
node 14 1 0 2
node 15 3 0 2
node 121 1 0 0
node 235 1 0 0
node 384 1 0 0
node 420 1 0 0
node 433 1 0 0
node 461 1 0 0
node 500 1 0 0
node 516 1 0 0
node 697 1 0 0
node 1018 1 0 0
node 1130 3 0 0
node 1323 1 0 0
node 1393 1 0 0
node 1479 1 0 0
node 1531 1 0 0
node 1853 1 0 0
node 1975 1 0 0
node 2237 1 0 0
node 2356 1 0 0
node 2372 1 0 0
gene 2 1 13 -76080 0 1 -76080 1
gene 3 2 13 264 0 2 264 1
gene 2 3 13 -550113 0 3 -550113 1
gene 3 4 13 222210 0 4 222210 1
gene 2 5 13 366360 0 5 366360 1
gene 4 6 13 321285 0 6 321285 1
gene 3 7 13 -53511 0 7 -53511 1
gene 2 8 13 -570633 0 8 -570633 1
gene 3 9 13 135687 0 9 135687 1
gene 2 10 13 800000 0 10 800000 1
gene 2 11 13 -192498 0 11 -192498 1
gene 4 12 13 717000 0 12 717000 1
gene 2 1 14 -276873 0 13 -276873 1
gene 2 2 14 118458 0 14 118458 1
gene 4 3 14 47403 0 15 47403 1
gene 4 4 14 102510 0 16 102510 0
gene 4 5 14 699261 0 17 699261 1
gene 3 6 14 205971 0 18 205971 1
gene 2 7 14 166008 0 19 166008 1
gene 1 8 14 -23268 0 20 -23268 0
gene 2 9 14 431385 0 21 431385 0
gene 1 10 14 -2688 0 22 -2688 0
gene 1 11 14 -149348 0 23 -149348 0
gene 4 12 14 93687 0 24 93687 1
gene 3 1 15 241044 0 25 241044 1
gene 3 2 15 593601 0 26 593601 1
gene 3 3 15 -441338 0 27 -441338 0
gene 3 4 15 -345627 0 28 -345627 1
gene 3 5 15 230330 0 29 230330 1
gene 1 6 15 -800000 0 30 -800000 0
gene 3 7 15 -600812 0 31 -600812 0
gene 3 8 15 -614958 0 32 -614958 1
gene 3 9 15 55689 0 33 55689 0
gene 3 10 15 593378 0 34 593378 1
gene 2 11 15 -77793 0 35 -77793 1
gene 4 12 15 237126 0 36 237126 1
gene 4 15 15 96228 1 174 96228 0
gene 3 8 121 357581 0 329 357581 0
gene 3 121 15 -391893 0 330 -391893 1
gene 2 5 121 -263709 0 438 -263709 1
gene 2 7 121 77304 0 483 77304 1
gene 4 4 235 -29934 0 666 -29934 1
gene 4 235 14 -476030 0 667 -476030 1
gene 1 1 235 -20817 0 753 -20817 1
gene 1 9 235 529662 0 1108 529662 1
gene 3 10 384 323589 0 1126 323589 1
gene 3 384 15 570983 0 1127 570983 0
gene 2 14 14 -521880 1 1197 -521880 1
gene 3 7 420 -177489 0 1239 -177489 1
gene 3 420 15 -430889 0 1240 -430889 1
gene 3 2 433 -206031 0 1284 -206031 1
gene 3 433 13 173745 0 1285 173745 1
gene 4 3 461 -276711 0 1352 -276711 1
gene 4 461 14 -109257 0 1353 -109257 1
gene 4 15 500 -488051 1 1453 -488051 1
gene 4 500 15 493005 0 1454 493005 1
gene 1 8 516 198144 0 1500 198144 0
gene 1 516 14 85365 0 1501 85365 1
gene 1 384 121 461088 0 1548 461088 1
gene 2 8 461 535692 0 1965 535692 1
gene 3 3 697 -800000 0 2038 -800000 0
gene 3 697 15 -570999 0 2039 -570999 1
gene 2 1 500 458271 0 2133 458271 1
gene 1 3 433 434787 0 2628 434787 1
gene 1 516 516 -800000 1 2664 -800000 1
gene 3 8 1018 -173565 0 2997 -173565 1
gene 2 1018 121 395967 0 2998 395967 0
gene 3 15 433 745103 0 3156 745103 1
gene 1 10 1130 -491322 0 3329 -491322 1
gene 1 1130 14 425160 0 3330 425160 1
gene 3 500 697 800000 0 3371 800000 1
gene 2 3 516 156423 0 3603 156423 1
gene 1 9 1323 -138723 0 3885 -138723 1
gene 2 1323 14 137412 0 3886 137412 1
gene 2 121 420 -20799 0 3959 -20799 1
gene 2 8 1393 -196863 0 4093 -196863 1
gene 2 1393 13 226236 0 4094 226236 1
gene 1 11 1479 617727 0 4325 617727 1
gene 1 1479 14 -585510 0 4326 -585510 1
gene 4 12 1531 134754 0 4477 134754 1
gene 4 1531 15 -668340 0 4478 -668340 1
gene 2 1323 420 -238464 0 4676 -238464 1
gene 3 500 1479 -229959 0 4897 -229959 1
gene 4 461 461 -207705 1 4980 -207705 1
gene 4 461 697 -150768 0 5076 -150768 1
gene 3 9 1853 -202788 0 5434 -202788 1
gene 3 1853 15 181779 0 5435 181779 1
gene 3 516 1479 79515 0 5581 79515 1
gene 3 420 235 378786 0 5757 378786 1
gene 1 6 1975 78048 0 5780 78048 1
gene 1 1975 15 -189759 0 5781 -189759 1
gene 4 1 433 523107 0 6041 523107 1
gene 1 8 2237 14266 0 6524 14266 1
gene 1 2237 516 -232161 0 6525 -232161 1
gene 2 1853 516 272199 0 6718 272199 1
gene 3 3 2356 1 0 6867 0 0
gene 3 2356 697 -800000 0 6868 0 1
gene 3 3 2372 1 0 6909 0 1
gene 3 2372 2356 1 0 6910 0 1
genomeend 21


/* Organism #24 Fitness: 300.000000 Time: 0 */
/* Position #24*/
#1 x: 35 y: 25
#2 x: 83 y: 16
#3 x: 29 y: 20
#4 x: 28 y: 69
#5 x: 72 y: 65
#6 x: 43 y: 65
genomestart 24
trait 1 73187.000000 16300.000000 0.000000 0.000000 0.000000 0.000000 63765.000000 0.000000 trait 2 2.000000 0.000000 0.000000 0.000000 11024.000000 0.000000 36935.000000 0.000000 trait 3 0.000000 0.000000 0.000000 0.000000 0.000000 13538.000000 70969.000000 0.000000 trait 4 17399.000000 0.000000 11440.000000 97211.000000 0.000000 0.000000 2888.000000 37957.000000 node 1 4 1 3
node 2 4 1 1
node 3 1 1 1
node 4 1 1 1
node 5 1 1 1
node 6 2 1 1
node 7 4 1 1
node 8 4 1 1
node 9 2 1 1
node 10 1 1 1
node 11 1 1 1
node 12 4 1 1
node 13 2 0 2
node 14 1 0 2
node 15 3 0 2
node 121 1 0 0
node 235 1 0 0
node 384 1 0 0
node 420 1 0 0
node 433 1 0 0
node 461 1 0 0
node 500 1 0 0
node 516 1 0 0
node 697 1 0 0
node 1018 2 0 0
node 1130 1 0 0
node 1323 1 0 0
node 1393 1 0 0
node 1479 1 0 0
node 1531 1 0 0
node 1732 1 0 0
node 1844 1 0 0
node 2023 1 0 0
node 2035 1 0 0
node 2054 1 0 0
node 2076 1 0 0
node 2174 1 0 0
node 2292 1 0 0
node 2306 1 0 0
node 2374 1 0 0
gene 2 1 13 -56229 0 1 -56229 1
gene 3 2 13 800000 0 2 800000 1
gene 2 3 13 -526809 0 3 -526809 1
gene 3 4 13 125922 0 4 125922 1
gene 2 5 13 293811 0 5 293811 1
gene 4 6 13 383091 0 6 383091 1
gene 3 7 13 -263601 0 7 -263601 1
gene 2 8 13 -474114 0 8 -474114 0
gene 3 9 13 562014 0 9 562014 1
gene 2 10 13 -379458 0 10 -379458 1
gene 2 11 13 455157 0 11 455157 0
gene 4 12 13 -92022 0 12 -92022 0
gene 4 1 14 -704421 0 13 -704421 1
gene 2 2 14 41043 0 14 41043 0
gene 4 3 14 -80391 0 15 -80391 1
gene 4 4 14 -641831 0 16 -641831 0
gene 4 5 14 -230196 0 17 -230196 1
gene 3 6 14 477297 0 18 477297 1
gene 2 7 14 4179 0 19 4179 1
gene 1 8 14 -749037 0 20 -749037 0
gene 2 9 14 228006 0 21 228006 0
gene 1 10 14 -725937 0 22 -725937 0
gene 1 11 14 568209 0 23 568209 0
gene 4 12 14 510672 0 24 510672 1
gene 3 1 15 260910 0 25 260910 1
gene 3 2 15 -49287 0 26 -49287 1
gene 3 3 15 544821 0 27 544821 0
gene 3 4 15 -347304 0 28 -347304 1
gene 3 5 15 325002 0 29 325002 1
gene 1 6 15 205764 0 30 205764 1
gene 3 7 15 197247 0 31 197247 0
gene 3 8 15 -230808 0 32 -230808 1
gene 3 9 15 -308526 0 33 -308526 1
gene 3 10 15 -262311 0 34 -262311 0
gene 2 11 15 -328029 0 35 -328029 1
gene 4 12 15 339480 0 36 339480 0
gene 4 15 15 161895 1 174 161895 0
gene 3 8 121 800000 0 329 800000 0
gene 3 121 15 -290910 0 330 -290910 1
gene 2 5 121 525126 0 438 525126 1
gene 2 7 121 577554 0 483 577554 1
gene 4 4 235 718422 0 666 718422 1
gene 4 235 14 800000 0 667 800000 1
gene 1 1 235 -643869 0 753 -643869 1
gene 1 9 235 -442358 0 1108 -442358 1
gene 3 10 384 -213006 0 1126 -213006 0
gene 3 384 15 192078 0 1127 192078 0
gene 2 14 14 -533685 1 1197 -533685 1
gene 3 7 420 -800000 0 1239 -800000 1
gene 3 420 15 -480627 0 1240 -480627 1
gene 3 2 433 -765668 0 1284 -765668 1
gene 3 433 13 296955 0 1285 296955 1
gene 4 3 461 528773 0 1352 528773 1
gene 4 461 14 -203079 0 1353 -203079 0
gene 4 15 500 366642 1 1453 366642 1
gene 4 500 15 -462033 0 1454 -462033 1
gene 1 8 516 -265941 0 1500 -265941 1
gene 1 516 14 -609204 0 1501 -609204 1
gene 1 384 121 -42978 0 1548 -42978 1
gene 2 8 461 -132348 0 1965 -132348 1
gene 3 3 697 -224822 0 2038 -224822 1
gene 3 697 15 796760 0 2039 796760 1
gene 2 1 500 342651 0 2133 342651 1
gene 1 3 433 508766 0 2628 508766 1
gene 1 516 516 -120198 1 2664 -120198 1
gene 3 8 1018 -39465 0 2997 -39465 1
gene 3 1018 121 -52101 0 2998 -52101 0
gene 3 15 433 800000 0 3156 800000 1
gene 1 10 1130 -127083 0 3329 -127083 1
gene 1 1130 14 696588 0 3330 696588 1
gene 3 500 697 468300 0 3371 468300 1
gene 2 3 516 386730 0 3603 386730 1
gene 2 9 1323 29868 0 3885 29868 1
gene 2 1323 14 310410 0 3886 310410 1
gene 2 121 420 -695910 0 3959 -695910 0
gene 2 8 1393 344487 0 4093 344487 1
gene 2 1393 13 800000 0 4094 800000 0
gene 1 11 1479 -795963 0 4325 -795963 1
gene 4 1479 14 55980 0 4326 55980 1
gene 4 12 1531 -193899 0 4477 -193899 1
gene 4 1531 15 -103698 0 4478 -103698 1
gene 2 1323 420 -263220 0 4676 -263220 1
gene 3 500 1479 324936 0 4897 324936 1
gene 4 461 461 -20958 1 4980 -20958 1
gene 2 121 1732 -218178 0 5095 -218178 1
gene 2 1732 420 218568 0 5096 218568 1
gene 1 384 500 426677 0 5133 426677 1
gene 2 15 14 274623 0 5180 274623 0
gene 4 6 1130 -86529 0 5368 -86529 1
gene 3 10 1844 14769 0 5409 14769 1
gene 3 1844 384 506790 0 5410 506790 1
gene 2 2 2023 800000 0 5908 800000 1
gene 2 2023 14 -575742 0 5909 -575742 1
gene 2 1393 2035 176031 0 5942 176031 0
gene 2 2035 13 318228 0 5943 318228 1
gene 4 461 2054 -787122 0 5995 -787122 0
gene 4 2054 14 491580 0 5996 491580 1
gene 4 461 2076 279027 0 6055 279027 1
gene 4 2076 2054 -32067 0 6056 -32067 1
gene 2 11 2174 394035 0 6336 394035 1
gene 2 2174 13 -85629 0 6337 -85629 1
gene 2 1393 2292 99817 0 6690 99817 1
gene 2 2292 2035 720777 0 6691 720777 1
gene 4 12 2306 -14156 0 6730 -14156 1
gene 4 2306 13 -188478 0 6731 -188478 1
gene 2 15 2374 1 0 6914 0 1
gene 2 2374 14 274623 0 6915 0 1
genomeend 24


/* Organism #48 Fitness: 200.000000 Time: 0 */
/* Position #48*/
#1 x: 50 y: 35
#2 x: 84 y: 35
#3 x: 16 y: 24
#4 x: 31 y: 61
#5 x: 48 y: 72
#6 x: 28 y: 70
genomestart 48
trait 1 43007.000000 16300.000000 0.000000 0.000000 0.000000 0.000000 87908.000000 0.000000 trait 2 2.000000 0.000000 0.000000 0.000000 0.000000 0.000000 0.000000 0.000000 trait 3 28689.000000 0.000000 0.000000 51304.000000 0.000000 0.000000 100000.000000 0.000000 trait 4 4.000000 0.000000 0.000000 0.000000 0.000000 0.000000 0.000000 37957.000000 node 1 4 1 3
node 2 4 1 1
node 3 1 1 1
node 4 1 1 1
node 5 1 1 1
node 6 2 1 1
node 7 4 1 1
node 8 4 1 1
node 9 2 1 1
node 10 1 1 1
node 11 2 1 1
node 12 4 1 1
node 13 2 0 2
node 14 1 0 2
node 15 3 0 2
node 121 1 0 0
node 235 1 0 0
node 384 1 0 0
node 420 1 0 0
node 433 1 0 0
node 461 1 0 0
node 500 1 0 0
node 516 1 0 0
node 697 1 0 0
node 1018 1 0 0
node 1130 1 0 0
node 1323 1 0 0
node 1393 1 0 0
node 1479 1 0 0
node 1531 1 0 0
node 1683 1 0 0
node 1734 1 0 0
node 1953 1 0 0
node 1976 1 0 0
node 1994 1 0 0
node 2272 1 0 0
node 2286 1 0 0
gene 2 1 13 295365 0 1 295365 1
gene 3 2 13 4329 0 2 4329 1
gene 2 3 13 100392 0 3 100392 1
gene 3 4 13 125892 0 4 125892 1
gene 2 5 13 800000 0 5 800000 1
gene 4 6 13 -94377 0 6 -94377 1
gene 3 7 13 77967 0 7 77967 1
gene 2 8 13 -471296 0 8 -471296 1
gene 3 9 13 -188187 0 9 -188187 0
gene 2 10 13 178071 0 10 178071 1
gene 2 11 13 764952 0 11 764952 1
gene 4 12 13 284877 0 12 284877 1
gene 2 1 14 -57912 0 13 -57912 1
gene 2 2 14 800000 0 14 800000 1
gene 4 3 14 124209 0 15 124209 1
gene 4 4 14 79524 0 16 79524 0
gene 4 5 14 589377 0 17 589377 1
gene 3 6 14 -219318 0 18 -219318 1
gene 2 7 14 -278454 0 19 -278454 1
gene 1 8 14 325290 0 20 325290 0
gene 2 9 14 694218 0 21 694218 0
gene 1 10 14 -522408 0 22 -522408 0
gene 1 11 14 -198501 0 23 -198501 0
gene 4 12 14 -406347 0 24 -406347 1
gene 3 1 15 -196221 0 25 -196221 1
gene 3 2 15 -108771 0 26 -108771 1
gene 3 3 15 -280770 0 27 -280770 0
gene 3 4 15 470286 0 28 470286 1
gene 3 5 15 -519891 0 29 -519891 1
gene 1 6 15 471861 0 30 471861 1
gene 3 7 15 654636 0 31 654636 1
gene 3 8 15 192393 0 32 192393 1
gene 3 9 15 736394 0 33 736394 1
gene 3 10 15 412449 0 34 412449 0
gene 2 11 15 -356046 0 35 -356046 1
gene 4 12 15 47577 0 36 47577 0
gene 4 15 15 -27735 1 174 -27735 0
gene 3 8 121 96720 0 329 96720 0
gene 3 121 15 140562 0 330 140562 1
gene 2 5 121 -624819 0 438 -624819 1
gene 2 7 121 -460899 0 483 -460899 1
gene 4 4 235 -197460 0 666 -197460 1
gene 4 235 14 -12858 0 667 -12858 1
gene 1 1 235 91647 0 753 91647 1
gene 1 9 235 -182691 0 1108 -182691 1
gene 3 10 384 -311507 0 1126 -311507 1
gene 3 384 15 -370101 0 1127 -370101 0
gene 2 14 14 199917 1 1197 199917 1
gene 3 7 420 -530039 0 1239 -530039 1
gene 3 420 15 369984 0 1240 369984 1
gene 3 2 433 83853 0 1284 83853 0
gene 3 433 13 220032 0 1285 220032 1
gene 4 3 461 -8313 0 1352 -8313 1
gene 4 461 14 110097 0 1353 110097 1
gene 4 15 500 -342090 1 1453 -342090 1
gene 4 500 15 -523287 0 1454 -523287 1
gene 1 8 516 148143 0 1500 148143 1
gene 1 516 14 -212742 0 1501 -212742 1
gene 1 384 121 414045 0 1548 414045 1
gene 2 8 461 82902 0 1965 82902 0
gene 3 3 697 614840 0 2038 614840 1
gene 3 697 15 -800000 0 2039 -800000 1
gene 2 1 500 326244 0 2133 326244 1
gene 1 3 433 -219474 0 2628 -219474 1
gene 2 516 516 -346614 1 2664 -346614 1
gene 3 8 1018 -483909 0 2997 -483909 1
gene 3 1018 121 -190143 0 2998 -190143 0
gene 3 15 433 599826 0 3156 599826 0
gene 1 10 1130 -191130 0 3329 -191130 1
gene 1 1130 14 -37539 0 3330 -37539 0
gene 3 500 697 234405 0 3371 234405 1
gene 1 3 516 800000 0 3603 800000 1
gene 2 9 1323 -702789 0 3885 -702789 0
gene 2 1323 14 -92184 0 3886 -92184 0
gene 2 121 420 -198759 0 3959 -198759 1
gene 2 8 1393 -161202 0 4093 -161202 1
gene 2 1393 13 116661 0 4094 116661 1
gene 1 11 1479 470838 0 4325 470838 1
gene 1 1479 14 662304 0 4326 662304 1
gene 4 12 1531 45024 0 4477 45024 1
gene 4 1531 15 231264 0 4478 231264 1
gene 3 1393 433 265497 0 4734 265497 1
gene 2 1323 1683 -413571 0 4950 -413571 1
gene 2 1683 14 -69108 0 4951 -69108 1
gene 2 9 1734 181641 0 5099 181641 1
gene 2 1734 1323 -461463 0 5100 -461463 1
gene 1 5 1531 -228060 0 5504 -228060 1
gene 2 1323 461 -195708 0 5534 -195708 1
gene 2 1734 1734 783423 1 5573 783423 1
gene 4 2 1683 143535 0 5674 143535 1
gene 1 1130 1953 -2070 0 5725 -2070 1
gene 1 1953 14 375126 0 5726 375126 1
gene 3 2 1976 193524 0 5782 193524 1
gene 3 1976 433 -507297 0 5783 -507297 1
gene 2 8 1994 -353013 0 5831 -353013 1
gene 2 1994 461 285924 0 5832 285924 1
gene 4 384 1323 -13863 0 6182 -13863 1
gene 2 3 420 -188050 0 6444 -188050 1
gene 1 7 1393 -223239 0 6586 -223239 1
gene 3 9 2272 -139742 0 6629 -139742 1
gene 3 2272 13 176505 0 6630 176505 1
gene 3 15 2286 64888 0 6668 64888 1
gene 3 2286 433 504327 0 6669 504327 1
gene 3 1994 2272 58806 0 6827 58806 1
gene 2 420 1994 8075 0 6856 8075 1
gene 4 1 1734 -33066 0 6938 -33066 1
genomeend 48


/* Organism #57 Fitness: 200.000000 Time: 0 */
/* Position #57*/
#1 x: 77 y: 18
#2 x: 82 y: 33
#3 x: 65 y: 32
#4 x: 81 y: 85
#5 x: 52 y: 72
#6 x: 41 y: 75
genomestart 57
trait 1 32344.000000 0.000000 0.000000 0.000000 0.000000 0.000000 100000.000000 0.000000 trait 2 2.000000 0.000000 0.000000 0.000000 0.000000 0.000000 0.000000 0.000000 trait 3 0.000000 0.000000 0.000000 0.000000 0.000000 13538.000000 70969.000000 0.000000 trait 4 4.000000 0.000000 49344.000000 0.000000 637.000000 0.000000 0.000000 37300.000000 node 1 4 1 3
node 2 4 1 1
node 3 1 1 1
node 4 1 1 1
node 5 1 1 1
node 6 2 1 1
node 7 4 1 1
node 8 4 1 1
node 9 2 1 1
node 10 1 1 1
node 11 2 1 1
node 12 4 1 1
node 13 2 0 2
node 14 1 0 2
node 15 3 0 2
node 121 1 0 0
node 235 1 0 0
node 384 1 0 0
node 420 1 0 0
node 433 1 0 0
node 461 1 0 0
node 500 1 0 0
node 516 1 0 0
node 697 1 0 0
node 1018 1 0 0
node 1130 3 0 0
node 1323 1 0 0
node 1393 1 0 0
node 1479 1 0 0
node 1531 1 0 0
node 1853 1 0 0
node 2038 1 0 0
node 2155 1 0 0
node 2164 1 0 0
node 2200 1 0 0
node 2216 1 0 0
gene 2 1 13 88026 0 1 88026 1
gene 3 2 13 -155922 0 2 -155922 1
gene 2 3 13 -800000 0 3 -800000 1
gene 4 4 13 712379 0 4 712379 1
gene 2 5 13 62661 0 5 62661 1
gene 4 6 13 242205 0 6 242205 1
gene 3 7 13 161202 0 7 161202 1
gene 2 8 13 -505512 0 8 -505512 1
gene 3 9 13 225375 0 9 225375 1
gene 2 10 13 -331053 0 10 -331053 1
gene 2 11 13 800000 0 11 800000 1
gene 4 12 13 -197802 0 12 -197802 1
gene 2 1 14 -776327 0 13 -776327 1
gene 2 2 14 176427 0 14 176427 1
gene 4 3 14 -215325 0 15 -215325 1
gene 4 4 14 -800000 0 16 -800000 0
gene 4 5 14 790392 0 17 790392 1
gene 3 6 14 410187 0 18 410187 1
gene 2 7 14 57453 0 19 57453 1
gene 1 8 14 110565 0 20 110565 0
gene 2 9 14 494490 0 21 494490 0
gene 1 10 14 66906 0 22 66906 0
gene 1 11 14 -460260 0 23 -460260 0
gene 4 12 14 -581660 0 24 -581660 1
gene 3 1 15 132357 0 25 132357 1
gene 3 2 15 -105729 0 26 -105729 1
gene 3 3 15 800000 0 27 800000 0
gene 3 4 15 -745964 0 28 -745964 1
gene 3 5 15 -547254 0 29 -547254 1
gene 1 6 15 -313716 0 30 -313716 1
gene 3 7 15 114093 0 31 114093 0
gene 3 8 15 -144012 0 32 -144012 1
gene 3 9 15 -19224 0 33 -19224 0
gene 3 10 15 -800000 0 34 -800000 1
gene 2 11 15 -724704 0 35 -724704 1
gene 4 12 15 443964 0 36 443964 1
gene 4 15 15 -459633 1 174 -459633 0
gene 3 8 121 586634 0 329 586634 0
gene 3 121 15 -800000 0 330 -800000 1
gene 2 5 121 800000 0 438 800000 1
gene 2 7 121 200643 0 483 200643 1
gene 4 4 235 87201 0 666 87201 1
gene 4 235 14 382104 0 667 382104 1
gene 1 1 235 -584997 0 753 -584997 1
gene 1 9 235 -800000 0 1108 -800000 1
gene 3 10 384 -25901 0 1126 -25901 1
gene 3 384 15 -24615 0 1127 -24615 0
gene 2 14 14 -125370 1 1197 -125370 0
gene 3 7 420 449130 0 1239 449130 1
gene 3 420 15 495323 0 1240 495323 1
gene 3 2 433 -176787 0 1284 -176787 1
gene 3 433 13 -551124 0 1285 -551124 0
gene 4 3 461 -800000 0 1352 -800000 1
gene 4 461 14 605094 0 1353 605094 1
gene 4 15 500 104514 1 1453 104514 1
gene 4 500 15 -653505 0 1454 -653505 1
gene 1 8 516 8160 0 1500 8160 1
gene 1 516 14 -170508 0 1501 -170508 1
gene 1 384 121 -193509 0 1548 -193509 1
gene 2 8 461 386631 0 1965 386631 1
gene 3 3 697 771219 0 2038 771219 1
gene 3 697 15 576663 0 2039 576663 1
gene 2 1 500 403332 0 2133 403332 1
gene 1 3 433 301410 0 2628 301410 1
gene 1 516 516 -4218 1 2664 -4218 1
gene 3 8 1018 360144 0 2997 360144 1
gene 2 1018 121 -380745 0 2998 -380745 0
gene 3 15 433 779505 0 3156 779505 1
gene 1 10 1130 184880 0 3329 184880 1
gene 1 1130 14 -412997 0 3330 -412997 1
gene 3 500 697 617745 0 3371 617745 1
gene 2 3 516 149922 0 3603 149922 1
gene 1 9 1323 729042 0 3885 729042 1
gene 2 1323 14 -672582 0 3886 -672582 1
gene 2 121 420 -420258 0 3959 -420258 1
gene 2 8 1393 502239 0 4093 502239 1
gene 2 1393 13 75588 0 4094 75588 1
gene 1 11 1479 609638 0 4325 609638 1
gene 1 1479 14 133860 0 4326 133860 0
gene 4 12 1531 -173655 0 4477 -173655 1
gene 4 1531 15 -113664 0 4478 -113664 1
gene 2 1323 420 -83457 0 4676 -83457 1
gene 3 500 1479 -374673 0 4897 -374673 1
gene 4 461 461 554609 1 4980 554609 1
gene 4 461 697 167328 0 5076 167328 1
gene 3 9 1853 357558 0 5434 357558 1
gene 3 1853 15 -378411 0 5435 -378411 1
gene 3 516 1479 272307 0 5581 272307 1
gene 1 11 433 266214 0 5915 266214 1
gene 1 1479 2038 -222492 0 5948 -222492 1
gene 1 2038 14 45597 0 5949 45597 1
gene 3 10 1393 22293 0 6134 22293 0
gene 3 10 2155 -76335 0 6287 -76335 1
gene 3 2155 1393 -270858 0 6288 -270858 1
gene 3 433 2164 288078 0 6310 288078 1
gene 3 2164 13 153633 0 6311 153633 1
gene 2 14 2200 135219 1 6415 135219 1
gene 2 2200 14 539814 0 6416 539814 0
gene 2 2200 2216 -160719 0 6461 -160719 1
gene 2 2216 14 242715 0 6462 242715 1
gene 1 12 2216 211118 0 6834 211118 1
genomeend 57


/* Organism #63 Fitness: 220.000000 Time: 0 */
/* Position #63*/
#1 x: 45 y: 33
#2 x: 53 y: 23
#3 x: 72 y: 21
#4 x: 62 y: 82
#5 x: 17 y: 78
#6 x: 22 y: 63
genomestart 63
trait 1 73187.000000 16300.000000 0.000000 0.000000 0.000000 0.000000 63765.000000 0.000000 trait 2 2.000000 0.000000 0.000000 0.000000 11024.000000 0.000000 36935.000000 0.000000 trait 3 0.000000 0.000000 0.000000 0.000000 0.000000 13538.000000 70969.000000 0.000000 trait 4 17399.000000 0.000000 11440.000000 97211.000000 0.000000 0.000000 2888.000000 37957.000000 node 1 4 1 3
node 2 4 1 1
node 3 1 1 1
node 4 1 1 1
node 5 1 1 1
node 6 2 1 1
node 7 4 1 1
node 8 4 1 1
node 9 2 1 1
node 10 1 1 1
node 11 1 1 1
node 12 4 1 1
node 13 2 0 2
node 14 1 0 2
node 15 3 0 2
node 121 1 0 0
node 235 1 0 0
node 384 4 0 0
node 420 1 0 0
node 433 1 0 0
node 461 1 0 0
node 500 1 0 0
node 516 1 0 0
node 697 1 0 0
node 1018 2 0 0
node 1130 1 0 0
node 1323 1 0 0
node 1393 1 0 0
node 1479 1 0 0
node 1531 1 0 0
node 1732 1 0 0
node 1844 1 0 0
node 2023 1 0 0
node 2035 1 0 0
node 2054 1 0 0
node 2076 1 0 0
node 2174 1 0 0
node 2292 1 0 0
node 2306 1 0 0
gene 2 1 13 -93891 0 1 -93891 1
gene 3 2 13 800000 0 2 800000 1
gene 2 3 13 -274509 0 3 -274509 1
gene 3 4 13 -83004 0 4 -83004 1
gene 2 5 13 121980 0 5 121980 1
gene 1 6 13 149508 0 6 149508 1
gene 3 7 13 -45846 0 7 -45846 1
gene 2 8 13 -800000 0 8 -800000 0
gene 3 9 13 419049 0 9 419049 1
gene 2 10 13 -280761 0 10 -280761 1
gene 2 11 13 -34077 0 11 -34077 0
gene 4 12 13 26328 0 12 26328 0
gene 4 1 14 -638295 0 13 -638295 1
gene 2 2 14 261990 0 14 261990 0
gene 4 3 14 -126570 0 15 -126570 1
gene 4 4 14 -800000 0 16 -800000 0
gene 4 5 14 -127176 0 17 -127176 1
gene 3 6 14 543669 0 18 543669 1
gene 2 7 14 256182 0 19 256182 1
gene 1 8 14 -97524 0 20 -97524 0
gene 2 9 14 610116 0 21 610116 0
gene 1 10 14 -374730 0 22 -374730 0
gene 1 11 14 790128 0 23 790128 0
gene 4 12 14 229794 0 24 229794 1
gene 3 1 15 -60156 0 25 -60156 1
gene 3 2 15 6474 0 26 6474 1
gene 3 3 15 -146232 0 27 -146232 0
gene 3 4 15 -489549 0 28 -489549 1
gene 3 5 15 584127 0 29 584127 1
gene 1 6 15 -344571 0 30 -344571 1
gene 3 7 15 800000 0 31 800000 0
gene 3 8 15 -435588 0 32 -435588 1
gene 3 9 15 -81033 0 33 -81033 1
gene 3 10 15 -145308 0 34 -145308 0
gene 2 11 15 312606 0 35 312606 1
gene 4 12 15 494865 0 36 494865 0
gene 4 15 15 -21138 1 174 -21138 0
gene 3 8 121 123747 0 329 123747 0
gene 3 121 15 -232689 0 330 -232689 1
gene 2 5 121 570501 0 438 570501 1
gene 2 7 121 621183 0 483 621183 1
gene 4 4 235 619458 0 666 619458 1
gene 4 235 14 487338 0 667 487338 1
gene 1 1 235 -800000 0 753 -800000 1
gene 1 9 235 -752657 0 1108 -752657 1
gene 3 10 384 -204180 0 1126 -204180 0
gene 3 384 15 -265509 0 1127 -265509 0
gene 2 14 14 6000 1 1197 6000 1
gene 3 7 420 -530864 0 1239 -530864 1
gene 3 420 15 -317136 0 1240 -317136 1
gene 3 2 433 -318518 0 1284 -318518 1
gene 3 433 13 167013 0 1285 167013 1
gene 4 3 461 656726 0 1352 656726 1
gene 4 461 14 297759 0 1353 297759 0
gene 4 15 500 518064 1 1453 518064 1
gene 4 500 15 -275562 0 1454 -275562 1
gene 1 8 516 -480744 0 1500 -480744 1
gene 1 516 14 -527703 0 1501 -527703 1
gene 1 384 121 167973 0 1548 167973 1
gene 2 8 461 -10965 0 1965 -10965 1
gene 3 3 697 -319634 0 2038 -319634 1
gene 3 697 15 453593 0 2039 453593 1
gene 2 1 500 -82608 0 2133 -82608 1
gene 1 3 433 596774 0 2628 596774 1
gene 1 516 516 -107163 1 2664 -107163 1
gene 3 8 1018 83304 0 2997 83304 1
gene 3 1018 121 -116010 0 2998 -116010 0
gene 3 15 433 170601 0 3156 170601 1
gene 1 10 1130 -98076 0 3329 -98076 1
gene 1 1130 14 484383 0 3330 484383 1
gene 3 500 697 -297 0 3371 -297 1
gene 2 3 516 247284 0 3603 247284 1
gene 2 9 1323 56532 0 3885 56532 1
gene 2 1323 14 702030 0 3886 702030 1
gene 2 121 420 -800000 0 3959 -800000 0
gene 2 8 1393 47676 0 4093 47676 1
gene 2 1393 13 798497 0 4094 798497 0
gene 1 11 1479 -683808 0 4325 -683808 1
gene 4 1479 14 -280596 0 4326 -280596 1
gene 4 12 1531 -199302 0 4477 -199302 1
gene 4 1531 15 -388269 0 4478 -388269 1
gene 2 1323 420 -161229 0 4676 -161229 1
gene 3 500 1479 526962 0 4897 526962 1
gene 4 461 461 88266 1 4980 88266 1
gene 2 121 1732 141249 0 5095 141249 1
gene 2 1732 420 555332 0 5096 555332 1
gene 1 384 500 255633 0 5133 255633 1
gene 2 15 14 189777 0 5180 189777 1
gene 4 6 1130 240933 0 5368 240933 1
gene 3 10 1844 68478 0 5409 68478 1
gene 3 1844 384 577446 0 5410 577446 1
gene 2 2 2023 61863 0 5908 61863 1
gene 2 2023 14 -464454 0 5909 -464454 1
gene 2 1393 2035 -112269 0 5942 -112269 0
gene 2 2035 13 364608 0 5943 364608 1
gene 4 461 2054 -800000 0 5995 -800000 0
gene 4 2054 14 23022 0 5996 23022 1
gene 4 461 2076 143481 0 6055 143481 1
gene 4 2076 2054 -29475 0 6056 -29475 1
gene 2 11 2174 -256230 0 6336 -256230 1
gene 2 2174 13 -272709 0 6337 -272709 1
gene 2 1393 2292 31161 0 6690 31161 1
gene 2 2292 2035 223305 0 6691 223305 1
gene 4 12 2306 134596 0 6730 134596 1
gene 4 2306 13 230973 0 6731 230973 1
genomeend 63


/* Organism #69 Fitness: 230.000000 Time: 0 */
/* Position #69*/
#1 x: 22 y: 24
#2 x: 73 y: 21
#3 x: 21 y: 31
#4 x: 15 y: 81
#5 x: 74 y: 64
#6 x: 37 y: 78
genomestart 69
trait 1 32344.000000 0.000000 0.000000 0.000000 0.000000 0.000000 100000.000000 0.000000 trait 2 2.000000 0.000000 0.000000 0.000000 0.000000 0.000000 0.000000 0.000000 trait 3 0.000000 0.000000 0.000000 0.000000 0.000000 13538.000000 70969.000000 0.000000 trait 4 4.000000 0.000000 0.000000 0.000000 0.000000 0.000000 0.000000 37957.000000 node 1 4 1 3
node 2 4 1 1
node 3 1 1 1
node 4 1 1 1
node 5 1 1 1
node 6 2 1 1
node 7 4 1 1
node 8 4 1 1
node 9 2 1 1
node 10 1 1 1
node 11 2 1 1
node 12 4 1 1
node 13 2 0 2
node 14 1 0 2
node 15 4 0 2
node 121 1 0 0
node 235 1 0 0
node 384 1 0 0
node 420 1 0 0
node 433 1 0 0
node 461 1 0 0
node 500 1 0 0
node 516 1 0 0
node 697 1 0 0
node 1018 1 0 0
node 1130 3 0 0
node 1323 1 0 0
node 1393 1 0 0
node 1479 1 0 0
node 1531 1 0 0
node 1853 1 0 0
node 2038 1 0 0
node 2121 1 0 0
node 2263 1 0 0
node 2277 1 0 0
node 2288 1 0 0
gene 2 1 13 -72132 0 1 -72132 1
gene 3 2 13 46266 0 2 46266 1
gene 2 3 13 -113007 0 3 -113007 1
gene 3 4 13 -291996 0 4 -291996 1
gene 2 5 13 587760 0 5 587760 1
gene 4 6 13 -74163 0 6 -74163 1
gene 3 7 13 124095 0 7 124095 1
gene 2 8 13 -800000 0 8 -800000 1
gene 3 9 13 -384450 0 9 -384450 0
gene 2 10 13 195729 0 10 195729 1
gene 2 11 13 14415 0 11 14415 1
gene 4 12 13 -263505 0 12 -263505 1
gene 2 1 14 -649377 0 13 -649377 1
gene 2 2 14 171699 0 14 171699 1
gene 4 3 14 249015 0 15 249015 1
gene 4 4 14 -20757 0 16 -20757 0
gene 4 5 14 -168975 0 17 -168975 1
gene 3 6 14 652683 0 18 652683 1
gene 2 7 14 -46167 0 19 -46167 1
gene 1 8 14 32328 0 20 32328 0
gene 2 9 14 -136530 0 21 -136530 0
gene 1 10 14 -525164 0 22 -525164 0
gene 1 11 14 234849 0 23 234849 0
gene 4 12 14 -383220 0 24 -383220 1
gene 3 1 15 243990 0 25 243990 1
gene 3 2 15 62289 0 26 62289 1
gene 3 3 15 656328 0 27 656328 0
gene 3 4 15 -245823 0 28 -245823 1
gene 3 5 15 -62412 0 29 -62412 1
gene 1 6 15 312669 0 30 312669 1
gene 3 7 15 -346110 0 31 -346110 0
gene 3 8 15 -695076 0 32 -695076 1
gene 3 9 15 -800000 0 33 -800000 0
gene 3 10 15 172203 0 34 172203 1
gene 2 11 15 -60276 0 35 -60276 1
gene 4 12 15 -17154 0 36 -17154 1
gene 4 15 15 -218874 1 174 -218874 0
gene 3 8 121 -299229 0 329 -299229 0
gene 3 121 15 221013 0 330 221013 1
gene 2 5 121 506706 0 438 506706 1
gene 2 7 121 -56016 0 483 -56016 1
gene 4 4 235 -477429 0 666 -477429 1
gene 4 235 14 -108465 0 667 -108465 1
gene 1 1 235 -417375 0 753 -417375 1
gene 1 9 235 563841 0 1108 563841 1
gene 3 10 384 90891 0 1126 90891 1
gene 3 384 15 148773 0 1127 148773 0
gene 2 14 14 -341799 1 1197 -341799 1
gene 3 7 420 -411459 0 1239 -411459 1
gene 3 420 15 -470637 0 1240 -470637 0
gene 3 2 433 76671 0 1284 76671 1
gene 3 433 13 -280350 0 1285 -280350 0
gene 4 3 461 -408708 0 1352 -408708 1
gene 4 461 14 275801 0 1353 275801 1
gene 4 15 500 -236673 1 1453 -236673 1
gene 4 500 15 -43125 0 1454 -43125 1
gene 1 8 516 127941 0 1500 127941 1
gene 1 516 14 294744 0 1501 294744 1
gene 1 384 121 -110031 0 1548 -110031 1
gene 2 8 461 -800000 0 1965 -800000 1
gene 3 3 697 53976 0 2038 53976 1
gene 3 697 15 182499 0 2039 182499 1
gene 2 1 500 301245 0 2133 301245 1
gene 1 3 433 594762 0 2628 594762 1
gene 1 516 516 -190284 1 2664 -190284 1
gene 3 8 1018 -504756 0 2997 -504756 0
gene 2 1018 121 -336330 0 2998 -336330 0
gene 3 15 433 -241869 0 3156 -241869 1
gene 1 10 1130 -293169 0 3329 -293169 1
gene 1 1130 14 -263568 0 3330 -263568 1
gene 3 500 697 800000 0 3371 800000 1
gene 2 3 516 629214 0 3603 629214 1
gene 1 9 1323 274824 0 3885 274824 1
gene 2 1323 14 -385689 0 3886 -385689 1
gene 2 121 420 332091 0 3959 332091 1
gene 2 8 1393 94143 0 4093 94143 1
gene 2 1393 13 208638 0 4094 208638 1
gene 1 11 1479 191196 0 4325 191196 1
gene 1 1479 14 101970 0 4326 101970 0
gene 4 12 1531 -23196 0 4477 -23196 1
gene 4 1531 15 -646065 0 4478 -646065 1
gene 2 1323 420 -533718 0 4676 -533718 1
gene 3 500 1479 796293 0 4897 796293 1
gene 4 461 461 -451176 1 4980 -451176 1
gene 4 461 697 -228294 0 5076 -228294 1
gene 3 9 1853 775548 0 5434 775548 1
gene 3 1853 15 65409 0 5435 65409 1
gene 3 516 1479 145539 0 5581 145539 1
gene 1 11 433 92565 0 5915 92565 1
gene 1 1479 2038 -104808 0 5948 -104808 1
gene 1 2038 14 -197988 0 5949 -197988 1
gene 3 10 1393 -412896 0 6134 -412896 1
gene 3 9 2121 -230669 0 6176 -230669 1
gene 3 2121 13 -132831 0 6177 -132831 1
gene 3 8 2263 66666 0 6602 66666 1
gene 3 2263 1018 -244812 0 6603 -244812 1
gene 3 433 2277 -244178 0 6644 -244178 1
gene 3 2277 13 -25491 0 6645 -25491 1
gene 3 420 2288 108273 0 6677 108273 1
gene 3 2288 15 230616 0 6678 230616 1
gene 3 7 235 -244710 0 6727 -244710 1
genomeend 69


/* Organism #72 Fitness: 380.000000 Time: 0 */
/* Position #72*/
#1 x: 46 y: 38
#2 x: 55 y: 16
#3 x: 30 y: 31
#4 x: 27 y: 82
#5 x: 29 y: 75
#6 x: 45 y: 67
genomestart 72
trait 1 43007.000000 16300.000000 0.000000 0.000000 0.000000 0.000000 87908.000000 0.000000 trait 2 2.000000 0.000000 0.000000 0.000000 0.000000 0.000000 0.000000 0.000000 trait 3 28689.000000 0.000000 0.000000 51304.000000 0.000000 0.000000 100000.000000 0.000000 trait 4 4.000000 0.000000 0.000000 0.000000 0.000000 0.000000 0.000000 37957.000000 node 1 4 1 3
node 2 4 1 1
node 3 1 1 1
node 4 1 1 1
node 5 1 1 1
node 6 2 1 1
node 7 4 1 1
node 8 4 1 1
node 9 2 1 1
node 10 1 1 1
node 11 2 1 1
node 12 4 1 1
node 13 2 0 2
node 14 1 0 2
node 15 3 0 2
node 121 1 0 0
node 235 1 0 0
node 384 1 0 0
node 420 1 0 0
node 433 1 0 0
node 461 1 0 0
node 500 1 0 0
node 516 1 0 0
node 697 1 0 0
node 1018 1 0 0
node 1130 1 0 0
node 1323 1 0 0
node 1393 1 0 0
node 1479 2 0 0
node 1531 1 0 0
node 1683 1 0 0
node 1734 1 0 0
node 1953 1 0 0
node 1976 1 0 0
node 1994 1 0 0
node 2272 1 0 0
node 2286 1 0 0
gene 2 1 13 -683769 0 1 -683769 1
gene 3 2 13 -180831 0 2 -180831 1
gene 2 3 13 -189198 0 3 -189198 1
gene 3 4 13 714168 0 4 714168 1
gene 2 5 13 779429 0 5 779429 1
gene 4 6 13 -412275 0 6 -412275 1
gene 3 7 13 -452445 0 7 -452445 1
gene 2 8 13 -236375 0 8 -236375 0
gene 3 9 13 -270510 0 9 -270510 0
gene 2 10 13 -493875 0 10 -493875 1
gene 2 11 13 156207 0 11 156207 1
gene 4 12 13 -75549 0 12 -75549 1
gene 2 1 14 649784 0 13 649784 1
gene 2 2 14 580517 0 14 580517 1
gene 4 3 14 -124434 0 15 -124434 1
gene 4 4 14 58656 0 16 58656 0
gene 4 5 14 -184329 0 17 -184329 1
gene 3 6 14 118011 0 18 118011 1
gene 2 7 14 528312 0 19 528312 1
gene 1 8 14 295932 0 20 295932 0
gene 2 9 14 445518 0 21 445518 0
gene 1 10 14 78696 0 22 78696 0
gene 1 11 14 -176292 0 23 -176292 0
gene 4 12 14 62742 0 24 62742 1
gene 3 1 15 183063 0 25 183063 1
gene 3 2 15 194070 0 26 194070 1
gene 3 3 15 -669657 0 27 -669657 0
gene 3 4 15 731658 0 28 731658 1
gene 3 5 15 -50304 0 29 -50304 1
gene 1 6 15 -27318 0 30 -27318 1
gene 3 7 15 173598 0 31 173598 0
gene 3 8 15 476781 0 32 476781 1
gene 3 9 15 640670 0 33 640670 1
gene 3 10 15 258852 0 34 258852 0
gene 2 11 15 120234 0 35 120234 1
gene 4 12 15 9192 0 36 9192 0
gene 4 15 15 456933 1 174 456933 0
gene 3 8 121 715995 0 329 715995 0
gene 3 121 15 -144504 0 330 -144504 1
gene 2 5 121 109188 0 438 109188 1
gene 2 7 121 69543 0 483 69543 1
gene 4 4 235 327171 0 666 327171 1
gene 4 235 14 -72546 0 667 -72546 1
gene 1 1 235 21099 0 753 21099 1
gene 1 9 235 -518880 0 1108 -518880 1
gene 3 10 384 -267848 0 1126 -267848 1
gene 3 384 15 -667896 0 1127 -667896 0
gene 2 14 14 -52914 1 1197 -52914 1
gene 3 7 420 104682 0 1239 104682 1
gene 3 420 15 251928 0 1240 251928 1
gene 3 2 433 -33120 0 1284 -33120 0
gene 3 433 13 12318 0 1285 12318 1
gene 4 3 461 -403251 0 1352 -403251 1
gene 4 461 14 -253050 0 1353 -253050 1
gene 4 15 500 -216657 1 1453 -216657 1
gene 4 500 15 -690951 0 1454 -690951 1
gene 1 8 516 -16245 0 1500 -16245 1
gene 1 516 14 -481440 0 1501 -481440 1
gene 1 384 121 460464 0 1548 460464 1
gene 2 8 461 528189 0 1965 528189 0
gene 3 3 697 728816 0 2038 728816 1
gene 3 697 15 -800000 0 2039 -800000 1
gene 2 1 500 260100 0 2133 260100 1
gene 1 3 433 -190068 0 2628 -190068 1
gene 2 516 516 -131163 1 2664 -131163 1
gene 3 8 1018 -593145 0 2997 -593145 1
gene 3 1018 121 27438 0 2998 27438 0
gene 3 15 433 -86754 0 3156 -86754 0
gene 1 10 1130 -695562 0 3329 -695562 1
gene 1 1130 14 -267288 0 3330 -267288 0
gene 3 500 697 261606 0 3371 261606 1
gene 1 3 516 562311 0 3603 562311 1
gene 2 9 1323 -641907 0 3885 -641907 0
gene 2 1323 14 290937 0 3886 290937 0
gene 2 121 420 -361527 0 3959 -361527 1
gene 2 8 1393 -191706 0 4093 -191706 1
gene 2 1393 13 189201 0 4094 189201 1
gene 1 11 1479 294288 0 4325 294288 1
gene 1 1479 14 545199 0 4326 545199 1
gene 4 12 1531 109152 0 4477 109152 1
gene 4 1531 15 760863 0 4478 760863 1
gene 3 1393 433 -163092 0 4734 -163092 1
gene 2 1323 1683 -223671 0 4950 -223671 1
gene 2 1683 14 392646 0 4951 392646 1
gene 2 9 1734 -187887 0 5099 -187887 1
gene 2 1734 1323 365613 0 5100 365613 1
gene 1 5 1531 144750 0 5504 144750 1
gene 2 1323 461 -476967 0 5534 -476967 1
gene 2 1734 1734 48132 1 5573 48132 1
gene 4 2 1683 97605 0 5674 97605 1
gene 1 1130 1953 285954 0 5725 285954 1
gene 1 1953 14 392358 0 5726 392358 1
gene 3 2 1976 494709 0 5782 494709 1
gene 3 1976 433 -22614 0 5783 -22614 1
gene 2 8 1994 -800000 0 5831 -800000 1
gene 2 1994 461 -138693 0 5832 -138693 1
gene 4 384 1323 -291636 0 6182 -291636 1
gene 2 3 420 -297301 0 6444 -297301 1
gene 1 7 1393 -486326 0 6586 -486326 1
gene 3 9 2272 131884 0 6629 131884 1
gene 3 2272 13 192891 0 6630 192891 1
gene 3 15 2286 -195308 0 6668 -195308 1
gene 3 2286 433 -530727 0 6669 -530727 1
gene 1 1994 697 -202175 0 6884 -202175 1
genomeend 72


