/* Organism #8 Fitness: 260.000000 Time: 0 */
/* Position #8*/
#1 x: 57 y: 38
#2 x: 21 y: 19
#3 x: 64 y: 29
#4 x: 50 y: 62
#5 x: 18 y: 71
#6 x: 76 y: 79
genomestart 8
trait 1 0.000000 29508.000000 0.000000 0.000000 0.000000 0.000000 0.000000 81925.000000 trait 2 2.000000 0.000000 0.000000 0.000000 0.000000 0.000000 0.000000 0.000000 trait 3 0.000000 0.000000 0.000000 0.000000 52930.000000 0.000000 0.000000 0.000000 trait 4 4.000000 0.000000 0.000000 0.000000 0.000000 0.000000 0.000000 0.000000 node 1 3 1 3
node 2 3 1 1
node 3 1 1 1
node 4 2 1 1
node 5 4 1 1
node 6 3 1 1
node 7 2 1 1
node 8 3 1 1
node 9 1 1 1
node 10 1 1 1
node 11 1 1 1
node 12 1 1 1
node 13 3 0 2
node 14 3 0 2
node 15 2 0 2
node 30 1 0 0
node 156 1 0 0
node 183 1 0 0
node 207 1 0 0
node 238 1 0 0
node 310 1 0 0
node 388 1 0 0
node 419 1 0 0
node 455 1 0 0
node 591 1 0 0
node 612 1 0 0
node 646 1 0 0
node 695 1 0 0
node 758 1 0 0
node 873 1 0 0
node 934 1 0 0
node 1136 1 0 0
node 1191 1 0 0
node 1225 1 0 0
node 1350 1 0 0
node 1420 1 0 0
node 1454 1 0 0
node 1488 1 0 0
node 1550 1 0 0
node 1591 1 0 0
node 1626 2 0 0
node 1821 1 0 0
node 1868 2 0 0
node 1975 1 0 0
node 2010 1 0 0
node 2051 1 0 0
node 2192 1 0 0
node 2223 1 0 0
node 2280 1 0 0
node 2365 1 0 0
node 2390 1 0 0
node 2447 1 0 0
node 2570 1 0 0
node 2753 1 0 0
node 2783 1 0 0
node 2922 1 0 0
node 3065 1 0 0
node 3096 1 0 0
node 3185 1 0 0
node 3206 1 0 0
node 3236 1 0 0
node 3278 1 0 0
node 3303 1 0 0
node 3403 1 0 0
node 3528 1 0 0
node 3611 1 0 0
node 3652 1 0 0
node 3816 3 0 0
node 3850 1 0 0
node 4020 1 0 0
node 4056 1 0 0
node 4084 1 0 0
node 4114 1 0 0
node 4165 1 0 0
node 4273 1 0 0
node 4305 1 0 0
node 4345 1 0 0
node 4471 1 0 0
node 4502 1 0 0
node 4531 1 0 0
node 4609 1 0 0
node 4649 1 0 0
node 4684 1 0 0
node 4718 1 0 0
node 4752 1 0 0
node 4789 1 0 0
gene 2 1 13 -168690 0 1 -168690 1
gene 2 2 13 444371 0 2 444371 0
gene 2 3 13 -473420 0 3 -473420 1
gene 2 4 13 659091 0 4 659091 1
gene 1 5 13 479211 0 5 479211 1
gene 3 6 13 -646524 0 6 -646524 1
gene 4 7 13 658557 0 7 658557 0
gene 1 8 13 719927 0 8 719927 1
gene 3 9 13 -101892 0 9 -101892 1
gene 4 10 13 -30114 0 10 -30114 1
gene 4 11 13 98910 0 11 98910 0
gene 3 12 13 -103221 0 12 -103221 0
gene 1 1 14 -289686 0 13 -289686 1
gene 2 2 14 345852 0 14 345852 0
gene 1 3 14 -11268 0 15 -11268 1
gene 3 4 14 43569 0 16 43569 1
gene 2 5 14 -485895 0 17 -485895 1
gene 4 6 14 69585 0 18 69585 0
gene 3 7 14 224988 0 19 224988 0
gene 3 8 14 -402969 0 20 -402969 1
gene 1 9 14 -777027 0 21 -777027 1
gene 1 10 14 203193 0 22 203193 1
gene 3 11 14 -378744 0 23 -378744 1
gene 4 12 14 -462216 0 24 -462216 1
gene 1 1 15 -86589 0 25 -86589 1
gene 2 2 15 -361628 0 26 -361628 0
gene 2 3 15 257157 0 27 257157 1
gene 3 4 15 222441 0 28 222441 0
gene 2 5 15 -467940 0 29 -467940 0
gene 2 6 15 158376 0 30 158376 1
gene 3 7 15 237894 0 31 237894 0
gene 4 8 15 -528615 0 32 -528615 1
gene 3 9 15 762924 0 33 762924 1
gene 1 10 15 -219189 0 34 -219189 1
gene 2 11 15 385692 0 35 385692 1
gene 2 12 15 168909 0 36 168909 1
gene 2 2 30 168969 0 68 168969 1
gene 2 30 14 307719 0 69 307719 1
gene 4 12 30 -274788 0 128 -274788 0
gene 4 13 14 -416403 0 154 -416403 1
gene 1 5 156 312204 0 401 312204 0
gene 1 156 13 256263 0 402 256263 0
gene 2 11 183 -277302 0 483 -277302 1
gene 2 183 15 -243939 0 484 -243939 0
gene 2 3 207 400692 0 547 400692 0
gene 2 207 13 -48105 0 548 -48105 1
gene 2 5 238 378756 0 628 378756 0
gene 2 238 15 -252138 0 629 -252138 0
gene 3 10 183 -384369 0 685 -384369 0
gene 3 9 207 84312 0 756 84312 1
gene 4 12 310 469665 0 820 469665 1
gene 4 310 30 -196998 0 821 -196998 0
gene 3 10 388 -82648 0 1034 -82648 0
gene 3 388 183 -565797 0 1035 -565797 1
gene 3 7 419 -120291 0 1104 -120291 0
gene 3 419 15 45297 0 1105 45297 1
gene 1 9 455 -43851 0 1202 -43851 1
gene 1 455 14 96483 0 1203 96483 1
gene 1 455 455 340545 1 1275 340545 1
gene 3 419 591 -496649 0 1555 -496649 1
gene 3 591 15 -125277 0 1556 -125277 0
gene 3 7 612 22227 0 1605 22227 0
gene 3 612 14 105586 0 1606 105586 0
gene 3 4 646 -230888 0 1691 -230888 1
gene 3 646 14 331638 0 1692 331638 1
gene 4 6 388 -54735 0 1763 -54735 1
gene 1 455 695 800000 1 1828 800000 1
gene 1 695 455 -182520 0 1829 -182520 0
gene 1 695 758 -792743 0 1982 -792743 1
gene 1 758 455 -116190 0 1983 -116190 0
gene 2 183 873 748697 0 2264 748697 0
gene 2 873 15 -194202 0 2265 -194202 0
gene 1 310 388 800000 0 2353 800000 1
gene 1 10 934 -262437 0 2417 -262437 0
gene 1 934 14 537696 0 2418 537696 1
gene 2 9 388 -800000 0 2756 -800000 1
gene 2 9 1136 198030 0 2936 198030 1
gene 2 1136 388 573081 0 2937 573081 0
gene 1 934 1191 800000 0 3070 800000 1
gene 1 1191 14 50958 0 3071 50958 1
gene 2 3 1225 -541386 0 3155 -541386 1
gene 2 1225 207 -15675 0 3156 -15675 1
gene 1 873 873 103125 1 3296 103125 1
gene 1 591 455 800000 0 3392 800000 0
gene 2 1136 1350 -424029 0 3472 -424029 1
gene 2 1350 388 -181584 0 3473 -181584 1
gene 2 238 238 -361473 1 3569 -361473 0
gene 3 10 1420 800000 0 3648 800000 1
gene 3 1420 388 -540996 0 3649 -540996 0
gene 3 4 1454 166515 0 3731 166515 1
gene 3 1454 15 109866 0 3732 109866 1
gene 3 612 1488 -174498 0 3812 -174498 1
gene 3 1488 14 -258783 0 3813 -258783 1
gene 3 388 1550 -736785 0 3976 -736785 1
gene 3 1550 183 -558399 0 3977 -558399 1
gene 3 1420 1591 98774 0 4076 98774 1
gene 3 1591 388 132888 0 4077 132888 1
gene 4 310 1626 779172 0 4165 779172 1
gene 4 1626 30 86454 0 4166 86454 0
gene 4 1550 419 -719114 0 4260 -719114 1
gene 1 455 1821 -276084 0 4650 -276084 1
gene 1 1821 14 -503160 0 4651 -503160 1
gene 1 5 1868 -115590 0 4778 -115590 1
gene 1 1868 156 -268536 0 4779 -268536 1
gene 1 183 183 363464 1 4880 363464 0
gene 4 1550 1550 -321510 1 4949 -321510 0
gene 3 1454 1975 800000 0 5033 800000 1
gene 3 1975 15 -404904 0 5034 -404904 0
gene 1 156 2010 6525 0 5118 6525 1
gene 1 2010 13 -594138 0 5119 -594138 1
gene 3 1550 2051 800000 0 5219 800000 1
gene 3 2051 183 -176474 0 5220 -176474 1
gene 3 612 612 140778 1 5310 140778 0
gene 1 183 2192 -604128 1 5568 -604128 1
gene 1 2192 183 -258519 0 5569 -258519 0
gene 1 310 2223 354384 0 5641 354384 1
gene 1 2223 388 275685 0 5642 275685 0
gene 3 419 2280 13650 0 5793 13650 1
gene 3 2280 591 111489 0 5794 111489 1
gene 3 591 2365 -110754 0 6011 -110754 1
gene 3 2365 15 -800000 0 6012 -800000 0
gene 4 1626 2390 100008 0 6075 100008 1
gene 4 2390 30 654525 0 6076 654525 1
gene 2 1136 2447 -469689 0 6225 -469689 1
gene 2 2447 1350 187650 0 6226 187650 0
gene 4 11 2570 474990 0 6534 474990 0
gene 4 2570 13 -620910 0 6535 -620910 0
gene 3 7 2753 177804 0 6991 177804 1
gene 3 2753 612 395553 0 6992 395553 1
gene 1 183 2783 24145 1 7072 24145 0
gene 1 2783 183 -448020 0 7073 -448020 0
gene 1 758 1591 36286 0 7387 36286 1
gene 1 2192 2922 -199098 0 7438 -199098 1
gene 1 2922 183 385791 0 7439 385791 1
gene 2 1454 1454 127713 1 7652 127713 1
gene 4 7 2192 -281209 0 7731 -281209 0
gene 1 2223 3065 504312 0 7809 504312 1
gene 1 3065 388 151797 0 7810 151797 0
gene 3 9 3096 -642701 0 7884 -642701 1
gene 3 3096 15 284031 0 7885 284031 0
gene 3 1136 1821 -364746 0 7970 -364746 1
gene 1 10 3185 284661 0 8106 284661 1
gene 1 3185 934 588897 0 8107 588897 1
gene 3 3096 3206 -162417 0 8161 -162417 1
gene 3 3206 15 97653 0 8162 97653 1
gene 4 6 3236 -324552 0 8245 -324552 1
gene 4 3236 14 -192057 0 8246 -192057 1
gene 2 1136 3278 91662 0 8347 91662 1
gene 2 3278 388 -255603 0 8348 -255603 1
gene 1 758 3303 443004 0 8414 443004 1
gene 1 3303 455 -331083 0 8415 -331083 1
gene 3 8 2447 -240681 0 8513 -240681 1
gene 1 591 591 184299 1 8588 184299 1
gene 3 12 3403 -391869 0 8670 -391869 1
gene 1 3403 13 96441 0 8671 96441 1
gene 4 7 3528 -189054 0 8979 -189054 1
gene 4 3528 2192 48459 0 8980 48459 1
gene 3 3096 612 -76440 0 9082 -76440 1
gene 3 612 3611 287127 1 9204 287127 1
gene 3 3611 612 109707 0 9205 109707 1
gene 4 1550 3652 -209675 1 9292 -209675 1
gene 4 3652 1550 49107 0 9293 49107 1
gene 1 2280 1454 -205692 0 9594 -205692 1
gene 1 183 3816 279972 1 9727 279972 1
gene 1 3816 2783 42519 0 9728 42519 1
gene 2 238 3850 -4266 1 9814 -4266 1
gene 2 3850 238 -310140 0 9815 -310140 1
gene 3 646 2365 -124485 0 9895 -124485 1
gene 4 2922 2922 250764 1 10151 250764 1
gene 4 11 4020 60363 0 10235 60363 1
gene 4 4020 2570 116700 0 10236 116700 1
gene 2 5 4056 -149696 0 10320 -149696 1
gene 2 4056 238 57381 0 10321 57381 1
gene 2 2 4084 101710 0 10394 101710 1
gene 2 4084 13 669752 0 10395 669752 1
gene 3 1975 4114 57166 0 10472 57166 1
gene 3 4114 15 -287658 0 10473 -287658 1
gene 4 7 4165 153805 0 10605 153805 1
gene 4 4165 13 -21006 0 10606 -21006 1
gene 1 2783 2570 129852 0 10685 129852 1
gene 1 2783 4273 13752 0 10874 13752 1
gene 1 4273 183 -489849 0 10875 -489849 1
gene 2 2447 4305 464569 0 10952 464569 1
gene 2 4305 1350 -85524 0 10953 -85524 1
gene 4 2570 4345 -192707 0 11049 -192707 1
gene 4 4345 13 -800000 0 11050 -800000 1
gene 4 156 15 179151 0 11135 179151 1
gene 1 3065 4471 -76940 0 11369 -76940 1
gene 1 4471 388 -115749 0 11370 -115749 1
gene 3 2365 4502 -13382 0 11439 -13382 1
gene 3 4502 15 -737493 0 11440 -737493 1
gene 1 591 4531 -159329 0 11513 -159329 1
gene 1 4531 455 642483 0 11514 642483 1
gene 2 238 4609 1 0 11693 0 1
gene 2 4609 15 -252138 0 11694 0 1
gene 2 2 4649 1 0 11787 0 1
gene 2 4649 15 -361628 0 11788 0 1
gene 3 7 4684 1 0 11871 0 1
gene 3 4684 419 -120291 0 11872 0 1
gene 2 873 4718 1 0 11956 0 1
gene 2 4718 15 -194202 0 11957 0 1
gene 2 183 4752 1 0 12043 0 1
gene 2 4752 873 748697 0 12044 0 1
gene 2 3 4789 1 0 12139 0 1
gene 2 4789 207 400692 0 12140 0 1
genomeend 8


/* Organism #14 Fitness: 300.000000 Time: 0 */
/* Position #14*/
#1 x: 37 y: 34
#2 x: 20 y: 18
#3 x: 65 y: 32
#4 x: 60 y: 78
#5 x: 39 y: 73
#6 x: 44 y: 71
genomestart 14
trait 1 1.000000 0.000000 0.000000 0.000000 0.000000 0.000000 0.000000 0.000000 trait 2 2.000000 0.000000 0.000000 0.000000 0.000000 0.000000 0.000000 0.000000 trait 3 0.000000 0.000000 0.000000 0.000000 64821.000000 0.000000 18297.000000 0.000000 trait 4 4.000000 0.000000 0.000000 0.000000 0.000000 0.000000 0.000000 0.000000 node 1 3 1 3
node 2 3 1 1
node 3 1 1 1
node 4 2 1 1
node 5 4 1 1
node 6 3 1 1
node 7 2 1 1
node 8 3 1 1
node 9 1 1 1
node 10 1 1 1
node 11 1 1 1
node 12 1 1 1
node 13 3 0 2
node 14 3 0 2
node 15 4 0 2
node 30 1 0 0
node 156 1 0 0
node 183 1 0 0
node 207 1 0 0
node 238 1 0 0
node 310 1 0 0
node 388 1 0 0
node 419 1 0 0
node 455 1 0 0
node 591 1 0 0
node 612 1 0 0
node 646 1 0 0
node 695 1 0 0
node 758 1 0 0
node 873 1 0 0
node 934 1 0 0
node 1136 1 0 0
node 1191 1 0 0
node 1225 1 0 0
node 1350 1 0 0
node 1420 1 0 0
node 1454 1 0 0
node 1488 1 0 0
node 1550 1 0 0
node 1591 1 0 0
node 1626 2 0 0
node 1821 1 0 0
node 1868 1 0 0
node 1975 1 0 0
node 2010 1 0 0
node 2051 1 0 0
node 2229 1 0 0
node 2333 1 0 0
node 2385 1 0 0
node 2552 1 0 0
node 2588 1 0 0
node 2686 1 0 0
node 2790 1 0 0
node 2845 1 0 0
node 2931 1 0 0
node 2998 1 0 0
node 3130 1 0 0
node 3158 1 0 0
node 3253 1 0 0
node 3289 1 0 0
node 3343 1 0 0
node 3403 1 0 0
node 3477 1 0 0
node 3622 1 0 0
node 3688 1 0 0
node 3775 1 0 0
node 3801 1 0 0
node 3865 1 0 0
node 3954 1 0 0
node 3985 1 0 0
node 4017 1 0 0
node 4055 1 0 0
node 4079 1 0 0
node 4142 1 0 0
node 4420 1 0 0
node 4456 1 0 0
node 4542 1 0 0
node 4582 1 0 0
node 4648 1 0 0
node 4725 1 0 0
gene 2 1 13 -612978 0 1 -612978 1
gene 2 2 13 -29463 0 2 -29463 1
gene 2 3 13 13827 0 3 13827 1
gene 2 4 13 -151323 0 4 -151323 1
gene 1 5 13 -313857 0 5 -313857 0
gene 3 6 13 -479826 0 6 -479826 1
gene 4 7 13 366078 0 7 366078 1
gene 1 8 13 -800000 0 8 -800000 1
gene 3 9 13 -107721 0 9 -107721 0
gene 4 10 13 32736 0 10 32736 1
gene 4 11 13 -328904 0 11 -328904 1
gene 3 12 13 358593 0 12 358593 0
gene 1 1 14 -299451 0 13 -299451 1
gene 2 2 14 124806 0 14 124806 0
gene 1 3 14 -340101 0 15 -340101 1
gene 3 4 14 -77088 0 16 -77088 0
gene 2 5 14 -129969 0 17 -129969 1
gene 4 6 14 389559 0 18 389559 0
gene 3 7 14 185832 0 19 185832 0
gene 3 8 14 96852 0 20 96852 0
gene 1 9 14 -388260 0 21 -388260 0
gene 1 10 14 587297 0 22 587297 0
gene 3 11 14 -256104 0 23 -256104 1
gene 4 12 14 -141792 0 24 -141792 1
gene 1 1 15 -273828 0 25 -273828 1
gene 2 2 15 268302 0 26 268302 1
gene 2 3 15 269019 0 27 269019 0
gene 3 4 15 38841 0 28 38841 0
gene 2 5 15 -222456 0 29 -222456 0
gene 2 6 15 356916 0 30 356916 1
gene 3 7 15 106160 0 31 106160 0
gene 4 8 15 -184212 0 32 -184212 0
gene 3 9 15 -215712 0 33 -215712 1
gene 1 10 15 -27330 0 34 -27330 1
gene 2 11 15 -277506 0 35 -277506 1
gene 2 12 15 470315 0 36 470315 0
gene 2 2 30 281910 0 68 281910 1
gene 2 30 14 410130 0 69 410130 1
gene 4 12 30 -167235 0 128 -167235 0
gene 4 13 14 348399 0 154 348399 1
gene 1 5 156 -84501 0 401 -84501 0
gene 1 156 13 800000 0 402 800000 0
gene 2 11 183 255465 0 483 255465 0
gene 2 183 15 -67638 0 484 -67638 0
gene 2 3 207 -522450 0 547 -522450 0
gene 2 207 13 583350 0 548 583350 1
gene 2 5 238 -15741 0 628 -15741 0
gene 2 238 15 533975 0 629 533975 1
gene 3 10 183 139074 0 685 139074 0
gene 3 9 207 507489 0 756 507489 0
gene 4 12 310 -540996 0 820 -540996 0
gene 4 310 30 -166944 0 821 -166944 0
gene 3 10 388 585486 0 1034 585486 0
gene 3 388 183 -93609 0 1035 -93609 0
gene 3 7 419 -326763 0 1104 -326763 0
gene 3 419 15 334743 0 1105 334743 0
gene 1 9 455 -514200 0 1202 -514200 1
gene 1 455 14 -189954 0 1203 -189954 0
gene 1 455 455 -157119 1 1275 -157119 0
gene 3 419 591 -153927 0 1555 -153927 1
gene 3 591 15 -111105 0 1556 -111105 1
gene 3 7 612 -800000 0 1605 -800000 1
gene 3 612 14 214224 0 1606 214224 0
gene 4 4 646 -331461 0 1691 -331461 0
gene 3 646 14 -530553 0 1692 -530553 0
gene 4 6 388 800000 0 1763 800000 1
gene 1 455 695 196872 1 1828 196872 1
gene 1 695 455 -475761 0 1829 -475761 0
gene 1 695 758 -427923 0 1982 -427923 0
gene 1 758 455 -76986 0 1983 -76986 0
gene 2 183 873 -80133 0 2264 -80133 1
gene 2 873 15 -61023 0 2265 -61023 1
gene 1 310 388 122175 0 2353 122175 0
gene 1 10 934 376722 0 2417 376722 1
gene 1 934 14 321597 0 2418 321597 0
gene 2 9 388 12591 0 2756 12591 0
gene 2 9 1136 145929 0 2936 145929 1
gene 2 1136 388 311442 0 2937 311442 0
gene 1 934 1191 393015 0 3070 393015 1
gene 1 1191 14 469173 0 3071 469173 1
gene 2 3 1225 -623124 0 3155 -623124 1
gene 2 1225 207 137916 0 3156 137916 1
gene 1 873 873 395517 1 3296 395517 1
gene 1 591 455 -128661 0 3392 -128661 1
gene 2 1136 1350 320823 0 3472 320823 1
gene 2 1350 388 656112 0 3473 656112 1
gene 3 238 238 -611409 1 3569 -611409 1
gene 3 10 1420 -184293 0 3648 -184293 0
gene 3 1420 388 -92472 0 3649 -92472 0
gene 3 4 1454 -681441 0 3731 -681441 0
gene 3 1454 15 -226863 0 3732 -226863 0
gene 3 612 1488 499317 0 3812 499317 0
gene 3 1488 14 673202 0 3813 673202 1
gene 3 388 1550 23991 0 3976 23991 1
gene 3 1550 183 -800000 0 3977 -800000 0
gene 3 1420 1591 800000 0 4076 800000 0
gene 3 1591 388 -212052 0 4077 -212052 1
gene 4 310 1626 38352 0 4165 38352 1
gene 4 1626 30 -180219 0 4166 -180219 1
gene 4 1550 419 58896 0 4260 58896 1
gene 1 455 1821 398298 0 4650 398298 0
gene 1 1821 14 -800000 0 4651 -800000 1
gene 1 5 1868 -110211 0 4778 -110211 1
gene 1 1868 156 -718667 0 4779 -718667 1
gene 1 183 183 334277 1 4880 334277 0
gene 4 1550 1550 213114 1 4949 213114 1
gene 3 1454 1975 -464184 0 5033 -464184 1
gene 3 1975 15 -5958 0 5034 -5958 1
gene 1 156 2010 89972 0 5118 89972 0
gene 1 2010 13 321642 0 5119 321642 1
gene 3 1550 2051 -709206 0 5219 -709206 0
gene 3 2051 183 -431916 0 5220 -431916 1
gene 3 612 612 -69713 1 5310 -69713 1
gene 3 612 2229 -349122 0 5657 -349122 1
gene 3 2229 1488 -73572 0 5658 -73572 1
gene 3 1550 2333 225315 0 5926 225315 1
gene 3 2333 2051 -318588 0 5927 -318588 1
gene 3 6 419 -354198 0 5992 -354198 0
gene 4 7 2385 718620 0 6065 718620 1
gene 3 2385 419 -133794 0 6066 -133794 1
gene 3 6 1420 222915 0 6182 222915 1
gene 2 1454 1454 594878 1 6244 594878 1
gene 2 695 873 -222480 0 6338 -222480 1
gene 2 156 30 -666143 0 6410 -666143 1
gene 3 6 2552 149334 0 6488 149334 1
gene 3 2552 419 252042 0 6489 252042 0
gene 1 310 2588 84201 0 6578 84201 0
gene 1 2588 388 -249705 0 6579 -249705 1
gene 1 695 2686 -153456 0 6818 -153456 1
gene 1 2686 758 59727 0 6819 59727 1
gene 1 156 2790 -123219 0 7089 -123219 1
gene 1 2790 2010 -102177 0 7090 -102177 1
gene 2 10 646 192210 0 7160 192210 0
gene 3 1420 2845 679839 0 7240 679839 0
gene 3 2845 1591 -285396 0 7241 -285396 1
gene 3 9 2931 -155913 0 7460 -155913 1
gene 3 2931 207 -54948 0 7461 -54948 0
gene 2 455 2010 269111 0 7561 269111 1
gene 2 11 2998 -242115 0 7628 -242115 1
gene 2 2998 183 306231 0 7629 306231 0
gene 2 1550 612 -510 0 7796 -510 1
gene 3 4 3130 -268509 0 7962 -268509 1
gene 3 3130 646 133587 0 7963 133587 1
gene 1 310 3158 -124230 0 8044 -124230 1
gene 1 3158 2588 -359049 0 8045 -359049 1
gene 3 1420 3253 -9519 0 8290 -9519 0
gene 3 3253 2845 306885 0 8291 306885 1
gene 4 12 3289 722526 0 8378 722526 1
gene 4 3289 310 -36258 0 8379 -36258 1
gene 3 207 207 -95007 1 8453 -95007 1
gene 3 2931 3343 -32676 0 8525 -32676 1
gene 3 3343 207 510900 0 8526 510900 1
gene 3 12 3403 -182928 0 8670 -182928 1
gene 3 3403 13 -542172 0 8671 -542172 1
gene 2 2998 3477 172488 0 8852 172488 1
gene 2 3477 183 470448 0 8853 470448 1
gene 1 1975 1975 -97452 1 8938 -97452 1
gene 3 758 1550 299913 0 9015 299913 1
gene 2 12 3622 270240 0 9227 270240 1
gene 2 3622 15 212571 0 9228 212571 1
gene 3 10 3688 424086 0 9384 424086 1
gene 3 3688 1420 -210441 0 9385 -210441 1
gene 1 455 3775 -316109 0 9612 -316109 1
gene 1 3775 1821 -182442 0 9613 -182442 1
gene 3 1420 3801 -388125 0 9680 -388125 1
gene 3 3801 3253 784070 0 9681 784070 1
gene 1 183 3865 -38738 1 9856 -38738 1
gene 1 3865 183 688448 0 9857 688448 1
gene 2 10 3954 -221862 0 10068 -221862 1
gene 2 3954 646 -355497 0 10069 -355497 1
gene 1 3 3985 -179502 0 10147 -179502 1
gene 2 3985 15 360345 0 10148 360345 1
gene 4 6 4017 -166110 0 10229 -166110 1
gene 4 4017 14 317973 0 10230 317973 1
gene 1 758 4055 -792465 0 10317 -792465 1
gene 1 4055 455 145410 0 10318 145410 1
gene 3 4 4079 -366780 0 10381 -366780 1
gene 3 4079 1454 -704076 0 10382 -704076 1
gene 2 11 1225 132354 0 10470 132354 1
gene 3 9 4142 137877 0 10548 137877 1
gene 3 4142 13 -25443 0 10549 -25443 1
gene 2 15 646 37423 0 10889 37423 1
gene 1 4142 612 -408486 0 10965 -408486 1
gene 3 1225 646 -150210 0 11184 -150210 0
gene 3 8 4420 203868 0 11243 203868 1
gene 3 4420 14 305535 0 11244 305535 1
gene 3 646 4456 257302 0 11335 257302 1
gene 3 4456 14 -243795 0 11336 -243795 1
gene 4 8 4542 -229085 0 11542 -229085 1
gene 4 4542 15 -273240 0 11543 -273240 1
gene 3 1225 4582 -136646 0 11629 -136646 1
gene 3 4582 646 274407 0 11630 274407 1
gene 2 5 4648 1 0 11785 1 1
gene 2 4648 238 179307 0 11786 179307 1
gene 4 1591 4142 630 0 11913 630 1
gene 3 2552 4725 1 0 11972 1 1
gene 3 4725 419 242826 0 11973 242826 1
gene 4 4017 4017 78471 1 12149 78471 1
genomeend 14


/* Organism #42 Fitness: 360.000000 Time: 0 */
/* Position #42*/
#1 x: 83 y: 17
#2 x: 25 y: 35
#3 x: 57 y: 16
#4 x: 69 y: 76
#5 x: 69 y: 85
#6 x: 19 y: 68
genomestart 42
trait 1 1.000000 0.000000 0.000000 69664.000000 0.000000 13518.000000 0.000000 0.000000 trait 2 91765.000000 0.000000 33848.000000 0.000000 69186.000000 0.000000 0.000000 0.000000 trait 3 97007.000000 0.000000 0.000000 0.000000 52930.000000 0.000000 0.000000 60255.000000 trait 4 4.000000 0.000000 45611.000000 0.000000 0.000000 0.000000 0.000000 0.000000 node 1 3 1 3
node 2 3 1 1
node 3 1 1 1
node 4 2 1 1
node 5 4 1 1
node 6 3 1 1
node 7 2 1 1
node 8 3 1 1
node 9 1 1 1
node 10 1 1 1
node 11 1 1 1
node 12 1 1 1
node 13 3 0 2
node 14 3 0 2
node 15 2 0 2
node 30 1 0 0
node 156 1 0 0
node 183 1 0 0
node 207 1 0 0
node 238 1 0 0
node 310 1 0 0
node 388 1 0 0
node 419 1 0 0
node 455 1 0 0
node 591 1 0 0
node 612 1 0 0
node 646 1 0 0
node 695 1 0 0
node 758 1 0 0
node 873 1 0 0
node 934 1 0 0
node 1136 1 0 0
node 1191 1 0 0
node 1225 1 0 0
node 1350 1 0 0
node 1420 1 0 0
node 1454 3 0 0
node 1488 1 0 0
node 1550 1 0 0
node 1591 1 0 0
node 1626 2 0 0
node 1821 1 0 0
node 1868 1 0 0
node 1975 1 0 0
node 2010 1 0 0
node 2051 1 0 0
node 2192 1 0 0
node 2223 1 0 0
node 2280 1 0 0
node 2365 1 0 0
node 2390 1 0 0
node 2447 1 0 0
node 2534 1 0 0
node 2755 1 0 0
node 2819 1 0 0
node 2851 1 0 0
node 2913 1 0 0
node 3055 1 0 0
node 3088 1 0 0
node 3124 1 0 0
node 3242 1 0 0
node 3357 1 0 0
node 3377 1 0 0
node 3486 1 0 0
node 3546 1 0 0
node 3624 1 0 0
node 3651 1 0 0
node 3944 1 0 0
node 4059 1 0 0
node 4151 1 0 0
node 4243 1 0 0
node 4362 1 0 0
node 4505 1 0 0
node 4534 1 0 0
node 4612 1 0 0
node 4778 1 0 0
node 4807 1 0 0
gene 2 1 13 69483 0 1 69483 1
gene 2 2 13 367065 0 2 367065 1
gene 2 3 13 389049 0 3 389049 0
gene 2 4 13 79626 0 4 79626 1
gene 1 5 13 -230817 0 5 -230817 1
gene 3 6 13 -159855 0 6 -159855 1
gene 4 7 13 560475 0 7 560475 0
gene 1 8 13 -25518 0 8 -25518 1
gene 3 9 13 162792 0 9 162792 0
gene 4 10 13 272043 0 10 272043 1
gene 4 11 13 54900 0 11 54900 1
gene 3 12 13 225600 0 12 225600 1
gene 1 1 14 -558744 0 13 -558744 1
gene 2 2 14 167255 0 14 167255 0
gene 1 3 14 -120336 0 15 -120336 1
gene 3 4 14 -289971 0 16 -289971 0
gene 2 5 14 -372852 0 17 -372852 1
gene 4 6 14 -438135 0 18 -438135 1
gene 3 7 14 -75183 0 19 -75183 1
gene 3 8 14 329217 0 20 329217 1
gene 1 9 14 -24186 0 21 -24186 0
gene 1 10 14 472239 0 22 472239 1
gene 3 11 14 -532968 0 23 -532968 1
gene 4 12 14 -205953 0 24 -205953 1
gene 1 1 15 361176 0 25 361176 1
gene 2 2 15 165120 0 26 165120 1
gene 2 3 15 -250920 0 27 -250920 1
gene 3 4 15 -270990 0 28 -270990 0
gene 2 5 15 156420 0 29 156420 1
gene 2 6 15 2409 0 30 2409 1
gene 3 7 15 63069 0 31 63069 0
gene 4 8 15 -694482 0 32 -694482 1
gene 3 9 15 104625 0 33 104625 1
gene 1 10 15 -187752 0 34 -187752 1
gene 2 11 15 162786 0 35 162786 1
gene 2 12 15 -226323 0 36 -226323 1
gene 2 2 30 -294489 0 68 -294489 1
gene 2 30 14 131577 0 69 131577 1
gene 4 12 30 35625 0 128 35625 1
gene 4 13 14 399270 0 154 399270 1
gene 1 5 156 -690984 0 401 -690984 0
gene 1 156 13 771782 0 402 771782 1
gene 2 11 183 1908 0 483 1908 1
gene 2 183 15 290463 0 484 290463 0
gene 2 3 207 104880 0 547 104880 0
gene 2 207 13 70293 0 548 70293 1
gene 2 5 238 -385085 0 628 -385085 1
gene 2 238 15 101262 0 629 101262 1
gene 3 10 183 -36027 0 685 -36027 0
gene 1 9 207 -443628 0 756 -443628 1
gene 4 12 310 134367 0 820 134367 1
gene 4 310 30 209247 0 821 209247 1
gene 3 10 388 -1539 0 1034 -1539 1
gene 3 388 183 40932 0 1035 40932 0
gene 3 7 419 57441 0 1104 57441 1
gene 3 419 15 151989 0 1105 151989 0
gene 1 9 455 211011 0 1202 211011 1
gene 1 455 14 14592 0 1203 14592 0
gene 1 455 455 50430 1 1275 50430 0
gene 3 419 591 455223 0 1555 455223 0
gene 3 591 15 25364 0 1556 25364 0
gene 3 7 612 -347620 0 1605 -347620 0
gene 3 612 14 -93555 0 1606 -93555 1
gene 3 4 646 -314709 0 1691 -314709 1
gene 3 646 14 -80334 0 1692 -80334 1
gene 4 6 388 2031 0 1763 2031 0
gene 1 455 695 800000 1 1828 800000 1
gene 1 695 455 137784 0 1829 137784 1
gene 1 695 758 119151 0 1982 119151 1
gene 1 758 455 -13752 0 1983 -13752 1
gene 2 183 873 -574956 0 2264 -574956 1
gene 2 873 15 -800000 0 2265 -800000 1
gene 1 310 388 -24360 0 2353 -24360 0
gene 1 10 934 160422 0 2417 160422 1
gene 1 934 14 -800000 0 2418 -800000 1
gene 2 9 388 -105873 0 2756 -105873 1
gene 2 9 1136 292707 0 2936 292707 1
gene 2 1136 388 -375633 0 2937 -375633 1
gene 1 934 1191 -107034 0 3070 -107034 0
gene 1 1191 14 101058 0 3071 101058 1
gene 2 3 1225 -201942 0 3155 -201942 1
gene 2 1225 207 285363 0 3156 285363 1
gene 1 873 873 -77451 1 3296 -77451 0
gene 1 591 455 364353 0 3392 364353 1
gene 2 1136 1350 280215 0 3472 280215 0
gene 2 1350 388 -800000 0 3473 -800000 1
gene 2 238 238 -412434 1 3569 -412434 1
gene 3 10 1420 245826 0 3648 245826 1
gene 3 1420 388 -290559 0 3649 -290559 1
gene 3 4 1454 725454 0 3731 725454 1
gene 3 1454 15 69828 0 3732 69828 0
gene 3 612 1488 13785 0 3812 13785 1
gene 3 1488 14 -11559 0 3813 -11559 1
gene 3 388 1550 -523320 0 3976 -523320 1
gene 3 1550 183 343583 0 3977 343583 0
gene 3 1420 1591 -211773 0 4076 -211773 1
gene 3 1591 388 203541 0 4077 203541 1
gene 4 310 1626 637632 0 4165 637632 1
gene 4 1626 30 485925 0 4166 485925 0
gene 4 1550 419 568722 0 4260 568722 1
gene 1 455 1821 110829 0 4650 110829 1
gene 1 1821 14 176277 0 4651 176277 1
gene 1 5 1868 -18933 0 4778 -18933 1
gene 1 1868 156 -306333 0 4779 -306333 1
gene 1 183 183 800000 1 4880 800000 0
gene 4 1550 1550 154305 1 4949 154305 1
gene 1 1454 1975 -232563 0 5033 -232563 1
gene 3 1975 15 736974 0 5034 736974 1
gene 1 156 2010 -148764 0 5118 -148764 0
gene 1 2010 13 591768 0 5119 591768 1
gene 3 1550 2051 -366030 0 5219 -366030 1
gene 3 2051 183 -93144 0 5220 -93144 1
gene 3 612 612 130368 1 5310 130368 1
gene 1 183 2192 800000 1 5568 800000 1
gene 1 2192 183 -130683 0 5569 -130683 1
gene 1 310 2223 -208056 0 5641 -208056 1
gene 1 2223 388 50010 0 5642 50010 1
gene 3 419 2280 147123 0 5793 147123 1
gene 3 2280 591 -800000 0 5794 -800000 1
gene 3 591 2365 -429366 0 6011 -429366 0
gene 3 2365 15 -760029 0 6012 -760029 1
gene 4 1626 2390 266037 0 6075 266037 1
gene 4 2390 30 -415461 0 6076 -415461 1
gene 2 1136 2447 225642 0 6225 225642 0
gene 2 2447 1350 218292 0 6226 218292 1
gene 2 873 2534 -170682 0 6447 -170682 1
gene 2 2534 15 424356 0 6448 424356 1
gene 1 2 695 53535 0 6514 53535 1
gene 3 873 1350 -47766 1 6610 -47766 1
gene 3 419 2755 -236931 0 6995 -236931 1
gene 3 2755 591 -309810 0 6996 -309810 1
gene 3 1488 2819 -108756 0 7176 -108756 1
gene 3 2819 14 -212724 0 7177 -212724 1
gene 1 455 2851 295383 1 7254 295383 0
gene 1 2851 455 -109869 0 7255 -109869 1
gene 2 2 2913 -273630 0 7416 -273630 1
gene 2 2913 15 538407 0 7417 538407 1
gene 1 1868 1420 -80598 0 7695 -80598 0
gene 4 6 3055 -449067 0 7779 -449067 1
gene 4 3055 388 129423 0 7780 129423 0
gene 2 3 3088 -380790 0 7864 -380790 1
gene 2 3088 13 -291993 0 7865 -291993 1
gene 3 10 3124 -125535 0 7947 -125535 1
gene 3 3124 1420 -673626 0 7948 -673626 1
gene 1 1868 3242 -543264 0 8261 -543264 1
gene 1 3242 1420 227469 0 8262 227469 1
gene 4 2010 388 114693 0 8356 114693 1
gene 1 156 3357 466674 0 8555 466674 0
gene 1 3357 2010 91608 0 8556 91608 1
gene 3 7 3377 90543 0 8606 90543 1
gene 3 3377 612 -74169 0 8607 -74169 1
gene 2 207 3486 -120054 0 8872 -120054 1
gene 2 3486 13 319575 0 8873 319575 1
gene 4 1488 30 -303615 0 8950 -303615 1
gene 3 9 3546 -210948 0 9025 -210948 1
gene 3 3546 13 472380 0 9026 472380 1
gene 3 591 3624 -186489 0 9231 -186489 1
gene 3 3624 2365 128430 0 9232 128430 1
gene 1 873 3651 522300 1 9290 522300 1
gene 1 3651 873 -199287 0 9291 -199287 1
gene 4 3055 1350 -298503 0 9526 -298503 1
gene 2 873 2819 -386160 0 9604 -386160 0
gene 4 3242 2851 58938 0 9675 58938 1
gene 2 873 3944 86811 0 10040 86811 0
gene 2 3944 2819 248988 0 10041 248988 1
gene 4 3055 4059 195553 0 10328 195553 1
gene 4 4059 388 130275 0 10329 130275 1
gene 4 7 4059 21018 0 10440 21018 1
gene 4 2851 3546 223233 0 10495 223233 1
gene 1 156 4151 -654179 0 10571 -654179 1
gene 1 4151 3357 -147756 0 10572 -147756 1
gene 3 4 4243 -272247 0 10798 -272247 1
gene 3 4243 14 -161472 0 10799 -161472 1
gene 2 12 3357 791268 0 10985 791268 1
gene 2 873 4362 149662 0 11087 149662 1
gene 2 4362 3944 -291270 0 11088 -291270 1
gene 1 4362 591 -147258 0 11158 -147258 1
gene 1 310 4505 146094 0 11447 146094 1
gene 1 4505 388 -647796 0 11448 -647796 1
gene 4 1626 4534 36732 0 11520 36732 1
gene 4 4534 30 62238 0 11521 62238 1
gene 1 934 4612 30453 0 11700 30453 1
gene 1 4612 1191 1818 0 11701 1818 1
gene 4 2010 2365 138097 0 11918 138097 1
gene 4 7 4778 1 0 12112 0 1
gene 4 4778 13 560475 0 12113 0 1
gene 2 1136 4807 1 0 12188 0 1
gene 2 4807 2447 225642 0 12189 0 1
genomeend 42


/* Organism #58 Fitness: 400.000000 Time: 0 */
/* Position #58*/
#1 x: 73 y: 38
#2 x: 41 y: 40
#3 x: 33 y: 37
#4 x: 30 y: 69
#5 x: 73 y: 78
#6 x: 30 y: 74
genomestart 58
trait 1 1.000000 0.000000 0.000000 0.000000 0.000000 0.000000 0.000000 0.000000 trait 2 2.000000 0.000000 0.000000 0.000000 0.000000 0.000000 0.000000 0.000000 trait 3 0.000000 0.000000 0.000000 0.000000 64821.000000 0.000000 18297.000000 0.000000 trait 4 4.000000 0.000000 0.000000 0.000000 0.000000 0.000000 0.000000 0.000000 node 1 3 1 3
node 2 3 1 1
node 3 1 1 1
node 4 2 1 1
node 5 4 1 1
node 6 3 1 1
node 7 2 1 1
node 8 3 1 1
node 9 1 1 1
node 10 1 1 1
node 11 1 1 1
node 12 1 1 1
node 13 3 0 2
node 14 3 0 2
node 15 4 0 2
node 30 1 0 0
node 156 1 0 0
node 183 1 0 0
node 207 1 0 0
node 238 1 0 0
node 310 1 0 0
node 388 1 0 0
node 419 1 0 0
node 455 1 0 0
node 591 1 0 0
node 612 1 0 0
node 646 1 0 0
node 695 1 0 0
node 758 1 0 0
node 873 1 0 0
node 934 1 0 0
node 1136 1 0 0
node 1191 1 0 0
node 1225 1 0 0
node 1350 1 0 0
node 1420 1 0 0
node 1454 1 0 0
node 1488 1 0 0
node 1550 1 0 0
node 1591 1 0 0
node 1626 2 0 0
node 1821 1 0 0
node 1868 1 0 0
node 1975 1 0 0
node 2010 1 0 0
node 2051 1 0 0
node 2229 1 0 0
node 2333 1 0 0
node 2385 1 0 0
node 2552 1 0 0
node 2588 1 0 0
node 2686 1 0 0
node 2790 1 0 0
node 2845 1 0 0
node 2931 1 0 0
node 2998 1 0 0
node 3130 1 0 0
node 3158 1 0 0
node 3253 1 0 0
node 3289 1 0 0
node 3343 1 0 0
node 3403 1 0 0
node 3477 1 0 0
node 3622 1 0 0
node 3688 1 0 0
node 3775 1 0 0
node 3801 1 0 0
node 3865 1 0 0
node 3954 1 0 0
node 3985 1 0 0
node 4017 1 0 0
node 4055 1 0 0
node 4079 1 0 0
node 4142 1 0 0
node 4420 1 0 0
node 4456 1 0 0
node 4542 1 0 0
node 4582 1 0 0
node 4738 1 0 0
gene 2 1 13 -398232 0 1 -398232 1
gene 2 2 13 -91026 0 2 -91026 1
gene 2 3 13 -9306 0 3 -9306 1
gene 2 4 13 -294669 0 4 -294669 1
gene 1 5 13 353853 0 5 353853 1
gene 3 6 13 -30774 0 6 -30774 1
gene 4 7 13 -156312 0 7 -156312 1
gene 1 8 13 254217 0 8 254217 1
gene 3 9 13 221121 0 9 221121 0
gene 4 10 13 241623 0 10 241623 1
gene 4 11 13 -628775 0 11 -628775 1
gene 3 12 13 -247362 0 12 -247362 1
gene 1 1 14 -296661 0 13 -296661 1
gene 2 2 14 30666 0 14 30666 1
gene 1 3 14 -650853 0 15 -650853 1
gene 3 4 14 -196467 0 16 -196467 0
gene 2 5 14 -364446 0 17 -364446 1
gene 4 6 14 190506 0 18 190506 0
gene 3 7 14 126156 0 19 126156 0
gene 3 8 14 -118386 0 20 -118386 0
gene 1 9 14 -295878 0 21 -295878 0
gene 1 10 14 800000 0 22 800000 0
gene 3 11 14 -110799 0 23 -110799 1
gene 4 12 14 235707 0 24 235707 1
gene 1 1 15 72351 0 25 72351 1
gene 2 2 15 266496 0 26 266496 1
gene 2 3 15 -361620 0 27 -361620 1
gene 3 4 15 351765 0 28 351765 0
gene 2 5 15 -179325 0 29 -179325 0
gene 2 6 15 65508 0 30 65508 1
gene 3 7 15 555788 0 31 555788 0
gene 4 8 15 13563 0 32 13563 0
gene 3 9 15 366858 0 33 366858 1
gene 1 10 15 -376431 0 34 -376431 1
gene 2 11 15 -241305 0 35 -241305 1
gene 2 12 15 554087 0 36 554087 0
gene 2 2 30 241362 0 68 241362 1
gene 2 30 14 405813 0 69 405813 1
gene 4 12 30 -225504 0 128 -225504 1
gene 4 13 14 -146352 0 154 -146352 1
gene 1 5 156 260127 0 401 260127 0
gene 1 156 13 800000 0 402 800000 0
gene 2 11 183 -80589 0 483 -80589 0
gene 2 183 15 -256824 0 484 -256824 0
gene 2 3 207 -242250 0 547 -242250 1
gene 2 207 13 800000 0 548 800000 1
gene 2 5 238 62076 0 628 62076 1
gene 2 238 15 800000 0 629 800000 1
gene 3 10 183 -219096 0 685 -219096 0
gene 3 9 207 23634 0 756 23634 0
gene 4 12 310 -60474 0 820 -60474 0
gene 4 310 30 -153870 0 821 -153870 0
gene 3 10 388 158685 0 1034 158685 0
gene 3 388 183 -581940 0 1035 -581940 0
gene 3 7 419 -468822 0 1104 -468822 0
gene 3 419 15 -94146 0 1105 -94146 0
gene 1 9 455 -160485 0 1202 -160485 1
gene 1 455 14 3747 0 1203 3747 0
gene 1 455 455 5697 1 1275 5697 1
gene 3 419 591 268515 0 1555 268515 1
gene 3 591 15 302976 0 1556 302976 1
gene 3 7 612 -800000 0 1605 -800000 1
gene 3 612 14 216339 0 1606 216339 0
gene 4 4 646 -271671 0 1691 -271671 0
gene 3 646 14 89151 0 1692 89151 0
gene 4 6 388 77976 0 1763 77976 1
gene 1 455 695 -285987 1 1828 -285987 1
gene 1 695 455 58599 0 1829 58599 1
gene 1 695 758 -13905 0 1982 -13905 1
gene 1 758 455 19437 0 1983 19437 1
gene 2 183 873 -100125 0 2264 -100125 1
gene 2 873 15 464430 0 2265 464430 1
gene 1 310 388 332550 0 2353 332550 0
gene 1 10 934 281808 0 2417 281808 1
gene 1 934 14 -120840 0 2418 -120840 1
gene 2 9 388 72243 0 2756 72243 0
gene 2 9 1136 44304 0 2936 44304 1
gene 2 1136 388 57480 0 2937 57480 0
gene 1 934 1191 73029 0 3070 73029 1
gene 1 1191 14 143187 0 3071 143187 1
gene 2 3 1225 187758 0 3155 187758 1
gene 2 1225 207 -66321 0 3156 -66321 1
gene 1 873 873 277893 1 3296 277893 0
gene 1 591 455 -112131 0 3392 -112131 1
gene 2 1136 1350 387960 0 3472 387960 1
gene 2 1350 388 464895 0 3473 464895 1
gene 3 238 238 -254250 1 3569 -254250 1
gene 3 10 1420 -433419 0 3648 -433419 0
gene 3 1420 388 -114351 0 3649 -114351 0
gene 3 4 1454 -508362 0 3731 -508362 1
gene 3 1454 15 194499 0 3732 194499 0
gene 3 612 1488 93747 0 3812 93747 1
gene 3 1488 14 723911 0 3813 723911 1
gene 3 388 1550 42669 0 3976 42669 1
gene 3 1550 183 -800000 0 3977 -800000 0
gene 3 1420 1591 151083 0 4076 151083 0
gene 3 1591 388 -199356 0 4077 -199356 1
gene 4 310 1626 -139671 0 4165 -139671 1
gene 4 1626 30 -102312 0 4166 -102312 1
gene 4 1550 419 -378 0 4260 -378 1
gene 1 455 1821 579975 0 4650 579975 1
gene 1 1821 14 -425781 0 4651 -425781 1
gene 1 5 1868 -466710 0 4778 -466710 1
gene 1 1868 156 -651347 0 4779 -651347 1
gene 1 183 183 428318 1 4880 428318 0
gene 4 1550 1550 36273 1 4949 36273 1
gene 3 1454 1975 71997 0 5033 71997 1
gene 3 1975 15 -518742 0 5034 -518742 1
gene 1 156 2010 -294072 0 5118 -294072 0
gene 1 2010 13 189006 0 5119 189006 1
gene 3 1550 2051 -636144 0 5219 -636144 0
gene 3 2051 183 266844 0 5220 266844 1
gene 3 612 612 -99102 1 5310 -99102 1
gene 3 612 2229 -7482 0 5657 -7482 1
gene 3 2229 1488 198300 0 5658 198300 1
gene 3 1550 2333 530037 0 5926 530037 1
gene 3 2333 2051 -54435 0 5927 -54435 1
gene 3 6 419 -112968 0 5992 -112968 1
gene 4 7 2385 436812 0 6065 436812 1
gene 3 2385 419 72051 0 6066 72051 1
gene 3 6 1420 330840 0 6182 330840 1
gene 2 1454 1454 67665 1 6244 67665 1
gene 2 695 873 207897 0 6338 207897 1
gene 2 156 30 -657863 0 6410 -657863 1
gene 3 6 2552 -213459 0 6488 -213459 1
gene 3 2552 419 -258762 0 6489 -258762 1
gene 1 310 2588 65298 0 6578 65298 0
gene 1 2588 388 292113 0 6579 292113 1
gene 1 695 2686 -113352 0 6818 -113352 1
gene 1 2686 758 800000 0 6819 800000 1
gene 1 156 2790 -61803 0 7089 -61803 1
gene 1 2790 2010 -306573 0 7090 -306573 1
gene 2 10 646 -125583 0 7160 -125583 0
gene 3 1420 2845 669930 0 7240 669930 0
gene 3 2845 1591 -598190 0 7241 -598190 1
gene 3 9 2931 -341472 0 7460 -341472 1
gene 3 2931 207 117168 0 7461 117168 1
gene 2 455 2010 197154 0 7561 197154 1
gene 2 11 2998 206136 0 7628 206136 1
gene 2 2998 183 265938 0 7629 265938 0
gene 2 1550 612 -38565 0 7796 -38565 1
gene 3 4 3130 164061 0 7962 164061 1
gene 3 3130 646 119583 0 7963 119583 1
gene 1 310 3158 -433980 0 8044 -433980 1
gene 1 3158 2588 -16089 0 8045 -16089 1
gene 3 1420 3253 -267813 0 8290 -267813 1
gene 3 3253 2845 458547 0 8291 458547 1
gene 4 12 3289 -223119 0 8378 -223119 1
gene 4 3289 310 -152904 0 8379 -152904 1
gene 3 207 207 -195009 1 8453 -195009 1
gene 3 2931 3343 184329 0 8525 184329 1
gene 3 3343 207 774216 0 8526 774216 1
gene 3 12 3403 95397 0 8670 95397 1
gene 3 3403 13 60609 0 8671 60609 1
gene 2 2998 3477 -90330 0 8852 -90330 1
gene 2 3477 183 448860 0 8853 448860 1
gene 1 1975 1975 188643 1 8938 188643 1
gene 3 758 1550 415965 0 9015 415965 1
gene 2 12 3622 238776 0 9227 238776 1
gene 2 3622 15 -440703 0 9228 -440703 1
gene 3 10 3688 240000 0 9384 240000 1
gene 3 3688 1420 400344 0 9385 400344 1
gene 1 455 3775 -270327 0 9612 -270327 1
gene 1 3775 1821 235251 0 9613 235251 1
gene 3 1420 3801 -346176 0 9680 -346176 1
gene 3 3801 3253 800000 0 9681 800000 1
gene 1 183 3865 -49964 1 9856 -49964 1
gene 1 3865 183 800000 0 9857 800000 1
gene 2 10 3954 92403 0 10068 92403 1
gene 2 3954 646 -485331 0 10069 -485331 1
gene 1 3 3985 -242778 0 10147 -242778 1
gene 2 3985 15 109956 0 10148 109956 1
gene 4 6 4017 -411926 0 10229 -411926 1
gene 4 4017 14 74799 0 10230 74799 1
gene 1 758 4055 -576630 0 10317 -576630 1
gene 1 4055 455 248130 0 10318 248130 1
gene 3 4 4079 -382737 0 10381 -382737 1
gene 3 4079 1454 -720366 0 10382 -720366 1
gene 2 11 1225 -97383 0 10470 -97383 1
gene 3 9 4142 239013 0 10548 239013 1
gene 3 4142 13 293727 0 10549 293727 1
gene 2 15 646 -74442 0 10889 -74442 1
gene 1 4142 612 -423975 0 10965 -423975 1
gene 3 1225 646 -294564 0 11184 -294564 0
gene 3 8 4420 -242820 0 11243 -242820 1
gene 3 4420 14 745170 0 11244 745170 1
gene 3 646 4456 72093 0 11335 72093 1
gene 3 4456 14 -8244 0 11336 -8244 1
gene 4 8 4542 2184 0 11542 2184 1
gene 4 4542 15 -177828 0 11543 -177828 1
gene 3 1225 4582 -569987 0 11629 -569987 1
gene 3 4582 646 -130071 0 11630 -130071 1
gene 1 1136 1975 84701 0 11941 84701 1
gene 1 873 4738 -127305 1 12004 -127305 1
gene 1 4738 873 341796 0 12005 341796 1
gene 2 11 591 -56203 0 12212 -56203 1
genomeend 58


/* Organism #62 Fitness: 300.000000 Time: 0 */
/* Position #62*/
#1 x: 56 y: 32
#2 x: 77 y: 21
#3 x: 41 y: 40
#4 x: 41 y: 77
#5 x: 48 y: 62
#6 x: 78 y: 81
genomestart 62
trait 1 1.000000 0.000000 0.000000 0.000000 0.000000 0.000000 0.000000 0.000000 trait 2 3470.000000 29789.000000 100000.000000 7963.000000 0.000000 0.000000 81041.000000 100000.000000 trait 3 0.000000 0.000000 49631.000000 0.000000 100000.000000 0.000000 0.000000 87377.000000 trait 4 4.000000 0.000000 0.000000 0.000000 0.000000 0.000000 0.000000 0.000000 node 1 3 1 3
node 2 3 1 1
node 3 1 1 1
node 4 2 1 1
node 5 4 1 1
node 6 3 1 1
node 7 2 1 1
node 8 3 1 1
node 9 1 1 1
node 10 1 1 1
node 11 1 1 1
node 12 1 1 1
node 13 3 0 2
node 14 3 0 2
node 15 4 0 2
node 30 1 0 0
node 156 1 0 0
node 183 1 0 0
node 207 1 0 0
node 238 1 0 0
node 310 1 0 0
node 388 1 0 0
node 419 1 0 0
node 455 1 0 0
node 591 1 0 0
node 612 1 0 0
node 646 1 0 0
node 695 1 0 0
node 758 1 0 0
node 873 1 0 0
node 1020 1 0 0
node 1051 1 0 0
node 1115 1 0 0
node 1176 1 0 0
node 1333 1 0 0
node 1364 1 0 0
node 1395 1 0 0
node 1426 1 0 0
node 1497 1 0 0
node 1539 2 0 0
node 1566 1 0 0
node 1630 1 0 0
node 1670 1 0 0
node 1890 1 0 0
node 1970 1 0 0
node 1977 1 0 0
node 2080 1 0 0
node 2142 1 0 0
node 2215 1 0 0
node 2238 1 0 0
node 2470 1 0 0
node 2525 1 0 0
node 2558 1 0 0
node 2594 1 0 0
node 2626 1 0 0
node 2849 1 0 0
node 2912 1 0 0
node 3023 1 0 0
node 3054 1 0 0
node 3087 1 0 0
node 3123 1 0 0
node 3152 1 0 0
node 3218 1 0 0
node 3262 1 0 0
node 3299 1 0 0
node 3426 1 0 0
node 3460 1 0 0
node 3490 1 0 0
node 3519 1 0 0
node 3549 1 0 0
node 3626 1 0 0
node 3689 1 0 0
node 3755 1 0 0
node 3789 1 0 0
node 3909 1 0 0
node 3991 1 0 0
node 4026 1 0 0
node 4058 1 0 0
node 4287 1 0 0
node 4324 1 0 0
node 4423 1 0 0
node 4448 1 0 0
node 4486 1 0 0
node 4566 1 0 0
node 4607 1 0 0
node 4644 1 0 0
gene 2 1 13 -407493 0 1 -407493 1
gene 2 2 13 800000 0 2 800000 1
gene 2 3 13 628331 0 3 628331 0
gene 1 4 13 15747 0 4 15747 0
gene 1 5 13 302190 0 5 302190 0
gene 3 6 13 637446 0 6 637446 1
gene 4 7 13 -800000 0 7 -800000 0
gene 1 8 13 359727 0 8 359727 1
gene 3 9 13 689940 0 9 689940 0
gene 4 10 13 -800000 0 10 -800000 1
gene 4 11 13 -737163 0 11 -737163 1
gene 3 12 13 428724 0 12 428724 1
gene 1 1 14 684069 0 13 684069 1
gene 2 2 14 -422934 0 14 -422934 0
gene 1 3 14 -353979 0 15 -353979 1
gene 3 4 14 180666 0 16 180666 0
gene 2 5 14 376938 0 17 376938 1
gene 4 6 14 410013 0 18 410013 1
gene 3 7 14 -625614 0 19 -625614 0
gene 3 8 14 26007 0 20 26007 0
gene 1 9 14 717881 0 21 717881 0
gene 1 10 14 229407 0 22 229407 1
gene 3 11 14 330252 0 23 330252 1
gene 4 12 14 -380061 0 24 -380061 0
gene 1 1 15 -194739 0 25 -194739 1
gene 2 2 15 437139 0 26 437139 1
gene 2 3 15 679173 0 27 679173 1
gene 3 4 15 -179703 0 28 -179703 1
gene 2 5 15 -426198 0 29 -426198 0
gene 2 6 15 95493 0 30 95493 0
gene 3 7 15 -335757 0 31 -335757 0
gene 4 8 15 -133845 0 32 -133845 1
gene 3 9 15 -281948 0 33 -281948 0
gene 1 10 15 -371805 0 34 -371805 0
gene 2 11 15 414495 0 35 414495 1
gene 2 12 15 591207 0 36 591207 1
gene 2 2 30 428112 0 68 428112 1
gene 2 30 14 148827 0 69 148827 0
gene 4 12 30 -269868 0 128 -269868 0
gene 4 13 14 -180702 0 154 -180702 1
gene 1 5 156 88482 0 401 88482 1
gene 1 156 13 61005 0 402 61005 0
gene 2 11 183 90192 0 483 90192 1
gene 2 183 15 176091 0 484 176091 0
gene 2 3 207 245727 0 547 245727 0
gene 2 207 13 -231711 0 548 -231711 1
gene 2 5 238 256332 0 628 256332 0
gene 2 238 15 183957 0 629 183957 1
gene 3 10 183 293979 0 685 293979 0
gene 3 9 207 600987 0 756 600987 0
gene 4 12 310 -492173 0 820 -492173 0
gene 4 310 30 231669 0 821 231669 0
gene 3 10 388 -376506 0 1034 -376506 0
gene 3 388 183 562569 0 1035 562569 1
gene 3 7 419 772772 0 1104 772772 1
gene 3 419 15 20151 0 1105 20151 0
gene 1 9 455 -575502 0 1202 -575502 1
gene 1 455 14 32442 0 1203 32442 1
gene 1 455 455 71154 1 1275 71154 0
gene 3 419 591 -509889 0 1555 -509889 0
gene 3 591 15 144720 0 1556 144720 1
gene 3 7 612 -555338 0 1605 -555338 1
gene 3 612 14 800000 0 1606 800000 1
gene 3 4 646 374985 0 1691 374985 0
gene 3 646 14 -436661 0 1692 -436661 1
gene 2 6 388 -378147 0 1763 -378147 1
gene 1 455 695 -323019 1 1828 -323019 1
gene 1 695 455 -462059 0 1829 -462059 0
gene 1 695 758 42552 0 1982 42552 1
gene 1 758 455 -359496 0 1983 -359496 1
gene 2 183 873 -51963 0 2264 -51963 1
gene 2 873 15 -6300 0 2265 -6300 0
gene 1 310 388 403434 0 2353 403434 1
gene 1 13 591 153999 0 2547 153999 1
gene 2 3 1020 590537 0 2638 590537 0
gene 2 1020 13 264693 0 2639 264693 0
gene 2 1020 1051 107670 0 2713 107670 0
gene 2 1051 13 238926 0 2714 238926 0
gene 2 5 1115 405060 0 2879 405060 0
gene 2 1115 238 -186626 0 2880 -186626 1
gene 2 758 14 535413 0 2964 535413 0
gene 3 419 1176 787197 0 3035 787197 1
gene 3 1176 591 581127 0 3036 581127 1
gene 1 183 646 -686097 0 3271 -686097 1
gene 3 1115 1115 -800000 1 3343 -800000 1
gene 1 156 1333 -687944 0 3426 -687944 1
gene 1 1333 13 526167 0 3427 526167 1
gene 1 4 1364 -263142 0 3506 -263142 0
gene 1 1364 13 389199 0 3507 389199 0
gene 4 310 1395 -616919 0 3583 -616919 1
gene 4 1395 30 199905 0 3584 199905 0
gene 2 1020 1426 347916 0 3664 347916 1
gene 2 1426 1051 309861 0 3665 309861 0
gene 2 873 1497 -377631 0 3832 -377631 0
gene 2 1497 15 260742 0 3833 260742 0
gene 1 1364 1539 306045 0 3947 306045 1
gene 1 1539 13 110247 0 3948 110247 0
gene 4 12 1566 -213312 0 4011 -213312 1
gene 4 1566 310 186231 0 4012 186231 1
gene 3 1539 1426 -431265 0 4094 -431265 0
gene 4 12 1630 -325620 0 4176 -325620 0
gene 4 1630 14 79461 0 4177 79461 1
gene 2 3 1670 95124 0 4273 95124 0
gene 2 1670 1020 241053 0 4274 241053 1
gene 3 9 1497 -157686 0 4364 -157686 0
gene 1 591 1566 215418 0 4566 215418 0
gene 1 1 758 99508 0 4631 99508 1
gene 1 4 1890 288540 0 4830 288540 0
gene 1 1890 1364 671490 0 4831 671490 1
gene 2 758 1970 -44631 0 5021 -44631 0
gene 2 1970 14 -8649 0 5022 -8649 1
gene 2 1426 1977 67863 0 5037 67863 1
gene 2 1977 1051 648999 0 5038 648999 1
gene 1 1176 15 -366605 0 5216 -366605 1
gene 2 758 2080 -2820 0 5291 -2820 1
gene 2 2080 1970 -135636 0 5292 -135636 0
gene 2 3 2142 107433 0 5443 107433 0
gene 2 2142 207 596889 0 5444 596889 1
gene 3 9 2215 108363 0 5624 108363 1
gene 3 2215 1497 -1173 0 5625 -1173 1
gene 3 1539 2238 723075 0 5680 723075 1
gene 3 2238 1426 -483897 0 5681 -483897 1
gene 4 1176 1970 -64237 0 5772 -64237 1
gene 3 9 1176 358416 0 6102 358416 1
gene 4 238 1670 16884 0 6169 16884 1
gene 3 9 2470 88524 0 6281 88524 1
gene 3 2470 207 201354 0 6282 201354 0
gene 4 1539 1539 -87135 1 6362 -87135 1
gene 2 30 2525 -124692 0 6422 -124692 0
gene 2 2525 14 -42813 0 6423 -42813 1
gene 2 6 2558 -61329 0 6504 -61329 1
gene 2 2558 15 418170 0 6505 418170 1
gene 4 12 2594 185706 0 6591 185706 1
gene 4 2594 1630 -33282 0 6592 -33282 1
gene 2 1051 2626 9018 0 6672 9018 1
gene 2 2626 13 -627876 0 6673 -627876 1
gene 3 1395 1497 -138324 0 7112 -138324 0
gene 1 758 2626 -49607 0 7175 -49607 1
gene 4 1395 2849 -38979 0 7250 -38979 1
gene 4 2849 30 545001 0 7251 545001 1
gene 2 2215 13 -147627 0 7342 -147627 1
gene 4 7 2912 -292866 0 7409 -292866 0
gene 4 2912 13 332244 0 7410 332244 1
gene 1 873 873 -487908 1 7518 -487908 1
gene 3 2470 3023 302331 0 7691 302331 1
gene 3 3023 207 -291849 0 7692 -291849 1
gene 2 873 3054 213459 0 7776 213459 1
gene 2 3054 1497 520026 0 7777 520026 1
gene 2 2080 3087 -138648 0 7862 -138648 1
gene 2 3087 1970 -290661 0 7863 -290661 0
gene 1 4 3123 89463 0 7945 89463 1
gene 1 3123 1890 -109701 0 7946 -109701 1
gene 3 1395 3152 8220 0 8031 8220 1
gene 3 3152 1497 118749 0 8032 118749 1
gene 1 10 310 36825 0 8120 36825 1
gene 2 1497 3218 -107028 0 8201 -107028 1
gene 2 3218 15 204282 0 8202 204282 1
gene 1 1539 3262 -367989 0 8308 -367989 1
gene 1 3262 13 240546 0 8309 240546 1
gene 2 3 3299 -70314 0 8401 -70314 0
gene 2 3299 2142 162462 0 8402 162462 1
gene 2 3 3426 -594839 0 8728 -594839 0
gene 2 3426 3299 -244731 0 8729 -244731 1
gene 3 8 3460 -75048 0 8807 -75048 1
gene 3 3460 14 -390348 0 8808 -390348 1
gene 2 3 3490 362967 0 8882 362967 0
gene 2 3490 3426 242232 0 8883 242232 1
gene 2 3 3519 314710 0 8955 314710 1
gene 2 3519 3490 111357 0 8956 111357 1
gene 1 591 3549 -133596 0 9032 -133596 1
gene 1 3549 1566 477138 0 9033 477138 1
gene 1 10 3626 -209331 0 9235 -209331 1
gene 1 3626 15 171615 0 9236 171615 1
gene 2 3 3689 -612183 0 9386 -612183 1
gene 2 3689 1670 -336480 0 9387 -336480 0
gene 1 7 3460 -86500 0 9479 -86500 1
gene 3 9 3755 -282969 0 9563 -282969 1
gene 3 3755 13 -507579 0 9564 -507579 1
gene 3 10 3789 -485487 0 9647 -485487 0
gene 3 3789 388 215925 0 9648 215925 1
gene 4 3689 3549 178650 0 9714 178650 1
gene 3 10 3909 9834 0 9959 9834 0
gene 3 3909 3789 -130107 0 9960 -130107 1
gene 4 3023 3023 -393525 1 10029 -393525 1
gene 3 10 3991 -69492 0 10163 -69492 1
gene 3 3991 3909 17850 0 10164 17850 1
gene 2 1497 4026 571653 0 10248 571653 1
gene 2 4026 3218 -605370 0 10249 -605370 1
gene 4 7 4058 53631 0 10326 53631 1
gene 4 4058 2912 155313 0 10327 155313 1
gene 4 11 1497 -82482 0 10403 -82482 1
gene 1 695 3426 -620461 0 10552 -620461 1
gene 4 3490 2558 287493 0 10734 287493 1
gene 2 6 4026 -41000 0 10817 -41000 1
gene 2 5 4287 -280077 0 10909 -280077 1
gene 2 4287 1115 -400449 0 10910 -400449 1
gene 2 3689 4324 439068 0 10997 439068 1
gene 2 4324 1670 -289563 0 10998 -289563 0
gene 2 30 4423 111237 0 11250 111237 1
gene 2 4423 2525 -632486 0 11251 -632486 1
gene 3 4 4448 -355043 0 11315 -355043 1
gene 3 4448 646 -286704 0 11316 -286704 1
gene 3 9 4486 340627 0 11405 340627 1
gene 3 4486 15 -246633 0 11406 -246633 1
gene 2 4058 2594 -82649 0 11501 -82649 0
gene 2 3087 4566 -365456 0 11594 -365456 1
gene 2 4566 1970 310029 0 11595 310029 1
gene 2 4058 4607 -541052 0 11687 -541052 1
gene 2 4607 2594 362025 0 11688 362025 1
gene 2 4324 4644 -63267 0 11777 -63267 1
gene 2 4644 1670 -166968 0 11778 -166968 1
genomeend 62


/* Organism #66 Fitness: 300.000000 Time: 0 */
/* Position #66*/
#1 x: 54 y: 19
#2 x: 76 y: 35
#3 x: 46 y: 34
#4 x: 69 y: 77
#5 x: 49 y: 76
#6 x: 72 y: 81
genomestart 66
trait 1 1.000000 0.000000 0.000000 69664.000000 0.000000 13518.000000 0.000000 0.000000 trait 2 91765.000000 0.000000 33848.000000 0.000000 69186.000000 0.000000 0.000000 0.000000 trait 3 97007.000000 0.000000 0.000000 0.000000 52930.000000 0.000000 0.000000 60255.000000 trait 4 4.000000 0.000000 45611.000000 0.000000 0.000000 0.000000 0.000000 0.000000 node 1 3 1 3
node 2 3 1 1
node 3 1 1 1
node 4 2 1 1
node 5 4 1 1
node 6 3 1 1
node 7 2 1 1
node 8 3 1 1
node 9 1 1 1
node 10 1 1 1
node 11 1 1 1
node 12 1 1 1
node 13 3 0 2
node 14 3 0 2
node 15 2 0 2
node 30 1 0 0
node 156 1 0 0
node 183 1 0 0
node 207 1 0 0
node 238 1 0 0
node 310 1 0 0
node 388 1 0 0
node 419 1 0 0
node 455 1 0 0
node 591 1 0 0
node 612 1 0 0
node 646 1 0 0
node 695 1 0 0
node 758 1 0 0
node 873 1 0 0
node 934 1 0 0
node 1136 1 0 0
node 1191 1 0 0
node 1225 1 0 0
node 1350 1 0 0
node 1420 1 0 0
node 1454 3 0 0
node 1488 1 0 0
node 1550 1 0 0
node 1591 1 0 0
node 1626 2 0 0
node 1821 1 0 0
node 1868 1 0 0
node 1975 1 0 0
node 2010 1 0 0
node 2051 1 0 0
node 2192 1 0 0
node 2223 1 0 0
node 2280 1 0 0
node 2365 1 0 0
node 2390 1 0 0
node 2447 1 0 0
node 2534 1 0 0
node 2755 1 0 0
node 2819 1 0 0
node 2851 1 0 0
node 2913 1 0 0
node 3055 1 0 0
node 3088 1 0 0
node 3124 1 0 0
node 3242 1 0 0
node 3357 1 0 0
node 3377 1 0 0
node 3486 1 0 0
node 3546 1 0 0
node 3624 1 0 0
node 3651 1 0 0
node 3944 1 0 0
node 4059 1 0 0
node 4151 1 0 0
node 4243 1 0 0
node 4362 1 0 0
node 4505 1 0 0
node 4534 1 0 0
node 4612 1 0 0
node 4821 1 0 0
gene 2 1 13 -200727 0 1 -200727 1
gene 2 2 13 -46782 0 2 -46782 1
gene 2 3 13 -153333 0 3 -153333 0
gene 2 4 13 730491 0 4 730491 1
gene 1 5 13 -571554 0 5 -571554 1
gene 3 6 13 -43668 0 6 -43668 1
gene 4 7 13 -217617 0 7 -217617 1
gene 1 8 13 10584 0 8 10584 1
gene 3 9 13 -70602 0 9 -70602 0
gene 4 10 13 195426 0 10 195426 1
gene 4 11 13 13323 0 11 13323 1
gene 3 12 13 -231459 0 12 -231459 1
gene 1 1 14 -292380 0 13 -292380 1
gene 2 2 14 179532 0 14 179532 0
gene 1 3 14 -149991 0 15 -149991 1
gene 3 4 14 12030 0 16 12030 0
gene 2 5 14 424977 0 17 424977 1
gene 4 6 14 287949 0 18 287949 1
gene 3 7 14 97452 0 19 97452 1
gene 3 8 14 47298 0 20 47298 1
gene 1 9 14 -412845 0 21 -412845 0
gene 1 10 14 475218 0 22 475218 1
gene 3 11 14 169227 0 23 169227 1
gene 4 12 14 -364305 0 24 -364305 1
gene 1 1 15 -95613 0 25 -95613 1
gene 2 2 15 326982 0 26 326982 0
gene 2 3 15 -79443 0 27 -79443 1
gene 3 4 15 -477681 0 28 -477681 0
gene 2 5 15 -462810 0 29 -462810 1
gene 2 6 15 43683 0 30 43683 1
gene 3 7 15 -38430 0 31 -38430 0
gene 4 8 15 190128 0 32 190128 1
gene 3 9 15 -281793 0 33 -281793 1
gene 1 10 15 -178953 0 34 -178953 1
gene 2 11 15 -442248 0 35 -442248 1
gene 2 12 15 118731 0 36 118731 1
gene 2 2 30 176481 0 68 176481 1
gene 2 30 14 455748 0 69 455748 1
gene 4 12 30 -229026 0 128 -229026 1
gene 4 13 14 126471 0 154 126471 1
gene 1 5 156 -254463 0 401 -254463 0
gene 1 156 13 524642 0 402 524642 1
gene 2 11 183 264234 0 483 264234 1
gene 2 183 15 92238 0 484 92238 0
gene 2 3 207 -80832 0 547 -80832 0
gene 2 207 13 51273 0 548 51273 1
gene 2 5 238 -345767 0 628 -345767 1
gene 2 238 15 23301 0 629 23301 1
gene 3 10 183 -3513 0 685 -3513 0
gene 1 9 207 11472 0 756 11472 1
gene 4 12 310 310722 0 820 310722 1
gene 4 310 30 145665 0 821 145665 1
gene 3 10 388 -20865 0 1034 -20865 1
gene 3 388 183 144150 0 1035 144150 0
gene 3 7 419 91470 0 1104 91470 1
gene 3 419 15 -284061 0 1105 -284061 0
gene 1 9 455 -101757 0 1202 -101757 1
gene 1 455 14 238017 0 1203 238017 0
gene 1 455 455 288576 1 1275 288576 0
gene 3 419 591 324339 0 1555 324339 0
gene 3 591 15 -184881 0 1556 -184881 0
gene 3 7 612 -599839 0 1605 -599839 0
gene 3 612 14 239568 0 1606 239568 1
gene 3 4 646 -146325 0 1691 -146325 1
gene 3 646 14 157968 0 1692 157968 1
gene 4 6 388 397848 0 1763 397848 0
gene 1 455 695 425040 1 1828 425040 1
gene 1 695 455 439929 0 1829 439929 1
gene 1 695 758 -176676 0 1982 -176676 1
gene 1 758 455 -313611 0 1983 -313611 1
gene 2 183 873 -418071 0 2264 -418071 1
gene 2 873 15 -602720 0 2265 -602720 1
gene 1 310 388 -61113 0 2353 -61113 0
gene 1 10 934 189693 0 2417 189693 1
gene 1 934 14 401490 0 2418 401490 1
gene 2 9 388 -163317 0 2756 -163317 1
gene 2 9 1136 82377 0 2936 82377 1
gene 2 1136 388 -312717 0 2937 -312717 1
gene 1 934 1191 -28620 0 3070 -28620 0
gene 1 1191 14 150804 0 3071 150804 1
gene 2 3 1225 -56649 0 3155 -56649 1
gene 2 1225 207 -220839 0 3156 -220839 1
gene 1 873 873 104724 1 3296 104724 0
gene 1 591 455 -200709 0 3392 -200709 1
gene 2 1136 1350 -261786 0 3472 -261786 0
gene 2 1350 388 -118845 0 3473 -118845 1
gene 2 238 238 -398538 1 3569 -398538 1
gene 3 10 1420 465552 0 3648 465552 1
gene 3 1420 388 -129261 0 3649 -129261 1
gene 3 4 1454 611337 0 3731 611337 1
gene 3 1454 15 -126957 0 3732 -126957 0
gene 3 612 1488 -150579 0 3812 -150579 1
gene 3 1488 14 359685 0 3813 359685 1
gene 3 388 1550 -800000 0 3976 -800000 1
gene 3 1550 183 564863 0 3977 564863 0
gene 3 1420 1591 -299313 0 4076 -299313 1
gene 3 1591 388 -2721 0 4077 -2721 1
gene 4 310 1626 588546 0 4165 588546 1
gene 4 1626 30 401487 0 4166 401487 0
gene 4 1550 419 251043 0 4260 251043 1
gene 1 455 1821 -97623 0 4650 -97623 1
gene 1 1821 14 -38130 0 4651 -38130 1
gene 1 5 1868 290385 0 4778 290385 1
gene 1 1868 156 65187 0 4779 65187 1
gene 1 183 183 627980 1 4880 627980 0
gene 4 1550 1550 -106137 1 4949 -106137 1
gene 1 1454 1975 -39885 0 5033 -39885 1
gene 3 1975 15 27474 0 5034 27474 1
gene 1 156 2010 -133704 0 5118 -133704 0
gene 1 2010 13 -244062 0 5119 -244062 1
gene 3 1550 2051 63555 0 5219 63555 1
gene 3 2051 183 19101 0 5220 19101 1
gene 3 612 612 24288 1 5310 24288 1
gene 1 183 2192 618056 1 5568 618056 1
gene 1 2192 183 -49272 0 5569 -49272 1
gene 1 310 2223 -118860 0 5641 -118860 1
gene 1 2223 388 -518763 0 5642 -518763 1
gene 3 419 2280 -106284 0 5793 -106284 1
gene 3 2280 591 -273543 0 5794 -273543 1
gene 3 591 2365 144816 0 6011 144816 0
gene 3 2365 15 -506424 0 6012 -506424 1
gene 4 1626 2390 97230 0 6075 97230 1
gene 4 2390 30 -415461 0 6076 -415461 1
gene 2 1136 2447 -25503 0 6225 -25503 1
gene 2 2447 1350 197658 0 6226 197658 1
gene 2 873 2534 -236463 0 6447 -236463 1
gene 2 2534 15 556203 0 6448 556203 1
gene 1 2 695 258369 0 6514 258369 1
gene 3 873 1350 219312 1 6610 219312 1
gene 3 419 2755 -800000 0 6995 -800000 1
gene 3 2755 591 106131 0 6996 106131 1
gene 3 1488 2819 -434064 0 7176 -434064 1
gene 3 2819 14 -123816 0 7177 -123816 1
gene 1 455 2851 -61425 1 7254 -61425 0
gene 1 2851 455 -191223 0 7255 -191223 1
gene 2 2 2913 124707 0 7416 124707 1
gene 2 2913 15 296391 0 7417 296391 1
gene 1 1868 1420 -455154 0 7695 -455154 0
gene 4 6 3055 175563 0 7779 175563 1
gene 4 3055 388 232839 0 7780 232839 0
gene 2 3 3088 -509586 0 7864 -509586 1
gene 2 3088 13 -487077 0 7865 -487077 1
gene 3 10 3124 -230859 0 7947 -230859 1
gene 3 3124 1420 -450954 0 7948 -450954 1
gene 1 1868 3242 -597738 0 8261 -597738 1
gene 1 3242 1420 -182592 0 8262 -182592 1
gene 4 2010 388 197823 0 8356 197823 1
gene 1 156 3357 468795 0 8555 468795 0
gene 1 3357 2010 231972 0 8556 231972 1
gene 3 7 3377 -152619 0 8606 -152619 1
gene 3 3377 612 -378459 0 8607 -378459 1
gene 2 207 3486 -158667 0 8872 -158667 1
gene 2 3486 13 563997 0 8873 563997 1
gene 4 1488 30 -48786 0 8950 -48786 1
gene 3 9 3546 -309573 0 9025 -309573 1
gene 3 3546 13 296526 0 9026 296526 1
gene 3 591 3624 30499 0 9231 30499 1
gene 3 3624 2365 -16128 0 9232 -16128 1
gene 1 873 3651 798429 1 9290 798429 1
gene 1 3651 873 40578 0 9291 40578 1
gene 4 3055 1350 -71292 0 9526 -71292 1
gene 2 873 2819 128634 0 9604 128634 0
gene 4 3242 2851 -800000 0 9675 -800000 1
gene 2 873 3944 118584 0 10040 118584 0
gene 2 3944 2819 -272208 0 10041 -272208 1
gene 4 3055 4059 169296 0 10328 169296 1
gene 4 4059 388 -225954 0 10329 -225954 1
gene 4 7 4059 -172473 0 10440 -172473 1
gene 4 2851 3546 67107 0 10495 67107 1
gene 1 156 4151 -602918 0 10571 -602918 1
gene 1 4151 3357 29697 0 10572 29697 1
gene 3 4 4243 65565 0 10798 65565 1
gene 3 4243 14 156993 0 10799 156993 1
gene 2 12 3357 300267 0 10985 300267 1
gene 2 873 4362 515571 0 11087 515571 1
gene 2 4362 3944 163377 0 11088 163377 1
gene 1 4362 591 210810 0 11158 210810 1
gene 1 310 4505 -11057 0 11447 -11057 1
gene 1 4505 388 343443 0 11448 343443 1
gene 4 1626 4534 -51570 0 11520 -51570 1
gene 4 4534 30 -119034 0 11521 -119034 1
gene 1 934 4612 -89007 0 11700 -89007 1
gene 1 4612 1191 -97746 0 11701 -97746 1
gene 4 2010 2365 43554 0 11918 43554 1
gene 2 2 4821 1 0 12221 0 1
gene 2 4821 15 326982 0 12222 0 1
genomeend 66


/* Organism #70 Fitness: 300.000000 Time: 0 */
/* Position #70*/
#1 x: 26 y: 28
#2 x: 16 y: 40
#3 x: 27 y: 19
#4 x: 33 y: 69
#5 x: 15 y: 80
#6 x: 85 y: 74
genomestart 70
trait 1 73357.000000 0.000000 0.000000 0.000000 74361.000000 0.000000 0.000000 29704.000000 trait 2 2.000000 0.000000 0.000000 0.000000 0.000000 0.000000 0.000000 0.000000 trait 3 0.000000 0.000000 0.000000 0.000000 52930.000000 0.000000 0.000000 0.000000 trait 4 4.000000 0.000000 0.000000 0.000000 0.000000 0.000000 0.000000 0.000000 node 1 3 1 3
node 2 3 1 1
node 3 1 1 1
node 4 2 1 1
node 5 4 1 1
node 6 3 1 1
node 7 2 1 1
node 8 3 1 1
node 9 1 1 1
node 10 1 1 1
node 11 1 1 1
node 12 1 1 1
node 13 3 0 2
node 14 3 0 2
node 15 2 0 2
node 30 1 0 0
node 156 1 0 0
node 183 1 0 0
node 207 1 0 0
node 238 1 0 0
node 310 1 0 0
node 388 1 0 0
node 419 1 0 0
node 455 1 0 0
node 591 1 0 0
node 612 1 0 0
node 646 1 0 0
node 695 1 0 0
node 758 1 0 0
node 873 1 0 0
node 934 1 0 0
node 1136 1 0 0
node 1191 1 0 0
node 1225 1 0 0
node 1350 1 0 0
node 1420 1 0 0
node 1454 1 0 0
node 1488 1 0 0
node 1550 1 0 0
node 1591 1 0 0
node 1626 2 0 0
node 1821 1 0 0
node 1868 2 0 0
node 1975 1 0 0
node 2010 1 0 0
node 2051 1 0 0
node 2192 1 0 0
node 2223 1 0 0
node 2280 1 0 0
node 2365 1 0 0
node 2390 1 0 0
node 2447 1 0 0
node 2570 1 0 0
node 2753 1 0 0
node 2783 1 0 0
node 2922 1 0 0
node 3065 1 0 0
node 3096 1 0 0
node 3185 1 0 0
node 3206 1 0 0
node 3236 1 0 0
node 3278 1 0 0
node 3303 1 0 0
node 3403 1 0 0
node 3529 1 0 0
node 3569 1 0 0
node 3588 1 0 0
node 3613 1 0 0
node 3705 1 0 0
node 3732 1 0 0
node 3762 1 0 0
node 3834 1 0 0
node 3965 1 0 0
node 4007 1 0 0
node 4137 1 0 0
node 4164 1 0 0
node 4197 1 0 0
node 4272 1 0 0
node 4501 1 0 0
node 4530 1 0 0
node 4683 1 0 0
node 4760 1 0 0
gene 2 1 13 278433 0 1 278433 1
gene 2 2 13 139413 0 2 139413 1
gene 2 3 13 -618194 0 3 -618194 1
gene 2 4 13 262989 0 4 262989 1
gene 1 5 13 63177 0 5 63177 1
gene 3 6 13 491256 0 6 491256 1
gene 4 7 13 -87375 0 7 -87375 1
gene 1 8 13 -105033 0 8 -105033 0
gene 3 9 13 197859 0 9 197859 1
gene 4 10 13 -324498 0 10 -324498 1
gene 4 11 13 118176 0 11 118176 0
gene 3 12 13 98427 0 12 98427 0
gene 1 1 14 -800000 0 13 -800000 1
gene 2 2 14 -179307 0 14 -179307 0
gene 1 3 14 -418173 0 15 -418173 0
gene 3 4 14 -64320 0 16 -64320 1
gene 2 5 14 -800000 0 17 -800000 0
gene 4 6 14 -11919 0 18 -11919 0
gene 3 7 14 -749178 0 19 -749178 0
gene 3 8 14 509981 0 20 509981 1
gene 1 9 14 394728 0 21 394728 1
gene 1 10 14 88380 0 22 88380 1
gene 3 11 14 -32943 0 23 -32943 1
gene 4 12 14 -67494 0 24 -67494 1
gene 1 1 15 126351 0 25 126351 1
gene 2 2 15 158355 0 26 158355 1
gene 2 3 15 -800000 0 27 -800000 0
gene 3 4 15 372924 0 28 372924 0
gene 2 5 15 18729 0 29 18729 0
gene 2 6 15 -152403 0 30 -152403 1
gene 3 7 15 218880 0 31 218880 0
gene 4 8 15 -443508 0 32 -443508 1
gene 3 9 15 296706 0 33 296706 1
gene 1 10 15 619802 0 34 619802 1
gene 2 11 15 -393810 0 35 -393810 1
gene 2 12 15 -163653 0 36 -163653 1
gene 2 2 30 -267792 0 68 -267792 1
gene 2 30 14 -86925 0 69 -86925 1
gene 4 12 30 542277 0 128 542277 0
gene 4 13 14 608043 0 154 608043 1
gene 1 5 156 525558 0 401 525558 0
gene 1 156 13 156171 0 402 156171 0
gene 2 11 183 140469 0 483 140469 1
gene 2 183 15 150159 0 484 150159 0
gene 2 3 207 523146 0 547 523146 0
gene 2 207 13 41952 0 548 41952 1
gene 2 5 238 507861 0 628 507861 1
gene 2 238 15 621872 0 629 621872 1
gene 3 10 183 -395433 0 685 -395433 0
gene 3 9 207 -424203 0 756 -424203 1
gene 4 12 310 266103 0 820 266103 1
gene 4 310 30 -181245 0 821 -181245 0
gene 3 10 388 -580652 0 1034 -580652 0
gene 3 388 183 -280428 0 1035 -280428 1
gene 3 7 419 110022 0 1104 110022 1
gene 3 419 15 -454368 0 1105 -454368 1
gene 1 9 455 -431718 0 1202 -431718 1
gene 1 455 14 16416 0 1203 16416 1
gene 1 455 455 118908 1 1275 118908 1
gene 3 419 591 266388 0 1555 266388 1
gene 3 591 15 198138 0 1556 198138 0
gene 3 7 612 194484 0 1605 194484 0
gene 3 612 14 -384435 0 1606 -384435 0
gene 3 4 646 -637857 0 1691 -637857 1
gene 3 646 14 -171573 0 1692 -171573 1
gene 4 6 388 -593331 0 1763 -593331 1
gene 1 455 695 -589488 1 1828 -589488 1
gene 1 695 455 -145158 0 1829 -145158 0
gene 1 695 758 330294 0 1982 330294 1
gene 1 758 455 284601 0 1983 284601 0
gene 2 183 873 -138276 0 2264 -138276 1
gene 2 873 15 -476610 0 2265 -476610 1
gene 1 310 388 675081 0 2353 675081 1
gene 1 10 934 -138372 0 2417 -138372 0
gene 1 934 14 -331485 0 2418 -331485 1
gene 2 9 388 42069 0 2756 42069 1
gene 2 9 1136 -800000 0 2936 -800000 0
gene 2 1136 388 -79527 0 2937 -79527 0
gene 1 934 1191 -117843 0 3070 -117843 1
gene 1 1191 14 -677132 0 3071 -677132 1
gene 2 3 1225 -53382 0 3155 -53382 1
gene 2 1225 207 403218 0 3156 403218 0
gene 1 873 873 -242961 1 3296 -242961 1
gene 1 591 455 481784 0 3392 481784 1
gene 2 1136 1350 -431997 0 3472 -431997 1
gene 2 1350 388 275487 0 3473 275487 1
gene 2 238 238 -571670 1 3569 -571670 1
gene 3 10 1420 -322107 0 3648 -322107 1
gene 3 1420 388 -102021 0 3649 -102021 0
gene 3 4 1454 70509 0 3731 70509 1
gene 3 1454 15 383346 0 3732 383346 1
gene 3 612 1488 -54630 0 3812 -54630 1
gene 3 1488 14 -92484 0 3813 -92484 1
gene 3 388 1550 -82008 0 3976 -82008 1
gene 3 1550 183 184254 0 3977 184254 0
gene 3 1420 1591 -88845 0 4076 -88845 1
gene 3 1591 388 750876 0 4077 750876 1
gene 4 310 1626 168717 0 4165 168717 1
gene 4 1626 30 301674 0 4166 301674 0
gene 4 1550 419 -187451 0 4260 -187451 1
gene 1 455 1821 -400722 0 4650 -400722 0
gene 1 1821 14 -351675 0 4651 -351675 1
gene 1 5 1868 640827 0 4778 640827 1
gene 1 1868 156 610509 0 4779 610509 1
gene 1 183 183 -145728 1 4880 -145728 0
gene 4 1550 1550 -28128 1 4949 -28128 1
gene 3 1454 1975 -553260 0 5033 -553260 0
gene 3 1975 15 -136965 0 5034 -136965 1
gene 1 156 2010 -160821 0 5118 -160821 1
gene 1 2010 13 -496497 0 5119 -496497 1
gene 3 1550 2051 -389508 0 5219 -389508 1
gene 3 2051 183 265284 0 5220 265284 1
gene 3 612 612 -126891 1 5310 -126891 1
gene 1 183 2192 563232 1 5568 563232 1
gene 1 2192 183 -332627 0 5569 -332627 0
gene 1 310 2223 -461217 0 5641 -461217 1
gene 1 2223 388 257169 0 5642 257169 0
gene 3 419 2280 -206295 0 5793 -206295 1
gene 3 2280 591 430737 0 5794 430737 1
gene 3 591 2365 -233214 0 6011 -233214 1
gene 3 2365 15 -281088 0 6012 -281088 1
gene 4 1626 2390 -134820 0 6075 -134820 1
gene 4 2390 30 499950 0 6076 499950 1
gene 2 1136 2447 183864 0 6225 183864 1
gene 2 2447 1350 530262 0 6226 530262 1
gene 4 11 2570 -660996 0 6534 -660996 1
gene 4 2570 13 288911 0 6535 288911 0
gene 3 7 2753 -568350 0 6991 -568350 1
gene 3 2753 612 176931 0 6992 176931 1
gene 1 183 2783 -794942 1 7072 -794942 1
gene 1 2783 183 757026 0 7073 757026 1
gene 1 758 1591 -145503 0 7387 -145503 1
gene 1 2192 2922 800000 0 7438 800000 1
gene 1 2922 183 -522872 0 7439 -522872 0
gene 2 1454 1454 -191739 1 7652 -191739 0
gene 4 7 2192 303059 0 7731 303059 1
gene 1 2223 3065 83326 0 7809 83326 1
gene 1 3065 388 693711 0 7810 693711 1
gene 3 9 3096 391144 0 7884 391144 1
gene 3 3096 15 -800000 0 7885 -800000 0
gene 3 1136 1821 -526101 0 7970 -526101 1
gene 1 10 3185 -54131 0 8106 -54131 1
gene 1 3185 934 660446 0 8107 660446 1
gene 3 3096 3206 -407550 0 8161 -407550 1
gene 3 3206 15 -614055 0 8162 -614055 1
gene 4 6 3236 321507 0 8245 321507 1
gene 4 3236 14 -378183 0 8246 -378183 1
gene 2 1136 3278 -494835 0 8347 -494835 1
gene 2 3278 388 87945 0 8348 87945 0
gene 1 758 3303 32043 0 8414 32043 1
gene 1 3303 455 -447939 0 8415 -447939 1
gene 3 8 2447 -192567 0 8513 -192567 1
gene 1 591 591 -702330 1 8588 -702330 1
gene 3 12 3403 -40650 0 8670 -40650 1
gene 3 3403 13 -330450 0 8671 -330450 1
gene 2 5 3529 -416097 0 8981 -416097 1
gene 2 3529 14 -503991 0 8982 -503991 1
gene 3 1550 3569 -707954 0 9083 -707954 1
gene 3 3569 183 71790 0 9084 71790 1
gene 2 1454 3588 480231 1 9139 480231 1
gene 2 3588 1454 -191682 0 9140 -191682 1
gene 1 3 3613 -345390 0 9208 -345390 0
gene 1 3613 14 212748 0 9209 212748 1
gene 2 3 3705 -800000 0 9428 -800000 0
gene 2 3705 15 -230997 0 9429 -230997 1
gene 2 1225 3732 -268530 0 9502 -268530 1
gene 2 3732 207 102417 0 9503 102417 1
gene 1 8 3762 258672 0 9581 258672 1
gene 1 3762 13 -29451 0 9582 -29451 0
gene 1 3762 3834 169101 0 9770 169101 1
gene 1 3834 13 -167766 0 9771 -167766 1
gene 4 934 2753 343095 0 9840 343095 0
gene 3 2051 2051 129069 1 9915 129069 1
gene 2 9 3965 -51918 0 10097 -51918 1
gene 2 3965 1136 -258495 0 10098 -258495 1
gene 2 3 4007 168978 0 10204 168978 1
gene 2 4007 207 480378 0 10205 480378 1
gene 1 3 4137 153624 0 10535 153624 1
gene 1 4137 3613 83682 0 10536 83682 1
gene 4 934 4164 -245823 0 10603 -245823 1
gene 4 4164 2753 297513 0 10604 297513 1
gene 3 1454 4197 249595 0 10683 249595 1
gene 3 4197 1975 800000 0 10684 800000 1
gene 1 2922 4272 -455514 0 10872 -455514 1
gene 1 4272 183 -48405 0 10873 -48405 1
gene 4 3303 2922 -465273 0 11048 -465273 1
gene 2 3588 2280 -397574 0 11134 -397574 1
gene 3 1626 2783 -423708 0 11368 -423708 1
gene 2 3 4501 -241857 0 11437 -241857 1
gene 2 4501 3705 62928 0 11438 62928 1
gene 4 2570 4530 -255260 0 11511 -255260 1
gene 4 4530 13 -290760 0 11512 -290760 1
gene 2 3278 4683 -231098 0 11869 -231098 1
gene 2 4683 388 276549 0 11870 276549 1
gene 4 2010 873 33107 0 11969 33107 1
gene 1 455 4760 -146369 0 12062 -146369 1
gene 1 4760 1821 44778 0 12063 44778 1
genomeend 70


/* Organism #72 Fitness: 350.000000 Time: 0 */
/* Position #72*/
#1 x: 59 y: 22
#2 x: 35 y: 26
#3 x: 84 y: 28
#4 x: 39 y: 64
#5 x: 41 y: 77
#6 x: 40 y: 78
genomestart 72
trait 1 1.000000 0.000000 0.000000 0.000000 0.000000 0.000000 0.000000 0.000000 trait 2 2.000000 0.000000 0.000000 0.000000 0.000000 0.000000 0.000000 0.000000 trait 3 0.000000 0.000000 0.000000 0.000000 52930.000000 0.000000 0.000000 0.000000 trait 4 0.000000 0.000000 36456.000000 0.000000 80763.000000 0.000000 0.000000 35764.000000 node 1 3 1 3
node 2 3 1 1
node 3 1 1 1
node 4 2 1 1
node 5 4 1 1
node 6 3 1 1
node 7 2 1 1
node 8 3 1 1
node 9 1 1 1
node 10 1 1 1
node 11 1 1 1
node 12 1 1 1
node 13 3 0 2
node 14 3 0 2
node 15 2 0 2
node 30 1 0 0
node 156 1 0 0
node 183 1 0 0
node 207 1 0 0
node 238 1 0 0
node 310 1 0 0
node 388 1 0 0
node 419 1 0 0
node 455 1 0 0
node 591 1 0 0
node 612 1 0 0
node 646 1 0 0
node 695 1 0 0
node 758 1 0 0
node 873 1 0 0
node 934 1 0 0
node 1136 1 0 0
node 1191 1 0 0
node 1225 1 0 0
node 1350 1 0 0
node 1420 1 0 0
node 1454 1 0 0
node 1488 1 0 0
node 1550 1 0 0
node 1591 1 0 0
node 1626 2 0 0
node 1821 1 0 0
node 1868 2 0 0
node 1975 1 0 0
node 2010 1 0 0
node 2051 1 0 0
node 2192 1 0 0
node 2223 1 0 0
node 2280 1 0 0
node 2365 1 0 0
node 2390 1 0 0
node 2447 1 0 0
node 2570 1 0 0
node 2753 1 0 0
node 2783 1 0 0
node 2922 1 0 0
node 3065 1 0 0
node 3096 1 0 0
node 3185 1 0 0
node 3206 1 0 0
node 3236 1 0 0
node 3278 1 0 0
node 3303 1 0 0
node 3403 1 0 0
node 3529 1 0 0
node 3569 1 0 0
node 3588 1 0 0
node 3613 1 0 0
node 3705 1 0 0
node 3732 1 0 0
node 3762 1 0 0
node 3834 1 0 0
node 3965 1 0 0
node 4007 1 0 0
node 4137 1 0 0
node 4164 1 0 0
node 4197 1 0 0
node 4272 1 0 0
node 4669 1 0 0
node 4702 1 0 0
node 4727 1 0 0
gene 2 1 13 219762 0 1 219762 1
gene 2 2 13 782987 0 2 782987 1
gene 2 3 13 -294051 0 3 -294051 1
gene 2 4 13 241782 0 4 241782 1
gene 1 5 13 237648 0 5 237648 1
gene 3 6 13 -215184 0 6 -215184 1
gene 4 7 13 219744 0 7 219744 1
gene 1 8 13 275370 0 8 275370 0
gene 3 9 13 -244480 0 9 -244480 1
gene 4 10 13 -220509 0 10 -220509 1
gene 4 11 13 -240687 0 11 -240687 0
gene 3 12 13 -329577 0 12 -329577 0
gene 1 1 14 168093 0 13 168093 1
gene 2 2 14 21045 0 14 21045 0
gene 1 3 14 -31497 0 15 -31497 0
gene 3 4 14 -117138 0 16 -117138 1
gene 2 5 14 -345510 0 17 -345510 0
gene 4 6 14 357765 0 18 357765 0
gene 3 7 14 -83016 0 19 -83016 0
gene 3 8 14 247599 0 20 247599 1
gene 1 9 14 505974 0 21 505974 1
gene 1 10 14 -800000 0 22 -800000 1
gene 3 11 14 93954 0 23 93954 1
gene 4 12 14 -91485 0 24 -91485 1
gene 1 1 15 229746 0 25 229746 1
gene 2 2 15 -91845 0 26 -91845 1
gene 2 3 15 -169524 0 27 -169524 0
gene 3 4 15 800000 0 28 800000 0
gene 2 5 15 555555 0 29 555555 0
gene 2 6 15 -132807 0 30 -132807 1
gene 3 7 15 78780 0 31 78780 0
gene 4 8 15 175797 0 32 175797 1
gene 3 9 15 -271068 0 33 -271068 1
gene 1 10 15 -86736 0 34 -86736 1
gene 2 11 15 392751 0 35 392751 1
gene 2 12 15 -96378 0 36 -96378 1
gene 2 2 30 -100995 0 68 -100995 1
gene 2 30 14 -540170 0 69 -540170 1
gene 4 12 30 -80457 0 128 -80457 0
gene 4 13 14 171855 0 154 171855 1
gene 1 5 156 611430 0 401 611430 0
gene 1 156 13 242787 0 402 242787 0
gene 2 11 183 -232689 0 483 -232689 1
gene 2 183 15 -372474 0 484 -372474 0
gene 2 3 207 -168591 0 547 -168591 0
gene 2 207 13 476700 0 548 476700 1
gene 2 5 238 308694 0 628 308694 1
gene 2 238 15 103257 0 629 103257 1
gene 3 10 183 -290652 0 685 -290652 0
gene 3 9 207 105639 0 756 105639 1
gene 4 12 310 -296529 0 820 -296529 1
gene 4 310 30 658938 0 821 658938 0
gene 3 10 388 132390 0 1034 132390 0
gene 3 388 183 420873 0 1035 420873 1
gene 3 7 419 312906 0 1104 312906 1
gene 3 419 15 -73656 0 1105 -73656 1
gene 1 9 455 -61599 0 1202 -61599 1
gene 1 455 14 501804 0 1203 501804 1
gene 1 455 455 -132315 1 1275 -132315 1
gene 3 419 591 297936 0 1555 297936 1
gene 3 591 15 -51732 0 1556 -51732 0
gene 3 7 612 -136497 0 1605 -136497 0
gene 3 612 14 188901 0 1606 188901 0
gene 3 4 646 148755 0 1691 148755 1
gene 3 646 14 -142632 0 1692 -142632 1
gene 4 6 388 -368286 0 1763 -368286 1
gene 1 455 695 -113874 1 1828 -113874 1
gene 1 695 455 -495393 0 1829 -495393 0
gene 1 695 758 196650 0 1982 196650 1
gene 1 758 455 -158898 0 1983 -158898 0
gene 2 183 873 -175644 0 2264 -175644 1
gene 2 873 15 -210129 0 2265 -210129 1
gene 1 310 388 433382 0 2353 433382 1
gene 1 10 934 -82308 0 2417 -82308 0
gene 1 934 14 33978 0 2418 33978 1
gene 2 9 388 -168072 0 2756 -168072 1
gene 2 9 1136 -544338 0 2936 -544338 0
gene 2 1136 388 228111 0 2937 228111 0
gene 1 934 1191 -218664 0 3070 -218664 1
gene 1 1191 14 -686240 0 3071 -686240 1
gene 2 3 1225 696069 0 3155 696069 1
gene 2 1225 207 62586 0 3156 62586 0
gene 1 873 873 154308 1 3296 154308 1
gene 1 591 455 418295 0 3392 418295 1
gene 2 1136 1350 -123099 0 3472 -123099 1
gene 2 1350 388 517338 0 3473 517338 1
gene 2 238 238 -800000 1 3569 -800000 1
gene 3 10 1420 -405003 0 3648 -405003 1
gene 3 1420 388 -408240 0 3649 -408240 0
gene 3 4 1454 -543323 0 3731 -543323 0
gene 3 1454 15 -104817 0 3732 -104817 1
gene 3 612 1488 -1329 0 3812 -1329 1
gene 3 1488 14 -375351 0 3813 -375351 1
gene 3 388 1550 246159 0 3976 246159 1
gene 3 1550 183 -205323 0 3977 -205323 0
gene 3 1420 1591 -209127 0 4076 -209127 1
gene 3 1591 388 -71319 0 4077 -71319 1
gene 4 310 1626 644994 0 4165 644994 1
gene 4 1626 30 -21396 0 4166 -21396 0
gene 4 1550 419 112596 0 4260 112596 1
gene 1 455 1821 128055 0 4650 128055 1
gene 1 1821 14 -226323 0 4651 -226323 1
gene 1 5 1868 -147924 0 4778 -147924 1
gene 1 1868 156 184155 0 4779 184155 1
gene 1 183 183 -512193 1 4880 -512193 0
gene 4 1550 1550 655733 1 4949 655733 1
gene 3 1454 1975 695205 0 5033 695205 0
gene 3 1975 15 732168 0 5034 732168 1
gene 1 156 2010 655320 0 5118 655320 1
gene 1 2010 13 278706 0 5119 278706 1
gene 3 1550 2051 113181 0 5219 113181 1
gene 3 2051 183 -564843 0 5220 -564843 1
gene 3 612 612 -519762 1 5310 -519762 1
gene 1 183 2192 -138972 1 5568 -138972 1
gene 1 2192 183 317172 0 5569 317172 0
gene 1 310 2223 288864 0 5641 288864 1
gene 1 2223 388 63885 0 5642 63885 0
gene 3 419 2280 -258807 0 5793 -258807 1
gene 3 2280 591 207042 0 5794 207042 1
gene 3 591 2365 -274443 0 6011 -274443 1
gene 3 2365 15 44100 0 6012 44100 1
gene 4 1626 2390 33444 0 6075 33444 1
gene 4 2390 30 221643 0 6076 221643 1
gene 2 1136 2447 115203 0 6225 115203 1
gene 2 2447 1350 -34218 0 6226 -34218 0
gene 4 11 2570 -460236 0 6534 -460236 1
gene 4 2570 13 709637 0 6535 709637 1
gene 3 7 2753 -266382 0 6991 -266382 1
gene 3 2753 612 -149739 0 6992 -149739 1
gene 1 183 2783 -25179 1 7072 -25179 1
gene 1 2783 183 42276 0 7073 42276 1
gene 1 758 1591 555732 0 7387 555732 1
gene 1 2192 2922 690851 0 7438 690851 1
gene 1 2922 183 -425459 0 7439 -425459 0
gene 2 1454 1454 92406 1 7652 92406 0
gene 4 7 2192 37626 0 7731 37626 1
gene 1 2223 3065 -514674 0 7809 -514674 1
gene 1 3065 388 -130386 0 7810 -130386 1
gene 3 9 3096 307825 0 7884 307825 1
gene 3 3096 15 -173937 0 7885 -173937 0
gene 3 1136 1821 -116142 0 7970 -116142 1
gene 1 10 3185 -281535 0 8106 -281535 1
gene 1 3185 934 307263 0 8107 307263 1
gene 3 3096 3206 270282 0 8161 270282 1
gene 3 3206 15 -637566 0 8162 -637566 1
gene 4 6 3236 380124 0 8245 380124 1
gene 4 3236 14 -94488 0 8246 -94488 1
gene 2 1136 3278 -330924 0 8347 -330924 0
gene 2 3278 388 -18159 0 8348 -18159 1
gene 1 758 3303 174735 0 8414 174735 1
gene 1 3303 455 127179 0 8415 127179 1
gene 3 8 2447 258744 0 8513 258744 1
gene 1 591 591 -246024 1 8588 -246024 1
gene 3 12 3403 -190170 0 8670 -190170 1
gene 3 3403 13 -1713 0 8671 -1713 1
gene 2 5 3529 -366591 0 8981 -366591 1
gene 2 3529 14 -76071 0 8982 -76071 1
gene 3 1550 3569 -62910 0 9083 -62910 1
gene 3 3569 183 568929 0 9084 568929 1
gene 2 1454 3588 233898 1 9139 233898 1
gene 2 3588 1454 -39858 0 9140 -39858 1
gene 1 3 3613 -22866 0 9208 -22866 0
gene 1 3613 14 58434 0 9209 58434 1
gene 2 3 3705 -59697 0 9428 -59697 1
gene 2 3705 15 800000 0 9429 800000 1
gene 2 1225 3732 -52080 0 9502 -52080 1
gene 2 3732 207 -167733 0 9503 -167733 1
gene 1 8 3762 52047 0 9581 52047 1
gene 1 3762 13 297252 0 9582 297252 0
gene 1 3762 3834 431946 0 9770 431946 1
gene 1 3834 13 16866 0 9771 16866 1
gene 4 934 2753 65772 0 9840 65772 0
gene 3 2051 2051 -204375 1 9915 -204375 1
gene 2 9 3965 152640 0 10097 152640 1
gene 2 3965 1136 -355311 0 10098 -355311 1
gene 2 3 4007 207249 0 10204 207249 1
gene 2 4007 207 138246 0 10205 138246 1
gene 1 3 4137 -299646 0 10535 -299646 1
gene 1 4137 3613 -254610 0 10536 -254610 1
gene 4 934 4164 65292 0 10603 65292 1
gene 4 4164 2753 519387 0 10604 519387 1
gene 3 1454 4197 656413 0 10683 656413 1
gene 3 4197 1975 38859 0 10684 38859 1
gene 1 2922 4272 -702903 0 10872 -702903 1
gene 1 4272 183 -799445 0 10873 -799445 1
gene 4 3303 2922 35475 0 11048 35475 1
gene 2 3588 2280 175830 0 11134 175830 1
gene 2 1136 455 -82377 0 11660 -82377 1
gene 3 4 4669 -259710 0 11838 -259710 1
gene 3 4669 1454 -489419 0 11839 -489419 1
gene 2 2447 4702 -105635 0 11916 -105635 1
gene 2 4702 1350 -759501 0 11917 -759501 1
gene 2 1136 4727 -106379 0 11976 -106379 1
gene 2 4727 3278 -334395 0 11977 -334395 1
gene 1 2223 2223 -86189 1 12066 -86189 1
genomeend 72


/* Organism #74 Fitness: 310.000000 Time: 0 */
/* Position #74*/
#1 x: 17 y: 39
#2 x: 52 y: 40
#3 x: 73 y: 27
#4 x: 55 y: 78
#5 x: 77 y: 76
#6 x: 22 y: 78
genomestart 74
trait 1 1.000000 0.000000 0.000000 69664.000000 0.000000 13518.000000 0.000000 0.000000 trait 2 91765.000000 0.000000 33848.000000 0.000000 69186.000000 0.000000 0.000000 0.000000 trait 3 97007.000000 0.000000 0.000000 0.000000 52930.000000 0.000000 0.000000 60255.000000 trait 4 4.000000 0.000000 45611.000000 0.000000 0.000000 0.000000 0.000000 0.000000 node 1 3 1 3
node 2 3 1 1
node 3 1 1 1
node 4 2 1 1
node 5 4 1 1
node 6 3 1 1
node 7 2 1 1
node 8 3 1 1
node 9 1 1 1
node 10 1 1 1
node 11 1 1 1
node 12 1 1 1
node 13 3 0 2
node 14 3 0 2
node 15 2 0 2
node 30 1 0 0
node 156 1 0 0
node 183 1 0 0
node 207 1 0 0
node 238 1 0 0
node 310 1 0 0
node 388 1 0 0
node 419 1 0 0
node 455 1 0 0
node 591 1 0 0
node 612 1 0 0
node 646 1 0 0
node 695 1 0 0
node 758 1 0 0
node 873 1 0 0
node 934 1 0 0
node 1136 1 0 0
node 1191 1 0 0
node 1225 1 0 0
node 1350 1 0 0
node 1420 1 0 0
node 1454 3 0 0
node 1488 1 0 0
node 1550 1 0 0
node 1591 1 0 0
node 1626 2 0 0
node 1821 1 0 0
node 1868 1 0 0
node 1975 1 0 0
node 2010 1 0 0
node 2051 1 0 0
node 2192 1 0 0
node 2223 1 0 0
node 2280 1 0 0
node 2365 1 0 0
node 2390 1 0 0
node 2447 1 0 0
node 2534 1 0 0
node 2755 1 0 0
node 2819 1 0 0
node 2851 1 0 0
node 2913 1 0 0
node 3055 1 0 0
node 3088 1 0 0
node 3124 1 0 0
node 3242 1 0 0
node 3357 1 0 0
node 3377 1 0 0
node 3486 1 0 0
node 3546 1 0 0
node 3624 1 0 0
node 3651 1 0 0
node 3944 1 0 0
node 4059 1 0 0
node 4151 1 0 0
node 4243 1 0 0
node 4362 1 0 0
node 4505 1 0 0
node 4534 1 0 0
node 4612 1 0 0
node 4686 1 0 0
node 4769 1 0 0
gene 2 1 13 -33223 0 1 -33223 1
gene 2 2 13 582751 0 2 582751 1
gene 2 3 13 -533406 0 3 -533406 0
gene 2 4 13 291498 0 4 291498 1
gene 1 5 13 -354871 0 5 -354871 1
gene 3 6 13 -172812 0 6 -172812 1
gene 4 7 13 284113 0 7 284113 1
gene 1 8 13 783447 0 8 783447 1
gene 3 9 13 520084 0 9 520084 1
gene 4 10 13 -223143 0 10 -223143 1
gene 4 11 13 -242181 0 11 -242181 1
gene 3 12 13 -540162 0 12 -540162 1
gene 1 1 14 -399240 0 13 -399240 1
gene 2 2 14 587205 0 14 587205 0
gene 1 3 14 68390 0 15 68390 1
gene 3 4 14 195932 0 16 195932 1
gene 2 5 14 201561 0 17 201561 1
gene 4 6 14 -147768 0 18 -147768 1
gene 3 7 14 399820 0 19 399820 1
gene 3 8 14 501195 0 20 501195 1
gene 1 9 14 39510 0 21 39510 0
gene 1 10 14 -14355 0 22 -14355 1
gene 3 11 14 -273588 0 23 -273588 1
gene 4 12 14 -494320 0 24 -494320 1
gene 1 1 15 -26202 0 25 -26202 1
gene 2 2 15 150240 0 26 150240 1
gene 2 3 15 -43209 0 27 -43209 1
gene 3 4 15 -92299 0 28 -92299 1
gene 2 5 15 -22974 0 29 -22974 1
gene 2 6 15 195580 0 30 195580 1
gene 3 7 15 269553 0 31 269553 0
gene 4 8 15 208233 0 32 208233 1
gene 3 9 15 121946 0 33 121946 1
gene 1 10 15 -563457 0 34 -563457 1
gene 2 11 15 220930 0 35 220930 1
gene 2 12 15 262284 0 36 262284 1
gene 2 2 30 -231808 0 68 -231808 1
gene 2 30 14 -35559 0 69 -35559 1
gene 4 12 30 -214701 0 128 -214701 1
gene 4 13 14 -512761 0 154 -512761 1
gene 1 5 156 -132015 0 401 -132015 0
gene 1 156 13 666233 0 402 666233 1
gene 2 11 183 -993 0 483 -993 1
gene 2 183 15 -73560 0 484 -73560 1
gene 2 3 207 -800000 0 547 -800000 1
gene 2 207 13 -87229 0 548 -87229 1
gene 2 5 238 -502856 0 628 -502856 1
gene 2 238 15 -33168 0 629 -33168 1
gene 3 10 183 -204146 0 685 -204146 0
gene 1 9 207 -212775 0 756 -212775 1
gene 4 12 310 8802 0 820 8802 1
gene 4 310 30 -787410 0 821 -787410 1
gene 3 10 388 46278 0 1034 46278 1
gene 3 388 183 -152998 0 1035 -152998 0
gene 3 7 419 -800000 0 1104 -800000 1
gene 3 419 15 -201691 0 1105 -201691 0
gene 1 9 455 294639 0 1202 294639 1
gene 1 455 14 244314 0 1203 244314 0
gene 1 455 455 -599905 1 1275 -599905 0
gene 3 419 591 208669 0 1555 208669 0
gene 3 591 15 -109954 0 1556 -109954 0
gene 3 7 612 -344336 0 1605 -344336 1
gene 3 612 14 -70539 0 1606 -70539 1
gene 3 4 646 -486081 0 1691 -486081 1
gene 3 646 14 459890 0 1692 459890 1
gene 4 6 388 800000 0 1763 800000 0
gene 1 455 695 259278 1 1828 259278 1
gene 1 695 455 -800000 0 1829 -800000 1
gene 1 695 758 195889 0 1982 195889 0
gene 1 758 455 161844 0 1983 161844 1
gene 2 183 873 -60463 0 2264 -60463 1
gene 2 873 15 -800000 0 2265 -800000 1
gene 1 310 388 379143 0 2353 379143 1
gene 1 10 934 137562 0 2417 137562 1
gene 1 934 14 -729920 0 2418 -729920 1
gene 2 9 388 13381 0 2756 13381 1
gene 2 9 1136 386550 0 2936 386550 1
gene 2 1136 388 -412956 0 2937 -412956 1
gene 1 934 1191 497184 0 3070 497184 0
gene 1 1191 14 570976 0 3071 570976 1
gene 2 3 1225 -800000 0 3155 -800000 1
gene 2 1225 207 71058 0 3156 71058 1
gene 1 873 873 254049 1 3296 254049 0
gene 1 591 455 441064 0 3392 441064 1
gene 2 1136 1350 268839 0 3472 268839 0
gene 2 1350 388 -200376 0 3473 -200376 1
gene 2 238 238 -138003 1 3569 -138003 1
gene 3 10 1420 269080 0 3648 269080 1
gene 3 1420 388 -196876 0 3649 -196876 1
gene 3 4 1454 301765 0 3731 301765 1
gene 3 1454 15 -11886 0 3732 -11886 0
gene 3 612 1488 16846 0 3812 16846 1
gene 3 1488 14 -182491 0 3813 -182491 1
gene 3 388 1550 66633 0 3976 66633 1
gene 3 1550 183 462425 0 3977 462425 0
gene 3 1420 1591 -464179 0 4076 -464179 1
gene 3 1591 388 -295155 0 4077 -295155 1
gene 4 310 1626 276048 0 4165 276048 1
gene 4 1626 30 575937 0 4166 575937 1
gene 4 1550 419 97353 0 4260 97353 1
gene 1 455 1821 -127720 0 4650 -127720 1
gene 1 1821 14 -32742 0 4651 -32742 1
gene 1 5 1868 224655 0 4778 224655 1
gene 1 1868 156 -739039 0 4779 -739039 1
gene 1 183 183 518140 1 4880 518140 0
gene 4 1550 1550 62525 1 4949 62525 1
gene 1 1454 1975 478686 0 5033 478686 1
gene 3 1975 15 -128952 0 5034 -128952 1
gene 1 156 2010 -249988 0 5118 -249988 0
gene 1 2010 13 497716 0 5119 497716 1
gene 3 1550 2051 -690880 0 5219 -690880 1
gene 3 2051 183 194766 0 5220 194766 1
gene 3 612 612 -254656 1 5310 -254656 1
gene 1 183 2192 800000 1 5568 800000 1
gene 1 2192 183 -63633 0 5569 -63633 1
gene 1 310 2223 4384 0 5641 4384 1
gene 1 2223 388 12747 0 5642 12747 1
gene 3 419 2280 100669 0 5793 100669 1
gene 3 2280 591 -739046 0 5794 -739046 1
gene 3 591 2365 -506265 0 6011 -506265 0
gene 3 2365 15 -785555 0 6012 -785555 1
gene 4 1626 2390 109989 0 6075 109989 1
gene 4 2390 30 -232540 0 6076 -232540 1
gene 2 1136 2447 175114 0 6225 175114 1
gene 2 2447 1350 393669 0 6226 393669 1
gene 2 873 2534 125338 0 6447 125338 1
gene 2 2534 15 -129795 0 6448 -129795 1
gene 1 2 695 477202 0 6514 477202 1
gene 3 873 1350 414279 1 6610 414279 1
gene 3 419 2755 -223692 0 6995 -223692 1
gene 3 2755 591 -367836 0 6996 -367836 1
gene 3 1488 2819 -466726 0 7176 -466726 1
gene 3 2819 14 -291972 0 7177 -291972 1
gene 1 455 2851 39159 1 7254 39159 0
gene 1 2851 455 -537001 0 7255 -537001 1
gene 2 2 2913 609258 0 7416 609258 1
gene 2 2913 15 522337 0 7417 522337 1
gene 1 1868 1420 202310 0 7695 202310 0
gene 4 6 3055 -279009 0 7779 -279009 1
gene 4 3055 388 53223 0 7780 53223 0
gene 2 3 3088 -408261 0 7864 -408261 1
gene 2 3088 13 -78844 0 7865 -78844 1
gene 3 10 3124 -25803 0 7947 -25803 1
gene 3 3124 1420 78387 0 7948 78387 1
gene 1 1868 3242 -582214 0 8261 -582214 1
gene 1 3242 1420 522237 0 8262 522237 1
gene 4 2010 388 218506 0 8356 218506 1
gene 1 156 3357 1929 0 8555 1929 1
gene 1 3357 2010 -180630 0 8556 -180630 1
gene 3 7 3377 40386 0 8606 40386 1
gene 3 3377 612 288990 0 8607 288990 1
gene 2 207 3486 -368904 0 8872 -368904 1
gene 2 3486 13 -62178 0 8873 -62178 1
gene 4 1488 30 232380 0 8950 232380 0
gene 3 9 3546 4965 0 9025 4965 1
gene 3 3546 13 154942 0 9026 154942 1
gene 3 591 3624 93649 0 9231 93649 1
gene 3 3624 2365 217695 0 9232 217695 1
gene 1 873 3651 271821 1 9290 271821 1
gene 1 3651 873 -216669 0 9291 -216669 1
gene 4 3055 1350 -85767 0 9526 -85767 1
gene 2 873 2819 -256395 0 9604 -256395 1
gene 4 3242 2851 -599264 0 9675 -599264 1
gene 2 873 3944 118900 0 10040 118900 1
gene 2 3944 2819 -358711 0 10041 -358711 1
gene 4 3055 4059 -215393 0 10328 -215393 1
gene 4 4059 388 256291 0 10329 256291 1
gene 4 7 4059 32415 0 10440 32415 1
gene 4 2851 3546 -120312 0 10495 -120312 1
gene 1 156 4151 -322168 0 10571 -322168 1
gene 1 4151 3357 -27073 0 10572 -27073 1
gene 3 4 4243 356879 0 10798 356879 1
gene 3 4243 14 136215 0 10799 136215 1
gene 2 12 3357 232467 0 10985 232467 1
gene 2 873 4362 154521 0 11087 154521 1
gene 2 4362 3944 -100814 0 11088 -100814 1
gene 1 4362 591 -476047 0 11158 -476047 1
gene 1 310 4505 -57636 0 11447 -57636 1
gene 1 4505 388 -251583 0 11448 -251583 1
gene 4 1626 4534 -427468 0 11520 -427468 1
gene 4 4534 30 -165420 0 11521 -165420 1
gene 1 934 4612 154693 0 11700 154693 1
gene 1 4612 1191 176178 0 11701 176178 1
gene 4 1488 4686 -24947 0 11877 -24947 1
gene 4 4686 30 -121353 0 11878 -121353 1
gene 4 646 238 271018 0 12022 271018 1
gene 1 695 4769 296731 0 12086 296731 1
gene 1 4769 758 -74448 0 12087 -74448 1
genomeend 74


/* Organism #77 Fitness: 320.000000 Time: 0 */
/* Position #77*/
#1 x: 76 y: 15
#2 x: 72 y: 16
#3 x: 74 y: 27
#4 x: 83 y: 63
#5 x: 48 y: 85
#6 x: 16 y: 76
genomestart 77
trait 1 1.000000 0.000000 0.000000 0.000000 0.000000 0.000000 0.000000 0.000000 trait 2 2.000000 0.000000 0.000000 0.000000 0.000000 0.000000 0.000000 0.000000 trait 3 0.000000 0.000000 0.000000 0.000000 64821.000000 0.000000 18297.000000 0.000000 trait 4 4.000000 0.000000 0.000000 0.000000 0.000000 0.000000 0.000000 0.000000 node 1 3 1 3
node 2 3 1 1
node 3 1 1 1
node 4 2 1 1
node 5 4 1 1
node 6 3 1 1
node 7 2 1 1
node 8 3 1 1
node 9 1 1 1
node 10 1 1 1
node 11 1 1 1
node 12 1 1 1
node 13 3 0 2
node 14 3 0 2
node 15 4 0 2
node 30 1 0 0
node 156 1 0 0
node 183 1 0 0
node 207 1 0 0
node 238 1 0 0
node 310 1 0 0
node 388 1 0 0
node 419 4 0 0
node 455 1 0 0
node 591 1 0 0
node 612 1 0 0
node 646 1 0 0
node 695 1 0 0
node 758 1 0 0
node 873 1 0 0
node 934 1 0 0
node 1136 1 0 0
node 1191 1 0 0
node 1225 1 0 0
node 1350 1 0 0
node 1420 1 0 0
node 1454 1 0 0
node 1488 1 0 0
node 1550 1 0 0
node 1591 1 0 0
node 1626 2 0 0
node 1821 1 0 0
node 1868 1 0 0
node 1975 1 0 0
node 2010 1 0 0
node 2051 1 0 0
node 2229 1 0 0
node 2333 1 0 0
node 2385 1 0 0
node 2552 1 0 0
node 2588 1 0 0
node 2686 1 0 0
node 2790 1 0 0
node 2845 1 0 0
node 2931 1 0 0
node 2998 1 0 0
node 3130 1 0 0
node 3158 1 0 0
node 3253 1 0 0
node 3289 1 0 0
node 3343 1 0 0
node 3403 1 0 0
node 3477 1 0 0
node 3622 1 0 0
node 3688 1 0 0
node 3775 1 0 0
node 3801 1 0 0
node 3865 1 0 0
node 3954 1 0 0
node 3985 1 0 0
node 4017 1 0 0
node 4055 1 0 0
node 4079 1 0 0
node 4142 1 0 0
node 4420 1 0 0
node 4456 1 0 0
node 4542 1 0 0
node 4582 1 0 0
node 4619 1 0 0
node 4688 1 0 0
gene 2 1 13 359073 0 1 359073 1
gene 2 2 13 -272274 0 2 -272274 1
gene 2 3 13 -232071 0 3 -232071 1
gene 2 4 13 -74451 0 4 -74451 1
gene 1 5 13 148278 0 5 148278 0
gene 3 6 13 160443 0 6 160443 1
gene 4 7 13 121959 0 7 121959 1
gene 1 8 13 -631464 0 8 -631464 1
gene 3 9 13 -92640 0 9 -92640 0
gene 4 10 13 -261039 0 10 -261039 1
gene 4 11 13 132009 0 11 132009 1
gene 3 12 13 116196 0 12 116196 0
gene 1 1 14 625167 0 13 625167 1
gene 2 2 14 417447 0 14 417447 0
gene 1 3 14 156711 0 15 156711 1
gene 3 4 14 105846 0 16 105846 0
gene 2 5 14 349491 0 17 349491 1
gene 4 6 14 800000 0 18 800000 0
gene 3 7 14 -88950 0 19 -88950 0
gene 3 8 14 -341739 0 20 -341739 0
gene 1 9 14 239184 0 21 239184 0
gene 1 10 14 -260679 0 22 -260679 0
gene 3 11 14 -432624 0 23 -432624 1
gene 4 12 14 -160623 0 24 -160623 1
gene 1 1 15 265125 0 25 265125 1
gene 2 2 15 -240879 0 26 -240879 1
gene 2 3 15 -49896 0 27 -49896 0
gene 3 4 15 208794 0 28 208794 0
gene 2 5 15 -413052 0 29 -413052 0
gene 2 6 15 -363846 0 30 -363846 1
gene 3 7 15 -140778 0 31 -140778 0
gene 4 8 15 -129972 0 32 -129972 0
gene 3 9 15 133170 0 33 133170 1
gene 1 10 15 -800000 0 34 -800000 1
gene 2 11 15 136473 0 35 136473 1
gene 2 12 15 -174057 0 36 -174057 0
gene 2 2 30 -90729 0 68 -90729 1
gene 2 30 14 228585 0 69 228585 1
gene 4 12 30 457491 0 128 457491 0
gene 4 13 14 17994 0 154 17994 1
gene 1 5 156 6765 0 401 6765 0
gene 1 156 13 800000 0 402 800000 0
gene 2 11 183 -331268 0 483 -331268 0
gene 2 183 15 89397 0 484 89397 0
gene 2 3 207 230526 0 547 230526 0
gene 2 207 13 240504 0 548 240504 1
gene 2 5 238 231423 0 628 231423 1
gene 2 238 15 34755 0 629 34755 1
gene 3 10 183 -671622 0 685 -671622 0
gene 3 9 207 11436 0 756 11436 0
gene 4 12 310 -75993 0 820 -75993 0
gene 4 310 30 -21519 0 821 -21519 0
gene 3 10 388 -129639 0 1034 -129639 0
gene 3 388 183 -97665 0 1035 -97665 0
gene 3 7 419 287028 0 1104 287028 0
gene 3 419 15 233841 0 1105 233841 0
gene 1 9 455 96315 0 1202 96315 1
gene 1 455 14 -83427 0 1203 -83427 0
gene 1 455 455 126696 1 1275 126696 0
gene 3 419 591 565353 0 1555 565353 1
gene 3 591 15 -53331 0 1556 -53331 1
gene 3 7 612 -371573 0 1605 -371573 1
gene 3 612 14 101532 0 1606 101532 0
gene 4 4 646 310997 0 1691 310997 0
gene 3 646 14 -57966 0 1692 -57966 0
gene 4 6 388 395007 0 1763 395007 1
gene 1 455 695 -433782 1 1828 -433782 0
gene 1 695 455 -225396 0 1829 -225396 0
gene 1 695 758 3825 0 1982 3825 0
gene 1 758 455 -135963 0 1983 -135963 0
gene 2 183 873 -542265 0 2264 -542265 1
gene 2 873 15 -117111 0 2265 -117111 1
gene 1 310 388 258527 0 2353 258527 0
gene 1 10 934 115254 0 2417 115254 1
gene 1 934 14 84672 0 2418 84672 0
gene 2 9 388 -46314 0 2756 -46314 0
gene 2 9 1136 87108 0 2936 87108 1
gene 2 1136 388 215553 0 2937 215553 0
gene 1 934 1191 81735 0 3070 81735 1
gene 1 1191 14 -105339 0 3071 -105339 1
gene 2 3 1225 -122385 0 3155 -122385 1
gene 2 1225 207 -78933 0 3156 -78933 1
gene 1 873 873 -228990 1 3296 -228990 1
gene 1 591 455 -182940 0 3392 -182940 1
gene 2 1136 1350 128535 0 3472 128535 1
gene 2 1350 388 650721 0 3473 650721 1
gene 3 238 238 125565 1 3569 125565 1
gene 3 10 1420 -266556 0 3648 -266556 0
gene 3 1420 388 261684 0 3649 261684 0
gene 3 4 1454 -11712 0 3731 -11712 0
gene 3 1454 15 -51303 0 3732 -51303 0
gene 3 612 1488 613239 0 3812 613239 0
gene 3 1488 14 415919 0 3813 415919 1
gene 3 388 1550 -637860 0 3976 -637860 1
gene 3 1550 183 -229476 0 3977 -229476 0
gene 3 1420 1591 -198747 0 4076 -198747 0
gene 3 1591 388 -126735 0 4077 -126735 1
gene 4 310 1626 -25329 0 4165 -25329 1
gene 4 1626 30 -125337 0 4166 -125337 1
gene 4 1550 419 -250788 0 4260 -250788 1
gene 1 455 1821 738237 0 4650 738237 0
gene 1 1821 14 -407598 0 4651 -407598 1
gene 1 5 1868 -646164 0 4778 -646164 1
gene 1 1868 156 -546858 0 4779 -546858 1
gene 1 183 183 -209874 1 4880 -209874 0
gene 4 1550 1550 45657 1 4949 45657 1
gene 3 1454 1975 133794 0 5033 133794 1
gene 3 1975 15 -472371 0 5034 -472371 1
gene 1 156 2010 259670 0 5118 259670 0
gene 1 2010 13 -34374 0 5119 -34374 1
gene 3 1550 2051 -346428 0 5219 -346428 0
gene 3 2051 183 -800000 0 5220 -800000 1
gene 3 612 612 -101687 1 5310 -101687 1
gene 3 612 2229 -83934 0 5657 -83934 1
gene 3 2229 1488 -306951 0 5658 -306951 1
gene 3 1550 2333 631302 0 5926 631302 1
gene 3 2333 2051 -198177 0 5927 -198177 1
gene 3 6 419 -230442 0 5992 -230442 0
gene 4 7 2385 312024 0 6065 312024 1
gene 3 2385 419 349746 0 6066 349746 1
gene 3 6 1420 378549 0 6182 378549 1
gene 2 1454 1454 800000 1 6244 800000 1
gene 2 695 873 193335 0 6338 193335 1
gene 2 156 30 -800000 0 6410 -800000 1
gene 3 6 2552 -38760 0 6488 -38760 1
gene 3 2552 419 19533 0 6489 19533 1
gene 1 310 2588 -441042 0 6578 -441042 0
gene 1 2588 388 -6984 0 6579 -6984 1
gene 1 695 2686 -800000 0 6818 -800000 1
gene 1 2686 758 112839 0 6819 112839 1
gene 1 156 2790 169449 0 7089 169449 1
gene 1 2790 2010 165975 0 7090 165975 1
gene 2 10 646 -265404 0 7160 -265404 0
gene 3 1420 2845 746916 0 7240 746916 0
gene 3 2845 1591 -297885 0 7241 -297885 1
gene 3 9 2931 -488625 0 7460 -488625 1
gene 3 2931 207 -162585 0 7461 -162585 0
gene 2 455 2010 -202134 0 7561 -202134 0
gene 2 11 2998 380664 0 7628 380664 1
gene 2 2998 183 244980 0 7629 244980 0
gene 2 1550 612 -109761 0 7796 -109761 1
gene 3 4 3130 -392055 0 7962 -392055 1
gene 3 3130 646 -20028 0 7963 -20028 1
gene 1 310 3158 -65313 0 8044 -65313 1
gene 1 3158 2588 -314424 0 8045 -314424 1
gene 3 1420 3253 -207534 0 8290 -207534 0
gene 3 3253 2845 357003 0 8291 357003 1
gene 4 12 3289 106176 0 8378 106176 1
gene 4 3289 310 -145992 0 8379 -145992 1
gene 3 207 207 163767 1 8453 163767 1
gene 3 2931 3343 52311 0 8525 52311 1
gene 3 3343 207 92262 0 8526 92262 1
gene 3 12 3403 -366555 0 8670 -366555 1
gene 3 3403 13 -663444 0 8671 -663444 1
gene 2 2998 3477 668977 0 8852 668977 1
gene 2 3477 183 -77022 0 8853 -77022 1
gene 1 1975 1975 -79227 1 8938 -79227 1
gene 3 758 1550 190851 0 9015 190851 1
gene 2 12 3622 343758 0 9227 343758 1
gene 2 3622 15 -43617 0 9228 -43617 1
gene 3 10 3688 -296994 0 9384 -296994 1
gene 3 3688 1420 -81060 0 9385 -81060 1
gene 1 455 3775 118645 0 9612 118645 1
gene 1 3775 1821 557955 0 9613 557955 1
gene 3 1420 3801 -620781 0 9680 -620781 1
gene 3 3801 3253 286719 0 9681 286719 1
gene 1 183 3865 -266397 1 9856 -266397 1
gene 1 3865 183 332615 0 9857 332615 1
gene 2 10 3954 -21908 0 10068 -21908 1
gene 2 3954 646 -241047 0 10069 -241047 1
gene 1 3 3985 69846 0 10147 69846 1
gene 2 3985 15 94239 0 10148 94239 1
gene 4 6 4017 -274268 0 10229 -274268 1
gene 4 4017 14 -225495 0 10230 -225495 1
gene 1 758 4055 269349 0 10317 269349 1
gene 1 4055 455 -29136 0 10318 -29136 1
gene 3 4 4079 -680391 0 10381 -680391 1
gene 3 4079 1454 -559863 0 10382 -559863 1
gene 2 11 1225 142953 0 10470 142953 1
gene 3 9 4142 411468 0 10548 411468 1
gene 3 4142 13 -16170 0 10549 -16170 1
gene 2 15 646 -146610 0 10889 -146610 1
gene 1 4142 612 -70572 0 10965 -70572 1
gene 3 1225 646 395760 0 11184 395760 0
gene 3 8 4420 -6444 0 11243 -6444 1
gene 3 4420 14 377775 0 11244 377775 1
gene 3 646 4456 -2484 0 11335 -2484 1
gene 3 4456 14 127296 0 11336 127296 1
gene 4 8 4542 -324888 0 11542 -324888 1
gene 4 4542 15 -54636 0 11543 -54636 1
gene 3 1225 4582 -261669 0 11629 -261669 1
gene 3 4582 646 -14646 0 11630 -14646 1
gene 1 455 4619 -185952 1 11716 -185952 1
gene 1 4619 695 -180219 0 11717 -180219 1
gene 2 455 4688 229170 0 11884 229170 1
gene 2 4688 2010 537149 0 11885 537149 1
gene 1 1975 1550 38833 0 12101 38833 1
genomeend 77


