/* Organism #2 Fitness: 360.000000 Time: 0 */
/* Position #2*/
#1 x: 76 y: 23
#2 x: 36 y: 34
#3 x: 34 y: 18
#4 x: 22 y: 73
#5 x: 38 y: 65
#6 x: 73 y: 84
genomestart 2
trait 1 86382.000000 13701.000000 0.000000 31470.000000 0.000000 46984.000000 0.000000 304.000000 trait 2 0.000000 79501.000000 100000.000000 0.000000 0.000000 78919.000000 0.000000 0.000000 trait 3 3.000000 0.000000 0.000000 0.000000 0.000000 0.000000 0.000000 95617.000000 trait 4 16152.000000 0.000000 51490.000000 96368.000000 0.000000 0.000000 0.000000 37220.000000 node 1 4 1 3
node 2 2 1 1
node 3 4 1 1
node 4 2 1 1
node 5 4 1 1
node 6 3 1 1
node 7 2 1 1
node 8 1 1 1
node 9 4 1 1
node 10 1 1 1
node 11 1 1 1
node 12 4 1 1
node 13 3 0 2
node 14 1 0 2
node 15 4 0 2
node 71 1 0 0
node 289 1 0 0
node 317 1 0 0
node 368 1 0 0
node 381 1 0 0
node 394 1 0 0
node 473 1 0 0
node 490 1 0 0
node 568 1 0 0
node 647 1 0 0
node 686 1 0 0
node 704 1 0 0
node 760 1 0 0
node 834 1 0 0
node 877 1 0 0
node 886 1 0 0
node 948 1 0 0
node 996 1 0 0
node 1018 1 0 0
node 1030 1 0 0
node 1107 1 0 0
node 1283 1 0 0
node 1318 1 0 0
node 1334 1 0 0
node 1348 1 0 0
node 1397 1 0 0
node 1437 2 0 0
node 1483 1 0 0
node 1576 1 0 0
node 1610 1 0 0
node 1682 1 0 0
node 1718 1 0 0
node 1791 1 0 0
node 1807 1 0 0
node 1852 1 0 0
node 1926 1 0 0
node 2076 1 0 0
node 2262 1 0 0
node 2551 1 0 0
gene 4 1 13 381069 0 1 381069 1
gene 3 2 13 800000 0 2 800000 1
gene 2 3 13 -456138 0 3 -456138 0
gene 4 4 13 -484259 0 4 -484259 1
gene 2 5 13 -759957 0 5 -759957 0
gene 3 6 13 -357214 0 6 -357214 0
gene 1 7 13 -306614 0 7 -306614 0
gene 1 8 13 -640862 0 8 -640862 1
gene 1 9 13 219438 0 9 219438 0
gene 2 10 13 -598175 0 10 -598175 1
gene 3 11 13 454005 0 11 454005 1
gene 3 12 13 -800000 0 12 -800000 1
gene 2 1 14 -462027 0 13 -462027 1
gene 1 2 14 222867 0 14 222867 0
gene 3 3 14 800000 0 15 800000 0
gene 1 4 14 388211 0 16 388211 0
gene 1 5 14 716019 0 17 716019 1
gene 1 6 14 -40476 0 18 -40476 1
gene 1 7 14 -800000 0 19 -800000 1
gene 2 8 14 455847 0 20 455847 0
gene 2 9 14 -669081 0 21 -669081 1
gene 1 10 14 199826 0 22 199826 0
gene 3 11 14 -690000 0 23 -690000 1
gene 2 12 14 384606 0 24 384606 0
gene 3 1 15 484805 0 25 484805 1
gene 2 2 15 -690582 0 26 -690582 1
gene 4 3 15 -438809 0 27 -438809 0
gene 2 4 15 250893 0 28 250893 0
gene 2 5 15 800000 0 29 800000 1
gene 1 6 15 -10812 0 30 -10812 1
gene 4 7 15 -619850 0 31 -619850 0
gene 2 8 15 -516431 0 32 -516431 0
gene 2 9 15 -44181 0 33 -44181 1
gene 1 10 15 458667 0 34 458667 1
gene 3 11 15 -669503 0 35 -669503 0
gene 1 12 15 800000 0 36 800000 1
gene 4 3 71 85110 0 201 85110 0
gene 3 71 14 -550619 0 202 -550619 0
gene 1 13 13 -304095 1 248 -304095 1
gene 2 13 15 204691 0 413 204691 1
gene 4 10 71 284838 0 454 284838 1
gene 1 7 71 494186 0 542 494186 0
gene 4 8 71 -672065 0 717 -672065 1
gene 4 71 71 305720 1 769 305720 0
gene 4 3 289 -177383 0 858 -177383 0
gene 4 289 15 367701 0 859 367701 1
gene 3 289 14 -443801 0 897 -443801 1
gene 4 3 317 33339 0 942 33339 0
gene 4 317 289 -62781 0 943 -62781 1
gene 2 8 368 -361386 0 1081 -361386 0
gene 2 368 15 -349926 0 1082 -349926 1
gene 1 2 381 -298863 0 1117 -298863 1
gene 2 381 14 -800000 0 1118 -800000 1
gene 4 3 394 376479 0 1159 376479 0
gene 4 394 71 800000 0 1160 800000 1
gene 4 1 394 241734 0 1362 241734 1
gene 2 3 473 -800000 0 1405 -800000 0
gene 2 473 13 481761 0 1406 481761 1
gene 4 10 490 -370638 0 1456 -370638 0
gene 1 490 14 -554604 0 1457 -554604 1
gene 3 13 289 -76737 0 1591 -76737 1
gene 4 71 568 -196866 1 1699 -196866 1
gene 4 568 71 33693 0 1700 33693 0
gene 3 568 15 -82875 0 1754 -82875 0
gene 3 289 394 -800000 0 1809 -800000 0
gene 4 568 647 314144 0 1948 314144 1
gene 4 647 71 -212892 0 1949 -212892 1
gene 1 7 686 711980 0 2069 711980 1
gene 1 686 71 -470573 0 2070 -470573 1
gene 3 71 704 626774 0 2122 626774 0
gene 3 704 14 -800000 0 2123 -800000 1
gene 3 289 760 419853 0 2296 419853 1
gene 3 760 394 256959 0 2297 256959 1
gene 4 368 394 -576081 0 2326 -576081 1
gene 2 10 289 539021 0 2376 539021 1
gene 4 3 834 208023 0 2518 208023 1
gene 4 834 317 -707367 0 2519 -707367 1
gene 2 12 877 -506576 0 2634 -506576 1
gene 2 877 14 168342 0 2635 168342 1
gene 2 4 886 635030 0 2665 635030 1
gene 1 886 15 583211 0 2666 583211 1
gene 2 5 948 107733 0 2855 107733 0
gene 2 948 13 -303696 0 2856 -303696 1
gene 2 877 877 -10953 1 2903 -10953 0
gene 1 7 996 800000 0 2996 800000 1
gene 1 996 13 475429 0 2997 475429 0
gene 3 7 1018 800000 0 3054 800000 1
gene 4 1018 15 -746678 0 3055 -746678 0
gene 1 4 1030 -303437 0 3100 -303437 1
gene 1 1030 14 57132 0 3101 57132 1
gene 3 568 568 134562 1 3154 134562 1
gene 2 5 1107 504887 0 3308 504887 1
gene 2 1107 948 471942 0 3309 471942 0
gene 4 686 686 -268355 1 3352 -268355 0
gene 3 996 490 -514323 0 3408 -514323 1
gene 3 996 996 -800000 1 3624 -800000 1
gene 3 381 381 453753 1 3767 453753 1
gene 4 3 1283 320870 0 3832 320870 0
gene 4 1283 394 -50036 0 3833 -50036 1
gene 2 8 1318 -417996 0 3932 -417996 1
gene 2 1318 368 277104 0 3933 277104 1
gene 4 3 1334 -546096 0 3987 -546096 1
gene 4 1334 1283 -265929 0 3988 -265929 1
gene 3 6 1348 -513140 0 4030 -513140 1
gene 3 1348 13 -800000 0 4031 -800000 1
gene 3 568 1397 166674 0 4173 166674 1
gene 3 1397 15 -800000 0 4174 -800000 1
gene 1 13 760 529238 0 4248 529238 1
gene 4 686 1437 -310167 1 4291 -310167 0
gene 4 1437 686 302598 0 4292 302598 1
gene 1 10 1483 404120 0 4430 404120 1
gene 1 1483 490 -153735 0 4431 -153735 1
gene 1 394 490 -636093 0 4472 -636093 1
gene 2 8 1576 -259940 0 4695 -259940 1
gene 2 1576 14 -350856 0 4696 -350856 1
gene 1 368 368 -202623 1 4745 -202623 1
gene 3 11 1610 105708 0 4795 105708 1
gene 3 1610 15 -292032 0 4796 -292032 1
gene 3 8 686 -2202 0 4917 -2202 1
gene 4 686 1682 -227505 1 5012 -227505 1
gene 4 1682 1437 87300 0 5013 87300 1
gene 2 3 1718 -452619 0 5114 -452619 1
gene 2 1718 473 -735665 0 5115 -735665 1
gene 2 1107 1791 67344 0 5326 67344 1
gene 2 1791 948 -159453 0 5327 -159453 1
gene 4 1018 1807 -48030 0 5371 -48030 1
gene 4 1807 15 -354000 0 5372 -354000 1
gene 2 1483 473 92883 0 5452 92883 1
gene 1 996 1852 -257772 0 5508 -257772 1
gene 1 1852 13 -91449 0 5509 -91449 1
gene 2 686 1791 -92769 0 5560 -92769 1
gene 1 9 1926 49461 0 5738 49461 1
gene 1 1926 13 49488 0 5739 49488 1
gene 2 1576 834 -518871 0 5783 -518871 1
gene 4 1397 1018 338787 0 5960 338787 0
gene 3 1030 1030 122382 1 6082 122382 1
gene 2 877 2076 -157788 1 6168 -157788 1
gene 2 2076 877 297558 0 6169 297558 1
gene 1 1283 289 -317694 0 6426 -317694 1
gene 3 71 2262 -29349 0 6714 -29349 1
gene 3 2262 704 227043 0 6715 227043 1
gene 4 1437 1437 4383 1 6807 4383 1
gene 4 948 2262 -175332 0 6922 -175332 1
gene 4 1397 2551 1 0 7541 0 1
gene 4 2551 1018 338787 0 7542 0 1
genomeend 2


/* Organism #10 Fitness: 280.000000 Time: 0 */
/* Position #10*/
#1 x: 29 y: 32
#2 x: 44 y: 15
#3 x: 24 y: 20
#4 x: 79 y: 82
#5 x: 22 y: 71
#6 x: 52 y: 76
genomestart 10
trait 1 86382.000000 35089.000000 0.000000 0.000000 32470.000000 46984.000000 0.000000 0.000000 trait 2 83971.000000 100000.000000 38822.000000 0.000000 55051.000000 100000.000000 0.000000 0.000000 trait 3 3.000000 0.000000 0.000000 0.000000 0.000000 0.000000 0.000000 95617.000000 trait 4 16152.000000 0.000000 51490.000000 96368.000000 0.000000 0.000000 0.000000 37220.000000 node 1 4 1 3
node 2 2 1 1
node 3 4 1 1
node 4 2 1 1
node 5 4 1 1
node 6 3 1 1
node 7 2 1 1
node 8 1 1 1
node 9 4 1 1
node 10 1 1 1
node 11 1 1 1
node 12 4 1 1
node 13 3 0 2
node 14 1 0 2
node 15 4 0 2
node 71 1 0 0
node 289 1 0 0
node 317 1 0 0
node 368 1 0 0
node 381 1 0 0
node 394 1 0 0
node 473 1 0 0
node 490 1 0 0
node 568 1 0 0
node 647 1 0 0
node 686 1 0 0
node 704 1 0 0
node 760 1 0 0
node 834 1 0 0
node 877 1 0 0
node 886 1 0 0
node 948 1 0 0
node 996 1 0 0
node 1018 1 0 0
node 1030 1 0 0
node 1107 1 0 0
node 1283 1 0 0
node 1318 1 0 0
node 1334 1 0 0
node 1348 1 0 0
node 1397 1 0 0
node 1437 2 0 0
node 1483 1 0 0
node 1576 1 0 0
node 1610 1 0 0
node 1682 1 0 0
node 1718 1 0 0
node 1791 1 0 0
node 1807 1 0 0
node 1852 1 0 0
node 1926 1 0 0
node 2076 1 0 0
node 2262 1 0 0
node 2325 1 0 0
node 2340 1 0 0
node 2421 1 0 0
node 2476 1 0 0
gene 4 1 13 581625 0 1 581625 1
gene 3 2 13 -30453 0 2 -30453 1
gene 2 3 13 -411015 0 3 -411015 0
gene 4 4 13 -444186 0 4 -444186 1
gene 2 5 13 -408216 0 5 -408216 0
gene 3 6 13 -76075 0 6 -76075 0
gene 1 7 13 -473163 0 7 -473163 0
gene 1 8 13 -516429 0 8 -516429 1
gene 1 9 13 450177 0 9 450177 0
gene 2 10 13 -217410 0 10 -217410 1
gene 3 11 13 800000 0 11 800000 1
gene 3 12 13 -800000 0 12 -800000 1
gene 2 1 14 -548433 0 13 -548433 1
gene 1 2 14 -137853 0 14 -137853 0
gene 3 3 14 800000 0 15 800000 0
gene 1 4 14 -22317 0 16 -22317 0
gene 1 5 14 -48579 0 17 -48579 1
gene 1 6 14 -475230 0 18 -475230 1
gene 1 7 14 246009 0 19 246009 1
gene 2 8 14 420789 0 20 420789 0
gene 2 9 14 -47319 0 21 -47319 1
gene 1 10 14 209988 0 22 209988 0
gene 3 11 14 327435 0 23 327435 1
gene 2 12 14 -279216 0 24 -279216 0
gene 3 1 15 -217221 0 25 -217221 1
gene 2 2 15 -800000 0 26 -800000 0
gene 4 3 15 293436 0 27 293436 0
gene 2 4 15 -175794 0 28 -175794 0
gene 2 5 15 -672567 0 29 -672567 1
gene 1 6 15 131580 0 30 131580 1
gene 4 7 15 -768818 0 31 -768818 0
gene 2 8 15 -112893 0 32 -112893 0
gene 2 9 15 276606 0 33 276606 1
gene 1 10 15 455919 0 34 455919 1
gene 3 11 15 -79584 0 35 -79584 0
gene 1 12 15 -250968 0 36 -250968 1
gene 4 3 71 564171 0 201 564171 0
gene 3 71 14 399189 0 202 399189 0
gene 1 13 13 512886 1 248 512886 1
gene 2 13 15 -108105 0 413 -108105 1
gene 4 10 71 183327 0 454 183327 1
gene 1 7 71 725204 0 542 725204 0
gene 4 8 71 137796 0 717 137796 1
gene 4 71 71 281312 1 769 281312 0
gene 4 3 289 -800000 0 858 -800000 0
gene 4 289 15 -507267 0 859 -507267 1
gene 3 289 14 -465569 0 897 -465569 1
gene 4 3 317 -367809 0 942 -367809 0
gene 4 317 289 161985 0 943 161985 1
gene 2 8 368 -192990 0 1081 -192990 0
gene 2 368 15 70536 0 1082 70536 1
gene 1 2 381 -688908 0 1117 -688908 1
gene 2 381 14 -369228 0 1118 -369228 0
gene 4 3 394 466539 0 1159 466539 0
gene 4 394 71 529947 0 1160 529947 1
gene 4 1 394 385254 0 1362 385254 1
gene 2 3 473 -573762 0 1405 -573762 0
gene 2 473 13 91608 0 1406 91608 1
gene 4 10 490 473007 0 1456 473007 0
gene 1 490 14 -383889 0 1457 -383889 1
gene 3 13 289 84036 0 1591 84036 1
gene 4 71 568 367674 1 1699 367674 1
gene 4 568 71 -104403 0 1700 -104403 0
gene 3 568 15 -69618 0 1754 -69618 0
gene 3 289 394 -656864 0 1809 -656864 0
gene 4 568 647 672789 0 1948 672789 0
gene 4 647 71 58236 0 1949 58236 1
gene 1 7 686 205536 0 2069 205536 1
gene 1 686 71 -622463 0 2070 -622463 1
gene 3 71 704 46005 0 2122 46005 0
gene 3 704 14 -560513 0 2123 -560513 1
gene 3 289 760 -345720 0 2296 -345720 1
gene 3 760 394 -246624 0 2297 -246624 1
gene 4 368 394 -589661 0 2326 -589661 1
gene 2 10 289 663852 0 2376 663852 1
gene 4 3 834 -15675 0 2518 -15675 1
gene 4 834 317 793098 0 2519 793098 1
gene 2 12 877 -800000 0 2634 -800000 1
gene 2 877 14 -349773 0 2635 -349773 1
gene 2 4 886 34959 0 2665 34959 1
gene 1 886 15 -157071 0 2666 -157071 1
gene 2 5 948 101595 0 2855 101595 0
gene 2 948 13 369279 0 2856 369279 1
gene 2 877 877 77838 1 2903 77838 0
gene 1 7 996 159483 0 2996 159483 1
gene 1 996 13 -35234 0 2997 -35234 0
gene 3 7 1018 -64443 0 3054 -64443 1
gene 4 1018 15 -149586 0 3055 -149586 0
gene 1 4 1030 -440685 0 3100 -440685 1
gene 1 1030 14 301665 0 3101 301665 1
gene 3 568 568 -103770 1 3154 -103770 1
gene 2 5 1107 231959 0 3308 231959 1
gene 2 1107 948 -168669 0 3309 -168669 0
gene 4 686 686 100575 1 3352 100575 0
gene 3 996 490 -204372 0 3408 -204372 1
gene 3 996 996 -596475 1 3624 -596475 1
gene 3 381 381 222981 1 3767 222981 1
gene 4 3 1283 800000 0 3832 800000 0
gene 4 1283 394 -61286 0 3833 -61286 1
gene 2 8 1318 -768645 0 3932 -768645 1
gene 2 1318 368 530796 0 3933 530796 1
gene 4 3 1334 523158 0 3987 523158 1
gene 4 1334 1283 -89442 0 3988 -89442 1
gene 3 6 1348 -45330 0 4030 -45330 1
gene 3 1348 13 -508262 0 4031 -508262 1
gene 3 568 1397 -213027 0 4173 -213027 1
gene 3 1397 15 97395 0 4174 97395 1
gene 1 13 760 -273543 0 4248 -273543 1
gene 4 686 1437 -608225 1 4291 -608225 0
gene 4 1437 686 -229602 0 4292 -229602 1
gene 1 10 1483 -185628 0 4430 -185628 1
gene 1 1483 490 2457 0 4431 2457 1
gene 1 394 490 800000 0 4472 800000 1
gene 2 8 1576 -800000 0 4695 -800000 1
gene 2 1576 14 -599031 0 4696 -599031 1
gene 1 368 368 -27165 1 4745 -27165 1
gene 3 11 1610 -187989 0 4795 -187989 1
gene 3 1610 15 174036 0 4796 174036 1
gene 3 8 686 223554 0 4917 223554 1
gene 4 686 1682 128229 1 5012 128229 1
gene 4 1682 1437 126975 0 5013 126975 1
gene 2 3 1718 91653 0 5114 91653 0
gene 2 1718 473 -274824 0 5115 -274824 1
gene 2 1107 1791 -450987 0 5326 -450987 1
gene 2 1791 948 -487968 0 5327 -487968 1
gene 4 1018 1807 -472130 0 5371 -472130 1
gene 4 1807 15 367563 0 5372 367563 1
gene 2 1483 473 234957 0 5452 234957 1
gene 1 996 1852 -480018 0 5508 -480018 1
gene 1 1852 13 -126306 0 5509 -126306 1
gene 2 686 1791 59694 0 5560 59694 1
gene 1 9 1926 708750 0 5738 708750 1
gene 1 1926 13 -257550 0 5739 -257550 1
gene 2 1576 834 800000 0 5783 800000 1
gene 4 1397 1018 -195933 0 5960 -195933 1
gene 3 1030 1030 -424074 1 6082 -424074 1
gene 2 877 2076 65619 1 6168 65619 1
gene 2 2076 877 386058 0 6169 386058 1
gene 1 1283 289 39120 0 6426 39120 1
gene 3 71 2262 -446036 0 6714 -446036 1
gene 3 2262 704 779337 0 6715 779337 1
gene 4 1437 1437 16551 1 6807 16551 1
gene 2 1030 1283 261492 0 6856 261492 1
gene 4 568 2325 -269417 0 6895 -269417 1
gene 4 2325 647 -245730 0 6896 -245730 1
gene 2 3 2340 32172 0 6947 32172 1
gene 2 2340 1718 94599 0 6948 94599 1
gene 2 1718 1718 151677 1 7004 151677 1
gene 2 2 2421 -193410 0 7173 -193410 1
gene 2 2421 15 -549729 0 7174 -549729 1
gene 4 760 760 -92511 1 7284 -92511 1
gene 2 381 2476 81630 0 7329 81630 1
gene 2 2476 14 -489645 0 7330 -489645 1
gene 4 1483 1576 -206364 0 7377 -206364 1
gene 3 877 1107 38962 0 7490 38962 1
genomeend 10


/* Organism #12 Fitness: 340.000000 Time: 0 */
/* Position #12*/
#1 x: 75 y: 23
#2 x: 69 y: 25
#3 x: 57 y: 17
#4 x: 47 y: 75
#5 x: 78 y: 65
#6 x: 48 y: 61
genomestart 12
trait 1 100000.000000 0.000000 0.000000 0.000000 33946.000000 0.000000 0.000000 50982.000000 trait 2 52534.000000 91990.000000 0.000000 100000.000000 0.000000 0.000000 0.000000 0.000000 trait 3 21555.000000 0.000000 74217.000000 0.000000 72769.000000 0.000000 0.000000 0.000000 trait 4 0.000000 94371.000000 0.000000 22619.000000 0.000000 0.000000 0.000000 100000.000000 node 1 1 1 3
node 2 2 1 1
node 3 4 1 1
node 4 4 1 1
node 5 1 1 1
node 6 4 1 1
node 7 3 1 1
node 8 3 1 1
node 9 3 1 1
node 10 4 1 1
node 11 4 1 1
node 12 1 1 1
node 13 1 0 2
node 14 2 0 2
node 15 4 0 2
node 24 1 0 0
node 188 3 0 0
node 222 1 0 0
node 272 1 0 0
node 301 1 0 0
node 380 1 0 0
node 393 1 0 0
node 453 4 0 0
node 469 1 0 0
node 557 1 0 0
node 729 1 0 0
node 875 1 0 0
node 927 1 0 0
node 1021 1 0 0
node 1084 1 0 0
node 1116 1 0 0
node 1234 1 0 0
node 1295 1 0 0
node 1374 1 0 0
node 1496 1 0 0
node 1522 1 0 0
node 1622 1 0 0
node 1712 1 0 0
node 1847 1 0 0
node 1890 1 0 0
node 2011 1 0 0
node 2035 1 0 0
node 2119 1 0 0
node 2161 1 0 0
node 2179 1 0 0
node 2265 1 0 0
node 2285 1 0 0
node 2336 1 0 0
gene 1 1 13 429171 0 1 429171 1
gene 2 2 13 -198599 0 2 -198599 1
gene 2 3 13 -427833 0 3 -427833 1
gene 4 4 13 -439412 0 4 -439412 0
gene 3 5 13 472197 0 5 472197 1
gene 1 6 13 -135494 0 6 -135494 1
gene 3 7 13 181941 0 7 181941 1
gene 1 8 13 -430041 0 8 -430041 0
gene 4 9 13 772856 0 9 772856 1
gene 2 10 13 391033 0 10 391033 1
gene 3 11 13 -293733 0 11 -293733 1
gene 4 12 13 85229 0 12 85229 1
gene 1 1 14 140970 0 13 140970 1
gene 1 2 14 -800000 0 14 -800000 1
gene 2 3 14 -782550 0 15 -782550 1
gene 2 4 14 589208 0 16 589208 1
gene 1 5 14 -436185 0 17 -436185 1
gene 2 6 14 -633741 0 18 -633741 0
gene 3 7 14 24249 0 19 24249 0
gene 3 8 14 -186918 0 20 -186918 1
gene 3 9 14 -554510 0 21 -554510 0
gene 2 10 14 -39816 0 22 -39816 1
gene 3 11 14 390873 0 23 390873 1
gene 2 12 14 640989 0 24 640989 1
gene 2 1 15 -469074 0 25 -469074 1
gene 3 2 15 -405653 0 26 -405653 1
gene 4 3 15 454704 0 27 454704 0
gene 1 4 15 343292 0 28 343292 0
gene 4 5 15 73965 0 29 73965 1
gene 2 6 15 740150 0 30 740150 1
gene 4 7 15 -116391 0 31 -116391 1
gene 2 8 15 122598 0 32 122598 0
gene 2 9 15 -2049 0 33 -2049 0
gene 2 10 15 158658 0 34 158658 1
gene 3 11 15 -291762 0 35 -291762 1
gene 2 12 15 -311919 0 36 -311919 0
gene 4 4 24 -476267 0 62 -476267 1
gene 4 24 13 -313518 0 63 -313518 1
gene 1 24 24 -255222 1 127 -255222 0
gene 3 15 13 71190 0 293 71190 1
gene 2 7 24 56751 0 408 56751 0
gene 3 7 188 576044 0 526 576044 1
gene 3 188 14 750816 0 527 750816 1
gene 2 9 222 -596733 0 645 -596733 0
gene 2 222 15 -218463 0 646 -218463 1
gene 3 3 272 -664352 0 798 -664352 1
gene 3 272 15 -416331 0 799 -416331 0
gene 2 3 24 -383325 0 850 -383325 1
gene 1 24 301 -581628 1 893 -581628 0
gene 1 301 24 -180147 0 894 -180147 0
gene 1 188 188 271602 1 934 271602 1
gene 3 4 188 272343 0 1080 272343 1
gene 2 6 380 695429 0 1115 695429 1
gene 2 380 14 485646 0 1116 485646 1
gene 1 4 393 237660 0 1157 237660 1
gene 1 393 15 -303824 0 1158 -303824 1
gene 1 15 380 -556992 0 1196 -556992 1
gene 2 12 188 -423411 0 1302 -423411 0
gene 2 9 453 554973 0 1346 554973 1
gene 2 453 222 -389523 0 1347 -389523 1
gene 1 24 469 345339 1 1394 345339 0
gene 1 469 301 -800000 0 1395 -800000 0
gene 3 222 24 65502 0 1576 65502 1
gene 4 3 188 730947 0 1616 730947 1
gene 3 272 557 47718 0 1666 47718 1
gene 1 557 15 -214779 0 1667 -214779 0
gene 1 6 272 679317 0 1830 679317 0
gene 4 12 380 90480 0 1879 90480 0
gene 1 469 729 120498 0 2197 120498 1
gene 1 729 301 -578304 0 2198 -578304 1
gene 2 14 301 487113 0 2244 487113 1
gene 1 188 380 -440883 0 2284 -440883 1
gene 3 8 875 -205947 0 2630 -205947 0
gene 1 875 13 -411942 0 2631 -411942 1
gene 4 12 927 -517032 0 2791 -517032 1
gene 4 927 380 -438108 0 2792 -438108 1
gene 2 393 380 -83211 0 3014 -83211 0
gene 2 7 1021 -641550 0 3066 -641550 1
gene 2 1021 24 119367 0 3067 119367 1
gene 1 8 1084 -432056 0 3243 -432056 0
gene 1 1084 875 -150120 0 3244 -150120 0
gene 4 188 927 591450 0 3297 591450 1
gene 1 1084 1116 800000 0 3335 800000 1
gene 1 1116 875 353292 0 3336 353292 0
gene 1 222 469 -322992 0 3394 -322992 1
gene 1 8 1234 -610125 0 3693 -610125 1
gene 1 1234 1084 49086 0 3694 49086 1
gene 1 301 1295 -651294 0 3863 -651294 0
gene 1 1295 24 177201 0 3864 177201 1
gene 1 2 393 -211364 0 3943 -211364 1
gene 4 1084 1084 800000 1 4053 800000 1
gene 3 1295 1084 -139800 0 4076 -139800 1
gene 1 1116 1374 455799 0 4119 455799 1
gene 1 1374 875 -74454 0 4120 -74454 1
gene 2 272 1084 -640722 0 4218 -640722 1
gene 2 12 1496 -751826 0 4474 -751826 1
gene 2 1496 15 -567578 0 4475 -567578 1
gene 1 557 1522 -183402 0 4546 -183402 1
gene 1 1522 15 646122 0 4547 646122 1
gene 3 1116 1021 -127778 0 4657 -127778 1
gene 3 9 380 587601 0 4725 587601 1
gene 2 12 1622 -318876 0 4831 -318876 1
gene 2 1622 188 -632979 0 4832 -632979 1
gene 4 453 453 248931 1 4965 248931 0
gene 2 8 1712 207447 0 5099 207447 1
gene 2 1712 15 -147591 0 5100 -147591 0
gene 1 6 1847 -800000 0 5495 -800000 1
gene 1 1847 272 -277044 0 5496 -277044 1
gene 3 9 1890 -163224 0 5636 -163224 0
gene 3 1890 14 -257268 0 5637 -257268 1
gene 4 1116 13 658197 0 5838 658197 1
gene 1 9 1712 705252 0 5937 705252 1
gene 1 24 2011 -239379 1 5985 -239379 0
gene 1 2011 469 -50757 0 5986 -50757 1
gene 2 1712 2035 -485040 0 6047 -485040 0
gene 2 2035 15 320826 0 6048 320826 1
gene 3 927 1084 260215 0 6090 260215 1
gene 4 1847 453 -186657 0 6145 -186657 1
gene 2 1712 2119 -403923 0 6302 -403923 1
gene 2 2119 2035 280236 0 6303 280236 1
gene 3 9 2161 -215352 0 6421 -215352 1
gene 3 2161 1890 385782 0 6422 385782 1
gene 4 453 2179 -264690 1 6471 -264690 1
gene 4 2179 453 324114 0 6472 324114 1
gene 1 469 1374 238344 0 6514 238344 1
gene 4 1295 1295 -565110 1 6607 -565110 1
gene 1 24 2265 253161 1 6723 253161 1
gene 1 2265 2011 145002 0 6724 145002 1
gene 2 393 2285 -190998 0 6776 -190998 1
gene 2 2285 380 315711 0 6777 315711 1
gene 1 301 2336 -239892 0 6936 -239892 1
gene 1 2336 1295 -218547 0 6937 -218547 1
gene 1 2035 875 85386 0 6994 85386 1
gene 3 453 2035 -151596 0 7291 -151596 1
gene 1 188 15 27543 0 7339 27543 1
gene 4 469 927 -26778 0 7429 -26778 1
genomeend 12


/* Organism #24 Fitness: 340.000000 Time: 0 */
/* Position #24*/
#1 x: 48 y: 25
#2 x: 76 y: 24
#3 x: 32 y: 40
#4 x: 24 y: 64
#5 x: 68 y: 60
#6 x: 47 y: 71
genomestart 24
trait 1 86382.000000 35089.000000 0.000000 0.000000 32470.000000 46984.000000 0.000000 0.000000 trait 2 0.000000 0.000000 100000.000000 0.000000 0.000000 8331.000000 0.000000 0.000000 trait 3 3.000000 0.000000 0.000000 0.000000 0.000000 0.000000 0.000000 95617.000000 trait 4 100000.000000 0.000000 51490.000000 100000.000000 0.000000 0.000000 0.000000 15655.000000 node 1 4 1 3
node 2 2 1 1
node 3 4 1 1
node 4 2 1 1
node 5 4 1 1
node 6 3 1 1
node 7 2 1 1
node 8 1 1 1
node 9 4 1 1
node 10 1 1 1
node 11 1 1 1
node 12 4 1 1
node 13 3 0 2
node 14 1 0 2
node 15 4 0 2
node 71 1 0 0
node 289 1 0 0
node 317 1 0 0
node 368 1 0 0
node 381 1 0 0
node 394 1 0 0
node 473 1 0 0
node 490 1 0 0
node 568 1 0 0
node 647 1 0 0
node 686 1 0 0
node 704 1 0 0
node 760 1 0 0
node 834 1 0 0
node 877 1 0 0
node 886 1 0 0
node 948 1 0 0
node 996 1 0 0
node 1018 1 0 0
node 1030 1 0 0
node 1107 1 0 0
node 1283 1 0 0
node 1318 1 0 0
node 1334 1 0 0
node 1348 1 0 0
node 1397 1 0 0
node 1437 1 0 0
node 1483 1 0 0
node 1576 1 0 0
node 1610 1 0 0
node 1682 1 0 0
node 1718 1 0 0
node 1791 1 0 0
node 1807 1 0 0
node 1852 1 0 0
node 1926 1 0 0
node 2076 1 0 0
node 2273 1 0 0
node 2461 1 0 0
node 2542 1 0 0
node 2558 1 0 0
gene 4 1 13 80796 0 1 80796 1
gene 3 2 13 366 0 2 366 1
gene 2 3 13 -298914 0 3 -298914 0
gene 4 4 13 -671412 0 4 -671412 1
gene 2 5 13 155103 0 5 155103 0
gene 3 6 13 715767 0 6 715767 0
gene 1 7 13 -601148 0 7 -601148 0
gene 1 8 13 -668384 0 8 -668384 1
gene 1 9 13 -365184 0 9 -365184 0
gene 2 10 13 -30315 0 10 -30315 1
gene 3 11 13 105039 0 11 105039 1
gene 3 12 13 180426 0 12 180426 1
gene 2 1 14 6297 0 13 6297 1
gene 1 2 14 -234915 0 14 -234915 0
gene 3 3 14 679701 0 15 679701 0
gene 1 4 14 95853 0 16 95853 0
gene 1 5 14 16026 0 17 16026 1
gene 1 6 14 -36990 0 18 -36990 1
gene 1 7 14 437349 0 19 437349 1
gene 2 8 14 -452397 0 20 -452397 0
gene 2 9 14 -272052 0 21 -272052 1
gene 1 10 14 -259737 0 22 -259737 0
gene 3 11 14 -231516 0 23 -231516 1
gene 2 12 14 -306537 0 24 -306537 0
gene 3 1 15 211946 0 25 211946 1
gene 2 2 15 -151863 0 26 -151863 1
gene 4 3 15 -363342 0 27 -363342 0
gene 2 4 15 -47190 0 28 -47190 0
gene 2 5 15 -698343 0 29 -698343 1
gene 1 6 15 701546 0 30 701546 0
gene 4 7 15 -247056 0 31 -247056 0
gene 2 8 15 133941 0 32 133941 0
gene 2 9 15 127827 0 33 127827 1
gene 1 10 15 211536 0 34 211536 1
gene 3 11 15 208611 0 35 208611 0
gene 1 12 15 -310089 0 36 -310089 1
gene 4 3 71 241188 0 201 241188 0
gene 3 71 14 -142884 0 202 -142884 0
gene 1 13 13 -266367 1 248 -266367 1
gene 2 13 15 -154788 0 413 -154788 1
gene 4 10 71 326088 0 454 326088 1
gene 1 7 71 -115143 0 542 -115143 0
gene 4 8 71 417291 0 717 417291 1
gene 4 71 71 281211 1 769 281211 0
gene 4 3 289 436941 0 858 436941 0
gene 4 289 15 -194418 0 859 -194418 1
gene 3 289 14 -603807 0 897 -603807 1
gene 4 3 317 203127 0 942 203127 0
gene 4 317 289 -233085 0 943 -233085 1
gene 2 8 368 -345351 0 1081 -345351 0
gene 2 368 15 359403 0 1082 359403 1
gene 1 2 381 -467637 0 1117 -467637 1
gene 2 381 14 -433262 0 1118 -433262 1
gene 4 3 394 -94917 0 1159 -94917 0
gene 4 394 71 579588 0 1160 579588 1
gene 4 1 394 28434 0 1362 28434 1
gene 2 3 473 199131 0 1405 199131 0
gene 2 473 13 208047 0 1406 208047 1
gene 4 10 490 -413184 0 1456 -413184 0
gene 1 490 14 119889 0 1457 119889 1
gene 3 13 289 527136 0 1591 527136 0
gene 4 71 568 -533520 1 1699 -533520 1
gene 4 568 71 -183615 0 1700 -183615 0
gene 3 568 15 -603444 0 1754 -603444 0
gene 3 289 394 436446 0 1809 436446 0
gene 4 568 647 -316749 0 1948 -316749 1
gene 4 647 71 136398 0 1949 136398 1
gene 1 7 686 -164988 0 2069 -164988 1
gene 1 686 71 -647994 0 2070 -647994 1
gene 3 71 704 656696 0 2122 656696 1
gene 3 704 14 -116517 0 2123 -116517 1
gene 3 289 760 -172380 0 2296 -172380 1
gene 3 760 394 -190587 0 2297 -190587 1
gene 4 368 394 -266865 0 2326 -266865 1
gene 2 10 289 199581 0 2376 199581 1
gene 4 3 834 800000 0 2518 800000 1
gene 4 834 317 -57150 0 2519 -57150 1
gene 2 12 877 -216903 0 2634 -216903 1
gene 2 877 14 177897 0 2635 177897 1
gene 2 4 886 114537 0 2665 114537 1
gene 1 886 15 -57066 0 2666 -57066 1
gene 2 5 948 99363 0 2855 99363 0
gene 2 948 13 653823 0 2856 653823 1
gene 2 877 877 -332340 1 2903 -332340 0
gene 1 7 996 -579614 0 2996 -579614 1
gene 1 996 13 388224 0 2997 388224 0
gene 1 7 1018 612831 0 3054 612831 1
gene 4 1018 15 121353 0 3055 121353 0
gene 1 4 1030 87432 0 3100 87432 1
gene 1 1030 14 266295 0 3101 266295 1
gene 3 568 568 -361671 1 3154 -361671 1
gene 2 5 1107 561275 0 3308 561275 1
gene 2 1107 948 200604 0 3309 200604 0
gene 4 686 686 195729 1 3352 195729 0
gene 3 996 490 121416 0 3408 121416 1
gene 3 996 996 405609 1 3624 405609 1
gene 3 381 381 227535 1 3767 227535 1
gene 4 3 1283 200478 0 3832 200478 0
gene 4 1283 394 -490472 0 3833 -490472 1
gene 2 8 1318 348525 0 3932 348525 1
gene 2 1318 368 228978 0 3933 228978 1
gene 4 3 1334 769893 0 3987 769893 1
gene 4 1334 1283 445527 0 3988 445527 1
gene 3 6 1348 580140 0 4030 580140 1
gene 3 1348 13 -286728 0 4031 -286728 1
gene 3 568 1397 -676161 0 4173 -676161 1
gene 3 1397 15 266469 0 4174 266469 1
gene 1 13 760 488793 0 4248 488793 1
gene 4 686 1437 672042 1 4291 672042 0
gene 4 1437 686 -37419 0 4292 -37419 1
gene 1 10 1483 800000 0 4430 800000 1
gene 1 1483 490 -403619 0 4431 -403619 1
gene 1 394 490 -162258 0 4472 -162258 1
gene 2 8 1576 123825 0 4695 123825 1
gene 2 1576 14 -180450 0 4696 -180450 1
gene 1 368 368 -39546 1 4745 -39546 1
gene 3 11 1610 -674019 0 4795 -674019 1
gene 3 1610 15 -520815 0 4796 -520815 1
gene 3 8 686 184017 0 4917 184017 1
gene 4 686 1682 270858 1 5012 270858 1
gene 4 1682 1437 1854 0 5013 1854 1
gene 2 3 1718 734628 0 5114 734628 1
gene 2 1718 473 -797523 0 5115 -797523 1
gene 2 1107 1791 195066 0 5326 195066 1
gene 2 1791 948 -165708 0 5327 -165708 1
gene 4 1018 1807 179118 0 5371 179118 1
gene 4 1807 15 460251 0 5372 460251 1
gene 2 1483 473 -158763 0 5452 -158763 1
gene 1 996 1852 686385 0 5508 686385 1
gene 1 1852 13 106065 0 5509 106065 1
gene 2 686 1791 -40911 0 5560 -40911 0
gene 1 9 1926 -90945 0 5738 -90945 1
gene 1 1926 13 -1413 0 5739 -1413 1
gene 2 1576 834 606771 0 5783 606771 1
gene 4 1397 1018 -254004 0 5960 -254004 1
gene 3 1030 1030 270750 1 6082 270750 1
gene 2 877 2076 402948 1 6168 402948 1
gene 2 2076 877 389502 0 6169 389502 1
gene 1 1283 289 -78933 0 6426 -78933 1
gene 1 1283 317 -266958 0 6534 -266958 1
gene 1 1318 289 244167 0 6582 244167 1
gene 3 5 886 -476373 0 6705 -476373 1
gene 1 6 2273 -23433 0 6744 -23433 1
gene 1 2273 15 273033 0 6745 273033 1
gene 4 948 2076 204623 0 6805 204623 1
gene 1 490 71 -131397 0 7096 -131397 1
gene 3 13 2461 -90974 0 7282 -90974 0
gene 3 2461 289 140091 0 7283 140091 1
gene 1 394 381 142274 0 7328 142274 1
gene 1 686 1107 -861 0 7466 -861 1
gene 3 13 2542 1 0 7512 0 1
gene 3 2542 2461 -90974 0 7513 0 1
gene 2 686 2558 1 0 7563 0 1
gene 2 2558 1791 -40911 0 7564 0 1
genomeend 24


/* Organism #38 Fitness: 260.000000 Time: 0 */
/* Position #38*/
#1 x: 62 y: 39
#2 x: 61 y: 19
#3 x: 38 y: 40
#4 x: 84 y: 64
#5 x: 68 y: 60
#6 x: 44 y: 77
genomestart 38
trait 1 86382.000000 13701.000000 0.000000 31470.000000 0.000000 46984.000000 0.000000 304.000000 trait 2 0.000000 79501.000000 100000.000000 0.000000 0.000000 78919.000000 0.000000 0.000000 trait 3 3.000000 0.000000 0.000000 37918.000000 0.000000 0.000000 81359.000000 95617.000000 trait 4 16152.000000 0.000000 51490.000000 96368.000000 0.000000 0.000000 0.000000 37220.000000 node 1 4 1 3
node 2 2 1 1
node 3 4 1 1
node 4 2 1 1
node 5 4 1 1
node 6 3 1 1
node 7 2 1 1
node 8 1 1 1
node 9 4 1 1
node 10 1 1 1
node 11 1 1 1
node 12 4 1 1
node 13 3 0 2
node 14 1 0 2
node 15 4 0 2
node 71 1 0 0
node 289 1 0 0
node 317 1 0 0
node 368 1 0 0
node 381 1 0 0
node 394 1 0 0
node 473 1 0 0
node 490 1 0 0
node 568 1 0 0
node 647 1 0 0
node 686 1 0 0
node 704 1 0 0
node 760 1 0 0
node 834 1 0 0
node 877 1 0 0
node 886 1 0 0
node 948 1 0 0
node 996 1 0 0
node 1018 1 0 0
node 1030 1 0 0
node 1107 1 0 0
node 1283 1 0 0
node 1318 1 0 0
node 1334 1 0 0
node 1348 1 0 0
node 1397 1 0 0
node 1437 2 0 0
node 1483 1 0 0
node 1576 1 0 0
node 1610 1 0 0
node 1682 1 0 0
node 1718 1 0 0
node 1791 1 0 0
node 1807 1 0 0
node 1852 1 0 0
node 1926 1 0 0
node 2076 1 0 0
node 2262 1 0 0
node 2457 1 0 0
gene 4 1 13 82770 0 1 82770 1
gene 3 2 13 610773 0 2 610773 1
gene 2 3 13 -61086 0 3 -61086 0
gene 4 4 13 -800000 0 4 -800000 1
gene 2 5 13 -800000 0 5 -800000 0
gene 3 6 13 -346512 0 6 -346512 0
gene 1 7 13 -520227 0 7 -520227 0
gene 1 8 13 152379 0 8 152379 1
gene 1 9 13 93723 0 9 93723 0
gene 2 10 13 -308525 0 10 -308525 1
gene 3 11 13 298125 0 11 298125 1
gene 3 12 13 145359 0 12 145359 1
gene 2 1 14 14943 0 13 14943 1
gene 1 2 14 376107 0 14 376107 0
gene 3 3 14 743618 0 15 743618 0
gene 1 4 14 613371 0 16 613371 0
gene 1 5 14 800000 0 17 800000 1
gene 1 6 14 107895 0 18 107895 1
gene 1 7 14 -174624 0 19 -174624 1
gene 2 8 14 312948 0 20 312948 0
gene 2 9 14 102687 0 21 102687 1
gene 1 10 14 800000 0 22 800000 0
gene 3 11 14 232752 0 23 232752 1
gene 2 12 14 -277944 0 24 -277944 0
gene 3 1 15 800000 0 25 800000 1
gene 2 2 15 551541 0 26 551541 1
gene 4 3 15 -137142 0 27 -137142 0
gene 2 4 15 692115 0 28 692115 0
gene 2 5 15 311721 0 29 311721 1
gene 1 6 15 -547188 0 30 -547188 1
gene 4 7 15 264171 0 31 264171 0
gene 2 8 15 -304131 0 32 -304131 0
gene 2 9 15 -581934 0 33 -581934 1
gene 1 10 15 21954 0 34 21954 1
gene 3 11 15 -153510 0 35 -153510 0
gene 1 12 15 185391 0 36 185391 1
gene 4 3 71 651591 0 201 651591 0
gene 3 71 14 13389 0 202 13389 0
gene 1 13 13 -585630 1 248 -585630 1
gene 2 13 15 91828 0 413 91828 1
gene 4 10 71 -323991 0 454 -323991 1
gene 1 7 71 430125 0 542 430125 0
gene 4 8 71 -162387 0 717 -162387 1
gene 4 71 71 409382 1 769 409382 0
gene 4 3 289 -800000 0 858 -800000 0
gene 4 289 15 -190548 0 859 -190548 1
gene 3 289 14 -800000 0 897 -800000 1
gene 4 3 317 263439 0 942 263439 0
gene 4 317 289 -32232 0 943 -32232 1
gene 2 8 368 -405669 0 1081 -405669 0
gene 2 368 15 316203 0 1082 316203 1
gene 1 2 381 -167523 0 1117 -167523 1
gene 2 381 14 -301935 0 1118 -301935 1
gene 4 3 394 227100 0 1159 227100 0
gene 4 394 71 609024 0 1160 609024 1
gene 4 1 394 -166107 0 1362 -166107 1
gene 2 3 473 33093 0 1405 33093 0
gene 2 473 13 440679 0 1406 440679 1
gene 4 10 490 113121 0 1456 113121 0
gene 1 490 14 -734364 0 1457 -734364 1
gene 3 13 289 -191937 0 1591 -191937 1
gene 4 71 568 156624 1 1699 156624 1
gene 4 568 71 -216894 0 1700 -216894 0
gene 3 568 15 -136896 0 1754 -136896 0
gene 3 289 394 -680618 0 1809 -680618 0
gene 4 568 647 328389 0 1948 328389 1
gene 4 647 71 383727 0 1949 383727 1
gene 1 7 686 800000 0 2069 800000 1
gene 1 686 71 -194229 0 2070 -194229 1
gene 3 71 704 695708 0 2122 695708 0
gene 3 704 14 191481 0 2123 191481 1
gene 3 289 760 273774 0 2296 273774 1
gene 3 760 394 800000 0 2297 800000 0
gene 4 368 394 -384765 0 2326 -384765 1
gene 2 10 289 271241 0 2376 271241 1
gene 4 3 834 -32544 0 2518 -32544 1
gene 4 834 317 165 0 2519 165 1
gene 2 12 877 -317097 0 2634 -317097 1
gene 2 877 14 -56778 0 2635 -56778 1
gene 2 4 886 470375 0 2665 470375 1
gene 1 886 15 800000 0 2666 800000 1
gene 2 5 948 800000 0 2855 800000 0
gene 2 948 13 -100521 0 2856 -100521 1
gene 2 877 877 -463728 1 2903 -463728 0
gene 1 7 996 672956 0 2996 672956 1
gene 1 996 13 -16431 0 2997 -16431 0
gene 3 7 1018 66954 0 3054 66954 1
gene 4 1018 15 -568391 0 3055 -568391 0
gene 1 4 1030 -17190 0 3100 -17190 1
gene 1 1030 14 -76074 0 3101 -76074 1
gene 3 568 568 -458817 1 3154 -458817 1
gene 2 5 1107 -26079 0 3308 -26079 1
gene 2 1107 948 136422 0 3309 136422 0
gene 4 686 686 -321207 1 3352 -321207 0
gene 3 996 490 -528786 0 3408 -528786 1
gene 3 996 996 -428918 1 3624 -428918 1
gene 3 381 381 358956 1 3767 358956 1
gene 4 3 1283 623996 0 3832 623996 0
gene 4 1283 394 7113 0 3833 7113 1
gene 2 8 1318 201261 0 3932 201261 1
gene 2 1318 368 159438 0 3933 159438 1
gene 4 3 1334 -401508 0 3987 -401508 1
gene 4 1334 1283 -305142 0 3988 -305142 1
gene 3 6 1348 -800000 0 4030 -800000 1
gene 3 1348 13 -660033 0 4031 -660033 1
gene 3 568 1397 -210420 0 4173 -210420 1
gene 3 1397 15 -703451 0 4174 -703451 1
gene 1 13 760 -293370 0 4248 -293370 1
gene 4 686 1437 -434271 1 4291 -434271 0
gene 4 1437 686 -537804 0 4292 -537804 1
gene 1 10 1483 422777 0 4430 422777 1
gene 1 1483 490 -78843 0 4431 -78843 1
gene 1 394 490 193158 0 4472 193158 1
gene 2 8 1576 -289283 0 4695 -289283 1
gene 2 1576 14 -126735 0 4696 -126735 1
gene 1 368 368 152784 1 4745 152784 1
gene 3 11 1610 435315 0 4795 435315 1
gene 3 1610 15 240420 0 4796 240420 1
gene 3 8 686 146907 0 4917 146907 1
gene 4 686 1682 -230034 1 5012 -230034 1
gene 4 1682 1437 -44493 0 5013 -44493 1
gene 2 3 1718 -23022 0 5114 -23022 1
gene 2 1718 473 292332 0 5115 292332 1
gene 2 1107 1791 -188793 0 5326 -188793 1
gene 2 1791 948 -11034 0 5327 -11034 1
gene 4 1018 1807 -789923 0 5371 -789923 1
gene 4 1807 15 113460 0 5372 113460 1
gene 2 1483 473 479913 0 5452 479913 1
gene 1 996 1852 -326604 0 5508 -326604 1
gene 1 1852 13 557685 0 5509 557685 1
gene 2 686 1791 -118827 0 5560 -118827 1
gene 1 9 1926 51069 0 5738 51069 1
gene 1 1926 13 151923 0 5739 151923 1
gene 2 1576 834 520964 0 5783 520964 1
gene 4 1397 1018 624858 0 5960 624858 1
gene 3 1030 1030 -98157 1 6082 -98157 1
gene 2 877 2076 101370 1 6168 101370 1
gene 2 2076 877 -199257 0 6169 -199257 1
gene 1 1283 289 353280 0 6426 353280 1
gene 3 71 2262 45264 0 6714 45264 1
gene 3 2262 704 317994 0 6715 317994 1
gene 4 1437 1437 7362 1 6807 7362 1
gene 4 948 2262 -274980 0 6922 -274980 1
gene 3 760 2457 -47708 0 7273 -47708 1
gene 3 2457 394 -191154 0 7274 -191154 1
gene 3 568 14 -318478 0 7321 -318478 1
gene 3 1348 1610 207002 0 7424 207002 1
gene 2 9 1483 -9569 0 7577 -9569 1
genomeend 38


/* Organism #40 Fitness: 320.000000 Time: 0 */
/* Position #40*/
#1 x: 46 y: 35
#2 x: 77 y: 25
#3 x: 71 y: 32
#4 x: 67 y: 71
#5 x: 63 y: 76
#6 x: 77 y: 83
genomestart 40
trait 1 86382.000000 35089.000000 0.000000 0.000000 32470.000000 46984.000000 0.000000 0.000000 trait 2 0.000000 0.000000 81232.000000 0.000000 0.000000 8331.000000 0.000000 0.000000 trait 3 3.000000 0.000000 0.000000 0.000000 0.000000 0.000000 0.000000 95617.000000 trait 4 100000.000000 0.000000 51490.000000 100000.000000 0.000000 0.000000 0.000000 15655.000000 node 1 4 1 3
node 2 2 1 1
node 3 4 1 1
node 4 3 1 1
node 5 4 1 1
node 6 3 1 1
node 7 2 1 1
node 8 1 1 1
node 9 4 1 1
node 10 1 1 1
node 11 1 1 1
node 12 4 1 1
node 13 3 0 2
node 14 1 0 2
node 15 4 0 2
node 71 1 0 0
node 289 1 0 0
node 317 1 0 0
node 368 1 0 0
node 381 1 0 0
node 394 1 0 0
node 473 1 0 0
node 490 1 0 0
node 568 1 0 0
node 647 1 0 0
node 686 1 0 0
node 704 1 0 0
node 760 1 0 0
node 834 1 0 0
node 877 1 0 0
node 886 1 0 0
node 948 1 0 0
node 996 1 0 0
node 1018 1 0 0
node 1030 1 0 0
node 1107 1 0 0
node 1283 1 0 0
node 1318 1 0 0
node 1334 1 0 0
node 1348 1 0 0
node 1397 1 0 0
node 1437 1 0 0
node 1483 1 0 0
node 1576 1 0 0
node 1610 1 0 0
node 1682 3 0 0
node 1718 1 0 0
node 1791 1 0 0
node 1807 1 0 0
node 1852 1 0 0
node 1926 1 0 0
node 2076 1 0 0
node 2273 1 0 0
node 2350 1 0 0
node 2365 1 0 0
node 2490 1 0 0
node 2512 1 0 0
gene 4 1 13 184158 0 1 184158 1
gene 3 2 13 -159534 0 2 -159534 1
gene 2 3 13 800000 0 3 800000 0
gene 4 4 13 -550622 0 4 -550622 1
gene 2 5 13 334080 0 5 334080 0
gene 3 6 13 516255 0 6 516255 0
gene 1 7 13 -461298 0 7 -461298 0
gene 1 8 13 -191259 0 8 -191259 1
gene 1 9 13 -188064 0 9 -188064 0
gene 2 10 13 27759 0 10 27759 1
gene 3 11 13 800000 0 11 800000 1
gene 3 12 13 84705 0 12 84705 1
gene 2 1 14 131583 0 13 131583 1
gene 1 2 14 118443 0 14 118443 0
gene 3 3 14 722558 0 15 722558 0
gene 1 4 14 359337 0 16 359337 0
gene 1 5 14 553761 0 17 553761 1
gene 1 6 14 -17253 0 18 -17253 1
gene 1 7 14 54822 0 19 54822 1
gene 2 8 14 396948 0 20 396948 0
gene 2 9 14 -295521 0 21 -295521 1
gene 1 10 14 -144894 0 22 -144894 0
gene 3 11 14 22950 0 23 22950 1
gene 2 12 14 152625 0 24 152625 0
gene 3 1 15 421115 0 25 421115 1
gene 2 2 15 282399 0 26 282399 1
gene 4 3 15 -309333 0 27 -309333 0
gene 2 4 15 -144486 0 28 -144486 0
gene 2 5 15 50277 0 29 50277 1
gene 1 6 15 56688 0 30 56688 0
gene 4 7 15 26988 0 31 26988 0
gene 2 8 15 -462324 0 32 -462324 0
gene 2 9 15 -369858 0 33 -369858 0
gene 1 10 15 536936 0 34 536936 1
gene 3 11 15 -292428 0 35 -292428 0
gene 1 12 15 551736 0 36 551736 1
gene 4 3 71 580997 0 201 580997 0
gene 3 71 14 252006 0 202 252006 0
gene 1 13 13 46689 1 248 46689 1
gene 2 13 15 -450273 0 413 -450273 1
gene 4 10 71 -244815 0 454 -244815 1
gene 1 7 71 267327 0 542 267327 0
gene 4 8 71 -350799 0 717 -350799 1
gene 4 71 71 40160 1 769 40160 0
gene 4 3 289 -217494 0 858 -217494 0
gene 4 289 15 -188979 0 859 -188979 1
gene 3 289 14 388729 0 897 388729 1
gene 4 3 317 414447 0 942 414447 0
gene 4 317 289 -216198 0 943 -216198 1
gene 2 8 368 -49113 0 1081 -49113 0
gene 2 368 15 149892 0 1082 149892 1
gene 1 2 381 297810 0 1117 297810 1
gene 2 381 14 -800000 0 1118 -800000 1
gene 4 3 394 759423 0 1159 759423 0
gene 4 394 71 323969 0 1160 323969 1
gene 4 1 394 -243744 0 1362 -243744 1
gene 2 3 473 -40287 0 1405 -40287 0
gene 2 473 13 -709701 0 1406 -709701 1
gene 4 10 490 -551162 0 1456 -551162 0
gene 1 490 14 -226620 0 1457 -226620 1
gene 3 13 289 -330108 0 1591 -330108 1
gene 4 71 568 422811 1 1699 422811 1
gene 4 568 71 418656 0 1700 418656 0
gene 3 568 15 -350235 0 1754 -350235 0
gene 3 289 394 607575 0 1809 607575 0
gene 4 568 647 -98862 0 1948 -98862 1
gene 4 647 71 100824 0 1949 100824 1
gene 1 7 686 -730896 0 2069 -730896 1
gene 1 686 71 54270 0 2070 54270 1
gene 3 71 704 800000 0 2122 800000 1
gene 3 704 14 555102 0 2123 555102 1
gene 3 289 760 -27165 0 2296 -27165 1
gene 3 760 394 -395700 0 2297 -395700 1
gene 4 368 394 -800000 0 2326 -800000 1
gene 2 10 289 84555 0 2376 84555 1
gene 4 3 834 800000 0 2518 800000 0
gene 4 834 317 239520 0 2519 239520 1
gene 2 12 877 -318966 0 2634 -318966 1
gene 2 877 14 245586 0 2635 245586 1
gene 2 4 886 360695 0 2665 360695 1
gene 1 886 15 -184311 0 2666 -184311 1
gene 2 5 948 174252 0 2855 174252 0
gene 2 948 13 7437 0 2856 7437 1
gene 2 877 877 -240150 1 2903 -240150 0
gene 1 7 996 -694289 0 2996 -694289 1
gene 1 996 13 -800000 0 2997 -800000 0
gene 3 7 1018 800000 0 3054 800000 1
gene 4 1018 15 -369945 0 3055 -369945 0
gene 1 4 1030 298065 0 3100 298065 1
gene 1 1030 14 -734304 0 3101 -734304 1
gene 3 568 568 250593 1 3154 250593 1
gene 2 5 1107 325331 0 3308 325331 1
gene 2 1107 948 -560895 0 3309 -560895 0
gene 4 686 686 -40242 1 3352 -40242 0
gene 3 996 490 505623 0 3408 505623 1
gene 3 996 996 309042 1 3624 309042 1
gene 3 381 381 -316446 1 3767 -316446 1
gene 4 3 1283 152472 0 3832 152472 0
gene 4 1283 394 -283076 0 3833 -283076 1
gene 4 8 1318 160986 0 3932 160986 1
gene 2 1318 368 -499467 0 3933 -499467 1
gene 4 3 1334 375819 0 3987 375819 1
gene 4 1334 1283 307212 0 3988 307212 1
gene 3 6 1348 -164991 0 4030 -164991 1
gene 3 1348 13 -78540 0 4031 -78540 1
gene 3 568 1397 -195474 0 4173 -195474 1
gene 3 1397 15 -519756 0 4174 -519756 1
gene 1 13 760 -44265 0 4248 -44265 1
gene 4 686 1437 -257115 1 4291 -257115 0
gene 4 1437 686 -256998 0 4292 -256998 1
gene 1 10 1483 727907 0 4430 727907 1
gene 1 1483 490 -715373 0 4431 -715373 1
gene 1 394 490 -638978 0 4472 -638978 1
gene 2 8 1576 -445656 0 4695 -445656 1
gene 2 1576 14 682262 0 4696 682262 0
gene 1 368 368 -37794 1 4745 -37794 1
gene 3 11 1610 -277719 0 4795 -277719 1
gene 3 1610 15 193806 0 4796 193806 1
gene 3 8 686 -251739 0 4917 -251739 1
gene 4 686 1682 -208980 1 5012 -208980 1
gene 4 1682 1437 419058 0 5013 419058 1
gene 2 3 1718 440066 0 5114 440066 1
gene 2 1718 473 149184 0 5115 149184 1
gene 2 1107 1791 363522 0 5326 363522 0
gene 2 1791 948 179493 0 5327 179493 1
gene 4 1018 1807 -305790 0 5371 -305790 1
gene 4 1807 15 -424068 0 5372 -424068 1
gene 2 1483 473 181725 0 5452 181725 1
gene 1 996 1852 151875 0 5508 151875 1
gene 1 1852 13 39615 0 5509 39615 1
gene 2 686 1791 -191385 0 5560 -191385 1
gene 1 9 1926 102240 0 5738 102240 1
gene 1 1926 13 -329826 0 5739 -329826 1
gene 2 1576 834 5724 0 5783 5724 1
gene 4 1397 1018 316554 0 5960 316554 1
gene 3 1030 1030 198603 1 6082 198603 1
gene 2 877 2076 800000 1 6168 800000 1
gene 2 2076 877 -119529 0 6169 -119529 1
gene 1 1283 289 254385 0 6426 254385 1
gene 1 1283 317 -377823 0 6534 -377823 1
gene 1 1318 289 -150537 0 6582 -150537 1
gene 3 5 886 228732 0 6705 228732 1
gene 1 6 2273 -40770 0 6744 -40770 1
gene 1 2273 15 33093 0 6745 33093 1
gene 4 948 2076 231990 0 6805 231990 1
gene 2 9 2350 -397220 0 6975 -397220 1
gene 2 2350 15 154632 0 6976 154632 1
gene 2 1576 2365 -209850 0 7020 -209850 1
gene 2 2365 14 -509871 0 7021 -509871 1
gene 3 834 834 382149 1 7070 382149 1
gene 2 1926 686 -164973 0 7277 -164973 1
gene 4 3 2490 -110430 0 7370 -110430 1
gene 4 2490 834 526907 0 7371 526907 1
gene 2 1107 2512 -42144 0 7425 -42144 1
gene 2 2512 1791 363435 0 7426 363435 1
genomeend 40


/* Organism #41 Fitness: 280.000000 Time: 0 */
/* Position #41*/
#1 x: 46 y: 35
#2 x: 77 y: 25
#3 x: 71 y: 32
#4 x: 67 y: 71
#5 x: 63 y: 76
#6 x: 77 y: 83
genomestart 41
trait 1 1.000000 0.000000 0.000000 96609.000000 29703.000000 0.000000 50877.000000 0.000000 trait 2 51558.000000 0.000000 0.000000 18452.000000 78989.000000 0.000000 41404.000000 0.000000 trait 3 3.000000 0.000000 0.000000 0.000000 0.000000 0.000000 0.000000 0.000000 trait 4 4.000000 31394.000000 71462.000000 0.000000 0.000000 0.000000 0.000000 76528.000000 node 1 4 1 3
node 2 2 1 1
node 3 4 1 1
node 4 2 1 1
node 5 4 1 1
node 6 3 1 1
node 7 2 1 1
node 8 1 1 1
node 9 4 1 1
node 10 1 1 1
node 11 1 1 1
node 12 1 1 1
node 13 3 0 2
node 14 1 0 2
node 15 4 0 2
node 71 1 0 0
node 289 1 0 0
node 317 1 0 0
node 368 3 0 0
node 381 1 0 0
node 394 1 0 0
node 473 1 0 0
node 490 1 0 0
node 568 1 0 0
node 647 4 0 0
node 686 1 0 0
node 704 1 0 0
node 760 1 0 0
node 834 1 0 0
node 877 1 0 0
node 886 1 0 0
node 948 1 0 0
node 996 1 0 0
node 1018 1 0 0
node 1030 4 0 0
node 1107 1 0 0
node 1283 1 0 0
node 1318 1 0 0
node 1334 1 0 0
node 1348 1 0 0
node 1396 1 0 0
node 1501 1 0 0
node 1604 1 0 0
node 1683 1 0 0
node 1699 1 0 0
node 1811 1 0 0
node 1862 1 0 0
node 1886 1 0 0
node 1902 1 0 0
node 2048 1 0 0
node 2063 1 0 0
node 2095 1 0 0
node 2127 1 0 0
node 2183 1 0 0
node 2301 1 0 0
node 2314 1 0 0
node 2344 1 0 0
node 2378 1 0 0
gene 4 1 13 25749 0 1 25749 1
gene 3 2 13 -276396 0 2 -276396 1
gene 2 3 13 131043 0 3 131043 0
gene 4 4 13 -555710 0 4 -555710 1
gene 2 5 13 -225552 0 5 -225552 0
gene 3 6 13 395487 0 6 395487 0
gene 1 7 13 -327029 0 7 -327029 0
gene 1 8 13 56967 0 8 56967 1
gene 1 9 13 27732 0 9 27732 1
gene 2 10 13 -353343 0 10 -353343 0
gene 3 11 13 -85680 0 11 -85680 1
gene 3 12 13 -756005 0 12 -756005 0
gene 1 1 14 54261 0 13 54261 1
gene 1 2 14 188586 0 14 188586 0
gene 3 3 14 -4515 0 15 -4515 0
gene 1 4 14 -800000 0 16 -800000 0
gene 1 5 14 -240045 0 17 -240045 1
gene 1 6 14 303396 0 18 303396 1
gene 1 7 14 -355401 0 19 -355401 1
gene 2 8 14 -149892 0 20 -149892 1
gene 2 9 14 564222 0 21 564222 1
gene 1 10 14 -247671 0 22 -247671 0
gene 3 11 14 253656 0 23 253656 1
gene 2 12 14 -182514 0 24 -182514 0
gene 3 1 15 461718 0 25 461718 1
gene 2 2 15 -787922 0 26 -787922 1
gene 4 3 15 -3501 0 27 -3501 0
gene 2 4 15 -685404 0 28 -685404 0
gene 2 5 15 56862 0 29 56862 1
gene 1 6 15 -392808 0 30 -392808 1
gene 4 7 15 -380088 0 31 -380088 0
gene 2 8 15 -552990 0 32 -552990 0
gene 2 9 15 -116091 0 33 -116091 1
gene 1 10 15 -209157 0 34 -209157 1
gene 3 11 15 26988 0 35 26988 0
gene 1 12 15 800000 0 36 800000 1
gene 4 3 71 246792 0 201 246792 0
gene 3 71 14 -263000 0 202 -263000 0
gene 1 13 13 -800000 1 248 -800000 1
gene 2 13 15 800000 0 413 800000 1
gene 4 10 71 -194043 0 454 -194043 1
gene 1 7 71 46386 0 542 46386 0
gene 4 8 71 -48630 0 717 -48630 1
gene 4 71 71 629396 1 769 629396 0
gene 4 3 289 -586241 0 858 -586241 0
gene 4 289 15 -415757 0 859 -415757 1
gene 2 289 14 -711542 0 897 -711542 1
gene 2 3 317 178145 0 942 178145 0
gene 4 317 289 -800000 0 943 -800000 1
gene 2 8 368 -221874 0 1081 -221874 0
gene 2 368 15 19926 0 1082 19926 0
gene 1 2 381 -800000 0 1117 -800000 1
gene 2 381 14 276 0 1118 276 1
gene 4 3 394 -204267 0 1159 -204267 0
gene 4 394 71 234234 0 1160 234234 1
gene 4 1 394 -333087 0 1362 -333087 1
gene 2 3 473 443916 0 1405 443916 1
gene 2 473 13 -530289 0 1406 -530289 1
gene 1 10 490 59541 0 1456 59541 1
gene 1 490 14 -9021 0 1457 -9021 1
gene 3 13 289 197391 0 1591 197391 1
gene 4 71 568 -800000 1 1699 -800000 1
gene 4 568 71 800000 0 1700 800000 0
gene 3 568 15 800000 0 1754 800000 1
gene 3 289 394 13386 0 1809 13386 0
gene 4 568 647 252399 0 1948 252399 1
gene 4 647 71 95490 0 1949 95490 0
gene 1 7 686 -50322 0 2069 -50322 1
gene 1 686 71 -707835 0 2070 -707835 1
gene 3 71 704 -551261 0 2122 -551261 1
gene 3 704 14 398511 0 2123 398511 1
gene 3 289 760 -66171 0 2296 -66171 1
gene 3 760 394 -409707 0 2297 -409707 1
gene 4 368 394 800000 0 2326 800000 0
gene 2 10 289 -800000 0 2376 -800000 1
gene 4 3 834 -4953 0 2518 -4953 1
gene 4 834 317 -291975 0 2519 -291975 1
gene 2 12 877 333381 0 2634 333381 0
gene 2 877 14 322725 0 2635 322725 1
gene 2 4 886 578826 0 2665 578826 1
gene 2 886 15 -361725 0 2666 -361725 0
gene 2 5 948 360990 0 2855 360990 0
gene 2 948 13 234282 0 2856 234282 0
gene 2 877 877 -206775 1 2903 -206775 1
gene 4 7 996 271740 0 2996 271740 1
gene 1 996 13 -660471 0 2997 -660471 1
gene 3 7 1018 403647 0 3054 403647 1
gene 4 1018 15 -624456 0 3055 -624456 1
gene 1 4 1030 340017 0 3100 340017 1
gene 1 1030 14 93597 0 3101 93597 1
gene 3 568 568 -139716 1 3154 -139716 1
gene 2 5 1107 100620 0 3308 100620 1
gene 2 1107 948 -327553 0 3309 -327553 1
gene 4 686 686 166272 1 3352 166272 1
gene 3 996 490 362961 0 3408 362961 1
gene 3 996 996 -183282 1 3624 -183282 0
gene 3 381 381 573461 1 3767 573461 1
gene 4 3 1283 351180 0 3832 351180 0
gene 4 1283 394 645941 0 3833 645941 1
gene 2 8 1318 -263286 0 3932 -263286 1
gene 2 1318 368 -4713 0 3933 -4713 1
gene 4 3 1334 -112095 0 3987 -112095 1
gene 4 1334 1283 -440469 0 3988 -440469 1
gene 3 6 1348 421605 0 4030 421605 1
gene 3 1348 13 663650 0 4031 663650 1
gene 3 11 1396 -396078 0 4170 -396078 1
gene 3 1396 15 415392 0 4171 415392 1
gene 2 948 1501 800000 0 4488 800000 0
gene 2 1501 13 -106281 0 4489 -106281 1
gene 2 948 1604 193110 0 4780 193110 1
gene 2 1604 1501 100116 0 4781 100116 1
gene 4 490 317 147738 0 4926 147738 0
gene 3 996 1683 159468 1 5017 159468 1
gene 3 1683 996 182247 0 5018 182247 1
gene 2 368 1699 -709577 0 5067 -709577 1
gene 2 1699 15 407451 0 5068 407451 0
gene 4 8 1396 -798132 0 5249 -798132 1
gene 2 886 1811 -383958 0 5389 -383958 1
gene 2 1811 15 2736 0 5390 2736 1
gene 3 12 1862 80502 0 5541 80502 1
gene 3 1862 13 -238425 0 5542 -238425 0
gene 3 2 1862 141381 0 5583 141381 1
gene 4 490 1886 -230208 0 5624 -230208 1
gene 4 1886 317 93498 0 5625 93498 1
gene 4 368 1902 35535 0 5673 35535 1
gene 4 1902 394 238401 0 5674 238401 1
gene 3 1501 686 -140736 0 5725 -140736 1
gene 2 10 2048 -58506 0 6086 -58506 1
gene 2 2048 13 -800000 0 6087 -800000 1
gene 2 12 2063 148254 0 6128 148254 1
gene 2 2063 877 -224007 0 6129 -224007 1
gene 1 473 14 588546 0 6174 588546 1
gene 2 1699 2095 -311706 0 6227 -311706 0
gene 2 2095 15 103968 0 6228 103968 1
gene 4 7 886 174123 0 6279 174123 0
gene 4 647 2127 285195 0 6325 285195 1
gene 4 2127 71 -326349 0 6326 -326349 1
gene 4 7 2183 264150 0 6481 264150 1
gene 4 2183 886 153621 0 6482 153621 1
gene 1 1902 71 -57312 0 6516 -57312 1
gene 3 368 647 -381978 0 6641 -381978 1
gene 4 1018 13 304017 0 6771 304017 0
gene 4 1018 2301 21393 0 6820 21393 1
gene 4 2301 13 194307 0 6821 194307 1
gene 3 1862 2314 209565 0 6863 209565 0
gene 3 2314 13 176190 0 6864 176190 1
gene 3 834 834 211479 1 6903 211479 1
gene 3 1862 2344 641202 0 6955 641202 1
gene 3 2344 2314 -116307 0 6956 -116307 1
gene 2 1699 2378 -252428 0 7055 -252428 1
gene 2 2378 2095 -114720 0 7056 -114720 1
gene 2 1862 948 110457 0 7293 110457 1
gene 1 1699 1699 201081 1 7431 201081 1
genomeend 41


/* Organism #44 Fitness: 360.000000 Time: 0 */
/* Position #44*/
#1 x: 24 y: 25
#2 x: 80 y: 21
#3 x: 21 y: 15
#4 x: 61 y: 62
#5 x: 73 y: 69
#6 x: 21 y: 76
genomestart 44
trait 1 100000.000000 0.000000 0.000000 0.000000 0.000000 0.000000 0.000000 0.000000 trait 2 52534.000000 91990.000000 0.000000 100000.000000 0.000000 0.000000 0.000000 0.000000 trait 3 21555.000000 0.000000 74217.000000 0.000000 72769.000000 0.000000 0.000000 0.000000 trait 4 4.000000 0.000000 0.000000 0.000000 0.000000 0.000000 0.000000 0.000000 node 1 1 1 3
node 2 2 1 1
node 3 4 1 1
node 4 4 1 1
node 5 1 1 1
node 6 4 1 1
node 7 3 1 1
node 8 3 1 1
node 9 3 1 1
node 10 4 1 1
node 11 4 1 1
node 12 1 1 1
node 13 1 0 2
node 14 2 0 2
node 15 4 0 2
node 24 1 0 0
node 188 3 0 0
node 222 1 0 0
node 272 1 0 0
node 301 1 0 0
node 380 1 0 0
node 393 1 0 0
node 453 4 0 0
node 469 1 0 0
node 557 1 0 0
node 729 1 0 0
node 875 1 0 0
node 927 1 0 0
node 1021 1 0 0
node 1084 1 0 0
node 1116 1 0 0
node 1234 1 0 0
node 1295 1 0 0
node 1374 1 0 0
node 1496 1 0 0
node 1522 1 0 0
node 1622 1 0 0
node 1712 1 0 0
node 1847 1 0 0
node 1890 1 0 0
node 2011 1 0 0
node 2035 1 0 0
node 2119 1 0 0
node 2161 1 0 0
node 2179 1 0 0
node 2221 1 0 0
node 2397 1 0 0
gene 1 1 13 3810 0 1 3810 1
gene 2 2 13 -93204 0 2 -93204 1
gene 2 3 13 271614 0 3 271614 1
gene 4 4 13 -156819 0 4 -156819 0
gene 3 5 13 382740 0 5 382740 1
gene 1 6 13 -800000 0 6 -800000 1
gene 3 7 13 -287043 0 7 -287043 1
gene 1 8 13 412259 0 8 412259 0
gene 4 9 13 122988 0 9 122988 1
gene 2 10 13 -461909 0 10 -461909 1
gene 3 11 13 419505 0 11 419505 1
gene 4 12 13 -260319 0 12 -260319 1
gene 1 1 14 -5232 0 13 -5232 1
gene 1 2 14 -434255 0 14 -434255 1
gene 2 3 14 233745 0 15 233745 1
gene 2 4 14 37806 0 16 37806 1
gene 1 5 14 297141 0 17 297141 1
gene 2 6 14 3777 0 18 3777 0
gene 3 7 14 292590 0 19 292590 0
gene 3 8 14 -744 0 20 -744 1
gene 3 9 14 61917 0 21 61917 0
gene 2 10 14 -190503 0 22 -190503 1
gene 3 11 14 527819 0 23 527819 0
gene 2 12 14 -480906 0 24 -480906 1
gene 2 1 15 509441 0 25 509441 1
gene 3 2 15 9180 0 26 9180 1
gene 4 3 15 -16167 0 27 -16167 0
gene 1 4 15 -212814 0 28 -212814 0
gene 4 5 15 198795 0 29 198795 1
gene 2 6 15 -161727 0 30 -161727 1
gene 4 7 15 182739 0 31 182739 0
gene 2 8 15 -343518 0 32 -343518 0
gene 2 9 15 -53424 0 33 -53424 0
gene 2 10 15 -24714 0 34 -24714 1
gene 3 11 15 213213 0 35 213213 1
gene 2 12 15 -144789 0 36 -144789 0
gene 4 4 24 -171089 0 62 -171089 1
gene 3 24 13 -104613 0 63 -104613 1
gene 1 24 24 408750 1 127 408750 0
gene 3 15 13 212028 0 293 212028 1
gene 2 7 24 104661 0 408 104661 0
gene 3 7 188 111663 0 526 111663 1
gene 3 188 14 -58917 0 527 -58917 1
gene 2 9 222 328956 0 645 328956 0
gene 2 222 15 278787 0 646 278787 1
gene 3 3 272 -153972 0 798 -153972 1
gene 3 272 15 -500868 0 799 -500868 0
gene 2 3 24 -145893 0 850 -145893 1
gene 1 24 301 443835 1 893 443835 0
gene 1 301 24 24984 0 894 24984 0
gene 1 188 188 -249846 1 934 -249846 1
gene 3 4 188 -372816 0 1080 -372816 1
gene 2 6 380 -226215 0 1115 -226215 1
gene 2 380 14 -67911 0 1116 -67911 1
gene 1 4 393 65874 0 1157 65874 1
gene 1 393 15 59061 0 1158 59061 1
gene 1 15 380 -746444 0 1196 -746444 1
gene 2 12 188 -65868 0 1302 -65868 0
gene 2 9 453 243564 0 1346 243564 1
gene 2 453 222 -217806 0 1347 -217806 1
gene 1 24 469 434769 1 1394 434769 0
gene 1 469 301 417273 0 1395 417273 0
gene 3 222 24 350172 0 1576 350172 1
gene 4 3 188 90165 0 1616 90165 1
gene 3 272 557 94512 0 1666 94512 1
gene 1 557 15 643671 0 1667 643671 0
gene 1 6 272 260109 0 1830 260109 0
gene 4 12 380 83388 0 1879 83388 0
gene 1 469 729 -25878 0 2197 -25878 1
gene 1 729 301 453062 0 2198 453062 1
gene 2 14 301 165219 0 2244 165219 1
gene 1 188 380 -205809 0 2284 -205809 1
gene 3 8 875 -305826 0 2630 -305826 0
gene 1 875 13 630246 0 2631 630246 1
gene 4 12 927 -292161 0 2791 -292161 1
gene 4 927 380 262593 0 2792 262593 1
gene 2 393 380 343581 0 3014 343581 1
gene 2 7 1021 228759 0 3066 228759 1
gene 2 1021 24 -259812 0 3067 -259812 1
gene 1 8 1084 321321 0 3243 321321 0
gene 1 1084 875 540473 0 3244 540473 0
gene 4 188 927 -71214 0 3297 -71214 1
gene 1 1084 1116 -482490 0 3335 -482490 1
gene 1 1116 875 800000 0 3336 800000 0
gene 1 222 469 -341280 0 3394 -341280 1
gene 1 8 1234 -800000 0 3693 -800000 1
gene 1 1234 1084 27279 0 3694 27279 1
gene 1 301 1295 163641 0 3863 163641 1
gene 1 1295 24 206058 0 3864 206058 1
gene 1 2 393 -454056 0 3943 -454056 1
gene 4 1084 1084 -19815 1 4053 -19815 1
gene 3 1295 1084 -640845 0 4076 -640845 1
gene 1 1116 1374 290043 0 4119 290043 1
gene 1 1374 875 298575 0 4120 298575 1
gene 2 272 1084 -504003 0 4218 -504003 1
gene 2 12 1496 -280289 0 4474 -280289 1
gene 2 1496 15 -608709 0 4475 -608709 1
gene 1 557 1522 -474741 0 4546 -474741 1
gene 1 1522 15 524525 0 4547 524525 1
gene 3 1116 1021 -339186 0 4657 -339186 1
gene 3 9 380 44370 0 4725 44370 1
gene 2 12 1622 177501 0 4831 177501 1
gene 2 1622 188 -109074 0 4832 -109074 1
gene 4 453 453 123303 1 4965 123303 0
gene 2 8 1712 22278 0 5099 22278 1
gene 2 1712 15 607356 0 5100 607356 0
gene 1 6 1847 271692 0 5495 271692 1
gene 1 1847 272 -673800 0 5496 -673800 1
gene 3 9 1890 169710 0 5636 169710 0
gene 3 1890 14 178131 0 5637 178131 1
gene 4 1116 13 -541467 0 5838 -541467 1
gene 1 9 1712 232689 0 5937 232689 1
gene 1 24 2011 459492 1 5985 459492 1
gene 1 2011 469 -27084 0 5986 -27084 1
gene 2 1712 2035 213867 0 6047 213867 0
gene 2 2035 15 284541 0 6048 284541 1
gene 3 927 1084 -269277 0 6090 -269277 1
gene 4 1847 453 235827 0 6145 235827 1
gene 2 1712 2119 -84870 0 6302 -84870 1
gene 2 2119 2035 343899 0 6303 343899 1
gene 3 9 2161 289167 0 6421 289167 1
gene 3 2161 1890 192243 0 6422 192243 1
gene 4 453 2179 351357 1 6471 351357 1
gene 4 2179 453 255315 0 6472 255315 1
gene 4 7 2221 77844 0 6590 77844 1
gene 4 2221 15 43509 0 6591 43509 1
gene 2 1295 1021 237447 0 6920 237447 1
gene 4 2011 393 -467331 0 7009 -467331 1
gene 3 1295 557 -87864 1 7060 -87864 1
gene 3 11 2397 313282 0 7109 313282 1
gene 3 2397 14 -378828 0 7110 -378828 1
gene 3 469 272 -164131 0 7207 -164131 1
gene 3 1496 2179 173630 0 7354 173630 1
gene 3 3 1622 -119314 0 7392 -119314 1
gene 1 1374 557 -109425 1 7439 -109425 1
gene 2 8 1890 87153 0 7582 87153 1
genomeend 44


/* Organism #46 Fitness: 320.000000 Time: 0 */
/* Position #46*/
#1 x: 76 y: 30
#2 x: 43 y: 22
#3 x: 64 y: 27
#4 x: 65 y: 67
#5 x: 42 y: 76
#6 x: 77 y: 66
genomestart 46
trait 1 1.000000 0.000000 0.000000 0.000000 0.000000 0.000000 0.000000 0.000000 trait 2 2.000000 0.000000 0.000000 0.000000 0.000000 14091.000000 0.000000 0.000000 trait 3 3.000000 0.000000 0.000000 0.000000 0.000000 0.000000 0.000000 0.000000 trait 4 4.000000 0.000000 0.000000 0.000000 0.000000 0.000000 0.000000 0.000000 node 1 4 1 3
node 2 2 1 1
node 3 4 1 1
node 4 2 1 1
node 5 4 1 1
node 6 3 1 1
node 7 2 1 1
node 8 1 1 1
node 9 4 1 1
node 10 1 1 1
node 11 1 1 1
node 12 4 1 1
node 13 3 0 2
node 14 1 0 2
node 15 4 0 2
node 71 1 0 0
node 289 1 0 0
node 317 1 0 0
node 368 1 0 0
node 381 1 0 0
node 394 1 0 0
node 473 1 0 0
node 490 1 0 0
node 568 1 0 0
node 647 1 0 0
node 686 1 0 0
node 704 1 0 0
node 760 1 0 0
node 834 1 0 0
node 877 1 0 0
node 886 1 0 0
node 948 1 0 0
node 996 1 0 0
node 1018 1 0 0
node 1030 1 0 0
node 1107 1 0 0
node 1188 1 0 0
node 1240 1 0 0
node 1316 1 0 0
node 1373 1 0 0
node 1445 1 0 0
node 1459 1 0 0
node 1474 4 0 0
node 1504 1 0 0
node 1625 1 0 0
node 1675 1 0 0
node 1700 1 0 0
node 1720 1 0 0
node 1888 1 0 0
node 2052 1 0 0
node 2089 1 0 0
node 2268 1 0 0
node 2486 1 0 0
node 2499 1 0 0
node 2562 1 0 0
gene 4 1 13 354257 0 1 354257 1
gene 3 2 13 -689993 0 2 -689993 1
gene 2 3 13 -46866 0 3 -46866 0
gene 4 4 13 234732 0 4 234732 1
gene 2 5 13 -31095 0 5 -31095 0
gene 3 6 13 684564 0 6 684564 1
gene 1 7 13 -318204 0 7 -318204 0
gene 1 8 13 192225 0 8 192225 1
gene 1 9 13 63141 0 9 63141 0
gene 2 10 13 80565 0 10 80565 1
gene 3 11 13 5499 0 11 5499 1
gene 3 12 13 -370284 0 12 -370284 1
gene 1 1 14 318179 0 13 318179 1
gene 1 2 14 -652179 0 14 -652179 0
gene 3 3 14 -74700 0 15 -74700 0
gene 1 4 14 -129858 0 16 -129858 0
gene 1 5 14 -146202 0 17 -146202 1
gene 1 6 14 431472 0 18 431472 1
gene 1 7 14 -721334 0 19 -721334 1
gene 2 8 14 -402516 0 20 -402516 1
gene 2 9 14 -534432 0 21 -534432 0
gene 1 10 14 -1158 0 22 -1158 0
gene 3 11 14 48381 0 23 48381 1
gene 2 12 14 36522 0 24 36522 0
gene 3 1 15 -29715 0 25 -29715 1
gene 2 2 15 -747283 0 26 -747283 1
gene 4 3 15 -626124 0 27 -626124 0
gene 2 4 15 13775 0 28 13775 0
gene 2 5 15 -664011 0 29 -664011 0
gene 1 6 15 -255101 0 30 -255101 1
gene 4 7 15 369936 0 31 369936 0
gene 2 8 15 -565752 0 32 -565752 0
gene 2 9 15 -65820 0 33 -65820 1
gene 1 10 15 -289800 0 34 -289800 1
gene 3 11 15 -135366 0 35 -135366 1
gene 1 12 15 -666797 0 36 -666797 0
gene 4 3 71 368349 0 201 368349 0
gene 3 71 14 388773 0 202 388773 0
gene 1 13 13 -122598 1 248 -122598 1
gene 2 13 15 154593 0 413 154593 1
gene 4 10 71 -213228 0 454 -213228 1
gene 2 7 71 -60690 0 542 -60690 0
gene 4 8 71 800000 0 717 800000 1
gene 4 71 71 183603 1 769 183603 0
gene 4 3 289 -308082 0 858 -308082 0
gene 4 289 15 44454 0 859 44454 1
gene 3 289 14 -697350 0 897 -697350 0
gene 4 3 317 479835 0 942 479835 0
gene 4 317 289 -463167 0 943 -463167 1
gene 2 8 368 591849 0 1081 591849 1
gene 2 368 15 487539 0 1082 487539 1
gene 1 2 381 -775226 0 1117 -775226 1
gene 2 381 14 -244767 0 1118 -244767 1
gene 4 3 394 80937 0 1159 80937 1
gene 4 394 71 319149 0 1160 319149 1
gene 4 1 394 116679 0 1362 116679 1
gene 2 3 473 -20461 0 1405 -20461 1
gene 2 473 13 -644295 0 1406 -644295 1
gene 1 10 490 224820 0 1456 224820 0
gene 1 490 14 -442833 0 1457 -442833 1
gene 3 13 289 108708 0 1591 108708 1
gene 4 71 568 160224 1 1699 160224 1
gene 4 568 71 294120 0 1700 294120 0
gene 3 568 15 203964 0 1754 203964 1
gene 3 289 394 -754227 0 1809 -754227 0
gene 4 568 647 350343 0 1948 350343 1
gene 4 647 71 141255 0 1949 141255 1
gene 1 7 686 -308076 0 2069 -308076 1
gene 1 686 71 -204546 0 2070 -204546 1
gene 3 71 704 -367467 0 2122 -367467 0
gene 3 704 14 -21186 0 2123 -21186 1
gene 3 289 760 336333 0 2296 336333 1
gene 3 760 394 46332 0 2297 46332 1
gene 4 368 394 148401 0 2326 148401 0
gene 2 10 289 237378 0 2376 237378 1
gene 4 3 834 -556799 0 2518 -556799 1
gene 4 834 317 -258975 0 2519 -258975 0
gene 2 12 877 -544169 0 2634 -544169 1
gene 2 877 14 649140 0 2635 649140 1
gene 2 4 886 3330 0 2665 3330 1
gene 2 886 15 96879 0 2666 96879 1
gene 2 5 948 92856 0 2855 92856 0
gene 2 948 13 -730899 0 2856 -730899 1
gene 2 877 877 800000 1 2903 800000 1
gene 1 7 996 138677 0 2996 138677 1
gene 1 996 13 -454590 0 2997 -454590 1
gene 3 7 1018 419106 0 3054 419106 1
gene 4 1018 15 -17067 0 3055 -17067 1
gene 1 4 1030 535143 0 3100 535143 1
gene 1 1030 14 800000 0 3101 800000 1
gene 3 568 568 94653 1 3154 94653 0
gene 2 5 1107 -269109 0 3308 -269109 1
gene 2 1107 948 -596820 0 3309 -596820 1
gene 4 686 686 -493956 1 3352 -493956 1
gene 3 996 490 -326658 0 3408 -326658 1
gene 2 9 1188 218598 0 3558 218598 0
gene 2 1188 14 -311640 0 3559 -311640 1
gene 4 381 71 560438 0 3665 560438 0
gene 1 10 1240 -98229 0 3707 -98229 1
gene 1 1240 490 160401 0 3708 160401 1
gene 3 1107 1030 107535 0 3763 107535 1
gene 2 9 1316 -220233 0 3922 -220233 0
gene 2 1316 1188 199146 0 3923 199146 0
gene 1 12 1373 -373086 0 4116 -373086 1
gene 1 1373 15 273150 0 4117 273150 0
gene 1 3 1316 325466 0 4180 325466 1
gene 4 834 1445 -521577 0 4313 -521577 1
gene 4 1445 317 249024 0 4314 249024 1
gene 4 381 1459 364514 0 4355 364514 1
gene 4 1459 71 -800000 0 4356 -800000 1
gene 3 289 1474 -48939 0 4406 -48939 0
gene 3 1474 14 214554 0 4407 214554 1
gene 2 394 1373 190776 0 4457 190776 1
gene 2 5 1504 226698 0 4497 226698 0
gene 2 1504 15 647706 0 4498 647706 1
gene 4 1504 886 56457 0 4750 56457 1
gene 2 9 1625 4515 0 4838 4515 1
gene 1 1625 1316 -758834 0 4839 -758834 1
gene 1 1 1625 -785478 0 4968 -785478 1
gene 3 568 1675 -280431 1 4996 -280431 1
gene 3 1675 568 800000 0 4997 800000 0
gene 2 5 1700 566589 0 5071 566589 1
gene 2 1700 1504 212304 0 5072 212304 1
gene 3 71 1720 45237 0 5118 45237 1
gene 3 1720 704 -115515 0 5119 -115515 1
gene 1 886 381 -96795 0 5222 -96795 1
gene 1 1373 1888 -620880 0 5630 -620880 1
gene 1 1888 15 -614529 0 5631 -614529 1
gene 1 1107 490 -203538 0 5814 -203538 1
gene 4 1107 15 -209979 0 5917 -209979 1
gene 4 14 14 252060 1 5955 252060 1
gene 2 1700 1700 -287307 1 6001 -287307 1
gene 3 1675 2052 189324 0 6096 189324 0
gene 3 2052 568 97341 0 6097 97341 1
gene 1 9 2089 -25470 0 6209 -25470 1
gene 1 2089 13 -634293 0 6210 -634293 1
gene 4 368 2268 79852 0 6730 79852 1
gene 4 2268 394 695168 0 6731 695168 1
gene 1 1018 1720 130629 0 7116 130629 1
gene 2 1316 2486 -231360 0 7357 -231360 1
gene 2 2486 1188 -141978 0 7358 -141978 1
gene 3 289 2499 278169 0 7396 278169 1
gene 3 2499 1474 -216069 0 7397 -216069 1
gene 3 1675 2562 1 0 7584 0 1
gene 3 2562 2052 189324 0 7585 0 1
genomeend 46


/* Organism #56 Fitness: 440.000000 Time: 0 */
/* Position #56*/
#1 x: 27 y: 17
#2 x: 80 y: 34
#3 x: 18 y: 20
#4 x: 85 y: 65
#5 x: 76 y: 84
#6 x: 17 y: 80
genomestart 56
trait 1 86382.000000 35089.000000 0.000000 0.000000 32470.000000 46984.000000 0.000000 0.000000 trait 2 0.000000 0.000000 100000.000000 0.000000 0.000000 8331.000000 0.000000 0.000000 trait 3 3.000000 0.000000 0.000000 0.000000 0.000000 0.000000 0.000000 95617.000000 trait 4 100000.000000 0.000000 51490.000000 100000.000000 0.000000 0.000000 0.000000 15655.000000 node 1 4 1 3
node 2 2 1 1
node 3 4 1 1
node 4 2 1 1
node 5 4 1 1
node 6 3 1 1
node 7 2 1 1
node 8 1 1 1
node 9 4 1 1
node 10 1 1 1
node 11 1 1 1
node 12 4 1 1
node 13 3 0 2
node 14 1 0 2
node 15 4 0 2
node 71 1 0 0
node 289 1 0 0
node 317 1 0 0
node 368 1 0 0
node 381 3 0 0
node 394 1 0 0
node 473 1 0 0
node 490 1 0 0
node 568 1 0 0
node 647 1 0 0
node 686 1 0 0
node 704 1 0 0
node 760 1 0 0
node 834 1 0 0
node 877 1 0 0
node 886 1 0 0
node 948 1 0 0
node 996 1 0 0
node 1018 1 0 0
node 1030 1 0 0
node 1107 1 0 0
node 1283 1 0 0
node 1318 1 0 0
node 1334 1 0 0
node 1348 1 0 0
node 1397 1 0 0
node 1437 1 0 0
node 1483 1 0 0
node 1576 1 0 0
node 1610 1 0 0
node 1682 1 0 0
node 1718 4 0 0
node 1791 1 0 0
node 1807 1 0 0
node 1852 1 0 0
node 1926 1 0 0
node 2076 1 0 0
node 2273 1 0 0
node 2461 1 0 0
gene 4 1 13 402948 0 1 402948 1
gene 3 2 13 -195528 0 2 -195528 1
gene 2 3 13 -282150 0 3 -282150 0
gene 4 4 13 -624918 0 4 -624918 1
gene 2 5 13 218823 0 5 218823 0
gene 3 6 13 647558 0 6 647558 0
gene 1 7 13 295104 0 7 295104 0
gene 1 8 13 -800000 0 8 -800000 1
gene 1 9 13 444411 0 9 444411 0
gene 2 10 13 94611 0 10 94611 1
gene 3 11 13 -577047 0 11 -577047 1
gene 3 12 13 -14154 0 12 -14154 1
gene 2 1 14 273843 0 13 273843 1
gene 1 2 14 163254 0 14 163254 0
gene 3 3 14 671261 0 15 671261 0
gene 1 4 14 -751098 0 16 -751098 0
gene 1 5 14 250848 0 17 250848 1
gene 1 6 14 267024 0 18 267024 1
gene 1 7 14 -201819 0 19 -201819 1
gene 2 8 14 -73413 0 20 -73413 0
gene 2 9 14 -639552 0 21 -639552 1
gene 1 10 14 162813 0 22 162813 0
gene 3 11 14 -262929 0 23 -262929 1
gene 2 12 14 67131 0 24 67131 0
gene 3 1 15 606887 0 25 606887 1
gene 2 2 15 -120057 0 26 -120057 1
gene 4 3 15 -322596 0 27 -322596 0
gene 2 4 15 363654 0 28 363654 0
gene 2 5 15 -717365 0 29 -717365 1
gene 1 6 15 412184 0 30 412184 0
gene 4 7 15 -800000 0 31 -800000 0
gene 2 8 15 -342423 0 32 -342423 0
gene 2 9 15 545733 0 33 545733 1
gene 1 10 15 252096 0 34 252096 1
gene 3 11 15 -318594 0 35 -318594 0
gene 1 12 15 24375 0 36 24375 1
gene 4 3 71 -173643 0 201 -173643 0
gene 3 71 14 134427 0 202 134427 0
gene 1 13 13 -162489 1 248 -162489 1
gene 2 13 15 246807 0 413 246807 1
gene 4 10 71 482361 0 454 482361 1
gene 1 7 71 -97305 0 542 -97305 0
gene 4 8 71 -59727 0 717 -59727 1
gene 4 71 71 -475854 1 769 -475854 0
gene 4 3 289 108216 0 858 108216 0
gene 4 289 15 332466 0 859 332466 1
gene 3 289 14 -317640 0 897 -317640 1
gene 4 3 317 -28521 0 942 -28521 0
gene 4 317 289 -205530 0 943 -205530 1
gene 2 8 368 -800000 0 1081 -800000 0
gene 2 368 15 129396 0 1082 129396 1
gene 1 2 381 -334191 0 1117 -334191 1
gene 2 381 14 -56807 0 1118 -56807 1
gene 4 3 394 -371658 0 1159 -371658 0
gene 4 394 71 333093 0 1160 333093 1
gene 4 1 394 -43380 0 1362 -43380 1
gene 2 3 473 -556311 0 1405 -556311 0
gene 2 473 13 446658 0 1406 446658 1
gene 4 10 490 204630 0 1456 204630 0
gene 1 490 14 121614 0 1457 121614 1
gene 3 13 289 800000 0 1591 800000 0
gene 4 71 568 -800000 1 1699 -800000 1
gene 4 568 71 606581 0 1700 606581 0
gene 3 568 15 254178 0 1754 254178 0
gene 3 289 394 318111 0 1809 318111 0
gene 4 568 647 185301 0 1948 185301 1
gene 4 647 71 -149697 0 1949 -149697 1
gene 1 7 686 106224 0 2069 106224 1
gene 1 686 71 -89910 0 2070 -89910 1
gene 3 71 704 227339 0 2122 227339 1
gene 3 704 14 -287331 0 2123 -287331 1
gene 3 289 760 528825 0 2296 528825 1
gene 3 760 394 639351 0 2297 639351 1
gene 4 368 394 -186501 0 2326 -186501 1
gene 2 10 289 13047 0 2376 13047 1
gene 4 3 834 465044 0 2518 465044 1
gene 4 834 317 274341 0 2519 274341 1
gene 2 12 877 14613 0 2634 14613 1
gene 2 877 14 -555120 0 2635 -555120 1
gene 2 4 886 501405 0 2665 501405 1
gene 1 886 15 -341946 0 2666 -341946 1
gene 2 5 948 -188103 0 2855 -188103 0
gene 2 948 13 800000 0 2856 800000 1
gene 2 877 877 493050 1 2903 493050 0
gene 1 7 996 -746846 0 2996 -746846 1
gene 1 996 13 800000 0 2997 800000 0
gene 1 7 1018 418593 0 3054 418593 1
gene 4 1018 15 178254 0 3055 178254 0
gene 1 4 1030 49810 0 3100 49810 1
gene 1 1030 14 107574 0 3101 107574 1
gene 3 568 568 -221325 1 3154 -221325 1
gene 2 5 1107 724334 0 3308 724334 1
gene 2 1107 948 293418 0 3309 293418 0
gene 4 686 686 -129354 1 3352 -129354 0
gene 3 996 490 144570 0 3408 144570 1
gene 3 996 996 695367 1 3624 695367 1
gene 3 381 381 -34653 1 3767 -34653 1
gene 4 3 1283 398946 0 3832 398946 0
gene 4 1283 394 -16071 0 3833 -16071 1
gene 2 8 1318 733085 0 3932 733085 1
gene 2 1318 368 -333114 0 3933 -333114 1
gene 4 3 1334 800000 0 3987 800000 1
gene 4 1334 1283 290061 0 3988 290061 1
gene 3 6 1348 141315 0 4030 141315 1
gene 3 1348 13 23142 0 4031 23142 1
gene 3 568 1397 -259224 0 4173 -259224 1
gene 3 1397 15 -800000 0 4174 -800000 1
gene 1 13 760 128751 0 4248 128751 1
gene 4 686 1437 389322 1 4291 389322 0
gene 4 1437 686 -305004 0 4292 -305004 1
gene 1 10 1483 -184965 0 4430 -184965 1
gene 1 1483 490 78124 0 4431 78124 1
gene 1 394 490 -70704 0 4472 -70704 1
gene 2 8 1576 536001 0 4695 536001 1
gene 2 1576 14 218358 0 4696 218358 1
gene 1 368 368 88593 1 4745 88593 1
gene 3 11 1610 -714138 0 4795 -714138 1
gene 3 1610 15 239001 0 4796 239001 1
gene 3 8 686 278451 0 4917 278451 1
gene 4 686 1682 -26796 1 5012 -26796 1
gene 4 1682 1437 -450669 0 5013 -450669 1
gene 2 3 1718 505533 0 5114 505533 1
gene 2 1718 473 -268284 0 5115 -268284 1
gene 2 1107 1791 -93360 0 5326 -93360 1
gene 2 1791 948 11541 0 5327 11541 1
gene 4 1018 1807 9876 0 5371 9876 1
gene 4 1807 15 -120702 0 5372 -120702 1
gene 2 1483 473 73824 0 5452 73824 1
gene 1 996 1852 165795 0 5508 165795 1
gene 1 1852 13 -397659 0 5509 -397659 1
gene 2 686 1791 -290250 0 5560 -290250 1
gene 1 9 1926 -109140 0 5738 -109140 1
gene 1 1926 13 -185994 0 5739 -185994 1
gene 2 1576 834 415407 0 5783 415407 1
gene 4 1397 1018 27120 0 5960 27120 1
gene 3 1030 1030 -89289 1 6082 -89289 1
gene 2 877 2076 -52839 1 6168 -52839 1
gene 2 2076 877 241242 0 6169 241242 1
gene 1 1283 289 95898 0 6426 95898 1
gene 1 1283 317 35583 0 6534 35583 1
gene 1 1318 289 218712 0 6582 218712 1
gene 3 5 886 356580 0 6705 356580 1
gene 1 6 2273 -203433 0 6744 -203433 1
gene 1 2273 15 -13197 0 6745 -13197 1
gene 4 948 2076 -295878 0 6805 -295878 1
gene 1 490 71 273792 0 7096 273792 1
gene 3 13 2461 86326 0 7282 86326 1
gene 3 2461 289 -348396 0 7283 -348396 1
genomeend 56


/* Organism #66 Fitness: 260.000000 Time: 0 */
/* Position #66*/
#1 x: 82 y: 16
#2 x: 79 y: 40
#3 x: 57 y: 35
#4 x: 27 y: 81
#5 x: 44 y: 60
#6 x: 75 y: 64
genomestart 66
trait 1 1.000000 0.000000 0.000000 0.000000 0.000000 0.000000 0.000000 0.000000 trait 2 51558.000000 0.000000 0.000000 18452.000000 78989.000000 0.000000 41404.000000 0.000000 trait 3 100000.000000 0.000000 0.000000 0.000000 303.000000 0.000000 12086.000000 0.000000 trait 4 4.000000 31394.000000 71462.000000 0.000000 0.000000 0.000000 0.000000 76528.000000 node 1 4 1 3
node 2 2 1 1
node 3 4 1 1
node 4 2 1 1
node 5 4 1 1
node 6 3 1 1
node 7 2 1 1
node 8 1 1 1
node 9 4 1 1
node 10 1 1 1
node 11 1 1 1
node 12 1 1 1
node 13 3 0 2
node 14 1 0 2
node 15 4 0 2
node 71 1 0 0
node 289 1 0 0
node 317 1 0 0
node 368 3 0 0
node 381 1 0 0
node 394 3 0 0
node 473 1 0 0
node 490 1 0 0
node 568 1 0 0
node 647 4 0 0
node 686 1 0 0
node 704 1 0 0
node 760 1 0 0
node 834 1 0 0
node 877 1 0 0
node 886 1 0 0
node 948 1 0 0
node 996 1 0 0
node 1018 1 0 0
node 1030 1 0 0
node 1107 1 0 0
node 1283 1 0 0
node 1318 1 0 0
node 1334 1 0 0
node 1348 1 0 0
node 1396 1 0 0
node 1501 1 0 0
node 1604 1 0 0
node 1683 1 0 0
node 1699 1 0 0
node 1811 1 0 0
node 1862 1 0 0
node 1886 1 0 0
node 1902 1 0 0
node 2048 1 0 0
node 2063 1 0 0
node 2095 1 0 0
node 2127 1 0 0
node 2183 2 0 0
node 2301 1 0 0
node 2314 1 0 0
node 2413 1 0 0
node 2426 1 0 0
gene 4 1 13 -388527 0 1 -388527 1
gene 3 2 13 -6477 0 2 -6477 1
gene 2 3 13 604712 0 3 604712 0
gene 4 4 13 -638237 0 4 -638237 1
gene 2 5 13 -51903 0 5 -51903 0
gene 3 6 13 -744530 0 6 -744530 0
gene 1 7 13 -4920 0 7 -4920 0
gene 1 8 13 570579 0 8 570579 1
gene 1 9 13 -277404 0 9 -277404 1
gene 2 10 13 583779 0 10 583779 0
gene 3 11 13 335448 0 11 335448 1
gene 3 12 13 -484146 0 12 -484146 0
gene 1 1 14 664386 0 13 664386 1
gene 1 2 14 800000 0 14 800000 0
gene 3 3 14 -434214 0 15 -434214 0
gene 1 4 14 -632649 0 16 -632649 0
gene 1 5 14 -372450 0 17 -372450 1
gene 1 6 14 -321285 0 18 -321285 1
gene 1 7 14 26550 0 19 26550 1
gene 2 8 14 -172299 0 20 -172299 1
gene 2 9 14 -199764 0 21 -199764 0
gene 1 10 14 -545124 0 22 -545124 0
gene 3 11 14 -90672 0 23 -90672 1
gene 2 12 14 -551100 0 24 -551100 0
gene 3 1 15 -211953 0 25 -211953 1
gene 2 2 15 -577122 0 26 -577122 1
gene 4 3 15 -61206 0 27 -61206 0
gene 2 4 15 2949 0 28 2949 0
gene 2 5 15 -230304 0 29 -230304 1
gene 1 6 15 -82416 0 30 -82416 1
gene 4 7 15 -492351 0 31 -492351 0
gene 2 8 15 102714 0 32 102714 0
gene 2 9 15 -702171 0 33 -702171 1
gene 1 10 15 -119556 0 34 -119556 0
gene 3 11 15 -56748 0 35 -56748 0
gene 1 12 15 -531834 0 36 -531834 1
gene 4 3 71 182496 0 201 182496 0
gene 3 71 14 66609 0 202 66609 0
gene 1 13 13 481707 1 248 481707 1
gene 2 13 15 -38829 0 413 -38829 1
gene 4 10 71 -368952 0 454 -368952 1
gene 1 7 71 112851 0 542 112851 0
gene 4 8 71 -301005 0 717 -301005 1
gene 4 71 71 259224 1 769 259224 0
gene 4 3 289 240901 0 858 240901 0
gene 4 289 15 -227040 0 859 -227040 1
gene 2 289 14 -82056 0 897 -82056 1
gene 4 3 317 70893 0 942 70893 0
gene 4 317 289 410985 0 943 410985 1
gene 2 8 368 -488970 0 1081 -488970 0
gene 2 368 15 -139779 0 1082 -139779 0
gene 1 2 381 -199296 0 1117 -199296 1
gene 2 381 14 85683 0 1118 85683 1
gene 4 3 394 373206 0 1159 373206 0
gene 4 394 71 796245 0 1160 796245 1
gene 4 1 394 425964 0 1362 425964 1
gene 2 3 473 370491 0 1405 370491 1
gene 2 473 13 516999 0 1406 516999 1
gene 1 10 490 -101229 0 1456 -101229 1
gene 1 490 14 739415 0 1457 739415 1
gene 3 13 289 -800000 0 1591 -800000 1
gene 4 71 568 -273843 1 1699 -273843 1
gene 4 568 71 78909 0 1700 78909 0
gene 3 568 15 -321432 0 1754 -321432 1
gene 3 289 394 233388 0 1809 233388 0
gene 4 568 647 -103617 0 1948 -103617 1
gene 4 647 71 636258 0 1949 636258 0
gene 1 7 686 531042 0 2069 531042 1
gene 1 686 71 96333 0 2070 96333 1
gene 3 71 704 -800000 0 2122 -800000 1
gene 3 704 14 685704 0 2123 685704 1
gene 3 289 760 -396639 0 2296 -396639 1
gene 3 760 394 -245328 0 2297 -245328 1
gene 4 368 394 -764015 0 2326 -764015 0
gene 2 10 289 -433191 0 2376 -433191 1
gene 4 3 834 124509 0 2518 124509 1
gene 4 834 317 -396108 0 2519 -396108 1
gene 2 12 877 44748 0 2634 44748 0
gene 2 877 14 -242415 0 2635 -242415 1
gene 2 4 886 -97071 0 2665 -97071 1
gene 2 886 15 -19419 0 2666 -19419 0
gene 2 5 948 -678120 0 2855 -678120 0
gene 2 948 13 488634 0 2856 488634 0
gene 2 877 877 -177792 1 2903 -177792 1
gene 4 7 996 -504536 0 2996 -504536 1
gene 1 996 13 117159 0 2997 117159 1
gene 3 7 1018 -745335 0 3054 -745335 1
gene 4 1018 15 800000 0 3055 800000 1
gene 1 4 1030 -800000 0 3100 -800000 1
gene 1 1030 14 -485538 0 3101 -485538 1
gene 3 568 568 -175116 1 3154 -175116 1
gene 2 5 1107 -800000 0 3308 -800000 1
gene 2 1107 948 18699 0 3309 18699 1
gene 4 686 686 532980 1 3352 532980 1
gene 3 996 490 14445 0 3408 14445 1
gene 3 996 996 -195138 1 3624 -195138 0
gene 3 381 381 15099 1 3767 15099 1
gene 4 3 1283 408357 0 3832 408357 0
gene 4 1283 394 -236553 0 3833 -236553 1
gene 2 8 1318 188721 0 3932 188721 1
gene 2 1318 368 164625 0 3933 164625 1
gene 4 3 1334 -161883 0 3987 -161883 1
gene 4 1334 1283 -800000 0 3988 -800000 1
gene 3 6 1348 116592 0 4030 116592 1
gene 3 1348 13 702459 0 4031 702459 1
gene 3 11 1396 -6144 0 4170 -6144 1
gene 3 1396 15 -243693 0 4171 -243693 1
gene 2 948 1501 9204 0 4488 9204 0
gene 2 1501 13 -800000 0 4489 -800000 1
gene 2 948 1604 -215106 0 4780 -215106 1
gene 2 1604 1501 800000 0 4781 800000 1
gene 4 490 317 149625 0 4926 149625 0
gene 3 996 1683 -513384 1 5017 -513384 1
gene 3 1683 996 471243 0 5018 471243 1
gene 2 368 1699 745326 0 5067 745326 1
gene 2 1699 15 -800000 0 5068 -800000 0
gene 4 8 1396 -145503 0 5249 -145503 1
gene 2 886 1811 707397 0 5389 707397 1
gene 2 1811 15 243123 0 5390 243123 1
gene 3 12 1862 36228 0 5541 36228 1
gene 3 1862 13 800000 0 5542 800000 0
gene 3 2 1862 -85437 0 5583 -85437 1
gene 4 490 1886 -20106 0 5624 -20106 1
gene 4 1886 317 106317 0 5625 106317 1
gene 4 368 1902 268842 0 5673 268842 1
gene 4 1902 394 71298 0 5674 71298 1
gene 3 1501 686 275226 0 5725 275226 1
gene 2 10 2048 -21864 0 6086 -21864 1
gene 2 2048 13 193323 0 6087 193323 1
gene 2 12 2063 -452544 0 6128 -452544 1
gene 2 2063 877 160533 0 6129 160533 1
gene 1 473 14 536082 0 6174 536082 1
gene 2 1699 2095 224349 0 6227 224349 1
gene 2 2095 15 -41655 0 6228 -41655 1
gene 4 7 886 245820 0 6279 245820 0
gene 4 647 2127 132609 0 6325 132609 1
gene 4 2127 71 -40179 0 6326 -40179 1
gene 4 7 2183 -233724 0 6481 -233724 1
gene 4 2183 886 -472941 0 6482 -472941 1
gene 1 1902 71 -107799 0 6516 -107799 1
gene 3 368 647 185100 0 6641 185100 1
gene 4 1018 13 55548 0 6771 55548 0
gene 4 1018 2301 181899 0 6820 181899 1
gene 4 2301 13 191028 0 6821 191028 1
gene 3 1862 2314 265557 0 6863 265557 1
gene 3 2314 13 135576 0 6864 135576 1
gene 2 9 2413 -152676 0 7148 -152676 1
gene 2 2413 14 12723 0 7149 12723 1
gene 1 10 2426 -351521 0 7187 -351521 1
gene 1 2426 15 94611 0 7188 94611 1
gene 4 1811 1348 -499320 0 7267 -499320 1
gene 1 2095 834 51844 0 7511 51844 1
genomeend 66


