/* Organism #6 Fitness: 280.000000 Time: 0 */
/* Position #6*/
#1 x: 34 y: 23
#2 x: 63 y: 35
#3 x: 44 y: 37
#4 x: 71 y: 70
#5 x: 43 y: 78
#6 x: 65 y: 77
genomestart 6
trait 1 1.000000 0.000000 0.000000 0.000000 0.000000 0.000000 0.000000 0.000000 trait 2 2.000000 0.000000 0.000000 0.000000 0.000000 0.000000 0.000000 0.000000 trait 3 3.000000 0.000000 0.000000 0.000000 0.000000 0.000000 0.000000 0.000000 trait 4 4.000000 0.000000 0.000000 0.000000 0.000000 0.000000 0.000000 0.000000 node 1 4 1 3
node 2 4 1 1
node 3 2 1 1
node 4 2 1 1
node 5 1 1 1
node 6 4 1 1
node 7 1 1 1
node 8 1 1 1
node 9 3 1 1
node 10 3 1 1
node 11 2 1 1
node 12 2 1 1
node 13 3 0 2
node 14 1 0 2
node 15 4 0 2
node 61 1 0 0
gene 4 1 13 -227840 0 1 -227840 1
gene 3 2 13 -261375 0 2 -261375 1
gene 1 3 13 -284058 0 3 -284058 1
gene 3 4 13 -235350 0 4 -235350 1
gene 4 5 13 200524 0 5 200524 1
gene 3 6 13 40197 0 6 40197 1
gene 4 7 13 -446753 0 7 -446753 1
gene 3 8 13 -222672 0 8 -222672 1
gene 3 9 13 18974 0 9 18974 1
gene 1 10 13 -89703 0 10 -89703 1
gene 1 11 13 431082 0 11 431082 1
gene 4 12 13 -437691 0 12 -437691 1
gene 3 1 14 221338 0 13 221338 1
gene 3 2 14 -352886 0 14 -352886 1
gene 1 3 14 -95794 0 15 -95794 1
gene 3 4 14 453154 0 16 453154 1
gene 2 5 14 -191413 0 17 -191413 1
gene 1 6 14 -493996 0 18 -493996 1
gene 4 7 14 -116902 0 19 -116902 1
gene 3 8 14 -147780 0 20 -147780 1
gene 4 9 14 302583 0 21 302583 1
gene 4 10 14 3566 0 22 3566 1
gene 4 11 14 -237690 0 23 -237690 1
gene 3 12 14 3135 0 24 3135 1
gene 3 1 15 309222 0 25 309222 1
gene 4 2 15 -110221 0 26 -110221 1
gene 1 3 15 -285418 0 27 -285418 1
gene 2 4 15 -371521 0 28 -371521 1
gene 4 5 15 -544386 0 29 -544386 1
gene 4 6 15 256236 0 30 256236 1
gene 3 7 15 315600 0 31 315600 0
gene 2 8 15 -223101 0 32 -223101 1
gene 2 9 15 -155484 0 33 -155484 1
gene 1 10 15 -46210 0 34 -46210 1
gene 1 11 15 5851 0 35 5851 1
gene 2 12 15 37773 0 36 37773 1
gene 3 15 14 21052 0 120 21052 1
gene 3 7 61 1 0 174 0 1
gene 3 61 15 315600 0 175 0 1
gene 2 14 13 -15246 0 223 -15246 1
gene 1 9 61 9615 0 302 9615 1
genomeend 6


/* Organism #12 Fitness: 320.000000 Time: 0 */
/* Position #12*/
#1 x: 60 y: 32
#2 x: 27 y: 17
#3 x: 85 y: 19
#4 x: 26 y: 73
#5 x: 62 y: 83
#6 x: 77 y: 68
genomestart 12
trait 1 1.000000 0.000000 0.000000 0.000000 0.000000 0.000000 0.000000 0.000000 trait 2 2.000000 0.000000 0.000000 0.000000 0.000000 0.000000 0.000000 0.000000 trait 3 3.000000 71838.000000 0.000000 0.000000 13432.000000 0.000000 0.000000 0.000000 trait 4 4.000000 0.000000 0.000000 0.000000 0.000000 0.000000 0.000000 0.000000 node 1 4 1 3
node 2 4 1 1
node 3 2 1 1
node 4 2 1 1
node 5 4 1 1
node 6 3 1 1
node 7 2 1 1
node 8 2 1 1
node 9 3 1 1
node 10 3 1 1
node 11 4 1 1
node 12 4 1 1
node 13 2 0 2
node 14 4 0 2
node 15 4 0 2
node 91 1 0 0
gene 4 1 13 47896 0 1 47896 1
gene 3 2 13 27024 0 2 27024 1
gene 3 3 13 549805 0 3 549805 1
gene 3 4 13 -472819 0 4 -472819 1
gene 2 5 13 -8109 0 5 -8109 1
gene 3 6 13 485748 0 6 485748 1
gene 3 7 13 371346 0 7 371346 1
gene 1 8 13 4191 0 8 4191 1
gene 3 9 13 -725847 0 9 -725847 1
gene 2 10 13 -475935 0 10 -475935 1
gene 1 11 13 247398 0 11 247398 1
gene 2 12 13 337076 0 12 337076 1
gene 4 1 14 -129858 0 13 -129858 1
gene 1 2 14 -189545 0 14 -189545 1
gene 1 3 14 59880 0 15 59880 1
gene 3 4 14 -217092 0 16 -217092 1
gene 4 5 14 216264 0 17 216264 1
gene 4 6 14 -283152 0 18 -283152 1
gene 4 7 14 -73041 0 19 -73041 1
gene 3 8 14 286417 0 20 286417 1
gene 4 9 14 -288315 0 21 -288315 1
gene 1 10 14 -266085 0 22 -266085 1
gene 3 11 14 170254 0 23 170254 1
gene 1 12 14 235556 0 24 235556 1
gene 4 1 15 -457452 0 25 -457452 1
gene 3 2 15 463771 0 26 463771 1
gene 4 3 15 -129066 0 27 -129066 1
gene 4 4 15 -662672 0 28 -662672 0
gene 3 5 15 -800000 0 29 -800000 1
gene 1 6 15 258682 0 30 258682 1
gene 1 7 15 619245 0 31 619245 1
gene 3 8 15 237204 0 32 237204 1
gene 2 9 15 -2073 0 33 -2073 1
gene 4 10 15 449136 0 34 449136 1
gene 3 11 15 -161354 0 35 -161354 1
gene 2 12 15 -25154 0 36 -25154 1
gene 2 15 14 229519 0 149 229519 1
gene 4 4 91 1 0 267 0 1
gene 4 91 15 -662672 0 268 0 1
gene 2 3 91 -89149 0 304 -89149 1
genomeend 12


/* Organism #16 Fitness: 400.000000 Time: 0 */
/* Position #16*/
#1 x: 77 y: 33
#2 x: 50 y: 39
#3 x: 79 y: 35
#4 x: 81 y: 81
#5 x: 47 y: 66
#6 x: 39 y: 81
genomestart 16
trait 1 1.000000 0.000000 0.000000 0.000000 0.000000 0.000000 0.000000 0.000000 trait 2 2.000000 0.000000 0.000000 0.000000 0.000000 0.000000 0.000000 0.000000 trait 3 3.000000 0.000000 0.000000 0.000000 0.000000 0.000000 0.000000 0.000000 trait 4 4.000000 0.000000 0.000000 0.000000 0.000000 0.000000 0.000000 0.000000 node 1 3 1 3
node 2 2 1 1
node 3 1 1 1
node 4 3 1 1
node 5 1 1 1
node 6 3 1 1
node 7 3 1 1
node 8 3 1 1
node 9 2 1 1
node 10 3 1 1
node 11 4 1 1
node 12 1 1 1
node 13 3 0 2
node 14 2 0 2
node 15 2 0 2
node 19 1 0 0
node 26 1 0 0
node 65 1 0 0
gene 2 1 13 97221 0 1 97221 1
gene 1 2 13 189710 0 2 189710 1
gene 4 3 13 380975 0 3 380975 1
gene 3 4 13 -661803 0 4 -661803 1
gene 4 5 13 271638 0 5 271638 1
gene 1 6 13 -177766 0 6 -177766 1
gene 2 7 13 264913 0 7 264913 1
gene 2 8 13 56988 0 8 56988 1
gene 1 9 13 105882 0 9 105882 1
gene 4 10 13 116805 0 10 116805 1
gene 4 11 13 -84605 0 11 -84605 1
gene 2 12 13 -421220 0 12 -421220 1
gene 2 1 14 -420197 0 13 -420197 1
gene 2 2 14 15087 0 14 15087 1
gene 1 3 14 83160 0 15 83160 1
gene 4 4 14 -493737 0 16 -493737 1
gene 4 5 14 133563 0 17 133563 1
gene 1 6 14 28492 0 18 28492 1
gene 1 7 14 13245 0 19 13245 0
gene 2 8 14 538686 0 20 538686 1
gene 2 9 14 -487487 0 21 -487487 1
gene 1 10 14 673608 0 22 673608 1
gene 1 11 14 617632 0 23 617632 1
gene 2 12 14 -468019 0 24 -468019 1
gene 2 1 15 30954 0 25 30954 1
gene 3 2 15 -341630 0 26 -341630 1
gene 4 3 15 64296 0 27 64296 1
gene 1 4 15 212091 0 28 212091 1
gene 3 5 15 -279553 0 29 -279553 1
gene 2 6 15 177789 0 30 177789 1
gene 4 7 15 31023 0 31 31023 1
gene 4 8 15 -214415 0 32 -214415 1
gene 4 9 15 193664 0 33 193664 1
gene 1 10 15 -16348 0 34 -16348 1
gene 1 11 15 52680 0 35 52680 1
gene 1 12 15 449769 0 36 449769 0
gene 4 6 19 -177261 0 47 -177261 0
gene 4 19 15 4570 0 48 4570 1
gene 1 12 26 -261905 0 69 -261905 1
gene 1 26 15 18615 0 70 18615 1
gene 2 3 19 -373186 0 100 -373186 1
gene 4 6 65 -144981 0 192 -144981 1
gene 4 65 19 199632 0 193 199632 1
genomeend 16


/* Organism #22 Fitness: 360.000000 Time: 0 */
/* Position #22*/
#1 x: 65 y: 15
#2 x: 39 y: 16
#3 x: 41 y: 37
#4 x: 54 y: 63
#5 x: 30 y: 72
#6 x: 37 y: 83
genomestart 22
trait 1 1.000000 0.000000 0.000000 0.000000 0.000000 0.000000 0.000000 0.000000 trait 2 2.000000 0.000000 0.000000 0.000000 0.000000 0.000000 0.000000 0.000000 trait 3 3.000000 0.000000 0.000000 0.000000 0.000000 0.000000 0.000000 0.000000 trait 4 4.000000 0.000000 0.000000 0.000000 0.000000 0.000000 0.000000 0.000000 node 1 4 1 3
node 2 4 1 1
node 3 2 1 1
node 4 2 1 1
node 5 4 1 1
node 6 3 1 1
node 7 2 1 1
node 8 2 1 1
node 9 3 1 1
node 10 3 1 1
node 11 4 1 1
node 12 4 1 1
node 13 2 0 2
node 14 4 0 2
node 15 4 0 2
node 84 1 0 0
gene 4 1 13 -91464 0 1 -91464 1
gene 1 2 13 -586050 0 2 -586050 1
gene 2 3 13 -321123 0 3 -321123 1
gene 3 4 13 491103 0 4 491103 1
gene 4 5 13 137679 0 5 137679 1
gene 3 6 13 -72426 0 6 -72426 1
gene 4 7 13 169156 0 7 169156 1
gene 3 8 13 -18489 0 8 -18489 1
gene 3 9 13 50421 0 9 50421 1
gene 1 10 13 800000 0 10 800000 1
gene 1 11 13 -399033 0 11 -399033 1
gene 3 12 13 27536 0 12 27536 1
gene 3 1 14 225858 0 13 225858 1
gene 3 2 14 121656 0 14 121656 1
gene 1 3 14 -138324 0 15 -138324 1
gene 3 4 14 -164337 0 16 -164337 1
gene 2 5 14 37161 0 17 37161 1
gene 1 6 14 11136 0 18 11136 1
gene 4 7 14 -309637 0 19 -309637 1
gene 3 8 14 -43637 0 20 -43637 1
gene 4 9 14 -154284 0 21 -154284 1
gene 4 10 14 -166371 0 22 -166371 1
gene 2 11 14 -118903 0 23 -118903 1
gene 3 12 14 387938 0 24 387938 1
gene 3 1 15 -14832 0 25 -14832 1
gene 4 2 15 299937 0 26 299937 1
gene 4 3 15 695539 0 27 695539 1
gene 2 4 15 -323496 0 28 -323496 1
gene 2 5 15 89046 0 29 89046 1
gene 4 6 15 -706218 0 30 -706218 0
gene 3 7 15 -113910 0 31 -113910 1
gene 1 8 15 -100737 0 32 -100737 1
gene 2 9 15 -63849 0 33 -63849 1
gene 4 10 15 -377628 0 34 -377628 1
gene 1 11 15 271740 0 35 271740 1
gene 2 12 15 -16514 0 36 -16514 1
gene 4 6 84 1 0 247 1 1
gene 4 84 15 36405 0 248 36405 1
gene 2 4 84 93925 0 313 93925 1
genomeend 22


/* Organism #30 Fitness: 380.000000 Time: 0 */
/* Position #30*/
#1 x: 36 y: 32
#2 x: 45 y: 15
#3 x: 69 y: 35
#4 x: 71 y: 62
#5 x: 78 y: 75
#6 x: 37 y: 84
genomestart 30
trait 1 1.000000 0.000000 0.000000 0.000000 0.000000 0.000000 0.000000 0.000000 trait 2 2.000000 0.000000 0.000000 0.000000 0.000000 0.000000 0.000000 0.000000 trait 3 3.000000 0.000000 0.000000 0.000000 0.000000 0.000000 0.000000 0.000000 trait 4 4.000000 0.000000 0.000000 0.000000 0.000000 0.000000 0.000000 0.000000 node 1 4 1 3
node 2 3 1 1
node 3 3 1 1
node 4 2 1 1
node 5 2 1 1
node 6 3 1 1
node 7 1 1 1
node 8 3 1 1
node 9 2 1 1
node 10 4 1 1
node 11 4 1 1
node 12 1 1 1
node 13 4 0 2
node 14 1 0 2
node 15 2 0 2
node 17 1 0 0
node 38 1 0 0
node 53 1 0 0
gene 2 1 13 -452376 0 1 -452376 1
gene 1 2 13 -800000 0 2 -800000 1
gene 1 3 13 -118521 0 3 -118521 1
gene 2 4 13 -261591 0 4 -261591 0
gene 4 5 13 -492711 0 5 -492711 1
gene 4 6 13 -571061 0 6 -571061 1
gene 1 7 13 -46274 0 7 -46274 1
gene 1 8 13 -162963 0 8 -162963 0
gene 1 9 13 262425 0 9 262425 1
gene 3 10 13 -535533 0 10 -535533 1
gene 4 11 13 -239108 0 11 -239108 1
gene 1 12 13 41856 0 12 41856 1
gene 2 1 14 127026 0 13 127026 1
gene 4 2 14 269488 0 14 269488 1
gene 1 3 14 -260969 0 15 -260969 1
gene 4 4 14 235530 0 16 235530 1
gene 4 5 14 -676260 0 17 -676260 1
gene 3 6 14 -800000 0 18 -800000 0
gene 3 7 14 519129 0 19 519129 1
gene 4 8 14 235107 0 20 235107 1
gene 4 9 14 -171501 0 21 -171501 1
gene 4 10 14 251871 0 22 251871 1
gene 1 11 14 -226280 0 23 -226280 1
gene 1 12 14 -83295 0 24 -83295 1
gene 2 1 15 -153588 0 25 -153588 1
gene 2 2 15 -284264 0 26 -284264 1
gene 1 3 15 341148 0 27 341148 1
gene 1 4 15 220349 0 28 220349 1
gene 3 5 15 -307845 0 29 -307845 1
gene 4 6 15 507292 0 30 507292 1
gene 2 7 15 141979 0 31 141979 1
gene 1 8 15 239241 0 32 239241 1
gene 4 9 15 -96453 0 33 -96453 1
gene 3 10 15 -389919 0 34 -389919 1
gene 4 11 15 -34569 0 35 -34569 1
gene 1 12 15 17571 0 36 17571 1
gene 2 4 17 -5360 0 42 -5360 1
gene 2 17 13 -280353 0 43 -280353 1
gene 3 6 38 -163901 0 108 -163901 1
gene 3 38 14 51684 0 109 51684 1
gene 1 8 53 -205029 0 147 -205029 1
gene 1 53 13 -373089 0 148 -373089 1
genomeend 30


/* Organism #32 Fitness: 260.000000 Time: 0 */
/* Position #32*/
#1 x: 30 y: 15
#2 x: 62 y: 33
#3 x: 57 y: 29
#4 x: 44 y: 72
#5 x: 76 y: 85
#6 x: 57 y: 76
genomestart 32
trait 1 1.000000 0.000000 0.000000 0.000000 0.000000 0.000000 0.000000 0.000000 trait 2 2.000000 0.000000 0.000000 0.000000 0.000000 0.000000 0.000000 0.000000 trait 3 3.000000 0.000000 0.000000 0.000000 0.000000 0.000000 0.000000 0.000000 trait 4 4.000000 0.000000 0.000000 0.000000 0.000000 0.000000 0.000000 0.000000 node 1 4 1 3
node 2 4 1 1
node 3 1 1 1
node 4 4 1 1
node 5 2 1 1
node 6 1 1 1
node 7 2 1 1
node 8 2 1 1
node 9 4 1 1
node 10 3 1 1
node 11 4 1 1
node 12 2 1 1
node 13 3 0 2
node 14 3 0 2
node 15 3 0 2
node 22 1 0 0
node 37 1 0 0
gene 3 1 13 251381 0 1 251381 1
gene 2 2 13 175847 0 2 175847 1
gene 3 3 13 182790 0 3 182790 1
gene 3 4 13 -467204 0 4 -467204 1
gene 4 5 13 78359 0 5 78359 1
gene 4 6 13 83194 0 6 83194 1
gene 1 7 13 39551 0 7 39551 1
gene 3 8 13 -172545 0 8 -172545 1
gene 2 9 13 364236 0 9 364236 1
gene 3 10 13 -395164 0 10 -395164 1
gene 1 11 13 -49528 0 11 -49528 0
gene 1 12 13 -16223 0 12 -16223 1
gene 3 1 14 -153415 0 13 -153415 1
gene 1 2 14 20748 0 14 20748 1
gene 1 3 14 138819 0 15 138819 1
gene 1 4 14 147073 0 16 147073 1
gene 2 5 14 245984 0 17 245984 0
gene 1 6 14 -136173 0 18 -136173 1
gene 2 7 14 41236 0 19 41236 1
gene 4 8 14 251464 0 20 251464 1
gene 1 9 14 337503 0 21 337503 1
gene 2 10 14 21762 0 22 21762 1
gene 3 11 14 75860 0 23 75860 1
gene 1 12 14 -219423 0 24 -219423 1
gene 2 1 15 42957 0 25 42957 1
gene 4 2 15 -393642 0 26 -393642 1
gene 4 3 15 -351132 0 27 -351132 1
gene 3 4 15 40521 0 28 40521 1
gene 2 5 15 -220750 0 29 -220750 1
gene 4 6 15 -314021 0 30 -314021 1
gene 2 7 15 14217 0 31 14217 1
gene 1 8 15 -379929 0 32 -379929 1
gene 1 9 15 11838 0 33 11838 1
gene 3 10 15 -475562 0 34 -475562 1
gene 3 11 15 175584 0 35 175584 1
gene 1 12 15 124386 0 36 124386 1
gene 2 5 22 -459141 0 55 -459141 1
gene 2 22 14 -86052 0 56 -86052 1
gene 4 7 22 231267 0 77 231267 1
gene 1 11 37 97507 0 106 97507 1
gene 1 37 13 569111 0 107 569111 1
gene 3 8 22 47658 0 144 47658 1
gene 3 2 37 -95858 0 214 -95858 1
genomeend 32


/* Organism #34 Fitness: 300.000000 Time: 0 */
/* Position #34*/
#1 x: 34 y: 38
#2 x: 77 y: 37
#3 x: 36 y: 35
#4 x: 53 y: 72
#5 x: 34 y: 68
#6 x: 69 y: 63
genomestart 34
trait 1 1.000000 0.000000 0.000000 0.000000 0.000000 0.000000 0.000000 0.000000 trait 2 2.000000 0.000000 0.000000 0.000000 0.000000 0.000000 0.000000 0.000000 trait 3 3.000000 0.000000 0.000000 0.000000 0.000000 0.000000 0.000000 0.000000 trait 4 4.000000 0.000000 0.000000 0.000000 0.000000 0.000000 0.000000 0.000000 node 1 4 1 3
node 2 3 1 1
node 3 3 1 1
node 4 2 1 1
node 5 2 1 1
node 6 3 1 1
node 7 1 1 1
node 8 3 1 1
node 9 2 1 1
node 10 4 1 1
node 11 4 1 1
node 12 1 1 1
node 13 4 0 2
node 14 1 0 2
node 15 2 0 2
node 89 1 0 0
gene 2 1 13 555870 0 1 555870 1
gene 1 2 13 -413767 0 2 -413767 1
gene 1 3 13 28072 0 3 28072 1
gene 2 4 13 228637 0 4 228637 1
gene 4 5 13 147244 0 5 147244 1
gene 4 6 13 -547729 0 6 -547729 1
gene 1 7 13 -462805 0 7 -462805 1
gene 1 8 13 -30946 0 8 -30946 0
gene 1 9 13 -530386 0 9 -530386 1
gene 3 10 13 -400036 0 10 -400036 1
gene 4 11 13 -156062 0 11 -156062 1
gene 1 12 13 -265587 0 12 -265587 1
gene 2 1 14 -147009 0 13 -147009 1
gene 4 2 14 268962 0 14 268962 1
gene 1 3 14 -45204 0 15 -45204 1
gene 4 4 14 -335073 0 16 -335073 1
gene 4 5 14 -474592 0 17 -474592 1
gene 3 6 14 -280729 0 18 -280729 1
gene 3 7 14 217227 0 19 217227 1
gene 4 8 14 -311859 0 20 -311859 1
gene 4 9 14 -322689 0 21 -322689 1
gene 4 10 14 736222 0 22 736222 1
gene 1 11 14 -115418 0 23 -115418 1
gene 1 12 14 -159691 0 24 -159691 1
gene 2 1 15 -285963 0 25 -285963 1
gene 2 2 15 -274686 0 26 -274686 1
gene 1 3 15 32188 0 27 32188 1
gene 1 4 15 227712 0 28 227712 1
gene 3 5 15 -296327 0 29 -296327 1
gene 4 6 15 645476 0 30 645476 1
gene 2 7 15 -161174 0 31 -161174 1
gene 1 8 15 101356 0 32 101356 1
gene 4 9 15 107294 0 33 107294 1
gene 3 10 15 237498 0 34 237498 1
gene 4 11 15 -73869 0 35 -73869 1
gene 1 12 15 288408 0 36 288408 1
gene 2 15 13 18376 0 176 9188 1
gene 1 8 89 1 0 259 0 1
gene 1 89 13 -30946 0 260 0 1
gene 3 5 89 25793 0 326 25793 1
genomeend 34


/* Organism #38 Fitness: 380.000000 Time: 0 */
/* Position #38*/
#1 x: 57 y: 38
#2 x: 50 y: 18
#3 x: 76 y: 21
#4 x: 24 y: 74
#5 x: 23 y: 62
#6 x: 59 y: 66
genomestart 38
trait 1 1.000000 0.000000 0.000000 0.000000 0.000000 0.000000 0.000000 0.000000 trait 2 2.000000 0.000000 0.000000 0.000000 0.000000 0.000000 0.000000 0.000000 trait 3 3.000000 0.000000 0.000000 0.000000 0.000000 0.000000 0.000000 0.000000 trait 4 68181.000000 42399.000000 0.000000 54681.000000 0.000000 0.000000 0.000000 0.000000 node 1 1 1 3
node 2 2 1 1
node 3 1 1 1
node 4 3 1 1
node 5 4 1 1
node 6 3 1 1
node 7 4 1 1
node 8 3 1 1
node 9 3 1 1
node 10 4 1 1
node 11 3 1 1
node 12 3 1 1
node 13 2 0 2
node 14 1 0 2
node 15 1 0 2
node 110 1 0 0
gene 1 1 13 491103 0 1 491103 1
gene 4 2 13 -800000 0 2 -800000 1
gene 1 3 13 -404781 0 3 -404781 1
gene 2 4 13 -585663 0 4 -585663 1
gene 1 5 13 -750479 0 5 -750479 1
gene 4 6 13 288118 0 6 288118 1
gene 2 7 13 -422305 0 7 -422305 1
gene 4 8 13 177428 0 8 177428 1
gene 4 9 13 8893 0 9 8893 1
gene 2 10 13 61854 0 10 61854 1
gene 2 11 13 -201104 0 11 -201104 1
gene 3 12 13 -353566 0 12 -353566 1
gene 1 1 14 393864 0 13 393864 1
gene 4 2 14 300063 0 14 300063 0
gene 3 3 14 1246 0 15 1246 1
gene 3 4 14 -155166 0 16 -155166 1
gene 2 5 14 251813 0 17 251813 1
gene 3 6 14 -102885 0 18 -102885 1
gene 3 7 14 244019 0 19 244019 1
gene 4 8 14 -422895 0 20 -422895 1
gene 4 9 14 -130020 0 21 -130020 1
gene 1 10 14 -401422 0 22 -401422 1
gene 4 11 14 800000 0 23 800000 1
gene 1 12 14 313524 0 24 313524 1
gene 4 1 15 643175 0 25 643175 1
gene 3 2 15 797702 0 26 797702 1
gene 3 3 15 -387870 0 27 -387870 1
gene 2 4 15 85438 0 28 85438 1
gene 4 5 15 224469 0 29 224469 1
gene 1 6 15 -276288 0 30 -276288 1
gene 4 7 15 120779 0 31 120779 1
gene 4 8 15 562305 0 32 562305 1
gene 4 9 15 161901 0 33 161901 1
gene 2 10 15 -59769 0 34 -59769 1
gene 2 11 15 -233940 0 35 -233940 1
gene 3 12 15 -447808 0 36 -447808 1
gene 4 2 110 1 0 328 0 1
gene 4 110 14 300063 0 329 0 1
genomeend 38


/* Organism #44 Fitness: 300.000000 Time: 0 */
/* Position #44*/
#1 x: 80 y: 27
#2 x: 43 y: 38
#3 x: 68 y: 24
#4 x: 59 y: 68
#5 x: 42 y: 70
#6 x: 45 y: 64
genomestart 44
trait 1 1.000000 0.000000 0.000000 0.000000 0.000000 0.000000 0.000000 0.000000 trait 2 2.000000 0.000000 0.000000 0.000000 0.000000 0.000000 0.000000 0.000000 trait 3 3.000000 0.000000 0.000000 0.000000 0.000000 0.000000 0.000000 0.000000 trait 4 4.000000 0.000000 0.000000 0.000000 0.000000 0.000000 0.000000 0.000000 node 1 4 1 3
node 2 4 1 1
node 3 2 1 1
node 4 2 1 1
node 5 3 1 1
node 6 4 1 1
node 7 1 1 1
node 8 1 1 1
node 9 3 1 1
node 10 3 1 1
node 11 2 1 1
node 12 2 1 1
node 13 3 0 2
node 14 1 0 2
node 15 4 0 2
gene 4 1 13 -52694 0 1 -52694 1
gene 3 2 13 -749238 0 2 -749238 1
gene 1 3 13 -461142 0 3 -461142 1
gene 3 4 13 -599697 0 4 -599697 1
gene 4 5 13 -76499 0 5 -76499 1
gene 3 6 13 -9039 0 6 -9039 1
gene 4 7 13 -262121 0 7 -262121 1
gene 3 8 13 504696 0 8 504696 1
gene 3 9 13 -61996 0 9 -61996 1
gene 1 10 13 -121185 0 10 -121185 1
gene 1 11 13 663729 0 11 663729 1
gene 4 12 13 -391614 0 12 -391614 1
gene 3 1 14 98188 0 13 98188 1
gene 3 2 14 -800000 0 14 -800000 1
gene 1 3 14 448895 0 15 448895 1
gene 3 4 14 494299 0 16 494299 1
gene 2 5 14 -800000 0 17 -800000 1
gene 1 6 14 -800000 0 18 -800000 1
gene 4 7 14 -64486 0 19 -64486 1
gene 3 8 14 -13287 0 20 -13287 1
gene 4 9 14 -100494 0 21 -100494 1
gene 4 10 14 231671 0 22 231671 1
gene 4 11 14 470886 0 23 470886 1
gene 3 12 14 -19632 0 24 -19632 1
gene 3 1 15 697331 0 25 697331 1
gene 4 2 15 655691 0 26 655691 1
gene 1 3 15 -295768 0 27 -295768 1
gene 2 4 15 -356356 0 28 -356356 1
gene 4 5 15 -92451 0 29 -92451 1
gene 4 6 15 66900 0 30 66900 1
gene 3 7 15 182562 0 31 182562 1
gene 2 8 15 -755298 0 32 -755298 1
gene 2 9 15 -472059 0 33 -472059 1
gene 1 10 15 -277680 0 34 -277680 1
gene 1 11 15 -15344 0 35 -15344 1
gene 2 12 15 -49194 0 36 -49194 1
gene 3 15 14 680104 0 120 680104 1
gene 2 14 13 244028 0 199 244028 1
gene 1 15 13 212877 0 212 212877 1
genomeend 44


/* Organism #48 Fitness: 300.000000 Time: 0 */
/* Position #48*/
#1 x: 15 y: 24
#2 x: 85 y: 17
#3 x: 67 y: 21
#4 x: 80 y: 62
#5 x: 22 y: 66
#6 x: 22 y: 63
genomestart 48
trait 1 1.000000 0.000000 0.000000 0.000000 35801.000000 0.000000 0.000000 58487.000000 trait 2 2.000000 0.000000 0.000000 0.000000 0.000000 0.000000 0.000000 0.000000 trait 3 3.000000 0.000000 0.000000 0.000000 0.000000 0.000000 0.000000 0.000000 trait 4 4.000000 0.000000 0.000000 0.000000 0.000000 0.000000 0.000000 0.000000 node 1 4 1 3
node 2 4 1 1
node 3 1 1 1
node 4 4 1 1
node 5 2 1 1
node 6 1 1 1
node 7 2 1 1
node 8 2 1 1
node 9 4 1 1
node 10 3 1 1
node 11 4 1 1
node 12 2 1 1
node 13 3 0 2
node 14 3 0 2
node 15 3 0 2
node 22 1 0 0
node 86 1 0 0
node 112 1 0 0
gene 3 1 13 455826 0 1 455826 1
gene 2 2 13 135369 0 2 135369 1
gene 3 3 13 361587 0 3 361587 1
gene 3 4 13 -92457 0 4 -92457 1
gene 4 5 13 -218278 0 5 -218278 1
gene 4 6 13 -267561 0 6 -267561 1
gene 1 7 13 190697 0 7 190697 1
gene 3 8 13 537440 0 8 537440 1
gene 2 9 13 -225519 0 9 -225519 1
gene 3 10 13 -227979 0 10 -227979 1
gene 1 11 13 -15564 0 11 -15564 1
gene 1 12 13 -166844 0 12 -166844 1
gene 3 1 14 -599385 0 13 -599385 1
gene 1 2 14 36207 0 14 36207 0
gene 1 3 14 -390588 0 15 -390588 1
gene 1 4 14 116307 0 16 116307 1
gene 2 5 14 122448 0 17 122448 0
gene 1 6 14 325328 0 18 325328 0
gene 2 7 14 198309 0 19 198309 1
gene 4 8 14 739102 0 20 739102 1
gene 1 9 14 83727 0 21 83727 1
gene 2 10 14 427533 0 22 427533 1
gene 3 11 14 -257574 0 23 -257574 1
gene 1 12 14 91629 0 24 91629 1
gene 2 1 15 -791340 0 25 -791340 1
gene 4 2 15 399840 0 26 399840 1
gene 4 3 15 48519 0 27 48519 1
gene 3 4 15 232062 0 28 232062 1
gene 2 5 15 -38569 0 29 -38569 1
gene 4 6 15 89976 0 30 89976 1
gene 2 7 15 124092 0 31 124092 1
gene 1 8 15 -64530 0 32 -64530 1
gene 1 9 15 292002 0 33 292002 1
gene 3 10 15 -336971 0 34 -336971 1
gene 3 11 15 -256446 0 35 -256446 1
gene 1 12 15 111135 0 36 111135 1
gene 2 5 22 -493286 0 55 -493286 1
gene 2 22 14 379205 0 56 379205 1
gene 1 2 86 163393 0 251 163393 1
gene 1 86 14 339621 0 252 339621 1
gene 1 6 112 1 0 334 0 1
gene 1 112 14 325328 0 335 0 1
genomeend 48


/* Organism #50 Fitness: 260.000000 Time: 0 */
/* Position #50*/
#1 x: 62 y: 26
#2 x: 55 y: 27
#3 x: 42 y: 30
#4 x: 32 y: 69
#5 x: 17 y: 81
#6 x: 45 y: 84
genomestart 50
trait 1 1.000000 0.000000 0.000000 0.000000 0.000000 0.000000 0.000000 0.000000 trait 2 2.000000 0.000000 0.000000 0.000000 0.000000 0.000000 0.000000 0.000000 trait 3 3.000000 0.000000 0.000000 0.000000 0.000000 0.000000 0.000000 0.000000 trait 4 4.000000 0.000000 0.000000 0.000000 0.000000 0.000000 0.000000 0.000000 node 1 4 1 3
node 2 4 1 1
node 3 2 1 1
node 4 2 1 1
node 5 1 1 1
node 6 4 1 1
node 7 1 1 1
node 8 1 1 1
node 9 3 1 1
node 10 3 1 1
node 11 2 1 1
node 12 2 1 1
node 13 3 0 2
node 14 1 0 2
node 15 4 0 2
gene 4 1 13 -413885 0 1 -413885 1
gene 3 2 13 -80454 0 2 -80454 1
gene 1 3 13 -659352 0 3 -659352 1
gene 3 4 13 -550410 0 4 -550410 1
gene 4 5 13 -519245 0 5 -519245 1
gene 3 6 13 93633 0 6 93633 1
gene 4 7 13 85546 0 7 85546 1
gene 3 8 13 -800000 0 8 -800000 1
gene 3 9 13 -231514 0 9 -231514 1
gene 1 10 13 -90702 0 10 -90702 1
gene 1 11 13 602723 0 11 602723 1
gene 4 12 13 -420435 0 12 -420435 1
gene 3 1 14 -428522 0 13 -428522 1
gene 3 2 14 -628331 0 14 -628331 1
gene 1 3 14 -224500 0 15 -224500 1
gene 3 4 14 347686 0 16 347686 1
gene 2 5 14 -777967 0 17 -777967 1
gene 1 6 14 -307645 0 18 -307645 1
gene 4 7 14 -151642 0 19 -151642 1
gene 3 8 14 -282723 0 20 -282723 1
gene 4 9 14 -182463 0 21 -182463 1
gene 4 10 14 521315 0 22 521315 1
gene 4 11 14 383115 0 23 383115 1
gene 3 12 14 -70695 0 24 -70695 1
gene 3 1 15 492177 0 25 492177 1
gene 4 2 15 506441 0 26 506441 1
gene 1 3 15 -327655 0 27 -327655 1
gene 2 4 15 -500179 0 28 -500179 1
gene 4 5 15 -402287 0 29 -402287 1
gene 4 6 15 -237525 0 30 -237525 1
gene 3 7 15 -24624 0 31 -24624 1
gene 2 8 15 -160407 0 32 -160407 1
gene 2 9 15 -563307 0 33 -563307 1
gene 1 10 15 50144 0 34 50144 1
gene 1 11 15 -420578 0 35 -420578 1
gene 3 12 15 256203 0 36 256203 1
gene 3 15 14 290827 0 120 290827 1
gene 2 14 13 -63777 0 199 -63777 1
genomeend 50


