/* Organism #1 Fitness: 270.000000 Time: 0 */
/* Position #1*/
#1 x: 36 y: 21
#2 x: 31 y: 21
#3 x: 52 y: 33
#4 x: 18 y: 66
#5 x: 51 y: 74
#6 x: 16 y: 66
genomestart 1
trait 1 72108.000000 99977.000000 63730.000000 0.000000 0.000000 0.000000 87908.000000 0.000000 trait 2 32324.000000 35835.000000 0.000000 0.000000 0.000000 4495.000000 0.000000 0.000000 trait 3 0.000000 0.000000 0.000000 51304.000000 0.000000 13538.000000 70969.000000 30146.000000 trait 4 12195.000000 0.000000 100000.000000 100000.000000 20285.000000 79555.000000 34921.000000 0.000000 node 1 4 1 3
node 2 4 1 1
node 3 1 1 1
node 4 1 1 1
node 5 1 1 1
node 6 3 1 1
node 7 4 1 1
node 8 4 1 1
node 9 4 1 1
node 10 3 1 1
node 11 2 1 1
node 12 4 1 1
node 13 2 0 2
node 14 1 0 2
node 15 3 0 2
node 121 1 0 0
node 235 1 0 0
node 384 1 0 0
node 420 1 0 0
node 433 1 0 0
node 461 1 0 0
node 500 1 0 0
node 516 1 0 0
node 697 1 0 0
node 1018 1 0 0
node 1130 1 0 0
node 1323 3 0 0
node 1393 1 0 0
node 1479 1 0 0
node 1531 4 0 0
node 1683 1 0 0
node 1735 1 0 0
node 1875 1 0 0
node 1975 3 0 0
node 2022 1 0 0
node 2179 1 0 0
node 2261 1 0 0
node 2302 1 0 0
node 2334 1 0 0
node 2442 1 0 0
node 2464 1 0 0
node 2786 1 0 0
node 2800 1 0 0
gene 2 1 13 207258 0 1 207258 1
gene 3 2 13 116346 0 2 116346 1
gene 2 3 13 -667782 0 3 -667782 0
gene 3 4 13 -800000 0 4 -800000 1
gene 2 5 13 -148319 0 5 -148319 1
gene 4 6 13 -161382 0 6 -161382 1
gene 3 7 13 -105906 0 7 -105906 1
gene 2 8 13 -635013 0 8 -635013 0
gene 3 9 13 -800000 0 9 -800000 1
gene 2 10 13 800000 0 10 800000 1
gene 2 11 13 251889 0 11 251889 1
gene 4 12 13 18609 0 12 18609 1
gene 2 1 14 -513179 0 13 -513179 1
gene 2 2 14 -25515 0 14 -25515 1
gene 4 3 14 -191040 0 15 -191040 0
gene 4 4 14 -378783 0 16 -378783 0
gene 4 5 14 -748068 0 17 -748068 1
gene 3 6 14 -231135 0 18 -231135 0
gene 2 7 14 31110 0 19 31110 1
gene 1 8 14 -314913 0 20 -314913 0
gene 3 9 14 40563 0 21 40563 1
gene 1 10 14 800000 0 22 800000 1
gene 1 11 14 290703 0 23 290703 1
gene 4 12 14 -462792 0 24 -462792 1
gene 3 1 15 -275196 0 25 -275196 1
gene 3 2 15 -221736 0 26 -221736 1
gene 3 3 15 120537 0 27 120537 0
gene 3 4 15 -174345 0 28 -174345 1
gene 3 5 15 14703 0 29 14703 1
gene 1 6 15 764306 0 30 764306 0
gene 3 7 15 -166707 0 31 -166707 0
gene 3 8 15 -312900 0 32 -312900 1
gene 3 9 15 640968 0 33 640968 1
gene 3 10 15 -800000 0 34 -800000 0
gene 2 11 15 146718 0 35 146718 1
gene 4 12 15 509667 0 36 509667 0
gene 4 15 15 -54291 1 174 -54291 0
gene 3 8 121 102834 0 329 102834 0
gene 3 121 15 199587 0 330 199587 1
gene 2 5 121 -731172 0 438 -731172 1
gene 2 7 121 542919 0 483 542919 1
gene 4 4 235 800000 0 666 800000 1
gene 4 235 14 186624 0 667 186624 1
gene 1 1 235 347177 0 753 347177 1
gene 1 9 235 32796 0 1108 32796 1
gene 3 10 384 -493950 0 1126 -493950 1
gene 3 384 15 -313923 0 1127 -313923 0
gene 2 14 14 140670 1 1197 140670 1
gene 3 7 420 -558615 0 1239 -558615 1
gene 3 420 15 -79500 0 1240 -79500 1
gene 3 2 433 305298 0 1284 305298 0
gene 3 433 13 -337764 0 1285 -337764 0
gene 4 3 461 -167454 0 1352 -167454 1
gene 4 461 14 -300402 0 1353 -300402 1
gene 4 15 500 -697185 1 1453 -697185 1
gene 4 500 15 19302 0 1454 19302 0
gene 1 8 516 -338250 0 1500 -338250 1
gene 1 516 14 800000 0 1501 800000 1
gene 1 384 121 312150 0 1548 312150 1
gene 2 8 461 -669366 0 1965 -669366 1
gene 3 3 697 -295452 0 2038 -295452 1
gene 2 697 15 -531909 0 2039 -531909 0
gene 2 1 500 -258006 0 2133 -258006 1
gene 1 3 433 198021 0 2628 198021 0
gene 1 516 516 24018 1 2664 24018 1
gene 3 8 1018 -666776 0 2997 -666776 1
gene 3 1018 121 550245 0 2998 550245 0
gene 3 15 433 -18051 0 3156 -18051 1
gene 1 10 1130 -56085 0 3329 -56085 1
gene 1 1130 14 800000 0 3330 800000 1
gene 3 500 697 135369 0 3371 135369 1
gene 2 3 516 636743 0 3603 636743 1
gene 2 9 1323 -256485 0 3885 -256485 1
gene 2 1323 14 327798 0 3886 327798 0
gene 2 121 420 -320068 0 3959 -320068 1
gene 2 8 1393 524907 0 4093 524907 1
gene 2 1393 13 641724 0 4094 641724 1
gene 1 11 1479 -106356 0 4325 -106356 1
gene 1 1479 14 -800000 0 4326 -800000 1
gene 4 12 1531 16224 0 4477 16224 1
gene 4 1531 15 148203 0 4478 148203 0
gene 3 1393 433 -475080 0 4734 -475080 1
gene 2 1323 1683 -337221 0 4950 -337221 1
gene 2 1683 14 261303 0 4951 261303 0
gene 3 6 1735 -618390 0 5103 -618390 1
gene 3 1735 14 551390 0 5104 551390 0
gene 1 5 516 -408633 0 5346 -408633 1
gene 1 516 433 336930 0 5443 336930 1
gene 3 2 1875 -306495 0 5505 -306495 1
gene 3 1875 433 -177330 0 5506 -177330 1
gene 1 1683 461 420228 0 5687 420228 1
gene 1 6 1975 800000 0 5780 800000 1
gene 1 1975 15 54326 0 5781 54326 1
gene 4 1531 2022 132168 0 5905 132168 1
gene 2 2022 15 -486246 0 5906 -486246 1
gene 3 121 1875 -460824 0 5987 -460824 0
gene 1 1683 1393 137142 0 6232 137142 1
gene 4 500 2179 -601140 0 6351 -601140 1
gene 4 2179 15 -556803 0 6352 -556803 1
gene 2 3 2261 124575 0 6595 124575 1
gene 2 2261 13 -254169 0 6596 -254169 1
gene 2 2179 2179 800000 1 6640 800000 1
gene 2 697 2302 2685 0 6716 2685 1
gene 2 2302 15 -246672 0 6717 -246672 1
gene 3 433 2334 574233 0 6803 574233 1
gene 3 2334 13 446862 0 6804 446862 1
gene 1 1323 516 552570 0 6933 552570 1
gene 3 121 2442 -97035 0 7121 -97035 1
gene 3 2442 1875 27357 0 7122 27357 1
gene 2 1683 2464 292431 0 7197 292431 1
gene 2 2464 14 -57846 0 7198 -57846 1
gene 4 5 697 15087 0 7243 15087 1
gene 4 461 2464 -26937 0 7472 -26937 1
gene 1 2 1323 800000 0 7521 800000 1
gene 3 500 13 390311 0 7821 390311 1
gene 4 1323 1323 -8055 1 7960 -8055 1
gene 4 3 2786 -62750 0 8132 -62750 1
gene 4 2786 14 -122814 0 8133 -122814 1
gene 1 3 2800 -102545 0 8170 -102545 1
gene 1 2800 433 -84606 0 8171 -84606 1
gene 4 1531 14 -101955 0 8218 -101955 1
gene 1 2464 2464 3666 1 8265 3666 1
gene 4 7 2022 11440 0 8474 11440 1
genomeend 1


/* Organism #6 Fitness: 270.000000 Time: 0 */
/* Position #6*/
#1 x: 44 y: 26
#2 x: 37 y: 15
#3 x: 56 y: 38
#4 x: 50 y: 60
#5 x: 41 y: 65
#6 x: 44 y: 80
genomestart 6
trait 1 100000.000000 16300.000000 0.000000 0.000000 45600.000000 0.000000 0.000000 0.000000 trait 2 2.000000 0.000000 0.000000 0.000000 83586.000000 0.000000 76024.000000 27694.000000 trait 3 0.000000 0.000000 0.000000 0.000000 0.000000 13538.000000 70969.000000 0.000000 trait 4 0.000000 0.000000 11440.000000 97211.000000 0.000000 18241.000000 2888.000000 100000.000000 node 1 4 1 3
node 2 4 1 1
node 3 1 1 1
node 4 1 1 1
node 5 1 1 1
node 6 2 1 1
node 7 4 1 1
node 8 4 1 1
node 9 2 1 1
node 10 1 1 1
node 11 1 1 1
node 12 4 1 1
node 13 2 0 2
node 14 1 0 2
node 15 3 0 2
node 121 1 0 0
node 235 1 0 0
node 384 1 0 0
node 420 1 0 0
node 433 1 0 0
node 461 1 0 0
node 500 1 0 0
node 516 1 0 0
node 697 1 0 0
node 1018 2 0 0
node 1130 1 0 0
node 1323 1 0 0
node 1393 1 0 0
node 1479 1 0 0
node 1531 1 0 0
node 1732 1 0 0
node 1844 1 0 0
node 2023 1 0 0
node 2035 1 0 0
node 2054 1 0 0
node 2076 1 0 0
node 2174 1 0 0
node 2292 1 0 0
node 2306 1 0 0
node 2374 1 0 0
node 2502 1 0 0
node 2593 1 0 0
node 2610 1 0 0
node 2742 1 0 0
node 2763 1 0 0
gene 2 1 13 800000 0 1 800000 1
gene 3 2 13 567719 0 2 567719 1
gene 2 3 13 -142167 0 3 -142167 1
gene 3 4 13 626703 0 4 626703 1
gene 2 5 13 85368 0 5 85368 1
gene 4 6 13 723995 0 6 723995 1
gene 3 7 13 200823 0 7 200823 1
gene 2 8 13 494376 0 8 494376 0
gene 3 9 13 310374 0 9 310374 1
gene 2 10 13 800000 0 10 800000 1
gene 2 11 13 -36339 0 11 -36339 0
gene 4 12 13 592913 0 12 592913 0
gene 4 1 14 348144 0 13 348144 1
gene 2 2 14 -156816 0 14 -156816 0
gene 4 3 14 305184 0 15 305184 1
gene 4 4 14 -510360 0 16 -510360 0
gene 4 5 14 -81180 0 17 -81180 1
gene 3 6 14 -800000 0 18 -800000 1
gene 2 7 14 516021 0 19 516021 1
gene 1 8 14 -383073 0 20 -383073 1
gene 2 9 14 -49761 0 21 -49761 0
gene 1 10 14 -327324 0 22 -327324 0
gene 1 11 14 46590 0 23 46590 0
gene 4 12 14 -558290 0 24 -558290 1
gene 3 1 15 44562 0 25 44562 1
gene 3 2 15 -473135 0 26 -473135 1
gene 3 3 15 -305241 0 27 -305241 0
gene 3 4 15 190054 0 28 190054 1
gene 3 5 15 168358 0 29 168358 1
gene 1 6 15 800000 0 30 800000 1
gene 3 7 15 419843 0 31 419843 0
gene 3 8 15 -58146 0 32 -58146 1
gene 3 9 15 -800000 0 33 -800000 1
gene 3 10 15 -128700 0 34 -128700 0
gene 2 11 15 -144609 0 35 -144609 1
gene 4 12 15 -374367 0 36 -374367 0
gene 4 15 15 394797 1 174 394797 0
gene 3 8 121 440964 0 329 440964 0
gene 3 121 15 -163365 0 330 -163365 1
gene 2 5 121 -626271 0 438 -626271 1
gene 2 7 121 -313833 0 483 -313833 1
gene 4 4 235 295923 0 666 295923 1
gene 4 235 14 -800000 0 667 -800000 1
gene 1 1 235 -64938 0 753 -64938 1
gene 1 9 235 442509 0 1108 442509 1
gene 3 10 384 187299 0 1126 187299 1
gene 3 384 15 -201354 0 1127 -201354 0
gene 2 14 14 84144 1 1197 84144 0
gene 3 7 420 -139863 0 1239 -139863 1
gene 3 420 15 591857 0 1240 591857 1
gene 3 2 433 84513 0 1284 84513 1
gene 3 433 13 -226196 0 1285 -226196 1
gene 4 3 461 422436 0 1352 422436 1
gene 4 461 14 -497097 0 1353 -497097 0
gene 4 15 500 -757441 1 1453 -757441 0
gene 4 500 15 -26826 0 1454 -26826 1
gene 1 8 516 150912 0 1500 150912 1
gene 1 516 14 38325 0 1501 38325 1
gene 1 384 121 -463164 0 1548 -463164 0
gene 2 8 461 -154782 0 1965 -154782 1
gene 3 3 697 -360972 0 2038 -360972 1
gene 3 697 15 409856 0 2039 409856 1
gene 2 1 500 -460983 0 2133 -460983 1
gene 1 3 433 792210 0 2628 792210 1
gene 1 516 516 -99675 1 2664 -99675 1
gene 3 8 1018 -540264 0 2997 -540264 1
gene 3 1018 121 -454279 0 2998 -454279 1
gene 3 15 433 117972 0 3156 117972 1
gene 1 10 1130 -189009 0 3329 -189009 1
gene 1 1130 14 800000 0 3330 800000 1
gene 3 500 697 373641 0 3371 373641 1
gene 2 3 516 -665433 0 3603 -665433 1
gene 2 9 1323 -532706 0 3885 -532706 1
gene 2 1323 14 -319437 0 3886 -319437 1
gene 2 121 420 -371334 0 3959 -371334 1
gene 2 8 1393 -504927 0 4093 -504927 1
gene 2 1393 13 -244272 0 4094 -244272 0
gene 1 11 1479 -109305 0 4325 -109305 1
gene 4 1479 14 375373 0 4326 375373 1
gene 4 12 1531 -627833 0 4477 -627833 1
gene 4 1531 15 108468 0 4478 108468 1
gene 2 1323 420 136389 0 4676 136389 1
gene 3 500 1479 -800000 0 4897 -800000 1
gene 4 461 461 -158649 1 4980 -158649 1
gene 2 121 1732 182592 0 5095 182592 1
gene 1 1732 420 -330747 0 5096 -330747 1
gene 1 384 500 800000 0 5133 800000 1
gene 2 15 14 -493254 0 5180 -493254 0
gene 4 6 1130 765470 0 5368 765470 1
gene 3 10 1844 -164403 0 5409 -164403 1
gene 3 1844 384 119307 0 5410 119307 1
gene 2 2 2023 -33036 0 5908 -33036 1
gene 1 2023 14 220416 0 5909 220416 1
gene 2 1393 2035 -178308 0 5942 -178308 0
gene 2 2035 13 324357 0 5943 324357 1
gene 4 461 2054 -521919 0 5995 -521919 1
gene 4 2054 14 -250540 0 5996 -250540 1
gene 4 461 2076 -252147 0 6055 -252147 1
gene 4 2076 2054 -119175 0 6056 -119175 1
gene 2 11 2174 -99471 0 6336 -99471 1
gene 2 2174 13 251795 0 6337 251795 1
gene 2 1393 2292 170256 0 6690 170256 1
gene 2 2292 2035 -205083 0 6691 -205083 1
gene 4 12 2306 -428904 0 6730 -428904 1
gene 4 2306 13 -198021 0 6731 -198021 0
gene 2 15 2374 -120696 0 6914 -120696 1
gene 2 2374 14 -164145 0 6915 -164145 1
gene 4 500 2502 181371 0 7309 181371 1
gene 4 2502 15 73920 0 7310 73920 1
gene 4 15 461 69252 0 7483 69252 1
gene 3 433 433 -386664 1 7529 -386664 1
gene 1 384 2593 -220965 0 7577 -220965 1
gene 1 2593 121 20859 0 7578 20859 1
gene 2 14 2610 -199425 1 7624 -199425 0
gene 2 2610 14 -191676 0 7625 -191676 1
gene 4 2306 420 -465262 0 7889 -465262 1
gene 2 1018 384 120159 0 7964 120159 1
gene 4 2306 2742 -119097 0 8009 -119097 1
gene 4 2742 13 155478 0 8010 155478 1
gene 4 15 2763 -296070 1 8064 -296070 1
gene 4 2763 500 174621 0 8065 174621 1
gene 3 8 2502 -442101 0 8110 -442101 1
gene 1 1844 2502 -160791 0 8442 -160791 1
genomeend 6


/* Organism #22 Fitness: 250.000000 Time: 0 */
/* Position #22*/
#1 x: 45 y: 16
#2 x: 81 y: 37
#3 x: 43 y: 40
#4 x: 30 y: 64
#5 x: 47 y: 81
#6 x: 28 y: 76
genomestart 22
trait 1 71503.000000 52572.000000 0.000000 48265.000000 0.000000 0.000000 100000.000000 393.000000 trait 2 2.000000 0.000000 0.000000 0.000000 0.000000 0.000000 0.000000 0.000000 trait 3 0.000000 0.000000 0.000000 51304.000000 0.000000 13538.000000 70969.000000 30146.000000 trait 4 4.000000 0.000000 0.000000 36940.000000 0.000000 0.000000 43316.000000 37957.000000 node 1 4 1 3
node 2 4 1 1
node 3 1 1 1
node 4 1 1 1
node 5 1 1 1
node 6 2 1 1
node 7 4 1 1
node 8 4 1 1
node 9 2 1 1
node 10 1 1 1
node 11 2 1 1
node 12 4 1 1
node 13 2 0 2
node 14 1 0 2
node 15 3 0 2
node 121 1 0 0
node 235 1 0 0
node 384 1 0 0
node 420 1 0 0
node 433 1 0 0
node 461 1 0 0
node 500 1 0 0
node 516 1 0 0
node 697 1 0 0
node 1018 1 0 0
node 1130 1 0 0
node 1323 3 0 0
node 1393 1 0 0
node 1479 1 0 0
node 1531 4 0 0
node 1683 1 0 0
node 1735 1 0 0
node 1875 1 0 0
node 1975 1 0 0
node 2022 1 0 0
node 2179 1 0 0
node 2295 1 0 0
node 2794 1 0 0
node 2821 1 0 0
node 2895 1 0 0
gene 2 1 13 767094 0 1 767094 1
gene 3 2 13 -553497 0 2 -553497 1
gene 2 3 13 326393 0 3 326393 1
gene 3 4 13 -558381 0 4 -558381 1
gene 2 5 13 285615 0 5 285615 1
gene 4 6 13 -210702 0 6 -210702 1
gene 3 7 13 -521409 0 7 -521409 1
gene 2 8 13 106695 0 8 106695 0
gene 3 9 13 295461 0 9 295461 1
gene 2 10 13 659132 0 10 659132 1
gene 2 11 13 -444807 0 11 -444807 1
gene 4 12 13 -295893 0 12 -295893 1
gene 2 1 14 -54589 0 13 -54589 1
gene 2 2 14 229533 0 14 229533 1
gene 4 3 14 -432288 0 15 -432288 1
gene 4 4 14 -124983 0 16 -124983 0
gene 4 5 14 -166542 0 17 -166542 0
gene 3 6 14 -583331 0 18 -583331 0
gene 2 7 14 -454757 0 19 -454757 1
gene 1 8 14 -402618 0 20 -402618 0
gene 3 9 14 692325 0 21 692325 1
gene 1 10 14 281397 0 22 281397 1
gene 1 11 14 73494 0 23 73494 1
gene 4 12 14 45840 0 24 45840 1
gene 3 1 15 -124236 0 25 -124236 1
gene 3 2 15 -77043 0 26 -77043 1
gene 3 3 15 474954 0 27 474954 0
gene 3 4 15 502685 0 28 502685 1
gene 3 5 15 38940 0 29 38940 1
gene 1 6 15 38367 0 30 38367 0
gene 3 7 15 139521 0 31 139521 0
gene 3 8 15 -800000 0 32 -800000 1
gene 3 9 15 74286 0 33 74286 1
gene 3 10 15 92052 0 34 92052 0
gene 2 11 15 -95721 0 35 -95721 1
gene 4 12 15 108918 0 36 108918 0
gene 4 15 15 572801 1 174 572801 0
gene 3 8 121 486456 0 329 486456 0
gene 3 121 15 -800000 0 330 -800000 1
gene 2 5 121 17868 0 438 17868 1
gene 2 7 121 -163833 0 483 -163833 1
gene 4 4 235 -268311 0 666 -268311 1
gene 4 235 14 -394502 0 667 -394502 1
gene 1 1 235 -182340 0 753 -182340 1
gene 1 9 235 80178 0 1108 80178 1
gene 3 10 384 139881 0 1126 139881 1
gene 3 384 15 582 0 1127 582 0
gene 2 14 14 -8604 1 1197 -8604 0
gene 3 7 420 -689487 0 1239 -689487 1
gene 3 420 15 -172957 0 1240 -172957 1
gene 3 2 433 564192 0 1284 564192 0
gene 3 433 13 74751 0 1285 74751 1
gene 4 3 461 23322 0 1352 23322 1
gene 4 461 14 -412542 0 1353 -412542 1
gene 4 15 500 -296073 1 1453 -296073 1
gene 4 500 15 7335 0 1454 7335 0
gene 1 8 516 -162633 0 1500 -162633 1
gene 1 516 14 -495054 0 1501 -495054 1
gene 1 384 121 467717 0 1548 467717 1
gene 2 8 461 -101649 0 1965 -101649 1
gene 3 3 697 -85383 0 2038 -85383 1
gene 2 697 15 514389 0 2039 514389 1
gene 2 1 500 57087 0 2133 57087 1
gene 1 3 433 200802 0 2628 200802 1
gene 1 516 516 -327807 1 2664 -327807 1
gene 3 8 1018 800000 0 2997 800000 1
gene 3 1018 121 528797 0 2998 528797 0
gene 3 15 433 287808 0 3156 287808 1
gene 1 10 1130 -392535 0 3329 -392535 0
gene 1 1130 14 -209907 0 3330 -209907 1
gene 3 500 697 -154647 0 3371 -154647 1
gene 2 3 516 327340 0 3603 327340 1
gene 2 9 1323 161274 0 3885 161274 1
gene 2 1323 14 31653 0 3886 31653 0
gene 2 121 420 -268569 0 3959 -268569 1
gene 2 8 1393 655649 0 4093 655649 1
gene 2 1393 13 134703 0 4094 134703 0
gene 1 11 1479 -27474 0 4325 -27474 1
gene 1 1479 14 86418 0 4326 86418 1
gene 4 12 1531 -409335 0 4477 -409335 1
gene 4 1531 15 270408 0 4478 270408 0
gene 3 1393 433 -85245 0 4734 -85245 1
gene 2 1323 1683 177894 0 4950 177894 1
gene 2 1683 14 105996 0 4951 105996 1
gene 3 6 1735 8403 0 5103 8403 1
gene 3 1735 14 -219681 0 5104 -219681 0
gene 1 5 516 -114864 0 5346 -114864 1
gene 1 516 433 -198744 0 5443 -198744 1
gene 3 2 1875 274446 0 5505 274446 1
gene 3 1875 433 -215952 0 5506 -215952 1
gene 1 1683 461 120594 0 5687 120594 1
gene 1 6 1975 -204825 0 5780 -204825 1
gene 1 1975 15 -8676 0 5781 -8676 1
gene 4 1531 2022 -142071 0 5905 -142071 1
gene 4 2022 15 -29334 0 5906 -29334 1
gene 3 121 1875 514035 0 5987 514035 1
gene 1 1683 1393 -104874 0 6232 -104874 1
gene 4 500 2179 386613 0 6351 386613 1
gene 4 2179 15 20835 0 6352 20835 1
gene 3 12 2179 168552 0 6539 168552 1
gene 1 1975 1975 -48897 1 6578 -48897 1
gene 2 14 2295 -201846 1 6699 -201846 1
gene 2 2295 14 9294 0 6700 9294 1
gene 4 4 433 50394 0 7064 50394 1
gene 3 12 235 -25776 0 7098 -25776 1
gene 1 384 384 -800000 1 7242 -800000 1
gene 2 500 500 -84264 1 7740 -84264 1
gene 2 1393 2794 -129974 0 8152 -129974 1
gene 2 2794 13 443880 0 8153 443880 1
gene 1 1323 1531 -207435 0 8182 -207435 1
gene 1 10 2821 -106811 0 8229 -106811 1
gene 1 2821 1130 -377064 0 8230 -377064 1
gene 2 235 235 43088 1 8269 43088 1
gene 1 1683 1130 209620 0 8316 209620 1
gene 4 5 2895 1 0 8448 0 1
gene 4 2895 14 -166542 0 8449 0 1
gene 4 1735 1735 93775 1 8492 93775 1
genomeend 22


/* Organism #26 Fitness: 210.000000 Time: 0 */
/* Position #26*/
#1 x: 38 y: 31
#2 x: 35 y: 20
#3 x: 78 y: 34
#4 x: 49 y: 82
#5 x: 25 y: 66
#6 x: 66 y: 72
genomestart 26
trait 1 43007.000000 16300.000000 6994.000000 28041.000000 57524.000000 37112.000000 87908.000000 80535.000000 trait 2 2.000000 0.000000 0.000000 0.000000 0.000000 0.000000 0.000000 0.000000 trait 3 0.000000 0.000000 0.000000 51304.000000 0.000000 13538.000000 70969.000000 30146.000000 trait 4 4.000000 0.000000 0.000000 36940.000000 0.000000 45239.000000 43316.000000 37957.000000 node 1 4 1 3
node 2 4 1 1
node 3 1 1 1
node 4 1 1 1
node 5 1 1 1
node 6 2 1 1
node 7 4 1 1
node 8 4 1 1
node 9 2 1 1
node 10 1 1 1
node 11 2 1 1
node 12 4 1 1
node 13 2 0 2
node 14 1 0 2
node 15 3 0 2
node 121 1 0 0
node 235 1 0 0
node 384 2 0 0
node 420 1 0 0
node 433 1 0 0
node 461 1 0 0
node 500 1 0 0
node 516 1 0 0
node 697 3 0 0
node 1018 1 0 0
node 1130 1 0 0
node 1323 3 0 0
node 1393 1 0 0
node 1479 1 0 0
node 1531 4 0 0
node 1683 1 0 0
node 1735 1 0 0
node 1875 4 0 0
node 2034 1 0 0
node 2142 1 0 0
node 2172 1 0 0
node 2206 1 0 0
node 2313 1 0 0
node 2332 1 0 0
node 2368 1 0 0
node 2491 1 0 0
node 2512 1 0 0
node 2530 1 0 0
node 2547 1 0 0
node 2692 1 0 0
node 2752 1 0 0
node 2781 1 0 0
node 2814 1 0 0
gene 2 1 13 -194268 0 1 -194268 1
gene 3 2 13 -27918 0 2 -27918 1
gene 2 3 13 -367300 0 3 -367300 1
gene 3 4 13 800000 0 4 800000 1
gene 2 5 13 -241805 0 5 -241805 0
gene 4 6 13 176304 0 6 176304 1
gene 3 7 13 -517823 0 7 -517823 1
gene 2 8 13 319119 0 8 319119 0
gene 3 9 13 95193 0 9 95193 0
gene 2 10 13 198873 0 10 198873 0
gene 2 11 13 -101496 0 11 -101496 1
gene 4 12 13 5202 0 12 5202 1
gene 2 1 14 -75267 0 13 -75267 1
gene 2 2 14 -25376 0 14 -25376 1
gene 4 3 14 -318036 0 15 -318036 1
gene 4 4 14 -548833 0 16 -548833 0
gene 4 5 14 -443358 0 17 -443358 1
gene 3 6 14 342754 0 18 342754 0
gene 2 7 14 -174455 0 19 -174455 1
gene 1 8 14 471159 0 20 471159 0
gene 3 9 14 139048 0 21 139048 1
gene 1 10 14 -371780 0 22 -371780 1
gene 1 11 14 -517044 0 23 -517044 1
gene 4 12 14 585666 0 24 585666 1
gene 3 1 15 607680 0 25 607680 1
gene 3 2 15 -475752 0 26 -475752 1
gene 3 3 15 -206133 0 27 -206133 0
gene 3 4 15 -261059 0 28 -261059 1
gene 3 5 15 62214 0 29 62214 1
gene 1 6 15 -298791 0 30 -298791 1
gene 3 7 15 -800000 0 31 -800000 1
gene 3 8 15 -134247 0 32 -134247 1
gene 3 9 15 -292614 0 33 -292614 1
gene 3 10 15 512880 0 34 512880 0
gene 2 11 15 99795 0 35 99795 1
gene 4 12 15 -520100 0 36 -520100 0
gene 4 15 15 246259 1 174 246259 1
gene 3 8 121 -218997 0 329 -218997 0
gene 3 121 15 -921 0 330 -921 1
gene 2 5 121 -413022 0 438 -413022 1
gene 2 7 121 -366564 0 483 -366564 0
gene 4 4 235 186849 0 666 186849 1
gene 4 235 14 7665 0 667 7665 1
gene 1 1 235 -480996 0 753 -480996 1
gene 3 9 235 -176580 0 1108 -176580 1
gene 3 10 384 -457614 0 1126 -457614 1
gene 3 384 15 339265 0 1127 339265 0
gene 2 14 14 184716 1 1197 184716 1
gene 3 7 420 195132 0 1239 195132 0
gene 3 420 15 370866 0 1240 370866 0
gene 3 2 433 -276912 0 1284 -276912 0
gene 3 433 13 148086 0 1285 148086 0
gene 4 3 461 -177441 0 1352 -177441 1
gene 4 461 14 287214 0 1353 287214 1
gene 4 15 500 597589 1 1453 597589 1
gene 4 500 15 173352 0 1454 173352 0
gene 1 8 516 205260 0 1500 205260 1
gene 1 516 14 86109 0 1501 86109 1
gene 1 384 121 -135081 0 1548 -135081 1
gene 2 8 461 102909 0 1965 102909 1
gene 3 3 697 129069 0 2038 129069 0
gene 3 697 15 126267 0 2039 126267 1
gene 2 1 500 125925 0 2133 125925 1
gene 1 3 433 557232 0 2628 557232 1
gene 1 516 516 47961 1 2664 47961 1
gene 3 8 1018 179166 0 2997 179166 1
gene 3 1018 121 253674 0 2998 253674 0
gene 3 15 433 103152 0 3156 103152 1
gene 1 10 1130 -776358 0 3329 -776358 1
gene 1 1130 14 -56472 0 3330 -56472 1
gene 3 500 697 -227658 0 3371 -227658 1
gene 2 3 516 -164472 0 3603 -164472 1
gene 2 9 1323 72246 0 3885 72246 0
gene 2 1323 14 466851 0 3886 466851 1
gene 2 121 420 200429 0 3959 200429 0
gene 2 8 1393 35494 0 4093 35494 0
gene 2 1393 13 114783 0 4094 114783 1
gene 1 11 1479 -81372 0 4325 -81372 1
gene 1 1479 14 800000 0 4326 800000 0
gene 4 12 1531 -34005 0 4477 -34005 1
gene 4 1531 15 -442293 0 4478 -442293 1
gene 3 1393 433 147258 0 4734 147258 1
gene 2 1323 1683 -139840 0 4950 -139840 1
gene 2 1683 14 -263589 0 4951 -263589 1
gene 3 6 1735 318684 0 5103 318684 1
gene 3 1735 14 364026 0 5104 364026 1
gene 1 5 516 -277461 0 5346 -277461 1
gene 1 516 433 -748124 0 5443 -748124 1
gene 3 2 1875 399468 0 5505 399468 1
gene 3 1875 433 633956 0 5506 633956 1
gene 1 1683 461 436901 0 5687 436901 1
gene 1 516 121 -254196 0 5877 -254196 1
gene 3 3 2034 84234 0 5939 84234 1
gene 3 2034 697 209196 0 5940 209196 1
gene 3 5 1479 -20142 0 6157 -20142 1
gene 3 7 2142 137061 0 6248 137061 1
gene 3 2142 420 -175107 0 6249 -175107 1
gene 3 420 2172 -181816 0 6332 -181816 1
gene 3 2172 15 -556950 0 6333 -556950 1
gene 2 1735 1735 -800000 1 6388 -800000 1
gene 2 8 2206 -132507 0 6436 -132507 1
gene 2 2206 1393 278898 0 6437 278898 1
gene 2 121 2313 -101499 0 6747 -101499 1
gene 2 2313 420 800000 0 6748 800000 1
gene 2 9 2332 35568 0 6797 35568 1
gene 2 2332 1323 213906 0 6798 213906 1
gene 4 1323 2034 -224592 0 6848 -224592 1
gene 2 7 2368 725305 0 6897 725305 0
gene 2 2368 121 430857 0 6898 430857 1
gene 2 384 1531 -491253 0 7018 -491253 1
gene 2 2142 1018 -211521 0 7205 -211521 1
gene 3 2206 2034 93986 0 7245 93986 1
gene 2 7 2491 84540 0 7283 84540 1
gene 2 2491 2368 -258411 0 7284 -258411 1
gene 2 5 2512 396897 0 7337 396897 1
gene 2 2512 13 74397 0 7338 74397 1
gene 2 10 2530 71736 0 7387 71736 1
gene 2 2530 13 -209229 0 7388 -209229 1
gene 3 9 2547 -74328 0 7440 -74328 1
gene 3 2547 13 -64551 0 7441 -64551 1
gene 2 2530 1479 -326715 0 7594 -326715 1
gene 1 1479 2692 52425 0 7856 52425 1
gene 1 2692 14 605484 0 7857 605484 1
gene 3 4 1130 -203676 0 7980 -203676 1
gene 4 500 2752 224481 0 8035 224481 1
gene 4 2752 15 -426441 0 8036 -426441 1
gene 2 2692 2332 86340 0 8070 86340 1
gene 3 9 2781 501 0 8116 501 1
gene 3 2781 13 -798191 0 8117 -798191 1
gene 3 420 2332 95682 0 8160 95682 1
gene 3 433 2814 286860 0 8210 286860 1
gene 3 2814 13 172963 0 8211 172963 1
genomeend 26


/* Organism #28 Fitness: 350.000000 Time: 0 */
/* Position #28*/
#1 x: 61 y: 34
#2 x: 57 y: 16
#3 x: 62 y: 38
#4 x: 25 y: 82
#5 x: 69 y: 66
#6 x: 60 y: 69
genomestart 28
trait 1 71503.000000 52572.000000 0.000000 48265.000000 0.000000 0.000000 100000.000000 393.000000 trait 2 2.000000 0.000000 0.000000 0.000000 0.000000 0.000000 0.000000 0.000000 trait 3 0.000000 0.000000 0.000000 51304.000000 0.000000 13538.000000 70969.000000 30146.000000 trait 4 4.000000 0.000000 0.000000 36940.000000 0.000000 0.000000 43316.000000 37957.000000 node 1 4 1 3
node 2 4 1 1
node 3 1 1 1
node 4 1 1 1
node 5 1 1 1
node 6 2 1 1
node 7 4 1 1
node 8 4 1 1
node 9 2 1 1
node 10 1 1 1
node 11 2 1 1
node 12 4 1 1
node 13 2 0 2
node 14 1 0 2
node 15 3 0 2
node 121 1 0 0
node 235 1 0 0
node 384 1 0 0
node 420 1 0 0
node 433 1 0 0
node 461 1 0 0
node 500 1 0 0
node 516 1 0 0
node 697 1 0 0
node 1018 1 0 0
node 1130 1 0 0
node 1323 3 0 0
node 1393 1 0 0
node 1479 1 0 0
node 1531 4 0 0
node 1683 1 0 0
node 1735 1 0 0
node 1875 1 0 0
node 1975 1 0 0
node 2022 1 0 0
node 2179 1 0 0
node 2295 1 0 0
node 2730 1 0 0
node 2767 1 0 0
node 2826 1 0 0
gene 2 1 13 581658 0 1 581658 1
gene 3 2 13 -765785 0 2 -765785 1
gene 2 3 13 278124 0 3 278124 1
gene 3 4 13 -75054 0 4 -75054 1
gene 2 5 13 163878 0 5 163878 1
gene 4 6 13 560424 0 6 560424 0
gene 3 7 13 -321852 0 7 -321852 1
gene 2 8 13 -634134 0 8 -634134 0
gene 3 9 13 -39108 0 9 -39108 1
gene 2 10 13 122427 0 10 122427 1
gene 2 11 13 -800000 0 11 -800000 1
gene 4 12 13 -107574 0 12 -107574 1
gene 2 1 14 202247 0 13 202247 1
gene 2 2 14 -266670 0 14 -266670 1
gene 4 3 14 -626724 0 15 -626724 1
gene 4 4 14 -9957 0 16 -9957 0
gene 4 5 14 -330468 0 17 -330468 1
gene 3 6 14 -137499 0 18 -137499 0
gene 2 7 14 608769 0 19 608769 1
gene 1 8 14 104796 0 20 104796 0
gene 3 9 14 394164 0 21 394164 1
gene 1 10 14 56358 0 22 56358 1
gene 1 11 14 -800000 0 23 -800000 1
gene 4 12 14 800000 0 24 800000 0
gene 3 1 15 -617676 0 25 -617676 1
gene 3 2 15 -450633 0 26 -450633 1
gene 3 3 15 -148419 0 27 -148419 0
gene 3 4 15 173519 0 28 173519 1
gene 3 5 15 466845 0 29 466845 1
gene 1 6 15 183498 0 30 183498 0
gene 3 7 15 346188 0 31 346188 0
gene 3 8 15 -696896 0 32 -696896 1
gene 3 9 15 -260871 0 33 -260871 1
gene 3 10 15 183285 0 34 183285 0
gene 2 11 15 -154581 0 35 -154581 1
gene 4 12 15 -213009 0 36 -213009 0
gene 4 15 15 92985 1 174 92985 0
gene 3 8 121 77877 0 329 77877 0
gene 3 121 15 -457006 0 330 -457006 1
gene 2 5 121 694251 0 438 694251 1
gene 2 7 121 -44520 0 483 -44520 1
gene 4 4 235 -452640 0 666 -452640 1
gene 4 235 14 16348 0 667 16348 1
gene 1 1 235 -528447 0 753 -528447 1
gene 1 9 235 207759 0 1108 207759 1
gene 3 10 384 -641202 0 1126 -641202 1
gene 3 384 15 -335898 0 1127 -335898 0
gene 2 14 14 220308 1 1197 220308 0
gene 3 7 420 261513 0 1239 261513 1
gene 3 420 15 -169281 0 1240 -169281 1
gene 3 2 433 446784 0 1284 446784 0
gene 3 433 13 -548466 0 1285 -548466 1
gene 4 3 461 -130704 0 1352 -130704 1
gene 4 461 14 296670 0 1353 296670 1
gene 4 15 500 -663153 1 1453 -663153 1
gene 4 500 15 35514 0 1454 35514 0
gene 1 8 516 3222 0 1500 3222 1
gene 1 516 14 -472529 0 1501 -472529 1
gene 1 384 121 -354330 0 1548 -354330 1
gene 2 8 461 244149 0 1965 244149 1
gene 3 3 697 315618 0 2038 315618 1
gene 2 697 15 -3 0 2039 -3 1
gene 2 1 500 -526278 0 2133 -526278 1
gene 1 3 433 13230 0 2628 13230 1
gene 1 516 516 312299 1 2664 312299 1
gene 3 8 1018 -467583 0 2997 -467583 0
gene 3 1018 121 800000 0 2998 800000 0
gene 3 15 433 584243 0 3156 584243 1
gene 1 10 1130 -354186 0 3329 -354186 1
gene 1 1130 14 529917 0 3330 529917 1
gene 3 500 697 -263136 0 3371 -263136 1
gene 2 3 516 325141 0 3603 325141 1
gene 2 9 1323 -164469 0 3885 -164469 1
gene 2 1323 14 372525 0 3886 372525 0
gene 2 121 420 143424 0 3959 143424 1
gene 2 8 1393 -304509 0 4093 -304509 1
gene 2 1393 13 180930 0 4094 180930 1
gene 1 11 1479 -105282 0 4325 -105282 1
gene 1 1479 14 -122133 0 4326 -122133 1
gene 4 12 1531 -495306 0 4477 -495306 1
gene 4 1531 15 707058 0 4478 707058 0
gene 3 1393 433 202335 0 4734 202335 1
gene 2 1323 1683 800000 0 4950 800000 1
gene 2 1683 14 -101949 0 4951 -101949 1
gene 3 6 1735 232521 0 5103 232521 1
gene 3 1735 14 -487059 0 5104 -487059 0
gene 1 5 516 -179859 0 5346 -179859 1
gene 1 516 433 222603 0 5443 222603 1
gene 3 2 1875 411351 0 5505 411351 1
gene 3 1875 433 -255543 0 5506 -255543 1
gene 1 1683 461 -124974 0 5687 -124974 1
gene 1 6 1975 578814 0 5780 578814 1
gene 1 1975 15 -189486 0 5781 -189486 1
gene 4 1531 2022 226656 0 5905 226656 1
gene 4 2022 15 3972 0 5906 3972 1
gene 3 121 1875 398217 0 5987 398217 1
gene 1 1683 1393 -26685 0 6232 -26685 1
gene 4 500 2179 109128 0 6351 109128 1
gene 4 2179 15 248562 0 6352 248562 1
gene 3 12 2179 197178 0 6539 197178 1
gene 1 1975 1975 192288 1 6578 192288 1
gene 2 14 2295 214458 1 6699 214458 1
gene 2 2295 14 -40752 0 6700 -40752 1
gene 4 4 433 188628 0 7064 188628 1
gene 3 12 235 376272 0 7098 376272 1
gene 1 384 384 -732432 1 7242 -732432 1
gene 2 500 500 311226 1 7740 311226 1
gene 3 8 2730 562149 0 7969 562149 1
gene 3 2730 1018 -210816 0 7970 -210816 1
gene 2 2730 516 207120 0 8040 207120 1
gene 4 6 2767 24624 0 8075 24624 1
gene 4 2767 13 -230886 0 8076 -230886 1
gene 3 13 15 595547 1 8122 595547 1
gene 4 12 2826 232770 0 8243 232770 1
gene 4 2826 14 110826 0 8244 110826 1
gene 3 384 1975 -77077 0 8469 -77077 1
genomeend 28


/* Organism #44 Fitness: 300.000000 Time: 0 */
/* Position #44*/
#1 x: 17 y: 38
#2 x: 61 y: 35
#3 x: 51 y: 29
#4 x: 17 y: 61
#5 x: 54 y: 67
#6 x: 21 y: 65
genomestart 44
trait 1 43007.000000 16300.000000 6994.000000 28041.000000 57524.000000 37112.000000 87908.000000 80535.000000 trait 2 2.000000 0.000000 0.000000 0.000000 0.000000 0.000000 0.000000 0.000000 trait 3 0.000000 83419.000000 0.000000 65858.000000 0.000000 0.000000 100000.000000 41343.000000 trait 4 4.000000 0.000000 0.000000 36940.000000 0.000000 0.000000 43316.000000 37957.000000 node 1 4 1 3
node 2 4 1 1
node 3 1 1 1
node 4 1 1 1
node 5 1 1 1
node 6 2 1 1
node 7 4 1 1
node 8 4 1 1
node 9 2 1 1
node 10 1 1 1
node 11 2 1 1
node 12 4 1 1
node 13 2 0 2
node 14 1 0 2
node 15 3 0 2
node 121 1 0 0
node 235 1 0 0
node 384 1 0 0
node 420 1 0 0
node 433 1 0 0
node 461 1 0 0
node 500 1 0 0
node 516 1 0 0
node 697 3 0 0
node 1018 1 0 0
node 1130 1 0 0
node 1323 3 0 0
node 1393 1 0 0
node 1479 1 0 0
node 1531 3 0 0
node 1683 1 0 0
node 1735 1 0 0
node 1875 1 0 0
node 2034 1 0 0
node 2142 1 0 0
node 2172 1 0 0
node 2206 1 0 0
node 2313 1 0 0
node 2332 1 0 0
node 2368 1 0 0
node 2491 1 0 0
node 2512 1 0 0
node 2530 1 0 0
node 2547 1 0 0
node 2692 1 0 0
node 2786 1 0 0
node 2912 1 0 0
gene 2 1 13 103662 0 1 103662 1
gene 3 2 13 -800000 0 2 -800000 1
gene 2 3 13 -60927 0 3 -60927 1
gene 3 4 13 92543 0 4 92543 1
gene 2 5 13 -461661 0 5 -461661 0
gene 4 6 13 -524892 0 6 -524892 1
gene 3 7 13 -243405 0 7 -243405 1
gene 2 8 13 -381711 0 8 -381711 0
gene 3 9 13 -153894 0 9 -153894 1
gene 2 10 13 -255222 0 10 -255222 0
gene 2 11 13 370569 0 11 370569 1
gene 4 12 13 -162423 0 12 -162423 1
gene 2 1 14 341097 0 13 341097 1
gene 2 2 14 179013 0 14 179013 1
gene 4 3 14 -283263 0 15 -283263 0
gene 4 4 14 -7125 0 16 -7125 0
gene 4 5 14 507165 0 17 507165 1
gene 3 6 14 57444 0 18 57444 0
gene 2 7 14 -575106 0 19 -575106 1
gene 1 8 14 171987 0 20 171987 0
gene 3 9 14 -1152 0 21 -1152 1
gene 1 10 14 -197358 0 22 -197358 1
gene 1 11 14 177270 0 23 177270 1
gene 4 12 14 -19017 0 24 -19017 1
gene 3 1 15 46887 0 25 46887 1
gene 3 2 15 -319620 0 26 -319620 1
gene 3 3 15 416418 0 27 416418 0
gene 3 4 15 29526 0 28 29526 1
gene 3 5 15 -126288 0 29 -126288 1
gene 1 6 15 -679104 0 30 -679104 1
gene 3 7 15 -800000 0 31 -800000 1
gene 3 8 15 -92628 0 32 -92628 1
gene 3 9 15 -108282 0 33 -108282 1
gene 3 10 15 328329 0 34 328329 0
gene 2 11 15 -101394 0 35 -101394 1
gene 4 12 15 -551367 0 36 -551367 0
gene 4 15 15 589065 1 174 589065 0
gene 3 8 121 800000 0 329 800000 0
gene 3 121 15 10269 0 330 10269 1
gene 2 5 121 -50286 0 438 -50286 1
gene 2 7 121 -103257 0 483 -103257 0
gene 4 4 235 -63927 0 666 -63927 1
gene 4 235 14 -800000 0 667 -800000 1
gene 1 1 235 426579 0 753 426579 1
gene 3 9 235 -800000 0 1108 -800000 1
gene 3 10 384 -268982 0 1126 -268982 1
gene 3 384 15 275757 0 1127 275757 1
gene 2 14 14 29160 1 1197 29160 1
gene 3 7 420 201441 0 1239 201441 0
gene 3 420 15 46875 0 1240 46875 0
gene 3 2 433 96006 0 1284 96006 1
gene 3 433 13 -32793 0 1285 -32793 1
gene 4 3 461 -129423 0 1352 -129423 1
gene 4 461 14 246897 0 1353 246897 1
gene 4 15 500 116799 1 1453 116799 1
gene 4 500 15 143478 0 1454 143478 0
gene 1 8 516 400737 0 1500 400737 1
gene 1 516 14 689859 0 1501 689859 1
gene 1 384 121 -800000 0 1548 -800000 1
gene 2 8 461 -47151 0 1965 -47151 1
gene 3 3 697 250773 0 2038 250773 1
gene 3 697 15 535308 0 2039 535308 1
gene 2 1 500 -343371 0 2133 -343371 1
gene 1 3 433 -25494 0 2628 -25494 1
gene 1 516 516 321765 1 2664 321765 1
gene 3 8 1018 298206 0 2997 298206 1
gene 3 1018 121 359459 0 2998 359459 0
gene 3 15 433 24741 0 3156 24741 1
gene 1 10 1130 -623853 0 3329 -623853 1
gene 1 1130 14 -784128 0 3330 -784128 1
gene 3 500 697 255246 0 3371 255246 1
gene 2 3 516 -207303 0 3603 -207303 1
gene 2 9 1323 -800000 0 3885 -800000 0
gene 2 1323 14 244458 0 3886 244458 0
gene 2 121 420 -279390 0 3959 -279390 1
gene 2 8 1393 -182127 0 4093 -182127 1
gene 2 1393 13 -261099 0 4094 -261099 1
gene 1 11 1479 290487 0 4325 290487 1
gene 1 1479 14 252681 0 4326 252681 1
gene 4 12 1531 191976 0 4477 191976 1
gene 4 1531 15 -2499 0 4478 -2499 1
gene 3 1393 433 -277416 0 4734 -277416 1
gene 2 1323 1683 -682929 0 4950 -682929 1
gene 2 1683 14 800000 0 4951 800000 1
gene 3 6 1735 421431 0 5103 421431 1
gene 3 1735 14 150384 0 5104 150384 1
gene 1 5 516 -35703 0 5346 -35703 1
gene 1 516 433 -800000 0 5443 -800000 1
gene 3 2 1875 -21474 0 5505 -21474 1
gene 3 1875 433 -317559 0 5506 -317559 1
gene 1 1683 461 -79128 0 5687 -79128 1
gene 1 516 121 287307 0 5877 287307 1
gene 3 3 2034 444150 0 5939 444150 1
gene 3 2034 697 89535 0 5940 89535 1
gene 3 5 1479 498000 0 6157 498000 1
gene 3 7 2142 148302 0 6248 148302 1
gene 3 2142 420 235260 0 6249 235260 1
gene 3 420 2172 -800000 0 6332 -800000 1
gene 3 2172 15 -15351 0 6333 -15351 1
gene 2 1735 1735 -319200 1 6388 -319200 1
gene 2 8 2206 -800000 0 6436 -800000 1
gene 2 2206 1393 -124719 0 6437 -124719 1
gene 2 121 2313 -605559 0 6747 -605559 1
gene 2 2313 420 -94749 0 6748 -94749 1
gene 2 9 2332 -158967 0 6797 -158967 1
gene 2 2332 1323 340998 0 6798 340998 1
gene 4 1323 2034 309231 0 6848 309231 1
gene 2 7 2368 800000 0 6897 800000 1
gene 2 2368 121 -199797 0 6898 -199797 1
gene 2 384 1531 257589 0 7018 257589 1
gene 2 2142 1018 -223869 0 7205 -223869 1
gene 3 2206 2034 -281820 0 7245 -281820 1
gene 2 7 2491 -260136 0 7283 -260136 1
gene 2 2491 2368 195163 0 7284 195163 1
gene 2 5 2512 364935 0 7337 364935 1
gene 2 2512 13 110604 0 7338 110604 1
gene 2 10 2530 -154533 0 7387 -154533 1
gene 2 2530 13 -447336 0 7388 -447336 1
gene 3 9 2547 -59022 0 7440 -59022 1
gene 3 2547 13 101895 0 7441 101895 1
gene 2 2530 1479 13536 0 7594 13536 1
gene 1 1479 2692 -347718 0 7856 -347718 1
gene 1 2692 14 -71901 0 7857 -71901 1
gene 3 4 1130 16793 0 7980 16793 1
gene 4 3 2786 -160341 0 8132 -160341 1
gene 4 2786 14 231921 0 8133 231921 1
gene 4 2547 1735 201590 0 8311 201590 1
gene 3 2692 461 231717 0 8358 231717 1
gene 4 500 2912 1 0 8507 0 1
gene 4 2912 15 143478 0 8508 0 1
genomeend 44


/* Organism #50 Fitness: 200.000000 Time: 0 */
/* Position #50*/
#1 x: 43 y: 21
#2 x: 78 y: 30
#3 x: 40 y: 22
#4 x: 63 y: 76
#5 x: 78 y: 84
#6 x: 37 y: 71
genomestart 50
trait 1 71503.000000 52572.000000 0.000000 48265.000000 0.000000 0.000000 100000.000000 393.000000 trait 2 2.000000 0.000000 0.000000 0.000000 0.000000 0.000000 0.000000 0.000000 trait 3 0.000000 0.000000 0.000000 51304.000000 0.000000 13538.000000 70969.000000 30146.000000 trait 4 4.000000 0.000000 0.000000 36940.000000 0.000000 0.000000 43316.000000 37957.000000 node 1 4 1 3
node 2 4 1 1
node 3 1 1 1
node 4 2 1 1
node 5 1 1 1
node 6 2 1 1
node 7 4 1 1
node 8 4 1 1
node 9 2 1 1
node 10 1 1 1
node 11 2 1 1
node 12 4 1 1
node 13 2 0 2
node 14 1 0 2
node 15 3 0 2
node 121 1 0 0
node 235 1 0 0
node 384 1 0 0
node 420 1 0 0
node 433 1 0 0
node 461 1 0 0
node 500 1 0 0
node 516 1 0 0
node 697 1 0 0
node 1018 1 0 0
node 1130 1 0 0
node 1323 3 0 0
node 1393 1 0 0
node 1479 1 0 0
node 1531 4 0 0
node 1683 1 0 0
node 1735 1 0 0
node 1875 1 0 0
node 1975 1 0 0
node 2022 1 0 0
node 2179 1 0 0
node 2295 1 0 0
node 2794 1 0 0
gene 2 1 13 8970 0 1 8970 1
gene 3 2 13 -550140 0 2 -550140 1
gene 2 3 13 494213 0 3 494213 1
gene 3 4 13 -67062 0 4 -67062 1
gene 2 5 13 -443841 0 5 -443841 1
gene 4 6 13 -68469 0 6 -68469 1
gene 3 7 13 -706031 0 7 -706031 1
gene 2 8 13 126282 0 8 126282 0
gene 3 9 13 133356 0 9 133356 1
gene 2 10 13 448347 0 10 448347 1
gene 2 11 13 -486828 0 11 -486828 1
gene 4 12 13 56187 0 12 56187 1
gene 2 1 14 284699 0 13 284699 1
gene 2 2 14 108741 0 14 108741 1
gene 4 3 14 218967 0 15 218967 1
gene 4 4 14 588096 0 16 588096 0
gene 4 5 14 -38259 0 17 -38259 1
gene 3 6 14 -363542 0 18 -363542 0
gene 2 7 14 -596414 0 19 -596414 1
gene 1 8 14 -427194 0 20 -427194 0
gene 3 9 14 243462 0 21 243462 1
gene 1 10 14 -250461 0 22 -250461 1
gene 1 11 14 -595949 0 23 -595949 1
gene 4 12 14 30891 0 24 30891 1
gene 3 1 15 -321147 0 25 -321147 1
gene 3 2 15 -522939 0 26 -522939 1
gene 3 3 15 -47730 0 27 -47730 0
gene 3 4 15 -393285 0 28 -393285 1
gene 3 5 15 -9183 0 29 -9183 1
gene 1 6 15 -141741 0 30 -141741 0
gene 3 7 15 56398 0 31 56398 0
gene 3 8 15 -800000 0 32 -800000 1
gene 3 9 15 -515130 0 33 -515130 1
gene 3 10 15 -535155 0 34 -535155 0
gene 2 11 15 372480 0 35 372480 1
gene 4 12 15 467910 0 36 467910 0
gene 4 15 15 410619 1 174 410619 0
gene 3 8 121 259803 0 329 259803 0
gene 3 121 15 265782 0 330 265782 1
gene 2 5 121 -92121 0 438 -92121 1
gene 2 7 121 -421920 0 483 -421920 1
gene 4 4 235 -510546 0 666 -510546 1
gene 4 235 14 65494 0 667 65494 1
gene 1 1 235 132450 0 753 132450 1
gene 1 9 235 214095 0 1108 214095 1
gene 3 10 384 95346 0 1126 95346 1
gene 3 384 15 -110130 0 1127 -110130 0
gene 2 14 14 -203100 1 1197 -203100 0
gene 3 7 420 -680142 0 1239 -680142 1
gene 3 420 15 -297874 0 1240 -297874 1
gene 3 2 433 284181 0 1284 284181 0
gene 3 433 13 -418215 0 1285 -418215 1
gene 4 3 461 -11502 0 1352 -11502 1
gene 4 461 14 -255756 0 1353 -255756 1
gene 4 15 500 1215 1 1453 1215 1
gene 4 500 15 233880 0 1454 233880 0
gene 1 8 516 -331581 0 1500 -331581 1
gene 1 516 14 -536553 0 1501 -536553 1
gene 1 384 121 800000 0 1548 800000 1
gene 2 8 461 160731 0 1965 160731 1
gene 3 3 697 145359 0 2038 145359 1
gene 2 697 15 -49560 0 2039 -49560 1
gene 2 1 500 -49566 0 2133 -49566 1
gene 1 3 433 -57162 0 2628 -57162 1
gene 1 516 516 -109026 1 2664 -109026 1
gene 3 8 1018 -93384 0 2997 -93384 1
gene 3 1018 121 -121194 0 2998 -121194 0
gene 3 15 433 -109269 0 3156 -109269 1
gene 1 10 1130 180474 0 3329 180474 1
gene 1 1130 14 251661 0 3330 251661 1
gene 3 500 697 502974 0 3371 502974 1
gene 2 3 516 409789 0 3603 409789 1
gene 2 9 1323 58839 0 3885 58839 1
gene 2 1323 14 -39162 0 3886 -39162 0
gene 4 121 420 128355 0 3959 128355 1
gene 2 8 1393 82545 0 4093 82545 1
gene 2 1393 13 55299 0 4094 55299 0
gene 1 11 1479 237240 0 4325 237240 1
gene 1 1479 14 379092 0 4326 379092 1
gene 4 12 1531 -57738 0 4477 -57738 1
gene 4 1531 15 218934 0 4478 218934 0
gene 3 1393 433 307131 0 4734 307131 1
gene 2 1323 1683 -210861 0 4950 -210861 1
gene 2 1683 14 -23547 0 4951 -23547 1
gene 3 6 1735 312197 0 5103 312197 1
gene 3 1735 14 -134094 0 5104 -134094 0
gene 1 5 516 250761 0 5346 250761 1
gene 1 516 433 -444732 0 5443 -444732 1
gene 3 2 1875 -298695 0 5505 -298695 1
gene 3 1875 433 -126009 0 5506 -126009 1
gene 1 1683 461 -613035 0 5687 -613035 1
gene 1 6 1975 -204765 0 5780 -204765 1
gene 1 1975 15 34920 0 5781 34920 1
gene 4 1531 2022 -276462 0 5905 -276462 1
gene 4 2022 15 -556170 0 5906 -556170 1
gene 3 121 1875 382491 0 5987 382491 1
gene 1 1683 1393 194952 0 6232 194952 1
gene 4 500 2179 -215790 0 6351 -215790 1
gene 4 2179 15 -106248 0 6352 -106248 1
gene 3 12 2179 268758 0 6539 268758 1
gene 1 1975 1975 -281526 1 6578 -281526 1
gene 2 14 2295 -647835 1 6699 -647835 1
gene 2 2295 14 -406857 0 6700 -406857 1
gene 4 4 433 338013 0 7064 338013 1
gene 3 12 235 251496 0 7098 251496 1
gene 1 384 384 -800000 1 7242 -800000 1
gene 2 500 500 -185754 1 7740 -185754 1
gene 2 1393 2794 -466133 0 8152 -466133 1
gene 2 2794 13 313332 0 8153 313332 1
gene 1 1323 1531 472245 0 8182 472245 1
genomeend 50


/* Organism #57 Fitness: 260.000000 Time: 0 */
/* Position #57*/
#1 x: 29 y: 38
#2 x: 58 y: 16
#3 x: 48 y: 36
#4 x: 49 y: 72
#5 x: 38 y: 84
#6 x: 25 y: 71
genomestart 57
trait 1 43007.000000 16300.000000 6994.000000 28041.000000 57524.000000 37112.000000 87908.000000 80535.000000 trait 2 2.000000 0.000000 0.000000 0.000000 0.000000 0.000000 0.000000 0.000000 trait 3 0.000000 0.000000 0.000000 51304.000000 0.000000 13538.000000 70969.000000 30146.000000 trait 4 4.000000 0.000000 0.000000 36940.000000 0.000000 0.000000 43316.000000 37957.000000 node 1 4 1 3
node 2 4 1 1
node 3 1 1 1
node 4 1 1 1
node 5 1 1 1
node 6 2 1 1
node 7 4 1 1
node 8 4 1 1
node 9 2 1 1
node 10 1 1 1
node 11 2 1 1
node 12 4 1 1
node 13 2 0 2
node 14 1 0 2
node 15 3 0 2
node 121 1 0 0
node 235 1 0 0
node 384 1 0 0
node 420 1 0 0
node 433 1 0 0
node 461 1 0 0
node 500 1 0 0
node 516 1 0 0
node 697 3 0 0
node 1018 1 0 0
node 1130 1 0 0
node 1323 3 0 0
node 1393 1 0 0
node 1479 1 0 0
node 1531 4 0 0
node 1683 1 0 0
node 1735 1 0 0
node 1875 3 0 0
node 2034 1 0 0
node 2142 1 0 0
node 2172 1 0 0
node 2206 1 0 0
node 2313 1 0 0
node 2332 1 0 0
node 2368 1 0 0
node 2412 1 0 0
node 2430 1 0 0
node 2481 1 0 0
node 2494 1 0 0
gene 2 1 13 311855 0 1 311855 1
gene 3 2 13 147483 0 2 147483 1
gene 2 3 13 182922 0 3 182922 1
gene 3 4 13 407901 0 4 407901 1
gene 2 5 13 176043 0 5 176043 1
gene 4 6 13 129750 0 6 129750 1
gene 3 7 13 534863 0 7 534863 1
gene 2 8 13 311805 0 8 311805 0
gene 3 9 13 -211188 0 9 -211188 1
gene 2 10 13 5199 0 10 5199 1
gene 2 11 13 34740 0 11 34740 1
gene 4 12 13 276312 0 12 276312 1
gene 2 1 14 800000 0 13 800000 1
gene 2 2 14 754854 0 14 754854 1
gene 4 3 14 -2550 0 15 -2550 1
gene 4 4 14 -231951 0 16 -231951 0
gene 4 5 14 344184 0 17 344184 1
gene 3 6 14 438006 0 18 438006 0
gene 2 7 14 64809 0 19 64809 1
gene 1 8 14 -800000 0 20 -800000 0
gene 3 9 14 101787 0 21 101787 1
gene 1 10 14 294231 0 22 294231 1
gene 1 11 14 244239 0 23 244239 1
gene 4 12 14 -25023 0 24 -25023 1
gene 3 1 15 44265 0 25 44265 1
gene 3 2 15 -269709 0 26 -269709 1
gene 3 3 15 117276 0 27 117276 0
gene 3 4 15 647706 0 28 647706 1
gene 3 5 15 -771402 0 29 -771402 1
gene 1 6 15 -262890 0 30 -262890 1
gene 3 7 15 314706 0 31 314706 0
gene 3 8 15 -67545 0 32 -67545 0
gene 3 9 15 131955 0 33 131955 0
gene 3 10 15 -119727 0 34 -119727 0
gene 2 11 15 142659 0 35 142659 1
gene 4 12 15 258438 0 36 258438 0
gene 4 15 15 -758001 1 174 -758001 0
gene 3 8 121 -138264 0 329 -138264 0
gene 3 121 15 800000 0 330 800000 1
gene 2 5 121 -490074 0 438 -490074 1
gene 2 7 121 -65166 0 483 -65166 0
gene 4 4 235 81936 0 666 81936 1
gene 4 235 14 -63024 0 667 -63024 1
gene 1 1 235 600138 0 753 600138 1
gene 1 9 235 -87708 0 1108 -87708 1
gene 3 10 384 -760220 0 1126 -760220 1
gene 3 384 15 -153104 0 1127 -153104 0
gene 2 14 14 148515 1 1197 148515 1
gene 3 7 420 35547 0 1239 35547 0
gene 3 420 15 -210519 0 1240 -210519 0
gene 3 2 433 181011 0 1284 181011 0
gene 3 433 13 480402 0 1285 480402 1
gene 4 3 461 -604131 0 1352 -604131 1
gene 4 461 14 133281 0 1353 133281 1
gene 4 15 500 28206 1 1453 28206 1
gene 4 500 15 591900 0 1454 591900 1
gene 1 8 516 292974 0 1500 292974 1
gene 1 516 14 268634 0 1501 268634 1
gene 1 384 121 147348 0 1548 147348 1
gene 2 8 461 -507690 0 1965 -507690 1
gene 3 3 697 -273357 0 2038 -273357 0
gene 3 697 15 348015 0 2039 348015 1
gene 2 1 500 195885 0 2133 195885 1
gene 1 3 433 -322368 0 2628 -322368 1
gene 1 516 516 -88908 1 2664 -88908 1
gene 3 8 1018 -344610 0 2997 -344610 1
gene 3 1018 121 313122 0 2998 313122 0
gene 3 15 433 179229 0 3156 179229 1
gene 1 10 1130 -381977 0 3329 -381977 1
gene 1 1130 14 -82587 0 3330 -82587 1
gene 3 500 697 -425046 0 3371 -425046 1
gene 2 3 516 255060 0 3603 255060 1
gene 2 9 1323 95268 0 3885 95268 0
gene 2 1323 14 -199413 0 3886 -199413 0
gene 2 121 420 -20340 0 3959 -20340 0
gene 2 8 1393 128430 0 4093 128430 0
gene 2 1393 13 -87252 0 4094 -87252 1
gene 1 11 1479 -127812 0 4325 -127812 1
gene 1 1479 14 -39282 0 4326 -39282 1
gene 4 12 1531 -17283 0 4477 -17283 1
gene 4 1531 15 -307305 0 4478 -307305 1
gene 3 1393 433 -185181 0 4734 -185181 1
gene 2 1323 1683 374391 0 4950 374391 1
gene 2 1683 14 -800000 0 4951 -800000 1
gene 3 6 1735 203550 0 5103 203550 1
gene 3 1735 14 -148269 0 5104 -148269 1
gene 1 5 516 711588 0 5346 711588 1
gene 1 516 433 18753 0 5443 18753 1
gene 3 2 1875 142965 0 5505 142965 1
gene 3 1875 433 -52533 0 5506 -52533 1
gene 1 1683 461 232395 0 5687 232395 1
gene 1 516 121 -273759 0 5877 -273759 1
gene 3 3 2034 -362214 0 5939 -362214 1
gene 3 2034 697 -11865 0 5940 -11865 1
gene 3 5 1479 -75867 0 6157 -75867 1
gene 3 7 2142 800000 0 6248 800000 1
gene 3 2142 420 113343 0 6249 113343 1
gene 3 420 2172 -10251 0 6332 -10251 1
gene 3 2172 15 -6168 0 6333 -6168 1
gene 2 1735 1735 399879 1 6388 399879 1
gene 2 8 2206 278265 0 6436 278265 0
gene 2 2206 1393 -34236 0 6437 -34236 1
gene 2 121 2313 191112 0 6747 191112 0
gene 2 2313 420 -210357 0 6748 -210357 1
gene 2 9 2332 349226 0 6797 349226 1
gene 2 2332 1323 116631 0 6798 116631 1
gene 4 1323 2034 -128871 0 6848 -128871 1
gene 2 7 2368 380613 0 6897 380613 1
gene 2 2368 121 127035 0 6898 127035 1
gene 3 8 2412 -231630 0 7028 -231630 1
gene 3 2412 15 -5451 0 7029 -5451 1
gene 2 8 2430 65226 0 7088 65226 1
gene 2 2430 2206 -200484 0 7089 -200484 1
gene 2 121 2481 40908 0 7252 40908 1
gene 2 2481 2313 398603 0 7253 398603 1
gene 3 9 2494 724131 0 7292 724131 1
gene 3 2494 15 49257 0 7293 49257 1
gene 2 1479 384 342789 0 7389 342789 1
gene 2 121 2142 -411516 0 7445 -411516 1
gene 2 6 433 -40155 0 7711 -40155 1
gene 2 13 2494 -27954 1 8204 -27954 1
gene 2 2430 2430 167418 1 8276 167418 1
genomeend 57


/* Organism #58 Fitness: 380.000000 Time: 0 */
/* Position #58*/
#1 x: 71 y: 19
#2 x: 22 y: 34
#3 x: 56 y: 29
#4 x: 76 y: 68
#5 x: 58 y: 77
#6 x: 17 y: 62
genomestart 58
trait 1 43007.000000 16300.000000 6994.000000 28041.000000 57524.000000 37112.000000 87908.000000 80535.000000 trait 2 2.000000 0.000000 0.000000 0.000000 0.000000 0.000000 0.000000 0.000000 trait 3 0.000000 0.000000 0.000000 51304.000000 0.000000 13538.000000 70969.000000 30146.000000 trait 4 4.000000 0.000000 0.000000 36940.000000 0.000000 0.000000 43316.000000 37957.000000 node 1 4 1 3
node 2 4 1 1
node 3 1 1 1
node 4 1 1 1
node 5 1 1 1
node 6 2 1 1
node 7 4 1 1
node 8 4 1 1
node 9 2 1 1
node 10 1 1 1
node 11 2 1 1
node 12 4 1 1
node 13 2 0 2
node 14 1 0 2
node 15 3 0 2
node 121 1 0 0
node 235 1 0 0
node 384 1 0 0
node 420 1 0 0
node 433 1 0 0
node 461 1 0 0
node 500 1 0 0
node 516 1 0 0
node 697 3 0 0
node 1018 1 0 0
node 1130 1 0 0
node 1323 3 0 0
node 1393 1 0 0
node 1479 1 0 0
node 1531 4 0 0
node 1683 1 0 0
node 1735 1 0 0
node 1875 1 0 0
node 2034 1 0 0
node 2142 1 0 0
node 2172 1 0 0
node 2206 1 0 0
node 2313 1 0 0
node 2332 1 0 0
node 2368 1 0 0
node 2491 1 0 0
node 2512 1 0 0
node 2530 1 0 0
node 2547 1 0 0
node 2692 1 0 0
node 2786 1 0 0
gene 2 1 13 185535 0 1 185535 1
gene 3 2 13 -364265 0 2 -364265 1
gene 2 3 13 273759 0 3 273759 1
gene 3 4 13 -407367 0 4 -407367 1
gene 2 5 13 395925 0 5 395925 0
gene 4 6 13 -438975 0 6 -438975 1
gene 3 7 13 800000 0 7 800000 1
gene 2 8 13 -256356 0 8 -256356 0
gene 3 9 13 445611 0 9 445611 1
gene 2 10 13 -52341 0 10 -52341 0
gene 2 11 13 -300969 0 11 -300969 1
gene 4 12 13 -11514 0 12 -11514 1
gene 2 1 14 -721053 0 13 -721053 1
gene 2 2 14 24759 0 14 24759 1
gene 4 3 14 486237 0 15 486237 0
gene 4 4 14 -25518 0 16 -25518 0
gene 4 5 14 -737610 0 17 -737610 1
gene 3 6 14 139191 0 18 139191 0
gene 2 7 14 583895 0 19 583895 1
gene 1 8 14 -54222 0 20 -54222 0
gene 3 9 14 -482958 0 21 -482958 1
gene 1 10 14 -161241 0 22 -161241 1
gene 1 11 14 223629 0 23 223629 1
gene 4 12 14 443064 0 24 443064 1
gene 3 1 15 -442830 0 25 -442830 1
gene 3 2 15 -579072 0 26 -579072 1
gene 3 3 15 -259437 0 27 -259437 0
gene 3 4 15 125508 0 28 125508 1
gene 3 5 15 63648 0 29 63648 1
gene 1 6 15 84987 0 30 84987 1
gene 3 7 15 -678749 0 31 -678749 1
gene 3 8 15 33378 0 32 33378 1
gene 3 9 15 -41049 0 33 -41049 1
gene 3 10 15 -284520 0 34 -284520 0
gene 2 11 15 -386469 0 35 -386469 1
gene 4 12 15 -324078 0 36 -324078 0
gene 4 15 15 198822 1 174 198822 0
gene 3 8 121 127530 0 329 127530 0
gene 3 121 15 -74238 0 330 -74238 1
gene 2 5 121 204444 0 438 204444 1
gene 2 7 121 132837 0 483 132837 0
gene 4 4 235 -237138 0 666 -237138 1
gene 4 235 14 -800000 0 667 -800000 1
gene 1 1 235 -108597 0 753 -108597 1
gene 3 9 235 -354231 0 1108 -354231 1
gene 3 10 384 -30333 0 1126 -30333 1
gene 3 384 15 39036 0 1127 39036 1
gene 2 14 14 -347619 1 1197 -347619 1
gene 3 7 420 -731949 0 1239 -731949 0
gene 3 420 15 33615 0 1240 33615 0
gene 3 2 433 -97365 0 1284 -97365 1
gene 3 433 13 -82794 0 1285 -82794 1
gene 4 3 461 -200442 0 1352 -200442 1
gene 4 461 14 -141060 0 1353 -141060 1
gene 4 15 500 69849 1 1453 69849 1
gene 4 500 15 -800000 0 1454 -800000 1
gene 1 8 516 53094 0 1500 53094 1
gene 1 516 14 -98952 0 1501 -98952 1
gene 1 384 121 202068 0 1548 202068 1
gene 2 8 461 225303 0 1965 225303 1
gene 3 3 697 530186 0 2038 530186 1
gene 3 697 15 321849 0 2039 321849 1
gene 2 1 500 800000 0 2133 800000 1
gene 1 3 433 -133788 0 2628 -133788 1
gene 1 516 516 -93684 1 2664 -93684 1
gene 3 8 1018 -292413 0 2997 -292413 1
gene 3 1018 121 -27294 0 2998 -27294 0
gene 3 15 433 -127284 0 3156 -127284 1
gene 1 10 1130 186909 0 3329 186909 1
gene 1 1130 14 -87009 0 3330 -87009 1
gene 3 500 697 416217 0 3371 416217 1
gene 2 3 516 28005 0 3603 28005 1
gene 2 9 1323 106251 0 3885 106251 0
gene 2 1323 14 -50511 0 3886 -50511 0
gene 2 121 420 390069 0 3959 390069 1
gene 2 8 1393 72273 0 4093 72273 1
gene 2 1393 13 -147192 0 4094 -147192 1
gene 1 11 1479 -398142 0 4325 -398142 1
gene 1 1479 14 44091 0 4326 44091 1
gene 4 12 1531 47547 0 4477 47547 1
gene 4 1531 15 -800000 0 4478 -800000 1
gene 3 1393 433 -478767 0 4734 -478767 1
gene 2 1323 1683 225861 0 4950 225861 1
gene 2 1683 14 -268194 0 4951 -268194 1
gene 3 6 1735 -9435 0 5103 -9435 1
gene 3 1735 14 281235 0 5104 281235 1
gene 1 5 516 155379 0 5346 155379 1
gene 1 516 433 -462027 0 5443 -462027 1
gene 3 2 1875 205803 0 5505 205803 1
gene 3 1875 433 280218 0 5506 280218 1
gene 1 1683 461 173664 0 5687 173664 1
gene 1 516 121 163038 0 5877 163038 1
gene 3 3 2034 9072 0 5939 9072 1
gene 3 2034 697 526602 0 5940 526602 1
gene 3 5 1479 800000 0 6157 800000 1
gene 3 7 2142 710358 0 6248 710358 1
gene 3 2142 420 -39897 0 6249 -39897 1
gene 3 420 2172 -19836 0 6332 -19836 1
gene 3 2172 15 -800000 0 6333 -800000 1
gene 2 1735 1735 152829 1 6388 152829 1
gene 2 8 2206 -660885 0 6436 -660885 1
gene 2 2206 1393 199470 0 6437 199470 1
gene 2 121 2313 333180 0 6747 333180 1
gene 2 2313 420 578339 0 6748 578339 1
gene 2 9 2332 230037 0 6797 230037 1
gene 2 2332 1323 165897 0 6798 165897 1
gene 4 1323 2034 72774 0 6848 72774 1
gene 2 7 2368 -254634 0 6897 -254634 1
gene 2 2368 121 -431595 0 6898 -431595 1
gene 2 384 1531 325659 0 7018 325659 1
gene 2 2142 1018 -169179 0 7205 -169179 1
gene 3 2206 2034 385680 0 7245 385680 1
gene 2 7 2491 216159 0 7283 216159 1
gene 2 2491 2368 140838 0 7284 140838 1
gene 2 5 2512 -396699 0 7337 -396699 1
gene 2 2512 13 249435 0 7338 249435 1
gene 2 10 2530 266748 0 7387 266748 1
gene 2 2530 13 -221868 0 7388 -221868 1
gene 3 9 2547 306546 0 7440 306546 1
gene 3 2547 13 -399183 0 7441 -399183 1
gene 2 2530 1479 366876 0 7594 366876 1
gene 1 1479 2692 -379569 0 7856 -379569 1
gene 1 2692 14 284580 0 7857 284580 1
gene 3 4 1130 218448 0 7980 218448 1
gene 4 3 2786 223398 0 8132 223398 1
gene 4 2786 14 64569 0 8133 64569 1
genomeend 58


/* Organism #78 Fitness: 290.000000 Time: 0 */
/* Position #78*/
#1 x: 85 y: 36
#2 x: 74 y: 15
#3 x: 61 y: 37
#4 x: 35 y: 72
#5 x: 85 y: 70
#6 x: 24 y: 64
genomestart 78
trait 1 43007.000000 16300.000000 6994.000000 28041.000000 57524.000000 37112.000000 87908.000000 80535.000000 trait 2 2.000000 0.000000 0.000000 0.000000 0.000000 0.000000 0.000000 0.000000 trait 3 0.000000 0.000000 0.000000 51304.000000 0.000000 13538.000000 70969.000000 30146.000000 trait 4 4.000000 0.000000 0.000000 36940.000000 0.000000 0.000000 43316.000000 37957.000000 node 1 4 1 3
node 2 4 1 1
node 3 1 1 1
node 4 1 1 1
node 5 1 1 1
node 6 2 1 1
node 7 4 1 1
node 8 4 1 1
node 9 2 1 1
node 10 1 1 1
node 11 2 1 1
node 12 4 1 1
node 13 2 0 2
node 14 1 0 2
node 15 3 0 2
node 121 1 0 0
node 235 1 0 0
node 384 1 0 0
node 420 1 0 0
node 433 1 0 0
node 461 1 0 0
node 500 1 0 0
node 516 1 0 0
node 697 3 0 0
node 1018 1 0 0
node 1130 1 0 0
node 1323 3 0 0
node 1393 1 0 0
node 1479 1 0 0
node 1531 4 0 0
node 1683 1 0 0
node 1735 1 0 0
node 1875 3 0 0
node 2034 1 0 0
node 2142 1 0 0
node 2172 1 0 0
node 2206 1 0 0
node 2313 1 0 0
node 2332 1 0 0
node 2368 1 0 0
node 2412 1 0 0
node 2430 1 0 0
node 2481 1 0 0
node 2494 1 0 0
gene 2 1 13 547307 0 1 547307 1
gene 3 2 13 635483 0 2 635483 1
gene 2 3 13 55023 0 3 55023 1
gene 3 4 13 -167448 0 4 -167448 1
gene 2 5 13 -67842 0 5 -67842 1
gene 4 6 13 -88059 0 6 -88059 1
gene 3 7 13 204462 0 7 204462 1
gene 2 8 13 166254 0 8 166254 0
gene 3 9 13 -160508 0 9 -160508 1
gene 2 10 13 -145380 0 10 -145380 1
gene 2 11 13 -591777 0 11 -591777 1
gene 4 12 13 98721 0 12 98721 1
gene 2 1 14 800000 0 13 800000 1
gene 2 2 14 470850 0 14 470850 1
gene 4 3 14 -264480 0 15 -264480 1
gene 4 4 14 -277962 0 16 -277962 0
gene 4 5 14 463653 0 17 463653 1
gene 3 6 14 343956 0 18 343956 0
gene 2 7 14 -33627 0 19 -33627 1
gene 1 8 14 -364512 0 20 -364512 0
gene 3 9 14 -213171 0 21 -213171 1
gene 1 10 14 477159 0 22 477159 1
gene 1 11 14 -152916 0 23 -152916 1
gene 4 12 14 -23304 0 24 -23304 1
gene 3 1 15 46983 0 25 46983 1
gene 3 2 15 174336 0 26 174336 1
gene 3 3 15 237894 0 27 237894 0
gene 3 4 15 308361 0 28 308361 1
gene 3 5 15 -43911 0 29 -43911 1
gene 1 6 15 -62322 0 30 -62322 1
gene 3 7 15 90141 0 31 90141 0
gene 3 8 15 -143061 0 32 -143061 0
gene 3 9 15 533724 0 33 533724 0
gene 3 10 15 -173691 0 34 -173691 0
gene 2 11 15 367728 0 35 367728 1
gene 4 12 15 -558017 0 36 -558017 0
gene 4 15 15 -408528 1 174 -408528 0
gene 3 8 121 -140097 0 329 -140097 0
gene 3 121 15 265194 0 330 265194 1
gene 2 5 121 -716286 0 438 -716286 1
gene 2 7 121 613407 0 483 613407 0
gene 4 4 235 407184 0 666 407184 1
gene 4 235 14 -236496 0 667 -236496 1
gene 1 1 235 315390 0 753 315390 1
gene 1 9 235 -56274 0 1108 -56274 1
gene 3 10 384 177576 0 1126 177576 1
gene 3 384 15 70363 0 1127 70363 0
gene 2 14 14 237780 1 1197 237780 1
gene 3 7 420 -168477 0 1239 -168477 0
gene 3 420 15 17532 0 1240 17532 0
gene 3 2 433 228108 0 1284 228108 0
gene 3 433 13 553167 0 1285 553167 1
gene 4 3 461 13395 0 1352 13395 1
gene 4 461 14 -250584 0 1353 -250584 1
gene 4 15 500 -240750 1 1453 -240750 1
gene 4 500 15 800000 0 1454 800000 1
gene 1 8 516 -31299 0 1500 -31299 1
gene 1 516 14 231923 0 1501 231923 1
gene 1 384 121 -297357 0 1548 -297357 1
gene 2 8 461 -192864 0 1965 -192864 1
gene 3 3 697 -799398 0 2038 -799398 0
gene 3 697 15 233871 0 2039 233871 1
gene 2 1 500 238263 0 2133 238263 1
gene 1 3 433 -250881 0 2628 -250881 1
gene 1 516 516 112851 1 2664 112851 1
gene 3 8 1018 268770 0 2997 268770 1
gene 3 1018 121 10065 0 2998 10065 0
gene 3 15 433 46176 0 3156 46176 1
gene 1 10 1130 73732 0 3329 73732 1
gene 1 1130 14 235194 0 3330 235194 1
gene 3 500 697 -225945 0 3371 -225945 1
gene 2 3 516 390969 0 3603 390969 1
gene 2 9 1323 300702 0 3885 300702 0
gene 2 1323 14 7593 0 3886 7593 0
gene 2 121 420 -25476 0 3959 -25476 0
gene 2 8 1393 318624 0 4093 318624 0
gene 2 1393 13 130185 0 4094 130185 1
gene 1 11 1479 -588864 0 4325 -588864 1
gene 1 1479 14 132267 0 4326 132267 1
gene 4 12 1531 -187062 0 4477 -187062 1
gene 4 1531 15 226530 0 4478 226530 1
gene 3 1393 433 -554355 0 4734 -554355 1
gene 2 1323 1683 711105 0 4950 711105 1
gene 2 1683 14 -800000 0 4951 -800000 1
gene 3 6 1735 266349 0 5103 266349 1
gene 3 1735 14 -70686 0 5104 -70686 1
gene 1 5 516 378180 0 5346 378180 1
gene 1 516 433 -85779 0 5443 -85779 1
gene 3 2 1875 54279 0 5505 54279 1
gene 3 1875 433 -201372 0 5506 -201372 1
gene 1 1683 461 -150414 0 5687 -150414 1
gene 1 516 121 -18765 0 5877 -18765 1
gene 3 3 2034 136599 0 5939 136599 1
gene 3 2034 697 -210456 0 5940 -210456 1
gene 3 5 1479 -239868 0 6157 -239868 1
gene 3 7 2142 122367 0 6248 122367 1
gene 3 2142 420 -130521 0 6249 -130521 1
gene 3 420 2172 196233 0 6332 196233 1
gene 3 2172 15 -139959 0 6333 -139959 1
gene 2 1735 1735 58557 1 6388 58557 1
gene 2 8 2206 4650 0 6436 4650 0
gene 2 2206 1393 267123 0 6437 267123 1
gene 2 121 2313 246768 0 6747 246768 0
gene 2 2313 420 -100092 0 6748 -100092 1
gene 2 9 2332 127989 0 6797 127989 1
gene 2 2332 1323 168030 0 6798 168030 1
gene 4 1323 2034 2073 0 6848 2073 1
gene 2 7 2368 -296532 0 6897 -296532 1
gene 2 2368 121 800000 0 6898 800000 1
gene 3 8 2412 -315027 0 7028 -315027 1
gene 3 2412 15 -334095 0 7029 -334095 1
gene 2 8 2430 -137805 0 7088 -137805 1
gene 2 2430 2206 -130209 0 7089 -130209 1
gene 2 121 2481 -280647 0 7252 -280647 1
gene 2 2481 2313 183977 0 7253 183977 1
gene 3 9 2494 532782 0 7292 532782 1
gene 3 2494 15 -178356 0 7293 -178356 1
gene 2 1479 384 -10611 0 7389 -10611 1
gene 2 121 2142 43407 0 7445 43407 1
gene 2 6 433 -342303 0 7711 -342303 1
gene 2 13 2494 89136 1 8204 89136 1
gene 2 2430 2430 -162822 1 8276 -162822 1
genomeend 78


