/* Organism #3 Fitness: 210.000000 Time: 0 */
/* Position #3*/
#1 x: 85 y: 33
#2 x: 44 y: 30
#3 x: 66 y: 21
#4 x: 85 y: 70
#5 x: 59 y: 73
#6 x: 21 y: 84
genomestart 3
trait 1 1.000000 0.000000 0.000000 0.000000 0.000000 0.000000 0.000000 0.000000 trait 2 3470.000000 0.000000 85546.000000 61038.000000 0.000000 0.000000 0.000000 53253.000000 trait 3 0.000000 0.000000 0.000000 0.000000 52930.000000 0.000000 0.000000 0.000000 trait 4 0.000000 0.000000 0.000000 47080.000000 0.000000 0.000000 0.000000 0.000000 node 1 3 1 3
node 2 3 1 1
node 3 1 1 1
node 4 2 1 1
node 5 4 1 1
node 6 3 1 1
node 7 2 1 1
node 8 3 1 1
node 9 1 1 1
node 10 1 1 1
node 11 1 1 1
node 12 1 1 1
node 13 3 0 2
node 14 3 0 2
node 15 4 0 2
node 30 1 0 0
node 156 1 0 0
node 183 1 0 0
node 207 1 0 0
node 238 1 0 0
node 310 1 0 0
node 388 1 0 0
node 419 1 0 0
node 455 1 0 0
node 591 1 0 0
node 612 1 0 0
node 646 1 0 0
node 695 1 0 0
node 758 1 0 0
node 873 1 0 0
node 1020 1 0 0
node 1051 1 0 0
node 1115 1 0 0
node 1176 1 0 0
node 1333 1 0 0
node 1364 1 0 0
node 1395 1 0 0
node 1426 1 0 0
node 1497 1 0 0
node 1539 2 0 0
node 1566 1 0 0
node 1630 1 0 0
node 1670 1 0 0
node 1890 1 0 0
node 1970 1 0 0
node 1977 1 0 0
node 2080 1 0 0
node 2142 1 0 0
node 2215 1 0 0
node 2238 1 0 0
node 2470 1 0 0
node 2525 1 0 0
node 2558 1 0 0
node 2594 1 0 0
node 2626 1 0 0
node 2817 1 0 0
node 2912 1 0 0
node 2948 1 0 0
node 2985 1 0 0
node 3082 1 0 0
node 3136 1 0 0
node 3153 1 0 0
node 3198 1 0 0
node 3268 1 0 0
node 3304 1 0 0
node 3366 1 0 0
gene 2 1 13 -484215 0 1 -484215 1
gene 2 2 13 370958 0 2 370958 1
gene 2 3 13 -135750 0 3 -135750 0
gene 1 4 13 -625478 0 4 -625478 0
gene 1 5 13 -800000 0 5 -800000 0
gene 3 6 13 -412080 0 6 -412080 1
gene 4 7 13 -431646 0 7 -431646 0
gene 1 8 13 -46023 0 8 -46023 1
gene 3 9 13 -220661 0 9 -220661 1
gene 4 10 13 -227046 0 10 -227046 1
gene 4 11 13 459816 0 11 459816 1
gene 3 12 13 446890 0 12 446890 0
gene 1 1 14 -162465 0 13 -162465 1
gene 2 2 14 -72264 0 14 -72264 0
gene 1 3 14 246996 0 15 246996 1
gene 3 4 14 -71775 0 16 -71775 0
gene 2 5 14 -800000 0 17 -800000 1
gene 4 6 14 64899 0 18 64899 1
gene 3 7 14 68052 0 19 68052 0
gene 3 8 14 -725900 0 20 -725900 1
gene 1 9 14 800000 0 21 800000 0
gene 1 10 14 453111 0 22 453111 0
gene 3 11 14 -129510 0 23 -129510 1
gene 4 12 14 800000 0 24 800000 0
gene 1 1 15 -246786 0 25 -246786 1
gene 2 2 15 -319266 0 26 -319266 1
gene 2 3 15 499779 0 27 499779 1
gene 3 4 15 493008 0 28 493008 1
gene 2 5 15 -442692 0 29 -442692 0
gene 2 6 15 176961 0 30 176961 0
gene 3 7 15 -348900 0 31 -348900 0
gene 4 8 15 234852 0 32 234852 1
gene 3 9 15 -129135 0 33 -129135 1
gene 1 10 15 800000 0 34 800000 1
gene 2 11 15 -646176 0 35 -646176 1
gene 2 12 15 401586 0 36 401586 1
gene 2 2 30 446568 0 68 446568 1
gene 2 30 14 800000 0 69 800000 0
gene 4 12 30 800000 0 128 800000 0
gene 4 13 14 -526428 0 154 -526428 1
gene 1 5 156 104709 0 401 104709 0
gene 1 156 13 347466 0 402 347466 0
gene 2 11 183 497079 0 483 497079 1
gene 2 183 15 -546156 0 484 -546156 0
gene 2 3 207 -800000 0 547 -800000 0
gene 2 207 13 -759798 0 548 -759798 1
gene 2 5 238 -395442 0 628 -395442 0
gene 2 238 15 -708633 0 629 -708633 1
gene 3 10 183 -800000 0 685 -800000 0
gene 3 9 207 119034 0 756 119034 0
gene 4 12 310 800000 0 820 800000 0
gene 4 310 30 -560067 0 821 -560067 0
gene 3 10 388 517751 0 1034 517751 1
gene 3 388 183 -81498 0 1035 -81498 1
gene 3 7 419 -800000 0 1104 -800000 1
gene 3 419 15 268266 0 1105 268266 0
gene 1 9 455 777594 0 1202 777594 1
gene 1 455 14 -285705 0 1203 -285705 1
gene 1 455 455 85725 1 1275 85725 0
gene 3 419 591 120981 0 1555 120981 0
gene 3 591 15 -49584 0 1556 -49584 1
gene 3 7 612 -800000 0 1605 -800000 1
gene 3 612 14 -106131 0 1606 -106131 1
gene 3 4 646 -172089 0 1691 -172089 1
gene 3 646 14 -73122 0 1692 -73122 1
gene 2 6 388 254226 0 1763 254226 0
gene 1 455 695 -110763 1 1828 -110763 1
gene 1 695 455 -774005 0 1829 -774005 0
gene 1 695 758 -142128 0 1982 -142128 1
gene 1 758 455 -425310 0 1983 -425310 1
gene 2 183 873 -554616 0 2264 -554616 1
gene 2 873 15 523002 0 2265 523002 0
gene 1 310 388 -248727 0 2353 -248727 1
gene 1 13 591 -15219 0 2547 -15219 1
gene 2 3 1020 25314 0 2638 25314 0
gene 2 1020 13 -560444 0 2639 -560444 0
gene 2 1020 1051 537866 0 2713 537866 0
gene 2 1051 13 370614 0 2714 370614 0
gene 2 5 1115 -301839 0 2879 -301839 1
gene 2 1115 238 -222068 0 2880 -222068 1
gene 2 758 14 -6597 0 2964 -6597 0
gene 3 419 1176 -69360 0 3035 -69360 1
gene 3 1176 591 91005 0 3036 91005 1
gene 1 183 646 555984 0 3271 555984 1
gene 3 1115 1115 -800000 1 3343 -800000 1
gene 1 156 1333 481029 0 3426 481029 1
gene 1 1333 13 800000 0 3427 800000 1
gene 1 4 1364 166494 0 3506 166494 0
gene 1 1364 13 -46383 0 3507 -46383 0
gene 4 310 1395 -283530 0 3583 -283530 1
gene 4 1395 30 -535914 0 3584 -535914 1
gene 2 1020 1426 800000 0 3664 800000 1
gene 2 1426 1051 -676334 0 3665 -676334 0
gene 2 873 1497 -681290 0 3832 -681290 1
gene 2 1497 15 306468 0 3833 306468 1
gene 1 1364 1539 -395255 0 3947 -395255 1
gene 1 1539 13 199500 0 3948 199500 1
gene 4 12 1566 209259 0 4011 209259 1
gene 4 1566 310 -299781 0 4012 -299781 1
gene 3 1539 1426 432123 0 4094 432123 0
gene 4 12 1630 283995 0 4176 283995 0
gene 4 1630 14 -800000 0 4177 -800000 1
gene 2 3 1670 -362823 0 4273 -362823 1
gene 2 1670 1020 390246 0 4274 390246 1
gene 3 9 1497 710892 0 4364 710892 0
gene 1 591 1566 327624 0 4566 327624 1
gene 1 1 758 26902 0 4631 26902 1
gene 1 4 1890 -364284 0 4830 -364284 0
gene 1 1890 1364 702789 0 4831 702789 1
gene 2 758 1970 184764 0 5021 184764 0
gene 2 1970 14 -387741 0 5022 -387741 1
gene 2 1426 1977 -451991 0 5037 -451991 1
gene 2 1977 1051 552279 0 5038 552279 1
gene 1 1176 15 -800000 0 5216 -800000 1
gene 2 758 2080 57438 0 5291 57438 1
gene 2 2080 1970 -222156 0 5292 -222156 1
gene 2 3 2142 152215 0 5443 152215 1
gene 2 2142 207 461805 0 5444 461805 1
gene 3 9 2215 56421 0 5624 56421 1
gene 3 2215 1497 -130350 0 5625 -130350 1
gene 1 1539 2238 348057 0 5680 348057 1
gene 3 2238 1426 74781 0 5681 74781 1
gene 4 1176 1970 -272091 0 5772 -272091 0
gene 3 9 1176 -191490 0 6102 -191490 1
gene 4 238 1670 -28347 0 6169 -28347 1
gene 3 9 2470 246642 0 6281 246642 1
gene 3 2470 207 288198 0 6282 288198 1
gene 4 1539 1539 -624339 1 6362 -624339 1
gene 2 30 2525 -125618 0 6422 -125618 1
gene 2 2525 14 -291918 0 6423 -291918 1
gene 2 6 2558 -21711 0 6504 -21711 1
gene 2 2558 15 -105519 0 6505 -105519 0
gene 4 12 2594 -26133 0 6591 -26133 1
gene 4 2594 1630 -157752 0 6592 -157752 0
gene 2 1051 2626 -469854 0 6672 -469854 1
gene 2 2626 13 -457067 0 6673 -457067 1
gene 1 1 1670 19026 0 7023 19026 1
gene 2 10 1020 266772 0 7097 266772 1
gene 2 2558 2817 -259491 0 7170 -259491 1
gene 2 2817 15 -66048 0 7171 -66048 1
gene 1 9 2238 69253 0 7242 69253 1
gene 1 2594 15 94288 0 7340 94288 0
gene 4 7 2912 517309 0 7409 517309 1
gene 4 2912 13 306894 0 7410 306894 1
gene 3 12 2948 305883 0 7508 305883 1
gene 3 2948 13 -570042 0 7509 -570042 1
gene 1 4 2985 200172 0 7598 200172 1
gene 1 2985 1890 134805 0 7599 134805 1
gene 1 2594 3082 459607 0 7850 459607 1
gene 1 3082 15 -227649 0 7851 -227649 1
gene 1 5 3136 241350 0 7985 241350 1
gene 1 3136 156 -254988 0 7986 -254988 1
gene 1 10 3153 -214674 0 8034 -214674 1
gene 1 3153 14 -1596 0 8035 -1596 0
gene 1 3153 3198 -290910 0 8141 -290910 1
gene 1 3198 14 113577 0 8142 113577 1
gene 3 310 1497 -185010 0 8226 -185010 1
gene 2 6 3268 77917 0 8322 77917 1
gene 2 3268 388 166455 0 8323 166455 1
gene 4 2594 3304 23056 0 8418 23056 1
gene 4 3304 1630 150525 0 8419 150525 1
gene 4 1176 3366 112675 0 8576 112675 1
gene 4 3366 1970 -271011 0 8577 -271011 1
genomeend 3


/* Organism #6 Fitness: 250.000000 Time: 0 */
/* Position #6*/
#1 x: 19 y: 33
#2 x: 59 y: 28
#3 x: 33 y: 23
#4 x: 85 y: 60
#5 x: 30 y: 70
#6 x: 20 y: 81
genomestart 6
trait 1 1.000000 0.000000 0.000000 0.000000 0.000000 0.000000 0.000000 0.000000 trait 2 3470.000000 84578.000000 100000.000000 100000.000000 0.000000 0.000000 0.000000 0.000000 trait 3 0.000000 0.000000 0.000000 0.000000 52930.000000 0.000000 0.000000 0.000000 trait 4 0.000000 0.000000 0.000000 47080.000000 0.000000 0.000000 0.000000 0.000000 node 1 3 1 3
node 2 3 1 1
node 3 1 1 1
node 4 2 1 1
node 5 4 1 1
node 6 3 1 1
node 7 2 1 1
node 8 3 1 1
node 9 1 1 1
node 10 1 1 1
node 11 1 1 1
node 12 1 1 1
node 13 3 0 2
node 14 3 0 2
node 15 4 0 2
node 30 1 0 0
node 156 1 0 0
node 183 1 0 0
node 207 1 0 0
node 238 1 0 0
node 310 1 0 0
node 388 1 0 0
node 419 1 0 0
node 455 1 0 0
node 591 1 0 0
node 612 1 0 0
node 646 1 0 0
node 695 1 0 0
node 758 1 0 0
node 873 1 0 0
node 1020 1 0 0
node 1051 1 0 0
node 1115 1 0 0
node 1176 1 0 0
node 1333 1 0 0
node 1364 1 0 0
node 1395 1 0 0
node 1426 1 0 0
node 1497 1 0 0
node 1539 2 0 0
node 1566 1 0 0
node 1630 1 0 0
node 1670 1 0 0
node 1890 1 0 0
node 1970 1 0 0
node 1977 1 0 0
node 2080 1 0 0
node 2142 1 0 0
node 2215 1 0 0
node 2238 1 0 0
node 2470 1 0 0
node 2525 1 0 0
node 2558 1 0 0
node 2594 1 0 0
node 2626 1 0 0
node 2817 1 0 0
node 2912 1 0 0
node 2984 1 0 0
node 3075 1 0 0
node 3146 1 0 0
node 3312 1 0 0
node 3369 1 0 0
gene 2 1 13 -439584 0 1 -439584 1
gene 2 2 13 286772 0 2 286772 1
gene 2 3 13 -397587 0 3 -397587 0
gene 1 4 13 149269 0 4 149269 0
gene 1 5 13 -524168 0 5 -524168 0
gene 3 6 13 -482847 0 6 -482847 1
gene 4 7 13 -320859 0 7 -320859 0
gene 1 8 13 347526 0 8 347526 1
gene 3 9 13 -273930 0 9 -273930 1
gene 4 10 13 -299577 0 10 -299577 1
gene 4 11 13 65571 0 11 65571 1
gene 3 12 13 -339461 0 12 -339461 0
gene 1 1 14 299949 0 13 299949 1
gene 2 2 14 -149382 0 14 -149382 0
gene 1 3 14 -562554 0 15 -562554 1
gene 2 4 14 371532 0 16 371532 0
gene 2 5 14 -538274 0 17 -538274 1
gene 4 6 14 -378771 0 18 -378771 1
gene 3 7 14 246930 0 19 246930 0
gene 3 8 14 -780456 0 20 -780456 1
gene 1 9 14 749192 0 21 749192 0
gene 1 10 14 706779 0 22 706779 1
gene 3 11 14 -117558 0 23 -117558 1
gene 4 12 14 324516 0 24 324516 0
gene 1 1 15 460854 0 25 460854 1
gene 2 2 15 -425391 0 26 -425391 1
gene 2 3 15 -98805 0 27 -98805 1
gene 3 4 15 36048 0 28 36048 1
gene 2 5 15 335118 0 29 335118 0
gene 2 6 15 259863 0 30 259863 0
gene 3 7 15 -437109 0 31 -437109 0
gene 4 8 15 503045 0 32 503045 1
gene 3 9 15 -535967 0 33 -535967 1
gene 1 10 15 308982 0 34 308982 1
gene 2 11 15 -87426 0 35 -87426 1
gene 2 12 15 230154 0 36 230154 1
gene 2 2 30 180495 0 68 180495 1
gene 2 30 14 502691 0 69 502691 0
gene 4 12 30 800000 0 128 800000 0
gene 4 13 14 -264612 0 154 -264612 1
gene 1 5 156 165339 0 401 165339 1
gene 1 156 13 310422 0 402 310422 0
gene 2 11 183 228315 0 483 228315 1
gene 2 183 15 -252510 0 484 -252510 0
gene 2 3 207 -253620 0 547 -253620 0
gene 2 207 13 -284682 0 548 -284682 1
gene 2 5 238 -200187 0 628 -200187 0
gene 2 238 15 -23316 0 629 -23316 1
gene 3 10 183 -490343 0 685 -490343 0
gene 3 9 207 390102 0 756 390102 0
gene 4 12 310 -451338 0 820 -451338 0
gene 4 310 30 606156 0 821 606156 0
gene 3 10 388 -16596 0 1034 -16596 1
gene 3 388 183 143775 0 1035 143775 1
gene 3 7 419 -645677 0 1104 -645677 1
gene 3 419 15 66057 0 1105 66057 0
gene 1 9 455 177639 0 1202 177639 1
gene 1 455 14 106914 0 1203 106914 1
gene 1 455 455 19245 1 1275 19245 0
gene 3 419 591 122598 0 1555 122598 0
gene 3 591 15 575010 0 1556 575010 1
gene 3 7 612 -800000 0 1605 -800000 1
gene 3 612 14 -358713 0 1606 -358713 1
gene 3 4 646 632532 0 1691 632532 0
gene 3 646 14 -329739 0 1692 -329739 1
gene 2 6 388 484038 0 1763 484038 1
gene 1 455 695 -17727 1 1828 -17727 1
gene 1 695 455 -774023 0 1829 -774023 0
gene 1 695 758 3357 0 1982 3357 1
gene 1 758 455 86292 0 1983 86292 1
gene 2 183 873 55494 0 2264 55494 1
gene 2 873 15 344610 0 2265 344610 0
gene 1 310 388 237537 0 2353 237537 1
gene 1 13 591 -65430 0 2547 -65430 1
gene 2 3 1020 60132 0 2638 60132 0
gene 2 1020 13 -800000 0 2639 -800000 0
gene 2 1020 1051 780764 0 2713 780764 0
gene 2 1051 13 410559 0 2714 410559 0
gene 2 5 1115 434133 0 2879 434133 1
gene 2 1115 238 86140 0 2880 86140 1
gene 2 758 14 413073 0 2964 413073 0
gene 3 419 1176 -479241 0 3035 -479241 1
gene 3 1176 591 290529 0 3036 290529 1
gene 1 183 646 70560 0 3271 70560 1
gene 3 1115 1115 -800000 1 3343 -800000 1
gene 1 156 1333 -482826 0 3426 -482826 1
gene 1 1333 13 569727 0 3427 569727 1
gene 1 4 1364 -178425 0 3506 -178425 0
gene 1 1364 13 -541086 0 3507 -541086 0
gene 4 310 1395 -435339 0 3583 -435339 1
gene 4 1395 30 -494679 0 3584 -494679 1
gene 2 1020 1426 293979 0 3664 293979 1
gene 2 1426 1051 -705146 0 3665 -705146 0
gene 2 873 1497 -602012 0 3832 -602012 1
gene 2 1497 15 224484 0 3833 224484 1
gene 1 1364 1539 -630809 0 3947 -630809 1
gene 1 1539 13 679028 0 3948 679028 1
gene 4 12 1566 102117 0 4011 102117 0
gene 4 1566 310 123459 0 4012 123459 1
gene 3 1539 1426 58311 0 4094 58311 0
gene 4 12 1630 190836 0 4176 190836 0
gene 4 1630 14 -247809 0 4177 -247809 1
gene 2 3 1670 108309 0 4273 108309 1
gene 2 1670 1020 248001 0 4274 248001 1
gene 3 9 1497 172695 0 4364 172695 0
gene 1 591 1566 724544 0 4566 724544 1
gene 1 1 758 -800000 0 4631 -800000 1
gene 1 4 1890 128412 0 4830 128412 1
gene 1 1890 1364 -604158 0 4831 -604158 1
gene 2 758 1970 203724 0 5021 203724 0
gene 2 1970 14 -110388 0 5022 -110388 1
gene 2 1426 1977 -480761 0 5037 -480761 1
gene 2 1977 1051 -447018 0 5038 -447018 1
gene 1 1176 15 -372965 0 5216 -372965 1
gene 2 758 2080 589158 0 5291 589158 1
gene 2 2080 1970 292734 0 5292 292734 1
gene 2 3 2142 -78551 0 5443 -78551 1
gene 2 2142 207 311262 0 5444 311262 1
gene 3 9 2215 -507291 0 5624 -507291 1
gene 3 2215 1497 -639507 0 5625 -639507 0
gene 3 1539 2238 60714 0 5680 60714 1
gene 3 2238 1426 -256288 0 5681 -256288 1
gene 4 1176 1970 -85458 0 5772 -85458 0
gene 3 9 1176 114591 0 6102 114591 1
gene 4 238 1670 -217116 0 6169 -217116 1
gene 3 9 2470 471228 0 6281 471228 1
gene 3 2470 207 61971 0 6282 61971 1
gene 4 1539 1539 -797974 1 6362 -797974 1
gene 2 30 2525 271863 0 6422 271863 1
gene 2 2525 14 -221940 0 6423 -221940 1
gene 2 6 2558 177273 0 6504 177273 1
gene 2 2558 15 -94389 0 6505 -94389 0
gene 4 12 2594 45684 0 6591 45684 1
gene 4 2594 1630 128397 0 6592 128397 1
gene 2 1051 2626 584974 0 6672 584974 1
gene 2 2626 13 -800000 0 6673 -800000 1
gene 1 1 1670 119462 0 7023 119462 1
gene 2 10 1020 -105185 0 7097 -105185 1
gene 2 2558 2817 151224 0 7170 151224 1
gene 2 2817 15 9033 0 7171 9033 1
gene 1 9 2238 608773 0 7242 608773 1
gene 1 2594 15 302917 0 7340 302917 0
gene 4 7 2912 -249239 0 7409 -249239 1
gene 4 2912 13 -613653 0 7410 -613653 1
gene 4 1670 207 105311 0 7503 105311 1
gene 1 2594 2984 104580 0 7596 104580 1
gene 1 2984 15 -284960 0 7597 -284960 1
gene 3 4 3075 -302321 0 7834 -302321 1
gene 3 3075 646 -15405 0 7835 -15405 1
gene 4 1176 3146 39661 0 8016 39661 1
gene 4 3146 1970 -293418 0 8017 -293418 1
gene 4 15 30 183156 0 8084 183156 1
gene 2 183 758 28742 0 8153 28742 1
gene 3 873 873 122898 1 8237 122898 1
gene 3 1497 1497 2643 1 8337 2643 1
gene 4 12 3312 89253 0 8434 89253 1
gene 4 3312 1566 87603 0 8435 87603 1
gene 3 2215 3369 1 0 8582 0 1
gene 3 3369 1497 -639507 0 8583 0 1
genomeend 6


/* Organism #14 Fitness: 340.000000 Time: 0 */
/* Position #14*/
#1 x: 35 y: 38
#2 x: 55 y: 39
#3 x: 25 y: 28
#4 x: 39 y: 85
#5 x: 65 y: 75
#6 x: 52 y: 74
genomestart 14
trait 1 1.000000 0.000000 0.000000 0.000000 0.000000 0.000000 0.000000 0.000000 trait 2 2.000000 0.000000 0.000000 0.000000 0.000000 0.000000 0.000000 0.000000 trait 3 0.000000 0.000000 0.000000 0.000000 52930.000000 0.000000 0.000000 0.000000 trait 4 4.000000 0.000000 0.000000 0.000000 0.000000 0.000000 0.000000 0.000000 node 1 3 1 3
node 2 3 1 1
node 3 1 1 1
node 4 2 1 1
node 5 4 1 1
node 6 3 1 1
node 7 2 1 1
node 8 3 1 1
node 9 1 1 1
node 10 1 1 1
node 11 1 1 1
node 12 1 1 1
node 13 3 0 2
node 14 3 0 2
node 15 2 0 2
node 30 1 0 0
node 156 1 0 0
node 183 1 0 0
node 207 1 0 0
node 238 1 0 0
node 310 1 0 0
node 388 1 0 0
node 419 1 0 0
node 455 1 0 0
node 591 1 0 0
node 612 1 0 0
node 646 1 0 0
node 695 1 0 0
node 758 1 0 0
node 873 1 0 0
node 934 1 0 0
node 1136 1 0 0
node 1191 1 0 0
node 1225 1 0 0
node 1350 1 0 0
node 1420 1 0 0
node 1454 1 0 0
node 1488 1 0 0
node 1550 1 0 0
node 1591 1 0 0
node 1626 2 0 0
node 1821 1 0 0
node 1868 2 0 0
node 1975 1 0 0
node 2010 1 0 0
node 2051 1 0 0
node 2192 1 0 0
node 2223 1 0 0
node 2280 1 0 0
node 2365 1 0 0
node 2390 1 0 0
node 2447 1 0 0
node 2570 1 0 0
node 2753 1 0 0
node 2783 1 0 0
node 2922 1 0 0
node 3065 1 0 0
node 3096 1 0 0
node 3185 1 0 0
node 3206 1 0 0
node 3236 1 0 0
node 3278 1 0 0
node 3303 1 0 0
node 3403 1 0 0
gene 2 1 13 317244 0 1 317244 1
gene 2 2 13 800000 0 2 800000 1
gene 2 3 13 -275670 0 3 -275670 1
gene 2 4 13 176799 0 4 176799 1
gene 1 5 13 -351927 0 5 -351927 1
gene 3 6 13 586020 0 6 586020 1
gene 4 7 13 93687 0 7 93687 1
gene 1 8 13 117525 0 8 117525 1
gene 3 9 13 145239 0 9 145239 1
gene 4 10 13 244995 0 10 244995 1
gene 4 11 13 -180258 0 11 -180258 0
gene 3 12 13 -167799 0 12 -167799 0
gene 1 1 14 47307 0 13 47307 1
gene 2 2 14 160200 0 14 160200 0
gene 1 3 14 161838 0 15 161838 1
gene 3 4 14 666000 0 16 666000 1
gene 2 5 14 -597681 0 17 -597681 1
gene 4 6 14 -160815 0 18 -160815 0
gene 3 7 14 354867 0 19 354867 0
gene 3 8 14 510287 0 20 510287 1
gene 1 9 14 -107592 0 21 -107592 1
gene 1 10 14 516789 0 22 516789 1
gene 3 11 14 361866 0 23 361866 1
gene 4 12 14 -190350 0 24 -190350 1
gene 1 1 15 -69669 0 25 -69669 1
gene 2 2 15 -800000 0 26 -800000 1
gene 2 3 15 -737681 0 27 -737681 1
gene 3 4 15 19728 0 28 19728 0
gene 2 5 15 -38061 0 29 -38061 0
gene 2 6 15 -144243 0 30 -144243 1
gene 3 7 15 275520 0 31 275520 0
gene 4 8 15 -484728 0 32 -484728 1
gene 3 9 15 -33366 0 33 -33366 1
gene 1 10 15 565982 0 34 565982 1
gene 2 11 15 -109644 0 35 -109644 1
gene 2 12 15 614642 0 36 614642 1
gene 2 2 30 -310206 0 68 -310206 1
gene 2 30 14 440721 0 69 440721 1
gene 4 12 30 285006 0 128 285006 0
gene 4 13 14 -455262 0 154 -455262 1
gene 1 5 156 -415053 0 401 -415053 0
gene 1 156 13 -506091 0 402 -506091 0
gene 2 11 183 -151176 0 483 -151176 1
gene 2 183 15 279567 0 484 279567 0
gene 2 3 207 149130 0 547 149130 1
gene 2 207 13 441798 0 548 441798 1
gene 2 5 238 -124392 0 628 -124392 1
gene 2 238 15 88980 0 629 88980 1
gene 3 10 183 -88039 0 685 -88039 0
gene 3 9 207 693816 0 756 693816 1
gene 4 12 310 -73092 0 820 -73092 1
gene 4 310 30 -26142 0 821 -26142 0
gene 3 10 388 -231067 0 1034 -231067 0
gene 3 388 183 448926 0 1035 448926 1
gene 3 7 419 -211128 0 1104 -211128 1
gene 3 419 15 462234 0 1105 462234 1
gene 1 9 455 83850 0 1202 83850 1
gene 1 455 14 -128487 0 1203 -128487 1
gene 1 455 455 -93159 1 1275 -93159 1
gene 3 419 591 321660 0 1555 321660 1
gene 3 591 15 -187425 0 1556 -187425 0
gene 3 7 612 20646 0 1605 20646 0
gene 3 612 14 -273731 0 1606 -273731 0
gene 3 4 646 -357851 0 1691 -357851 1
gene 3 646 14 -773169 0 1692 -773169 1
gene 4 6 388 506481 0 1763 506481 1
gene 1 455 695 -283428 1 1828 -283428 1
gene 1 695 455 -457287 0 1829 -457287 0
gene 1 695 758 -640485 0 1982 -640485 1
gene 1 758 455 -330849 0 1983 -330849 0
gene 2 183 873 675714 0 2264 675714 1
gene 2 873 15 -654993 0 2265 -654993 1
gene 1 310 388 299322 0 2353 299322 1
gene 1 10 934 55299 0 2417 55299 0
gene 1 934 14 297033 0 2418 297033 1
gene 2 9 388 -588888 0 2756 -588888 1
gene 2 9 1136 507921 0 2936 507921 1
gene 2 1136 388 -384873 0 2937 -384873 0
gene 1 934 1191 -846 0 3070 -846 1
gene 1 1191 14 -150579 0 3071 -150579 1
gene 2 3 1225 -44973 0 3155 -44973 1
gene 2 1225 207 800000 0 3156 800000 1
gene 1 873 873 240243 1 3296 240243 1
gene 1 591 455 111906 0 3392 111906 1
gene 2 1136 1350 51753 0 3472 51753 1
gene 2 1350 388 5367 0 3473 5367 1
gene 2 238 238 -498972 1 3569 -498972 1
gene 3 10 1420 72945 0 3648 72945 1
gene 3 1420 388 -337302 0 3649 -337302 0
gene 3 4 1454 -204906 0 3731 -204906 1
gene 3 1454 15 111498 0 3732 111498 1
gene 3 612 1488 368235 0 3812 368235 1
gene 3 1488 14 -524955 0 3813 -524955 1
gene 3 388 1550 -3642 0 3976 -3642 1
gene 3 1550 183 114768 0 3977 114768 1
gene 3 1420 1591 318897 0 4076 318897 1
gene 3 1591 388 -222441 0 4077 -222441 1
gene 4 310 1626 -279963 0 4165 -279963 1
gene 4 1626 30 288681 0 4166 288681 0
gene 4 1550 419 -800000 0 4260 -800000 1
gene 1 455 1821 334227 0 4650 334227 1
gene 1 1821 14 774945 0 4651 774945 1
gene 1 5 1868 256581 0 4778 256581 1
gene 1 1868 156 545880 0 4779 545880 1
gene 1 183 183 514745 1 4880 514745 0
gene 4 1550 1550 663102 1 4949 663102 1
gene 3 1454 1975 281928 0 5033 281928 1
gene 3 1975 15 428511 0 5034 428511 1
gene 1 156 2010 153285 0 5118 153285 1
gene 1 2010 13 3567 0 5119 3567 1
gene 3 1550 2051 22273 0 5219 22273 1
gene 3 2051 183 -679880 0 5220 -679880 1
gene 3 612 612 257109 1 5310 257109 1
gene 1 183 2192 -405456 1 5568 -405456 1
gene 1 2192 183 -534234 0 5569 -534234 0
gene 1 310 2223 708285 0 5641 708285 1
gene 1 2223 388 279681 0 5642 279681 0
gene 3 419 2280 154872 0 5793 154872 1
gene 3 2280 591 -409695 0 5794 -409695 1
gene 3 591 2365 217458 0 6011 217458 1
gene 3 2365 15 85695 0 6012 85695 1
gene 4 1626 2390 264468 0 6075 264468 1
gene 4 2390 30 -249969 0 6076 -249969 1
gene 2 1136 2447 -79770 0 6225 -79770 1
gene 2 2447 1350 -200190 0 6226 -200190 1
gene 4 11 2570 -215585 0 6534 -215585 1
gene 4 2570 13 370614 0 6535 370614 1
gene 3 7 2753 222547 0 6991 222547 1
gene 3 2753 612 765042 0 6992 765042 1
gene 1 183 2783 621466 1 7072 621466 1
gene 1 2783 183 -280572 0 7073 -280572 1
gene 1 758 1591 100222 0 7387 100222 1
gene 1 2192 2922 -27476 0 7438 -27476 1
gene 1 2922 183 203469 0 7439 203469 1
gene 2 1454 1454 -61431 1 7652 -61431 1
gene 4 7 2192 -17023 0 7731 -17023 1
gene 1 2223 3065 1 0 7809 0 1
gene 1 3065 388 279681 0 7810 0 1
gene 3 9 3096 1 0 7884 0 1
gene 3 3096 15 -33366 0 7885 0 0
gene 3 1136 1821 80721 0 7970 80721 1
gene 1 10 3185 1 0 8106 0 1
gene 1 3185 934 55299 0 8107 0 1
gene 3 3096 3206 1 0 8161 0 1
gene 3 3206 15 -33366 0 8162 0 1
gene 4 6 3236 1 0 8245 0 1
gene 4 3236 14 -160815 0 8246 0 1
gene 2 1136 3278 1 0 8347 0 1
gene 2 3278 388 -384873 0 8348 0 1
gene 1 758 3303 1 0 8414 0 1
gene 1 3303 455 -330849 0 8415 0 1
gene 3 8 2447 16809 0 8513 16809 1
gene 1 591 591 -3688 1 8588 -3688 1
gene 3 12 3403 1 0 8670 0 1
gene 3 3403 13 -167799 0 8671 0 1
genomeend 14


/* Organism #18 Fitness: 220.000000 Time: 0 */
/* Position #18*/
#1 x: 61 y: 29
#2 x: 51 y: 25
#3 x: 19 y: 22
#4 x: 79 y: 60
#5 x: 19 y: 80
#6 x: 23 y: 85
genomestart 18
trait 1 1.000000 0.000000 0.000000 0.000000 0.000000 0.000000 0.000000 0.000000 trait 2 2.000000 0.000000 0.000000 0.000000 0.000000 0.000000 0.000000 0.000000 trait 3 0.000000 0.000000 0.000000 0.000000 52930.000000 0.000000 0.000000 0.000000 trait 4 4.000000 0.000000 0.000000 0.000000 0.000000 0.000000 0.000000 0.000000 node 1 3 1 3
node 2 3 1 1
node 3 1 1 1
node 4 2 1 1
node 5 4 1 1
node 6 3 1 1
node 7 2 1 1
node 8 3 1 1
node 9 1 1 1
node 10 1 1 1
node 11 1 1 1
node 12 1 1 1
node 13 3 0 2
node 14 3 0 2
node 15 2 0 2
node 30 1 0 0
node 156 1 0 0
node 183 1 0 0
node 207 1 0 0
node 238 1 0 0
node 310 1 0 0
node 388 1 0 0
node 419 1 0 0
node 455 1 0 0
node 591 1 0 0
node 612 1 0 0
node 646 1 0 0
node 695 1 0 0
node 758 1 0 0
node 873 1 0 0
node 934 1 0 0
node 1136 1 0 0
node 1191 1 0 0
node 1225 1 0 0
node 1350 1 0 0
node 1420 1 0 0
node 1454 1 0 0
node 1488 1 0 0
node 1550 1 0 0
node 1591 1 0 0
node 1626 2 0 0
node 1821 1 0 0
node 1868 1 0 0
node 1975 1 0 0
node 2010 1 0 0
node 2051 1 0 0
node 2229 1 0 0
node 2333 1 0 0
node 2385 1 0 0
node 2552 1 0 0
node 2588 1 0 0
node 2801 1 0 0
node 2823 1 0 0
node 2853 1 0 0
node 2954 1 0 0
node 2988 1 0 0
node 3056 1 0 0
node 3091 1 0 0
node 3125 1 0 0
node 3245 1 0 0
node 3282 1 0 0
node 3339 1 0 0
node 3405 1 0 0
gene 2 1 13 627678 0 1 627678 1
gene 2 2 13 -187035 0 2 -187035 1
gene 2 3 13 -174498 0 3 -174498 1
gene 2 4 13 -215034 0 4 -215034 1
gene 1 5 13 221283 0 5 221283 1
gene 3 6 13 664032 0 6 664032 1
gene 4 7 13 -126891 0 7 -126891 1
gene 1 8 13 44118 0 8 44118 1
gene 3 9 13 17883 0 9 17883 1
gene 4 10 13 -343701 0 10 -343701 1
gene 4 11 13 -356094 0 11 -356094 1
gene 3 12 13 66194 0 12 66194 1
gene 1 1 14 -606399 0 13 -606399 1
gene 2 2 14 116523 0 14 116523 0
gene 1 3 14 518097 0 15 518097 1
gene 3 4 14 -313314 0 16 -313314 0
gene 2 5 14 130218 0 17 130218 0
gene 4 6 14 800000 0 18 800000 1
gene 3 7 14 -460524 0 19 -460524 0
gene 3 8 14 392343 0 20 392343 1
gene 1 9 14 -72672 0 21 -72672 0
gene 1 10 14 35481 0 22 35481 0
gene 3 11 14 194850 0 23 194850 1
gene 4 12 14 505305 0 24 505305 0
gene 1 1 15 -93165 0 25 -93165 1
gene 2 2 15 213657 0 26 213657 1
gene 2 3 15 800000 0 27 800000 1
gene 3 4 15 119445 0 28 119445 0
gene 2 5 15 -403320 0 29 -403320 1
gene 2 6 15 11673 0 30 11673 1
gene 3 7 15 -187398 0 31 -187398 0
gene 4 8 15 -420378 0 32 -420378 1
gene 3 9 15 24783 0 33 24783 1
gene 1 10 15 -100050 0 34 -100050 1
gene 2 11 15 320343 0 35 320343 0
gene 2 12 15 733254 0 36 733254 1
gene 2 2 30 -362100 0 68 -362100 0
gene 2 30 14 -107067 0 69 -107067 1
gene 4 12 30 -123447 0 128 -123447 1
gene 4 13 14 413313 0 154 413313 1
gene 1 5 156 -126606 0 401 -126606 0
gene 1 156 13 144765 0 402 144765 0
gene 2 11 183 -128676 0 483 -128676 1
gene 2 183 15 -442269 0 484 -442269 0
gene 2 3 207 -396933 0 547 -396933 0
gene 2 207 13 115068 0 548 115068 1
gene 2 5 238 443421 0 628 443421 1
gene 2 238 15 -372828 0 629 -372828 1
gene 3 10 183 -44247 0 685 -44247 0
gene 3 9 207 -288063 0 756 -288063 1
gene 4 12 310 -239781 0 820 -239781 1
gene 4 310 30 591141 0 821 591141 0
gene 3 10 388 -97167 0 1034 -97167 0
gene 3 388 183 -261714 0 1035 -261714 0
gene 3 7 419 284208 0 1104 284208 0
gene 3 419 15 287646 0 1105 287646 0
gene 1 9 455 -57084 0 1202 -57084 1
gene 1 455 14 163065 0 1203 163065 0
gene 1 455 455 -800000 1 1275 -800000 0
gene 3 419 591 106752 0 1555 106752 1
gene 3 591 15 639933 0 1556 639933 1
gene 3 7 612 536502 0 1605 536502 1
gene 3 612 14 621162 0 1606 621162 0
gene 3 4 646 800000 0 1691 800000 1
gene 3 646 14 -25083 0 1692 -25083 1
gene 4 6 388 47574 0 1763 47574 1
gene 1 455 695 -800000 1 1828 -800000 0
gene 1 695 455 -14433 0 1829 -14433 0
gene 1 695 758 -742316 0 1982 -742316 1
gene 1 758 455 446409 0 1983 446409 1
gene 2 183 873 -620118 0 2264 -620118 1
gene 2 873 15 -500829 0 2265 -500829 1
gene 1 310 388 -422772 0 2353 -422772 0
gene 1 10 934 267015 0 2417 267015 1
gene 1 934 14 -110844 0 2418 -110844 0
gene 2 9 388 245454 0 2756 245454 0
gene 2 9 1136 275037 0 2936 275037 1
gene 2 1136 388 -12909 0 2937 -12909 0
gene 1 934 1191 -381453 0 3070 -381453 1
gene 1 1191 14 -214728 0 3071 -214728 0
gene 2 3 1225 -142509 0 3155 -142509 1
gene 2 1225 207 283911 0 3156 283911 1
gene 1 873 873 -283479 1 3296 -283479 1
gene 1 591 455 -37110 0 3392 -37110 1
gene 2 1136 1350 252717 0 3472 252717 1
gene 2 1350 388 -113400 0 3473 -113400 1
gene 3 238 238 461868 1 3569 461868 1
gene 3 10 1420 -127125 0 3648 -127125 1
gene 3 1420 388 -102066 0 3649 -102066 0
gene 3 4 1454 -97659 0 3731 -97659 1
gene 3 1454 15 15837 0 3732 15837 1
gene 3 612 1488 85717 0 3812 85717 0
gene 3 1488 14 -236859 0 3813 -236859 1
gene 3 388 1550 800000 0 3976 800000 1
gene 3 1550 183 95250 0 3977 95250 1
gene 3 1420 1591 -198495 0 4076 -198495 1
gene 3 1591 388 187641 0 4077 187641 1
gene 4 310 1626 245217 0 4165 245217 1
gene 4 1626 30 656982 0 4166 656982 1
gene 4 1550 419 171237 0 4260 171237 1
gene 1 455 1821 180336 0 4650 180336 1
gene 1 1821 14 -41925 0 4651 -41925 1
gene 1 5 1868 77511 0 4778 77511 1
gene 1 1868 156 -377916 0 4779 -377916 1
gene 1 183 183 -134016 1 4880 -134016 1
gene 4 1550 1550 277985 1 4949 277985 1
gene 3 1454 1975 265320 0 5033 265320 1
gene 3 1975 15 130431 0 5034 130431 1
gene 1 156 2010 -749733 0 5118 -749733 1
gene 1 2010 13 -252858 0 5119 -252858 0
gene 3 1550 2051 -44634 0 5219 -44634 0
gene 3 2051 183 323508 0 5220 323508 0
gene 3 612 612 -104304 1 5310 -104304 1
gene 3 612 2229 120892 0 5657 120892 0
gene 3 2229 1488 -56151 0 5658 -56151 1
gene 3 1550 2333 -80778 0 5926 -80778 1
gene 3 2333 2051 77904 0 5927 77904 1
gene 3 6 419 261513 0 5992 261513 0
gene 3 7 2385 126520 0 6065 126520 0
gene 3 2385 419 800000 0 6066 800000 1
gene 3 6 1420 321018 0 6182 321018 1
gene 2 1454 1454 -303500 1 6244 -303500 1
gene 2 695 873 -85309 0 6338 -85309 1
gene 2 156 30 -32460 0 6410 -32460 1
gene 3 6 2552 7605 0 6488 7605 1
gene 3 2552 419 -153102 0 6489 -153102 1
gene 1 310 2588 371616 0 6578 371616 1
gene 1 2588 388 -398853 0 6579 -398853 1
gene 2 1225 2801 -225956 0 7118 -225956 1
gene 2 2801 207 494937 0 7119 494937 1
gene 3 7 2823 1 0 7187 1 1
gene 3 2823 2385 283402 0 7188 283402 1
gene 3 2385 2853 -49577 0 7260 -49577 1
gene 3 2853 419 609990 0 7261 609990 1
gene 2 1975 1975 -107172 1 7422 -107172 0
gene 3 238 2954 -85955 1 7522 -85955 1
gene 3 2954 238 -36228 0 7523 -36228 1
gene 4 12 2988 -152267 0 7604 -152267 1
gene 4 2988 14 508038 0 7605 508038 1
gene 4 1350 1191 197612 0 7698 197612 1
gene 2 2 3056 85942 0 7782 85942 1
gene 2 3056 30 -108168 0 7783 -108168 1
gene 1 455 3091 145780 1 7870 145780 1
gene 1 3091 695 -800000 0 7871 -800000 1
gene 1 2010 3125 119536 0 7949 119536 1
gene 1 3125 13 -465393 0 7950 -465393 1
gene 4 1591 1591 -10670 1 8172 -10670 1
gene 2 5 3245 1 0 8267 0 1
gene 2 3245 14 130218 0 8268 0 1
gene 3 2051 3282 1 0 8359 0 1
gene 3 3282 183 323508 0 8360 0 1
gene 3 15 15 -7737 1 8445 -7737 1
gene 2 11 3339 1 0 8514 0 1
gene 2 3339 15 320343 0 8515 0 1
gene 2 1975 3405 1 1 8675 0 1
gene 2 3405 1975 -107172 0 8676 0 1
genomeend 18


/* Organism #21 Fitness: 210.000000 Time: 0 */
/* Position #21*/
#1 x: 40 y: 28
#2 x: 15 y: 32
#3 x: 25 y: 20
#4 x: 15 y: 80
#5 x: 65 y: 76
#6 x: 45 y: 82
genomestart 21
trait 1 1.000000 0.000000 0.000000 0.000000 0.000000 0.000000 0.000000 0.000000 trait 2 2.000000 0.000000 0.000000 0.000000 0.000000 0.000000 0.000000 0.000000 trait 3 0.000000 0.000000 0.000000 0.000000 52930.000000 0.000000 0.000000 0.000000 trait 4 4.000000 0.000000 0.000000 0.000000 0.000000 0.000000 0.000000 0.000000 node 1 3 1 3
node 2 3 1 1
node 3 1 1 1
node 4 2 1 1
node 5 4 1 1
node 6 3 1 1
node 7 2 1 1
node 8 3 1 1
node 9 1 1 1
node 10 1 1 1
node 11 1 1 1
node 12 1 1 1
node 13 3 0 2
node 14 3 0 2
node 15 2 0 2
node 30 1 0 0
node 156 1 0 0
node 183 1 0 0
node 207 1 0 0
node 238 1 0 0
node 310 1 0 0
node 388 1 0 0
node 419 1 0 0
node 455 1 0 0
node 591 1 0 0
node 612 1 0 0
node 646 1 0 0
node 695 1 0 0
node 758 1 0 0
node 873 1 0 0
node 934 1 0 0
node 1136 1 0 0
node 1191 1 0 0
node 1225 1 0 0
node 1350 1 0 0
node 1420 1 0 0
node 1454 1 0 0
node 1488 1 0 0
node 1550 1 0 0
node 1591 1 0 0
node 1626 2 0 0
node 1821 1 0 0
node 1868 1 0 0
node 1975 1 0 0
node 2010 1 0 0
node 2051 1 0 0
node 2229 1 0 0
node 2333 1 0 0
node 2385 1 0 0
node 2552 1 0 0
node 2588 1 0 0
node 2686 1 0 0
node 2790 1 0 0
node 2845 1 0 0
node 2931 1 0 0
node 2998 1 0 0
node 3130 1 0 0
node 3158 1 0 0
node 3253 1 0 0
node 3289 1 0 0
node 3343 1 0 0
node 3403 1 0 0
gene 2 1 13 -83379 0 1 -83379 1
gene 2 2 13 -600897 0 2 -600897 1
gene 2 3 13 241551 0 3 241551 1
gene 2 4 13 -290529 0 4 -290529 1
gene 1 5 13 224592 0 5 224592 0
gene 3 6 13 392982 0 6 392982 1
gene 4 7 13 -336405 0 7 -336405 1
gene 1 8 13 707903 0 8 707903 1
gene 3 9 13 -138723 0 9 -138723 1
gene 4 10 13 -179505 0 10 -179505 1
gene 4 11 13 -415614 0 11 -415614 1
gene 3 12 13 162060 0 12 162060 0
gene 1 1 14 67458 0 13 67458 1
gene 2 2 14 348075 0 14 348075 0
gene 1 3 14 -171549 0 15 -171549 1
gene 3 4 14 -281259 0 16 -281259 0
gene 2 5 14 190362 0 17 190362 1
gene 4 6 14 423666 0 18 423666 1
gene 3 7 14 170781 0 19 170781 0
gene 3 8 14 -476235 0 20 -476235 1
gene 1 9 14 91263 0 21 91263 0
gene 1 10 14 128775 0 22 128775 0
gene 3 11 14 -320955 0 23 -320955 1
gene 4 12 14 75171 0 24 75171 1
gene 1 1 15 -240342 0 25 -240342 1
gene 2 2 15 267582 0 26 267582 1
gene 2 3 15 -147591 0 27 -147591 1
gene 3 4 15 -558414 0 28 -558414 0
gene 2 5 15 188922 0 29 188922 0
gene 2 6 15 223556 0 30 223556 1
gene 3 7 15 655770 0 31 655770 0
gene 4 8 15 -800000 0 32 -800000 1
gene 3 9 15 -74996 0 33 -74996 1
gene 1 10 15 130338 0 34 130338 1
gene 2 11 15 -336597 0 35 -336597 1
gene 2 12 15 -123753 0 36 -123753 1
gene 2 2 30 7923 0 68 7923 1
gene 2 30 14 -383742 0 69 -383742 1
gene 4 12 30 732408 0 128 732408 0
gene 4 13 14 347904 0 154 347904 1
gene 1 5 156 -269460 0 401 -269460 0
gene 1 156 13 -800000 0 402 -800000 0
gene 2 11 183 -268110 0 483 -268110 0
gene 2 183 15 140832 0 484 140832 0
gene 2 3 207 140142 0 547 140142 0
gene 2 207 13 800000 0 548 800000 1
gene 2 5 238 282066 0 628 282066 1
gene 2 238 15 179148 0 629 179148 1
gene 3 10 183 568050 0 685 568050 0
gene 3 9 207 463521 0 756 463521 0
gene 4 12 310 230805 0 820 230805 0
gene 4 310 30 -301002 0 821 -301002 0
gene 3 10 388 178131 0 1034 178131 0
gene 3 388 183 92928 0 1035 92928 0
gene 3 7 419 537420 0 1104 537420 0
gene 3 419 15 348030 0 1105 348030 0
gene 1 9 455 -65385 0 1202 -65385 1
gene 1 455 14 -609075 0 1203 -609075 0
gene 1 455 455 -515556 1 1275 -515556 0
gene 3 419 591 -759305 0 1555 -759305 1
gene 3 591 15 158970 0 1556 158970 1
gene 3 7 612 -215025 0 1605 -215025 1
gene 3 612 14 101280 0 1606 101280 0
gene 4 4 646 417996 0 1691 417996 0
gene 3 646 14 453231 0 1692 453231 1
gene 4 6 388 135096 0 1763 135096 1
gene 1 455 695 -800000 1 1828 -800000 1
gene 1 695 455 276810 0 1829 276810 0
gene 1 695 758 -65265 0 1982 -65265 0
gene 1 758 455 602655 0 1983 602655 1
gene 2 183 873 -146301 0 2264 -146301 1
gene 2 873 15 246795 0 2265 246795 1
gene 1 310 388 401516 0 2353 401516 0
gene 1 10 934 377235 0 2417 377235 1
gene 1 934 14 139323 0 2418 139323 0
gene 2 9 388 -218205 0 2756 -218205 0
gene 2 9 1136 289761 0 2936 289761 1
gene 2 1136 388 259289 0 2937 259289 0
gene 1 934 1191 -335076 0 3070 -335076 1
gene 1 1191 14 247089 0 3071 247089 1
gene 2 3 1225 800000 0 3155 800000 1
gene 2 1225 207 256191 0 3156 256191 1
gene 1 873 873 402744 1 3296 402744 1
gene 1 591 455 -208635 0 3392 -208635 1
gene 2 1136 1350 -25134 0 3472 -25134 1
gene 2 1350 388 -80085 0 3473 -80085 1
gene 3 238 238 786090 1 3569 786090 1
gene 3 10 1420 523977 0 3648 523977 1
gene 3 1420 388 -64554 0 3649 -64554 0
gene 3 4 1454 -200373 0 3731 -200373 1
gene 3 1454 15 420120 0 3732 420120 0
gene 3 612 1488 28797 0 3812 28797 0
gene 3 1488 14 7038 0 3813 7038 1
gene 3 388 1550 463098 0 3976 463098 1
gene 3 1550 183 268245 0 3977 268245 0
gene 3 1420 1591 151437 0 4076 151437 0
gene 3 1591 388 630657 0 4077 630657 1
gene 4 310 1626 -94989 0 4165 -94989 1
gene 4 1626 30 78141 0 4166 78141 1
gene 4 1550 419 -572559 0 4260 -572559 1
gene 1 455 1821 181005 0 4650 181005 1
gene 1 1821 14 -251676 0 4651 -251676 1
gene 1 5 1868 532413 0 4778 532413 1
gene 1 1868 156 260304 0 4779 260304 1
gene 1 183 183 83543 1 4880 83543 1
gene 4 1550 1550 213717 1 4949 213717 1
gene 3 1454 1975 85029 0 5033 85029 1
gene 3 1975 15 466325 0 5034 466325 1
gene 1 156 2010 800000 0 5118 800000 0
gene 1 2010 13 -87150 0 5119 -87150 1
gene 3 1550 2051 -258123 0 5219 -258123 0
gene 3 2051 183 -88092 0 5220 -88092 1
gene 3 612 612 23833 1 5310 23833 1
gene 3 612 2229 -332876 0 5657 -332876 1
gene 3 2229 1488 -117741 0 5658 -117741 1
gene 3 1550 2333 -95927 0 5926 -95927 1
gene 3 2333 2051 -612303 0 5927 -612303 1
gene 3 6 419 85882 0 5992 85882 0
gene 3 7 2385 230286 0 6065 230286 1
gene 3 2385 419 456498 0 6066 456498 1
gene 3 6 1420 193967 0 6182 193967 1
gene 2 1454 1454 461128 1 6244 461128 1
gene 2 695 873 110583 0 6338 110583 1
gene 2 156 30 -152313 0 6410 -152313 1
gene 3 6 2552 11368 0 6488 11368 1
gene 3 2552 419 -92787 0 6489 -92787 1
gene 1 310 2588 -194481 0 6578 -194481 0
gene 1 2588 388 -123 0 6579 -123 1
gene 1 695 2686 -228456 0 6818 -228456 1
gene 1 2686 758 158286 0 6819 158286 1
gene 1 156 2790 67929 0 7089 67929 1
gene 1 2790 2010 -118467 0 7090 -118467 1
gene 2 10 646 11779 0 7160 11779 1
gene 3 1420 2845 30858 0 7240 30858 0
gene 3 2845 1591 -110970 0 7241 -110970 1
gene 3 9 2931 -120081 0 7460 -120081 1
gene 3 2931 207 593367 0 7461 593367 0
gene 2 455 2010 -73254 0 7561 -73254 1
gene 2 11 2998 -149250 0 7628 -149250 1
gene 2 2998 183 134541 0 7629 134541 1
gene 2 1550 612 -299349 0 7796 -299349 1
gene 3 4 3130 -142670 0 7962 -142670 1
gene 3 3130 646 726948 0 7963 726948 1
gene 1 310 3158 26866 0 8044 26866 1
gene 1 3158 2588 87300 0 8045 87300 1
gene 3 1420 3253 1 0 8290 0 1
gene 3 3253 2845 30858 0 8291 0 1
gene 4 12 3289 1 0 8378 0 1
gene 4 3289 310 230805 0 8379 0 1
gene 3 207 207 -64910 1 8453 -64910 1
gene 3 2931 3343 1 0 8525 0 1
gene 3 3343 207 593367 0 8526 0 1
gene 3 12 3403 1 0 8670 0 1
gene 3 3403 13 162060 0 8671 0 1
genomeend 21


/* Organism #30 Fitness: 500.000000 Time: 0 */
/* Position #30*/
#1 x: 58 y: 35
#2 x: 19 y: 38
#3 x: 41 y: 20
#4 x: 28 y: 66
#5 x: 20 y: 65
#6 x: 69 y: 72
genomestart 30
trait 1 1.000000 0.000000 0.000000 69664.000000 0.000000 13518.000000 0.000000 0.000000 trait 2 2.000000 0.000000 0.000000 0.000000 0.000000 0.000000 0.000000 0.000000 trait 3 97007.000000 0.000000 0.000000 0.000000 52930.000000 0.000000 0.000000 60255.000000 trait 4 4.000000 0.000000 0.000000 0.000000 0.000000 0.000000 0.000000 0.000000 node 1 3 1 3
node 2 3 1 1
node 3 1 1 1
node 4 2 1 1
node 5 4 1 1
node 6 3 1 1
node 7 2 1 1
node 8 3 1 1
node 9 1 1 1
node 10 1 1 1
node 11 1 1 1
node 12 1 1 1
node 13 3 0 2
node 14 3 0 2
node 15 2 0 2
node 30 1 0 0
node 156 1 0 0
node 183 1 0 0
node 207 1 0 0
node 238 1 0 0
node 310 1 0 0
node 388 1 0 0
node 419 1 0 0
node 455 1 0 0
node 591 1 0 0
node 612 1 0 0
node 646 1 0 0
node 695 1 0 0
node 758 1 0 0
node 873 1 0 0
node 934 1 0 0
node 1136 1 0 0
node 1191 1 0 0
node 1225 1 0 0
node 1350 1 0 0
node 1420 1 0 0
node 1454 3 0 0
node 1488 1 0 0
node 1550 1 0 0
node 1591 1 0 0
node 1626 2 0 0
node 1821 1 0 0
node 1868 1 0 0
node 1975 1 0 0
node 2010 1 0 0
node 2051 1 0 0
node 2192 1 0 0
node 2223 1 0 0
node 2280 1 0 0
node 2365 1 0 0
node 2390 1 0 0
node 2447 1 0 0
node 2534 1 0 0
node 2755 1 0 0
node 2819 1 0 0
node 2851 1 0 0
node 2913 1 0 0
node 3055 1 0 0
node 3088 1 0 0
node 3124 1 0 0
node 3208 1 0 0
node 3297 1 0 0
gene 2 1 13 13704 0 1 13704 1
gene 2 2 13 -364890 0 2 -364890 1
gene 2 3 13 -800000 0 3 -800000 0
gene 2 4 13 651534 0 4 651534 1
gene 1 5 13 -781812 0 5 -781812 0
gene 3 6 13 -434526 0 6 -434526 1
gene 4 7 13 328059 0 7 328059 1
gene 1 8 13 -364089 0 8 -364089 1
gene 3 9 13 56958 0 9 56958 1
gene 4 10 13 -620817 0 10 -620817 1
gene 4 11 13 -115146 0 11 -115146 1
gene 3 12 13 -317043 0 12 -317043 1
gene 1 1 14 145747 0 13 145747 1
gene 2 2 14 -606553 0 14 -606553 0
gene 1 3 14 75165 0 15 75165 0
gene 3 4 14 517083 0 16 517083 1
gene 2 5 14 -800000 0 17 -800000 1
gene 4 6 14 616439 0 18 616439 1
gene 3 7 14 -187458 0 19 -187458 1
gene 3 8 14 196800 0 20 196800 1
gene 1 9 14 -392879 0 21 -392879 0
gene 1 10 14 800000 0 22 800000 1
gene 3 11 14 -785049 0 23 -785049 1
gene 4 12 14 -330489 0 24 -330489 1
gene 1 1 15 -800000 0 25 -800000 1
gene 2 2 15 368130 0 26 368130 0
gene 2 3 15 -800000 0 27 -800000 1
gene 3 4 15 399768 0 28 399768 0
gene 2 5 15 725366 0 29 725366 1
gene 2 6 15 -18252 0 30 -18252 1
gene 3 7 15 -800000 0 31 -800000 0
gene 4 8 15 354564 0 32 354564 1
gene 3 9 15 -305667 0 33 -305667 1
gene 1 10 15 -278415 0 34 -278415 1
gene 2 11 15 80523 0 35 80523 1
gene 2 12 15 69384 0 36 69384 1
gene 2 2 30 -800000 0 68 -800000 1
gene 2 30 14 -148647 0 69 -148647 1
gene 4 12 30 -38931 0 128 -38931 1
gene 4 13 14 800000 0 154 800000 1
gene 1 5 156 -51801 0 401 -51801 0
gene 1 156 13 800000 0 402 800000 0
gene 2 11 183 -585044 0 483 -585044 1
gene 2 183 15 -42390 0 484 -42390 0
gene 2 3 207 -329066 0 547 -329066 0
gene 2 207 13 298491 0 548 298491 1
gene 2 5 238 193560 0 628 193560 1
gene 2 238 15 323931 0 629 323931 1
gene 3 10 183 470042 0 685 470042 0
gene 1 9 207 -347823 0 756 -347823 1
gene 4 12 310 547336 0 820 547336 1
gene 4 310 30 166149 0 821 166149 1
gene 3 10 388 271613 0 1034 271613 0
gene 3 388 183 -800000 0 1035 -800000 0
gene 3 7 419 -131673 0 1104 -131673 1
gene 3 419 15 -711294 0 1105 -711294 0
gene 1 9 455 198291 0 1202 198291 1
gene 1 455 14 -121884 0 1203 -121884 0
gene 1 455 455 148533 1 1275 148533 0
gene 3 419 591 -478616 0 1555 -478616 0
gene 3 591 15 431091 0 1556 431091 0
gene 3 7 612 456572 0 1605 456572 1
gene 3 612 14 -99834 0 1606 -99834 1
gene 3 4 646 -134426 0 1691 -134426 1
gene 3 646 14 -47547 0 1692 -47547 1
gene 4 6 388 759977 0 1763 759977 0
gene 1 455 695 -22302 1 1828 -22302 1
gene 1 695 455 90657 0 1829 90657 1
gene 1 695 758 -135399 0 1982 -135399 1
gene 1 758 455 236124 0 1983 236124 1
gene 2 183 873 24222 0 2264 24222 1
gene 2 873 15 347634 0 2265 347634 1
gene 1 310 388 18624 0 2353 18624 0
gene 1 10 934 -159621 0 2417 -159621 1
gene 1 934 14 414600 0 2418 414600 0
gene 2 9 388 -461544 0 2756 -461544 1
gene 2 9 1136 -24243 0 2936 -24243 1
gene 2 1136 388 -28437 0 2937 -28437 1
gene 1 934 1191 -266877 0 3070 -266877 1
gene 1 1191 14 399560 0 3071 399560 1
gene 2 3 1225 -18153 0 3155 -18153 1
gene 2 1225 207 486837 0 3156 486837 1
gene 1 873 873 -371207 1 3296 -371207 1
gene 1 591 455 -454338 0 3392 -454338 1
gene 2 1136 1350 113748 0 3472 113748 0
gene 2 1350 388 -673719 0 3473 -673719 1
gene 2 238 238 -56214 1 3569 -56214 1
gene 3 10 1420 -109361 0 3648 -109361 0
gene 3 1420 388 -670142 0 3649 -670142 0
gene 3 4 1454 569911 0 3731 569911 1
gene 3 1454 15 -200709 0 3732 -200709 0
gene 3 612 1488 -156429 0 3812 -156429 1
gene 3 1488 14 -120462 0 3813 -120462 0
gene 3 388 1550 538443 0 3976 538443 1
gene 3 1550 183 -260919 0 3977 -260919 0
gene 3 1420 1591 -70775 0 4076 -70775 1
gene 3 1591 388 800000 0 4077 800000 1
gene 4 310 1626 457328 0 4165 457328 1
gene 4 1626 30 -203916 0 4166 -203916 1
gene 4 1550 419 442185 0 4260 442185 1
gene 1 455 1821 800000 0 4650 800000 1
gene 1 1821 14 -92100 0 4651 -92100 1
gene 1 5 1868 710246 0 4778 710246 1
gene 1 1868 156 -126837 0 4779 -126837 1
gene 1 183 183 324981 1 4880 324981 0
gene 4 1550 1550 732332 1 4949 732332 1
gene 3 1454 1975 -51117 0 5033 -51117 1
gene 3 1975 15 -178581 0 5034 -178581 1
gene 1 156 2010 91800 0 5118 91800 1
gene 1 2010 13 -58152 0 5119 -58152 1
gene 3 1550 2051 -398984 0 5219 -398984 1
gene 3 2051 183 -800000 0 5220 -800000 1
gene 3 612 612 356454 1 5310 356454 1
gene 1 183 2192 -139611 1 5568 -139611 1
gene 1 2192 183 46872 0 5569 46872 1
gene 1 310 2223 692064 0 5641 692064 1
gene 1 2223 388 -194016 0 5642 -194016 1
gene 3 419 2280 581628 0 5793 581628 1
gene 3 2280 591 -289989 0 5794 -289989 1
gene 3 591 2365 -371694 0 6011 -371694 1
gene 3 2365 15 -253404 0 6012 -253404 1
gene 4 1626 2390 74232 0 6075 74232 1
gene 4 2390 30 -324843 0 6076 -324843 1
gene 2 1136 2447 146355 0 6225 146355 1
gene 2 2447 1350 -245472 0 6226 -245472 1
gene 2 873 2534 -210918 0 6447 -210918 1
gene 2 2534 15 -642113 0 6448 -642113 1
gene 1 2 695 95031 0 6514 95031 1
gene 3 873 1350 -278567 1 6610 -278567 1
gene 3 419 2755 -722138 0 6995 -722138 1
gene 3 2755 591 87117 0 6996 87117 1
gene 3 1488 2819 -219329 0 7176 -219329 1
gene 3 2819 14 -72195 0 7177 -72195 1
gene 1 455 2851 -577131 1 7254 -577131 0
gene 1 2851 455 -24132 0 7255 -24132 1
gene 2 2 2913 -727683 0 7416 -727683 1
gene 2 2913 15 -243333 0 7417 -243333 1
gene 1 1868 1420 290862 0 7695 290862 1
gene 4 6 3055 431895 0 7779 431895 1
gene 4 3055 388 468326 0 7780 468326 1
gene 2 3 3088 -131448 0 7864 -131448 1
gene 2 3088 13 -728844 0 7865 -728844 1
gene 3 10 3124 7354 0 7947 7354 1
gene 3 3124 1420 150699 0 7948 150699 1
gene 1 455 3208 -35784 1 8168 -35784 1
gene 1 3208 2851 -264711 0 8169 -264711 1
gene 1 3 3297 10504 0 8396 10504 1
gene 1 3297 14 263895 0 8397 263895 1
gene 1 2755 3297 -43758 0 8535 -43758 1
genomeend 30


/* Organism #38 Fitness: 370.000000 Time: 0 */
/* Position #38*/
#1 x: 52 y: 38
#2 x: 56 y: 27
#3 x: 75 y: 28
#4 x: 53 y: 62
#5 x: 46 y: 68
#6 x: 53 y: 60
genomestart 38
trait 1 1.000000 0.000000 0.000000 69664.000000 0.000000 13518.000000 0.000000 0.000000 trait 2 2.000000 0.000000 0.000000 0.000000 0.000000 0.000000 0.000000 0.000000 trait 3 97007.000000 0.000000 0.000000 0.000000 52930.000000 0.000000 0.000000 60255.000000 trait 4 4.000000 0.000000 0.000000 0.000000 0.000000 0.000000 0.000000 0.000000 node 1 3 1 3
node 2 3 1 1
node 3 1 1 1
node 4 2 1 1
node 5 4 1 1
node 6 3 1 1
node 7 2 1 1
node 8 3 1 1
node 9 1 1 1
node 10 1 1 1
node 11 1 1 1
node 12 1 1 1
node 13 3 0 2
node 14 3 0 2
node 15 2 0 2
node 30 1 0 0
node 156 1 0 0
node 183 1 0 0
node 207 1 0 0
node 238 1 0 0
node 310 1 0 0
node 388 1 0 0
node 419 1 0 0
node 455 1 0 0
node 591 1 0 0
node 612 1 0 0
node 646 1 0 0
node 695 1 0 0
node 758 1 0 0
node 873 1 0 0
node 934 1 0 0
node 1136 1 0 0
node 1191 1 0 0
node 1225 1 0 0
node 1350 1 0 0
node 1420 1 0 0
node 1454 3 0 0
node 1488 1 0 0
node 1550 1 0 0
node 1591 1 0 0
node 1626 2 0 0
node 1821 1 0 0
node 1868 1 0 0
node 1975 1 0 0
node 2010 1 0 0
node 2051 1 0 0
node 2192 1 0 0
node 2223 1 0 0
node 2280 1 0 0
node 2365 1 0 0
node 2390 1 0 0
node 2447 1 0 0
node 2534 1 0 0
node 2755 1 0 0
node 2819 1 0 0
node 2851 1 0 0
node 2913 1 0 0
node 3055 1 0 0
node 3088 1 0 0
node 3124 1 0 0
node 3242 1 0 0
node 3357 1 0 0
node 3377 1 0 0
gene 2 1 13 511508 0 1 511508 1
gene 2 2 13 568398 0 2 568398 1
gene 2 3 13 -396789 0 3 -396789 0
gene 2 4 13 -343245 0 4 -343245 1
gene 1 5 13 -675821 0 5 -675821 0
gene 3 6 13 -38532 0 6 -38532 1
gene 4 7 13 -8637 0 7 -8637 1
gene 1 8 13 659790 0 8 659790 1
gene 3 9 13 -35556 0 9 -35556 1
gene 4 10 13 -572874 0 10 -572874 1
gene 4 11 13 -355992 0 11 -355992 1
gene 3 12 13 -325142 0 12 -325142 1
gene 1 1 14 -764075 0 13 -764075 1
gene 2 2 14 -62806 0 14 -62806 0
gene 1 3 14 -234783 0 15 -234783 1
gene 3 4 14 182982 0 16 182982 1
gene 2 5 14 -178505 0 17 -178505 1
gene 4 6 14 399131 0 18 399131 1
gene 3 7 14 -288816 0 19 -288816 1
gene 3 8 14 -168639 0 20 -168639 1
gene 1 9 14 -391556 0 21 -391556 0
gene 1 10 14 313053 0 22 313053 1
gene 3 11 14 -340869 0 23 -340869 1
gene 4 12 14 -483701 0 24 -483701 1
gene 1 1 15 -709427 0 25 -709427 1
gene 2 2 15 -232644 0 26 -232644 0
gene 2 3 15 -800000 0 27 -800000 1
gene 3 4 15 717468 0 28 717468 0
gene 2 5 15 800000 0 29 800000 1
gene 2 6 15 -84834 0 30 -84834 1
gene 3 7 15 -15726 0 31 -15726 0
gene 4 8 15 222768 0 32 222768 1
gene 3 9 15 251292 0 33 251292 1
gene 1 10 15 7875 0 34 7875 1
gene 2 11 15 -581295 0 35 -581295 1
gene 2 12 15 709292 0 36 709292 1
gene 2 2 30 -272595 0 68 -272595 1
gene 2 30 14 277803 0 69 277803 1
gene 4 12 30 301311 0 128 301311 1
gene 4 13 14 106005 0 154 106005 1
gene 1 5 156 -53157 0 401 -53157 0
gene 1 156 13 645875 0 402 645875 0
gene 2 11 183 -800000 0 483 -800000 1
gene 2 183 15 1068 0 484 1068 0
gene 2 3 207 -800000 0 547 -800000 0
gene 2 207 13 521868 0 548 521868 1
gene 2 5 238 -196272 0 628 -196272 1
gene 2 238 15 -231471 0 629 -231471 1
gene 3 10 183 686420 0 685 686420 0
gene 1 9 207 -140175 0 756 -140175 1
gene 4 12 310 -130133 0 820 -130133 1
gene 4 310 30 651789 0 821 651789 1
gene 3 10 388 -368857 0 1034 -368857 0
gene 3 388 183 -759492 0 1035 -759492 0
gene 3 7 419 -415644 0 1104 -415644 1
gene 3 419 15 -172233 0 1105 -172233 0
gene 1 9 455 402300 0 1202 402300 1
gene 1 455 14 -188787 0 1203 -188787 0
gene 1 455 455 613710 1 1275 613710 0
gene 3 419 591 -739928 0 1555 -739928 0
gene 3 591 15 -728571 0 1556 -728571 0
gene 3 7 612 612248 0 1605 612248 0
gene 3 612 14 166353 0 1606 166353 1
gene 3 4 646 -315431 0 1691 -315431 1
gene 3 646 14 694755 0 1692 694755 1
gene 4 6 388 800000 0 1763 800000 0
gene 1 455 695 533787 1 1828 533787 1
gene 1 695 455 408312 0 1829 408312 1
gene 1 695 758 -219624 0 1982 -219624 1
gene 1 758 455 261186 0 1983 261186 1
gene 2 183 873 -46257 0 2264 -46257 1
gene 2 873 15 800000 0 2265 800000 1
gene 1 310 388 297066 0 2353 297066 0
gene 1 10 934 -93894 0 2417 -93894 1
gene 1 934 14 -40299 0 2418 -40299 0
gene 2 9 388 -566283 0 2756 -566283 1
gene 2 9 1136 409200 0 2936 409200 1
gene 2 1136 388 -189231 0 2937 -189231 1
gene 1 934 1191 -9795 0 3070 -9795 1
gene 1 1191 14 477843 0 3071 477843 1
gene 2 3 1225 -253605 0 3155 -253605 1
gene 2 1225 207 -305850 0 3156 -305850 1
gene 1 873 873 -800000 1 3296 -800000 1
gene 1 591 455 -671352 0 3392 -671352 1
gene 2 1136 1350 -507816 0 3472 -507816 0
gene 2 1350 388 -666237 0 3473 -666237 1
gene 2 238 238 -114594 1 3569 -114594 1
gene 3 10 1420 270184 0 3648 270184 0
gene 3 1420 388 -529710 0 3649 -529710 0
gene 3 4 1454 356947 0 3731 356947 1
gene 3 1454 15 -114417 0 3732 -114417 0
gene 3 612 1488 399111 0 3812 399111 1
gene 3 1488 14 -133790 0 3813 -133790 0
gene 3 388 1550 800000 0 3976 800000 1
gene 3 1550 183 47835 0 3977 47835 0
gene 3 1420 1591 -267668 0 4076 -267668 1
gene 3 1591 388 800000 0 4077 800000 1
gene 4 310 1626 589247 0 4165 589247 1
gene 4 1626 30 -144990 0 4166 -144990 1
gene 4 1550 419 264768 0 4260 264768 1
gene 1 455 1821 239712 0 4650 239712 1
gene 1 1821 14 4590 0 4651 4590 1
gene 1 5 1868 633746 0 4778 633746 1
gene 1 1868 156 29682 0 4779 29682 1
gene 1 183 183 -45391 1 4880 -45391 0
gene 4 1550 1550 442643 1 4949 442643 1
gene 1 1454 1975 -507686 0 5033 -507686 1
gene 3 1975 15 76713 0 5034 76713 1
gene 1 156 2010 -189891 0 5118 -189891 0
gene 1 2010 13 -248826 0 5119 -248826 1
gene 3 1550 2051 141412 0 5219 141412 1
gene 3 2051 183 -588683 0 5220 -588683 1
gene 3 612 612 -427701 1 5310 -427701 1
gene 1 183 2192 -293334 1 5568 -293334 1
gene 1 2192 183 -125061 0 5569 -125061 1
gene 1 310 2223 -81354 0 5641 -81354 1
gene 1 2223 388 -109827 0 5642 -109827 1
gene 3 419 2280 378748 0 5793 378748 1
gene 3 2280 591 392640 0 5794 392640 1
gene 3 591 2365 -72051 0 6011 -72051 1
gene 3 2365 15 -409194 0 6012 -409194 1
gene 4 1626 2390 245643 0 6075 245643 1
gene 4 2390 30 -493494 0 6076 -493494 1
gene 2 1136 2447 280806 0 6225 280806 1
gene 2 2447 1350 -68895 0 6226 -68895 1
gene 2 873 2534 58977 0 6447 58977 1
gene 2 2534 15 -512636 0 6448 -512636 1
gene 1 2 695 -713296 0 6514 -713296 1
gene 3 873 1350 164139 1 6610 164139 1
gene 3 419 2755 -239142 0 6995 -239142 1
gene 3 2755 591 -437517 0 6996 -437517 1
gene 3 1488 2819 -227841 0 7176 -227841 1
gene 3 2819 14 515040 0 7177 515040 1
gene 1 455 2851 -288699 1 7254 -288699 0
gene 1 2851 455 -114087 0 7255 -114087 1
gene 2 2 2913 -465696 0 7416 -465696 1
gene 2 2913 15 -267150 0 7417 -267150 1
gene 1 1868 1420 -175404 0 7695 -175404 0
gene 4 6 3055 351499 0 7779 351499 1
gene 4 3055 388 39936 0 7780 39936 1
gene 2 3 3088 414663 0 7864 414663 1
gene 2 3088 13 -800000 0 7865 -800000 1
gene 3 10 3124 -29331 0 7947 -29331 1
gene 3 3124 1420 -279834 0 7948 -279834 1
gene 1 1868 3242 -4004 0 8261 -4004 1
gene 1 3242 1420 1992 0 8262 1992 1
gene 4 2010 388 -61036 0 8356 -61036 1
gene 1 156 3357 295107 0 8555 295107 1
gene 1 3357 2010 51960 0 8556 51960 1
gene 3 7 3377 -38442 0 8606 -38442 1
gene 3 3377 612 430346 0 8607 430346 1
genomeend 38


/* Organism #45 Fitness: 220.000000 Time: 0 */
/* Position #45*/
#1 x: 39 y: 38
#2 x: 35 y: 39
#3 x: 48 y: 30
#4 x: 42 y: 68
#5 x: 26 y: 76
#6 x: 21 y: 61
genomestart 45
trait 1 1.000000 0.000000 0.000000 0.000000 0.000000 0.000000 0.000000 0.000000 trait 2 3470.000000 0.000000 85546.000000 61038.000000 0.000000 0.000000 0.000000 53253.000000 trait 3 0.000000 0.000000 0.000000 0.000000 52930.000000 0.000000 0.000000 0.000000 trait 4 0.000000 0.000000 0.000000 47080.000000 0.000000 0.000000 0.000000 0.000000 node 1 3 1 3
node 2 3 1 1
node 3 1 1 1
node 4 2 1 1
node 5 4 1 1
node 6 3 1 1
node 7 2 1 1
node 8 3 1 1
node 9 1 1 1
node 10 1 1 1
node 11 1 1 1
node 12 1 1 1
node 13 3 0 2
node 14 3 0 2
node 15 4 0 2
node 30 1 0 0
node 156 1 0 0
node 183 1 0 0
node 207 1 0 0
node 238 1 0 0
node 310 1 0 0
node 388 1 0 0
node 419 1 0 0
node 455 1 0 0
node 591 1 0 0
node 612 1 0 0
node 646 1 0 0
node 695 1 0 0
node 758 1 0 0
node 873 1 0 0
node 1020 1 0 0
node 1051 1 0 0
node 1115 1 0 0
node 1176 1 0 0
node 1333 1 0 0
node 1364 1 0 0
node 1395 1 0 0
node 1426 1 0 0
node 1497 1 0 0
node 1539 2 0 0
node 1566 1 0 0
node 1630 1 0 0
node 1670 1 0 0
node 1890 1 0 0
node 1970 1 0 0
node 1977 1 0 0
node 2080 1 0 0
node 2142 1 0 0
node 2215 1 0 0
node 2238 1 0 0
node 2470 1 0 0
node 2525 1 0 0
node 2558 1 0 0
node 2594 1 0 0
node 2626 1 0 0
node 2817 1 0 0
node 2912 1 0 0
node 2984 1 0 0
node 3075 1 0 0
node 3146 1 0 0
node 3312 1 0 0
node 3418 1 0 0
gene 2 1 13 -532230 0 1 -532230 1
gene 2 2 13 509795 0 2 509795 1
gene 2 3 13 -66711 0 3 -66711 0
gene 1 4 13 -71532 0 4 -71532 0
gene 1 5 13 -12801 0 5 -12801 0
gene 3 6 13 -800000 0 6 -800000 1
gene 4 7 13 -453507 0 7 -453507 0
gene 1 8 13 710238 0 8 710238 1
gene 3 9 13 -119199 0 9 -119199 1
gene 4 10 13 -281073 0 10 -281073 1
gene 4 11 13 72045 0 11 72045 1
gene 3 12 13 -423869 0 12 -423869 0
gene 1 1 14 148659 0 13 148659 1
gene 2 2 14 115089 0 14 115089 0
gene 1 3 14 -45033 0 15 -45033 1
gene 3 4 14 552462 0 16 552462 0
gene 2 5 14 -800000 0 17 -800000 1
gene 4 6 14 -439836 0 18 -439836 1
gene 3 7 14 323073 0 19 323073 0
gene 3 8 14 -618951 0 20 -618951 1
gene 1 9 14 791099 0 21 791099 0
gene 1 10 14 61551 0 22 61551 1
gene 3 11 14 -301836 0 23 -301836 1
gene 4 12 14 341370 0 24 341370 0
gene 1 1 15 208872 0 25 208872 1
gene 2 2 15 -703136 0 26 -703136 1
gene 2 3 15 -79062 0 27 -79062 1
gene 3 4 15 -280107 0 28 -280107 1
gene 2 5 15 -47502 0 29 -47502 0
gene 2 6 15 -84480 0 30 -84480 0
gene 3 7 15 -424830 0 31 -424830 0
gene 4 8 15 588383 0 32 588383 1
gene 3 9 15 170850 0 33 170850 1
gene 1 10 15 192906 0 34 192906 1
gene 2 11 15 255795 0 35 255795 1
gene 2 12 15 179130 0 36 179130 1
gene 2 2 30 191727 0 68 191727 1
gene 2 30 14 540470 0 69 540470 0
gene 4 12 30 -463005 0 128 -463005 0
gene 4 13 14 -550056 0 154 -550056 1
gene 1 5 156 96039 0 401 96039 1
gene 1 156 13 -207312 0 402 -207312 0
gene 2 11 183 225717 0 483 225717 1
gene 2 183 15 -800000 0 484 -800000 0
gene 2 3 207 -633990 0 547 -633990 0
gene 2 207 13 206103 0 548 206103 1
gene 2 5 238 -228078 0 628 -228078 0
gene 2 238 15 -188640 0 629 -188640 1
gene 3 10 183 -82032 0 685 -82032 0
gene 3 9 207 567987 0 756 567987 0
gene 4 12 310 -422337 0 820 -422337 0
gene 4 310 30 407562 0 821 407562 0
gene 3 10 388 80334 0 1034 80334 1
gene 3 388 183 -3543 0 1035 -3543 1
gene 3 7 419 -436496 0 1104 -436496 1
gene 3 419 15 -257274 0 1105 -257274 0
gene 1 9 455 300603 0 1202 300603 1
gene 1 455 14 -56823 0 1203 -56823 1
gene 1 455 455 201102 1 1275 201102 0
gene 3 419 591 212700 0 1555 212700 0
gene 3 591 15 -48339 0 1556 -48339 1
gene 3 7 612 236565 0 1605 236565 1
gene 3 612 14 -544146 0 1606 -544146 1
gene 3 4 646 -164634 0 1691 -164634 0
gene 3 646 14 128085 0 1692 128085 1
gene 2 6 388 563544 0 1763 563544 1
gene 1 455 695 -328053 1 1828 -328053 1
gene 1 695 455 -294146 0 1829 -294146 0
gene 1 695 758 -88230 0 1982 -88230 1
gene 1 758 455 237024 0 1983 237024 1
gene 2 183 873 -226413 0 2264 -226413 1
gene 2 873 15 316218 0 2265 316218 0
gene 1 310 388 196134 0 2353 196134 1
gene 1 13 591 -321072 0 2547 -321072 1
gene 2 3 1020 -151233 0 2638 -151233 0
gene 2 1020 13 -611312 0 2639 -611312 0
gene 2 1020 1051 703715 0 2713 703715 0
gene 2 1051 13 324768 0 2714 324768 0
gene 2 5 1115 173658 0 2879 173658 1
gene 2 1115 238 -207464 0 2880 -207464 1
gene 2 758 14 84594 0 2964 84594 0
gene 3 419 1176 -264441 0 3035 -264441 1
gene 3 1176 591 -362463 0 3036 -362463 1
gene 1 183 646 -191013 0 3271 -191013 1
gene 3 1115 1115 173409 1 3343 173409 1
gene 1 156 1333 -250854 0 3426 -250854 1
gene 1 1333 13 593424 0 3427 593424 0
gene 1 4 1364 185625 0 3506 185625 0
gene 1 1364 13 -118752 0 3507 -118752 0
gene 4 310 1395 -296520 0 3583 -296520 1
gene 4 1395 30 -541839 0 3584 -541839 1
gene 2 1020 1426 510702 0 3664 510702 1
gene 2 1426 1051 -800000 0 3665 -800000 0
gene 2 873 1497 -489503 0 3832 -489503 1
gene 2 1497 15 281733 0 3833 281733 1
gene 1 1364 1539 -710318 0 3947 -710318 1
gene 1 1539 13 16329 0 3948 16329 1
gene 4 12 1566 -185040 0 4011 -185040 0
gene 4 1566 310 462759 0 4012 462759 1
gene 3 1539 1426 237801 0 4094 237801 0
gene 4 12 1630 21528 0 4176 21528 0
gene 4 1630 14 -557646 0 4177 -557646 1
gene 2 3 1670 404817 0 4273 404817 1
gene 2 1670 1020 786471 0 4274 786471 1
gene 3 9 1497 179784 0 4364 179784 0
gene 1 591 1566 574637 0 4566 574637 1
gene 1 1 758 -632117 0 4631 -632117 1
gene 1 4 1890 296112 0 4830 296112 1
gene 1 1890 1364 -546333 0 4831 -546333 1
gene 2 758 1970 303657 0 5021 303657 0
gene 2 1970 14 414759 0 5022 414759 1
gene 2 1426 1977 -95552 0 5037 -95552 1
gene 2 1977 1051 -31980 0 5038 -31980 1
gene 1 1176 15 53308 0 5216 53308 1
gene 2 758 2080 366780 0 5291 366780 1
gene 2 2080 1970 393678 0 5292 393678 1
gene 2 3 2142 146917 0 5443 146917 1
gene 2 2142 207 123834 0 5444 123834 1
gene 3 9 2215 407664 0 5624 407664 1
gene 3 2215 1497 -632043 0 5625 -632043 1
gene 3 1539 2238 152520 0 5680 152520 1
gene 3 2238 1426 -146581 0 5681 -146581 1
gene 4 1176 1970 -681489 0 5772 -681489 0
gene 3 9 1176 -97812 0 6102 -97812 1
gene 4 238 1670 40812 0 6169 40812 1
gene 3 9 2470 290127 0 6281 290127 1
gene 3 2470 207 -183201 0 6282 -183201 1
gene 4 1539 1539 -768550 1 6362 -768550 1
gene 2 30 2525 -40518 0 6422 -40518 1
gene 2 2525 14 -41145 0 6423 -41145 1
gene 2 6 2558 -50943 0 6504 -50943 1
gene 2 2558 15 208116 0 6505 208116 0
gene 4 12 2594 -133089 0 6591 -133089 1
gene 4 2594 1630 -88302 0 6592 -88302 1
gene 2 1051 2626 -196635 0 6672 -196635 1
gene 2 2626 13 -4059 0 6673 -4059 1
gene 1 1 1670 144974 0 7023 144974 1
gene 2 10 1020 -193626 0 7097 -193626 1
gene 2 2558 2817 -55764 0 7170 -55764 1
gene 2 2817 15 -359442 0 7171 -359442 1
gene 1 9 2238 432136 0 7242 432136 1
gene 1 2594 15 53269 0 7340 53269 0
gene 4 7 2912 -322310 0 7409 -322310 1
gene 4 2912 13 -534120 0 7410 -534120 1
gene 4 1670 207 -462240 0 7503 -462240 1
gene 1 2594 2984 -248241 0 7596 -248241 1
gene 1 2984 15 -240371 0 7597 -240371 1
gene 3 4 3075 -538553 0 7834 -538553 1
gene 3 3075 646 11364 0 7835 11364 1
gene 4 1176 3146 -234441 0 8016 -234441 1
gene 4 3146 1970 -359652 0 8017 -359652 1
gene 4 15 30 56313 0 8084 56313 1
gene 2 183 758 -21747 0 8153 -21747 1
gene 3 873 873 92854 1 8237 92854 1
gene 3 1497 1497 -69291 1 8337 -69291 1
gene 4 12 3312 -55478 0 8434 -55478 1
gene 4 3312 1566 124293 0 8435 124293 1
gene 1 1333 3418 1 0 8710 0 1
gene 1 3418 13 593424 0 8711 0 1
genomeend 45


/* Organism #54 Fitness: 230.000000 Time: 0 */
/* Position #54*/
#1 x: 81 y: 17
#2 x: 79 y: 39
#3 x: 43 y: 22
#4 x: 49 y: 72
#5 x: 23 y: 60
#6 x: 77 y: 64
genomestart 54
trait 1 1.000000 0.000000 0.000000 69664.000000 0.000000 13518.000000 0.000000 0.000000 trait 2 2.000000 0.000000 0.000000 0.000000 0.000000 0.000000 0.000000 0.000000 trait 3 60257.000000 0.000000 0.000000 73545.000000 36478.000000 0.000000 71397.000000 51660.000000 trait 4 4.000000 0.000000 0.000000 0.000000 0.000000 0.000000 0.000000 0.000000 node 1 3 1 3
node 2 3 1 1
node 3 1 1 1
node 4 2 1 1
node 5 4 1 1
node 6 3 1 1
node 7 2 1 1
node 8 3 1 1
node 9 1 1 1
node 10 1 1 1
node 11 1 1 1
node 12 1 1 1
node 13 3 0 2
node 14 3 0 2
node 15 2 0 2
node 30 1 0 0
node 156 1 0 0
node 183 1 0 0
node 207 1 0 0
node 238 1 0 0
node 310 1 0 0
node 388 1 0 0
node 419 1 0 0
node 455 1 0 0
node 591 1 0 0
node 612 1 0 0
node 646 1 0 0
node 695 1 0 0
node 758 1 0 0
node 873 1 0 0
node 934 1 0 0
node 1136 1 0 0
node 1191 1 0 0
node 1225 1 0 0
node 1350 1 0 0
node 1420 1 0 0
node 1454 3 0 0
node 1488 1 0 0
node 1550 1 0 0
node 1591 1 0 0
node 1626 2 0 0
node 1821 1 0 0
node 1868 1 0 0
node 1975 1 0 0
node 2010 1 0 0
node 2051 1 0 0
node 2192 1 0 0
node 2223 1 0 0
node 2280 1 0 0
node 2365 1 0 0
node 2390 1 0 0
node 2447 1 0 0
node 2534 1 0 0
node 2755 1 0 0
node 2819 1 0 0
node 2851 1 0 0
node 2913 1 0 0
node 3055 1 0 0
node 3088 1 0 0
node 3124 1 0 0
node 3242 1 0 0
node 3310 1 0 0
node 3396 1 0 0
node 3423 1 0 0
gene 2 1 13 735470 0 1 735470 1
gene 2 2 13 212796 0 2 212796 1
gene 2 3 13 -661350 0 3 -661350 0
gene 2 4 13 62400 0 4 62400 1
gene 1 5 13 -800000 0 5 -800000 1
gene 3 6 13 -246351 0 6 -246351 1
gene 4 7 13 262590 0 7 262590 1
gene 1 8 13 429654 0 8 429654 1
gene 3 9 13 298575 0 9 298575 1
gene 4 10 13 -150255 0 10 -150255 1
gene 4 11 13 -671304 0 11 -671304 1
gene 3 12 13 -239960 0 12 -239960 1
gene 1 1 14 -613328 0 13 -613328 1
gene 2 2 14 177603 0 14 177603 0
gene 1 3 14 -117345 0 15 -117345 1
gene 3 4 14 409995 0 16 409995 1
gene 2 5 14 -260696 0 17 -260696 1
gene 4 6 14 274140 0 18 274140 1
gene 3 7 14 194490 0 19 194490 1
gene 3 8 14 -335373 0 20 -335373 1
gene 1 9 14 -544391 0 21 -544391 1
gene 1 10 14 507753 0 22 507753 1
gene 3 11 14 -314814 0 23 -314814 1
gene 4 12 14 -800000 0 24 -800000 1
gene 1 1 15 98367 0 25 98367 1
gene 2 2 15 398625 0 26 398625 0
gene 2 3 15 158919 0 27 158919 1
gene 3 4 15 167202 0 28 167202 1
gene 2 5 15 -190704 0 29 -190704 1
gene 2 6 15 7977 0 30 7977 1
gene 3 7 15 -52833 0 31 -52833 0
gene 4 8 15 164151 0 32 164151 1
gene 3 9 15 873 0 33 873 1
gene 1 10 15 26445 0 34 26445 1
gene 2 11 15 -318870 0 35 -318870 1
gene 2 12 15 736025 0 36 736025 1
gene 2 2 30 -417420 0 68 -417420 1
gene 2 30 14 575841 0 69 575841 1
gene 4 12 30 176802 0 128 176802 1
gene 4 13 14 522108 0 154 522108 1
gene 1 5 156 -169386 0 401 -169386 1
gene 1 156 13 787296 0 402 787296 0
gene 2 11 183 -800000 0 483 -800000 1
gene 2 183 15 101508 0 484 101508 0
gene 2 3 207 -800000 0 547 -800000 1
gene 2 207 13 120522 0 548 120522 1
gene 2 5 238 -122295 0 628 -122295 1
gene 2 238 15 -18960 0 629 -18960 1
gene 3 10 183 -31764 0 685 -31764 0
gene 1 9 207 -242769 0 756 -242769 1
gene 4 12 310 131151 0 820 131151 1
gene 4 310 30 155907 0 821 155907 1
gene 3 10 388 250862 0 1034 250862 0
gene 3 388 183 -613755 0 1035 -613755 0
gene 3 7 419 -800000 0 1104 -800000 0
gene 3 419 15 -513660 0 1105 -513660 0
gene 1 9 455 194937 0 1202 194937 1
gene 1 455 14 -43935 0 1203 -43935 0
gene 1 455 455 -158217 1 1275 -158217 0
gene 3 419 591 -610196 0 1555 -610196 0
gene 3 591 15 -556368 0 1556 -556368 0
gene 3 7 612 -166770 0 1605 -166770 1
gene 3 612 14 -119466 0 1606 -119466 1
gene 3 4 646 132717 0 1691 132717 1
gene 3 646 14 146388 0 1692 146388 1
gene 4 6 388 654359 0 1763 654359 0
gene 1 455 695 503193 1 1828 503193 1
gene 1 695 455 -50172 0 1829 -50172 0
gene 1 695 758 -243855 0 1982 -243855 1
gene 1 758 455 -172206 0 1983 -172206 1
gene 2 183 873 -74397 0 2264 -74397 1
gene 2 873 15 800000 0 2265 800000 1
gene 1 310 388 727191 0 2353 727191 0
gene 1 10 934 -339180 0 2417 -339180 1
gene 1 934 14 -24402 0 2418 -24402 1
gene 2 9 388 -391191 0 2756 -391191 1
gene 2 9 1136 541746 0 2936 541746 1
gene 2 1136 388 -437850 0 2937 -437850 1
gene 1 934 1191 -469464 0 3070 -469464 1
gene 1 1191 14 -39663 0 3071 -39663 1
gene 2 3 1225 48018 0 3155 48018 1
gene 2 1225 207 -170805 0 3156 -170805 1
gene 1 873 873 -672282 1 3296 -672282 1
gene 1 591 455 -732000 0 3392 -732000 1
gene 2 1136 1350 -418026 0 3472 -418026 0
gene 2 1350 388 -398769 0 3473 -398769 1
gene 2 238 238 51906 1 3569 51906 1
gene 3 10 1420 -251357 0 3648 -251357 0
gene 3 1420 388 -725907 0 3649 -725907 0
gene 3 4 1454 -284685 0 3731 -284685 0
gene 3 1454 15 -258549 0 3732 -258549 0
gene 3 612 1488 -42981 0 3812 -42981 1
gene 3 1488 14 -276473 0 3813 -276473 0
gene 3 388 1550 800000 0 3976 800000 1
gene 3 1550 183 340257 0 3977 340257 0
gene 3 1420 1591 -421709 0 4076 -421709 1
gene 3 1591 388 298605 0 4077 298605 1
gene 4 310 1626 800000 0 4165 800000 1
gene 4 1626 30 36819 0 4166 36819 1
gene 4 1550 419 607212 0 4260 607212 1
gene 1 455 1821 461568 0 4650 461568 1
gene 1 1821 14 -103827 0 4651 -103827 1
gene 1 5 1868 588855 0 4778 588855 1
gene 1 1868 156 -36639 0 4779 -36639 1
gene 1 183 183 44840 1 4880 44840 0
gene 4 1550 1550 251366 1 4949 251366 1
gene 3 1454 1975 -667994 0 5033 -667994 1
gene 3 1975 15 133842 0 5034 133842 1
gene 1 156 2010 205236 0 5118 205236 1
gene 1 2010 13 284313 0 5119 284313 1
gene 3 1550 2051 414088 0 5219 414088 1
gene 3 2051 183 -585330 0 5220 -585330 1
gene 3 612 612 -396555 1 5310 -396555 1
gene 1 183 2192 -234579 1 5568 -234579 1
gene 1 2192 183 -106140 0 5569 -106140 1
gene 1 310 2223 212466 0 5641 212466 1
gene 1 2223 388 -56298 0 5642 -56298 1
gene 3 419 2280 86487 0 5793 86487 1
gene 3 2280 591 94644 0 5794 94644 1
gene 3 591 2365 -84048 0 6011 -84048 1
gene 3 2365 15 -234696 0 6012 -234696 1
gene 4 1626 2390 438315 0 6075 438315 1
gene 4 2390 30 67107 0 6076 67107 1
gene 2 1136 2447 164007 0 6225 164007 1
gene 2 2447 1350 -44028 0 6226 -44028 1
gene 2 873 2534 161676 0 6447 161676 1
gene 2 2534 15 -800000 0 6448 -800000 1
gene 1 2 695 -390388 0 6514 -390388 1
gene 3 873 1350 -219183 1 6610 -219183 1
gene 3 419 2755 -431837 0 6995 -431837 1
gene 3 2755 591 -303894 0 6996 -303894 1
gene 3 1488 2819 -266576 0 7176 -266576 1
gene 3 2819 14 212745 0 7177 212745 1
gene 1 455 2851 -319884 1 7254 -319884 1
gene 1 2851 455 470988 0 7255 470988 1
gene 2 2 2913 -789663 0 7416 -789663 1
gene 2 2913 15 -561501 0 7417 -561501 1
gene 1 1868 1420 -102549 0 7695 -102549 0
gene 4 6 3055 33982 0 7779 33982 1
gene 4 3055 388 800000 0 7780 800000 1
gene 2 3 3088 34620 0 7864 34620 1
gene 2 3088 13 -382023 0 7865 -382023 1
gene 3 10 3124 208192 0 7947 208192 1
gene 3 3124 1420 87079 0 7948 87079 1
gene 1 1868 3242 289347 0 8261 289347 1
gene 1 3242 1420 -197592 0 8262 -197592 1
gene 3 1821 1488 292830 0 8357 292830 1
gene 3 7 3310 1 0 8430 1 1
gene 3 3310 419 -800000 0 8431 -800000 1
gene 1 695 3396 1 0 8650 0 1
gene 1 3396 455 -50172 0 8651 0 1
gene 3 4 3423 1 0 8722 0 1
gene 3 3423 1454 -284685 0 8723 0 1
genomeend 54


/* Organism #56 Fitness: 220.000000 Time: 0 */
/* Position #56*/
#1 x: 35 y: 31
#2 x: 75 y: 16
#3 x: 42 y: 24
#4 x: 53 y: 64
#5 x: 61 y: 69
#6 x: 64 y: 69
genomestart 56
trait 1 1.000000 0.000000 0.000000 0.000000 0.000000 0.000000 0.000000 0.000000 trait 2 3470.000000 29789.000000 100000.000000 7963.000000 0.000000 0.000000 81041.000000 100000.000000 trait 3 0.000000 0.000000 49631.000000 0.000000 100000.000000 0.000000 0.000000 87377.000000 trait 4 4.000000 0.000000 0.000000 0.000000 0.000000 0.000000 0.000000 0.000000 node 1 3 1 3
node 2 3 1 1
node 3 1 1 1
node 4 2 1 1
node 5 4 1 1
node 6 3 1 1
node 7 2 1 1
node 8 3 1 1
node 9 1 1 1
node 10 1 1 1
node 11 1 1 1
node 12 1 1 1
node 13 3 0 2
node 14 3 0 2
node 15 4 0 2
node 30 1 0 0
node 156 1 0 0
node 183 1 0 0
node 207 1 0 0
node 238 1 0 0
node 310 1 0 0
node 388 1 0 0
node 419 1 0 0
node 455 1 0 0
node 591 1 0 0
node 612 1 0 0
node 646 1 0 0
node 695 1 0 0
node 758 1 0 0
node 873 1 0 0
node 1020 1 0 0
node 1051 1 0 0
node 1115 1 0 0
node 1176 1 0 0
node 1333 1 0 0
node 1364 1 0 0
node 1395 1 0 0
node 1426 1 0 0
node 1497 1 0 0
node 1539 2 0 0
node 1566 1 0 0
node 1630 1 0 0
node 1670 1 0 0
node 1890 1 0 0
node 1970 1 0 0
node 1977 1 0 0
node 2080 1 0 0
node 2142 1 0 0
node 2215 1 0 0
node 2238 1 0 0
node 2470 1 0 0
node 2525 1 0 0
node 2558 1 0 0
node 2594 1 0 0
node 2626 1 0 0
node 2849 1 0 0
node 2912 1 0 0
node 3023 1 0 0
node 3054 1 0 0
node 3087 1 0 0
node 3123 1 0 0
node 3152 1 0 0
node 3218 1 0 0
node 3262 1 0 0
node 3299 1 0 0
node 3426 1 0 0
gene 2 1 13 -118818 0 1 -118818 1
gene 2 2 13 800000 0 2 800000 1
gene 2 3 13 800000 0 3 800000 0
gene 1 4 13 249753 0 4 249753 0
gene 1 5 13 -48282 0 5 -48282 0
gene 3 6 13 -363213 0 6 -363213 1
gene 4 7 13 211185 0 7 211185 0
gene 1 8 13 -86853 0 8 -86853 1
gene 3 9 13 327327 0 9 327327 1
gene 4 10 13 -321804 0 10 -321804 1
gene 4 11 13 -266019 0 11 -266019 1
gene 3 12 13 48535 0 12 48535 1
gene 1 1 14 732 0 13 732 1
gene 2 2 14 -234915 0 14 -234915 0
gene 1 3 14 254628 0 15 254628 1
gene 3 4 14 -117582 0 16 -117582 0
gene 2 5 14 -561671 0 17 -561671 1
gene 4 6 14 -196650 0 18 -196650 1
gene 3 7 14 -278349 0 19 -278349 0
gene 3 8 14 -130260 0 20 -130260 1
gene 1 9 14 560187 0 21 560187 0
gene 1 10 14 -92913 0 22 -92913 1
gene 3 11 14 637689 0 23 637689 1
gene 4 12 14 -46986 0 24 -46986 0
gene 1 1 15 -305661 0 25 -305661 1
gene 2 2 15 -498762 0 26 -498762 1
gene 2 3 15 268941 0 27 268941 1
gene 3 4 15 115734 0 28 115734 1
gene 2 5 15 -175176 0 29 -175176 0
gene 2 6 15 92817 0 30 92817 0
gene 3 7 15 -103884 0 31 -103884 0
gene 4 8 15 170058 0 32 170058 1
gene 3 9 15 -702272 0 33 -702272 1
gene 1 10 15 800000 0 34 800000 1
gene 2 11 15 365691 0 35 365691 1
gene 2 12 15 628194 0 36 628194 1
gene 2 2 30 29553 0 68 29553 1
gene 2 30 14 363557 0 69 363557 0
gene 4 12 30 374291 0 128 374291 0
gene 4 13 14 -1506 0 154 -1506 1
gene 1 5 156 -184212 0 401 -184212 1
gene 1 156 13 308667 0 402 308667 0
gene 2 11 183 -41664 0 483 -41664 1
gene 2 183 15 453506 0 484 453506 0
gene 2 3 207 -63942 0 547 -63942 0
gene 2 207 13 58680 0 548 58680 1
gene 2 5 238 -184599 0 628 -184599 0
gene 2 238 15 -561456 0 629 -561456 1
gene 3 10 183 -225597 0 685 -225597 0
gene 3 9 207 -743151 0 756 -743151 0
gene 4 12 310 -666164 0 820 -666164 0
gene 4 310 30 92946 0 821 92946 0
gene 3 10 388 -800000 0 1034 -800000 1
gene 3 388 183 -199899 0 1035 -199899 1
gene 3 7 419 -471012 0 1104 -471012 1
gene 3 419 15 111165 0 1105 111165 0
gene 1 9 455 201462 0 1202 201462 1
gene 1 455 14 -37848 0 1203 -37848 1
gene 1 455 455 118944 1 1275 118944 0
gene 3 419 591 -310353 0 1555 -310353 0
gene 3 591 15 -355317 0 1556 -355317 1
gene 3 7 612 -741477 0 1605 -741477 1
gene 3 612 14 -127557 0 1606 -127557 1
gene 3 4 646 83328 0 1691 83328 1
gene 3 646 14 -671826 0 1692 -671826 1
gene 2 6 388 733977 0 1763 733977 1
gene 1 455 695 231537 1 1828 231537 1
gene 1 695 455 -800000 0 1829 -800000 0
gene 1 695 758 128184 0 1982 128184 1
gene 1 758 455 -299973 0 1983 -299973 1
gene 2 183 873 -89574 0 2264 -89574 1
gene 2 873 15 5193 0 2265 5193 0
gene 1 310 388 89328 0 2353 89328 1
gene 1 13 591 -195129 0 2547 -195129 1
gene 2 3 1020 800000 0 2638 800000 0
gene 2 1020 13 -390701 0 2639 -390701 0
gene 2 1020 1051 -20400 0 2713 -20400 0
gene 2 1051 13 263085 0 2714 263085 0
gene 2 5 1115 11904 0 2879 11904 1
gene 2 1115 238 218227 0 2880 218227 1
gene 2 758 14 232410 0 2964 232410 0
gene 3 419 1176 675795 0 3035 675795 1
gene 3 1176 591 242223 0 3036 242223 1
gene 1 183 646 245109 0 3271 245109 1
gene 3 1115 1115 -691535 1 3343 -691535 1
gene 1 156 1333 -321873 0 3426 -321873 1
gene 1 1333 13 330291 0 3427 330291 1
gene 1 4 1364 -160530 0 3506 -160530 0
gene 1 1364 13 -159999 0 3507 -159999 0
gene 4 310 1395 566826 0 3583 566826 1
gene 4 1395 30 -312147 0 3584 -312147 0
gene 2 1020 1426 432012 0 3664 432012 1
gene 2 1426 1051 226629 0 3665 226629 0
gene 2 873 1497 141453 0 3832 141453 0
gene 2 1497 15 -867 0 3833 -867 0
gene 1 1364 1539 -800000 0 3947 -800000 1
gene 1 1539 13 403605 0 3948 403605 0
gene 4 12 1566 -669357 0 4011 -669357 1
gene 4 1566 310 354870 0 4012 354870 1
gene 3 1539 1426 -176958 0 4094 -176958 0
gene 4 12 1630 336879 0 4176 336879 0
gene 4 1630 14 199779 0 4177 199779 1
gene 2 3 1670 -159780 0 4273 -159780 1
gene 2 1670 1020 -10674 0 4274 -10674 1
gene 3 9 1497 151266 0 4364 151266 0
gene 1 591 1566 310548 0 4566 310548 1
gene 1 1 758 -603569 0 4631 -603569 1
gene 1 4 1890 -266814 0 4830 -266814 0
gene 1 1890 1364 122883 0 4831 122883 1
gene 2 758 1970 -407055 0 5021 -407055 0
gene 2 1970 14 56487 0 5022 56487 1
gene 2 1426 1977 164217 0 5037 164217 1
gene 2 1977 1051 -411674 0 5038 -411674 1
gene 1 1176 15 -726626 0 5216 -726626 1
gene 2 758 2080 190902 0 5291 190902 1
gene 2 2080 1970 -97062 0 5292 -97062 0
gene 2 3 2142 273231 0 5443 273231 0
gene 2 2142 207 117699 0 5444 117699 1
gene 3 9 2215 680139 0 5624 680139 1
gene 3 2215 1497 189003 0 5625 189003 1
gene 3 1539 2238 -214905 0 5680 -214905 1
gene 3 2238 1426 345981 0 5681 345981 1
gene 4 1176 1970 800000 0 5772 800000 1
gene 3 9 1176 236090 0 6102 236090 1
gene 4 238 1670 136437 0 6169 136437 1
gene 3 9 2470 -800000 0 6281 -800000 1
gene 3 2470 207 161040 0 6282 161040 0
gene 4 1539 1539 -55893 1 6362 -55893 1
gene 2 30 2525 249571 0 6422 249571 1
gene 2 2525 14 113676 0 6423 113676 1
gene 2 6 2558 -266157 0 6504 -266157 1
gene 2 2558 15 -732354 0 6505 -732354 1
gene 4 12 2594 213297 0 6591 213297 1
gene 4 2594 1630 -261264 0 6592 -261264 1
gene 2 1051 2626 218079 0 6672 218079 1
gene 2 2626 13 356280 0 6673 356280 1
gene 3 1395 1497 -76938 0 7112 -76938 0
gene 1 758 2626 -529709 0 7175 -529709 1
gene 4 1395 2849 156735 0 7250 156735 1
gene 4 2849 30 42840 0 7251 42840 1
gene 2 2215 13 608563 0 7342 608563 1
gene 4 7 2912 -312776 0 7409 -312776 1
gene 4 2912 13 85530 0 7410 85530 1
gene 1 873 873 -368654 1 7518 -368654 1
gene 3 2470 3023 297564 0 7691 297564 1
gene 3 3023 207 -170313 0 7692 -170313 1
gene 2 873 3054 -653 0 7776 -653 1
gene 2 3054 1497 403497 0 7777 403497 1
gene 2 2080 3087 50053 0 7862 50053 1
gene 2 3087 1970 -119010 0 7863 -119010 1
gene 1 4 3123 488503 0 7945 488503 1
gene 1 3123 1890 -556998 0 7946 -556998 1
gene 3 1395 3152 229057 0 8031 229057 1
gene 3 3152 1497 -184863 0 8032 -184863 1
gene 1 10 310 384663 0 8120 384663 1
gene 2 1497 3218 -220623 0 8201 -220623 1
gene 2 3218 15 -336075 0 8202 -336075 1
gene 1 1539 3262 164983 0 8308 164983 1
gene 1 3262 13 392370 0 8309 392370 1
gene 2 3 3299 69147 0 8401 69147 0
gene 2 3299 2142 173727 0 8402 173727 1
gene 2 3 3426 1 0 8728 0 1
gene 2 3426 3299 69147 0 8729 0 1
genomeend 56


/* Organism #72 Fitness: 350.000000 Time: 0 */
/* Position #72*/
#1 x: 33 y: 15
#2 x: 36 y: 33
#3 x: 65 y: 29
#4 x: 25 y: 62
#5 x: 65 y: 82
#6 x: 80 y: 81
genomestart 72
trait 1 1.000000 0.000000 0.000000 69664.000000 0.000000 13518.000000 0.000000 0.000000 trait 2 99260.000000 0.000000 0.000000 77851.000000 0.000000 4953.000000 0.000000 12385.000000 trait 3 0.000000 0.000000 0.000000 0.000000 52930.000000 0.000000 0.000000 0.000000 trait 4 4.000000 0.000000 0.000000 0.000000 31563.000000 0.000000 32892.000000 24421.000000 node 1 3 1 3
node 2 3 1 1
node 3 1 1 1
node 4 2 1 1
node 5 4 1 1
node 6 3 1 1
node 7 2 1 1
node 8 3 1 1
node 9 1 1 1
node 10 1 1 1
node 11 1 1 1
node 12 1 1 1
node 13 3 0 2
node 14 3 0 2
node 15 2 0 2
node 30 1 0 0
node 156 1 0 0
node 183 1 0 0
node 207 1 0 0
node 238 1 0 0
node 310 1 0 0
node 388 2 0 0
node 419 1 0 0
node 455 1 0 0
node 591 1 0 0
node 612 1 0 0
node 646 1 0 0
node 695 1 0 0
node 758 1 0 0
node 873 1 0 0
node 934 1 0 0
node 1136 1 0 0
node 1191 1 0 0
node 1225 1 0 0
node 1350 1 0 0
node 1420 1 0 0
node 1454 1 0 0
node 1488 1 0 0
node 1550 1 0 0
node 1591 1 0 0
node 1626 2 0 0
node 1821 1 0 0
node 1868 1 0 0
node 1975 1 0 0
node 2010 1 0 0
node 2051 1 0 0
node 2192 1 0 0
node 2223 1 0 0
node 2280 1 0 0
node 2365 1 0 0
node 2390 1 0 0
node 2447 1 0 0
node 2534 1 0 0
node 2784 1 0 0
node 2806 1 0 0
node 2935 1 0 0
node 2974 1 0 0
node 3147 1 0 0
node 3215 1 0 0
node 3251 1 0 0
node 3286 1 0 0
node 3317 1 0 0
node 3341 1 0 0
node 3372 1 0 0
gene 2 1 13 -287400 0 1 -287400 1
gene 2 2 13 378498 0 2 378498 1
gene 2 3 13 -289542 0 3 -289542 1
gene 2 4 13 249288 0 4 249288 1
gene 1 5 13 112599 0 5 112599 0
gene 3 6 13 16521 0 6 16521 0
gene 4 7 13 59601 0 7 59601 1
gene 1 8 13 -260196 0 8 -260196 1
gene 3 9 13 219891 0 9 219891 1
gene 4 10 13 284382 0 10 284382 1
gene 4 11 13 -772667 0 11 -772667 1
gene 3 12 13 241671 0 12 241671 1
gene 1 1 14 -212034 0 13 -212034 1
gene 2 2 14 785246 0 14 785246 0
gene 1 3 14 28401 0 15 28401 1
gene 3 4 14 105627 0 16 105627 1
gene 2 5 14 -136857 0 17 -136857 1
gene 4 6 14 -117705 0 18 -117705 1
gene 3 7 14 75924 0 19 75924 0
gene 3 8 14 21006 0 20 21006 1
gene 1 9 14 279747 0 21 279747 0
gene 1 10 14 -38388 0 22 -38388 0
gene 3 11 14 -299448 0 23 -299448 1
gene 4 12 14 181053 0 24 181053 1
gene 1 1 15 -81357 0 25 -81357 1
gene 2 2 15 12894 0 26 12894 1
gene 2 3 15 -504678 0 27 -504678 1
gene 3 4 15 433209 0 28 433209 1
gene 2 5 15 150048 0 29 150048 0
gene 2 6 15 -121530 0 30 -121530 1
gene 3 7 15 166575 0 31 166575 1
gene 4 8 15 18060 0 32 18060 1
gene 3 9 15 68919 0 33 68919 1
gene 1 10 15 28017 0 34 28017 1
gene 2 11 15 -505848 0 35 -505848 1
gene 2 12 15 620496 0 36 620496 1
gene 2 2 30 161571 0 68 161571 0
gene 2 30 14 -184212 0 69 -184212 1
gene 4 12 30 -305259 0 128 -305259 0
gene 4 13 14 236106 0 154 236106 1
gene 1 5 156 -172392 0 401 -172392 0
gene 1 156 13 -164025 0 402 -164025 1
gene 2 11 183 -29829 0 483 -29829 1
gene 2 183 15 38184 0 484 38184 0
gene 2 3 207 -226326 0 547 -226326 1
gene 2 207 13 -125535 0 548 -125535 1
gene 2 5 238 -390540 0 628 -390540 1
gene 2 238 15 94455 0 629 94455 1
gene 3 10 183 29676 0 685 29676 0
gene 3 9 207 560199 0 756 560199 1
gene 4 12 310 -523446 0 820 -523446 1
gene 4 310 30 41271 0 821 41271 0
gene 3 10 388 -601903 0 1034 -601903 0
gene 3 388 183 -4434 0 1035 -4434 0
gene 3 7 419 -116094 0 1104 -116094 1
gene 3 419 15 -164910 0 1105 -164910 0
gene 1 9 455 -443208 0 1202 -443208 1
gene 1 455 14 146010 0 1203 146010 1
gene 1 455 455 175131 1 1275 175131 0
gene 3 419 591 800000 0 1555 800000 0
gene 3 591 15 -430458 0 1556 -430458 1
gene 3 7 612 -227448 0 1605 -227448 0
gene 3 612 14 -772314 0 1606 -772314 0
gene 3 4 646 -2316 0 1691 -2316 1
gene 3 646 14 67326 0 1692 67326 1
gene 4 6 388 169023 0 1763 169023 1
gene 1 455 695 -108357 1 1828 -108357 1
gene 1 695 455 153246 0 1829 153246 0
gene 1 695 758 187428 0 1982 187428 1
gene 1 758 455 131406 0 1983 131406 1
gene 2 183 873 330543 0 2264 330543 1
gene 2 873 15 65076 0 2265 65076 1
gene 1 310 388 -145683 0 2353 -145683 0
gene 1 10 934 -125181 0 2417 -125181 1
gene 1 934 14 -422796 0 2418 -422796 0
gene 2 9 388 542106 0 2756 542106 0
gene 2 9 1136 -723555 0 2936 -723555 1
gene 2 1136 388 -547530 0 2937 -547530 1
gene 1 934 1191 -374151 0 3070 -374151 1
gene 1 1191 14 110220 0 3071 110220 1
gene 2 3 1225 -417732 0 3155 -417732 1
gene 2 1225 207 -201678 0 3156 -201678 1
gene 1 873 873 91233 1 3296 91233 1
gene 1 591 455 -373146 0 3392 -373146 1
gene 2 1136 1350 -5307 0 3472 -5307 1
gene 2 1350 388 509907 0 3473 509907 1
gene 2 238 238 134556 1 3569 134556 0
gene 3 10 1420 -265133 0 3648 -265133 1
gene 3 1420 388 4848 0 3649 4848 1
gene 3 4 1454 -543359 0 3731 -543359 1
gene 3 1454 15 -38037 0 3732 -38037 0
gene 3 612 1488 156831 0 3812 156831 1
gene 3 1488 14 -162342 0 3813 -162342 1
gene 3 388 1550 659345 0 3976 659345 0
gene 3 1550 183 21864 0 3977 21864 1
gene 3 1420 1591 -184524 0 4076 -184524 1
gene 3 1591 388 -519360 0 4077 -519360 1
gene 4 310 1626 -101970 0 4165 -101970 1
gene 4 1626 30 22275 0 4166 22275 0
gene 4 1550 419 174471 0 4260 174471 1
gene 1 455 1821 5022 0 4650 5022 1
gene 1 1821 14 16236 0 4651 16236 1
gene 1 5 1868 -51720 0 4778 -51720 1
gene 1 1868 156 -294495 0 4779 -294495 0
gene 1 183 183 -299178 1 4880 -299178 0
gene 4 1550 1550 72894 1 4949 72894 1
gene 3 1454 1975 594906 0 5033 594906 1
gene 3 1975 15 88443 0 5034 88443 1
gene 1 156 2010 -152550 0 5118 -152550 1
gene 1 2010 13 51153 0 5119 51153 1
gene 3 1550 2051 28611 0 5219 28611 1
gene 3 2051 183 42081 0 5220 42081 1
gene 3 612 612 188349 1 5310 188349 1
gene 1 183 2192 731472 1 5568 731472 1
gene 1 2192 183 256674 0 5569 256674 1
gene 1 310 2223 247362 0 5641 247362 1
gene 1 2223 388 580284 0 5642 580284 1
gene 3 419 2280 -133527 0 5793 -133527 1
gene 3 2280 591 268548 0 5794 268548 1
gene 3 591 2365 300660 0 6011 300660 1
gene 3 2365 15 3435 0 6012 3435 1
gene 4 1626 2390 538816 0 6075 538816 1
gene 4 2390 30 180777 0 6076 180777 1
gene 2 1136 2447 270369 0 6225 270369 1
gene 2 2447 1350 38853 0 6226 38853 1
gene 2 873 2534 110754 0 6447 110754 1
gene 2 2534 15 -39816 0 6448 -39816 1
gene 1 2 695 740909 0 6514 740909 1
gene 3 873 1350 48124 1 6610 48124 1
gene 3 5 2010 180039 0 6823 180039 1
gene 1 695 2223 -401664 0 6899 -401664 1
gene 3 388 2784 194334 0 7074 194334 1
gene 3 2784 1550 18852 0 7075 18852 1
gene 2 238 2806 -425117 1 7135 -425117 1
gene 2 2806 238 -171254 0 7136 -171254 1
gene 1 455 2935 -91214 0 7478 -91214 1
gene 1 2935 1821 119142 0 7479 119142 1
gene 1 8 2974 -489309 0 7572 -489309 1
gene 1 2974 13 427623 0 7573 427623 0
gene 1 612 1975 278337 0 7639 278337 1
gene 1 1868 3147 275109 0 8018 275109 0
gene 1 3147 156 -9645 0 8019 -9645 1
gene 1 3147 3215 279766 0 8190 279766 1
gene 1 3215 156 146718 0 8191 146718 1
gene 3 7 3251 -220715 0 8282 -220715 1
gene 3 3251 612 129324 0 8283 129324 1
gene 3 6 3286 -153672 0 8370 -153672 1
gene 3 3286 13 208725 0 8371 208725 1
gene 1 1868 3317 -106889 0 8449 -106889 1
gene 1 3317 3147 35106 0 8450 35106 1
gene 2 2 3341 -293216 0 8519 -293216 1
gene 2 3341 30 -175080 0 8520 -175080 1
gene 1 2974 3372 275056 0 8591 275056 1
gene 1 3372 13 533919 0 8592 533919 1
genomeend 72


/* Organism #73 Fitness: 250.000000 Time: 0 */
/* Position #73*/
#1 x: 33 y: 15
#2 x: 36 y: 33
#3 x: 65 y: 29
#4 x: 25 y: 62
#5 x: 65 y: 82
#6 x: 80 y: 81
genomestart 73
trait 1 1.000000 0.000000 0.000000 0.000000 0.000000 0.000000 0.000000 0.000000 trait 2 3470.000000 0.000000 85546.000000 61038.000000 0.000000 0.000000 0.000000 53253.000000 trait 3 0.000000 0.000000 0.000000 0.000000 52930.000000 0.000000 0.000000 0.000000 trait 4 4.000000 0.000000 0.000000 0.000000 0.000000 0.000000 0.000000 0.000000 node 1 3 1 3
node 2 3 1 1
node 3 1 1 1
node 4 2 1 1
node 5 4 1 1
node 6 3 1 1
node 7 2 1 1
node 8 3 1 1
node 9 1 1 1
node 10 1 1 1
node 11 1 1 1
node 12 1 1 1
node 13 3 0 2
node 14 3 0 2
node 15 4 0 2
node 30 1 0 0
node 156 1 0 0
node 183 1 0 0
node 207 1 0 0
node 238 1 0 0
node 310 1 0 0
node 388 1 0 0
node 419 1 0 0
node 455 1 0 0
node 591 3 0 0
node 612 1 0 0
node 646 1 0 0
node 695 1 0 0
node 758 1 0 0
node 873 1 0 0
node 1020 1 0 0
node 1051 1 0 0
node 1115 1 0 0
node 1176 1 0 0
node 1333 1 0 0
node 1364 1 0 0
node 1395 1 0 0
node 1426 1 0 0
node 1497 1 0 0
node 1539 1 0 0
node 1566 1 0 0
node 1630 1 0 0
node 1670 1 0 0
node 1890 1 0 0
node 1970 1 0 0
node 1977 1 0 0
node 2080 1 0 0
node 2142 1 0 0
node 2215 1 0 0
node 2238 1 0 0
node 2470 1 0 0
node 2525 1 0 0
node 2558 1 0 0
node 2594 1 0 0
node 2626 1 0 0
node 2727 1 0 0
node 2811 1 0 0
node 2843 1 0 0
node 2927 1 0 0
node 2967 1 0 0
node 2996 1 0 0
node 3032 1 0 0
node 3060 1 0 0
node 3094 1 0 0
node 3326 1 0 0
node 3352 1 0 0
node 3375 1 0 0
gene 2 1 13 -59931 0 1 -59931 1
gene 1 2 13 -212535 0 2 -212535 1
gene 2 3 13 229128 0 3 229128 0
gene 1 4 13 -17630 0 4 -17630 0
gene 1 5 13 567 0 5 567 0
gene 3 6 13 227574 0 6 227574 1
gene 4 7 13 752469 0 7 752469 1
gene 1 8 13 800000 0 8 800000 1
gene 3 9 13 800000 0 9 800000 1
gene 4 10 13 -800000 0 10 -800000 1
gene 4 11 13 501375 0 11 501375 1
gene 3 12 13 16692 0 12 16692 1
gene 1 1 14 -79248 0 13 -79248 1
gene 2 2 14 247901 0 14 247901 0
gene 1 3 14 137049 0 15 137049 1
gene 3 4 14 578304 0 16 578304 0
gene 2 5 14 560886 0 17 560886 1
gene 4 6 14 497559 0 18 497559 0
gene 3 7 14 -621537 0 19 -621537 0
gene 3 8 14 -409740 0 20 -409740 1
gene 1 9 14 597215 0 21 597215 0
gene 1 10 14 351150 0 22 351150 1
gene 3 11 14 -423327 0 23 -423327 1
gene 4 12 14 29856 0 24 29856 0
gene 1 1 15 227820 0 25 227820 1
gene 2 2 15 -167163 0 26 -167163 1
gene 2 3 15 287298 0 27 287298 1
gene 3 4 15 800000 0 28 800000 1
gene 2 5 15 -145134 0 29 -145134 0
gene 2 6 15 -292122 0 30 -292122 0
gene 3 7 15 -28233 0 31 -28233 0
gene 4 8 15 407244 0 32 407244 1
gene 3 9 15 167742 0 33 167742 0
gene 1 10 15 673859 0 34 673859 1
gene 2 11 15 -174303 0 35 -174303 1
gene 2 12 15 63207 0 36 63207 1
gene 2 2 30 276882 0 68 276882 1
gene 2 30 14 648005 0 69 648005 0
gene 4 12 30 529622 0 128 529622 0
gene 4 13 14 499284 0 154 499284 1
gene 1 5 156 278067 0 401 278067 1
gene 1 156 13 -169665 0 402 -169665 0
gene 2 11 183 362994 0 483 362994 1
gene 2 183 15 -166665 0 484 -166665 0
gene 2 3 207 748803 0 547 748803 0
gene 2 207 13 375660 0 548 375660 1
gene 2 5 238 -291446 0 628 -291446 0
gene 2 238 15 91497 0 629 91497 1
gene 3 10 183 -282939 0 685 -282939 0
gene 3 9 207 171645 0 756 171645 0
gene 4 12 310 -372288 0 820 -372288 0
gene 4 310 30 2736 0 821 2736 0
gene 3 10 388 800000 0 1034 800000 1
gene 3 388 183 134445 0 1035 134445 1
gene 3 7 419 482142 0 1104 482142 1
gene 3 419 15 290721 0 1105 290721 0
gene 1 9 455 -634635 0 1202 -634635 1
gene 1 455 14 -224766 0 1203 -224766 1
gene 1 455 455 800000 1 1275 800000 0
gene 3 419 591 397488 0 1555 397488 0
gene 3 591 15 -258246 0 1556 -258246 1
gene 3 7 612 253365 0 1605 253365 1
gene 3 612 14 -620820 0 1606 -620820 1
gene 3 4 646 230442 0 1691 230442 1
gene 3 646 14 -720326 0 1692 -720326 1
gene 2 6 388 566388 0 1763 566388 1
gene 1 455 695 55299 1 1828 55299 1
gene 1 695 455 -194090 0 1829 -194090 0
gene 1 695 758 185907 0 1982 185907 0
gene 1 758 455 297447 0 1983 297447 1
gene 2 183 873 -326685 0 2264 -326685 1
gene 2 873 15 -339738 0 2265 -339738 0
gene 1 310 388 398958 0 2353 398958 1
gene 1 13 591 -50646 0 2547 -50646 1
gene 2 3 1020 166617 0 2638 166617 0
gene 2 1020 13 307770 0 2639 307770 0
gene 2 1020 1051 -381532 0 2713 -381532 0
gene 2 1051 13 191023 0 2714 191023 0
gene 2 5 1115 224070 0 2879 224070 1
gene 2 1115 238 -33689 0 2880 -33689 1
gene 2 758 14 358026 0 2964 358026 0
gene 3 419 1176 -504230 0 3035 -504230 1
gene 3 1176 591 217095 0 3036 217095 0
gene 1 183 646 -211137 0 3271 -211137 1
gene 3 1115 1115 338829 1 3343 338829 1
gene 1 156 1333 51525 0 3426 51525 1
gene 1 1333 13 -377769 0 3427 -377769 1
gene 1 4 1364 581013 0 3506 581013 0
gene 1 1364 13 -800000 0 3507 -800000 0
gene 4 310 1395 709439 0 3583 709439 1
gene 4 1395 30 127746 0 3584 127746 1
gene 2 1020 1426 -194166 0 3664 -194166 1
gene 2 1426 1051 452469 0 3665 452469 0
gene 2 873 1497 -669989 0 3832 -669989 1
gene 2 1497 15 82341 0 3833 82341 0
gene 1 1364 1539 -375302 0 3947 -375302 1
gene 1 1539 13 -186381 0 3948 -186381 1
gene 4 12 1566 2082 0 4011 2082 1
gene 4 1566 310 -662994 0 4012 -662994 1
gene 3 1539 1426 -267393 0 4094 -267393 0
gene 4 12 1630 270828 0 4176 270828 0
gene 4 1630 14 411756 0 4177 411756 1
gene 2 3 1670 215805 0 4273 215805 0
gene 2 1670 1020 150621 0 4274 150621 1
gene 3 9 1497 -12423 0 4364 -12423 0
gene 1 591 1566 740433 0 4566 740433 1
gene 1 1 758 499212 0 4631 499212 1
gene 1 4 1890 -141996 0 4830 -141996 1
gene 1 1890 1364 -800000 0 4831 -800000 1
gene 2 758 1970 36480 0 5021 36480 0
gene 2 1970 14 225039 0 5022 225039 1
gene 2 1426 1977 -545672 0 5037 -545672 1
gene 2 1977 1051 70938 0 5038 70938 1
gene 1 1176 15 -800000 0 5216 -800000 1
gene 2 758 2080 183054 0 5291 183054 1
gene 2 2080 1970 502113 0 5292 502113 1
gene 2 3 2142 344052 0 5443 344052 1
gene 2 2142 207 3054 0 5444 3054 1
gene 3 9 2215 636415 0 5624 636415 1
gene 3 2215 1497 -41100 0 5625 -41100 0
gene 3 1539 2238 242022 0 5680 242022 1
gene 3 2238 1426 38871 0 5681 38871 0
gene 4 1176 1970 -708884 0 5772 -708884 1
gene 3 9 1176 -185941 0 6102 -185941 1
gene 4 238 1670 256200 0 6169 256200 1
gene 3 9 2470 -32586 0 6281 -32586 1
gene 3 2470 207 -292157 0 6282 -292157 1
gene 4 1539 1539 800000 1 6362 800000 1
gene 2 30 2525 523366 0 6422 523366 1
gene 2 2525 14 -366705 0 6423 -366705 1
gene 2 6 2558 -155439 0 6504 -155439 0
gene 2 2558 15 -104286 0 6505 -104286 0
gene 4 12 2594 -134118 0 6591 -134118 1
gene 4 2594 1630 -206883 0 6592 -206883 0
gene 2 1051 2626 -162717 0 6672 -162717 1
gene 2 2626 13 -53367 0 6673 -53367 1
gene 3 2238 2727 -69333 0 6923 -69333 1
gene 3 2727 1426 577812 0 6924 577812 1
gene 2 6 2811 -166544 0 7154 -166544 1
gene 2 2811 2558 -242688 0 7155 -242688 1
gene 2 3 2843 -252273 0 7233 -252273 0
gene 2 2843 1670 -44874 0 7234 -44874 1
gene 4 2594 2927 221637 0 7451 221637 1
gene 4 2927 1630 135123 0 7452 135123 1
gene 2 2558 2967 -475800 0 7554 -475800 1
gene 2 2967 15 -223992 0 7555 -223992 1
gene 4 6 2996 168357 0 7622 168357 1
gene 4 2996 14 468168 0 7623 468168 1
gene 2 3 3032 76914 0 7715 76914 1
gene 2 3032 2843 -176187 0 7716 -176187 1
gene 2 1497 3060 23430 0 7794 23430 1
gene 2 3060 15 264692 0 7795 264692 1
gene 3 2215 3094 130587 0 7877 130587 1
gene 3 3094 1497 -362325 0 7878 -362325 1
gene 4 207 207 -213798 1 7960 -213798 1
gene 4 1364 2238 -128922 0 8278 -128922 1
gene 1 695 3326 161862 0 8477 161862 1
gene 1 3326 758 29661 0 8478 29661 1
gene 3 1176 3352 47023 0 8544 47023 1
gene 3 3352 591 -253179 0 8545 -253179 1
gene 3 9 3375 90850 0 8600 90850 1
gene 3 3375 15 255204 0 8601 255204 1
genomeend 73


