/* Organism #6 Fitness: 340.000000 Time: 0 */
/* Position #6*/
#1 x: 32 y: 38
#2 x: 43 y: 15
#3 x: 19 y: 36
#4 x: 21 y: 75
#5 x: 75 y: 85
#6 x: 50 y: 78
genomestart 6
trait 1 1.000000 0.000000 0.000000 0.000000 0.000000 0.000000 0.000000 0.000000 trait 2 2.000000 0.000000 0.000000 0.000000 0.000000 0.000000 0.000000 0.000000 trait 3 3.000000 0.000000 0.000000 0.000000 0.000000 0.000000 0.000000 0.000000 trait 4 4.000000 0.000000 0.000000 0.000000 0.000000 0.000000 0.000000 0.000000 node 1 4 1 3
node 2 2 1 1
node 3 3 1 1
node 4 2 1 1
node 5 1 1 1
node 6 1 1 1
node 7 3 1 1
node 8 1 1 1
node 9 1 1 1
node 10 4 1 1
node 11 2 1 1
node 12 1 1 1
node 13 3 0 2
node 14 4 0 2
node 15 2 0 2
node 92 1 0 0
node 121 3 0 0
node 180 1 0 0
node 377 1 0 0
node 407 2 0 0
node 502 1 0 0
node 513 1 0 0
gene 4 1 13 637127 0 1 637127 1
gene 1 2 13 205638 0 2 205638 1
gene 4 3 13 209799 0 3 209799 0
gene 1 4 13 -800000 0 4 -800000 0
gene 1 5 13 27182 0 5 27182 1
gene 2 6 13 -219729 0 6 -219729 1
gene 3 7 13 -272061 0 7 -272061 1
gene 4 8 13 181503 0 8 181503 1
gene 3 9 13 -46434 0 9 -46434 1
gene 3 10 13 -80463 0 10 -80463 1
gene 3 11 13 348323 0 11 348323 0
gene 2 12 13 -256242 0 12 -256242 1
gene 1 1 14 470841 0 13 470841 1
gene 2 2 14 208388 0 14 208388 1
gene 1 3 14 100506 0 15 100506 0
gene 3 4 14 -73536 0 16 -73536 1
gene 4 5 14 284892 0 17 284892 1
gene 4 6 14 -242676 0 18 -242676 1
gene 2 7 14 377784 0 19 377784 1
gene 3 8 14 144561 0 20 144561 0
gene 2 9 14 -65388 0 21 -65388 1
gene 1 10 14 -429420 0 22 -429420 1
gene 3 11 14 -340641 0 23 -340641 1
gene 2 12 14 87222 0 24 87222 1
gene 3 1 15 337545 0 25 337545 1
gene 4 2 15 -86250 0 26 -86250 1
gene 3 3 15 537152 0 27 537152 0
gene 4 4 15 563357 0 28 563357 1
gene 1 5 15 74295 0 29 74295 1
gene 1 6 15 -20802 0 30 -20802 1
gene 2 7 15 124659 0 31 124659 1
gene 1 8 15 35661 0 32 35661 1
gene 4 9 15 -175515 0 33 -175515 1
gene 2 10 15 169140 0 34 169140 1
gene 4 11 15 32208 0 35 32208 1
gene 1 12 15 116241 0 36 116241 1
gene 3 14 15 357445 0 66 357445 1
gene 3 14 13 172926 0 95 172926 1
gene 3 8 92 -72276 0 253 -72276 1
gene 3 92 14 -30483 0 254 -30483 1
gene 2 92 92 -724587 1 305 -724587 0
gene 1 4 121 -84069 0 333 -84069 1
gene 1 121 13 84216 0 334 84216 1
gene 1 3 180 900 0 501 900 1
gene 1 180 14 -18024 0 502 -18024 1
gene 3 180 15 134842 0 595 134842 1
gene 1 10 92 -327219 0 638 -327219 1
gene 2 3 121 -210681 0 826 -210681 1
gene 2 15 13 -566891 0 868 -566891 1
gene 1 2 180 103143 0 1086 103143 1
gene 3 11 377 412513 0 1106 412513 1
gene 3 377 13 -583893 0 1107 -583893 1
gene 3 5 377 44639 0 1164 44639 1
gene 2 92 407 749386 1 1201 749386 1
gene 2 407 92 472986 0 1202 472986 1
gene 3 3 502 274516 0 1490 274516 1
gene 3 502 15 -96567 0 1491 -96567 1
gene 4 3 513 236338 0 1526 236338 1
gene 4 513 13 283473 0 1527 283473 1
gene 1 2 502 -54665 0 1605 -54665 1
gene 3 121 121 -25192 1 1709 -25192 1
genomeend 6


/* Organism #8 Fitness: 360.000000 Time: 0 */
/* Position #8*/
#1 x: 40 y: 36
#2 x: 50 y: 32
#3 x: 23 y: 33
#4 x: 39 y: 64
#5 x: 16 y: 68
#6 x: 69 y: 84
genomestart 8
trait 1 1.000000 0.000000 0.000000 0.000000 0.000000 0.000000 0.000000 0.000000 trait 2 2.000000 0.000000 0.000000 0.000000 0.000000 0.000000 0.000000 0.000000 trait 3 3.000000 0.000000 0.000000 0.000000 0.000000 0.000000 84066.000000 47345.000000 trait 4 4.000000 0.000000 0.000000 0.000000 4017.000000 0.000000 0.000000 0.000000 node 1 1 1 3
node 2 4 1 1
node 3 4 1 1
node 4 2 1 1
node 5 4 1 1
node 6 4 1 1
node 7 3 1 1
node 8 2 1 1
node 9 3 1 1
node 10 2 1 1
node 11 2 1 1
node 12 4 1 1
node 13 2 0 2
node 14 1 0 2
node 15 1 0 2
node 17 4 0 0
node 46 1 0 0
node 80 1 0 0
node 100 1 0 0
node 118 1 0 0
node 168 1 0 0
node 199 1 0 0
node 303 1 0 0
node 350 1 0 0
node 364 1 0 0
node 504 1 0 0
node 522 1 0 0
node 572 1 0 0
gene 1 1 13 -625446 0 1 -625446 1
gene 3 2 13 -111720 0 2 -111720 1
gene 4 3 13 -475701 0 3 -475701 0
gene 2 4 13 -223872 0 4 -223872 0
gene 1 5 13 -263967 0 5 -263967 1
gene 4 6 13 524052 0 6 524052 1
gene 1 7 13 -110151 0 7 -110151 1
gene 3 8 13 -466316 0 8 -466316 1
gene 1 9 13 -264726 0 9 -264726 0
gene 2 10 13 -800000 0 10 -800000 1
gene 2 11 13 -414657 0 11 -414657 1
gene 4 12 13 147117 0 12 147117 0
gene 4 1 14 310203 0 13 310203 1
gene 4 2 14 -100983 0 14 -100983 1
gene 2 3 14 -52905 0 15 -52905 1
gene 4 4 14 356286 0 16 356286 1
gene 4 5 14 509072 0 17 509072 1
gene 3 6 14 545409 0 18 545409 1
gene 1 7 14 -530559 0 19 -530559 0
gene 1 8 14 -208512 0 20 -208512 1
gene 1 9 14 -10698 0 21 -10698 1
gene 1 10 14 -137094 0 22 -137094 1
gene 4 11 14 -405150 0 23 -405150 0
gene 4 12 14 -70230 0 24 -70230 1
gene 2 1 15 380589 0 25 380589 1
gene 1 2 15 182823 0 26 182823 0
gene 2 3 15 -65034 0 27 -65034 1
gene 2 4 15 -222912 0 28 -222912 0
gene 3 5 15 -294657 0 29 -294657 0
gene 1 6 15 -140943 0 30 -140943 1
gene 1 7 15 -375078 0 31 -375078 1
gene 4 8 15 709638 0 32 709638 1
gene 3 9 15 -513638 0 33 -513638 0
gene 3 10 15 544467 0 34 544467 1
gene 4 11 15 -46413 0 35 -46413 1
gene 2 12 15 433947 0 36 433947 1
gene 3 9 17 -800000 0 42 -800000 0
gene 3 17 15 321825 0 43 321825 1
gene 2 9 46 -553142 0 131 -553142 1
gene 2 46 13 329724 0 132 329724 1
gene 4 5 80 -28941 0 221 -28941 1
gene 3 80 15 -331143 0 222 -331143 1
gene 1 7 100 73119 0 277 73119 1
gene 1 100 14 152298 0 278 152298 0
gene 4 11 118 -277425 0 326 -277425 1
gene 4 118 14 -232233 0 327 -232233 1
gene 2 4 168 344565 0 463 344565 1
gene 2 168 15 267819 0 464 267819 1
gene 2 4 199 -222543 0 571 -222543 1
gene 2 199 13 229776 0 572 229776 1
gene 1 15 13 53301 0 670 53301 1
gene 4 8 168 -379179 0 782 -379179 1
gene 4 3 303 -97410 0 902 -97410 1
gene 4 303 13 237219 0 903 237219 1
gene 1 100 350 -415484 0 1031 -415484 1
gene 1 350 14 -378561 0 1032 -378561 0
gene 4 12 364 260898 0 1070 260898 1
gene 4 364 13 -1512 0 1071 -1512 1
gene 4 364 364 -51766 1 1217 -51766 1
gene 4 6 17 -67032 0 1382 -67032 1
gene 3 9 504 1 0 1495 1 1
gene 3 504 17 -775100 0 1496 -775100 1
gene 3 4 364 -21542 0 1529 -21542 1
gene 1 350 522 -228320 0 1564 -228320 1
gene 1 522 14 -87726 0 1565 -87726 1
gene 3 199 364 82189 0 1655 82189 1
gene 1 2 572 1 0 1710 0 1
gene 1 572 15 182823 0 1711 0 1
genomeend 8


/* Organism #10 Fitness: 380.000000 Time: 0 */
/* Position #10*/
#1 x: 59 y: 26
#2 x: 67 y: 22
#3 x: 46 y: 31
#4 x: 56 y: 67
#5 x: 51 y: 80
#6 x: 39 y: 77
genomestart 10
trait 1 16780.000000 0.000000 0.000000 88582.000000 88737.000000 0.000000 0.000000 32087.000000 trait 2 2.000000 0.000000 0.000000 0.000000 0.000000 0.000000 0.000000 0.000000 trait 3 3.000000 0.000000 0.000000 0.000000 0.000000 0.000000 0.000000 0.000000 trait 4 4.000000 0.000000 0.000000 0.000000 0.000000 0.000000 0.000000 0.000000 node 1 4 1 3
node 2 2 1 1
node 3 4 1 1
node 4 2 1 1
node 5 4 1 1
node 6 3 1 1
node 7 2 1 1
node 8 2 1 1
node 9 4 1 1
node 10 1 1 1
node 11 1 1 1
node 12 4 1 1
node 13 3 0 2
node 14 1 0 2
node 15 4 0 2
node 95 1 0 0
node 283 1 0 0
node 296 1 0 0
node 505 1 0 0
node 523 1 0 0
node 536 1 0 0
gene 4 1 13 -108447 0 1 -108447 1
gene 4 2 13 -127992 0 2 -127992 1
gene 4 3 13 -800000 0 3 -800000 1
gene 1 4 13 -321927 0 4 -321927 1
gene 1 5 13 -319668 0 5 -319668 1
gene 4 6 13 -246369 0 6 -246369 0
gene 1 7 13 337464 0 7 337464 1
gene 3 8 13 -718290 0 8 -718290 1
gene 2 9 13 124257 0 9 124257 0
gene 2 10 13 -12173 0 10 -12173 1
gene 1 11 13 800000 0 11 800000 1
gene 4 12 13 -644745 0 12 -644745 1
gene 1 1 14 -443712 0 13 -443712 1
gene 1 2 14 86994 0 14 86994 1
gene 3 3 14 -216543 0 15 -216543 1
gene 4 4 14 534252 0 16 534252 1
gene 4 5 14 235326 0 17 235326 1
gene 1 6 14 -81861 0 18 -81861 1
gene 1 7 14 257277 0 19 257277 1
gene 2 8 14 60738 0 20 60738 1
gene 3 9 14 661362 0 21 661362 1
gene 1 10 14 262410 0 22 262410 0
gene 1 11 14 -432057 0 23 -432057 1
gene 4 12 14 557604 0 24 557604 0
gene 1 1 15 72735 0 25 72735 1
gene 2 2 15 -250431 0 26 -250431 1
gene 2 3 15 -182445 0 27 -182445 1
gene 3 4 15 -66879 0 28 -66879 1
gene 3 5 15 396600 0 29 396600 1
gene 1 6 15 46206 0 30 46206 1
gene 4 7 15 -591300 0 31 -591300 1
gene 2 8 15 348768 0 32 348768 1
gene 3 9 15 800000 0 33 800000 1
gene 1 10 15 -439248 0 34 -439248 1
gene 3 11 15 -232780 0 35 -232780 0
gene 1 12 15 -484425 0 36 -484425 1
gene 4 15 14 -19980 0 73 -19980 1
gene 3 11 95 -733524 0 260 -733524 1
gene 3 95 15 -694298 0 261 -694298 1
gene 3 15 13 -401157 0 599 -401157 1
gene 2 13 14 -292095 0 640 -292095 1
gene 4 3 95 -430311 0 741 -430311 1
gene 4 12 283 82944 0 841 82944 1
gene 4 283 14 137232 0 842 137232 1
gene 4 6 296 737932 0 883 737932 1
gene 4 296 13 -263604 0 884 -263604 1
gene 1 2 296 180162 0 1225 180162 1
gene 3 283 283 -10582 1 1313 -10582 1
gene 2 9 505 1 0 1500 0 1
gene 2 505 13 124257 0 1501 0 1
gene 1 296 296 29509 1 1535 29509 1
gene 1 10 523 1 0 1567 0 1
gene 1 523 14 262410 0 1568 0 1
gene 2 9 536 1 0 1608 0 1
gene 2 536 505 1 0 1609 0 1
gene 3 523 523 82544 1 1659 82544 1
genomeend 10


/* Organism #14 Fitness: 380.000000 Time: 0 */
/* Position #14*/
#1 x: 28 y: 28
#2 x: 73 y: 17
#3 x: 20 y: 26
#4 x: 56 y: 65
#5 x: 16 y: 81
#6 x: 15 y: 74
genomestart 14
trait 1 1.000000 0.000000 0.000000 0.000000 0.000000 0.000000 0.000000 0.000000 trait 2 2.000000 42160.000000 0.000000 0.000000 0.000000 0.000000 0.000000 0.000000 trait 3 3.000000 0.000000 0.000000 0.000000 0.000000 0.000000 0.000000 0.000000 trait 4 4.000000 0.000000 0.000000 0.000000 0.000000 0.000000 0.000000 0.000000 node 1 4 1 3
node 2 2 1 1
node 3 4 1 1
node 4 2 1 1
node 5 2 1 1
node 6 3 1 1
node 7 2 1 1
node 8 1 1 1
node 9 4 1 1
node 10 1 1 1
node 11 1 1 1
node 12 4 1 1
node 13 3 0 2
node 14 1 0 2
node 15 4 0 2
node 71 1 0 0
node 289 1 0 0
node 317 1 0 0
node 368 1 0 0
node 389 1 0 0
node 528 1 0 0
gene 4 1 13 -393831 0 1 -393831 1
gene 3 2 13 -800000 0 2 -800000 1
gene 2 3 13 630567 0 3 630567 1
gene 4 4 13 -371381 0 4 -371381 1
gene 2 5 13 -343536 0 5 -343536 0
gene 3 6 13 -683303 0 6 -683303 1
gene 1 7 13 -800000 0 7 -800000 0
gene 1 8 13 -423210 0 8 -423210 1
gene 1 9 13 -215139 0 9 -215139 1
gene 2 10 13 -753219 0 10 -753219 1
gene 3 11 13 -95733 0 11 -95733 1
gene 3 12 13 -572999 0 12 -572999 1
gene 1 1 14 -258981 0 13 -258981 1
gene 1 2 14 573024 0 14 573024 1
gene 3 3 14 -567594 0 15 -567594 0
gene 1 4 14 283557 0 16 283557 1
gene 1 5 14 -584472 0 17 -584472 1
gene 1 6 14 150780 0 18 150780 1
gene 1 7 14 471009 0 19 471009 1
gene 2 8 14 -586460 0 20 -586460 1
gene 2 9 14 129021 0 21 129021 1
gene 1 10 14 -158760 0 22 -158760 1
gene 3 11 14 -364482 0 23 -364482 1
gene 2 12 14 279384 0 24 279384 1
gene 3 1 15 56319 0 25 56319 1
gene 2 2 15 -266199 0 26 -266199 1
gene 4 3 15 294891 0 27 294891 0
gene 2 4 15 413562 0 28 413562 1
gene 2 5 15 -520997 0 29 -520997 1
gene 1 6 15 193842 0 30 193842 1
gene 4 7 15 -157920 0 31 -157920 1
gene 2 8 15 -800000 0 32 -800000 0
gene 2 9 15 -800000 0 33 -800000 1
gene 1 10 15 130893 0 34 130893 1
gene 3 11 15 -238071 0 35 -238071 1
gene 1 12 15 -471411 0 36 -471411 1
gene 4 3 71 78993 0 201 78993 1
gene 3 71 14 -162444 0 202 -162444 1
gene 1 13 13 248424 1 248 248424 1
gene 2 13 15 -213414 0 413 -213414 1
gene 4 10 71 -311688 0 454 -311688 1
gene 1 7 71 -800000 0 542 -800000 1
gene 4 8 71 -500381 0 717 -500381 1
gene 4 71 71 148815 1 769 148815 1
gene 4 3 289 466530 0 858 466530 0
gene 4 289 15 141189 0 859 141189 1
gene 3 289 14 -485323 0 897 -485323 1
gene 4 3 317 169189 0 942 169189 1
gene 4 317 289 585214 0 943 585214 1
gene 2 8 368 453762 0 1081 453762 1
gene 2 368 15 -360867 0 1082 -360867 1
gene 2 5 389 115443 0 1147 115443 1
gene 2 389 13 87657 0 1148 87657 1
gene 3 11 368 295203 0 1418 295203 1
gene 1 7 528 1 0 1580 0 1
gene 1 528 13 -800000 0 1581 0 1
gene 2 10 317 -56774 0 1618 -56774 1
gene 1 389 14 -86282 0 1669 -86282 1
gene 4 7 389 -53940 0 1717 -53940 1
genomeend 14


/* Organism #34 Fitness: 380.000000 Time: 0 */
/* Position #34*/
#1 x: 28 y: 31
#2 x: 60 y: 27
#3 x: 74 y: 24
#4 x: 59 y: 60
#5 x: 65 y: 71
#6 x: 26 y: 83
genomestart 34
trait 1 1.000000 0.000000 0.000000 0.000000 0.000000 0.000000 0.000000 0.000000 trait 2 2.000000 0.000000 0.000000 0.000000 0.000000 0.000000 0.000000 0.000000 trait 3 3.000000 0.000000 0.000000 0.000000 0.000000 0.000000 0.000000 0.000000 trait 4 0.000000 0.000000 0.000000 36459.000000 0.000000 31890.000000 0.000000 46915.000000 node 1 4 1 3
node 2 2 1 1
node 3 3 1 1
node 4 2 1 1
node 5 1 1 1
node 6 1 1 1
node 7 3 1 1
node 8 1 1 1
node 9 1 1 1
node 10 4 1 1
node 11 2 1 1
node 12 1 1 1
node 13 3 0 2
node 14 1 0 2
node 15 2 0 2
node 92 1 0 0
node 121 1 0 0
node 224 1 0 0
node 239 1 0 0
node 330 1 0 0
node 346 1 0 0
node 392 1 0 0
node 403 1 0 0
node 421 1 0 0
node 436 1 0 0
node 495 1 0 0
gene 4 1 13 586762 0 1 586762 1
gene 1 2 13 -580646 0 2 -580646 1
gene 4 3 13 54962 0 3 54962 1
gene 1 4 13 68223 0 4 68223 0
gene 1 5 13 567092 0 5 567092 1
gene 2 6 13 -800000 0 6 -800000 0
gene 3 7 13 -345785 0 7 -345785 0
gene 4 8 13 -460617 0 8 -460617 1
gene 3 9 13 225981 0 9 225981 0
gene 3 10 13 -464702 0 10 -464702 1
gene 1 11 13 -371412 0 11 -371412 1
gene 2 12 13 -464676 0 12 -464676 1
gene 1 1 14 172065 0 13 172065 1
gene 2 2 14 -800000 0 14 -800000 1
gene 1 3 14 -551379 0 15 -551379 1
gene 3 4 14 -723537 0 16 -723537 1
gene 4 5 14 -800000 0 17 -800000 1
gene 4 6 14 691856 0 18 691856 0
gene 2 7 14 -474771 0 19 -474771 1
gene 3 8 14 800000 0 20 800000 0
gene 2 9 14 131520 0 21 131520 1
gene 1 10 14 -591923 0 22 -591923 0
gene 3 11 14 -136581 0 23 -136581 1
gene 2 12 14 259974 0 24 259974 1
gene 3 1 15 -247620 0 25 -247620 1
gene 4 2 15 221433 0 26 221433 1
gene 3 3 15 599435 0 27 599435 1
gene 4 4 15 268965 0 28 268965 1
gene 1 5 15 800000 0 29 800000 1
gene 1 6 15 582114 0 30 582114 1
gene 2 7 15 -418830 0 31 -418830 0
gene 1 8 15 -406082 0 32 -406082 1
gene 4 9 15 -40509 0 33 -40509 1
gene 2 10 15 -800000 0 34 -800000 1
gene 4 11 15 46212 0 35 46212 1
gene 1 12 15 -191789 0 36 -191789 1
gene 3 14 15 800000 0 66 800000 1
gene 3 14 13 -26337 0 95 -26337 1
gene 3 8 92 110697 0 253 110697 1
gene 3 92 14 112248 0 254 112248 0
gene 2 92 92 -364740 1 305 -364740 1
gene 1 4 121 800000 0 333 800000 1
gene 1 121 13 272451 0 334 272451 1
gene 3 11 121 -490668 0 561 -490668 1
gene 2 6 224 479019 0 649 479019 0
gene 2 224 13 123531 0 650 123531 1
gene 2 7 239 -643095 0 695 -643095 0
gene 2 239 15 792564 0 696 792564 1
gene 2 6 330 -461061 0 984 -461061 1
gene 2 330 224 -586782 0 985 -586782 1
gene 3 7 346 -320069 0 1022 -320069 1
gene 3 346 13 -594512 0 1023 -594512 1
gene 2 3 239 -146181 0 1108 -146181 1
gene 4 6 392 12030 0 1154 12030 1
gene 4 392 14 800000 0 1155 800000 1
gene 3 9 403 392283 0 1190 392283 1
gene 3 403 13 90900 0 1191 90900 1
gene 3 92 421 60369 0 1250 60369 1
gene 3 421 14 124629 0 1251 124629 1
gene 1 10 436 96012 0 1296 96012 1
gene 1 436 14 -33321 0 1297 -33321 1
gene 2 7 495 22030 0 1472 22030 1
gene 2 495 239 527247 0 1473 527247 1
gene 1 92 239 21839 0 1557 21839 1
gene 3 11 224 88511 0 1733 88511 1
genomeend 34


/* Organism #42 Fitness: 420.000000 Time: 0 */
/* Position #42*/
#1 x: 70 y: 40
#2 x: 35 y: 16
#3 x: 17 y: 38
#4 x: 20 y: 85
#5 x: 48 y: 79
#6 x: 31 y: 76
genomestart 42
trait 1 31567.000000 0.000000 0.000000 0.000000 0.000000 0.000000 18973.000000 0.000000 trait 2 0.000000 0.000000 0.000000 90059.000000 0.000000 52841.000000 0.000000 0.000000 trait 3 3.000000 0.000000 0.000000 0.000000 0.000000 0.000000 0.000000 0.000000 trait 4 4.000000 0.000000 0.000000 0.000000 0.000000 0.000000 0.000000 0.000000 node 1 1 1 3
node 2 2 1 1
node 3 4 1 1
node 4 4 1 1
node 5 1 1 1
node 6 4 1 1
node 7 3 1 1
node 8 2 1 1
node 9 3 1 1
node 10 4 1 1
node 11 4 1 1
node 12 1 1 1
node 13 1 0 2
node 14 2 0 2
node 15 4 0 2
node 24 1 0 0
node 188 1 0 0
node 222 1 0 0
node 272 1 0 0
node 301 1 0 0
node 380 1 0 0
node 393 1 0 0
node 453 1 0 0
node 469 1 0 0
node 567 1 0 0
node 581 1 0 0
gene 1 1 13 -168039 0 1 -168039 1
gene 2 2 13 -436275 0 2 -436275 1
gene 2 3 13 87339 0 3 87339 1
gene 4 4 13 -270246 0 4 -270246 0
gene 3 5 13 12873 0 5 12873 1
gene 1 6 13 -649725 0 6 -649725 1
gene 1 7 13 -800000 0 7 -800000 1
gene 1 8 13 -330458 0 8 -330458 1
gene 4 9 13 38037 0 9 38037 1
gene 2 10 13 -168294 0 10 -168294 1
gene 3 11 13 -291828 0 11 -291828 1
gene 4 12 13 -502266 0 12 -502266 1
gene 1 1 14 -264012 0 13 -264012 1
gene 1 2 14 151734 0 14 151734 0
gene 2 3 14 -800000 0 15 -800000 1
gene 2 4 14 300497 0 16 300497 1
gene 1 5 14 -264501 0 17 -264501 1
gene 2 6 14 -365994 0 18 -365994 0
gene 3 7 14 3375 0 19 3375 0
gene 3 8 14 -32048 0 20 -32048 1
gene 3 9 14 190614 0 21 190614 1
gene 2 10 14 258216 0 22 258216 1
gene 3 11 14 773979 0 23 773979 1
gene 2 12 14 189978 0 24 189978 1
gene 2 1 15 489937 0 25 489937 1
gene 3 2 15 -177510 0 26 -177510 1
gene 4 3 15 -263573 0 27 -263573 0
gene 1 4 15 244329 0 28 244329 0
gene 4 5 15 313395 0 29 313395 1
gene 2 6 15 -164667 0 30 -164667 1
gene 4 7 15 169845 0 31 169845 1
gene 2 8 15 -41853 0 32 -41853 1
gene 2 9 15 -527922 0 33 -527922 0
gene 2 10 15 420658 0 34 420658 1
gene 3 11 15 -686199 0 35 -686199 1
gene 2 12 15 108468 0 36 108468 1
gene 4 4 24 -186612 0 62 -186612 1
gene 4 24 13 553749 0 63 553749 1
gene 1 24 24 320637 1 127 320637 0
gene 3 15 13 800000 0 293 800000 1
gene 2 7 24 272718 0 408 272718 1
gene 3 7 188 -31476 0 526 -31476 1
gene 3 188 14 256548 0 527 256548 1
gene 2 9 222 -225248 0 645 -225248 0
gene 2 222 15 39045 0 646 39045 1
gene 3 3 272 121167 0 798 121167 1
gene 3 272 15 -767408 0 799 -767408 1
gene 2 3 24 -396642 0 850 -396642 1
gene 1 24 301 -81795 1 893 -81795 0
gene 1 301 24 166086 0 894 166086 1
gene 1 188 188 480894 1 934 480894 1
gene 3 4 188 -52272 0 1080 -52272 1
gene 2 6 380 -486758 0 1115 -486758 1
gene 2 380 14 -190236 0 1116 -190236 1
gene 1 4 393 154272 0 1157 154272 1
gene 1 393 15 276909 0 1158 276909 0
gene 1 15 380 -135405 0 1196 -135405 1
gene 2 12 188 -34296 0 1302 -34296 1
gene 2 9 453 -401913 0 1346 -401913 1
gene 2 453 222 -54861 0 1347 -54861 1
gene 1 24 469 95503 1 1394 95503 1
gene 1 469 301 134728 0 1395 134728 1
gene 3 222 24 -73281 0 1576 -73281 1
gene 1 393 567 1 0 1696 0 1
gene 1 567 15 276909 0 1697 0 1
gene 1 2 581 1 0 1740 0 1
gene 1 581 14 151734 0 1741 0 1
genomeend 42


/* Organism #46 Fitness: 480.000000 Time: 0 */
/* Position #46*/
#1 x: 58 y: 23
#2 x: 50 y: 30
#3 x: 53 y: 25
#4 x: 47 y: 63
#5 x: 20 y: 69
#6 x: 57 y: 75
genomestart 46
trait 1 1.000000 0.000000 0.000000 0.000000 0.000000 0.000000 0.000000 0.000000 trait 2 2.000000 42160.000000 0.000000 0.000000 0.000000 0.000000 0.000000 0.000000 trait 3 3.000000 0.000000 0.000000 0.000000 38724.000000 0.000000 0.000000 0.000000 trait 4 4.000000 0.000000 0.000000 0.000000 0.000000 0.000000 0.000000 0.000000 node 1 4 1 3
node 2 2 1 1
node 3 4 1 1
node 4 2 1 1
node 5 4 1 1
node 6 3 1 1
node 7 2 1 1
node 8 1 1 1
node 9 4 1 1
node 10 1 1 1
node 11 1 1 1
node 12 4 1 1
node 13 3 0 2
node 14 1 0 2
node 15 4 0 2
node 71 1 0 0
node 289 1 0 0
node 317 1 0 0
node 368 1 0 0
node 389 1 0 0
node 467 1 0 0
gene 4 1 13 223236 0 1 223236 1
gene 3 2 13 -170181 0 2 -170181 1
gene 2 3 13 -132795 0 3 -132795 0
gene 4 4 13 70572 0 4 70572 1
gene 2 5 13 131343 0 5 131343 0
gene 3 6 13 -703169 0 6 -703169 1
gene 1 7 13 -423131 0 7 -423131 1
gene 1 8 13 125265 0 8 125265 1
gene 1 9 13 -33567 0 9 -33567 1
gene 2 10 13 -206304 0 10 -206304 1
gene 3 11 13 419925 0 11 419925 1
gene 3 12 13 -448343 0 12 -448343 1
gene 1 1 14 141618 0 13 141618 1
gene 1 2 14 528534 0 14 528534 1
gene 3 3 14 -405 0 15 -405 0
gene 1 4 14 81618 0 16 81618 1
gene 1 5 14 -264387 0 17 -264387 1
gene 1 6 14 299130 0 18 299130 1
gene 1 7 14 -156429 0 19 -156429 1
gene 2 8 14 -41157 0 20 -41157 1
gene 2 9 14 -18510 0 21 -18510 1
gene 1 10 14 116310 0 22 116310 1
gene 3 11 14 -344253 0 23 -344253 1
gene 2 12 14 -219579 0 24 -219579 1
gene 3 1 15 347352 0 25 347352 1
gene 2 2 15 128076 0 26 128076 1
gene 4 3 15 573198 0 27 573198 0
gene 2 4 15 -147735 0 28 -147735 1
gene 2 5 15 87423 0 29 87423 1
gene 4 6 15 296325 0 30 296325 1
gene 4 7 15 -293865 0 31 -293865 1
gene 2 8 15 -405153 0 32 -405153 0
gene 2 9 15 -557703 0 33 -557703 1
gene 1 10 15 -23907 0 34 -23907 1
gene 3 11 15 284247 0 35 284247 1
gene 1 12 15 -584238 0 36 -584238 1
gene 4 3 71 -800000 0 201 -800000 1
gene 1 71 14 240 0 202 240 1
gene 1 13 13 93714 1 248 93714 1
gene 2 13 15 -131511 0 413 -131511 1
gene 4 10 71 238314 0 454 238314 1
gene 1 7 71 -50466 0 542 -50466 1
gene 4 8 71 92289 0 717 92289 1
gene 4 71 71 209178 1 769 209178 1
gene 4 3 289 135897 0 858 135897 0
gene 4 289 15 29100 0 859 29100 1
gene 3 289 14 -163809 0 897 -163809 1
gene 4 3 317 449230 0 942 449230 1
gene 4 317 289 541891 0 943 541891 1
gene 2 8 368 -83004 0 1081 -83004 1
gene 2 368 15 340956 0 1082 340956 1
gene 2 5 389 72072 0 1147 72072 1
gene 2 389 13 -74667 0 1148 -74667 1
gene 2 3 467 -176283 0 1387 -176283 1
gene 2 467 13 -142032 0 1388 -142032 1
gene 1 368 71 155940 0 1534 155940 1
genomeend 46


/* Organism #56 Fitness: 820.000000 Time: 0 */
/* Position #56*/
#1 x: 31 y: 19
#2 x: 60 y: 39
#3 x: 65 y: 23
#4 x: 65 y: 85
#5 x: 62 y: 74
#6 x: 73 y: 73
genomestart 56
trait 1 16780.000000 0.000000 0.000000 88582.000000 88737.000000 0.000000 0.000000 32087.000000 trait 2 2.000000 0.000000 0.000000 0.000000 0.000000 0.000000 0.000000 0.000000 trait 3 3.000000 0.000000 0.000000 0.000000 0.000000 0.000000 0.000000 0.000000 trait 4 4.000000 0.000000 0.000000 0.000000 0.000000 0.000000 0.000000 0.000000 node 1 4 1 3
node 2 2 1 1
node 3 4 1 1
node 4 2 1 1
node 5 3 1 1
node 6 3 1 1
node 7 2 1 1
node 8 2 1 1
node 9 4 1 1
node 10 1 1 1
node 11 2 1 1
node 12 4 1 1
node 13 3 0 2
node 14 1 0 2
node 15 4 0 2
node 95 1 0 0
node 283 1 0 0
node 296 1 0 0
node 551 1 0 0
gene 4 1 13 -671004 0 1 -671004 1
gene 4 2 13 -109446 0 2 -109446 1
gene 4 3 13 -5589 0 3 -5589 1
gene 1 4 13 -800000 0 4 -800000 1
gene 1 5 13 165387 0 5 165387 1
gene 4 6 13 44082 0 6 44082 0
gene 1 7 13 393225 0 7 393225 1
gene 3 8 13 89103 0 8 89103 1
gene 2 9 13 52353 0 9 52353 1
gene 2 10 13 -256845 0 10 -256845 1
gene 1 11 13 655199 0 11 655199 1
gene 4 12 13 -171924 0 12 -171924 1
gene 1 1 14 -98853 0 13 -98853 1
gene 1 2 14 -97653 0 14 -97653 1
gene 3 3 14 -800000 0 15 -800000 1
gene 4 4 14 467478 0 16 467478 1
gene 4 5 14 119322 0 17 119322 1
gene 1 6 14 195546 0 18 195546 1
gene 1 7 14 504042 0 19 504042 1
gene 2 8 14 268320 0 20 268320 1
gene 3 9 14 800000 0 21 800000 1
gene 1 10 14 757898 0 22 757898 1
gene 1 11 14 83622 0 23 83622 1
gene 4 12 14 30342 0 24 30342 0
gene 1 1 15 -199176 0 25 -199176 1
gene 2 2 15 423312 0 26 423312 1
gene 2 3 15 -63918 0 27 -63918 1
gene 3 4 15 -224136 0 28 -224136 1
gene 3 5 15 5646 0 29 5646 1
gene 1 6 15 518793 0 30 518793 1
gene 4 7 15 -203601 0 31 -203601 1
gene 2 8 15 232365 0 32 232365 1
gene 3 9 15 304757 0 33 304757 1
gene 1 10 15 -102513 0 34 -102513 1
gene 3 11 15 342014 0 35 342014 0
gene 1 12 15 -800000 0 36 -800000 1
gene 4 15 14 200913 0 73 200913 1
gene 3 11 95 -281136 0 260 -281136 1
gene 3 95 15 -628253 0 261 -628253 1
gene 3 15 13 -377049 0 599 -377049 1
gene 2 13 14 190680 0 640 190680 1
gene 4 3 95 -276426 0 741 -276426 1
gene 4 12 283 83640 0 841 83640 1
gene 4 283 14 90399 0 842 90399 1
gene 4 6 296 706301 0 883 706301 0
gene 4 296 13 240720 0 884 240720 1
gene 1 2 296 64032 0 1225 64032 1
gene 3 283 283 322209 1 1313 322209 1
gene 3 296 95 329660 0 1439 329660 1
gene 4 6 551 -59369 0 1645 -59369 1
gene 4 551 296 800000 0 1646 800000 1
gene 2 1 95 -1515 0 1748 -1515 1
genomeend 56


/* Organism #57 Fitness: 480.000000 Time: 0 */
/* Position #57*/
#1 x: 31 y: 19
#2 x: 60 y: 39
#3 x: 65 y: 23
#4 x: 65 y: 85
#5 x: 62 y: 74
#6 x: 73 y: 73
genomestart 57
trait 1 1.000000 0.000000 0.000000 0.000000 0.000000 0.000000 0.000000 0.000000 trait 2 2.000000 0.000000 0.000000 0.000000 0.000000 0.000000 0.000000 0.000000 trait 3 3.000000 0.000000 0.000000 0.000000 0.000000 0.000000 0.000000 0.000000 trait 4 0.000000 0.000000 0.000000 36459.000000 0.000000 31890.000000 0.000000 46915.000000 node 1 4 1 3
node 2 2 1 1
node 3 3 1 1
node 4 2 1 1
node 5 1 1 1
node 6 1 1 1
node 7 3 1 1
node 8 1 1 1
node 9 1 1 1
node 10 4 1 1
node 11 2 1 1
node 12 1 1 1
node 13 3 0 2
node 14 1 0 2
node 15 2 0 2
node 92 1 0 0
node 121 1 0 0
node 224 1 0 0
node 239 1 0 0
node 330 1 0 0
node 346 1 0 0
node 392 1 0 0
node 403 1 0 0
node 421 1 0 0
node 436 1 0 0
node 495 1 0 0
gene 4 1 13 493102 0 1 493102 1
gene 1 2 13 -687506 0 2 -687506 1
gene 4 3 13 -174802 0 3 -174802 1
gene 1 4 13 -332220 0 4 -332220 0
gene 1 5 13 355703 0 5 355703 1
gene 2 6 13 -660971 0 6 -660971 0
gene 3 7 13 -197309 0 7 -197309 0
gene 4 8 13 -800000 0 8 -800000 1
gene 3 9 13 446547 0 9 446547 0
gene 3 10 13 -640946 0 10 -640946 1
gene 1 11 13 -739188 0 11 -739188 1
gene 2 12 13 -90342 0 12 -90342 1
gene 1 1 14 372588 0 13 372588 1
gene 2 2 14 -800000 0 14 -800000 1
gene 1 3 14 -749862 0 15 -749862 1
gene 3 4 14 -414093 0 16 -414093 1
gene 4 5 14 -800000 0 17 -800000 1
gene 4 6 14 659681 0 18 659681 0
gene 2 7 14 -27207 0 19 -27207 1
gene 3 8 14 -208110 0 20 -208110 0
gene 2 9 14 359358 0 21 359358 1
gene 1 10 14 -643910 0 22 -643910 0
gene 3 11 14 -321774 0 23 -321774 1
gene 2 12 14 -265791 0 24 -265791 1
gene 3 1 15 178512 0 25 178512 1
gene 4 2 15 40458 0 26 40458 1
gene 3 3 15 397286 0 27 397286 1
gene 4 4 15 -42747 0 28 -42747 1
gene 1 5 15 800000 0 29 800000 1
gene 1 6 15 301047 0 30 301047 1
gene 2 7 15 213174 0 31 213174 0
gene 1 8 15 -667085 0 32 -667085 1
gene 4 9 15 225162 0 33 225162 1
gene 2 10 15 227691 0 34 227691 1
gene 4 11 15 -248181 0 35 -248181 1
gene 1 12 15 -389318 0 36 -389318 1
gene 3 14 15 695275 0 66 695275 1
gene 3 14 13 -228072 0 95 -228072 1
gene 3 8 92 155760 0 253 155760 1
gene 3 92 14 441999 0 254 441999 0
gene 2 92 92 -450795 1 305 -450795 1
gene 1 4 121 800000 0 333 800000 1
gene 1 121 13 65205 0 334 65205 1
gene 3 11 121 -50895 0 561 -50895 1
gene 2 6 224 392328 0 649 392328 0
gene 2 224 13 -112110 0 650 -112110 1
gene 2 7 239 -415086 0 695 -415086 0
gene 2 239 15 65838 0 696 65838 1
gene 2 6 330 60393 0 984 60393 1
gene 2 330 224 -187884 0 985 -187884 1
gene 3 7 346 283092 0 1022 283092 1
gene 3 346 13 -521072 0 1023 -521072 1
gene 2 3 239 74304 0 1108 74304 1
gene 4 6 392 65034 0 1154 65034 1
gene 4 392 14 549290 0 1155 549290 1
gene 3 9 403 56226 0 1190 56226 1
gene 3 403 13 -115623 0 1191 -115623 1
gene 3 92 421 60369 0 1250 60369 1
gene 3 421 14 -5247 0 1251 -5247 1
gene 1 10 436 -188631 0 1296 -188631 1
gene 1 436 14 178020 0 1297 178020 1
gene 2 7 495 -234753 0 1472 -234753 1
gene 2 495 239 178680 0 1473 178680 1
gene 1 92 239 426716 0 1557 426716 1
gene 4 392 121 -6036 0 1749 -6036 1
genomeend 57


/* Organism #58 Fitness: 320.000000 Time: 0 */
/* Position #58*/
#1 x: 38 y: 35
#2 x: 37 y: 17
#3 x: 49 y: 37
#4 x: 55 y: 69
#5 x: 83 y: 74
#6 x: 71 y: 61
genomestart 58
trait 1 1.000000 0.000000 0.000000 0.000000 0.000000 0.000000 0.000000 0.000000 trait 2 2.000000 0.000000 0.000000 0.000000 0.000000 0.000000 0.000000 0.000000 trait 3 3.000000 0.000000 0.000000 0.000000 0.000000 0.000000 0.000000 0.000000 trait 4 4.000000 0.000000 0.000000 0.000000 0.000000 0.000000 0.000000 0.000000 node 1 4 1 3
node 2 2 1 1
node 3 4 1 1
node 4 2 1 1
node 5 4 1 1
node 6 3 1 1
node 7 2 1 1
node 8 1 1 1
node 9 4 1 1
node 10 3 1 1
node 11 1 1 1
node 12 4 1 1
node 13 3 0 2
node 14 1 0 2
node 15 4 0 2
node 71 1 0 0
node 289 1 0 0
node 317 1 0 0
node 368 1 0 0
node 381 1 0 0
node 394 1 0 0
node 405 1 0 0
node 439 1 0 0
node 584 1 0 0
gene 4 1 13 294414 0 1 294414 1
gene 3 2 13 88739 0 2 88739 1
gene 2 3 13 64596 0 3 64596 1
gene 4 4 13 368047 0 4 368047 1
gene 2 5 13 6303 0 5 6303 1
gene 3 6 13 71046 0 6 71046 1
gene 1 7 13 -258454 0 7 -258454 1
gene 1 8 13 -123333 0 8 -123333 1
gene 1 9 13 275853 0 9 275853 1
gene 2 10 13 -591036 0 10 -591036 1
gene 3 11 13 -460713 0 11 -460713 1
gene 3 12 13 7179 0 12 7179 1
gene 1 1 14 289092 0 13 289092 1
gene 1 2 14 99405 0 14 99405 0
gene 3 3 14 36615 0 15 36615 0
gene 1 4 14 290520 0 16 290520 1
gene 1 5 14 -588276 0 17 -588276 1
gene 1 6 14 -529427 0 18 -529427 1
gene 1 7 14 106773 0 19 106773 1
gene 2 8 14 -518603 0 20 -518603 1
gene 2 9 14 755146 0 21 755146 1
gene 1 10 14 378378 0 22 378378 1
gene 3 11 14 -158085 0 23 -158085 0
gene 2 12 14 800000 0 24 800000 1
gene 3 1 15 -315219 0 25 -315219 1
gene 2 2 15 330777 0 26 330777 1
gene 4 3 15 -245139 0 27 -245139 0
gene 2 4 15 319758 0 28 319758 1
gene 2 5 15 -12363 0 29 -12363 1
gene 1 6 15 68067 0 30 68067 1
gene 4 7 15 269664 0 31 269664 1
gene 2 8 15 145803 0 32 145803 0
gene 2 9 15 35046 0 33 35046 1
gene 1 10 15 -155958 0 34 -155958 1
gene 3 11 15 487677 0 35 487677 1
gene 1 12 15 -494814 0 36 -494814 1
gene 4 3 71 25362 0 201 25362 0
gene 3 71 14 -262176 0 202 -262176 1
gene 1 13 13 604579 1 248 604579 1
gene 2 13 15 -49863 0 413 -49863 1
gene 4 10 71 366807 0 454 366807 1
gene 1 7 71 223884 0 542 223884 1
gene 4 8 71 -185961 0 717 -185961 1
gene 4 71 71 -27429 1 769 -27429 1
gene 4 3 289 343743 0 858 343743 0
gene 4 289 15 -292134 0 859 -292134 1
gene 3 289 14 -45348 0 897 -45348 0
gene 4 3 317 250141 0 942 250141 1
gene 4 317 289 800000 0 943 800000 1
gene 2 8 368 224412 0 1081 224412 1
gene 2 368 15 302634 0 1082 302634 1
gene 1 2 381 254856 0 1117 254856 1
gene 1 381 14 467016 0 1118 467016 1
gene 4 3 394 82119 0 1159 82119 0
gene 4 394 71 15369 0 1160 15369 1
gene 3 11 405 24760 0 1197 24760 1
gene 3 405 14 36495 0 1198 36495 1
gene 4 14 405 -52602 1 1256 -52602 1
gene 4 3 439 -353933 0 1305 -353933 1
gene 4 439 394 -366861 0 1306 -366861 1
gene 2 6 381 5544 0 1524 5544 1
gene 3 289 584 1 0 1750 0 1
gene 3 584 14 -45348 0 1751 0 1
genomeend 58


/* Organism #72 Fitness: 520.000000 Time: 0 */
/* Position #72*/
#1 x: 70 y: 34
#2 x: 19 y: 19
#3 x: 25 y: 29
#4 x: 53 y: 78
#5 x: 27 y: 62
#6 x: 19 y: 82
genomestart 72
trait 1 0.000000 0.000000 0.000000 0.000000 0.000000 0.000000 0.000000 0.000000 trait 2 2.000000 0.000000 0.000000 0.000000 0.000000 0.000000 0.000000 0.000000 trait 3 3.000000 0.000000 0.000000 0.000000 0.000000 0.000000 0.000000 0.000000 trait 4 4.000000 0.000000 0.000000 0.000000 0.000000 0.000000 0.000000 0.000000 node 1 4 1 3
node 2 2 1 1
node 3 3 1 1
node 4 2 1 1
node 5 1 1 1
node 6 1 1 1
node 7 3 1 1
node 8 1 1 1
node 9 1 1 1
node 10 4 1 1
node 11 4 1 1
node 12 1 1 1
node 13 3 0 2
node 14 4 0 2
node 15 2 0 2
node 92 1 0 0
node 121 1 0 0
node 183 1 0 0
node 238 1 0 0
node 293 1 0 0
node 487 4 0 0
gene 4 1 13 352026 0 1 352026 1
gene 1 2 13 -673001 0 2 -673001 0
gene 3 3 13 -87249 0 3 -87249 1
gene 1 4 13 322755 0 4 322755 0
gene 1 5 13 538112 0 5 538112 0
gene 2 6 13 -112926 0 6 -112926 1
gene 3 7 13 285552 0 7 285552 1
gene 4 8 13 -296619 0 8 -296619 1
gene 3 9 13 528528 0 9 528528 1
gene 3 10 13 -79176 0 10 -79176 1
gene 1 11 13 -291099 0 11 -291099 1
gene 2 12 13 -87453 0 12 -87453 1
gene 1 1 14 300882 0 13 300882 1
gene 2 2 14 417342 0 14 417342 1
gene 1 3 14 618443 0 15 618443 1
gene 3 4 14 225039 0 16 225039 1
gene 4 5 14 567588 0 17 567588 1
gene 4 6 14 367749 0 18 367749 1
gene 2 7 14 -110837 0 19 -110837 1
gene 3 8 14 92682 0 20 92682 0
gene 2 9 14 -312548 0 21 -312548 1
gene 1 10 14 -166902 0 22 -166902 1
gene 3 11 14 -35379 0 23 -35379 1
gene 2 12 14 -110772 0 24 -110772 1
gene 3 1 15 -190722 0 25 -190722 1
gene 4 2 15 800000 0 26 800000 1
gene 3 3 15 -59583 0 27 -59583 1
gene 4 4 15 393404 0 28 393404 1
gene 1 5 15 -568397 0 29 -568397 1
gene 1 6 15 -250602 0 30 -250602 0
gene 2 7 15 71364 0 31 71364 0
gene 1 8 15 -730605 0 32 -730605 1
gene 4 9 15 543966 0 33 543966 1
gene 2 10 15 88182 0 34 88182 1
gene 4 11 15 287010 0 35 287010 1
gene 1 12 15 -268224 0 36 -268224 1
gene 3 14 15 368487 0 66 368487 1
gene 3 14 13 276939 0 95 276939 1
gene 3 8 92 20823 0 253 20823 1
gene 3 92 14 17271 0 254 17271 1
gene 2 92 92 58983 1 305 58983 1
gene 1 4 121 -97143 0 333 -97143 1
gene 1 121 13 75912 0 334 75912 1
gene 1 5 183 113541 0 512 113541 1
gene 1 183 13 586155 0 513 586155 1
gene 1 2 238 175854 0 693 175854 1
gene 1 238 13 128589 0 694 128589 1
gene 1 13 13 -102291 1 827 -102291 1
gene 2 7 293 109185 0 869 109185 1
gene 2 293 15 -198468 0 870 -198468 1
gene 4 92 121 272646 0 1329 272646 1
gene 1 6 487 -233847 0 1442 -233847 1
gene 1 487 15 303549 0 1443 303549 1
gene 1 10 92 -228626 0 1684 -228626 1
genomeend 72


