/* Organism #8 Fitness: 360.000000 Time: 0 */
/* Position #8*/
#1 x: 62 y: 28
#2 x: 29 y: 39
#3 x: 68 y: 32
#4 x: 63 y: 80
#5 x: 18 y: 80
#6 x: 37 y: 69
genomestart 8
trait 1 100000.000000 0.000000 0.000000 0.000000 0.000000 0.000000 0.000000 0.000000 trait 2 52534.000000 91990.000000 0.000000 100000.000000 0.000000 0.000000 0.000000 0.000000 trait 3 21555.000000 0.000000 74217.000000 0.000000 72769.000000 0.000000 0.000000 0.000000 trait 4 0.000000 0.000000 45478.000000 0.000000 0.000000 0.000000 0.000000 0.000000 node 1 1 1 3
node 2 2 1 1
node 3 4 1 1
node 4 4 1 1
node 5 1 1 1
node 6 4 1 1
node 7 3 1 1
node 8 3 1 1
node 9 3 1 1
node 10 4 1 1
node 11 4 1 1
node 12 1 1 1
node 13 1 0 2
node 14 2 0 2
node 15 4 0 2
node 24 1 0 0
node 188 3 0 0
node 222 1 0 0
node 272 1 0 0
node 301 1 0 0
node 380 1 0 0
node 393 1 0 0
node 453 4 0 0
node 469 1 0 0
node 557 1 0 0
node 729 1 0 0
node 875 1 0 0
node 927 1 0 0
node 1021 1 0 0
node 1084 1 0 0
node 1116 1 0 0
node 1234 1 0 0
node 1295 1 0 0
node 1374 1 0 0
node 1496 1 0 0
node 1522 1 0 0
node 1622 1 0 0
node 1712 1 0 0
node 1847 1 0 0
node 1890 1 0 0
node 2011 1 0 0
node 2035 1 0 0
node 2119 1 0 0
node 2161 1 0 0
node 2179 1 0 0
node 2221 1 0 0
node 2397 1 0 0
node 2505 1 0 0
node 2547 1 0 0
node 2578 1 0 0
node 2618 1 0 0
node 2697 1 0 0
node 2712 1 0 0
gene 1 1 13 240507 0 1 240507 1
gene 2 2 13 -634719 0 2 -634719 1
gene 2 3 13 800000 0 3 800000 1
gene 2 4 13 -79452 0 4 -79452 0
gene 3 5 13 366297 0 5 366297 1
gene 1 6 13 -574343 0 6 -574343 1
gene 3 7 13 247845 0 7 247845 1
gene 1 8 13 -197607 0 8 -197607 0
gene 4 9 13 253512 0 9 253512 1
gene 2 10 13 -182361 0 10 -182361 1
gene 3 11 13 557700 0 11 557700 1
gene 4 12 13 -65976 0 12 -65976 1
gene 1 1 14 -53166 0 13 -53166 1
gene 1 2 14 287163 0 14 287163 1
gene 2 3 14 202521 0 15 202521 1
gene 2 4 14 -23595 0 16 -23595 1
gene 1 5 14 353712 0 17 353712 1
gene 2 6 14 -784847 0 18 -784847 0
gene 3 7 14 -180576 0 19 -180576 0
gene 3 8 14 -89835 0 20 -89835 1
gene 3 9 14 -467082 0 21 -467082 0
gene 2 10 14 -621585 0 22 -621585 1
gene 3 11 14 336783 0 23 336783 0
gene 2 12 14 -800000 0 24 -800000 1
gene 2 1 15 641867 0 25 641867 1
gene 3 2 15 -35487 0 26 -35487 1
gene 4 3 15 -40281 0 27 -40281 0
gene 1 4 15 -209447 0 28 -209447 0
gene 4 5 15 -232125 0 29 -232125 1
gene 2 6 15 30612 0 30 30612 1
gene 4 7 15 -653955 0 31 -653955 0
gene 2 8 15 439380 0 32 439380 0
gene 2 9 15 769587 0 33 769587 0
gene 2 10 15 129369 0 34 129369 1
gene 3 11 15 346422 0 35 346422 1
gene 2 12 15 632175 0 36 632175 0
gene 4 4 24 692632 0 62 692632 1
gene 3 24 13 -762119 0 63 -762119 1
gene 1 24 24 -800000 1 127 -800000 0
gene 3 15 13 289566 0 293 289566 1
gene 2 7 24 -147030 0 408 -147030 0
gene 3 7 188 -377124 0 526 -377124 1
gene 3 188 14 -520523 0 527 -520523 1
gene 2 9 222 103851 0 645 103851 0
gene 2 222 15 65973 0 646 65973 1
gene 3 3 272 228162 0 798 228162 1
gene 3 272 15 221643 0 799 221643 0
gene 3 3 24 -315252 0 850 -315252 1
gene 1 24 301 666648 1 893 666648 0
gene 1 301 24 -623496 0 894 -623496 0
gene 1 188 188 123882 1 934 123882 1
gene 3 4 188 716655 0 1080 716655 1
gene 2 6 380 676074 0 1115 676074 1
gene 2 380 14 -116130 0 1116 -116130 1
gene 1 4 393 -400731 0 1157 -400731 1
gene 1 393 15 -426609 0 1158 -426609 1
gene 1 15 380 -80292 0 1196 -80292 1
gene 2 12 188 179913 0 1302 179913 0
gene 2 9 453 760509 0 1346 760509 1
gene 2 453 222 230148 0 1347 230148 1
gene 1 24 469 -491760 1 1394 -491760 0
gene 1 469 301 -274710 0 1395 -274710 0
gene 3 222 24 -41898 0 1576 -41898 1
gene 4 3 188 354270 0 1616 354270 1
gene 3 272 557 -570594 0 1666 -570594 1
gene 1 557 15 556830 0 1667 556830 0
gene 1 6 272 -50262 0 1830 -50262 0
gene 4 12 380 255252 0 1879 255252 0
gene 1 469 729 65022 0 2197 65022 1
gene 1 729 301 335697 0 2198 335697 1
gene 2 14 301 492381 0 2244 492381 0
gene 1 188 380 -349803 0 2284 -349803 1
gene 3 8 875 78696 0 2630 78696 0
gene 1 875 13 161631 0 2631 161631 1
gene 4 12 927 -159630 0 2791 -159630 1
gene 4 927 380 -671367 0 2792 -671367 1
gene 2 393 380 340110 0 3014 340110 1
gene 2 7 1021 11862 0 3066 11862 1
gene 2 1021 24 -235596 0 3067 -235596 1
gene 1 8 1084 168821 0 3243 168821 0
gene 1 1084 875 -315489 0 3244 -315489 0
gene 4 188 927 575472 0 3297 575472 1
gene 1 1084 1116 -178776 0 3335 -178776 1
gene 1 1116 875 800000 0 3336 800000 0
gene 1 222 469 -637173 0 3394 -637173 1
gene 1 8 1234 -711776 0 3693 -711776 1
gene 1 1234 1084 795464 0 3694 795464 1
gene 1 301 1295 490617 0 3863 490617 1
gene 1 1295 24 -262431 0 3864 -262431 1
gene 1 2 393 -348534 0 3943 -348534 1
gene 4 1084 1084 375693 1 4053 375693 1
gene 3 1295 1084 -217536 0 4076 -217536 1
gene 1 1116 1374 -462096 0 4119 -462096 1
gene 1 1374 875 12960 0 4120 12960 1
gene 2 272 1084 60162 0 4218 60162 1
gene 2 12 1496 -231117 0 4474 -231117 1
gene 2 1496 15 800000 0 4475 800000 1
gene 1 557 1522 800000 0 4546 800000 1
gene 1 1522 15 -197469 0 4547 -197469 1
gene 3 1116 1021 -740157 0 4657 -740157 0
gene 3 9 380 -800000 0 4725 -800000 1
gene 2 12 1622 -706962 0 4831 -706962 0
gene 2 1622 188 -175494 0 4832 -175494 1
gene 4 453 453 -72381 1 4965 -72381 0
gene 2 8 1712 221460 0 5099 221460 1
gene 2 1712 15 -182841 0 5100 -182841 0
gene 1 6 1847 -301983 0 5495 -301983 1
gene 1 1847 272 -392178 0 5496 -392178 1
gene 3 9 1890 -291750 0 5636 -291750 0
gene 3 1890 14 -442239 0 5637 -442239 1
gene 4 1116 13 -800000 0 5838 -800000 1
gene 1 9 1712 -339774 0 5937 -339774 1
gene 1 24 2011 -266370 1 5985 -266370 1
gene 1 2011 469 10857 0 5986 10857 1
gene 2 1712 2035 -303446 0 6047 -303446 0
gene 2 2035 15 307784 0 6048 307784 1
gene 3 927 1084 -800000 0 6090 -800000 0
gene 4 1847 453 76251 0 6145 76251 1
gene 2 1712 2119 -364653 0 6302 -364653 1
gene 2 2119 2035 -256830 0 6303 -256830 1
gene 3 9 2161 163095 0 6421 163095 1
gene 3 2161 1890 157863 0 6422 157863 0
gene 4 453 2179 67929 1 6471 67929 1
gene 4 2179 453 -283476 0 6472 -283476 1
gene 4 7 2221 -456549 0 6590 -456549 0
gene 4 2221 15 -210876 0 6591 -210876 1
gene 2 1295 1021 173262 0 6920 173262 1
gene 4 2011 393 223236 0 7009 223236 1
gene 3 1295 557 83391 1 7060 83391 1
gene 3 11 2397 66765 0 7109 66765 1
gene 3 2397 14 30738 0 7110 30738 1
gene 3 469 272 632003 0 7207 632003 1
gene 2 14 2505 -229584 0 7409 -229584 1
gene 2 2505 301 -421149 0 7410 -421149 1
gene 4 7 2547 297714 0 7531 297714 1
gene 4 2547 2221 89682 0 7532 89682 1
gene 3 927 2578 -8010 0 7639 -8010 1
gene 3 2578 1084 -314379 0 7640 -314379 1
gene 2 12 2618 -456783 0 7758 -456783 1
gene 2 2618 1622 -297159 0 7759 -297159 1
gene 3 2161 2697 472872 0 7981 472872 1
gene 3 2697 1890 82392 0 7982 82392 1
gene 3 1116 2712 -475952 0 8023 -475952 1
gene 3 2712 1021 -273111 0 8024 -273111 1
gene 1 2 1234 -93768 0 8214 -93768 1
gene 4 1295 2578 27404 0 8265 27404 1
gene 1 4 729 97207 0 8317 97207 1
genomeend 8


/* Organism #12 Fitness: 340.000000 Time: 0 */
/* Position #12*/
#1 x: 39 y: 39
#2 x: 24 y: 36
#3 x: 76 y: 18
#4 x: 72 y: 67
#5 x: 19 y: 85
#6 x: 18 y: 82
genomestart 12
trait 1 100000.000000 0.000000 0.000000 0.000000 0.000000 0.000000 0.000000 0.000000 trait 2 52534.000000 91990.000000 0.000000 100000.000000 0.000000 0.000000 0.000000 0.000000 trait 3 21555.000000 0.000000 74217.000000 0.000000 72769.000000 0.000000 0.000000 0.000000 trait 4 4.000000 0.000000 0.000000 0.000000 0.000000 0.000000 0.000000 0.000000 node 1 1 1 3
node 2 2 1 1
node 3 4 1 1
node 4 4 1 1
node 5 1 1 1
node 6 4 1 1
node 7 3 1 1
node 8 3 1 1
node 9 3 1 1
node 10 4 1 1
node 11 4 1 1
node 12 1 1 1
node 13 1 0 2
node 14 2 0 2
node 15 4 0 2
node 24 1 0 0
node 188 3 0 0
node 222 1 0 0
node 272 1 0 0
node 301 1 0 0
node 380 1 0 0
node 393 1 0 0
node 453 4 0 0
node 469 1 0 0
node 557 1 0 0
node 729 1 0 0
node 875 1 0 0
node 927 1 0 0
node 1021 1 0 0
node 1084 1 0 0
node 1116 1 0 0
node 1234 4 0 0
node 1295 1 0 0
node 1374 1 0 0
node 1496 1 0 0
node 1522 1 0 0
node 1622 1 0 0
node 1712 1 0 0
node 1847 1 0 0
node 1890 1 0 0
node 2011 1 0 0
node 2035 1 0 0
node 2119 1 0 0
node 2161 1 0 0
node 2179 1 0 0
node 2221 1 0 0
node 2347 1 0 0
node 2379 1 0 0
node 2428 1 0 0
node 2441 1 0 0
node 2472 1 0 0
node 2511 1 0 0
node 2581 1 0 0
node 2603 1 0 0
node 2679 1 0 0
node 2689 1 0 0
node 2709 1 0 0
gene 1 1 13 -152661 0 1 -152661 1
gene 2 2 13 -800000 0 2 -800000 1
gene 2 3 13 429584 0 3 429584 1
gene 4 4 13 -198453 0 4 -198453 0
gene 2 5 13 -435929 0 5 -435929 1
gene 1 6 13 -133212 0 6 -133212 1
gene 3 7 13 432792 0 7 432792 1
gene 1 8 13 -153192 0 8 -153192 0
gene 4 9 13 256446 0 9 256446 1
gene 2 10 13 -746372 0 10 -746372 1
gene 3 11 13 182811 0 11 182811 1
gene 4 12 13 356733 0 12 356733 1
gene 1 1 14 -253215 0 13 -253215 1
gene 1 2 14 91392 0 14 91392 1
gene 2 3 14 558989 0 15 558989 1
gene 2 4 14 91410 0 16 91410 1
gene 1 5 14 296751 0 17 296751 1
gene 2 6 14 763001 0 18 763001 0
gene 3 7 14 793182 0 19 793182 0
gene 3 8 14 52710 0 20 52710 1
gene 3 9 14 259326 0 21 259326 0
gene 2 10 14 -407379 0 22 -407379 1
gene 3 11 14 -497003 0 23 -497003 1
gene 2 12 14 -60915 0 24 -60915 1
gene 2 1 15 -507905 0 25 -507905 1
gene 3 2 15 691044 0 26 691044 1
gene 4 3 15 -558524 0 27 -558524 0
gene 1 4 15 -682538 0 28 -682538 0
gene 4 5 15 655938 0 29 655938 1
gene 2 6 15 325496 0 30 325496 0
gene 4 7 15 -359691 0 31 -359691 0
gene 2 8 15 -117773 0 32 -117773 0
gene 2 9 15 -800000 0 33 -800000 0
gene 2 10 15 -91758 0 34 -91758 1
gene 3 11 15 125988 0 35 125988 1
gene 2 12 15 -40032 0 36 -40032 0
gene 4 4 24 365556 0 62 365556 1
gene 4 24 13 82467 0 63 82467 1
gene 1 24 24 574217 1 127 574217 0
gene 3 15 13 -350214 0 293 -350214 1
gene 2 7 24 -239007 0 408 -239007 0
gene 3 7 188 -286145 0 526 -286145 1
gene 3 188 14 -283590 0 527 -283590 1
gene 2 9 222 -800000 0 645 -800000 0
gene 2 222 15 -252360 0 646 -252360 1
gene 3 3 272 -163376 0 798 -163376 0
gene 3 272 15 610943 0 799 610943 0
gene 2 3 24 -443478 0 850 -443478 1
gene 1 24 301 121824 1 893 121824 0
gene 1 301 24 -49677 0 894 -49677 0
gene 1 188 188 -769031 1 934 -769031 1
gene 3 4 188 282981 0 1080 282981 1
gene 2 6 380 324147 0 1115 324147 1
gene 2 380 14 -105585 0 1116 -105585 1
gene 1 4 393 -66675 0 1157 -66675 1
gene 1 393 15 -380012 0 1158 -380012 1
gene 1 15 380 -30228 0 1196 -30228 1
gene 2 12 188 366168 0 1302 366168 0
gene 2 9 453 -151968 0 1346 -151968 1
gene 2 453 222 135501 0 1347 135501 1
gene 1 24 469 -739011 1 1394 -739011 0
gene 1 469 301 47943 0 1395 47943 0
gene 3 222 24 103284 0 1576 103284 1
gene 4 3 188 764502 0 1616 764502 1
gene 3 272 557 -800000 0 1666 -800000 1
gene 1 557 15 439056 0 1667 439056 0
gene 1 6 272 -800000 0 1830 -800000 0
gene 4 12 380 287628 0 1879 287628 0
gene 1 469 729 385137 0 2197 385137 1
gene 1 729 301 87918 0 2198 87918 1
gene 2 14 301 324345 0 2244 324345 1
gene 1 188 380 -260757 0 2284 -260757 1
gene 3 8 875 -762330 0 2630 -762330 0
gene 1 875 13 -333741 0 2631 -333741 1
gene 4 12 927 20925 0 2791 20925 1
gene 4 927 380 6657 0 2792 6657 1
gene 2 393 380 585669 0 3014 585669 0
gene 2 7 1021 -80124 0 3066 -80124 1
gene 2 1021 24 565943 0 3067 565943 1
gene 1 8 1084 -800000 0 3243 -800000 0
gene 1 1084 875 565287 0 3244 565287 0
gene 4 188 927 265566 0 3297 265566 1
gene 1 1084 1116 -220185 0 3335 -220185 1
gene 1 1116 875 185781 0 3336 185781 0
gene 1 222 469 -647421 0 3394 -647421 1
gene 1 8 1234 10284 0 3693 10284 0
gene 1 1234 1084 409578 0 3694 409578 0
gene 1 301 1295 15492 0 3863 15492 1
gene 1 1295 24 793733 0 3864 793733 1
gene 1 2 393 -447024 0 3943 -447024 1
gene 4 1084 1084 -445581 1 4053 -445581 1
gene 3 1295 1084 124266 0 4076 124266 1
gene 1 1116 1374 486071 0 4119 486071 1
gene 1 1374 875 -429186 0 4120 -429186 1
gene 2 272 1084 -250326 0 4218 -250326 1
gene 2 12 1496 -492083 0 4474 -492083 0
gene 2 1496 15 14148 0 4475 14148 1
gene 1 557 1522 462699 0 4546 462699 1
gene 1 1522 15 136608 0 4547 136608 0
gene 4 1116 1021 -40689 0 4657 -40689 1
gene 3 9 380 723123 0 4725 723123 1
gene 2 12 1622 365919 0 4831 365919 0
gene 2 1622 188 -628401 0 4832 -628401 0
gene 4 453 453 239679 1 4965 239679 0
gene 2 8 1712 -761964 0 5099 -761964 1
gene 2 1712 15 210192 0 5100 210192 0
gene 1 6 1847 223041 0 5495 223041 1
gene 1 1847 272 725090 0 5496 725090 1
gene 3 9 1890 -203724 0 5636 -203724 0
gene 3 1890 14 267204 0 5637 267204 1
gene 4 1116 13 -291198 0 5838 -291198 1
gene 1 9 1712 -205938 0 5937 -205938 1
gene 1 24 2011 175329 1 5985 175329 1
gene 1 2011 469 -314307 0 5986 -314307 1
gene 2 1712 2035 336918 0 6047 336918 0
gene 2 2035 15 41493 0 6048 41493 1
gene 1 927 1084 -543029 0 6090 -543029 1
gene 4 1847 453 -201627 0 6145 -201627 1
gene 2 1712 2119 549414 0 6302 549414 1
gene 2 2119 2035 -253893 0 6303 -253893 1
gene 3 9 2161 424122 0 6421 424122 1
gene 3 2161 1890 -125589 0 6422 -125589 1
gene 4 453 2179 -225663 1 6471 -225663 1
gene 4 2179 453 -149364 0 6472 -149364 1
gene 4 7 2221 -510420 0 6590 -510420 1
gene 4 2221 15 190242 0 6591 190242 0
gene 2 393 2347 -357909 0 6963 -357909 1
gene 2 2347 380 -36645 0 6964 -36645 1
gene 2 729 188 380304 0 7008 380304 1
gene 2 6 2379 482416 0 7058 482416 1
gene 2 2379 15 80949 0 7059 80949 1
gene 1 1234 2428 522051 0 7193 522051 1
gene 1 2428 1084 217515 0 7194 217515 1
gene 4 2221 2441 82215 0 7231 82215 1
gene 4 2441 15 800000 0 7232 800000 1
gene 2 1622 2472 121671 0 7317 121671 1
gene 2 2472 188 -798983 0 7318 -798983 1
gene 4 1712 557 -277812 0 7368 -277812 1
gene 1 1522 2511 -28559 0 7422 -28559 1
gene 1 2511 15 71388 0 7423 71388 1
gene 2 4 301 380994 0 7485 380994 1
gene 2 2035 2379 323291 0 7596 323291 0
gene 3 3 2581 68536 0 7648 68536 1
gene 3 2581 272 309132 0 7649 309132 1
gene 1 8 2603 -77844 0 7715 -77844 1
gene 1 2603 1234 -45972 0 7716 -45972 1
gene 2 12 2679 111742 0 7930 111742 1
gene 2 2679 1622 209460 0 7931 209460 1
gene 2 2035 2689 353617 0 7960 353617 1
gene 2 2689 2379 74967 0 7961 74967 1
gene 2 12 2709 -90177 0 8017 -90177 1
gene 2 2709 1496 123123 0 8018 123123 1
gene 1 2379 188 64652 0 8270 64652 1
genomeend 12


/* Organism #16 Fitness: 280.000000 Time: 0 */
/* Position #16*/
#1 x: 69 y: 15
#2 x: 77 y: 19
#3 x: 34 y: 31
#4 x: 50 y: 84
#5 x: 17 y: 68
#6 x: 36 y: 78
genomestart 16
trait 1 100000.000000 0.000000 0.000000 0.000000 0.000000 0.000000 0.000000 0.000000 trait 2 52534.000000 91990.000000 0.000000 100000.000000 0.000000 0.000000 0.000000 0.000000 trait 3 21555.000000 0.000000 74217.000000 0.000000 72769.000000 0.000000 0.000000 0.000000 trait 4 4.000000 0.000000 0.000000 0.000000 99879.000000 0.000000 0.000000 0.000000 node 1 1 1 3
node 2 2 1 1
node 3 4 1 1
node 4 4 1 1
node 5 1 1 1
node 6 4 1 1
node 7 3 1 1
node 8 3 1 1
node 9 3 1 1
node 10 4 1 1
node 11 4 1 1
node 12 1 1 1
node 13 1 0 2
node 14 2 0 2
node 15 4 0 2
node 24 1 0 0
node 188 3 0 0
node 222 1 0 0
node 272 1 0 0
node 301 1 0 0
node 380 1 0 0
node 393 1 0 0
node 453 4 0 0
node 469 1 0 0
node 557 1 0 0
node 729 1 0 0
node 875 1 0 0
node 927 1 0 0
node 1021 1 0 0
node 1084 1 0 0
node 1116 1 0 0
node 1234 1 0 0
node 1295 1 0 0
node 1374 1 0 0
node 1496 1 0 0
node 1522 1 0 0
node 1622 1 0 0
node 1712 1 0 0
node 1847 1 0 0
node 1890 1 0 0
node 2011 1 0 0
node 2035 1 0 0
node 2119 3 0 0
node 2161 1 0 0
node 2179 1 0 0
node 2221 1 0 0
node 2408 1 0 0
node 2438 1 0 0
node 2454 1 0 0
node 2489 1 0 0
node 2572 1 0 0
node 2624 1 0 0
node 2682 1 0 0
node 2720 1 0 0
gene 1 1 13 -656442 0 1 -656442 1
gene 2 2 13 -535707 0 2 -535707 1
gene 2 3 13 -694878 0 3 -694878 1
gene 4 4 13 -370701 0 4 -370701 0
gene 3 5 13 -94773 0 5 -94773 1
gene 1 6 13 451173 0 6 451173 1
gene 3 7 13 -118719 0 7 -118719 1
gene 1 8 13 636839 0 8 636839 0
gene 4 9 13 -433392 0 9 -433392 1
gene 2 10 13 -800000 0 10 -800000 1
gene 3 11 13 -615987 0 11 -615987 1
gene 4 12 13 148424 0 12 148424 1
gene 1 1 14 -656301 0 13 -656301 1
gene 1 2 14 -246245 0 14 -246245 1
gene 2 3 14 309138 0 15 309138 1
gene 2 4 14 -422286 0 16 -422286 1
gene 1 5 14 213363 0 17 213363 1
gene 2 6 14 -32721 0 18 -32721 0
gene 3 7 14 217650 0 19 217650 0
gene 3 8 14 777660 0 20 777660 1
gene 3 9 14 -157527 0 21 -157527 0
gene 2 10 14 85920 0 22 85920 1
gene 3 11 14 -325896 0 23 -325896 1
gene 2 12 14 509436 0 24 509436 1
gene 2 1 15 -119481 0 25 -119481 1
gene 3 2 15 166332 0 26 166332 1
gene 4 3 15 257907 0 27 257907 0
gene 1 4 15 800000 0 28 800000 0
gene 4 5 15 362670 0 29 362670 1
gene 2 6 15 675360 0 30 675360 1
gene 4 7 15 106845 0 31 106845 0
gene 2 8 15 33639 0 32 33639 0
gene 2 9 15 -352869 0 33 -352869 0
gene 3 10 15 800000 0 34 800000 1
gene 3 11 15 -283152 0 35 -283152 1
gene 2 12 15 -177255 0 36 -177255 0
gene 4 4 24 -257048 0 62 -257048 1
gene 4 24 13 149457 0 63 149457 1
gene 1 24 24 250047 1 127 250047 0
gene 3 15 13 -250449 0 293 -250449 1
gene 2 7 24 197001 0 408 197001 0
gene 3 7 188 -251565 0 526 -251565 1
gene 3 188 14 459099 0 527 459099 1
gene 2 9 222 -612249 0 645 -612249 0
gene 2 222 15 -658872 0 646 -658872 1
gene 3 3 272 74559 0 798 74559 1
gene 3 272 15 24351 0 799 24351 0
gene 2 3 24 313299 0 850 313299 1
gene 1 24 301 412278 1 893 412278 0
gene 1 301 24 -5037 0 894 -5037 0
gene 1 188 188 -451209 1 934 -451209 0
gene 3 4 188 -677810 0 1080 -677810 1
gene 2 6 380 442587 0 1115 442587 1
gene 2 380 14 568524 0 1116 568524 1
gene 1 4 393 270189 0 1157 270189 1
gene 1 393 15 -276308 0 1158 -276308 0
gene 1 15 380 -291221 0 1196 -291221 1
gene 2 12 188 -433080 0 1302 -433080 0
gene 2 9 453 64410 0 1346 64410 1
gene 2 453 222 800000 0 1347 800000 0
gene 1 24 469 538521 1 1394 538521 0
gene 1 469 301 -556277 0 1395 -556277 0
gene 3 222 24 -268029 0 1576 -268029 1
gene 4 3 188 -166239 0 1616 -166239 1
gene 3 272 557 705036 0 1666 705036 1
gene 1 557 15 134220 0 1667 134220 0
gene 1 6 272 197208 0 1830 197208 0
gene 4 12 380 -691832 0 1879 -691832 0
gene 1 469 729 591236 0 2197 591236 1
gene 1 729 301 559718 0 2198 559718 0
gene 2 14 301 530340 0 2244 530340 1
gene 1 188 380 -112560 0 2284 -112560 1
gene 3 8 875 -360237 0 2630 -360237 0
gene 1 875 13 144942 0 2631 144942 1
gene 4 12 927 450450 0 2791 450450 1
gene 4 927 380 202458 0 2792 202458 1
gene 2 393 380 652910 0 3014 652910 1
gene 2 7 1021 319797 0 3066 319797 1
gene 2 1021 24 401799 0 3067 401799 1
gene 1 8 1084 264525 0 3243 264525 0
gene 1 1084 875 559325 0 3244 559325 0
gene 4 188 927 -715287 0 3297 -715287 1
gene 1 1084 1116 -362799 0 3335 -362799 1
gene 1 1116 875 382908 0 3336 382908 0
gene 1 222 469 -800000 0 3394 -800000 1
gene 1 8 1234 -81072 0 3693 -81072 1
gene 1 1234 1084 215886 0 3694 215886 1
gene 1 301 1295 23121 0 3863 23121 1
gene 1 1295 24 88497 0 3864 88497 0
gene 1 2 393 -324603 0 3943 -324603 1
gene 4 1084 1084 -376905 1 4053 -376905 1
gene 3 1295 1084 334386 0 4076 334386 1
gene 1 1116 1374 739392 0 4119 739392 1
gene 1 1374 875 472362 0 4120 472362 1
gene 2 272 1084 685497 0 4218 685497 1
gene 2 12 1496 -800000 0 4474 -800000 1
gene 2 1496 15 -669252 0 4475 -669252 1
gene 1 557 1522 -714237 0 4546 -714237 1
gene 1 1522 15 787517 0 4547 787517 1
gene 3 1116 1021 -528096 0 4657 -528096 1
gene 3 9 380 76290 0 4725 76290 1
gene 2 12 1622 2307 0 4831 2307 0
gene 2 1622 188 -185187 0 4832 -185187 1
gene 4 453 453 -81411 1 4965 -81411 0
gene 2 8 1712 169791 0 5099 169791 1
gene 2 1712 15 404502 0 5100 404502 0
gene 1 6 1847 700377 0 5495 700377 1
gene 1 1847 272 -4563 0 5496 -4563 1
gene 3 9 1890 -598077 0 5636 -598077 0
gene 3 1890 14 321867 0 5637 321867 1
gene 2 1116 13 396996 0 5838 396996 1
gene 1 9 1712 -652326 0 5937 -652326 0
gene 1 24 2011 678378 1 5985 678378 1
gene 1 2011 469 -367443 0 5986 -367443 1
gene 2 1712 2035 -718946 0 6047 -718946 0
gene 2 2035 15 216362 0 6048 216362 1
gene 3 927 1084 75738 0 6090 75738 1
gene 4 1847 453 -362322 0 6145 -362322 1
gene 2 1712 2119 650364 0 6302 650364 1
gene 2 2119 2035 -471999 0 6303 -471999 1
gene 3 9 2161 192288 0 6421 192288 1
gene 3 2161 1890 -32946 0 6422 -32946 1
gene 4 453 2179 126699 1 6471 126699 1
gene 4 2179 453 74445 0 6472 74445 1
gene 4 7 2221 237030 0 6590 237030 0
gene 4 2221 15 -149106 0 6591 -149106 1
gene 2 1295 1021 -83837 0 6920 -83837 1
gene 2 2011 393 437283 0 7009 437283 1
gene 1 393 2408 138855 0 7137 138855 1
gene 1 2408 15 -167928 0 7138 -167928 1
gene 3 2161 1374 -232218 0 7177 -232218 1
gene 1 188 2438 688616 1 7224 688616 1
gene 1 2438 188 50691 0 7225 50691 1
gene 1 9 2454 -759203 0 7265 -759203 1
gene 1 2454 1712 -198780 0 7266 -198780 1
gene 3 11 875 81681 0 7315 81681 1
gene 1 729 2489 191598 0 7366 191598 1
gene 1 2489 301 -232635 0 7367 -232635 1
gene 1 11 2161 -285983 0 7520 -285983 1
gene 2 12 2572 -206496 0 7614 -206496 1
gene 2 2572 1622 2916 0 7615 2916 1
gene 1 12 1522 -401328 0 7661 -401328 1
gene 2 453 2624 20587 0 7776 20587 1
gene 2 2624 222 111990 0 7777 111990 1
gene 2 2119 469 357832 0 7881 357832 1
gene 1 1295 2682 620319 0 7938 620319 1
gene 1 2682 24 -225924 0 7939 -225924 1
gene 4 7 2720 201445 0 8046 201445 1
gene 4 2720 2221 -170757 0 8047 -170757 1
gene 3 875 875 15968 1 8275 15968 1
gene 2 1021 2454 41984 1 8318 41984 1
genomeend 16


/* Organism #24 Fitness: 320.000000 Time: 0 */
/* Position #24*/
#1 x: 58 y: 30
#2 x: 28 y: 39
#3 x: 79 y: 21
#4 x: 40 y: 64
#5 x: 79 y: 82
#6 x: 27 y: 84
genomestart 24
trait 1 1.000000 0.000000 0.000000 0.000000 0.000000 0.000000 0.000000 0.000000 trait 2 2.000000 0.000000 0.000000 0.000000 0.000000 14091.000000 0.000000 0.000000 trait 3 3.000000 0.000000 0.000000 0.000000 0.000000 0.000000 0.000000 0.000000 trait 4 4.000000 0.000000 45823.000000 0.000000 32672.000000 0.000000 0.000000 0.000000 node 1 4 1 3
node 2 2 1 1
node 3 4 1 1
node 4 2 1 1
node 5 4 1 1
node 6 3 1 1
node 7 2 1 1
node 8 1 1 1
node 9 4 1 1
node 10 1 1 1
node 11 1 1 1
node 12 4 1 1
node 13 3 0 2
node 14 1 0 2
node 15 4 0 2
node 71 1 0 0
node 289 1 0 0
node 317 1 0 0
node 368 1 0 0
node 381 1 0 0
node 394 1 0 0
node 473 1 0 0
node 490 1 0 0
node 568 1 0 0
node 647 1 0 0
node 686 1 0 0
node 704 1 0 0
node 760 1 0 0
node 834 1 0 0
node 877 1 0 0
node 886 1 0 0
node 948 1 0 0
node 996 1 0 0
node 1018 1 0 0
node 1030 1 0 0
node 1107 1 0 0
node 1188 1 0 0
node 1240 1 0 0
node 1316 1 0 0
node 1373 1 0 0
node 1445 1 0 0
node 1459 1 0 0
node 1474 4 0 0
node 1504 1 0 0
node 1625 1 0 0
node 1675 1 0 0
node 1700 1 0 0
node 1720 1 0 0
node 1888 1 0 0
node 2052 1 0 0
node 2089 1 0 0
node 2268 1 0 0
node 2486 1 0 0
node 2499 1 0 0
node 2562 1 0 0
node 2631 1 0 0
node 2650 1 0 0
node 2751 1 0 0
node 2784 1 0 0
node 2792 1 0 0
gene 4 1 13 -522840 0 1 -522840 1
gene 3 2 13 -350340 0 2 -350340 1
gene 2 3 13 61767 0 3 61767 0
gene 4 4 13 -2841 0 4 -2841 1
gene 2 5 13 -532776 0 5 -532776 0
gene 3 6 13 -174798 0 6 -174798 1
gene 1 7 13 65565 0 7 65565 0
gene 1 8 13 -70206 0 8 -70206 1
gene 1 9 13 128568 0 9 128568 0
gene 2 10 13 233271 0 10 233271 1
gene 3 11 13 -157554 0 11 -157554 1
gene 3 12 13 270354 0 12 270354 1
gene 1 1 14 -249462 0 13 -249462 1
gene 1 2 14 345054 0 14 345054 0
gene 3 3 14 225357 0 15 225357 0
gene 1 4 14 -3123 0 16 -3123 0
gene 1 5 14 -179331 0 17 -179331 1
gene 3 6 14 774792 0 18 774792 1
gene 1 7 14 -219818 0 19 -219818 1
gene 2 8 14 -84624 0 20 -84624 1
gene 2 9 14 288360 0 21 288360 0
gene 1 10 14 -365262 0 22 -365262 0
gene 3 11 14 631542 0 23 631542 1
gene 2 12 14 599979 0 24 599979 0
gene 3 1 15 27792 0 25 27792 1
gene 2 2 15 255315 0 26 255315 1
gene 4 3 15 -96144 0 27 -96144 0
gene 2 4 15 -101559 0 28 -101559 0
gene 2 5 15 -508878 0 29 -508878 0
gene 1 6 15 261315 0 30 261315 1
gene 4 7 15 586533 0 31 586533 0
gene 2 8 15 -111819 0 32 -111819 0
gene 2 9 15 -156663 0 33 -156663 1
gene 1 10 15 -478503 0 34 -478503 1
gene 3 11 15 76326 0 35 76326 1
gene 1 12 15 -199179 0 36 -199179 0
gene 4 3 71 -494364 0 201 -494364 0
gene 3 71 14 800000 0 202 800000 0
gene 1 13 13 -161673 1 248 -161673 0
gene 2 13 15 -75285 0 413 -75285 1
gene 4 10 71 -502346 0 454 -502346 1
gene 2 7 71 -668760 0 542 -668760 0
gene 4 8 71 666612 0 717 666612 1
gene 4 71 71 354059 1 769 354059 0
gene 4 3 289 350166 0 858 350166 0
gene 4 289 15 503415 0 859 503415 1
gene 3 289 14 414273 0 897 414273 0
gene 4 3 317 770366 0 942 770366 0
gene 4 317 289 -240930 0 943 -240930 1
gene 2 8 368 338304 0 1081 338304 1
gene 2 368 15 179502 0 1082 179502 1
gene 1 2 381 -369015 0 1117 -369015 1
gene 2 381 14 -180756 0 1118 -180756 1
gene 4 3 394 23073 0 1159 23073 1
gene 4 394 71 -478539 0 1160 -478539 1
gene 4 1 394 -88992 0 1362 -88992 1
gene 2 3 473 -117795 0 1405 -117795 1
gene 2 473 13 -601184 0 1406 -601184 1
gene 1 10 490 485580 0 1456 485580 0
gene 1 490 14 -104064 0 1457 -104064 1
gene 3 13 289 -130632 0 1591 -130632 1
gene 4 71 568 -106773 1 1699 -106773 1
gene 4 568 71 597335 0 1700 597335 0
gene 3 568 15 -443337 0 1754 -443337 1
gene 3 289 394 171795 0 1809 171795 0
gene 4 568 647 -8676 0 1948 -8676 1
gene 4 647 71 443019 0 1949 443019 1
gene 1 7 686 -212910 0 2069 -212910 1
gene 1 686 71 405645 0 2070 405645 1
gene 3 71 704 503850 0 2122 503850 0
gene 3 704 14 169068 0 2123 169068 1
gene 3 289 760 566268 0 2296 566268 1
gene 3 760 394 -224037 0 2297 -224037 1
gene 4 368 394 -243380 0 2326 -243380 0
gene 2 10 289 712464 0 2376 712464 1
gene 4 3 834 -149310 0 2518 -149310 1
gene 4 834 317 -291060 0 2519 -291060 0
gene 2 12 877 -800000 0 2634 -800000 1
gene 2 877 14 377418 0 2635 377418 0
gene 2 4 886 11325 0 2665 11325 1
gene 2 886 15 -165372 0 2666 -165372 1
gene 2 5 948 330972 0 2855 330972 0
gene 2 948 13 367440 0 2856 367440 1
gene 2 877 877 628571 1 2903 628571 1
gene 1 7 996 -583542 0 2996 -583542 1
gene 1 996 13 -567816 0 2997 -567816 1
gene 3 7 1018 -48393 0 3054 -48393 1
gene 4 1018 15 -264900 0 3055 -264900 1
gene 1 4 1030 800000 0 3100 800000 0
gene 1 1030 14 60306 0 3101 60306 1
gene 3 568 568 -111213 1 3154 -111213 0
gene 2 5 1107 -224307 0 3308 -224307 1
gene 2 1107 948 -221954 0 3309 -221954 1
gene 4 686 686 -666186 1 3352 -666186 1
gene 3 996 490 -133161 0 3408 -133161 1
gene 2 9 1188 -167850 0 3558 -167850 0
gene 2 1188 14 -87528 0 3559 -87528 1
gene 4 381 71 199029 0 3665 199029 0
gene 1 10 1240 175911 0 3707 175911 1
gene 1 1240 490 436779 0 3708 436779 1
gene 3 1107 1030 -35808 0 3763 -35808 1
gene 2 9 1316 -786684 0 3922 -786684 0
gene 2 1316 1188 -632393 0 3923 -632393 0
gene 1 12 1373 10200 0 4116 10200 1
gene 1 1373 15 -353664 0 4117 -353664 0
gene 1 3 1316 453597 0 4180 453597 1
gene 4 834 1445 -649751 0 4313 -649751 1
gene 4 1445 317 74703 0 4314 74703 1
gene 4 381 1459 468431 0 4355 468431 1
gene 4 1459 71 315222 0 4356 315222 1
gene 3 289 1474 40554 0 4406 40554 0
gene 3 1474 14 15924 0 4407 15924 1
gene 2 394 1373 -444075 0 4457 -444075 1
gene 2 5 1504 55053 0 4497 55053 0
gene 2 1504 15 -175890 0 4498 -175890 1
gene 4 1504 886 -103209 0 4750 -103209 1
gene 2 9 1625 -81597 0 4838 -81597 1
gene 1 1625 1316 166479 0 4839 166479 1
gene 1 1 1625 595743 0 4968 595743 1
gene 3 568 1675 -248166 1 4996 -248166 1
gene 3 1675 568 800000 0 4997 800000 0
gene 2 5 1700 -240013 0 5071 -240013 1
gene 2 1700 1504 217437 0 5072 217437 1
gene 3 71 1720 -34800 0 5118 -34800 1
gene 3 1720 704 524796 0 5119 524796 1
gene 1 886 381 93882 0 5222 93882 1
gene 1 1373 1888 -648954 0 5630 -648954 1
gene 1 1888 15 363372 0 5631 363372 1
gene 1 1107 490 338361 0 5814 338361 1
gene 4 1107 15 -465036 0 5917 -465036 1
gene 4 14 14 -21981 1 5955 -21981 1
gene 2 1700 1700 149151 1 6001 149151 1
gene 3 1675 2052 783702 0 6096 783702 0
gene 3 2052 568 142302 0 6097 142302 1
gene 1 9 2089 -10869 0 6209 -10869 1
gene 1 2089 13 -216231 0 6210 -216231 1
gene 4 368 2268 228837 0 6730 228837 1
gene 4 2268 394 99174 0 6731 99174 1
gene 1 1018 1720 -85698 0 7116 -85698 0
gene 2 1316 2486 -13488 0 7357 -13488 1
gene 2 2486 1188 159681 0 7358 159681 1
gene 3 289 2499 234360 0 7396 234360 1
gene 3 2499 1474 80214 0 7397 80214 0
gene 3 1675 2562 251622 0 7584 251622 1
gene 3 2562 2052 -133650 0 7585 -133650 1
gene 2 877 2631 -69630 0 7798 -69630 1
gene 2 2631 14 270699 0 7799 270699 1
gene 1 4 2650 343269 0 7848 343269 1
gene 1 2650 1030 -273756 0 7849 -273756 1
gene 1 13 2751 -194882 1 8145 -194882 1
gene 1 2751 13 -258675 0 8146 -258675 1
gene 3 2499 2784 1 0 8249 0 1
gene 3 2784 1474 80214 0 8250 0 1
gene 1 1018 2792 1 0 8282 0 1
gene 1 2792 1720 -85698 0 8283 0 1
gene 3 317 317 -87102 1 8325 -87102 1
genomeend 24


/* Organism #26 Fitness: 380.000000 Time: 0 */
/* Position #26*/
#1 x: 38 y: 40
#2 x: 48 y: 35
#3 x: 36 y: 28
#4 x: 47 y: 72
#5 x: 22 y: 81
#6 x: 59 y: 78
genomestart 26
trait 1 100000.000000 0.000000 0.000000 0.000000 0.000000 0.000000 0.000000 0.000000 trait 2 52534.000000 91990.000000 0.000000 100000.000000 0.000000 0.000000 0.000000 0.000000 trait 3 21555.000000 0.000000 74217.000000 0.000000 72769.000000 0.000000 0.000000 0.000000 trait 4 4.000000 0.000000 0.000000 0.000000 0.000000 0.000000 0.000000 0.000000 node 1 1 1 3
node 2 2 1 1
node 3 4 1 1
node 4 4 1 1
node 5 1 1 1
node 6 4 1 1
node 7 3 1 1
node 8 3 1 1
node 9 3 1 1
node 10 4 1 1
node 11 4 1 1
node 12 1 1 1
node 13 1 0 2
node 14 2 0 2
node 15 4 0 2
node 24 1 0 0
node 188 3 0 0
node 222 1 0 0
node 272 1 0 0
node 301 1 0 0
node 380 1 0 0
node 393 1 0 0
node 453 4 0 0
node 469 1 0 0
node 557 1 0 0
node 729 1 0 0
node 875 1 0 0
node 927 1 0 0
node 1021 1 0 0
node 1084 1 0 0
node 1116 1 0 0
node 1234 1 0 0
node 1295 1 0 0
node 1374 1 0 0
node 1496 1 0 0
node 1522 1 0 0
node 1622 1 0 0
node 1712 1 0 0
node 1847 1 0 0
node 1890 1 0 0
node 2011 1 0 0
node 2035 1 0 0
node 2119 1 0 0
node 2161 1 0 0
node 2179 1 0 0
node 2221 1 0 0
node 2397 1 0 0
node 2505 1 0 0
node 2547 1 0 0
node 2578 1 0 0
node 2618 1 0 0
node 2697 1 0 0
node 2712 1 0 0
node 2793 1 0 0
node 2805 1 0 0
gene 1 1 13 -94020 0 1 -94020 1
gene 2 2 13 76221 0 2 76221 1
gene 2 3 13 776826 0 3 776826 1
gene 2 4 13 -76953 0 4 -76953 0
gene 3 5 13 -398040 0 5 -398040 1
gene 1 6 13 -741302 0 6 -741302 1
gene 3 7 13 40896 0 7 40896 1
gene 1 8 13 -482229 0 8 -482229 0
gene 4 9 13 67461 0 9 67461 1
gene 2 10 13 262656 0 10 262656 1
gene 3 11 13 312939 0 11 312939 1
gene 4 12 13 -295044 0 12 -295044 1
gene 1 1 14 90009 0 13 90009 1
gene 1 2 14 181959 0 14 181959 1
gene 2 3 14 294546 0 15 294546 1
gene 2 4 14 251715 0 16 251715 1
gene 1 5 14 257955 0 17 257955 1
gene 2 6 14 -224529 0 18 -224529 0
gene 3 7 14 -388536 0 19 -388536 0
gene 3 8 14 -169353 0 20 -169353 1
gene 3 9 14 -131271 0 21 -131271 0
gene 2 10 14 43737 0 22 43737 1
gene 3 11 14 5184 0 23 5184 0
gene 2 12 14 -767708 0 24 -767708 1
gene 2 1 15 800000 0 25 800000 1
gene 3 2 15 -461418 0 26 -461418 1
gene 4 3 15 157959 0 27 157959 0
gene 1 4 15 -93050 0 28 -93050 0
gene 4 5 15 -369627 0 29 -369627 1
gene 2 6 15 -251277 0 30 -251277 1
gene 4 7 15 -484770 0 31 -484770 0
gene 2 8 15 467487 0 32 467487 0
gene 2 9 15 342969 0 33 342969 0
gene 2 10 15 296613 0 34 296613 1
gene 3 11 15 800000 0 35 800000 1
gene 2 12 15 383085 0 36 383085 0
gene 4 4 24 24537 0 62 24537 0
gene 3 24 13 -690846 0 63 -690846 1
gene 1 24 24 -18672 1 127 -18672 0
gene 3 15 13 -32160 0 293 -32160 1
gene 2 7 24 175026 0 408 175026 0
gene 3 7 188 225372 0 526 225372 1
gene 3 188 14 -680610 0 527 -680610 1
gene 2 9 222 -404076 0 645 -404076 0
gene 2 222 15 35604 0 646 35604 1
gene 3 3 272 -11403 0 798 -11403 1
gene 3 272 15 107343 0 799 107343 0
gene 3 3 24 277605 0 850 277605 1
gene 1 24 301 -163719 1 893 -163719 0
gene 1 301 24 -306939 0 894 -306939 0
gene 1 188 188 56466 1 934 56466 1
gene 3 4 188 642717 0 1080 642717 1
gene 2 6 380 292830 0 1115 292830 1
gene 2 380 14 -108774 0 1116 -108774 1
gene 1 4 393 -270405 0 1157 -270405 1
gene 1 393 15 -504945 0 1158 -504945 1
gene 1 15 380 -66600 0 1196 -66600 1
gene 2 12 188 251310 0 1302 251310 0
gene 2 9 453 467649 0 1346 467649 1
gene 2 453 222 200700 0 1347 200700 1
gene 1 24 469 -174129 1 1394 -174129 0
gene 1 469 301 277785 0 1395 277785 0
gene 3 222 24 15699 0 1576 15699 1
gene 4 3 188 209442 0 1616 209442 1
gene 3 272 557 -800000 0 1666 -800000 1
gene 1 557 15 69027 0 1667 69027 0
gene 1 6 272 -53271 0 1830 -53271 0
gene 4 12 380 -47166 0 1879 -47166 0
gene 1 469 729 89901 0 2197 89901 1
gene 1 729 301 317730 0 2198 317730 1
gene 2 14 301 68013 0 2244 68013 0
gene 1 188 380 -378576 0 2284 -378576 1
gene 3 8 875 169413 0 2630 169413 0
gene 1 875 13 -302790 0 2631 -302790 1
gene 4 12 927 152796 0 2791 152796 1
gene 4 927 380 199983 0 2792 199983 1
gene 2 393 380 62454 0 3014 62454 1
gene 2 7 1021 126438 0 3066 126438 1
gene 2 1021 24 -294426 0 3067 -294426 1
gene 1 8 1084 376965 0 3243 376965 0
gene 1 1084 875 -96501 0 3244 -96501 0
gene 4 188 927 104598 0 3297 104598 1
gene 1 1084 1116 -163707 0 3335 -163707 1
gene 1 1116 875 -271257 0 3336 -271257 0
gene 1 222 469 -87273 0 3394 -87273 1
gene 1 8 1234 -660353 0 3693 -660353 1
gene 1 1234 1084 429980 0 3694 429980 1
gene 1 301 1295 -267540 0 3863 -267540 1
gene 1 1295 24 -675797 0 3864 -675797 1
gene 1 2 393 -362856 0 3943 -362856 1
gene 4 1084 1084 549339 1 4053 549339 1
gene 3 1295 1084 -291657 0 4076 -291657 1
gene 1 1116 1374 137772 0 4119 137772 1
gene 1 1374 875 -404289 0 4120 -404289 1
gene 2 272 1084 -343824 0 4218 -343824 1
gene 2 12 1496 -139845 0 4474 -139845 1
gene 2 1496 15 800000 0 4475 800000 1
gene 1 557 1522 197982 0 4546 197982 1
gene 1 1522 15 -81024 0 4547 -81024 1
gene 3 1116 1021 -497436 0 4657 -497436 0
gene 3 9 380 -794516 0 4725 -794516 1
gene 2 12 1622 258936 0 4831 258936 0
gene 2 1622 188 -209763 0 4832 -209763 1
gene 4 453 453 54354 1 4965 54354 0
gene 2 8 1712 -56271 0 5099 -56271 1
gene 2 1712 15 -279465 0 5100 -279465 0
gene 1 6 1847 -725907 0 5495 -725907 1
gene 1 1847 272 -167001 0 5496 -167001 1
gene 3 9 1890 -139815 0 5636 -139815 0
gene 3 1890 14 192909 0 5637 192909 1
gene 4 1116 13 -505359 0 5838 -505359 1
gene 1 9 1712 -101622 0 5937 -101622 1
gene 1 24 2011 244338 1 5985 244338 1
gene 1 2011 469 333567 0 5986 333567 0
gene 2 1712 2035 49968 0 6047 49968 0
gene 2 2035 15 -130722 0 6048 -130722 1
gene 3 927 1084 -176484 0 6090 -176484 0
gene 4 1847 453 128391 0 6145 128391 1
gene 2 1712 2119 -146787 0 6302 -146787 1
gene 2 2119 2035 -6213 0 6303 -6213 1
gene 3 9 2161 476721 0 6421 476721 1
gene 3 2161 1890 101520 0 6422 101520 0
gene 4 453 2179 -14934 1 6471 -14934 1
gene 4 2179 453 -110433 0 6472 -110433 1
gene 4 7 2221 62316 0 6590 62316 0
gene 4 2221 15 -296196 0 6591 -296196 1
gene 2 1295 1021 68094 0 6920 68094 1
gene 4 2011 393 -116970 0 7009 -116970 1
gene 3 1295 557 -423732 1 7060 -423732 1
gene 3 11 2397 197871 0 7109 197871 1
gene 3 2397 14 -18060 0 7110 -18060 1
gene 3 469 272 597644 0 7207 597644 1
gene 2 14 2505 320688 0 7409 320688 1
gene 2 2505 301 -355836 0 7410 -355836 1
gene 4 7 2547 -280962 0 7531 -280962 1
gene 4 2547 2221 21837 0 7532 21837 1
gene 3 927 2578 83403 0 7639 83403 1
gene 3 2578 1084 -282837 0 7640 -282837 1
gene 2 12 2618 271026 0 7758 271026 1
gene 2 2618 1622 -800000 0 7759 -800000 1
gene 3 2161 2697 218158 0 7981 218158 1
gene 3 2697 1890 286812 0 7982 286812 1
gene 3 1116 2712 -598355 0 8023 -598355 1
gene 3 2712 1021 -800000 0 8024 -800000 1
gene 2 729 557 -25192 0 8254 -25192 1
gene 4 4 2793 1 0 8285 0 1
gene 4 2793 24 24537 0 8286 0 1
gene 1 2011 2805 1 0 8326 0 1
gene 1 2805 469 333567 0 8327 0 1
genomeend 26


/* Organism #32 Fitness: 360.000000 Time: 0 */
/* Position #32*/
#1 x: 74 y: 39
#2 x: 45 y: 31
#3 x: 58 y: 17
#4 x: 39 y: 63
#5 x: 37 y: 62
#6 x: 65 y: 63
genomestart 32
trait 1 100000.000000 0.000000 0.000000 0.000000 0.000000 0.000000 0.000000 2311.000000 trait 2 52534.000000 91990.000000 0.000000 100000.000000 0.000000 0.000000 0.000000 0.000000 trait 3 21555.000000 0.000000 74217.000000 0.000000 72769.000000 0.000000 0.000000 0.000000 trait 4 4.000000 0.000000 0.000000 0.000000 0.000000 0.000000 0.000000 0.000000 node 1 1 1 3
node 2 2 1 1
node 3 4 1 1
node 4 4 1 1
node 5 1 1 1
node 6 4 1 1
node 7 3 1 1
node 8 3 1 1
node 9 3 1 1
node 10 4 1 1
node 11 4 1 1
node 12 1 1 1
node 13 1 0 2
node 14 2 0 2
node 15 4 0 2
node 24 1 0 0
node 188 3 0 0
node 222 1 0 0
node 272 1 0 0
node 301 1 0 0
node 380 1 0 0
node 393 1 0 0
node 453 4 0 0
node 469 1 0 0
node 557 1 0 0
node 729 1 0 0
node 875 1 0 0
node 927 1 0 0
node 1021 1 0 0
node 1084 1 0 0
node 1116 1 0 0
node 1234 1 0 0
node 1295 1 0 0
node 1374 1 0 0
node 1496 1 0 0
node 1522 1 0 0
node 1622 1 0 0
node 1712 1 0 0
node 1847 1 0 0
node 1890 1 0 0
node 2011 1 0 0
node 2035 1 0 0
node 2119 1 0 0
node 2161 1 0 0
node 2179 1 0 0
node 2221 1 0 0
node 2397 1 0 0
node 2586 1 0 0
node 2625 1 0 0
node 2644 1 0 0
node 2769 1 0 0
gene 1 1 13 104121 0 1 104121 1
gene 2 2 13 -245355 0 2 -245355 1
gene 2 3 13 6252 0 3 6252 1
gene 4 4 13 -558651 0 4 -558651 0
gene 3 5 13 491268 0 5 491268 1
gene 1 6 13 -405083 0 6 -405083 1
gene 3 7 13 -74271 0 7 -74271 1
gene 1 8 13 -83785 0 8 -83785 0
gene 4 9 13 -33477 0 9 -33477 1
gene 2 10 13 337030 0 10 337030 1
gene 3 11 13 622922 0 11 622922 1
gene 4 12 13 246189 0 12 246189 1
gene 1 1 14 -293619 0 13 -293619 1
gene 1 2 14 50016 0 14 50016 1
gene 2 3 14 105930 0 15 105930 1
gene 2 4 14 -204681 0 16 -204681 1
gene 1 5 14 211227 0 17 211227 1
gene 2 6 14 244755 0 18 244755 0
gene 3 7 14 -249384 0 19 -249384 0
gene 3 8 14 78318 0 20 78318 1
gene 3 9 14 -147720 0 21 -147720 0
gene 2 10 14 -308424 0 22 -308424 1
gene 3 11 14 633626 0 23 633626 0
gene 2 12 14 -604806 0 24 -604806 1
gene 2 1 15 -105657 0 25 -105657 1
gene 3 2 15 -346116 0 26 -346116 1
gene 4 3 15 37908 0 27 37908 0
gene 1 4 15 -97212 0 28 -97212 0
gene 4 5 15 501090 0 29 501090 1
gene 2 6 15 -139821 0 30 -139821 1
gene 4 7 15 225036 0 31 225036 0
gene 2 8 15 189453 0 32 189453 0
gene 2 9 15 451236 0 33 451236 0
gene 2 10 15 294480 0 34 294480 1
gene 3 11 15 21438 0 35 21438 1
gene 2 12 15 -241728 0 36 -241728 0
gene 4 4 24 91 0 62 91 1
gene 3 24 13 194385 0 63 194385 1
gene 1 24 24 362108 1 127 362108 0
gene 3 15 13 789147 0 293 789147 1
gene 2 7 24 -30534 0 408 -30534 0
gene 3 7 188 -144435 0 526 -144435 1
gene 3 188 14 -282078 0 527 -282078 1
gene 2 9 222 332922 0 645 332922 0
gene 2 222 15 360234 0 646 360234 1
gene 3 3 272 -680022 0 798 -680022 1
gene 3 272 15 -800000 0 799 -800000 0
gene 2 3 24 -278487 0 850 -278487 1
gene 1 24 301 152751 1 893 152751 0
gene 1 301 24 -246594 0 894 -246594 0
gene 1 188 188 -56880 1 934 -56880 1
gene 3 4 188 -800000 0 1080 -800000 1
gene 2 6 380 -281676 0 1115 -281676 1
gene 2 380 14 238833 0 1116 238833 1
gene 1 4 393 25947 0 1157 25947 1
gene 1 393 15 -277410 0 1158 -277410 1
gene 1 15 380 195408 0 1196 195408 1
gene 2 12 188 297816 0 1302 297816 0
gene 2 9 453 -61227 0 1346 -61227 1
gene 2 453 222 279744 0 1347 279744 1
gene 1 24 469 -616419 1 1394 -616419 0
gene 1 469 301 142104 0 1395 142104 0
gene 3 222 24 129336 0 1576 129336 1
gene 4 3 188 -131907 0 1616 -131907 1
gene 3 272 557 -25416 0 1666 -25416 1
gene 1 557 15 17871 0 1667 17871 0
gene 1 6 272 -800000 0 1830 -800000 0
gene 4 12 380 -245979 0 1879 -245979 0
gene 1 469 729 484248 0 2197 484248 1
gene 1 729 301 -91359 0 2198 -91359 1
gene 2 14 301 -94188 0 2244 -94188 1
gene 1 188 380 -363168 0 2284 -363168 0
gene 3 8 875 271893 0 2630 271893 0
gene 1 875 13 800000 0 2631 800000 1
gene 4 12 927 -239703 0 2791 -239703 1
gene 4 927 380 -501477 0 2792 -501477 1
gene 2 393 380 -125328 0 3014 -125328 1
gene 2 7 1021 317304 0 3066 317304 1
gene 2 1021 24 266349 0 3067 266349 1
gene 1 8 1084 713207 0 3243 713207 0
gene 1 1084 875 636140 0 3244 636140 0
gene 4 188 927 267684 0 3297 267684 1
gene 1 1084 1116 -101691 0 3335 -101691 1
gene 1 1116 875 424118 0 3336 424118 0
gene 1 222 469 -113424 0 3394 -113424 1
gene 1 8 1234 -31065 0 3693 -31065 1
gene 1 1234 1084 286215 0 3694 286215 1
gene 1 301 1295 144762 0 3863 144762 1
gene 1 1295 24 -462414 0 3864 -462414 1
gene 1 2 393 132570 0 3943 132570 1
gene 4 1084 1084 143355 1 4053 143355 1
gene 3 1295 1084 335568 0 4076 335568 1
gene 1 1116 1374 -327204 0 4119 -327204 1
gene 1 1374 875 -384726 0 4120 -384726 1
gene 2 272 1084 -333786 0 4218 -333786 1
gene 2 12 1496 -273101 0 4474 -273101 1
gene 2 1496 15 -92511 0 4475 -92511 1
gene 1 557 1522 202341 0 4546 202341 1
gene 1 1522 15 100056 0 4547 100056 1
gene 3 1116 1021 -687315 0 4657 -687315 1
gene 3 9 380 99702 0 4725 99702 1
gene 2 12 1622 800000 0 4831 800000 1
gene 2 1622 188 -74196 0 4832 -74196 1
gene 4 453 453 -160119 1 4965 -160119 0
gene 2 8 1712 -211383 0 5099 -211383 1
gene 2 1712 15 -234093 0 5100 -234093 0
gene 1 6 1847 -43992 0 5495 -43992 1
gene 1 1847 272 -192675 0 5496 -192675 1
gene 3 9 1890 -74109 0 5636 -74109 0
gene 3 1890 14 -253863 0 5637 -253863 1
gene 4 1116 13 -301236 0 5838 -301236 1
gene 1 9 1712 135195 0 5937 135195 1
gene 1 24 2011 401589 1 5985 401589 1
gene 1 2011 469 243072 0 5986 243072 1
gene 2 1712 2035 49929 0 6047 49929 0
gene 2 2035 15 216471 0 6048 216471 0
gene 3 927 1084 676131 0 6090 676131 1
gene 4 1847 453 -156738 0 6145 -156738 1
gene 2 1712 2119 -86496 0 6302 -86496 1
gene 2 2119 2035 -301995 0 6303 -301995 1
gene 3 9 2161 160809 0 6421 160809 1
gene 3 2161 1890 -187494 0 6422 -187494 1
gene 4 453 2179 627744 1 6471 627744 1
gene 4 2179 453 187407 0 6472 187407 1
gene 4 7 2221 -656778 0 6590 -656778 1
gene 4 2221 15 -232311 0 6591 -232311 1
gene 2 1295 1021 440691 0 6920 440691 1
gene 4 2011 393 486036 0 7009 486036 1
gene 3 1295 557 -11427 1 7060 -11427 1
gene 3 11 2397 313938 0 7109 313938 1
gene 3 2397 14 -91092 0 7110 -91092 1
gene 3 469 272 6021 0 7207 6021 1
gene 3 1496 2179 226887 0 7354 226887 0
gene 3 3 1622 -233187 0 7392 -233187 1
gene 1 1374 557 -32157 1 7439 -32157 1
gene 2 8 1890 -62538 0 7582 -62538 1
gene 3 1496 2586 568292 0 7669 568292 1
gene 3 2586 2179 -486723 0 7670 -486723 1
gene 1 12 875 -137500 0 7725 -137500 0
gene 1 188 2625 -9303 0 7779 -9303 1
gene 1 2625 380 -409395 0 7780 -409395 1
gene 2 2035 2644 26217 0 7834 26217 1
gene 2 2644 15 199413 0 7835 199413 1
gene 1 12 2769 99598 0 8201 99598 1
gene 1 2769 875 -48097 0 8202 -48097 1
gene 3 1 301 -98098 0 8298 -98098 1
gene 2 469 13 -42029 0 8335 -42029 1
genomeend 32


/* Organism #42 Fitness: 280.000000 Time: 0 */
/* Position #42*/
#1 x: 38 y: 22
#2 x: 41 y: 26
#3 x: 54 y: 30
#4 x: 52 y: 60
#5 x: 38 y: 62
#6 x: 67 y: 69
genomestart 42
trait 1 100000.000000 0.000000 0.000000 0.000000 0.000000 0.000000 0.000000 0.000000 trait 2 52534.000000 91990.000000 0.000000 100000.000000 0.000000 0.000000 0.000000 0.000000 trait 3 21555.000000 0.000000 74217.000000 0.000000 72769.000000 0.000000 0.000000 0.000000 trait 4 4.000000 0.000000 0.000000 0.000000 0.000000 0.000000 0.000000 0.000000 node 1 1 1 3
node 2 2 1 1
node 3 4 1 1
node 4 4 1 1
node 5 1 1 1
node 6 4 1 1
node 7 3 1 1
node 8 3 1 1
node 9 3 1 1
node 10 4 1 1
node 11 4 1 1
node 12 1 1 1
node 13 1 0 2
node 14 2 0 2
node 15 4 0 2
node 24 1 0 0
node 188 3 0 0
node 222 1 0 0
node 272 1 0 0
node 301 1 0 0
node 380 2 0 0
node 393 1 0 0
node 453 4 0 0
node 469 1 0 0
node 557 1 0 0
node 729 1 0 0
node 875 1 0 0
node 927 1 0 0
node 1021 1 0 0
node 1084 1 0 0
node 1116 1 0 0
node 1234 1 0 0
node 1295 1 0 0
node 1374 1 0 0
node 1496 1 0 0
node 1522 1 0 0
node 1622 1 0 0
node 1712 1 0 0
node 1847 1 0 0
node 1890 1 0 0
node 2011 1 0 0
node 2035 1 0 0
node 2119 3 0 0
node 2161 1 0 0
node 2179 3 0 0
node 2221 1 0 0
node 2347 1 0 0
node 2379 1 0 0
node 2484 1 0 0
node 2498 4 0 0
node 2585 1 0 0
node 2680 1 0 0
node 2739 1 0 0
node 2811 1 0 0
gene 1 1 13 -731553 0 1 -731553 1
gene 2 2 13 -194922 0 2 -194922 1
gene 2 3 13 351375 0 3 351375 1
gene 4 4 13 365931 0 4 365931 0
gene 3 5 13 -462630 0 5 -462630 1
gene 1 6 13 51564 0 6 51564 0
gene 3 7 13 538515 0 7 538515 1
gene 1 8 13 20562 0 8 20562 0
gene 4 9 13 -684003 0 9 -684003 1
gene 2 10 13 115932 0 10 115932 1
gene 3 11 13 -373800 0 11 -373800 1
gene 4 12 13 -375873 0 12 -375873 1
gene 1 1 14 233007 0 13 233007 1
gene 1 2 14 285510 0 14 285510 1
gene 2 3 14 470193 0 15 470193 1
gene 2 4 14 -613596 0 16 -613596 0
gene 1 5 14 -161718 0 17 -161718 0
gene 2 6 14 189198 0 18 189198 0
gene 3 7 14 15525 0 19 15525 0
gene 3 8 14 -691536 0 20 -691536 1
gene 3 9 14 126108 0 21 126108 0
gene 2 10 14 410043 0 22 410043 1
gene 3 11 14 66471 0 23 66471 1
gene 2 12 14 -251607 0 24 -251607 1
gene 2 1 15 220935 0 25 220935 1
gene 3 2 15 -215880 0 26 -215880 1
gene 4 3 15 573897 0 27 573897 0
gene 1 4 15 18693 0 28 18693 0
gene 4 5 15 -141750 0 29 -141750 1
gene 2 6 15 -322047 0 30 -322047 0
gene 4 7 15 16998 0 31 16998 0
gene 2 8 15 33642 0 32 33642 0
gene 2 9 15 -666041 0 33 -666041 0
gene 2 10 15 131391 0 34 131391 1
gene 3 11 15 37752 0 35 37752 1
gene 2 12 15 -721769 0 36 -721769 0
gene 4 4 24 40626 0 62 40626 1
gene 4 24 13 -437532 0 63 -437532 1
gene 1 24 24 55461 1 127 55461 0
gene 3 15 13 86883 0 293 86883 1
gene 2 7 24 224385 0 408 224385 0
gene 3 7 188 -632663 0 526 -632663 1
gene 3 188 14 26124 0 527 26124 1
gene 2 9 222 -193947 0 645 -193947 0
gene 2 222 15 550179 0 646 550179 1
gene 3 3 272 -190779 0 798 -190779 1
gene 3 272 15 800000 0 799 800000 0
gene 2 3 24 -23448 0 850 -23448 1
gene 1 24 301 122037 1 893 122037 0
gene 1 301 24 -136791 0 894 -136791 0
gene 1 188 188 800000 1 934 800000 1
gene 3 4 188 -164961 0 1080 -164961 1
gene 2 6 380 -434718 0 1115 -434718 1
gene 2 380 14 -16038 0 1116 -16038 1
gene 1 4 393 9816 0 1157 9816 1
gene 1 393 15 93444 0 1158 93444 1
gene 1 15 380 362061 0 1196 362061 1
gene 2 12 188 -692061 0 1302 -692061 0
gene 2 9 453 13107 0 1346 13107 1
gene 2 453 222 -178464 0 1347 -178464 1
gene 1 24 469 117960 1 1394 117960 0
gene 1 469 301 -488744 0 1395 -488744 0
gene 3 222 24 264801 0 1576 264801 1
gene 4 3 188 -278117 0 1616 -278117 1
gene 3 272 557 454477 0 1666 454477 1
gene 1 557 15 475139 0 1667 475139 0
gene 1 6 272 -24483 0 1830 -24483 0
gene 4 12 380 -410175 0 1879 -410175 0
gene 1 469 729 -8055 0 2197 -8055 0
gene 1 729 301 273315 0 2198 273315 1
gene 2 14 301 324012 0 2244 324012 1
gene 1 188 380 213390 0 2284 213390 1
gene 3 8 875 422388 0 2630 422388 0
gene 1 875 13 -492237 0 2631 -492237 1
gene 4 12 927 -236247 0 2791 -236247 1
gene 4 927 380 -226215 0 2792 -226215 1
gene 2 393 380 800000 0 3014 800000 0
gene 2 7 1021 800000 0 3066 800000 1
gene 2 1021 24 196368 0 3067 196368 1
gene 1 8 1084 -52383 0 3243 -52383 0
gene 1 1084 875 -264267 0 3244 -264267 0
gene 4 188 927 -294387 0 3297 -294387 1
gene 1 1084 1116 -83985 0 3335 -83985 1
gene 1 1116 875 -800000 0 3336 -800000 0
gene 1 222 469 -800000 0 3394 -800000 1
gene 1 8 1234 -600285 0 3693 -600285 1
gene 1 1234 1084 695949 0 3694 695949 1
gene 1 301 1295 648960 0 3863 648960 1
gene 1 1295 24 104088 0 3864 104088 1
gene 1 2 393 -389409 0 3943 -389409 1
gene 4 1084 1084 -19719 1 4053 -19719 1
gene 3 1295 1084 624132 0 4076 624132 0
gene 1 1116 1374 471354 0 4119 471354 1
gene 1 1374 875 -290853 0 4120 -290853 1
gene 2 272 1084 -765909 0 4218 -765909 1
gene 2 12 1496 373941 0 4474 373941 1
gene 2 1496 15 -433581 0 4475 -433581 1
gene 1 557 1522 -98421 0 4546 -98421 0
gene 1 1522 15 297198 0 4547 297198 1
gene 3 1116 1021 -61125 0 4657 -61125 1
gene 3 9 380 -672324 0 4725 -672324 1
gene 2 12 1622 52191 0 4831 52191 1
gene 2 1622 188 715950 0 4832 715950 1
gene 4 453 453 517427 1 4965 517427 0
gene 2 8 1712 -559515 0 5099 -559515 1
gene 2 1712 15 455336 0 5100 455336 0
gene 1 6 1847 128616 0 5495 128616 1
gene 1 1847 272 346331 0 5496 346331 1
gene 3 9 1890 -49461 0 5636 -49461 0
gene 3 1890 14 275145 0 5637 275145 1
gene 4 1116 13 -308028 0 5838 -308028 1
gene 1 9 1712 -256092 0 5937 -256092 1
gene 1 24 2011 -504954 1 5985 -504954 1
gene 1 2011 469 -183282 0 5986 -183282 1
gene 2 1712 2035 617301 0 6047 617301 0
gene 2 2035 15 503118 0 6048 503118 1
gene 3 927 1084 779532 0 6090 779532 1
gene 4 1847 453 -197733 0 6145 -197733 1
gene 2 1712 2119 -175617 0 6302 -175617 1
gene 2 2119 2035 43170 0 6303 43170 1
gene 3 9 2161 245433 0 6421 245433 1
gene 3 2161 1890 441888 0 6422 441888 1
gene 4 453 2179 -158979 1 6471 -158979 1
gene 4 2179 453 -104049 0 6472 -104049 1
gene 4 7 2221 -800000 0 6590 -800000 1
gene 4 2221 15 -235848 0 6591 -235848 1
gene 2 393 2347 -384852 0 6963 -384852 1
gene 2 2347 380 37224 0 6964 37224 1
gene 2 729 188 -95610 0 7008 -95610 1
gene 2 6 2379 254013 0 7058 254013 1
gene 2 2379 15 800000 0 7059 800000 1
gene 3 557 1116 -501495 0 7304 -501495 1
gene 1 6 2484 80370 0 7350 80370 1
gene 1 2484 13 81813 0 7351 81813 1
gene 1 5 2498 -86088 0 7390 -86088 1
gene 1 2498 14 -67944 0 7391 -67944 1
gene 1 1 1496 -62184 0 7580 -62184 1
gene 3 1295 2585 -9780 0 7667 -9780 1
gene 3 2585 1084 247844 0 7668 247844 1
gene 1 469 2680 -548505 0 7932 -548505 1
gene 1 2680 729 -298794 0 7933 -298794 1
gene 1 557 2739 -41456 0 8112 -41456 1
gene 1 2739 1522 348111 0 8113 348111 1
gene 1 1890 2739 -15938 0 8163 -15938 1
gene 2 4 2811 1 0 8342 0 1
gene 2 2811 14 -613596 0 8343 0 1
genomeend 42


/* Organism #44 Fitness: 340.000000 Time: 0 */
/* Position #44*/
#1 x: 38 y: 22
#2 x: 69 y: 34
#3 x: 69 y: 32
#4 x: 59 y: 68
#5 x: 39 y: 64
#6 x: 59 y: 75
genomestart 44
trait 1 100000.000000 0.000000 0.000000 0.000000 0.000000 0.000000 0.000000 0.000000 trait 2 52534.000000 91990.000000 0.000000 100000.000000 0.000000 0.000000 0.000000 0.000000 trait 3 21555.000000 0.000000 74217.000000 0.000000 72769.000000 0.000000 0.000000 0.000000 trait 4 4.000000 0.000000 0.000000 0.000000 0.000000 0.000000 0.000000 0.000000 node 1 1 1 3
node 2 2 1 1
node 3 4 1 1
node 4 4 1 1
node 5 1 1 1
node 6 4 1 1
node 7 3 1 1
node 8 3 1 1
node 9 3 1 1
node 10 4 1 1
node 11 4 1 1
node 12 1 1 1
node 13 1 0 2
node 14 2 0 2
node 15 4 0 2
node 24 1 0 0
node 188 3 0 0
node 222 1 0 0
node 272 1 0 0
node 301 1 0 0
node 380 1 0 0
node 393 1 0 0
node 453 4 0 0
node 469 1 0 0
node 557 1 0 0
node 729 1 0 0
node 875 1 0 0
node 927 1 0 0
node 1021 1 0 0
node 1084 1 0 0
node 1116 1 0 0
node 1234 1 0 0
node 1295 1 0 0
node 1374 1 0 0
node 1496 1 0 0
node 1522 1 0 0
node 1622 1 0 0
node 1712 1 0 0
node 1847 1 0 0
node 1890 1 0 0
node 2011 1 0 0
node 2035 1 0 0
node 2119 1 0 0
node 2161 1 0 0
node 2179 1 0 0
node 2221 1 0 0
node 2397 1 0 0
node 2505 1 0 0
node 2547 1 0 0
node 2578 1 0 0
node 2813 1 0 0
gene 1 1 13 -473826 0 1 -473826 1
gene 2 2 13 98178 0 2 98178 1
gene 2 3 13 460194 0 3 460194 1
gene 4 4 13 256926 0 4 256926 0
gene 3 5 13 -162099 0 5 -162099 1
gene 1 6 13 -695414 0 6 -695414 1
gene 3 7 13 -149721 0 7 -149721 1
gene 1 8 13 -108768 0 8 -108768 0
gene 4 9 13 -492927 0 9 -492927 1
gene 2 10 13 93484 0 10 93484 1
gene 3 11 13 282249 0 11 282249 1
gene 4 12 13 520896 0 12 520896 1
gene 1 1 14 -87087 0 13 -87087 1
gene 1 2 14 498955 0 14 498955 1
gene 1 3 14 -131064 0 15 -131064 1
gene 2 4 14 -759045 0 16 -759045 1
gene 1 5 14 194523 0 17 194523 1
gene 2 6 14 95181 0 18 95181 0
gene 3 7 14 448800 0 19 448800 0
gene 3 8 14 150864 0 20 150864 1
gene 3 9 14 661488 0 21 661488 0
gene 2 10 14 -203841 0 22 -203841 1
gene 3 11 14 101583 0 23 101583 0
gene 2 12 14 -349226 0 24 -349226 1
gene 2 1 15 -66234 0 25 -66234 1
gene 3 2 15 -61404 0 26 -61404 1
gene 4 3 15 -161229 0 27 -161229 0
gene 1 4 15 171564 0 28 171564 0
gene 4 5 15 595947 0 29 595947 1
gene 2 6 15 67959 0 30 67959 1
gene 4 7 15 -130953 0 31 -130953 0
gene 2 8 15 -24951 0 32 -24951 0
gene 2 9 15 800000 0 33 800000 0
gene 2 10 15 -800000 0 34 -800000 1
gene 3 11 15 -51597 0 35 -51597 1
gene 2 12 15 -222780 0 36 -222780 0
gene 4 4 24 99282 0 62 99282 1
gene 3 24 13 -398688 0 63 -398688 1
gene 1 24 24 -238497 1 127 -238497 0
gene 3 15 13 -74037 0 293 -74037 1
gene 2 7 24 -693159 0 408 -693159 0
gene 3 7 188 -642671 0 526 -642671 1
gene 3 188 14 -379806 0 527 -379806 1
gene 2 9 222 358188 0 645 358188 0
gene 2 222 15 -585309 0 646 -585309 1
gene 3 3 272 -609455 0 798 -609455 1
gene 3 272 15 -487101 0 799 -487101 0
gene 2 3 24 594782 0 850 594782 1
gene 1 24 301 634085 1 893 634085 0
gene 1 301 24 121293 0 894 121293 0
gene 1 188 188 -629877 1 934 -629877 1
gene 3 4 188 -111708 0 1080 -111708 1
gene 2 6 380 -487401 0 1115 -487401 1
gene 2 380 14 -519384 0 1116 -519384 1
gene 1 4 393 -692693 0 1157 -692693 1
gene 1 393 15 -313497 0 1158 -313497 1
gene 1 15 380 176664 0 1196 176664 1
gene 2 12 188 28341 0 1302 28341 0
gene 2 9 453 -157509 0 1346 -157509 1
gene 2 453 222 517985 0 1347 517985 1
gene 1 24 469 172581 1 1394 172581 0
gene 1 469 301 -640703 0 1395 -640703 0
gene 3 222 24 154233 0 1576 154233 1
gene 4 3 188 -408462 0 1616 -408462 1
gene 3 272 557 753936 0 1666 753936 1
gene 1 557 15 -324783 0 1667 -324783 0
gene 1 6 272 -579266 0 1830 -579266 0
gene 4 12 380 -659739 0 1879 -659739 0
gene 1 469 729 -108036 0 2197 -108036 1
gene 1 729 301 -800000 0 2198 -800000 1
gene 2 14 301 496206 0 2244 496206 0
gene 1 188 380 -51585 0 2284 -51585 1
gene 3 8 875 172872 0 2630 172872 0
gene 1 875 13 278310 0 2631 278310 1
gene 4 12 927 -339735 0 2791 -339735 1
gene 4 927 380 -73617 0 2792 -73617 1
gene 2 393 380 -291606 0 3014 -291606 1
gene 2 7 1021 282198 0 3066 282198 1
gene 2 1021 24 -248811 0 3067 -248811 1
gene 1 8 1084 391124 0 3243 391124 0
gene 1 1084 875 631355 0 3244 631355 0
gene 4 188 927 716526 0 3297 716526 1
gene 1 1084 1116 368298 0 3335 368298 1
gene 1 1116 875 273594 0 3336 273594 0
gene 1 222 469 -658389 0 3394 -658389 1
gene 1 8 1234 -156321 0 3693 -156321 0
gene 1 1234 1084 -263289 0 3694 -263289 1
gene 1 301 1295 -80886 0 3863 -80886 1
gene 1 1295 24 611559 0 3864 611559 1
gene 1 2 393 -648068 0 3943 -648068 1
gene 4 1084 1084 469551 1 4053 469551 1
gene 3 1295 1084 -332001 0 4076 -332001 1
gene 1 1116 1374 800000 0 4119 800000 1
gene 1 1374 875 -709725 0 4120 -709725 1
gene 4 272 1084 -45681 0 4218 -45681 1
gene 2 12 1496 1953 0 4474 1953 1
gene 2 1496 15 170232 0 4475 170232 1
gene 1 557 1522 43302 0 4546 43302 1
gene 1 1522 15 -148515 0 4547 -148515 1
gene 3 1116 1021 113259 0 4657 113259 1
gene 3 9 380 799131 0 4725 799131 1
gene 2 12 1622 -18516 0 4831 -18516 1
gene 2 1622 188 436725 0 4832 436725 1
gene 4 453 453 -504852 1 4965 -504852 0
gene 2 8 1712 -436839 0 5099 -436839 1
gene 2 1712 15 -800000 0 5100 -800000 0
gene 1 6 1847 -533988 0 5495 -533988 1
gene 1 1847 272 -176619 0 5496 -176619 1
gene 3 9 1890 -205359 0 5636 -205359 0
gene 3 1890 14 276345 0 5637 276345 1
gene 4 1116 13 -46656 0 5838 -46656 1
gene 1 9 1712 32184 0 5937 32184 1
gene 1 24 2011 76287 1 5985 76287 1
gene 1 2011 469 321030 0 5986 321030 1
gene 2 1712 2035 -43128 0 6047 -43128 0
gene 2 2035 15 800000 0 6048 800000 1
gene 3 927 1084 236973 0 6090 236973 0
gene 4 1847 453 218187 0 6145 218187 1
gene 2 1712 2119 -124695 0 6302 -124695 1
gene 2 2119 2035 266400 0 6303 266400 1
gene 3 9 2161 298926 0 6421 298926 1
gene 3 2161 1890 -638649 0 6422 -638649 1
gene 4 453 2179 54318 1 6471 54318 1
gene 4 2179 453 152607 0 6472 152607 1
gene 4 7 2221 227529 0 6590 227529 0
gene 4 2221 15 -87762 0 6591 -87762 1
gene 2 1295 1021 -201486 0 6920 -201486 1
gene 4 2011 393 -511325 0 7009 -511325 1
gene 3 1295 557 224754 1 7060 224754 1
gene 3 11 2397 633201 0 7109 633201 1
gene 3 2397 14 445914 0 7110 445914 1
gene 3 469 272 -225144 0 7207 -225144 1
gene 2 14 2505 166161 0 7409 166161 1
gene 2 2505 301 -800000 0 7410 -800000 1
gene 4 7 2547 -445419 0 7531 -445419 1
gene 4 2547 2221 -225399 0 7532 -225399 1
gene 3 927 2578 116892 0 7639 116892 1
gene 3 2578 1084 -128613 0 7640 -128613 1
gene 2 4 1522 -228017 0 8121 -228017 1
gene 3 1522 393 -38652 0 8167 -38652 1
gene 1 729 393 202589 0 8212 202589 1
gene 1 8 2813 1 0 8346 0 1
gene 1 2813 1234 -156321 0 8347 0 1
genomeend 44


/* Organism #48 Fitness: 500.000000 Time: 0 */
/* Position #48*/
#1 x: 33 y: 37
#2 x: 83 y: 26
#3 x: 79 y: 15
#4 x: 32 y: 63
#5 x: 59 y: 79
#6 x: 30 y: 84
genomestart 48
trait 1 100000.000000 0.000000 0.000000 0.000000 0.000000 0.000000 0.000000 0.000000 trait 2 52534.000000 91990.000000 0.000000 100000.000000 0.000000 0.000000 0.000000 0.000000 trait 3 21555.000000 0.000000 74217.000000 0.000000 72769.000000 0.000000 0.000000 0.000000 trait 4 4.000000 0.000000 0.000000 0.000000 0.000000 0.000000 0.000000 0.000000 node 1 1 1 3
node 2 2 1 1
node 3 4 1 1
node 4 4 1 1
node 5 1 1 1
node 6 4 1 1
node 7 3 1 1
node 8 3 1 1
node 9 3 1 1
node 10 4 1 1
node 11 4 1 1
node 12 1 1 1
node 13 1 0 2
node 14 2 0 2
node 15 4 0 2
node 24 1 0 0
node 188 3 0 0
node 222 1 0 0
node 272 1 0 0
node 301 1 0 0
node 380 1 0 0
node 393 1 0 0
node 453 4 0 0
node 469 1 0 0
node 557 1 0 0
node 729 1 0 0
node 875 1 0 0
node 927 1 0 0
node 1021 1 0 0
node 1084 1 0 0
node 1116 1 0 0
node 1234 1 0 0
node 1295 1 0 0
node 1374 1 0 0
node 1496 3 0 0
node 1522 1 0 0
node 1622 1 0 0
node 1712 1 0 0
node 1847 1 0 0
node 1890 1 0 0
node 2011 1 0 0
node 2035 1 0 0
node 2119 1 0 0
node 2161 1 0 0
node 2179 1 0 0
node 2221 1 0 0
node 2376 1 0 0
node 2427 1 0 0
node 2463 1 0 0
node 2579 1 0 0
node 2776 1 0 0
gene 1 1 13 -665691 0 1 -665691 1
gene 2 2 13 -466808 0 2 -466808 1
gene 2 3 13 -371871 0 3 -371871 1
gene 4 4 13 -740108 0 4 -740108 0
gene 3 5 13 -495453 0 5 -495453 1
gene 1 6 13 136425 0 6 136425 1
gene 3 7 13 -245592 0 7 -245592 1
gene 1 8 13 -22944 0 8 -22944 0
gene 4 9 13 54096 0 9 54096 1
gene 2 10 13 -682625 0 10 -682625 1
gene 3 11 13 -197331 0 11 -197331 1
gene 4 12 13 134171 0 12 134171 1
gene 1 1 14 -693953 0 13 -693953 1
gene 1 2 14 12243 0 14 12243 1
gene 2 3 14 163785 0 15 163785 1
gene 2 4 14 -281763 0 16 -281763 1
gene 1 5 14 -96393 0 17 -96393 1
gene 2 6 14 -405141 0 18 -405141 0
gene 3 7 14 -800000 0 19 -800000 0
gene 3 8 14 -195204 0 20 -195204 1
gene 3 9 14 484008 0 21 484008 0
gene 2 10 14 -232302 0 22 -232302 1
gene 3 11 14 -773843 0 23 -773843 1
gene 2 12 14 468771 0 24 468771 1
gene 2 1 15 686019 0 25 686019 1
gene 3 2 15 -18045 0 26 -18045 1
gene 4 3 15 77580 0 27 77580 0
gene 1 4 15 -800000 0 28 -800000 0
gene 4 5 15 736100 0 29 736100 1
gene 3 6 15 -274809 0 30 -274809 1
gene 4 7 15 610434 0 31 610434 0
gene 2 8 15 -519585 0 32 -519585 0
gene 2 9 15 178137 0 33 178137 0
gene 2 10 15 -478689 0 34 -478689 1
gene 3 11 15 37218 0 35 37218 1
gene 2 12 15 478479 0 36 478479 0
gene 4 4 24 539262 0 62 539262 1
gene 4 24 13 4998 0 63 4998 1
gene 1 24 24 -370212 1 127 -370212 0
gene 3 15 13 262149 0 293 262149 1
gene 2 7 24 -56904 0 408 -56904 0
gene 3 7 188 -642713 0 526 -642713 1
gene 3 188 14 -410382 0 527 -410382 1
gene 2 9 222 -66672 0 645 -66672 0
gene 2 222 15 -249600 0 646 -249600 1
gene 3 3 272 283419 0 798 283419 1
gene 3 272 15 -112218 0 799 -112218 0
gene 2 3 24 676779 0 850 676779 1
gene 1 24 301 -573101 1 893 -573101 0
gene 1 301 24 234285 0 894 234285 0
gene 1 188 188 -272769 1 934 -272769 1
gene 3 4 188 -798144 0 1080 -798144 1
gene 2 6 380 543594 0 1115 543594 1
gene 2 380 14 -686817 0 1116 -686817 1
gene 1 4 393 202875 0 1157 202875 1
gene 1 393 15 -17715 0 1158 -17715 1
gene 1 15 380 -768254 0 1196 -768254 1
gene 2 12 188 -150540 0 1302 -150540 0
gene 2 9 453 36492 0 1346 36492 1
gene 2 453 222 624071 0 1347 624071 1
gene 1 24 469 245247 1 1394 245247 0
gene 1 469 301 -20100 0 1395 -20100 0
gene 3 222 24 4212 0 1576 4212 1
gene 4 3 188 80742 0 1616 80742 1
gene 3 272 557 -800000 0 1666 -800000 1
gene 1 557 15 -270179 0 1667 -270179 0
gene 1 6 272 353181 0 1830 353181 0
gene 4 12 380 -628160 0 1879 -628160 0
gene 1 469 729 509630 0 2197 509630 1
gene 1 729 301 800000 0 2198 800000 1
gene 2 14 301 412779 0 2244 412779 1
gene 1 188 380 -800000 0 2284 -800000 1
gene 3 8 875 -800000 0 2630 -800000 0
gene 1 875 13 -488171 0 2631 -488171 1
gene 4 12 927 -26781 0 2791 -26781 1
gene 4 927 380 -683001 0 2792 -683001 1
gene 2 393 380 -373278 0 3014 -373278 1
gene 2 7 1021 800000 0 3066 800000 1
gene 2 1021 24 -800000 0 3067 -800000 1
gene 1 8 1084 273522 0 3243 273522 0
gene 1 1084 875 669947 0 3244 669947 0
gene 4 188 927 284184 0 3297 284184 0
gene 1 1084 1116 -439251 0 3335 -439251 1
gene 1 1116 875 -210819 0 3336 -210819 0
gene 1 222 469 -386250 0 3394 -386250 1
gene 1 8 1234 -800000 0 3693 -800000 1
gene 1 1234 1084 -800000 0 3694 -800000 1
gene 1 301 1295 568614 0 3863 568614 0
gene 4 1295 24 -309963 0 3864 -309963 1
gene 1 2 393 -180190 0 3943 -180190 1
gene 4 1084 1084 160671 1 4053 160671 1
gene 3 1295 1084 61380 0 4076 61380 1
gene 1 1116 1374 96860 0 4119 96860 1
gene 1 1374 875 581283 0 4120 581283 0
gene 2 272 1084 -15687 0 4218 -15687 1
gene 2 12 1496 -335316 0 4474 -335316 1
gene 2 1496 15 466970 0 4475 466970 1
gene 1 557 1522 348567 0 4546 348567 1
gene 1 1522 15 -124479 0 4547 -124479 1
gene 3 1116 1021 440462 0 4657 440462 1
gene 3 9 380 -619280 0 4725 -619280 1
gene 2 12 1622 -642105 0 4831 -642105 0
gene 2 1622 188 570474 0 4832 570474 1
gene 4 453 453 619428 1 4965 619428 0
gene 2 8 1712 -800000 0 5099 -800000 1
gene 2 1712 15 -188469 0 5100 -188469 0
gene 1 6 1847 -19731 0 5495 -19731 1
gene 1 1847 272 666249 0 5496 666249 1
gene 3 9 1890 523820 0 5636 523820 0
gene 3 1890 14 154305 0 5637 154305 1
gene 4 1116 13 286356 0 5838 286356 1
gene 1 9 1712 131697 0 5937 131697 1
gene 1 24 2011 259125 1 5985 259125 0
gene 1 2011 469 -122910 0 5986 -122910 1
gene 2 1712 2035 -283530 0 6047 -283530 0
gene 2 2035 15 -190626 0 6048 -190626 1
gene 3 927 1084 -161250 0 6090 -161250 1
gene 4 1847 453 185766 0 6145 185766 1
gene 2 1712 2119 -251469 0 6302 -251469 1
gene 2 2119 2035 -339318 0 6303 -339318 1
gene 3 9 2161 -385794 0 6421 -385794 1
gene 3 2161 1890 -65778 0 6422 -65778 1
gene 4 453 2179 183465 1 6471 183465 1
gene 4 2179 453 -310311 0 6472 -310311 1
gene 4 7 2221 150027 0 6590 150027 1
gene 4 2221 15 -195102 0 6591 -195102 1
gene 4 188 2376 193722 0 7051 193722 1
gene 4 2376 927 198393 0 7052 198393 1
gene 2 12 2427 345378 0 7189 345378 1
gene 2 2427 1622 -477852 0 7190 -477852 1
gene 1 301 2463 59379 0 7287 59379 1
gene 1 2463 1295 -274581 0 7288 -274581 1
gene 4 2376 1295 -154818 0 7338 -154818 1
gene 1 24 2579 -196113 1 7643 -196113 1
gene 1 2579 2011 -158097 0 7644 -158097 1
gene 2 1712 2427 110069 0 7894 110069 1
gene 1 2579 2579 251706 1 7942 251706 1
gene 2 927 2179 -69355 0 8185 -69355 1
gene 1 1374 2776 -233981 0 8226 -233981 1
gene 1 2776 875 291030 0 8227 291030 1
genomeend 48


/* Organism #50 Fitness: 400.000000 Time: 0 */
/* Position #50*/
#1 x: 41 y: 27
#2 x: 71 y: 31
#3 x: 79 y: 39
#4 x: 82 y: 80
#5 x: 66 y: 85
#6 x: 74 y: 74
genomestart 50
trait 1 100000.000000 0.000000 0.000000 0.000000 0.000000 0.000000 0.000000 0.000000 trait 2 52534.000000 91990.000000 0.000000 100000.000000 0.000000 0.000000 0.000000 0.000000 trait 3 21555.000000 0.000000 74217.000000 0.000000 72769.000000 0.000000 0.000000 0.000000 trait 4 4.000000 0.000000 0.000000 0.000000 0.000000 0.000000 0.000000 0.000000 node 1 1 1 3
node 2 2 1 1
node 3 4 1 1
node 4 4 1 1
node 5 1 1 1
node 6 4 1 1
node 7 3 1 1
node 8 3 1 1
node 9 3 1 1
node 10 4 1 1
node 11 4 1 1
node 12 1 1 1
node 13 1 0 2
node 14 2 0 2
node 15 4 0 2
node 24 1 0 0
node 188 3 0 0
node 222 1 0 0
node 272 1 0 0
node 301 1 0 0
node 380 1 0 0
node 393 1 0 0
node 453 4 0 0
node 469 1 0 0
node 557 1 0 0
node 729 1 0 0
node 875 1 0 0
node 927 1 0 0
node 1021 1 0 0
node 1084 1 0 0
node 1116 1 0 0
node 1234 4 0 0
node 1295 1 0 0
node 1374 1 0 0
node 1496 1 0 0
node 1522 1 0 0
node 1622 1 0 0
node 1712 1 0 0
node 1847 1 0 0
node 1890 1 0 0
node 2011 1 0 0
node 2035 1 0 0
node 2119 1 0 0
node 2161 1 0 0
node 2179 1 0 0
node 2221 1 0 0
node 2347 1 0 0
node 2379 1 0 0
node 2428 1 0 0
node 2441 1 0 0
node 2472 1 0 0
node 2511 1 0 0
node 2581 1 0 0
node 2603 1 0 0
node 2679 1 0 0
node 2689 1 0 0
node 2709 1 0 0
gene 1 1 13 -282282 0 1 -282282 1
gene 2 2 13 -647153 0 2 -647153 1
gene 2 3 13 800000 0 3 800000 1
gene 4 4 13 -636582 0 4 -636582 0
gene 2 5 13 -800000 0 5 -800000 1
gene 1 6 13 -591018 0 6 -591018 1
gene 3 7 13 411255 0 7 411255 1
gene 1 8 13 286878 0 8 286878 0
gene 4 9 13 153693 0 9 153693 1
gene 2 10 13 -322203 0 10 -322203 1
gene 3 11 13 545943 0 11 545943 1
gene 4 12 13 254124 0 12 254124 1
gene 1 1 14 -789093 0 13 -789093 1
gene 1 2 14 -521355 0 14 -521355 1
gene 2 3 14 557096 0 15 557096 1
gene 2 4 14 327711 0 16 327711 1
gene 1 5 14 -200232 0 17 -200232 1
gene 2 6 14 631169 0 18 631169 0
gene 3 7 14 119817 0 19 119817 0
gene 3 8 14 -6270 0 20 -6270 1
gene 3 9 14 112647 0 21 112647 0
gene 2 10 14 140226 0 22 140226 1
gene 3 11 14 -592757 0 23 -592757 1
gene 2 12 14 -149289 0 24 -149289 1
gene 2 1 15 -715520 0 25 -715520 1
gene 3 2 15 501615 0 26 501615 1
gene 4 3 15 -800000 0 27 -800000 0
gene 1 4 15 -548273 0 28 -548273 0
gene 4 5 15 -451797 0 29 -451797 1
gene 2 6 15 -34125 0 30 -34125 0
gene 4 7 15 -732078 0 31 -732078 0
gene 2 8 15 -374709 0 32 -374709 0
gene 2 9 15 -267750 0 33 -267750 0
gene 2 10 15 202884 0 34 202884 1
gene 3 11 15 260799 0 35 260799 1
gene 2 12 15 349686 0 36 349686 0
gene 4 4 24 247521 0 62 247521 1
gene 4 24 13 418209 0 63 418209 1
gene 1 24 24 360299 1 127 360299 0
gene 3 15 13 -322641 0 293 -322641 1
gene 2 7 24 -256080 0 408 -256080 0
gene 3 7 188 -590735 0 526 -590735 1
gene 3 188 14 -170979 0 527 -170979 1
gene 2 9 222 -752388 0 645 -752388 0
gene 2 222 15 -141441 0 646 -141441 1
gene 3 3 272 200524 0 798 200524 0
gene 3 272 15 800000 0 799 800000 0
gene 2 3 24 -22416 0 850 -22416 1
gene 1 24 301 453342 1 893 453342 0
gene 1 301 24 -426711 0 894 -426711 0
gene 1 188 188 -592940 1 934 -592940 1
gene 3 4 188 686211 0 1080 686211 1
gene 2 6 380 403623 0 1115 403623 1
gene 2 380 14 -112512 0 1116 -112512 1
gene 1 4 393 -493377 0 1157 -493377 1
gene 1 393 15 -170783 0 1158 -170783 1
gene 1 15 380 -102120 0 1196 -102120 1
gene 2 12 188 -196413 0 1302 -196413 0
gene 2 9 453 -129300 0 1346 -129300 1
gene 2 453 222 265197 0 1347 265197 1
gene 1 24 469 -711405 1 1394 -711405 0
gene 1 469 301 191919 0 1395 191919 0
gene 3 222 24 336378 0 1576 336378 1
gene 4 3 188 605007 0 1616 605007 1
gene 3 272 557 -409022 0 1666 -409022 1
gene 1 557 15 214476 0 1667 214476 0
gene 1 6 272 -329966 0 1830 -329966 0
gene 4 12 380 349374 0 1879 349374 0
gene 1 469 729 104205 0 2197 104205 1
gene 1 729 301 365880 0 2198 365880 1
gene 2 14 301 -194040 0 2244 -194040 1
gene 1 188 380 423087 0 2284 423087 1
gene 3 8 875 -265101 0 2630 -265101 0
gene 1 875 13 -124791 0 2631 -124791 1
gene 4 12 927 -278619 0 2791 -278619 1
gene 4 927 380 746859 0 2792 746859 1
gene 2 393 380 309819 0 3014 309819 0
gene 2 7 1021 -230517 0 3066 -230517 1
gene 2 1021 24 800000 0 3067 800000 1
gene 1 8 1084 -657734 0 3243 -657734 0
gene 1 1084 875 623418 0 3244 623418 0
gene 4 188 927 643199 0 3297 643199 1
gene 1 1084 1116 -244494 0 3335 -244494 1
gene 1 1116 875 -169815 0 3336 -169815 0
gene 1 222 469 -800000 0 3394 -800000 1
gene 1 8 1234 77793 0 3693 77793 0
gene 1 1234 1084 -225240 0 3694 -225240 0
gene 1 301 1295 -46359 0 3863 -46359 1
gene 1 1295 24 567647 0 3864 567647 1
gene 1 2 393 -385797 0 3943 -385797 1
gene 4 1084 1084 -501192 1 4053 -501192 1
gene 3 1295 1084 35739 0 4076 35739 1
gene 1 1116 1374 230900 0 4119 230900 1
gene 1 1374 875 -29793 0 4120 -29793 1
gene 2 272 1084 -56568 0 4218 -56568 1
gene 2 12 1496 -480089 0 4474 -480089 0
gene 2 1496 15 -273423 0 4475 -273423 1
gene 1 557 1522 317928 0 4546 317928 1
gene 1 1522 15 57594 0 4547 57594 0
gene 4 1116 1021 -11286 0 4657 -11286 1
gene 3 9 380 788550 0 4725 788550 1
gene 2 12 1622 135036 0 4831 135036 0
gene 2 1622 188 -755313 0 4832 -755313 0
gene 4 453 453 -373614 1 4965 -373614 0
gene 2 8 1712 -594810 0 5099 -594810 1
gene 2 1712 15 -106158 0 5100 -106158 0
gene 1 6 1847 -78351 0 5495 -78351 1
gene 1 1847 272 800000 0 5496 800000 1
gene 3 9 1890 -310356 0 5636 -310356 0
gene 3 1890 14 52176 0 5637 52176 1
gene 4 1116 13 321807 0 5838 321807 1
gene 1 9 1712 -218586 0 5937 -218586 1
gene 1 24 2011 90024 1 5985 90024 1
gene 1 2011 469 -298254 0 5986 -298254 1
gene 2 1712 2035 -425034 0 6047 -425034 0
gene 2 2035 15 20757 0 6048 20757 1
gene 1 927 1084 -23939 0 6090 -23939 1
gene 4 1847 453 25281 0 6145 25281 1
gene 2 1712 2119 255093 0 6302 255093 1
gene 2 2119 2035 113085 0 6303 113085 1
gene 3 9 2161 795882 0 6421 795882 1
gene 3 2161 1890 -345474 0 6422 -345474 1
gene 4 453 2179 -291474 1 6471 -291474 1
gene 4 2179 453 -169686 0 6472 -169686 1
gene 4 7 2221 -800000 0 6590 -800000 1
gene 4 2221 15 -464343 0 6591 -464343 0
gene 2 393 2347 -332388 0 6963 -332388 1
gene 2 2347 380 127953 0 6964 127953 1
gene 2 729 188 41862 0 7008 41862 1
gene 2 6 2379 670825 0 7058 670825 1
gene 2 2379 15 -77016 0 7059 -77016 1
gene 1 1234 2428 492567 0 7193 492567 1
gene 1 2428 1084 -374658 0 7194 -374658 1
gene 4 2221 2441 -125607 0 7231 -125607 1
gene 4 2441 15 214080 0 7232 214080 1
gene 2 1622 2472 -97509 0 7317 -97509 1
gene 2 2472 188 -614570 0 7318 -614570 1
gene 4 1712 557 -101043 0 7368 -101043 1
gene 1 1522 2511 -140567 0 7422 -140567 1
gene 1 2511 15 250788 0 7423 250788 1
gene 2 4 301 14313 0 7485 14313 1
gene 2 2035 2379 254844 0 7596 254844 0
gene 3 3 2581 389355 0 7648 389355 1
gene 3 2581 272 653328 0 7649 653328 1
gene 1 8 2603 -29133 0 7715 -29133 1
gene 1 2603 1234 -281028 0 7716 -281028 1
gene 2 12 2679 88348 0 7930 88348 1
gene 2 2679 1622 -283413 0 7931 -283413 1
gene 2 2035 2689 391834 0 7960 391834 1
gene 2 2689 2379 318740 0 7961 318740 1
gene 2 12 2709 163368 0 8017 163368 1
gene 2 2709 1496 373398 0 8018 373398 1
genomeend 50


/* Organism #64 Fitness: 520.000000 Time: 0 */
/* Position #64*/
#1 x: 21 y: 20
#2 x: 34 y: 38
#3 x: 23 y: 22
#4 x: 23 y: 82
#5 x: 34 y: 62
#6 x: 18 y: 83
genomestart 64
trait 1 0.000000 0.000000 97492.000000 0.000000 0.000000 0.000000 0.000000 83246.000000 trait 2 66244.000000 0.000000 0.000000 0.000000 78989.000000 0.000000 29753.000000 0.000000 trait 3 3.000000 0.000000 0.000000 0.000000 0.000000 0.000000 0.000000 0.000000 trait 4 4.000000 31394.000000 71462.000000 0.000000 0.000000 0.000000 0.000000 100000.000000 node 1 4 1 3
node 2 2 1 1
node 3 2 1 1
node 4 2 1 1
node 5 4 1 1
node 6 3 1 1
node 7 2 1 1
node 8 1 1 1
node 9 4 1 1
node 10 1 1 1
node 11 1 1 1
node 12 1 1 1
node 13 3 0 2
node 14 1 0 2
node 15 4 0 2
node 71 1 0 0
node 289 1 0 0
node 317 1 0 0
node 368 3 0 0
node 381 1 0 0
node 394 1 0 0
node 473 1 0 0
node 490 3 0 0
node 568 1 0 0
node 647 4 0 0
node 686 1 0 0
node 704 1 0 0
node 760 1 0 0
node 834 1 0 0
node 877 1 0 0
node 886 1 0 0
node 948 1 0 0
node 996 1 0 0
node 1018 1 0 0
node 1030 1 0 0
node 1107 1 0 0
node 1283 1 0 0
node 1318 1 0 0
node 1334 1 0 0
node 1348 1 0 0
node 1396 1 0 0
node 1501 1 0 0
node 1604 1 0 0
node 1683 1 0 0
node 1699 1 0 0
node 1811 1 0 0
node 1862 1 0 0
node 1886 1 0 0
node 1902 1 0 0
node 2048 1 0 0
node 2063 1 0 0
node 2095 1 0 0
node 2127 1 0 0
node 2202 1 0 0
node 2218 1 0 0
node 2450 1 0 0
node 2509 1 0 0
node 2550 1 0 0
node 2580 1 0 0
node 2602 1 0 0
node 2623 1 0 0
node 2781 1 0 0
gene 4 1 13 -411780 0 1 -411780 1
gene 3 2 13 12201 0 2 12201 0
gene 2 3 13 -159152 0 3 -159152 0
gene 4 4 13 405762 0 4 405762 1
gene 2 5 13 699563 0 5 699563 0
gene 3 6 13 -35934 0 6 -35934 0
gene 1 7 13 -9492 0 7 -9492 0
gene 1 8 13 -800000 0 8 -800000 1
gene 1 9 13 25104 0 9 25104 1
gene 2 10 13 84024 0 10 84024 0
gene 3 11 13 142758 0 11 142758 1
gene 3 12 13 -106815 0 12 -106815 0
gene 1 1 14 -75657 0 13 -75657 1
gene 1 2 14 305709 0 14 305709 0
gene 3 3 14 -209412 0 15 -209412 0
gene 1 4 14 47712 0 16 47712 0
gene 1 5 14 -800000 0 17 -800000 1
gene 1 6 14 238974 0 18 238974 1
gene 1 7 14 -153258 0 19 -153258 1
gene 2 8 14 37011 0 20 37011 1
gene 2 9 14 800000 0 21 800000 1
gene 1 10 14 358644 0 22 358644 0
gene 3 11 14 210963 0 23 210963 1
gene 2 12 14 -89022 0 24 -89022 0
gene 3 1 15 224037 0 25 224037 1
gene 2 2 15 -404090 0 26 -404090 0
gene 4 3 15 292131 0 27 292131 0
gene 2 4 15 -402072 0 28 -402072 0
gene 2 5 15 -725645 0 29 -725645 1
gene 1 6 15 -195468 0 30 -195468 1
gene 4 7 15 -64641 0 31 -64641 0
gene 2 8 15 511602 0 32 511602 0
gene 2 9 15 -73158 0 33 -73158 1
gene 1 10 15 -268815 0 34 -268815 1
gene 3 11 15 -264504 0 35 -264504 0
gene 1 12 15 -181467 0 36 -181467 1
gene 4 3 71 140928 0 201 140928 0
gene 3 71 14 -122154 0 202 -122154 0
gene 1 13 13 149253 1 248 149253 1
gene 2 13 15 229824 0 413 229824 1
gene 4 10 71 -214173 0 454 -214173 1
gene 1 7 71 367764 0 542 367764 0
gene 4 8 71 -174669 0 717 -174669 1
gene 4 71 71 718580 1 769 718580 0
gene 4 3 289 -253542 0 858 -253542 0
gene 4 289 15 -502631 0 859 -502631 1
gene 2 289 14 -800000 0 897 -800000 1
gene 4 3 317 427110 0 942 427110 0
gene 4 317 289 105735 0 943 105735 1
gene 2 8 368 -414827 0 1081 -414827 0
gene 2 368 15 -504512 0 1082 -504512 0
gene 1 2 381 163881 0 1117 163881 1
gene 2 381 14 -424832 0 1118 -424832 1
gene 4 3 394 537152 0 1159 537152 0
gene 4 394 71 216063 0 1160 216063 1
gene 4 1 394 457956 0 1362 457956 1
gene 2 3 473 -23592 0 1405 -23592 1
gene 2 473 13 -62553 0 1406 -62553 1
gene 1 10 490 -328298 0 1456 -328298 1
gene 1 490 14 406539 0 1457 406539 1
gene 3 13 289 323784 0 1591 323784 1
gene 4 71 568 388026 1 1699 388026 1
gene 4 568 71 -583016 0 1700 -583016 0
gene 3 568 15 -261465 0 1754 -261465 1
gene 3 289 394 -251862 0 1809 -251862 0
gene 4 568 647 154821 0 1948 154821 1
gene 4 647 71 -656181 0 1949 -656181 0
gene 1 7 686 -18621 0 2069 -18621 1
gene 1 686 71 22656 0 2070 22656 1
gene 3 71 704 -800000 0 2122 -800000 1
gene 3 704 14 423305 0 2123 423305 1
gene 3 289 760 -329769 0 2296 -329769 1
gene 3 760 394 149946 0 2297 149946 1
gene 4 368 394 -406905 0 2326 -406905 0
gene 2 10 289 166875 0 2376 166875 1
gene 4 3 834 -54678 0 2518 -54678 1
gene 4 834 317 228063 0 2519 228063 1
gene 2 12 877 259473 0 2634 259473 0
gene 2 877 14 29703 0 2635 29703 1
gene 2 4 886 -133848 0 2665 -133848 1
gene 2 886 15 440025 0 2666 440025 0
gene 2 5 948 354510 0 2855 354510 0
gene 2 948 13 -227238 0 2856 -227238 0
gene 2 877 877 -584040 1 2903 -584040 0
gene 4 7 996 -189780 0 2996 -189780 1
gene 1 996 13 -464307 0 2997 -464307 1
gene 3 7 1018 433239 0 3054 433239 1
gene 4 1018 15 -511281 0 3055 -511281 1
gene 1 4 1030 111819 0 3100 111819 1
gene 1 1030 14 -268494 0 3101 -268494 1
gene 3 568 568 -138777 1 3154 -138777 1
gene 2 5 1107 54300 0 3308 54300 1
gene 2 1107 948 -787616 0 3309 -787616 1
gene 4 686 686 234804 1 3352 234804 1
gene 3 996 490 204038 0 3408 204038 1
gene 3 996 996 355920 1 3624 355920 0
gene 3 381 381 -95826 1 3767 -95826 1
gene 4 3 1283 -800000 0 3832 -800000 0
gene 4 1283 394 800000 0 3833 800000 1
gene 2 8 1318 99048 0 3932 99048 1
gene 2 1318 368 562733 0 3933 562733 1
gene 4 3 1334 3309 0 3987 3309 1
gene 4 1334 1283 14835 0 3988 14835 1
gene 3 6 1348 -2040 0 4030 -2040 1
gene 3 1348 13 -316620 0 4031 -316620 1
gene 3 11 1396 188499 0 4170 188499 1
gene 3 1396 15 -368658 0 4171 -368658 1
gene 2 948 1501 108783 0 4488 108783 0
gene 2 1501 13 270243 0 4489 270243 0
gene 2 948 1604 -760110 0 4780 -760110 1
gene 2 1604 1501 175316 0 4781 175316 1
gene 4 490 317 17844 0 4926 17844 0
gene 3 996 1683 428432 1 5017 428432 1
gene 3 1683 996 -655191 0 5018 -655191 1
gene 2 368 1699 685521 0 5067 685521 0
gene 2 1699 15 385305 0 5068 385305 0
gene 4 8 1396 495927 0 5249 495927 0
gene 2 886 1811 335583 0 5389 335583 0
gene 2 1811 15 455478 0 5390 455478 1
gene 3 12 1862 136026 0 5541 136026 1
gene 3 1862 13 -265974 0 5542 -265974 1
gene 3 2 1862 267156 0 5583 267156 1
gene 4 490 1886 35862 0 5624 35862 1
gene 4 1886 317 -199677 0 5625 -199677 1
gene 4 368 1902 -30888 0 5673 -30888 1
gene 4 1902 394 274389 0 5674 274389 1
gene 3 1501 686 3609 0 5725 3609 1
gene 2 10 2048 -800000 0 6086 -800000 1
gene 2 2048 13 -11469 0 6087 -11469 1
gene 2 12 2063 304881 0 6128 304881 1
gene 2 2063 877 -296562 0 6129 -296562 0
gene 1 473 14 -214269 0 6174 -214269 1
gene 2 1699 2095 -16176 0 6227 -16176 1
gene 2 2095 15 127962 0 6228 127962 1
gene 4 7 886 294588 0 6279 294588 1
gene 4 647 2127 -192393 0 6325 -192393 1
gene 4 2127 71 255924 0 6326 255924 1
gene 3 2 2202 71865 0 6535 71865 1
gene 3 2202 13 452919 0 6536 452919 1
gene 2 2063 2218 -245439 0 6583 -245439 0
gene 2 2218 877 -196077 0 6584 -196077 1
gene 4 1811 1396 36708 0 6829 36708 1
gene 2 1604 1604 8677 1 7206 8677 1
gene 2 2063 2450 -247152 0 7254 -247152 1
gene 2 2450 2218 -70407 0 7255 -70407 1
gene 4 1886 834 -37119 0 7307 -37119 1
gene 1 15 15 -140796 1 7364 -140796 1
gene 2 368 2509 -34599 0 7417 -34599 1
gene 2 2509 1699 499287 0 7418 499287 1
gene 1 1318 2202 -583071 0 7474 -583071 1
gene 4 8 2550 -276612 0 7539 -276612 1
gene 4 2550 1396 135033 0 7540 135033 1
gene 4 948 1018 14247 0 7593 14247 1
gene 2 1501 2580 243228 0 7645 243228 1
gene 2 2580 13 -35943 0 7646 -35943 1
gene 2 877 2602 623302 1 7712 623302 1
gene 2 2602 877 -206370 0 7713 -206370 1
gene 2 2 2623 -41862 0 7772 -41862 1
gene 2 2623 15 -693698 0 7773 -693698 1
gene 4 10 760 -150888 0 8041 -150888 1
gene 1 886 1886 -231155 0 8071 -231155 1
gene 1 2 1396 274753 0 8114 274753 1
gene 2 886 2781 -69822 0 8241 -69822 1
gene 2 2781 1811 -95517 0 8242 -95517 1
genomeend 64


/* Organism #65 Fitness: 380.000000 Time: 0 */
/* Position #65*/
#1 x: 21 y: 20
#2 x: 34 y: 38
#3 x: 23 y: 22
#4 x: 23 y: 82
#5 x: 34 y: 62
#6 x: 18 y: 83
genomestart 65
trait 1 86382.000000 35089.000000 4782.000000 0.000000 32470.000000 46984.000000 0.000000 57037.000000 trait 2 0.000000 0.000000 81232.000000 0.000000 0.000000 8331.000000 0.000000 0.000000 trait 3 3.000000 0.000000 0.000000 0.000000 0.000000 0.000000 0.000000 95617.000000 trait 4 100000.000000 0.000000 51490.000000 100000.000000 0.000000 0.000000 0.000000 15655.000000 node 1 4 1 3
node 2 2 1 1
node 3 4 1 1
node 4 3 1 1
node 5 4 1 1
node 6 3 1 1
node 7 2 1 1
node 8 1 1 1
node 9 4 1 1
node 10 1 1 1
node 11 1 1 1
node 12 4 1 1
node 13 3 0 2
node 14 1 0 2
node 15 4 0 2
node 71 1 0 0
node 289 1 0 0
node 317 1 0 0
node 368 1 0 0
node 381 1 0 0
node 394 1 0 0
node 473 1 0 0
node 490 1 0 0
node 568 1 0 0
node 647 1 0 0
node 686 1 0 0
node 704 1 0 0
node 760 1 0 0
node 834 1 0 0
node 877 1 0 0
node 886 1 0 0
node 948 1 0 0
node 996 1 0 0
node 1018 1 0 0
node 1030 1 0 0
node 1107 1 0 0
node 1283 1 0 0
node 1318 1 0 0
node 1334 1 0 0
node 1348 1 0 0
node 1397 1 0 0
node 1437 1 0 0
node 1483 1 0 0
node 1576 1 0 0
node 1610 1 0 0
node 1682 3 0 0
node 1718 1 0 0
node 1791 1 0 0
node 1807 1 0 0
node 1852 1 0 0
node 1926 1 0 0
node 2076 1 0 0
node 2273 1 0 0
node 2350 1 0 0
node 2365 1 0 0
node 2627 1 0 0
node 2665 1 0 0
gene 4 1 13 107805 0 1 107805 1
gene 3 2 13 -359364 0 2 -359364 1
gene 2 3 13 -300405 0 3 -300405 0
gene 4 4 13 273741 0 4 273741 1
gene 2 5 13 165384 0 5 165384 0
gene 3 6 13 153264 0 6 153264 0
gene 1 7 13 -522455 0 7 -522455 0
gene 1 8 13 -543818 0 8 -543818 1
gene 1 9 13 -60576 0 9 -60576 0
gene 2 10 13 -629757 0 10 -629757 1
gene 3 11 13 -9303 0 11 -9303 1
gene 3 12 13 -422928 0 12 -422928 1
gene 2 1 14 27918 0 13 27918 1
gene 1 2 14 554828 0 14 554828 0
gene 3 3 14 150611 0 15 150611 0
gene 1 4 14 -524691 0 16 -524691 0
gene 1 5 14 -48816 0 17 -48816 1
gene 1 6 14 247662 0 18 247662 1
gene 1 7 14 249657 0 19 249657 1
gene 2 8 14 682745 0 20 682745 0
gene 2 9 14 74172 0 21 74172 1
gene 1 10 14 34413 0 22 34413 0
gene 3 11 14 597173 0 23 597173 1
gene 2 12 14 223926 0 24 223926 0
gene 3 1 15 75315 0 25 75315 1
gene 2 2 15 -34182 0 26 -34182 1
gene 4 3 15 -252249 0 27 -252249 0
gene 2 4 15 196341 0 28 196341 0
gene 2 5 15 -102987 0 29 -102987 1
gene 1 6 15 314096 0 30 314096 0
gene 4 7 15 -31464 0 31 -31464 0
gene 2 8 15 -284061 0 32 -284061 0
gene 2 9 15 -38106 0 33 -38106 0
gene 1 10 15 -673260 0 34 -673260 1
gene 3 11 15 -297732 0 35 -297732 0
gene 1 12 15 496404 0 36 496404 1
gene 4 3 71 543552 0 201 543552 0
gene 3 71 14 176004 0 202 176004 0
gene 1 13 13 306396 1 248 306396 1
gene 2 13 15 -339759 0 413 -339759 1
gene 4 10 71 149382 0 454 149382 1
gene 1 7 71 -570651 0 542 -570651 0
gene 4 8 71 -309732 0 717 -309732 1
gene 4 71 71 -31008 1 769 -31008 0
gene 4 3 289 289519 0 858 289519 0
gene 4 289 15 -755589 0 859 -755589 1
gene 3 289 14 54660 0 897 54660 1
gene 4 3 317 -644502 0 942 -644502 0
gene 4 317 289 422028 0 943 422028 1
gene 2 8 368 142299 0 1081 142299 0
gene 2 368 15 -287067 0 1082 -287067 1
gene 1 2 381 -343437 0 1117 -343437 1
gene 2 381 14 44388 0 1118 44388 1
gene 4 3 394 520857 0 1159 520857 0
gene 4 394 71 117873 0 1160 117873 1
gene 4 1 394 -93495 0 1362 -93495 1
gene 2 3 473 -348428 0 1405 -348428 0
gene 2 473 13 -592353 0 1406 -592353 1
gene 4 10 490 106869 0 1456 106869 0
gene 1 490 14 -302607 0 1457 -302607 1
gene 3 13 289 190074 0 1591 190074 1
gene 4 71 568 664694 1 1699 664694 1
gene 4 568 71 -800000 0 1700 -800000 0
gene 3 568 15 -113583 0 1754 -113583 0
gene 1 289 394 26415 0 1809 26415 0
gene 4 568 647 -18159 0 1948 -18159 1
gene 4 647 71 290604 0 1949 290604 1
gene 1 7 686 138900 0 2069 138900 1
gene 1 686 71 -263415 0 2070 -263415 1
gene 3 71 704 320039 0 2122 320039 1
gene 3 704 14 -125973 0 2123 -125973 1
gene 3 289 760 -377594 0 2296 -377594 1
gene 3 760 394 384696 0 2297 384696 1
gene 4 368 394 -515247 0 2326 -515247 1
gene 2 10 289 -197022 0 2376 -197022 1
gene 4 3 834 -51768 0 2518 -51768 1
gene 4 834 317 343116 0 2519 343116 1
gene 2 12 877 -228705 0 2634 -228705 1
gene 2 877 14 97407 0 2635 97407 1
gene 2 4 886 -62208 0 2665 -62208 1
gene 1 886 15 -155718 0 2666 -155718 1
gene 2 5 948 147420 0 2855 147420 0
gene 2 948 13 -781311 0 2856 -781311 1
gene 2 877 877 27246 1 2903 27246 0
gene 1 7 996 45504 0 2996 45504 1
gene 1 996 13 167430 0 2997 167430 0
gene 3 7 1018 237858 0 3054 237858 1
gene 4 1018 15 405480 0 3055 405480 0
gene 1 4 1030 31329 0 3100 31329 1
gene 1 1030 14 -31860 0 3101 -31860 1
gene 3 568 568 288633 1 3154 288633 1
gene 2 5 1107 -660 0 3308 -660 1
gene 2 1107 948 119589 0 3309 119589 0
gene 4 686 686 351945 1 3352 351945 0
gene 3 996 490 -800000 0 3408 -800000 0
gene 3 996 996 106002 1 3624 106002 1
gene 3 381 381 -290703 1 3767 -290703 1
gene 4 3 1283 177870 0 3832 177870 0
gene 4 1283 394 88626 0 3833 88626 1
gene 2 8 1318 -37008 0 3932 -37008 1
gene 2 1318 368 41577 0 3933 41577 1
gene 4 3 1334 -121212 0 3987 -121212 1
gene 4 1334 1283 150999 0 3988 150999 1
gene 3 6 1348 -320196 0 4030 -320196 1
gene 3 1348 13 35931 0 4031 35931 1
gene 3 568 1397 -386355 0 4173 -386355 1
gene 3 1397 15 169338 0 4174 169338 1
gene 1 13 760 510398 0 4248 510398 1
gene 4 686 1437 -159126 1 4291 -159126 0
gene 4 1437 686 32010 0 4292 32010 1
gene 1 10 1483 -369783 0 4430 -369783 1
gene 1 1483 490 -175166 0 4431 -175166 1
gene 1 394 490 -353631 0 4472 -353631 1
gene 2 8 1576 156360 0 4695 156360 1
gene 2 1576 14 -237717 0 4696 -237717 0
gene 1 368 368 -800000 1 4745 -800000 1
gene 3 11 1610 -475863 0 4795 -475863 1
gene 3 1610 15 -37872 0 4796 -37872 1
gene 3 8 686 117045 0 4917 117045 0
gene 4 686 1682 -320751 1 5012 -320751 1
gene 4 1682 1437 40185 0 5013 40185 1
gene 2 3 1718 -383544 0 5114 -383544 1
gene 2 1718 473 175548 0 5115 175548 1
gene 2 1107 1791 719532 0 5326 719532 1
gene 2 1791 948 97380 0 5327 97380 1
gene 4 1018 1807 670632 0 5371 670632 1
gene 4 1807 15 -201333 0 5372 -201333 1
gene 2 1483 473 -499425 0 5452 -499425 1
gene 1 996 1852 -65424 0 5508 -65424 1
gene 1 1852 13 -262740 0 5509 -262740 1
gene 2 686 1791 249885 0 5560 249885 1
gene 1 9 1926 -223464 0 5738 -223464 1
gene 1 1926 13 386904 0 5739 386904 1
gene 2 1576 834 -81354 0 5783 -81354 1
gene 4 1397 1018 29160 0 5960 29160 1
gene 3 1030 1030 175626 1 6082 175626 1
gene 2 877 2076 206181 1 6168 206181 1
gene 2 2076 877 282162 0 6169 282162 1
gene 1 1283 289 -159237 0 6426 -159237 1
gene 1 1283 317 -2073 0 6534 -2073 1
gene 1 1318 289 -570921 0 6582 -570921 1
gene 3 5 886 2130 0 6705 2130 1
gene 1 6 2273 360198 0 6744 360198 1
gene 1 2273 15 107466 0 6745 107466 1
gene 4 948 2076 -349341 0 6805 -349341 1
gene 2 9 2350 180867 0 6975 180867 1
gene 2 2350 15 -163260 0 6976 -163260 1
gene 2 1576 2365 158949 0 7020 158949 1
gene 2 2365 14 -345582 0 7021 -345582 1
gene 3 834 834 -7986 1 7070 -7986 1
gene 1 368 1318 -221970 1 7395 -221970 1
gene 2 647 394 332925 0 7443 332925 1
gene 2 14 1318 73571 1 7583 73571 1
gene 2 1852 473 241410 0 7625 241410 1
gene 4 394 394 279262 1 7732 279262 1
gene 3 996 2627 -10062 0 7783 -10062 1
gene 3 2627 490 107622 0 7784 107622 1
gene 4 877 996 -39317 0 7836 -39317 1
gene 3 8 2665 -392493 0 7884 -392493 1
gene 3 2665 686 -340580 0 7885 -340580 1
gene 2 1 473 65336 0 8148 65336 1
gene 2 381 2665 171828 0 8253 171828 1
gene 1 1791 1334 261631 0 8284 261631 1
genomeend 65


