/* Organism #2 Fitness: 390.000000 Time: 0 */
/* Position #2*/
#1 x: 37 y: 25
#2 x: 84 y: 16
#3 x: 43 y: 33
#4 x: 18 y: 64
#5 x: 40 y: 61
#6 x: 39 y: 68
genomestart 2
trait 1 43007.000000 16300.000000 0.000000 0.000000 0.000000 0.000000 87908.000000 0.000000 trait 2 0.000000 37401.000000 0.000000 0.000000 0.000000 0.000000 0.000000 0.000000 trait 3 0.000000 0.000000 0.000000 0.000000 0.000000 13538.000000 68565.000000 93893.000000 trait 4 4.000000 0.000000 0.000000 0.000000 0.000000 0.000000 0.000000 37957.000000 node 1 4 1 3
node 2 4 1 1
node 3 1 1 1
node 4 1 1 1
node 5 1 1 1
node 6 2 1 1
node 7 4 1 1
node 8 4 1 1
node 9 1 1 1
node 10 1 1 1
node 11 2 1 1
node 12 4 1 1
node 13 2 0 2
node 14 1 0 2
node 15 3 0 2
node 121 2 0 0
node 235 1 0 0
node 384 1 0 0
node 420 1 0 0
node 433 1 0 0
node 461 1 0 0
node 500 1 0 0
node 516 1 0 0
node 697 1 0 0
node 1018 1 0 0
node 1130 1 0 0
node 1382 1 0 0
node 1492 1 0 0
node 1707 1 0 0
node 1766 1 0 0
node 1815 1 0 0
node 2036 1 0 0
node 2095 1 0 0
node 2111 1 0 0
gene 2 1 13 800000 0 1 800000 1
gene 3 2 13 -800000 0 2 -800000 1
gene 2 3 13 -233547 0 3 -233547 1
gene 1 4 13 183987 0 4 183987 1
gene 2 5 13 -447014 0 5 -447014 1
gene 4 6 13 -36867 0 6 -36867 1
gene 3 7 13 431878 0 7 431878 1
gene 2 8 13 241044 0 8 241044 1
gene 3 9 13 -426762 0 9 -426762 1
gene 2 10 13 269484 0 10 269484 0
gene 2 11 13 661488 0 11 661488 1
gene 4 12 13 -153972 0 12 -153972 1
gene 2 1 14 363759 0 13 363759 1
gene 2 2 14 736760 0 14 736760 1
gene 4 3 14 -186678 0 15 -186678 1
gene 4 4 14 315327 0 16 315327 0
gene 4 5 14 -544934 0 17 -544934 1
gene 3 6 14 -255117 0 18 -255117 1
gene 2 7 14 -80073 0 19 -80073 1
gene 1 8 14 -534749 0 20 -534749 1
gene 2 9 14 156099 0 21 156099 1
gene 1 10 14 -324597 0 22 -324597 1
gene 1 11 14 -800000 0 23 -800000 1
gene 2 12 14 351860 0 24 351860 1
gene 3 1 15 -554652 0 25 -554652 1
gene 3 2 15 -228519 0 26 -228519 1
gene 3 3 15 -54294 0 27 -54294 0
gene 3 4 15 27120 0 28 27120 0
gene 3 5 15 -281169 0 29 -281169 1
gene 1 6 15 8625 0 30 8625 1
gene 3 7 15 49728 0 31 49728 0
gene 3 8 15 -406985 0 32 -406985 1
gene 3 9 15 -99441 0 33 -99441 1
gene 4 10 15 74580 0 34 74580 0
gene 2 11 15 338114 0 35 338114 1
gene 4 12 15 60237 0 36 60237 1
gene 4 15 15 461507 1 174 461507 0
gene 3 8 121 288018 0 329 288018 0
gene 3 121 15 -534114 0 330 -534114 1
gene 2 5 121 -671246 0 438 -671246 1
gene 2 7 121 294588 0 483 294588 0
gene 4 4 235 -19995 0 666 -19995 1
gene 4 235 14 326499 0 667 326499 1
gene 1 1 235 361374 0 753 361374 1
gene 1 9 235 -96662 0 1108 -96662 1
gene 3 10 384 -220287 0 1126 -220287 1
gene 3 384 15 701190 0 1127 701190 0
gene 2 14 14 -128451 1 1197 -128451 1
gene 3 7 420 -800000 0 1239 -800000 1
gene 3 420 15 -691769 0 1240 -691769 1
gene 3 2 433 -6885 0 1284 -6885 1
gene 4 433 13 262617 0 1285 262617 1
gene 4 3 461 371046 0 1352 371046 1
gene 4 461 14 -477009 0 1353 -477009 1
gene 4 15 500 -800000 1 1453 -800000 1
gene 4 500 15 -236322 0 1454 -236322 1
gene 1 8 516 -756659 0 1500 -756659 1
gene 1 516 14 -170631 0 1501 -170631 1
gene 1 384 121 224630 0 1548 224630 1
gene 2 8 461 446298 0 1965 446298 0
gene 3 3 697 -508005 0 2038 -508005 1
gene 3 697 15 7503 0 2039 7503 1
gene 2 1 500 318009 0 2133 318009 1
gene 2 3 433 712224 0 2628 712224 1
gene 1 516 516 -209637 1 2664 -209637 1
gene 3 8 1018 -49836 0 2997 -49836 1
gene 3 1018 121 -800000 0 2998 -800000 0
gene 3 15 433 119547 0 3156 119547 1
gene 1 10 1130 749060 0 3329 749060 1
gene 1 1130 14 -210702 0 3330 -210702 1
gene 3 500 697 19362 0 3371 19362 1
gene 2 3 516 594069 0 3603 594069 1
gene 3 10 1382 -364011 0 4057 -364011 1
gene 3 1382 384 116388 0 4058 116388 1
gene 1 10 697 -181497 0 4142 -181497 1
gene 2 461 1382 -148674 0 4242 -148674 1
gene 3 433 433 -112953 1 4307 -112953 1
gene 3 7 1492 -313212 0 4362 -313212 1
gene 3 1492 420 53943 0 4363 53943 1
gene 3 3 1382 508310 0 4726 508310 1
gene 1 1018 697 -122214 0 4889 -122214 1
gene 4 3 1707 302061 0 5024 302061 1
gene 4 1707 14 -335454 0 5025 -335454 1
gene 1 13 13 -649134 1 5075 -649134 1
gene 3 4 1766 640641 0 5191 640641 1
gene 3 1766 15 800000 0 5192 800000 1
gene 2 10 1815 31311 0 5323 31311 1
gene 2 1815 13 -294780 0 5324 -294780 1
gene 4 1815 1815 14707 1 5914 14707 1
gene 1 6 2036 1 0 5944 0 1
gene 1 2036 15 8625 0 5945 0 1
gene 4 697 697 71781 1 5999 71781 1
gene 2 8 2095 1 0 6107 0 1
gene 2 2095 461 446298 0 6108 0 1
gene 2 7 2111 1 0 6150 0 1
gene 2 2111 121 294588 0 6151 0 1
genomeend 2


/* Organism #14 Fitness: 250.000000 Time: 0 */
/* Position #14*/
#1 x: 16 y: 22
#2 x: 64 y: 34
#3 x: 19 y: 39
#4 x: 79 y: 78
#5 x: 25 y: 60
#6 x: 21 y: 82
genomestart 14
trait 1 43007.000000 16300.000000 0.000000 0.000000 0.000000 0.000000 87908.000000 0.000000 trait 2 2.000000 0.000000 0.000000 0.000000 0.000000 0.000000 0.000000 0.000000 trait 3 0.000000 0.000000 0.000000 51304.000000 0.000000 13538.000000 70969.000000 30146.000000 trait 4 4.000000 0.000000 0.000000 36940.000000 0.000000 0.000000 43316.000000 37957.000000 node 1 4 1 3
node 2 4 1 1
node 3 1 1 1
node 4 1 1 1
node 5 1 1 1
node 6 2 1 1
node 7 4 1 1
node 8 4 1 1
node 9 2 1 1
node 10 1 1 1
node 11 2 1 1
node 12 4 1 1
node 13 2 0 2
node 14 1 0 2
node 15 3 0 2
node 121 1 0 0
node 235 1 0 0
node 384 1 0 0
node 420 1 0 0
node 433 1 0 0
node 461 1 0 0
node 500 1 0 0
node 516 1 0 0
node 697 1 0 0
node 1018 4 0 0
node 1130 1 0 0
node 1323 3 0 0
node 1393 1 0 0
node 1479 1 0 0
node 1531 4 0 0
node 1683 1 0 0
node 1735 1 0 0
node 1875 1 0 0
gene 2 1 13 150282 0 1 150282 1
gene 3 2 13 -796598 0 2 -796598 1
gene 2 3 13 800000 0 3 800000 1
gene 3 4 13 556992 0 4 556992 1
gene 2 5 13 -597350 0 5 -597350 1
gene 4 6 13 45816 0 6 45816 1
gene 3 7 13 452780 0 7 452780 1
gene 2 8 13 800000 0 8 800000 0
gene 3 9 13 -800000 0 9 -800000 1
gene 2 10 13 180051 0 10 180051 1
gene 2 11 13 -114816 0 11 -114816 1
gene 4 12 13 -368598 0 12 -368598 1
gene 2 1 14 -447696 0 13 -447696 1
gene 2 2 14 211452 0 14 211452 1
gene 4 3 14 420516 0 15 420516 1
gene 4 4 14 -88332 0 16 -88332 0
gene 4 5 14 243903 0 17 243903 1
gene 3 6 14 -800000 0 18 -800000 0
gene 2 7 14 800000 0 19 800000 1
gene 1 8 14 -33402 0 20 -33402 0
gene 3 9 14 -648969 0 21 -648969 1
gene 1 10 14 -27021 0 22 -27021 1
gene 1 11 14 -349862 0 23 -349862 1
gene 4 12 14 620316 0 24 620316 1
gene 3 1 15 7320 0 25 7320 1
gene 3 2 15 -270447 0 26 -270447 1
gene 3 3 15 -343389 0 27 -343389 0
gene 3 4 15 754946 0 28 754946 1
gene 3 5 15 -285063 0 29 -285063 1
gene 1 6 15 -800000 0 30 -800000 1
gene 3 7 15 -800000 0 31 -800000 0
gene 3 8 15 -550653 0 32 -550653 1
gene 3 9 15 -50784 0 33 -50784 1
gene 3 10 15 -334449 0 34 -334449 0
gene 2 11 15 320544 0 35 320544 1
gene 4 12 15 335025 0 36 335025 0
gene 4 15 15 -91638 1 174 -91638 0
gene 3 8 121 -484332 0 329 -484332 0
gene 3 121 15 176496 0 330 176496 1
gene 2 5 121 -109155 0 438 -109155 1
gene 2 7 121 -361119 0 483 -361119 1
gene 4 4 235 628857 0 666 628857 1
gene 4 235 14 -228600 0 667 -228600 1
gene 1 1 235 -188223 0 753 -188223 1
gene 1 9 235 396593 0 1108 396593 1
gene 3 10 384 74503 0 1126 74503 1
gene 3 384 15 -521939 0 1127 -521939 0
gene 2 14 14 -566592 1 1197 -566592 1
gene 3 7 420 -472932 0 1239 -472932 1
gene 3 420 15 -122043 0 1240 -122043 1
gene 3 2 433 -396015 0 1284 -396015 0
gene 3 433 13 -215847 0 1285 -215847 1
gene 4 3 461 -728675 0 1352 -728675 1
gene 4 461 14 -89469 0 1353 -89469 1
gene 4 15 500 -177216 1 1453 -177216 1
gene 4 500 15 222717 0 1454 222717 1
gene 1 8 516 -593492 0 1500 -593492 1
gene 1 516 14 285465 0 1501 285465 1
gene 1 384 121 -524217 0 1548 -524217 1
gene 2 8 461 -509697 0 1965 -509697 1
gene 3 3 697 -132900 0 2038 -132900 1
gene 3 697 15 536235 0 2039 536235 1
gene 2 1 500 526808 0 2133 526808 1
gene 1 3 433 -223284 0 2628 -223284 1
gene 1 516 516 65523 1 2664 65523 1
gene 3 8 1018 -401949 0 2997 -401949 1
gene 3 1018 121 69813 0 2998 69813 0
gene 3 15 433 359532 0 3156 359532 1
gene 1 10 1130 -320784 0 3329 -320784 1
gene 1 1130 14 469227 0 3330 469227 1
gene 3 500 697 -601671 0 3371 -601671 1
gene 2 3 516 -316161 0 3603 -316161 1
gene 2 9 1323 517767 0 3885 517767 1
gene 2 1323 14 -444525 0 3886 -444525 0
gene 2 121 420 -94827 0 3959 -94827 1
gene 2 8 1393 -313707 0 4093 -313707 1
gene 2 1393 13 219588 0 4094 219588 1
gene 1 11 1479 160104 0 4325 160104 1
gene 1 1479 14 -527658 0 4326 -527658 1
gene 4 12 1531 122688 0 4477 122688 1
gene 4 1531 15 -42009 0 4478 -42009 1
gene 3 1393 433 -125586 0 4734 -125586 1
gene 2 1323 1683 -115806 0 4950 -115806 1
gene 2 1683 14 157788 0 4951 157788 1
gene 3 6 1735 -38748 0 5103 -38748 1
gene 3 1735 14 47841 0 5104 47841 1
gene 1 5 516 379145 0 5346 379145 1
gene 1 516 433 -22638 0 5443 -22638 1
gene 3 2 1875 200133 0 5505 200133 1
gene 3 1875 433 159024 0 5506 159024 1
gene 1 1683 461 -154833 0 5687 -154833 1
gene 1 697 384 41196 0 5920 41196 1
gene 1 3 121 -134346 0 5954 -134346 1
gene 4 1875 1683 9279 0 6091 9279 1
gene 4 2 1323 26498 0 6211 26498 1
genomeend 14


/* Organism #21 Fitness: 240.000000 Time: 0 */
/* Position #21*/
#1 x: 79 y: 29
#2 x: 69 y: 34
#3 x: 48 y: 24
#4 x: 77 y: 70
#5 x: 31 y: 62
#6 x: 19 y: 66
genomestart 21
trait 1 32344.000000 0.000000 0.000000 0.000000 70720.000000 0.000000 11469.000000 61968.000000 trait 2 2.000000 0.000000 0.000000 0.000000 0.000000 0.000000 0.000000 0.000000 trait 3 0.000000 0.000000 66673.000000 0.000000 0.000000 13538.000000 100000.000000 0.000000 trait 4 4.000000 0.000000 0.000000 0.000000 0.000000 0.000000 0.000000 37957.000000 node 1 4 1 3
node 2 4 1 1
node 3 1 1 1
node 4 1 1 1
node 5 1 1 1
node 6 2 1 1
node 7 2 1 1
node 8 4 1 1
node 9 2 1 1
node 10 1 1 1
node 11 2 1 1
node 12 4 1 1
node 13 2 0 2
node 14 1 0 2
node 15 3 0 2
node 121 1 0 0
node 235 1 0 0
node 384 1 0 0
node 420 1 0 0
node 433 1 0 0
node 461 1 0 0
node 500 1 0 0
node 516 1 0 0
node 697 1 0 0
node 1018 1 0 0
node 1130 3 0 0
node 1323 1 0 0
node 1393 1 0 0
node 1479 1 0 0
node 1531 1 0 0
node 1853 1 0 0
node 1975 1 0 0
gene 2 1 13 84885 0 1 84885 1
gene 3 2 13 -55485 0 2 -55485 1
gene 2 3 13 -339630 0 3 -339630 1
gene 3 4 13 545943 0 4 545943 1
gene 2 5 13 -90123 0 5 -90123 1
gene 4 6 13 17892 0 6 17892 1
gene 3 7 13 330729 0 7 330729 1
gene 2 8 13 198078 0 8 198078 1
gene 3 9 13 -35706 0 9 -35706 1
gene 2 10 13 707193 0 10 707193 1
gene 2 11 13 -144210 0 11 -144210 1
gene 4 12 13 -3987 0 12 -3987 1
gene 2 1 14 -396762 0 13 -396762 1
gene 2 2 14 -89907 0 14 -89907 1
gene 4 3 14 -159597 0 15 -159597 1
gene 4 4 14 -583518 0 16 -583518 0
gene 4 5 14 -718290 0 17 -718290 1
gene 3 6 14 -285135 0 18 -285135 1
gene 2 7 14 440595 0 19 440595 1
gene 1 8 14 -54624 0 20 -54624 0
gene 2 9 14 -211944 0 21 -211944 0
gene 1 10 14 -583713 0 22 -583713 0
gene 1 11 14 -4986 0 23 -4986 0
gene 4 12 14 117561 0 24 117561 1
gene 3 1 15 -325089 0 25 -325089 1
gene 3 2 15 -264537 0 26 -264537 1
gene 3 3 15 390693 0 27 390693 0
gene 3 4 15 26892 0 28 26892 1
gene 3 5 15 33045 0 29 33045 1
gene 1 6 15 -578894 0 30 -578894 0
gene 3 7 15 -711186 0 31 -711186 0
gene 3 8 15 -578961 0 32 -578961 1
gene 3 9 15 366687 0 33 366687 0
gene 3 10 15 736317 0 34 736317 1
gene 2 11 15 -242580 0 35 -242580 1
gene 4 12 15 311580 0 36 311580 1
gene 4 15 15 259758 1 174 259758 0
gene 3 8 121 309813 0 329 309813 0
gene 3 121 15 -20079 0 330 -20079 1
gene 2 5 121 74154 0 438 74154 1
gene 2 7 121 -246339 0 483 -246339 1
gene 4 4 235 202634 0 666 202634 1
gene 4 235 14 -40053 0 667 -40053 1
gene 1 1 235 206457 0 753 206457 1
gene 1 9 235 -175641 0 1108 -175641 1
gene 3 10 384 54798 0 1126 54798 1
gene 3 384 15 684822 0 1127 684822 0
gene 2 14 14 472215 1 1197 472215 1
gene 3 7 420 196857 0 1239 196857 1
gene 3 420 15 305730 0 1240 305730 1
gene 3 2 433 415155 0 1284 415155 1
gene 3 433 13 30009 0 1285 30009 1
gene 4 3 461 -209460 0 1352 -209460 1
gene 4 461 14 -2193 0 1353 -2193 1
gene 4 15 500 -689861 1 1453 -689861 1
gene 4 500 15 -40299 0 1454 -40299 1
gene 1 8 516 -616701 0 1500 -616701 1
gene 1 516 14 -145101 0 1501 -145101 1
gene 1 384 121 -160137 0 1548 -160137 1
gene 4 8 461 -53208 0 1965 -53208 1
gene 3 3 697 -33951 0 2038 -33951 1
gene 3 697 15 143214 0 2039 143214 1
gene 2 1 500 682518 0 2133 682518 1
gene 1 3 433 113907 0 2628 113907 1
gene 1 516 516 157530 1 2664 157530 1
gene 3 8 1018 -127413 0 2997 -127413 1
gene 2 1018 121 -488298 0 2998 -488298 0
gene 3 15 433 -35127 0 3156 -35127 1
gene 1 10 1130 -237495 0 3329 -237495 1
gene 1 1130 14 410430 0 3330 410430 1
gene 3 500 697 208149 0 3371 208149 1
gene 2 3 516 -461466 0 3603 -461466 1
gene 1 9 1323 479199 0 3885 479199 1
gene 2 1323 14 173769 0 3886 173769 1
gene 2 121 420 -263508 0 3959 -263508 1
gene 2 8 1393 -99771 0 4093 -99771 1
gene 2 1393 13 -244419 0 4094 -244419 1
gene 1 11 1479 -301704 0 4325 -301704 1
gene 1 1479 14 -9033 0 4326 -9033 1
gene 4 12 1531 750714 0 4477 750714 1
gene 4 1531 15 440808 0 4478 440808 1
gene 2 1323 420 226950 0 4676 226950 1
gene 3 500 1479 -307533 0 4897 -307533 1
gene 4 461 461 343986 1 4980 343986 1
gene 4 461 697 283563 0 5076 283563 1
gene 3 9 1853 208458 0 5434 208458 1
gene 3 1853 15 800000 0 5435 800000 1
gene 3 516 1479 800000 0 5581 800000 1
gene 3 420 235 -157338 0 5757 -157338 1
gene 1 6 1975 -401946 0 5780 -401946 1
gene 1 1975 15 -94137 0 5781 -94137 1
gene 4 1 433 -353155 0 6041 -353155 1
gene 3 235 461 73703 0 6218 73703 1
genomeend 21


/* Organism #24 Fitness: 260.000000 Time: 0 */
/* Position #24*/
#1 x: 58 y: 27
#2 x: 55 y: 38
#3 x: 30 y: 33
#4 x: 71 y: 73
#5 x: 79 y: 84
#6 x: 42 y: 80
genomestart 24
trait 1 43007.000000 16300.000000 0.000000 0.000000 0.000000 0.000000 87908.000000 0.000000 trait 2 2.000000 0.000000 0.000000 0.000000 0.000000 0.000000 0.000000 0.000000 trait 3 0.000000 0.000000 0.000000 51304.000000 0.000000 13538.000000 70969.000000 30146.000000 trait 4 4.000000 0.000000 0.000000 36940.000000 0.000000 0.000000 43316.000000 37957.000000 node 1 4 1 3
node 2 4 1 1
node 3 1 1 1
node 4 1 1 1
node 5 1 1 1
node 6 2 1 1
node 7 4 1 1
node 8 4 1 1
node 9 2 1 1
node 10 1 1 1
node 11 2 1 1
node 12 4 1 1
node 13 2 0 2
node 14 1 0 2
node 15 3 0 2
node 121 1 0 0
node 235 1 0 0
node 384 1 0 0
node 420 1 0 0
node 433 1 0 0
node 461 1 0 0
node 500 1 0 0
node 516 1 0 0
node 697 1 0 0
node 1018 1 0 0
node 1130 1 0 0
node 1323 3 0 0
node 1393 1 0 0
node 1479 1 0 0
node 1531 4 0 0
node 1683 1 0 0
node 1735 1 0 0
node 1875 1 0 0
gene 2 1 13 98433 0 1 98433 1
gene 3 2 13 -800000 0 2 -800000 1
gene 2 3 13 624743 0 3 624743 1
gene 3 4 13 178176 0 4 178176 1
gene 2 5 13 -94884 0 5 -94884 1
gene 4 6 13 -341937 0 6 -341937 1
gene 3 7 13 280248 0 7 280248 1
gene 2 8 13 -137358 0 8 -137358 0
gene 3 9 13 -253692 0 9 -253692 1
gene 2 10 13 134862 0 10 134862 1
gene 2 11 13 -248025 0 11 -248025 1
gene 4 12 13 -180906 0 12 -180906 1
gene 2 1 14 126288 0 13 126288 1
gene 2 2 14 17949 0 14 17949 1
gene 4 3 14 45351 0 15 45351 1
gene 4 4 14 -565416 0 16 -565416 0
gene 4 5 14 280644 0 17 280644 1
gene 3 6 14 -246753 0 18 -246753 0
gene 2 7 14 509312 0 19 509312 1
gene 1 8 14 -133800 0 20 -133800 0
gene 3 9 14 220068 0 21 220068 1
gene 1 10 14 458676 0 22 458676 1
gene 1 11 14 52591 0 23 52591 1
gene 4 12 14 -191463 0 24 -191463 1
gene 3 1 15 359796 0 25 359796 1
gene 3 2 15 -141348 0 26 -141348 1
gene 3 3 15 -391842 0 27 -391842 0
gene 3 4 15 459296 0 28 459296 1
gene 3 5 15 -263769 0 29 -263769 1
gene 1 6 15 97047 0 30 97047 1
gene 3 7 15 7686 0 31 7686 0
gene 3 8 15 -193083 0 32 -193083 1
gene 3 9 15 118749 0 33 118749 1
gene 3 10 15 -172230 0 34 -172230 0
gene 2 11 15 299712 0 35 299712 1
gene 4 12 15 175989 0 36 175989 0
gene 4 15 15 -546069 1 174 -546069 0
gene 3 8 121 7788 0 329 7788 0
gene 3 121 15 465345 0 330 465345 1
gene 2 5 121 -308556 0 438 -308556 1
gene 2 7 121 -1356 0 483 -1356 1
gene 4 4 235 375708 0 666 375708 1
gene 4 235 14 -59736 0 667 -59736 1
gene 1 1 235 -652374 0 753 -652374 1
gene 1 9 235 184638 0 1108 184638 1
gene 3 10 384 -410891 0 1126 -410891 1
gene 3 384 15 -258249 0 1127 -258249 0
gene 2 14 14 87150 1 1197 87150 1
gene 3 7 420 -164457 0 1239 -164457 1
gene 3 420 15 -476415 0 1240 -476415 1
gene 3 2 433 -269910 0 1284 -269910 0
gene 3 433 13 -604302 0 1285 -604302 1
gene 4 3 461 303762 0 1352 303762 1
gene 4 461 14 -163929 0 1353 -163929 1
gene 4 15 500 -185454 1 1453 -185454 1
gene 4 500 15 74631 0 1454 74631 1
gene 1 8 516 -209766 0 1500 -209766 1
gene 1 516 14 -101739 0 1501 -101739 1
gene 1 384 121 1179 0 1548 1179 1
gene 2 8 461 430005 0 1965 430005 1
gene 3 3 697 59565 0 2038 59565 1
gene 3 697 15 342840 0 2039 342840 1
gene 2 1 500 386135 0 2133 386135 1
gene 1 3 433 247788 0 2628 247788 1
gene 1 516 516 -36936 1 2664 -36936 1
gene 3 8 1018 -800000 0 2997 -800000 1
gene 3 1018 121 111399 0 2998 111399 0
gene 3 15 433 690108 0 3156 690108 1
gene 1 10 1130 263031 0 3329 263031 1
gene 1 1130 14 -502545 0 3330 -502545 1
gene 3 500 697 -800000 0 3371 -800000 1
gene 2 3 516 -158880 0 3603 -158880 1
gene 2 9 1323 562893 0 3885 562893 1
gene 2 1323 14 -773403 0 3886 -773403 0
gene 2 121 420 118302 0 3959 118302 1
gene 2 8 1393 19725 0 4093 19725 1
gene 2 1393 13 -154269 0 4094 -154269 1
gene 1 11 1479 -249438 0 4325 -249438 1
gene 1 1479 14 84198 0 4326 84198 1
gene 4 12 1531 12882 0 4477 12882 1
gene 4 1531 15 11961 0 4478 11961 1
gene 3 1393 433 -41388 0 4734 -41388 1
gene 2 1323 1683 -54030 0 4950 -54030 1
gene 2 1683 14 -219180 0 4951 -219180 1
gene 3 6 1735 -45870 0 5103 -45870 1
gene 3 1735 14 -798117 0 5104 -798117 1
gene 1 5 516 800000 0 5346 800000 1
gene 1 516 433 -44394 0 5443 -44394 1
gene 3 2 1875 462834 0 5505 462834 1
gene 3 1875 433 656489 0 5506 656489 1
gene 1 1683 461 -247416 0 5687 -247416 1
gene 1 697 384 9664 0 5920 9664 1
gene 1 3 121 98634 0 5954 98634 1
gene 1 4 1323 -199692 0 6181 -199692 1
genomeend 24


/* Organism #26 Fitness: 240.000000 Time: 0 */
/* Position #26*/
#1 x: 46 y: 27
#2 x: 66 y: 37
#3 x: 56 y: 22
#4 x: 81 y: 60
#5 x: 85 y: 84
#6 x: 23 y: 65
genomestart 26
trait 1 43007.000000 16300.000000 0.000000 0.000000 0.000000 0.000000 87908.000000 0.000000 trait 2 2.000000 0.000000 0.000000 0.000000 0.000000 0.000000 0.000000 0.000000 trait 3 0.000000 0.000000 0.000000 51304.000000 0.000000 13538.000000 70969.000000 30146.000000 trait 4 4.000000 0.000000 0.000000 0.000000 0.000000 0.000000 0.000000 37957.000000 node 1 4 1 3
node 2 4 1 1
node 3 1 1 1
node 4 1 1 1
node 5 1 1 1
node 6 2 1 1
node 7 4 1 1
node 8 4 1 1
node 9 2 1 1
node 10 1 1 1
node 11 2 1 1
node 12 4 1 1
node 13 2 0 2
node 14 1 0 2
node 15 3 0 2
node 121 1 0 0
node 235 1 0 0
node 384 1 0 0
node 420 1 0 0
node 433 1 0 0
node 461 1 0 0
node 500 1 0 0
node 516 1 0 0
node 697 1 0 0
node 1018 1 0 0
node 1130 1 0 0
node 1323 1 0 0
node 1393 1 0 0
node 1479 1 0 0
node 1531 1 0 0
node 1683 1 0 0
node 1734 1 0 0
node 1953 1 0 0
node 1976 1 0 0
node 1994 1 0 0
node 2133 1 0 0
gene 2 1 13 -310776 0 1 -310776 1
gene 3 2 13 -47895 0 2 -47895 1
gene 2 3 13 -312108 0 3 -312108 1
gene 3 4 13 376044 0 4 376044 1
gene 2 5 13 634158 0 5 634158 1
gene 4 6 13 -270852 0 6 -270852 1
gene 3 7 13 349893 0 7 349893 1
gene 2 8 13 -538667 0 8 -538667 0
gene 3 9 13 204807 0 9 204807 1
gene 2 10 13 -353784 0 10 -353784 1
gene 2 11 13 324930 0 11 324930 1
gene 4 12 13 -218150 0 12 -218150 1
gene 2 1 14 658835 0 13 658835 1
gene 2 2 14 511254 0 14 511254 1
gene 4 3 14 -209730 0 15 -209730 1
gene 4 4 14 353025 0 16 353025 0
gene 4 5 14 108603 0 17 108603 1
gene 3 6 14 283950 0 18 283950 1
gene 2 7 14 -164646 0 19 -164646 1
gene 1 8 14 14538 0 20 14538 0
gene 2 9 14 -164079 0 21 -164079 0
gene 1 10 14 -531747 0 22 -531747 0
gene 1 11 14 -241167 0 23 -241167 0
gene 4 12 14 133704 0 24 133704 1
gene 3 1 15 -424689 0 25 -424689 1
gene 3 2 15 34827 0 26 34827 1
gene 3 3 15 -147990 0 27 -147990 0
gene 3 4 15 -481752 0 28 -481752 1
gene 3 5 15 -548016 0 29 -548016 1
gene 1 6 15 -222471 0 30 -222471 1
gene 3 7 15 -558591 0 31 -558591 0
gene 3 8 15 261234 0 32 261234 1
gene 3 9 15 800000 0 33 800000 1
gene 3 10 15 247809 0 34 247809 0
gene 2 11 15 51045 0 35 51045 1
gene 4 12 15 -142197 0 36 -142197 0
gene 4 15 15 219285 1 174 219285 0
gene 3 8 121 519183 0 329 519183 0
gene 3 121 15 328737 0 330 328737 1
gene 2 5 121 -354162 0 438 -354162 1
gene 2 7 121 -26715 0 483 -26715 1
gene 4 4 235 -596244 0 666 -596244 1
gene 4 235 14 -770859 0 667 -770859 1
gene 1 1 235 -174000 0 753 -174000 1
gene 1 9 235 -600878 0 1108 -600878 1
gene 3 10 384 -467694 0 1126 -467694 1
gene 3 384 15 92217 0 1127 92217 0
gene 2 14 14 253872 1 1197 253872 0
gene 3 7 420 -635123 0 1239 -635123 1
gene 3 420 15 280863 0 1240 280863 1
gene 3 2 433 238152 0 1284 238152 0
gene 3 433 13 -251673 0 1285 -251673 1
gene 4 3 461 -397245 0 1352 -397245 1
gene 4 461 14 -306228 0 1353 -306228 1
gene 4 15 500 800000 1 1453 800000 1
gene 4 500 15 -284679 0 1454 -284679 1
gene 1 8 516 183024 0 1500 183024 1
gene 1 516 14 -448257 0 1501 -448257 1
gene 1 384 121 241164 0 1548 241164 1
gene 2 8 461 290100 0 1965 290100 0
gene 3 3 697 800000 0 2038 800000 1
gene 3 697 15 -743903 0 2039 -743903 1
gene 2 1 500 -136422 0 2133 -136422 1
gene 1 3 433 -260433 0 2628 -260433 1
gene 1 516 516 -100440 1 2664 -100440 1
gene 3 8 1018 -135207 0 2997 -135207 1
gene 3 1018 121 140232 0 2998 140232 0
gene 3 15 433 702729 0 3156 702729 1
gene 1 10 1130 287967 0 3329 287967 1
gene 1 1130 14 330342 0 3330 330342 0
gene 3 500 697 324222 0 3371 324222 1
gene 2 3 516 150108 0 3603 150108 1
gene 2 9 1323 -678972 0 3885 -678972 0
gene 2 1323 14 800000 0 3886 800000 0
gene 2 121 420 -369726 0 3959 -369726 1
gene 2 8 1393 -263757 0 4093 -263757 1
gene 2 1393 13 176223 0 4094 176223 1
gene 1 11 1479 -61185 0 4325 -61185 1
gene 1 1479 14 -92364 0 4326 -92364 1
gene 4 12 1531 -566121 0 4477 -566121 1
gene 4 1531 15 198366 0 4478 198366 1
gene 3 1393 433 314022 0 4734 314022 1
gene 2 1323 1683 181581 0 4950 181581 1
gene 2 1683 14 -120354 0 4951 -120354 1
gene 2 9 1734 -206964 0 5099 -206964 1
gene 2 1734 1323 -307380 0 5100 -307380 1
gene 1 5 1531 245508 0 5504 245508 1
gene 2 1323 461 -198207 0 5534 -198207 1
gene 2 1734 1734 76602 1 5573 76602 1
gene 4 2 1683 541644 0 5674 541644 1
gene 1 1130 1953 -172149 0 5725 -172149 1
gene 1 1953 14 174141 0 5726 174141 1
gene 3 2 1976 -521141 0 5782 -521141 1
gene 3 1976 433 -29169 0 5783 -29169 1
gene 2 8 1994 112569 0 5831 112569 1
gene 2 1994 461 -426336 0 5832 -426336 1
gene 4 384 1323 38016 0 6182 38016 1
gene 2 14 2133 1 1 6220 0 1
gene 2 2133 14 253872 0 6221 0 1
genomeend 26


/* Organism #32 Fitness: 300.000000 Time: 0 */
/* Position #32*/
#1 x: 80 y: 32
#2 x: 68 y: 39
#3 x: 73 y: 23
#4 x: 15 y: 82
#5 x: 66 y: 71
#6 x: 75 y: 73
genomestart 32
trait 1 43007.000000 16300.000000 0.000000 0.000000 0.000000 0.000000 87908.000000 0.000000 trait 2 2.000000 0.000000 0.000000 0.000000 0.000000 0.000000 0.000000 0.000000 trait 3 0.000000 0.000000 0.000000 51304.000000 0.000000 13538.000000 70969.000000 30146.000000 trait 4 4.000000 0.000000 0.000000 36940.000000 0.000000 0.000000 43316.000000 37957.000000 node 1 4 1 3
node 2 4 1 1
node 3 1 1 1
node 4 1 1 1
node 5 1 1 1
node 6 2 1 1
node 7 4 1 1
node 8 4 1 1
node 9 2 1 1
node 10 1 1 1
node 11 2 1 1
node 12 1 1 1
node 13 2 0 2
node 14 1 0 2
node 15 3 0 2
node 121 1 0 0
node 235 1 0 0
node 384 1 0 0
node 420 1 0 0
node 433 1 0 0
node 461 1 0 0
node 500 1 0 0
node 516 1 0 0
node 697 1 0 0
node 1018 1 0 0
node 1130 1 0 0
node 1323 3 0 0
node 1393 1 0 0
node 1479 1 0 0
node 1531 4 0 0
node 1683 1 0 0
node 1735 1 0 0
node 1875 1 0 0
node 2066 1 0 0
node 2085 1 0 0
node 2134 1 0 0
gene 2 1 13 -38280 0 1 -38280 1
gene 3 2 13 -327161 0 2 -327161 1
gene 2 3 13 800000 0 3 800000 1
gene 3 4 13 4590 0 4 4590 1
gene 2 5 13 -566831 0 5 -566831 1
gene 4 6 13 698493 0 6 698493 1
gene 3 7 13 800000 0 7 800000 1
gene 2 8 13 800000 0 8 800000 0
gene 3 9 13 -800000 0 9 -800000 1
gene 2 10 13 -171885 0 10 -171885 1
gene 2 11 13 297852 0 11 297852 1
gene 4 12 13 -761550 0 12 -761550 1
gene 2 1 14 -49593 0 13 -49593 1
gene 2 2 14 800000 0 14 800000 1
gene 4 3 14 -311436 0 15 -311436 1
gene 4 4 14 -282813 0 16 -282813 0
gene 4 5 14 -109104 0 17 -109104 1
gene 3 6 14 -117639 0 18 -117639 0
gene 2 7 14 302367 0 19 302367 1
gene 1 8 14 -119076 0 20 -119076 0
gene 3 9 14 -149718 0 21 -149718 1
gene 1 10 14 -47715 0 22 -47715 1
gene 1 11 14 265347 0 23 265347 0
gene 4 12 14 581010 0 24 581010 1
gene 3 1 15 336090 0 25 336090 1
gene 3 2 15 380826 0 26 380826 1
gene 3 3 15 -62394 0 27 -62394 0
gene 3 4 15 253872 0 28 253872 1
gene 3 5 15 -189840 0 29 -189840 1
gene 1 6 15 -468416 0 30 -468416 1
gene 3 7 15 -800000 0 31 -800000 0
gene 3 8 15 -380268 0 32 -380268 1
gene 3 9 15 407406 0 33 407406 1
gene 3 10 15 -401355 0 34 -401355 0
gene 2 11 15 1161 0 35 1161 1
gene 4 12 15 -28680 0 36 -28680 0
gene 4 15 15 196032 1 174 196032 0
gene 3 8 121 -279801 0 329 -279801 0
gene 3 121 15 108687 0 330 108687 1
gene 2 5 121 -48546 0 438 -48546 1
gene 2 7 121 71223 0 483 71223 1
gene 4 4 235 126702 0 666 126702 1
gene 4 235 14 -340416 0 667 -340416 1
gene 1 1 235 -220725 0 753 -220725 1
gene 1 9 235 800000 0 1108 800000 1
gene 3 10 384 125337 0 1126 125337 1
gene 3 384 15 -335891 0 1127 -335891 0
gene 2 14 14 58110 1 1197 58110 1
gene 3 7 420 -263895 0 1239 -263895 1
gene 3 420 15 47526 0 1240 47526 0
gene 3 2 433 146649 0 1284 146649 0
gene 3 433 13 -234345 0 1285 -234345 1
gene 4 3 461 -753438 0 1352 -753438 1
gene 4 461 14 -387279 0 1353 -387279 1
gene 4 15 500 341247 1 1453 341247 1
gene 4 500 15 20295 0 1454 20295 1
gene 1 8 516 -577613 0 1500 -577613 1
gene 1 516 14 51846 0 1501 51846 1
gene 1 384 121 420669 0 1548 420669 1
gene 2 8 461 -21315 0 1965 -21315 1
gene 3 3 697 -45240 0 2038 -45240 1
gene 3 697 15 -23943 0 2039 -23943 1
gene 2 1 500 608621 0 2133 608621 1
gene 1 3 433 -648999 0 2628 -648999 1
gene 1 516 516 -356316 1 2664 -356316 1
gene 3 8 1018 373809 0 2997 373809 1
gene 3 1018 121 344946 0 2998 344946 0
gene 3 15 433 -386292 0 3156 -386292 1
gene 1 10 1130 377163 0 3329 377163 1
gene 1 1130 14 -147387 0 3330 -147387 1
gene 3 500 697 -186915 0 3371 -186915 1
gene 2 3 516 -761478 0 3603 -761478 1
gene 2 9 1323 -190293 0 3885 -190293 1
gene 2 1323 14 69294 0 3886 69294 0
gene 2 121 420 140823 0 3959 140823 1
gene 2 8 1393 -543120 0 4093 -543120 1
gene 2 1393 13 -660 0 4094 -660 1
gene 1 11 1479 -246204 0 4325 -246204 1
gene 1 1479 14 -232917 0 4326 -232917 1
gene 4 12 1531 -297219 0 4477 -297219 1
gene 4 1531 15 -76794 0 4478 -76794 1
gene 3 1393 433 423966 0 4734 423966 1
gene 2 1323 1683 -108126 0 4950 -108126 1
gene 2 1683 14 -158955 0 4951 -158955 1
gene 3 6 1735 282798 0 5103 282798 1
gene 3 1735 14 3006 0 5104 3006 1
gene 1 5 516 458927 0 5346 458927 1
gene 1 516 433 -39270 0 5443 -39270 1
gene 3 2 1875 77559 0 5505 77559 1
gene 3 1875 433 -236994 0 5506 -236994 1
gene 1 1683 461 -21924 0 5687 -21924 1
gene 1 697 384 196384 0 5920 196384 0
gene 1 11 2066 219945 0 6031 219945 1
gene 1 2066 14 -749960 0 6032 -749960 1
gene 3 420 2085 353629 0 6081 353629 1
gene 3 2085 15 -373563 0 6082 -373563 1
gene 1 697 2134 1 0 6223 0 1
gene 1 2134 384 196384 0 6224 0 1
genomeend 32


/* Organism #40 Fitness: 270.000000 Time: 0 */
/* Position #40*/
#1 x: 34 y: 15
#2 x: 50 y: 24
#3 x: 69 y: 40
#4 x: 18 y: 62
#5 x: 49 y: 81
#6 x: 65 y: 83
genomestart 40
trait 1 52218.000000 0.000000 0.000000 0.000000 0.000000 95735.000000 83802.000000 0.000000 trait 2 22871.000000 0.000000 0.000000 0.000000 0.000000 0.000000 0.000000 15075.000000 trait 3 100000.000000 0.000000 0.000000 70706.000000 44304.000000 84965.000000 41453.000000 0.000000 trait 4 4.000000 0.000000 0.000000 0.000000 0.000000 0.000000 0.000000 82309.000000 node 1 1 1 3
node 2 3 1 1
node 3 4 1 1
node 4 2 1 1
node 5 4 1 1
node 6 1 1 1
node 7 1 1 1
node 8 3 1 1
node 9 1 1 1
node 10 2 1 1
node 11 4 1 1
node 12 2 1 1
node 13 3 0 2
node 14 4 0 2
node 15 2 0 2
node 21 4 0 0
node 92 1 0 0
node 122 4 0 0
node 148 1 0 0
node 287 1 0 0
node 387 1 0 0
node 403 1 0 0
node 417 1 0 0
node 489 1 0 0
node 504 1 0 0
node 558 1 0 0
node 615 2 0 0
node 895 1 0 0
node 1002 2 0 0
node 1034 1 0 0
node 1085 1 0 0
node 1375 1 0 0
node 1434 1 0 0
node 1449 1 0 0
node 1508 1 0 0
node 1587 1 0 0
node 1696 1 0 0
node 1733 1 0 0
node 1843 1 0 0
node 1925 1 0 0
node 2080 1 0 0
node 2097 1 0 0
gene 4 1 13 -712544 0 1 -712544 1
gene 1 2 13 75447 0 2 75447 0
gene 3 3 13 -429270 0 3 -429270 1
gene 3 4 13 133596 0 4 133596 1
gene 4 5 13 -800000 0 5 -800000 0
gene 1 6 13 151056 0 6 151056 1
gene 1 7 13 -515955 0 7 -515955 0
gene 2 8 13 -44967 0 8 -44967 1
gene 1 9 13 -34710 0 9 -34710 1
gene 2 10 13 652470 0 10 652470 1
gene 1 11 13 304929 0 11 304929 0
gene 3 12 13 -344397 0 12 -344397 0
gene 1 1 14 265122 0 13 265122 1
gene 4 2 14 358668 0 14 358668 1
gene 4 3 14 220254 0 15 220254 1
gene 1 4 14 37935 0 16 37935 0
gene 2 5 14 -257601 0 17 -257601 1
gene 4 6 14 -227046 0 18 -227046 1
gene 2 7 14 50931 0 19 50931 0
gene 1 8 14 282726 0 20 282726 1
gene 1 9 14 -202446 0 21 -202446 1
gene 4 10 14 -402936 0 22 -402936 1
gene 4 11 14 735647 0 23 735647 1
gene 3 12 14 -231816 0 24 -231816 1
gene 2 1 15 -39774 0 25 -39774 1
gene 4 2 15 -246081 0 26 -246081 1
gene 1 3 15 169524 0 27 169524 1
gene 3 4 15 -201813 0 28 -201813 1
gene 2 5 15 259346 0 29 259346 0
gene 3 6 15 -194139 0 30 -194139 0
gene 4 7 15 -190974 0 31 -190974 1
gene 4 8 15 -301398 0 32 -301398 1
gene 4 9 15 -395256 0 33 -395256 1
gene 2 10 15 499287 0 34 499287 0
gene 2 11 15 -297705 0 35 -297705 0
gene 2 12 15 -362256 0 36 -362256 1
gene 1 9 21 555152 0 49 555152 1
gene 1 21 13 256694 0 50 256694 0
gene 3 6 92 -184268 0 235 -184268 1
gene 3 92 15 272244 0 236 272244 0
gene 4 5 122 79731 0 332 79731 1
gene 4 122 13 -309255 0 333 -309255 1
gene 2 11 148 21987 0 403 21987 0
gene 2 148 15 373344 0 404 373344 0
gene 3 9 148 163098 0 557 163098 0
gene 2 92 122 257157 0 768 257157 0
gene 2 10 287 509747 0 834 509747 1
gene 2 287 15 226287 0 835 226287 1
gene 3 21 287 -800000 0 900 -800000 1
gene 2 3 287 -448569 0 1053 -448569 0
gene 3 1 122 -260733 0 1085 -260733 1
gene 2 11 387 -535637 0 1138 -535637 0
gene 2 387 148 -354147 0 1139 -354147 1
gene 3 12 403 -302393 0 1185 -302393 1
gene 2 403 13 -274779 0 1186 -274779 0
gene 4 10 417 193689 0 1231 193689 1
gene 4 417 14 -345417 0 1232 -345417 0
gene 2 3 489 270495 0 1426 270495 1
gene 2 489 287 -1836 0 1427 -1836 1
gene 4 9 504 431883 0 1465 431883 1
gene 4 504 15 -145983 0 1466 -145983 1
gene 2 92 558 234242 0 1629 234242 1
gene 2 558 122 471516 0 1630 471516 1
gene 4 417 417 472137 1 1661 472137 1
gene 3 504 92 -136707 0 1702 -136707 1
gene 3 9 615 85491 0 1803 85491 1
gene 3 615 148 223263 0 1804 223263 1
gene 2 10 489 438420 0 1859 438420 1
gene 4 417 558 636545 0 1967 636545 1
gene 1 1 558 -389376 0 2066 -389376 1
gene 1 21 895 -692862 0 2645 -692862 1
gene 1 895 13 -164793 0 2646 -164793 1
gene 3 558 21 10395 0 2753 10395 1
gene 3 10 21 597288 0 2794 597288 1
gene 2 148 1002 200238 0 2952 200238 1
gene 2 1002 15 -764768 0 2953 -764768 1
gene 2 7 1034 -251034 0 3057 -251034 1
gene 2 1034 14 -241851 0 3058 -241851 1
gene 1 7 1085 273897 0 3202 273897 1
gene 1 1085 13 -207321 0 3203 -207321 1
gene 4 21 21 -80139 1 3304 -80139 1
gene 2 1034 615 -363111 0 3486 -363111 1
gene 2 122 1002 104784 0 3824 104784 1
gene 1 4 1375 800000 0 4037 800000 0
gene 1 1375 14 219576 0 4038 219576 0
gene 1 21 1434 39081 0 4190 39081 1
gene 1 1434 13 -66210 0 4191 -66210 1
gene 4 417 1449 800000 0 4240 800000 1
gene 4 1449 14 -147933 0 4241 -147933 1
gene 1 15 1449 -20784 0 4303 -20784 1
gene 2 92 417 153162 0 4361 153162 1
gene 1 11 1508 133452 0 4413 133452 1
gene 1 1508 13 378465 0 4414 378465 1
gene 3 15 15 -543792 1 4476 -543792 1
gene 1 4 1587 269470 0 4647 269470 1
gene 1 1587 1375 -213561 0 4648 -213561 1
gene 1 122 122 268773 1 4941 268773 1
gene 2 403 1696 17232 0 4983 17232 1
gene 2 1696 13 532062 0 4984 532062 1
gene 3 92 1733 -122244 0 5097 -122244 1
gene 3 1733 15 -50193 0 5098 -50193 1
gene 4 387 387 311061 1 5136 311061 0
gene 3 504 558 -79296 0 5311 -79296 1
gene 1 1733 14 49575 0 5363 49575 1
gene 4 387 1843 -586205 1 5407 -586205 1
gene 4 1843 387 437594 0 5408 437594 1
gene 1 1375 1925 276559 0 5650 276559 1
gene 1 1925 14 -239568 0 5651 -239568 1
gene 4 1587 1843 -200634 0 5688 -200634 1
gene 2 2 122 206856 0 5840 206856 1
gene 3 21 1696 -166599 0 5966 -166599 1
gene 2 1733 287 -162063 0 6006 -162063 1
gene 2 11 2080 -41429 0 6065 -41429 1
gene 2 2080 387 -54954 0 6066 -54954 1
gene 2 5 2097 1 0 6111 1 1
gene 2 2097 15 63890 0 6112 63890 1
gene 1 8 1434 -40548 0 6233 -40548 1
genomeend 40


/* Organism #46 Fitness: 330.000000 Time: 0 */
/* Position #46*/
#1 x: 63 y: 26
#2 x: 55 y: 37
#3 x: 74 y: 31
#4 x: 49 y: 64
#5 x: 59 y: 68
#6 x: 61 y: 76
genomestart 46
trait 1 32344.000000 0.000000 0.000000 0.000000 0.000000 0.000000 100000.000000 0.000000 trait 2 2.000000 0.000000 0.000000 0.000000 0.000000 0.000000 0.000000 0.000000 trait 3 0.000000 0.000000 0.000000 0.000000 0.000000 13538.000000 70969.000000 0.000000 trait 4 4.000000 0.000000 0.000000 0.000000 0.000000 0.000000 0.000000 37957.000000 node 1 4 1 3
node 2 4 1 1
node 3 1 1 1
node 4 1 1 1
node 5 1 1 1
node 6 2 1 1
node 7 4 1 1
node 8 4 1 1
node 9 2 1 1
node 10 1 1 1
node 11 2 1 1
node 12 4 1 1
node 13 2 0 2
node 14 1 0 2
node 15 3 0 2
node 121 1 0 0
node 235 1 0 0
node 384 1 0 0
node 420 1 0 0
node 433 1 0 0
node 461 1 0 0
node 500 1 0 0
node 516 1 0 0
node 697 1 0 0
node 1018 1 0 0
node 1130 3 0 0
node 1323 1 0 0
node 1393 1 0 0
node 1479 1 0 0
node 1531 1 0 0
node 1853 1 0 0
node 2038 1 0 0
gene 2 1 13 270693 0 1 270693 1
gene 3 2 13 -18177 0 2 -18177 1
gene 2 3 13 -493434 0 3 -493434 1
gene 3 4 13 485613 0 4 485613 1
gene 2 5 13 -33282 0 5 -33282 1
gene 4 6 13 -25713 0 6 -25713 1
gene 3 7 13 299790 0 7 299790 1
gene 2 8 13 -137538 0 8 -137538 1
gene 3 9 13 -299901 0 9 -299901 1
gene 2 10 13 528093 0 10 528093 1
gene 2 11 13 -331422 0 11 -331422 1
gene 4 12 13 33312 0 12 33312 1
gene 2 1 14 -756909 0 13 -756909 1
gene 2 2 14 11844 0 14 11844 1
gene 4 3 14 -108102 0 15 -108102 1
gene 4 4 14 160224 0 16 160224 0
gene 4 5 14 -124380 0 17 -124380 1
gene 3 6 14 550434 0 18 550434 1
gene 2 7 14 -25977 0 19 -25977 1
gene 1 8 14 298641 0 20 298641 0
gene 2 9 14 68970 0 21 68970 0
gene 1 10 14 -762099 0 22 -762099 0
gene 1 11 14 83664 0 23 83664 0
gene 4 12 14 -346913 0 24 -346913 1
gene 3 1 15 261621 0 25 261621 1
gene 3 2 15 16023 0 26 16023 1
gene 3 3 15 -310350 0 27 -310350 0
gene 3 4 15 -448692 0 28 -448692 1
gene 3 5 15 -252984 0 29 -252984 1
gene 1 6 15 -532842 0 30 -532842 1
gene 3 7 15 -248064 0 31 -248064 0
gene 3 8 15 -64878 0 32 -64878 1
gene 3 9 15 694541 0 33 694541 0
gene 3 10 15 393978 0 34 393978 1
gene 2 11 15 -476409 0 35 -476409 1
gene 4 12 15 -59370 0 36 -59370 1
gene 4 15 15 800000 1 174 800000 0
gene 3 8 121 305235 0 329 305235 0
gene 3 121 15 58869 0 330 58869 1
gene 2 5 121 389745 0 438 389745 1
gene 2 7 121 -54 0 483 -54 1
gene 4 4 235 -77214 0 666 -77214 1
gene 4 235 14 -10824 0 667 -10824 1
gene 1 1 235 562389 0 753 562389 1
gene 1 9 235 312684 0 1108 312684 1
gene 3 10 384 -66491 0 1126 -66491 1
gene 3 384 15 -326138 0 1127 -326138 0
gene 2 14 14 436626 1 1197 436626 1
gene 3 7 420 87216 0 1239 87216 1
gene 3 420 15 555645 0 1240 555645 1
gene 3 2 433 -50934 0 1284 -50934 1
gene 3 433 13 17025 0 1285 17025 1
gene 4 3 461 -56514 0 1352 -56514 1
gene 4 461 14 -289269 0 1353 -289269 1
gene 4 15 500 -621060 1 1453 -621060 1
gene 4 500 15 -188196 0 1454 -188196 1
gene 1 8 516 342546 0 1500 342546 1
gene 1 516 14 660951 0 1501 660951 1
gene 1 384 121 676049 0 1548 676049 1
gene 2 8 461 -57639 0 1965 -57639 1
gene 3 3 697 -122178 0 2038 -122178 1
gene 3 697 15 107952 0 2039 107952 1
gene 2 1 500 567003 0 2133 567003 1
gene 1 3 433 619974 0 2628 619974 1
gene 1 516 516 150747 1 2664 150747 1
gene 3 8 1018 160359 0 2997 160359 1
gene 2 1018 121 167787 0 2998 167787 0
gene 3 15 433 -61656 0 3156 -61656 1
gene 1 10 1130 378821 0 3329 378821 1
gene 1 1130 14 -195723 0 3330 -195723 1
gene 3 500 697 -314211 0 3371 -314211 1
gene 2 3 516 563898 0 3603 563898 1
gene 1 9 1323 25644 0 3885 25644 1
gene 2 1323 14 325701 0 3886 325701 1
gene 2 121 420 -88296 0 3959 -88296 1
gene 2 8 1393 -744072 0 4093 -744072 1
gene 2 1393 13 160764 0 4094 160764 1
gene 1 11 1479 123147 0 4325 123147 1
gene 1 1479 14 -101151 0 4326 -101151 0
gene 4 12 1531 72006 0 4477 72006 1
gene 4 1531 15 -142968 0 4478 -142968 1
gene 2 1323 420 -423114 0 4676 -423114 1
gene 3 500 1479 232620 0 4897 232620 1
gene 4 461 461 54687 1 4980 54687 1
gene 4 461 697 89466 0 5076 89466 1
gene 3 9 1853 235860 0 5434 235860 1
gene 3 1853 15 -413193 0 5435 -413193 1
gene 3 516 1479 -264246 0 5581 -264246 1
gene 1 11 433 -285597 0 5915 -285597 1
gene 1 1479 2038 545530 0 5948 545530 1
gene 1 2038 14 -310908 0 5949 -310908 1
gene 3 10 1393 152632 0 6134 152632 1
gene 2 384 516 72279 0 6237 72279 1
genomeend 46


/* Organism #50 Fitness: 440.000000 Time: 0 */
/* Position #50*/
#1 x: 67 y: 24
#2 x: 62 y: 28
#3 x: 15 y: 29
#4 x: 53 y: 81
#5 x: 70 y: 63
#6 x: 21 y: 67
genomestart 50
trait 1 32344.000000 0.000000 0.000000 0.000000 70720.000000 0.000000 11469.000000 61968.000000 trait 2 2.000000 0.000000 0.000000 0.000000 0.000000 0.000000 0.000000 0.000000 trait 3 0.000000 0.000000 66673.000000 0.000000 0.000000 13538.000000 100000.000000 0.000000 trait 4 4.000000 0.000000 0.000000 0.000000 0.000000 0.000000 0.000000 37957.000000 node 1 4 1 3
node 2 4 1 1
node 3 1 1 1
node 4 1 1 1
node 5 1 1 1
node 6 2 1 1
node 7 2 1 1
node 8 4 1 1
node 9 2 1 1
node 10 1 1 1
node 11 2 1 1
node 12 4 1 1
node 13 2 0 2
node 14 1 0 2
node 15 3 0 2
node 121 1 0 0
node 235 1 0 0
node 384 1 0 0
node 420 1 0 0
node 433 1 0 0
node 461 1 0 0
node 500 1 0 0
node 516 1 0 0
node 697 1 0 0
node 1018 1 0 0
node 1130 3 0 0
node 1323 1 0 0
node 1393 1 0 0
node 1479 1 0 0
node 1531 1 0 0
node 1853 1 0 0
node 1975 1 0 0
gene 2 1 13 -30465 0 1 -30465 1
gene 3 2 13 -3 0 2 -3 1
gene 2 3 13 597 0 3 597 1
gene 3 4 13 582603 0 4 582603 1
gene 2 5 13 57537 0 5 57537 1
gene 4 6 13 -131292 0 6 -131292 1
gene 3 7 13 515967 0 7 515967 1
gene 2 8 13 10221 0 8 10221 1
gene 3 9 13 1377 0 9 1377 1
gene 2 10 13 330807 0 10 330807 1
gene 2 11 13 -164742 0 11 -164742 1
gene 4 12 13 666348 0 12 666348 1
gene 2 1 14 -173877 0 13 -173877 1
gene 2 2 14 -155994 0 14 -155994 1
gene 4 3 14 219234 0 15 219234 1
gene 4 4 14 -380433 0 16 -380433 0
gene 4 5 14 -316716 0 17 -316716 1
gene 3 6 14 -1101 0 18 -1101 1
gene 2 7 14 227469 0 19 227469 1
gene 1 8 14 213726 0 20 213726 0
gene 2 9 14 361872 0 21 361872 0
gene 1 10 14 331116 0 22 331116 0
gene 1 11 14 -410442 0 23 -410442 0
gene 4 12 14 -320517 0 24 -320517 1
gene 3 1 15 -13938 0 25 -13938 1
gene 3 2 15 -194622 0 26 -194622 1
gene 3 3 15 -208794 0 27 -208794 0
gene 3 4 15 203745 0 28 203745 1
gene 3 5 15 259296 0 29 259296 1
gene 1 6 15 -578999 0 30 -578999 0
gene 3 7 15 -784065 0 31 -784065 0
gene 3 8 15 -569199 0 32 -569199 1
gene 3 9 15 270837 0 33 270837 0
gene 3 10 15 619649 0 34 619649 1
gene 2 11 15 453060 0 35 453060 1
gene 4 12 15 -60111 0 36 -60111 1
gene 4 15 15 440844 1 174 440844 0
gene 3 8 121 300033 0 329 300033 0
gene 3 121 15 423351 0 330 423351 1
gene 2 5 121 -40128 0 438 -40128 1
gene 2 7 121 -34824 0 483 -34824 1
gene 4 4 235 515513 0 666 515513 1
gene 4 235 14 -109083 0 667 -109083 1
gene 1 1 235 386070 0 753 386070 1
gene 1 9 235 -312480 0 1108 -312480 1
gene 3 10 384 41067 0 1126 41067 1
gene 3 384 15 503001 0 1127 503001 0
gene 2 14 14 225807 1 1197 225807 1
gene 3 7 420 261549 0 1239 261549 1
gene 3 420 15 -87825 0 1240 -87825 1
gene 3 2 433 494463 0 1284 494463 1
gene 3 433 13 388551 0 1285 388551 1
gene 4 3 461 -350175 0 1352 -350175 1
gene 4 461 14 310758 0 1353 310758 1
gene 4 15 500 -649151 1 1453 -649151 1
gene 4 500 15 30219 0 1454 30219 1
gene 1 8 516 -773973 0 1500 -773973 1
gene 1 516 14 154239 0 1501 154239 1
gene 1 384 121 -107073 0 1548 -107073 1
gene 2 8 461 -272811 0 1965 -272811 1
gene 3 3 697 -360783 0 2038 -360783 1
gene 3 697 15 -237837 0 2039 -237837 1
gene 2 1 500 797424 0 2133 797424 1
gene 1 3 433 -94512 0 2628 -94512 1
gene 1 516 516 461706 1 2664 461706 1
gene 3 8 1018 -156036 0 2997 -156036 1
gene 2 1018 121 -385680 0 2998 -385680 0
gene 3 15 433 474828 0 3156 474828 1
gene 1 10 1130 -50712 0 3329 -50712 1
gene 1 1130 14 38241 0 3330 38241 1
gene 3 500 697 43575 0 3371 43575 1
gene 2 3 516 -305733 0 3603 -305733 1
gene 1 9 1323 266181 0 3885 266181 1
gene 2 1323 14 464961 0 3886 464961 1
gene 2 121 420 225450 0 3959 225450 1
gene 2 8 1393 -77682 0 4093 -77682 1
gene 2 1393 13 112137 0 4094 112137 1
gene 1 11 1479 -180210 0 4325 -180210 1
gene 1 1479 14 -19746 0 4326 -19746 1
gene 4 12 1531 672312 0 4477 672312 1
gene 4 1531 15 -281823 0 4478 -281823 1
gene 2 1323 420 38076 0 4676 38076 1
gene 3 500 1479 -150327 0 4897 -150327 1
gene 4 461 461 -190116 1 4980 -190116 1
gene 4 461 697 449418 0 5076 449418 1
gene 3 9 1853 800000 0 5434 800000 1
gene 3 1853 15 406530 0 5435 406530 1
gene 3 516 1479 547767 0 5581 547767 1
gene 3 420 235 800000 0 5757 800000 1
gene 1 6 1975 108855 0 5780 108855 1
gene 1 1975 15 462489 0 5781 462489 1
gene 4 1 433 -227919 0 6041 -227919 1
genomeend 50


/* Organism #60 Fitness: 270.000000 Time: 0 */
/* Position #60*/
#1 x: 18 y: 28
#2 x: 85 y: 35
#3 x: 39 y: 39
#4 x: 19 y: 79
#5 x: 82 y: 84
#6 x: 35 y: 62
genomestart 60
trait 1 1.000000 0.000000 37409.000000 0.000000 22478.000000 91242.000000 7536.000000 0.000000 trait 2 2.000000 0.000000 0.000000 0.000000 0.000000 0.000000 0.000000 0.000000 trait 3 24073.000000 0.000000 15431.000000 0.000000 40954.000000 100000.000000 0.000000 0.000000 trait 4 30267.000000 0.000000 0.000000 0.000000 12691.000000 0.000000 36386.000000 0.000000 node 1 1 1 3
node 2 3 1 1
node 3 3 1 1
node 4 2 1 1
node 5 4 1 1
node 6 1 1 1
node 7 3 1 1
node 8 3 1 1
node 9 1 1 1
node 10 2 1 1
node 11 4 1 1
node 12 2 1 1
node 13 3 0 2
node 14 4 0 2
node 15 3 0 2
node 21 4 0 0
node 92 1 0 0
node 122 1 0 0
node 148 1 0 0
node 287 1 0 0
node 387 1 0 0
node 403 1 0 0
node 417 1 0 0
node 489 1 0 0
node 504 1 0 0
node 573 1 0 0
node 664 1 0 0
node 761 1 0 0
node 823 1 0 0
node 846 1 0 0
node 993 1 0 0
node 1053 1 0 0
node 1148 1 0 0
node 1211 1 0 0
node 1289 4 0 0
node 1308 1 0 0
node 1326 1 0 0
node 1442 1 0 0
node 1553 1 0 0
node 1588 1 0 0
node 1602 1 0 0
node 1670 1 0 0
node 1761 1 0 0
node 1889 1 0 0
node 1911 1 0 0
node 2063 1 0 0
node 2082 1 0 0
gene 4 1 13 -113061 0 1 -113061 1
gene 3 2 13 -47505 0 2 -47505 1
gene 3 3 13 -260610 0 3 -260610 1
gene 3 4 13 798653 0 4 798653 1
gene 4 5 13 -79920 0 5 -79920 0
gene 1 6 13 207840 0 6 207840 1
gene 1 7 13 633131 0 7 633131 1
gene 2 8 13 288186 0 8 288186 1
gene 1 9 13 -125463 0 9 -125463 0
gene 2 10 13 -488141 0 10 -488141 0
gene 1 11 13 527300 0 11 527300 1
gene 3 12 13 -292899 0 12 -292899 0
gene 3 1 14 -695150 0 13 -695150 1
gene 4 2 14 -619488 0 14 -619488 1
gene 4 3 14 299094 0 15 299094 1
gene 1 4 14 149814 0 16 149814 1
gene 2 5 14 -467163 0 17 -467163 1
gene 4 6 14 -497136 0 18 -497136 0
gene 2 7 14 55452 0 19 55452 1
gene 1 8 14 -193218 0 20 -193218 1
gene 1 9 14 -471993 0 21 -471993 1
gene 4 10 14 191346 0 22 191346 0
gene 4 11 14 -278523 0 23 -278523 0
gene 1 12 14 -192750 0 24 -192750 0
gene 2 1 15 -95885 0 25 -95885 1
gene 4 2 15 -548684 0 26 -548684 1
gene 1 3 15 372035 0 27 372035 1
gene 3 4 15 -48672 0 28 -48672 1
gene 2 5 15 -195780 0 29 -195780 1
gene 3 6 15 -82329 0 30 -82329 0
gene 2 7 15 -318480 0 31 -318480 1
gene 4 8 15 284082 0 32 284082 1
gene 4 9 15 -407502 0 33 -407502 0
gene 2 10 15 -407592 0 34 -407592 0
gene 2 11 15 -10653 0 35 -10653 0
gene 2 12 15 443031 0 36 443031 1
gene 4 9 21 103098 0 49 103098 0
gene 1 21 13 -800000 0 50 -800000 0
gene 3 6 92 248940 0 235 248940 1
gene 3 92 15 275076 0 236 275076 1
gene 4 5 122 -30387 0 332 -30387 1
gene 4 122 13 -507723 0 333 -507723 0
gene 2 11 148 248409 0 403 248409 0
gene 2 148 15 -112653 0 404 -112653 1
gene 3 9 148 543627 0 557 543627 0
gene 2 92 122 -5904 0 768 -5904 1
gene 2 10 287 119760 0 834 119760 1
gene 2 287 15 800000 0 835 800000 1
gene 3 21 287 425016 0 900 425016 1
gene 2 3 287 188673 0 1053 188673 0
gene 3 1 122 328305 0 1085 328305 1
gene 2 11 387 273501 0 1138 273501 1
gene 2 387 148 406722 0 1139 406722 0
gene 3 12 403 800000 0 1185 800000 0
gene 3 403 13 -152754 0 1186 -152754 0
gene 4 10 417 81702 0 1231 81702 1
gene 4 417 14 -131286 0 1232 -131286 1
gene 2 3 489 -800000 0 1426 -800000 1
gene 2 489 287 -270930 0 1427 -270930 0
gene 4 9 504 761244 0 1465 761244 0
gene 4 504 15 -24231 0 1466 -24231 0
gene 3 403 573 202221 0 1680 202221 0
gene 3 573 13 -258222 0 1681 -258222 0
gene 3 403 664 85947 0 1944 85947 1
gene 3 664 573 379008 0 1945 379008 1
gene 3 403 403 287442 1 2179 287442 1
gene 1 21 761 683514 0 2220 683514 1
gene 1 761 13 -297821 0 2221 -297821 0
gene 3 403 21 398109 0 2307 398109 0
gene 3 12 823 800000 0 2416 800000 1
gene 3 823 14 222108 0 2417 222108 0
gene 4 504 846 -67407 0 2497 -67407 1
gene 4 846 15 173130 0 2498 173130 1
gene 2 573 92 272268 0 2714 272268 1
gene 4 11 993 -319974 0 2928 -319974 1
gene 4 993 14 52422 0 2929 52422 0
gene 4 9 1053 -606786 0 3107 -606786 1
gene 4 1053 21 -508122 0 3108 -508122 1
gene 4 993 1148 -99846 0 3382 -99846 1
gene 4 1148 14 800000 0 3383 800000 0
gene 3 1148 21 410217 0 3428 410217 1
gene 2 10 1211 66513 0 3562 66513 1
gene 2 1211 13 434229 0 3563 434229 1
gene 2 387 1289 436530 0 3776 436530 0
gene 2 1289 148 14961 0 3777 14961 1
gene 4 9 1308 -588645 0 3841 -588645 1
gene 4 1308 504 -534056 0 3842 -534056 1
gene 2 12 1326 -28641 0 3895 -28641 1
gene 3 1326 403 34533 0 3896 34533 1
gene 1 761 1442 -369681 0 4224 -369681 1
gene 1 1442 13 141153 0 4225 141153 1
gene 4 1148 1553 201906 0 4540 201906 1
gene 4 1553 14 -512406 0 4541 -512406 1
gene 2 387 1588 18486 0 4659 18486 1
gene 2 1588 1289 25827 0 4660 25827 1
gene 3 9 1602 189411 0 4709 189411 1
gene 3 1602 148 26421 0 4710 26421 1
gene 3 1602 993 41274 0 4813 41274 1
gene 3 823 1670 -269037 0 4911 -269037 1
gene 3 1670 14 146124 0 4912 146124 1
gene 1 403 1289 -12174 0 5094 -12174 1
gene 1 1211 823 -389478 0 5131 -389478 1
gene 3 573 1761 555649 0 5178 555649 1
gene 3 1761 13 46533 0 5179 46533 1
gene 2 14 14 74424 1 5458 74424 1
gene 4 122 1889 -351 0 5553 -351 1
gene 4 1889 13 800000 0 5554 800000 1
gene 2 489 1911 372540 0 5614 372540 1
gene 2 1911 287 -79554 0 5615 -79554 1
gene 2 8 1308 -232785 0 5667 -232785 1
gene 2 6 489 198721 0 5779 198721 1
gene 4 6 2063 291508 0 6021 291508 1
gene 4 2063 14 -551160 0 6022 -551160 1
gene 3 403 2082 63199 0 6070 63199 1
gene 3 2082 21 412734 0 6071 412734 1
gene 4 1442 573 137155 0 6115 137155 1
gene 2 1761 489 266569 0 6158 266569 1
genomeend 60


/* Organism #66 Fitness: 260.000000 Time: 0 */
/* Position #66*/
#1 x: 65 y: 25
#2 x: 70 y: 22
#3 x: 49 y: 37
#4 x: 68 y: 65
#5 x: 22 y: 66
#6 x: 61 y: 71
genomestart 66
trait 1 43007.000000 16300.000000 0.000000 0.000000 0.000000 0.000000 87908.000000 0.000000 trait 2 2.000000 0.000000 0.000000 0.000000 0.000000 0.000000 0.000000 0.000000 trait 3 0.000000 0.000000 0.000000 51304.000000 0.000000 13538.000000 70969.000000 30146.000000 trait 4 4.000000 0.000000 0.000000 0.000000 0.000000 0.000000 0.000000 37957.000000 node 1 4 1 3
node 2 4 1 1
node 3 1 1 1
node 4 1 1 1
node 5 1 1 1
node 6 2 1 1
node 7 4 1 1
node 8 4 1 1
node 9 2 1 1
node 10 1 1 1
node 11 2 1 1
node 12 4 1 1
node 13 2 0 2
node 14 1 0 2
node 15 3 0 2
node 121 1 0 0
node 235 1 0 0
node 384 1 0 0
node 420 1 0 0
node 433 1 0 0
node 461 1 0 0
node 500 1 0 0
node 516 1 0 0
node 697 1 0 0
node 1018 1 0 0
node 1130 1 0 0
node 1323 1 0 0
node 1393 1 0 0
node 1479 1 0 0
node 1531 1 0 0
node 1683 1 0 0
node 1734 1 0 0
node 1953 1 0 0
node 1976 1 0 0
node 1994 1 0 0
gene 2 1 13 199068 0 1 199068 1
gene 3 2 13 -315432 0 2 -315432 1
gene 2 3 13 -107067 0 3 -107067 1
gene 3 4 13 441027 0 4 441027 1
gene 2 5 13 393177 0 5 393177 1
gene 4 6 13 -472170 0 6 -472170 1
gene 3 7 13 249411 0 7 249411 1
gene 2 8 13 -421187 0 8 -421187 0
gene 3 9 13 -17028 0 9 -17028 1
gene 2 10 13 -174369 0 10 -174369 1
gene 2 11 13 185844 0 11 185844 1
gene 4 12 13 -343526 0 12 -343526 1
gene 2 1 14 800000 0 13 800000 1
gene 2 2 14 511254 0 14 511254 1
gene 4 3 14 -51057 0 15 -51057 1
gene 4 4 14 278574 0 16 278574 0
gene 4 5 14 -181443 0 17 -181443 1
gene 3 6 14 302601 0 18 302601 1
gene 2 7 14 -99972 0 19 -99972 1
gene 1 8 14 14538 0 20 14538 0
gene 2 9 14 -350457 0 21 -350457 0
gene 1 10 14 42474 0 22 42474 0
gene 1 11 14 -157326 0 23 -157326 0
gene 4 12 14 338229 0 24 338229 1
gene 3 1 15 -269496 0 25 -269496 1
gene 3 2 15 58512 0 26 58512 1
gene 3 3 15 -410154 0 27 -410154 0
gene 3 4 15 280956 0 28 280956 1
gene 3 5 15 -248655 0 29 -248655 1
gene 1 6 15 -222471 0 30 -222471 1
gene 3 7 15 187461 0 31 187461 0
gene 3 8 15 202311 0 32 202311 1
gene 3 9 15 599987 0 33 599987 1
gene 3 10 15 139602 0 34 139602 0
gene 2 11 15 -277284 0 35 -277284 1
gene 4 12 15 -366174 0 36 -366174 0
gene 4 15 15 148521 1 174 148521 0
gene 3 8 121 523935 0 329 523935 0
gene 3 121 15 136566 0 330 136566 1
gene 2 5 121 -133485 0 438 -133485 1
gene 2 7 121 -26715 0 483 -26715 1
gene 4 4 235 -186546 0 666 -186546 1
gene 4 235 14 -106449 0 667 -106449 1
gene 1 1 235 -174000 0 753 -174000 1
gene 1 9 235 -761018 0 1108 -761018 1
gene 3 10 384 -595350 0 1126 -595350 1
gene 3 384 15 147195 0 1127 147195 0
gene 2 14 14 14262 1 1197 14262 1
gene 3 7 420 -800000 0 1239 -800000 1
gene 3 420 15 470217 0 1240 470217 1
gene 3 2 433 298245 0 1284 298245 0
gene 3 433 13 53748 0 1285 53748 1
gene 4 3 461 -695124 0 1352 -695124 1
gene 4 461 14 -505239 0 1353 -505239 1
gene 4 15 500 800000 1 1453 800000 1
gene 4 500 15 81144 0 1454 81144 1
gene 1 8 516 225063 0 1500 225063 1
gene 1 516 14 -328758 0 1501 -328758 1
gene 1 384 121 271587 0 1548 271587 1
gene 2 8 461 179046 0 1965 179046 0
gene 3 3 697 800000 0 2038 800000 1
gene 3 697 15 -743903 0 2039 -743903 1
gene 2 1 500 103968 0 2133 103968 1
gene 1 3 433 -105207 0 2628 -105207 1
gene 1 516 516 -226002 1 2664 -226002 1
gene 3 8 1018 -135207 0 2997 -135207 1
gene 3 1018 121 162675 0 2998 162675 0
gene 3 15 433 579165 0 3156 579165 1
gene 1 10 1130 327903 0 3329 327903 1
gene 1 1130 14 599061 0 3330 599061 0
gene 3 500 697 392934 0 3371 392934 1
gene 2 3 516 153036 0 3603 153036 1
gene 2 9 1323 -541446 0 3885 -541446 0
gene 2 1323 14 800000 0 3886 800000 0
gene 2 121 420 -652908 0 3959 -652908 1
gene 2 8 1393 -164811 0 4093 -164811 1
gene 2 1393 13 120951 0 4094 120951 1
gene 1 11 1479 -146127 0 4325 -146127 1
gene 1 1479 14 -92364 0 4326 -92364 1
gene 4 12 1531 -566121 0 4477 -566121 1
gene 4 1531 15 -148695 0 4478 -148695 1
gene 3 1393 433 572232 0 4734 572232 1
gene 2 1323 1683 116502 0 4950 116502 1
gene 2 1683 14 21303 0 4951 21303 1
gene 2 9 1734 -385977 0 5099 -385977 1
gene 2 1734 1323 -478980 0 5100 -478980 1
gene 1 5 1531 282654 0 5504 282654 1
gene 2 1323 461 268137 0 5534 268137 1
gene 2 1734 1734 -47352 1 5573 -47352 1
gene 4 2 1683 502782 0 5674 502782 1
gene 1 1130 1953 -268305 0 5725 -268305 1
gene 1 1953 14 67086 0 5726 67086 1
gene 3 2 1976 -498749 0 5782 -498749 1
gene 3 1976 433 -184884 0 5783 -184884 1
gene 2 8 1994 176337 0 5831 176337 1
gene 2 1994 461 1719 0 5832 1719 1
gene 4 384 1323 -32277 0 6182 -32277 1
genomeend 66


