/* Organism #6 Fitness: 300.000000 Time: 0 */
/* Position #6*/
#1 x: 79 y: 16
#2 x: 71 y: 24
#3 x: 31 y: 16
#4 x: 26 y: 68
#5 x: 80 y: 76
#6 x: 23 y: 80
genomestart 6
trait 1 100000.000000 0.000000 0.000000 0.000000 0.000000 0.000000 0.000000 0.000000 trait 2 52534.000000 91990.000000 0.000000 100000.000000 0.000000 0.000000 0.000000 0.000000 trait 3 21555.000000 0.000000 74217.000000 0.000000 72769.000000 0.000000 0.000000 0.000000 trait 4 4.000000 0.000000 0.000000 0.000000 0.000000 0.000000 0.000000 0.000000 node 1 1 1 3
node 2 2 1 1
node 3 4 1 1
node 4 4 1 1
node 5 1 1 1
node 6 4 1 1
node 7 3 1 1
node 8 3 1 1
node 9 3 1 1
node 10 4 1 1
node 11 4 1 1
node 12 1 1 1
node 13 1 0 2
node 14 2 0 2
node 15 4 0 2
node 24 1 0 0
node 188 3 0 0
node 222 1 0 0
node 272 1 0 0
node 301 1 0 0
node 380 1 0 0
node 393 1 0 0
node 453 4 0 0
node 469 1 0 0
node 557 1 0 0
node 729 1 0 0
node 875 1 0 0
node 927 1 0 0
node 1021 1 0 0
node 1084 1 0 0
node 1116 1 0 0
node 1234 1 0 0
node 1295 1 0 0
node 1374 1 0 0
node 1496 1 0 0
node 1522 1 0 0
node 1622 1 0 0
node 1712 1 0 0
node 1847 1 0 0
node 1890 1 0 0
node 2011 1 0 0
node 2035 1 0 0
node 2119 1 0 0
node 2161 1 0 0
node 2179 1 0 0
node 2221 1 0 0
node 2397 1 0 0
node 2505 1 0 0
node 2547 1 0 0
node 2578 1 0 0
node 2851 1 0 0
gene 1 1 13 142632 0 1 142632 1
gene 2 2 13 205479 0 2 205479 1
gene 2 3 13 572451 0 3 572451 1
gene 4 4 13 -51576 0 4 -51576 0
gene 3 5 13 -446070 0 5 -446070 1
gene 1 6 13 -785294 0 6 -785294 1
gene 3 7 13 36306 0 7 36306 1
gene 1 8 13 53574 0 8 53574 0
gene 4 9 13 -116823 0 9 -116823 1
gene 2 10 13 122227 0 10 122227 1
gene 3 11 13 224829 0 11 224829 1
gene 4 12 13 -361239 0 12 -361239 1
gene 1 1 14 182400 0 13 182400 1
gene 1 2 14 -218960 0 14 -218960 1
gene 1 3 14 114396 0 15 114396 1
gene 2 4 14 -530577 0 16 -530577 1
gene 1 5 14 -310329 0 17 -310329 1
gene 2 6 14 119307 0 18 119307 0
gene 3 7 14 397590 0 19 397590 0
gene 3 8 14 228099 0 20 228099 1
gene 3 9 14 491748 0 21 491748 0
gene 2 10 14 163392 0 22 163392 1
gene 3 11 14 -209904 0 23 -209904 0
gene 2 12 14 -765338 0 24 -765338 1
gene 2 1 15 -42843 0 25 -42843 1
gene 3 2 15 305349 0 26 305349 1
gene 4 3 15 -349401 0 27 -349401 0
gene 1 4 15 -121506 0 28 -121506 0
gene 4 5 15 272694 0 29 272694 1
gene 2 6 15 138516 0 30 138516 1
gene 4 7 15 192543 0 31 192543 0
gene 2 8 15 -98766 0 32 -98766 0
gene 2 9 15 -57861 0 33 -57861 0
gene 2 10 15 -147630 0 34 -147630 1
gene 3 11 15 -248814 0 35 -248814 1
gene 2 12 15 -767352 0 36 -767352 0
gene 4 4 24 212229 0 62 212229 1
gene 3 24 13 -236343 0 63 -236343 1
gene 1 24 24 -757395 1 127 -757395 0
gene 3 15 13 -394182 0 293 -394182 1
gene 2 7 24 -182424 0 408 -182424 0
gene 3 7 188 -386570 0 526 -386570 1
gene 3 188 14 -309552 0 527 -309552 1
gene 2 9 222 93489 0 645 93489 0
gene 2 222 15 -307185 0 646 -307185 1
gene 3 3 272 -737582 0 798 -737582 1
gene 3 272 15 -138063 0 799 -138063 0
gene 2 3 24 357518 0 850 357518 1
gene 1 24 301 706124 1 893 706124 0
gene 1 301 24 -205848 0 894 -205848 0
gene 1 188 188 -198483 1 934 -198483 1
gene 3 4 188 3585 0 1080 3585 1
gene 2 6 380 -439227 0 1115 -439227 1
gene 2 380 14 -370683 0 1116 -370683 1
gene 1 4 393 -800000 0 1157 -800000 1
gene 1 393 15 -417495 0 1158 -417495 1
gene 1 15 380 100758 0 1196 100758 1
gene 2 12 188 -372363 0 1302 -372363 0
gene 2 9 453 337848 0 1346 337848 1
gene 2 453 222 -145386 0 1347 -145386 1
gene 1 24 469 652269 1 1394 652269 0
gene 1 469 301 -800000 0 1395 -800000 0
gene 3 222 24 299631 0 1576 299631 1
gene 4 3 188 -288744 0 1616 -288744 1
gene 3 272 557 234270 0 1666 234270 1
gene 1 557 15 3264 0 1667 3264 0
gene 1 6 272 294456 0 1830 294456 0
gene 4 12 380 -432105 0 1879 -432105 0
gene 1 469 729 134886 0 2197 134886 1
gene 1 729 301 -36360 0 2198 -36360 1
gene 2 14 301 308574 0 2244 308574 0
gene 1 188 380 47964 0 2284 47964 1
gene 3 8 875 -101013 0 2630 -101013 0
gene 1 875 13 -6093 0 2631 -6093 1
gene 4 12 927 -295089 0 2791 -295089 1
gene 4 927 380 -86175 0 2792 -86175 1
gene 2 393 380 296520 0 3014 296520 1
gene 2 7 1021 268971 0 3066 268971 1
gene 2 1021 24 45747 0 3067 45747 1
gene 1 8 1084 -95182 0 3243 -95182 0
gene 1 1084 875 786029 0 3244 786029 0
gene 4 188 927 733683 0 3297 733683 1
gene 1 1084 1116 569457 0 3335 569457 1
gene 1 1116 875 438162 0 3336 438162 0
gene 1 222 469 -413340 0 3394 -413340 1
gene 1 8 1234 17895 0 3693 17895 1
gene 1 1234 1084 622850 0 3694 622850 1
gene 1 301 1295 -70470 0 3863 -70470 1
gene 1 1295 24 292554 0 3864 292554 1
gene 1 2 393 -497225 0 3943 -497225 1
gene 4 1084 1084 493599 1 4053 493599 1
gene 3 1295 1084 6144 0 4076 6144 1
gene 1 1116 1374 800000 0 4119 800000 1
gene 1 1374 875 -170268 0 4120 -170268 1
gene 2 272 1084 125613 0 4218 125613 1
gene 2 12 1496 197865 0 4474 197865 1
gene 2 1496 15 180213 0 4475 180213 1
gene 1 557 1522 -248529 0 4546 -248529 1
gene 1 1522 15 330735 0 4547 330735 1
gene 3 1116 1021 153582 0 4657 153582 1
gene 3 9 380 726012 0 4725 726012 1
gene 2 12 1622 -303150 0 4831 -303150 1
gene 2 1622 188 491784 0 4832 491784 1
gene 4 453 453 -350010 1 4965 -350010 0
gene 2 8 1712 -319419 0 5099 -319419 1
gene 2 1712 15 -660713 0 5100 -660713 0
gene 1 6 1847 23655 0 5495 23655 1
gene 1 1847 272 -666033 0 5496 -666033 1
gene 3 9 1890 -352533 0 5636 -352533 0
gene 3 1890 14 224706 0 5637 224706 1
gene 4 1116 13 649047 0 5838 649047 1
gene 1 9 1712 409974 0 5937 409974 1
gene 1 24 2011 133773 1 5985 133773 1
gene 1 2011 469 -191484 0 5986 -191484 1
gene 2 1712 2035 -779432 0 6047 -779432 0
gene 2 2035 15 519509 0 6048 519509 1
gene 3 927 1084 58614 0 6090 58614 0
gene 4 1847 453 155715 0 6145 155715 1
gene 2 1712 2119 -185244 0 6302 -185244 1
gene 2 2119 2035 -549711 0 6303 -549711 1
gene 3 9 2161 34173 0 6421 34173 1
gene 3 2161 1890 297393 0 6422 297393 1
gene 4 453 2179 278874 1 6471 278874 1
gene 4 2179 453 -188670 0 6472 -188670 1
gene 4 7 2221 -243693 0 6590 -243693 0
gene 4 2221 15 -325011 0 6591 -325011 1
gene 2 1295 1021 -255936 0 6920 -255936 1
gene 4 2011 393 -150927 0 7009 -150927 0
gene 3 1295 557 622644 1 7060 622644 1
gene 3 11 2397 562977 0 7109 562977 1
gene 3 2397 14 -39675 0 7110 -39675 1
gene 3 469 272 -63324 0 7207 -63324 1
gene 2 14 2505 993 0 7409 993 1
gene 2 2505 301 237849 0 7410 237849 1
gene 4 7 2547 -155592 0 7531 -155592 1
gene 4 2547 2221 -133053 0 7532 -133053 1
gene 3 927 2578 -365268 0 7639 -365268 1
gene 3 2578 1084 125223 0 7640 125223 1
gene 2 4 1522 33577 0 8121 33577 1
gene 3 1522 393 244422 0 8167 244422 1
gene 3 1847 2221 -288123 0 8293 -288123 1
gene 2 875 24 -194514 0 8330 -194514 1
gene 4 2011 2851 -269576 0 8441 -269576 1
gene 4 2851 393 56355 0 8442 56355 1
genomeend 6


/* Organism #16 Fitness: 320.000000 Time: 0 */
/* Position #16*/
#1 x: 58 y: 28
#2 x: 61 y: 17
#3 x: 75 y: 20
#4 x: 63 y: 77
#5 x: 66 y: 72
#6 x: 72 y: 74
genomestart 16
trait 1 0.000000 0.000000 100000.000000 54452.000000 0.000000 76959.000000 0.000000 0.000000 trait 2 51558.000000 0.000000 0.000000 0.000000 78989.000000 0.000000 84160.000000 0.000000 trait 3 3.000000 0.000000 0.000000 0.000000 0.000000 0.000000 0.000000 0.000000 trait 4 4.000000 31394.000000 71462.000000 0.000000 0.000000 0.000000 0.000000 76528.000000 node 1 4 1 3
node 2 2 1 1
node 3 2 1 1
node 4 2 1 1
node 5 4 1 1
node 6 3 1 1
node 7 4 1 1
node 8 1 1 1
node 9 4 1 1
node 10 1 1 1
node 11 1 1 1
node 12 1 1 1
node 13 3 0 2
node 14 1 0 2
node 15 4 0 2
node 71 1 0 0
node 289 2 0 0
node 317 1 0 0
node 368 3 0 0
node 381 1 0 0
node 394 1 0 0
node 473 1 0 0
node 490 1 0 0
node 568 1 0 0
node 647 4 0 0
node 686 1 0 0
node 704 4 0 0
node 760 1 0 0
node 834 1 0 0
node 877 1 0 0
node 886 1 0 0
node 948 1 0 0
node 996 1 0 0
node 1018 1 0 0
node 1030 1 0 0
node 1107 1 0 0
node 1283 1 0 0
node 1318 3 0 0
node 1334 1 0 0
node 1348 1 0 0
node 1396 1 0 0
node 1501 1 0 0
node 1604 1 0 0
node 1683 1 0 0
node 1699 1 0 0
node 1811 1 0 0
node 1862 1 0 0
node 1886 1 0 0
node 1902 1 0 0
node 2048 1 0 0
node 2063 1 0 0
node 2095 1 0 0
node 2127 1 0 0
node 2202 1 0 0
node 2218 1 0 0
node 2385 1 0 0
node 2400 1 0 0
node 2432 1 0 0
node 2639 1 0 0
node 2716 1 0 0
node 2854 1 0 0
gene 4 1 13 -298746 0 1 -298746 1
gene 3 2 13 -73590 0 2 -73590 0
gene 2 3 13 -800000 0 3 -800000 0
gene 4 4 13 -622161 0 4 -622161 1
gene 2 5 13 -371622 0 5 -371622 0
gene 3 6 13 128490 0 6 128490 0
gene 1 7 13 -800000 0 7 -800000 0
gene 1 8 13 -50238 0 8 -50238 0
gene 1 9 13 -80445 0 9 -80445 1
gene 2 10 13 -800000 0 10 -800000 0
gene 3 11 13 -382566 0 11 -382566 1
gene 3 12 13 -38490 0 12 -38490 0
gene 1 1 14 -19266 0 13 -19266 1
gene 1 2 14 272832 0 14 272832 0
gene 3 3 14 162639 0 15 162639 0
gene 1 4 14 52920 0 16 52920 0
gene 1 5 14 -209448 0 17 -209448 1
gene 1 6 14 -402414 0 18 -402414 1
gene 1 7 14 -284508 0 19 -284508 1
gene 2 8 14 -686736 0 20 -686736 1
gene 2 9 14 -302502 0 21 -302502 1
gene 1 10 14 -800000 0 22 -800000 0
gene 3 11 14 -130542 0 23 -130542 1
gene 2 12 14 -453480 0 24 -453480 0
gene 3 1 15 237618 0 25 237618 1
gene 2 2 15 -236802 0 26 -236802 1
gene 4 3 15 -800000 0 27 -800000 0
gene 2 4 15 -231887 0 28 -231887 0
gene 2 5 15 -432090 0 29 -432090 1
gene 1 6 15 527190 0 30 527190 1
gene 4 7 15 361953 0 31 361953 0
gene 2 8 15 526694 0 32 526694 0
gene 2 9 15 364320 0 33 364320 0
gene 1 10 15 -162240 0 34 -162240 1
gene 3 11 15 749792 0 35 749792 0
gene 1 12 15 -639851 0 36 -639851 1
gene 4 3 71 -104502 0 201 -104502 0
gene 3 71 14 702035 0 202 702035 0
gene 1 13 13 -258120 1 248 -258120 1
gene 2 13 15 -67014 0 413 -67014 1
gene 4 10 71 30423 0 454 30423 1
gene 1 7 71 -227097 0 542 -227097 0
gene 4 8 71 431793 0 717 431793 1
gene 4 71 71 48042 1 769 48042 0
gene 4 3 289 576342 0 858 576342 0
gene 4 289 15 -758768 0 859 -758768 1
gene 2 289 14 -194493 0 897 -194493 1
gene 4 3 317 356592 0 942 356592 0
gene 4 317 289 565389 0 943 565389 1
gene 2 8 368 -729518 0 1081 -729518 0
gene 2 368 15 -122604 0 1082 -122604 0
gene 2 2 381 159728 0 1117 159728 1
gene 2 381 14 155430 0 1118 155430 1
gene 4 3 394 33714 0 1159 33714 0
gene 4 394 71 -53037 0 1160 -53037 1
gene 4 1 394 385310 0 1362 385310 1
gene 2 3 473 53919 0 1405 53919 1
gene 2 473 13 -226425 0 1406 -226425 1
gene 1 10 490 -584520 0 1456 -584520 1
gene 1 490 14 -229857 0 1457 -229857 1
gene 3 13 289 -662193 0 1591 -662193 1
gene 4 71 568 371172 1 1699 371172 0
gene 4 568 71 -507018 0 1700 -507018 0
gene 3 568 15 188801 0 1754 188801 1
gene 3 289 394 -711372 0 1809 -711372 0
gene 4 568 647 -108426 0 1948 -108426 1
gene 4 647 71 -146163 0 1949 -146163 0
gene 1 7 686 -480939 0 2069 -480939 1
gene 1 686 71 -195771 0 2070 -195771 0
gene 3 71 704 -800000 0 2122 -800000 1
gene 3 704 14 -115479 0 2123 -115479 1
gene 3 289 760 -4548 0 2296 -4548 1
gene 3 760 394 -749394 0 2297 -749394 1
gene 4 368 394 -86310 0 2326 -86310 0
gene 2 10 289 -499425 0 2376 -499425 1
gene 4 3 834 -445886 0 2518 -445886 1
gene 4 834 317 -418752 0 2519 -418752 1
gene 2 12 877 137070 0 2634 137070 0
gene 2 877 14 -127791 0 2635 -127791 1
gene 2 4 886 -390936 0 2665 -390936 1
gene 2 886 15 173847 0 2666 173847 0
gene 2 5 948 800000 0 2855 800000 0
gene 2 948 13 -311337 0 2856 -311337 0
gene 2 877 877 -562874 1 2903 -562874 1
gene 4 7 996 -309165 0 2996 -309165 1
gene 1 996 13 196680 0 2997 196680 1
gene 3 7 1018 159195 0 3054 159195 1
gene 4 1018 15 98601 0 3055 98601 1
gene 1 4 1030 -201447 0 3100 -201447 1
gene 1 1030 14 232659 0 3101 232659 1
gene 3 568 568 -580857 1 3154 -580857 1
gene 2 5 1107 -687879 0 3308 -687879 1
gene 2 1107 948 50103 0 3309 50103 1
gene 4 686 686 800000 1 3352 800000 1
gene 3 996 490 632085 0 3408 632085 1
gene 3 996 996 -561069 1 3624 -561069 0
gene 3 381 381 496239 1 3767 496239 1
gene 4 3 1283 -486771 0 3832 -486771 0
gene 4 1283 394 -17586 0 3833 -17586 1
gene 2 8 1318 163794 0 3932 163794 1
gene 2 1318 368 -200628 0 3933 -200628 1
gene 4 3 1334 196992 0 3987 196992 1
gene 4 1334 1283 -55779 0 3988 -55779 1
gene 3 6 1348 -295743 0 4030 -295743 1
gene 3 1348 13 -380307 0 4031 -380307 0
gene 3 11 1396 320853 0 4170 320853 1
gene 3 1396 15 690147 0 4171 690147 1
gene 2 948 1501 395751 0 4488 395751 0
gene 2 1501 13 800000 0 4489 800000 1
gene 2 948 1604 155208 0 4780 155208 1
gene 2 1604 1501 -578646 0 4781 -578646 1
gene 4 490 317 -33180 0 4926 -33180 0
gene 3 996 1683 -87057 1 5017 -87057 1
gene 3 1683 996 112620 0 5018 112620 1
gene 2 368 1699 -800000 0 5067 -800000 1
gene 2 1699 15 -646668 0 5068 -646668 0
gene 4 8 1396 -95082 0 5249 -95082 1
gene 2 886 1811 -40491 0 5389 -40491 1
gene 2 1811 15 -282 0 5390 -282 1
gene 3 12 1862 -97381 0 5541 -97381 1
gene 3 1862 13 -283629 0 5542 -283629 1
gene 3 2 1862 -249525 0 5583 -249525 1
gene 4 490 1886 -761784 0 5624 -761784 1
gene 4 1886 317 33015 0 5625 33015 1
gene 4 368 1902 118248 0 5673 118248 1
gene 4 1902 394 -202329 0 5674 -202329 1
gene 3 1501 686 140262 0 5725 140262 1
gene 2 10 2048 252669 0 6086 252669 1
gene 2 2048 13 61335 0 6087 61335 1
gene 2 12 2063 189432 0 6128 189432 1
gene 2 2063 877 88191 0 6129 88191 0
gene 1 473 14 100938 0 6174 100938 0
gene 2 1699 2095 -420468 0 6227 -420468 1
gene 2 2095 15 -222192 0 6228 -222192 1
gene 4 7 886 -248046 0 6279 -248046 1
gene 4 647 2127 91581 0 6325 91581 1
gene 4 2127 71 36075 0 6326 36075 1
gene 3 2 2202 -54009 0 6535 -54009 1
gene 3 2202 13 259281 0 6536 259281 1
gene 2 2063 2218 -76830 0 6583 -76830 1
gene 2 2218 877 -442152 0 6584 -442152 1
gene 4 1811 1396 -261936 0 6829 -261936 1
gene 3 1348 2385 -461640 0 7077 -461640 1
gene 3 2385 13 189306 0 7078 189306 1
gene 1 686 2400 -492633 0 7118 -492633 1
gene 1 2400 71 -146625 0 7119 -146625 1
gene 2 9 2432 -514293 0 7209 -514293 1
gene 2 2432 15 204825 0 7210 204825 1
gene 3 1318 2400 -65019 0 7258 -65019 1
gene 3 1699 2202 -385710 0 7477 -385710 1
gene 2 1107 14 218085 0 7705 218085 1
gene 1 8 2639 8457 0 7820 8457 1
gene 1 2639 13 18984 0 7821 18984 1
gene 1 473 2716 -1460 0 8036 -1460 1
gene 1 2716 14 -171972 0 8037 -171972 1
gene 3 2432 760 -26119 0 8258 -26119 1
gene 3 2639 1699 12482 0 8394 12482 1
gene 4 71 2854 1 1 8452 0 1
gene 4 2854 568 371172 0 8453 0 1
genomeend 16


/* Organism #22 Fitness: 280.000000 Time: 0 */
/* Position #22*/
#1 x: 39 y: 23
#2 x: 26 y: 28
#3 x: 27 y: 15
#4 x: 81 y: 79
#5 x: 71 y: 71
#6 x: 23 y: 78
genomestart 22
trait 1 100000.000000 0.000000 0.000000 0.000000 0.000000 0.000000 0.000000 0.000000 trait 2 52534.000000 91990.000000 0.000000 100000.000000 0.000000 0.000000 0.000000 0.000000 trait 3 21555.000000 0.000000 74217.000000 0.000000 72769.000000 0.000000 0.000000 0.000000 trait 4 4.000000 0.000000 0.000000 0.000000 0.000000 0.000000 0.000000 0.000000 node 1 1 1 3
node 2 2 1 1
node 3 4 1 1
node 4 4 1 1
node 5 1 1 1
node 6 4 1 1
node 7 3 1 1
node 8 3 1 1
node 9 3 1 1
node 10 4 1 1
node 11 4 1 1
node 12 1 1 1
node 13 1 0 2
node 14 2 0 2
node 15 4 0 2
node 24 1 0 0
node 188 3 0 0
node 222 1 0 0
node 272 1 0 0
node 301 1 0 0
node 380 1 0 0
node 393 1 0 0
node 453 4 0 0
node 469 1 0 0
node 557 1 0 0
node 729 1 0 0
node 875 1 0 0
node 927 1 0 0
node 1021 1 0 0
node 1084 1 0 0
node 1116 1 0 0
node 1234 1 0 0
node 1295 1 0 0
node 1374 1 0 0
node 1496 1 0 0
node 1522 1 0 0
node 1622 1 0 0
node 1712 1 0 0
node 1847 1 0 0
node 1890 1 0 0
node 2011 1 0 0
node 2035 1 0 0
node 2119 1 0 0
node 2161 1 0 0
node 2179 1 0 0
node 2221 1 0 0
node 2397 1 0 0
node 2505 1 0 0
node 2547 1 0 0
node 2578 1 0 0
node 2702 1 0 0
node 2721 1 0 0
node 2770 1 0 0
node 2840 1 0 0
node 2856 1 0 0
gene 1 1 13 -250260 0 1 -250260 1
gene 2 2 13 -800000 0 2 -800000 1
gene 2 3 13 580821 0 3 580821 1
gene 4 4 13 -92340 0 4 -92340 0
gene 3 5 13 -800000 0 5 -800000 1
gene 1 6 13 -452834 0 6 -452834 1
gene 3 7 13 728945 0 7 728945 1
gene 1 8 13 -593868 0 8 -593868 0
gene 4 9 13 -800000 0 9 -800000 1
gene 2 10 13 605926 0 10 605926 1
gene 3 11 13 -88371 0 11 -88371 1
gene 4 12 13 -33804 0 12 -33804 1
gene 1 1 14 529359 0 13 529359 1
gene 1 2 14 -121487 0 14 -121487 1
gene 2 3 14 -405666 0 15 -405666 1
gene 2 4 14 -688851 0 16 -688851 1
gene 1 5 14 -409032 0 17 -409032 1
gene 2 6 14 -800000 0 18 -800000 0
gene 3 7 14 190815 0 19 190815 0
gene 3 8 14 150222 0 20 150222 1
gene 3 9 14 622671 0 21 622671 0
gene 2 10 14 -402972 0 22 -402972 1
gene 3 11 14 494879 0 23 494879 0
gene 2 12 14 -616523 0 24 -616523 1
gene 2 1 15 763904 0 25 763904 1
gene 3 2 15 -479348 0 26 -479348 1
gene 4 3 15 -305991 0 27 -305991 0
gene 1 4 15 -113871 0 28 -113871 0
gene 4 5 15 -270891 0 29 -270891 1
gene 2 6 15 153846 0 30 153846 1
gene 4 7 15 -481107 0 31 -481107 0
gene 2 8 15 -486845 0 32 -486845 0
gene 2 9 15 234167 0 33 234167 0
gene 2 10 15 -564173 0 34 -564173 1
gene 3 11 15 238137 0 35 238137 1
gene 2 12 15 -59298 0 36 -59298 0
gene 4 4 24 -290924 0 62 -290924 1
gene 3 24 13 40968 0 63 40968 0
gene 1 24 24 -297012 1 127 -297012 0
gene 3 15 13 184644 0 293 184644 1
gene 2 7 24 174318 0 408 174318 0
gene 3 7 188 -142953 0 526 -142953 1
gene 3 188 14 -198861 0 527 -198861 1
gene 2 9 222 35157 0 645 35157 0
gene 2 222 15 -250671 0 646 -250671 1
gene 3 3 272 185622 0 798 185622 1
gene 3 272 15 -799821 0 799 -799821 0
gene 2 3 24 50895 0 850 50895 1
gene 1 24 301 320112 1 893 320112 0
gene 1 301 24 44967 0 894 44967 0
gene 1 188 188 -126534 1 934 -126534 1
gene 3 4 188 16884 0 1080 16884 1
gene 2 6 380 -225072 0 1115 -225072 1
gene 2 380 14 -651122 0 1116 -651122 1
gene 1 4 393 224743 0 1157 224743 1
gene 1 393 15 -800000 0 1158 -800000 1
gene 1 15 380 800000 0 1196 800000 1
gene 2 12 188 683184 0 1302 683184 0
gene 2 9 453 76869 0 1346 76869 1
gene 2 453 222 800000 0 1347 800000 1
gene 1 24 469 800000 1 1394 800000 0
gene 1 469 301 244623 0 1395 244623 0
gene 3 222 24 800000 0 1576 800000 1
gene 4 3 188 -507630 0 1616 -507630 1
gene 3 272 557 206790 0 1666 206790 1
gene 1 557 15 -478668 0 1667 -478668 0
gene 1 6 272 -800000 0 1830 -800000 0
gene 4 12 380 595347 0 1879 595347 0
gene 1 469 729 371739 0 2197 371739 1
gene 1 729 301 -800000 0 2198 -800000 1
gene 2 14 301 517095 0 2244 517095 0
gene 1 188 380 -83583 0 2284 -83583 1
gene 3 8 875 800000 0 2630 800000 0
gene 1 875 13 628745 0 2631 628745 1
gene 4 12 927 207255 0 2791 207255 1
gene 4 927 380 -235404 0 2792 -235404 1
gene 2 393 380 552678 0 3014 552678 0
gene 2 7 1021 -231417 0 3066 -231417 1
gene 2 1021 24 -641213 0 3067 -641213 1
gene 1 8 1084 298925 0 3243 298925 0
gene 3 1084 875 95922 0 3244 95922 0
gene 4 188 927 -478401 0 3297 -478401 1
gene 1 1084 1116 -508548 0 3335 -508548 1
gene 1 1116 875 532041 0 3336 532041 0
gene 1 222 469 -698166 0 3394 -698166 1
gene 1 8 1234 -153755 0 3693 -153755 1
gene 1 1234 1084 515432 0 3694 515432 1
gene 1 301 1295 359520 0 3863 359520 1
gene 1 1295 24 313371 0 3864 313371 1
gene 1 2 393 -353075 0 3943 -353075 0
gene 4 1084 1084 182400 1 4053 182400 1
gene 3 1295 1084 217998 0 4076 217998 0
gene 1 1116 1374 689400 0 4119 689400 1
gene 1 1374 875 658895 0 4120 658895 1
gene 2 272 1084 120027 0 4218 120027 1
gene 2 12 1496 57636 0 4474 57636 1
gene 2 1496 15 800000 0 4475 800000 1
gene 1 557 1522 -429462 0 4546 -429462 1
gene 1 1522 15 144606 0 4547 144606 1
gene 3 1116 1021 -312129 0 4657 -312129 1
gene 3 9 380 -618213 0 4725 -618213 1
gene 2 12 1622 -57795 0 4831 -57795 1
gene 2 1622 188 -103854 0 4832 -103854 1
gene 4 453 453 442503 1 4965 442503 0
gene 2 8 1712 505245 0 5099 505245 1
gene 2 1712 15 -187446 0 5100 -187446 0
gene 1 6 1847 800000 0 5495 800000 1
gene 1 1847 272 -327969 0 5496 -327969 1
gene 3 9 1890 481682 0 5636 481682 0
gene 3 1890 14 800000 0 5637 800000 1
gene 4 1116 13 -351192 0 5838 -351192 1
gene 1 9 1712 -84660 0 5937 -84660 1
gene 1 24 2011 -228129 1 5985 -228129 1
gene 1 2011 469 -192645 0 5986 -192645 1
gene 2 1712 2035 -658127 0 6047 -658127 0
gene 2 2035 15 -31143 0 6048 -31143 1
gene 3 927 1084 -464589 0 6090 -464589 0
gene 4 1847 453 53097 0 6145 53097 1
gene 2 1712 2119 322584 0 6302 322584 1
gene 2 2119 2035 262236 0 6303 262236 1
gene 3 9 2161 -659514 0 6421 -659514 1
gene 3 2161 1890 -45051 0 6422 -45051 1
gene 4 453 2179 -246960 1 6471 -246960 1
gene 4 2179 453 286794 0 6472 286794 1
gene 4 7 2221 -175350 0 6590 -175350 0
gene 4 2221 15 500916 0 6591 500916 1
gene 2 1295 1021 266703 0 6920 266703 1
gene 4 2011 393 -438854 0 7009 -438854 1
gene 3 1295 557 -100773 1 7060 -100773 1
gene 3 11 2397 -189762 0 7109 -189762 1
gene 3 2397 14 8049 0 7110 8049 1
gene 3 469 272 -80988 0 7207 -80988 1
gene 2 14 2505 -239886 0 7409 -239886 1
gene 2 2505 301 -332934 0 7410 -332934 1
gene 4 7 2547 49533 0 7531 49533 1
gene 4 2547 2221 -345972 0 7532 -345972 1
gene 3 927 2578 -173778 0 7639 -173778 1
gene 3 2578 1084 432663 0 7640 432663 1
gene 1 2 2702 43456 0 7998 43456 1
gene 1 2702 393 -488760 0 7999 -488760 1
gene 2 393 2721 -213992 0 8050 -213992 1
gene 2 2721 380 -343137 0 8051 -343137 1
gene 3 469 393 -369893 0 8093 -369893 1
gene 3 24 2770 -211436 0 8203 -211436 1
gene 3 2770 13 -800000 0 8204 -800000 1
gene 3 1295 2840 1 0 8417 0 0
gene 3 2840 1084 217998 0 8418 0 1
gene 3 1295 2856 1 0 8459 0 1
gene 3 2856 2840 1 0 8460 0 1
gene 3 2119 380 36442 0 8501 36442 1
genomeend 22


/* Organism #42 Fitness: 520.000000 Time: 0 */
/* Position #42*/
#1 x: 21 y: 32
#2 x: 70 y: 40
#3 x: 67 y: 38
#4 x: 68 y: 83
#5 x: 74 y: 83
#6 x: 62 y: 83
genomestart 42
trait 1 1.000000 0.000000 0.000000 96609.000000 29703.000000 0.000000 50877.000000 0.000000 trait 2 51558.000000 0.000000 0.000000 18452.000000 78989.000000 0.000000 41404.000000 0.000000 trait 3 45646.000000 0.000000 14259.000000 0.000000 0.000000 82468.000000 0.000000 0.000000 trait 4 0.000000 31394.000000 71462.000000 0.000000 0.000000 0.000000 0.000000 76528.000000 node 1 4 1 3
node 2 2 1 1
node 3 4 1 1
node 4 2 1 1
node 5 4 1 1
node 6 3 1 1
node 7 2 1 1
node 8 1 1 1
node 9 4 1 1
node 10 1 1 1
node 11 1 1 1
node 12 1 1 1
node 13 3 0 2
node 14 1 0 2
node 15 4 0 2
node 71 1 0 0
node 289 1 0 0
node 317 1 0 0
node 368 3 0 0
node 381 1 0 0
node 394 1 0 0
node 473 1 0 0
node 490 1 0 0
node 568 1 0 0
node 647 4 0 0
node 686 1 0 0
node 704 1 0 0
node 760 1 0 0
node 834 1 0 0
node 877 1 0 0
node 886 1 0 0
node 948 1 0 0
node 996 1 0 0
node 1018 1 0 0
node 1030 4 0 0
node 1107 1 0 0
node 1283 1 0 0
node 1318 1 0 0
node 1334 1 0 0
node 1348 1 0 0
node 1396 1 0 0
node 1501 1 0 0
node 1604 1 0 0
node 1683 1 0 0
node 1699 1 0 0
node 1811 1 0 0
node 1862 3 0 0
node 1886 1 0 0
node 1902 1 0 0
node 2048 1 0 0
node 2063 1 0 0
node 2095 1 0 0
node 2127 1 0 0
node 2183 1 0 0
node 2301 1 0 0
node 2314 1 0 0
node 2344 1 0 0
node 2378 1 0 0
node 2559 1 0 0
node 2638 1 0 0
node 2802 1 0 0
gene 4 1 13 150489 0 1 150489 1
gene 3 2 13 -169893 0 2 -169893 1
gene 2 3 13 -221829 0 3 -221829 0
gene 4 4 13 800000 0 4 800000 1
gene 2 5 13 -687773 0 5 -687773 0
gene 3 6 13 566249 0 6 566249 0
gene 1 7 13 -754731 0 7 -754731 0
gene 1 8 13 -648284 0 8 -648284 1
gene 1 9 13 -309384 0 9 -309384 0
gene 2 10 13 -335172 0 10 -335172 0
gene 3 11 13 38403 0 11 38403 1
gene 3 12 13 -213119 0 12 -213119 0
gene 1 1 14 -168819 0 13 -168819 1
gene 1 2 14 -446772 0 14 -446772 0
gene 3 3 14 367355 0 15 367355 0
gene 1 4 14 -294845 0 16 -294845 0
gene 1 5 14 -16422 0 17 -16422 1
gene 1 6 14 -373857 0 18 -373857 1
gene 1 7 14 -656091 0 19 -656091 1
gene 2 8 14 -800000 0 20 -800000 1
gene 2 9 14 -328443 0 21 -328443 1
gene 1 10 14 546570 0 22 546570 0
gene 3 11 14 441774 0 23 441774 1
gene 2 12 14 117999 0 24 117999 0
gene 3 1 15 63012 0 25 63012 1
gene 2 2 15 -683210 0 26 -683210 1
gene 4 3 15 643514 0 27 643514 0
gene 2 4 15 -469088 0 28 -469088 0
gene 2 5 15 708891 0 29 708891 1
gene 1 6 15 308220 0 30 308220 1
gene 4 7 15 -91698 0 31 -91698 0
gene 2 8 15 -263829 0 32 -263829 0
gene 2 9 15 -532430 0 33 -532430 1
gene 1 10 15 -67011 0 34 -67011 1
gene 3 11 15 295431 0 35 295431 0
gene 1 12 15 -89797 0 36 -89797 1
gene 4 3 71 800000 0 201 800000 0
gene 3 71 14 -38205 0 202 -38205 0
gene 1 13 13 -382059 1 248 -382059 1
gene 2 13 15 -800000 0 413 -800000 1
gene 4 10 71 2802 0 454 2802 1
gene 1 7 71 64410 0 542 64410 0
gene 4 8 71 661385 0 717 661385 1
gene 4 71 71 -800000 1 769 -800000 0
gene 4 3 289 -133364 0 858 -133364 0
gene 4 289 15 -119538 0 859 -119538 1
gene 2 289 14 369999 0 897 369999 1
gene 2 3 317 -185370 0 942 -185370 0
gene 4 317 289 -800000 0 943 -800000 1
gene 2 8 368 -704322 0 1081 -704322 0
gene 2 368 15 -428625 0 1082 -428625 0
gene 1 2 381 -685070 0 1117 -685070 1
gene 2 381 14 300804 0 1118 300804 1
gene 4 3 394 -289122 0 1159 -289122 0
gene 4 394 71 32106 0 1160 32106 1
gene 4 1 394 -800000 0 1362 -800000 1
gene 2 3 473 180078 0 1405 180078 1
gene 2 473 13 -315180 0 1406 -315180 1
gene 1 10 490 143040 0 1456 143040 1
gene 1 490 14 421911 0 1457 421911 1
gene 3 13 289 -800000 0 1591 -800000 1
gene 4 71 568 95793 1 1699 95793 1
gene 4 568 71 -332919 0 1700 -332919 0
gene 3 568 15 22746 0 1754 22746 1
gene 3 289 394 656811 0 1809 656811 0
gene 4 568 647 -161466 0 1948 -161466 1
gene 1 647 71 115920 0 1949 115920 0
gene 1 7 686 -314127 0 2069 -314127 1
gene 1 686 71 684186 0 2070 684186 1
gene 3 71 704 -800000 0 2122 -800000 1
gene 3 704 14 291762 0 2123 291762 1
gene 3 289 760 239862 0 2296 239862 1
gene 3 760 394 103077 0 2297 103077 1
gene 4 368 394 -411315 0 2326 -411315 0
gene 4 10 289 -667578 0 2376 -667578 1
gene 4 3 834 -220305 0 2518 -220305 1
gene 4 834 317 705989 0 2519 705989 1
gene 2 12 877 -81366 0 2634 -81366 0
gene 2 877 14 -555687 0 2635 -555687 1
gene 2 4 886 558342 0 2665 558342 1
gene 2 886 15 -198037 0 2666 -198037 0
gene 2 5 948 111750 0 2855 111750 0
gene 2 948 13 -85152 0 2856 -85152 0
gene 2 877 877 514374 1 2903 514374 1
gene 4 7 996 -212565 0 2996 -212565 1
gene 1 996 13 -271071 0 2997 -271071 1
gene 3 7 1018 444459 0 3054 444459 1
gene 4 1018 15 45705 0 3055 45705 1
gene 1 4 1030 -173768 0 3100 -173768 1
gene 1 1030 14 -193389 0 3101 -193389 1
gene 3 568 568 -262800 1 3154 -262800 1
gene 2 5 1107 -28956 0 3308 -28956 1
gene 2 1107 948 90684 0 3309 90684 1
gene 4 686 686 -800000 1 3352 -800000 1
gene 3 996 490 329085 0 3408 329085 1
gene 3 996 996 -242016 1 3624 -242016 0
gene 3 381 381 -294066 1 3767 -294066 1
gene 4 3 1283 93423 0 3832 93423 0
gene 4 1283 394 -223974 0 3833 -223974 1
gene 2 8 1318 139461 0 3932 139461 1
gene 2 1318 368 1356 0 3933 1356 1
gene 4 3 1334 39660 0 3987 39660 1
gene 4 1334 1283 -269379 0 3988 -269379 1
gene 3 6 1348 -460137 0 4030 -460137 1
gene 3 1348 13 -586605 0 4031 -586605 1
gene 3 11 1396 219 0 4170 219 1
gene 3 1396 15 -106512 0 4171 -106512 1
gene 2 948 1501 800000 0 4488 800000 0
gene 2 1501 13 -80961 0 4489 -80961 0
gene 2 948 1604 -762735 0 4780 -762735 1
gene 2 1604 1501 195768 0 4781 195768 1
gene 4 490 317 759600 0 4926 759600 0
gene 3 996 1683 -109848 1 5017 -109848 1
gene 3 1683 996 209553 0 5018 209553 1
gene 2 368 1699 218772 0 5067 218772 0
gene 2 1699 15 -257907 0 5068 -257907 0
gene 4 8 1396 706001 0 5249 706001 1
gene 2 886 1811 -125583 0 5389 -125583 1
gene 2 1811 15 -619517 0 5390 -619517 1
gene 3 12 1862 -279774 0 5541 -279774 1
gene 3 1862 13 -283485 0 5542 -283485 0
gene 3 2 1862 -201516 0 5583 -201516 1
gene 4 490 1886 -97917 0 5624 -97917 1
gene 4 1886 317 -385869 0 5625 -385869 1
gene 4 368 1902 110703 0 5673 110703 1
gene 4 1902 394 -483717 0 5674 -483717 1
gene 3 1501 686 541583 0 5725 541583 1
gene 2 10 2048 -73590 0 6086 -73590 1
gene 2 2048 13 -271473 0 6087 -271473 1
gene 2 12 2063 -90768 0 6128 -90768 1
gene 2 2063 877 -288639 0 6129 -288639 1
gene 1 473 14 383526 0 6174 383526 1
gene 2 1699 2095 81825 0 6227 81825 0
gene 2 2095 15 185088 0 6228 185088 1
gene 4 7 886 -128451 0 6279 -128451 0
gene 4 647 2127 -147672 0 6325 -147672 1
gene 4 2127 71 -248247 0 6326 -248247 1
gene 4 7 2183 -304428 0 6481 -304428 1
gene 4 2183 886 800000 0 6482 800000 1
gene 1 1902 71 3897 0 6516 3897 1
gene 3 368 647 17487 0 6641 17487 1
gene 4 1018 13 -719211 0 6771 -719211 0
gene 4 1018 2301 33384 0 6820 33384 1
gene 4 2301 13 -488025 0 6821 -488025 1
gene 3 1862 2314 -579771 0 6863 -579771 0
gene 3 2314 13 6495 0 6864 6495 1
gene 3 834 834 23934 1 6903 23934 1
gene 3 1862 2344 -99918 0 6955 -99918 1
gene 3 2344 2314 -119154 0 6956 -119154 1
gene 2 1699 2378 99957 0 7055 99957 1
gene 2 2378 2095 -26730 0 7056 -26730 1
gene 2 1862 948 56415 0 7293 56415 1
gene 1 9 2559 29985 0 7568 29985 1
gene 1 2559 13 264777 0 7569 264777 1
gene 2 1683 1683 -171024 1 7702 -171024 1
gene 2 1501 2638 -98523 0 7818 -98523 1
gene 2 2638 13 -588575 0 7819 -588575 1
gene 1 4 1283 -148812 0 7857 -148812 1
gene 1 1886 1886 -75414 1 8013 -75414 1
gene 1 1683 13 35406 0 8213 35406 1
gene 2 368 2802 487470 0 8314 487470 1
gene 2 2802 1699 -624540 0 8315 -624540 1
gene 4 1107 15 84625 0 8513 84625 1
genomeend 42


/* Organism #48 Fitness: 280.000000 Time: 0 */
/* Position #48*/
#1 x: 34 y: 38
#2 x: 22 y: 34
#3 x: 47 y: 25
#4 x: 46 y: 74
#5 x: 57 y: 75
#6 x: 67 y: 80
genomestart 48
trait 1 100000.000000 0.000000 0.000000 0.000000 0.000000 0.000000 0.000000 0.000000 trait 2 52534.000000 91990.000000 0.000000 100000.000000 0.000000 0.000000 0.000000 0.000000 trait 3 21555.000000 0.000000 74217.000000 0.000000 72769.000000 0.000000 0.000000 0.000000 trait 4 4.000000 0.000000 0.000000 0.000000 0.000000 0.000000 0.000000 0.000000 node 1 1 1 3
node 2 2 1 1
node 3 4 1 1
node 4 4 1 1
node 5 1 1 1
node 6 4 1 1
node 7 3 1 1
node 8 3 1 1
node 9 3 1 1
node 10 4 1 1
node 11 4 1 1
node 12 1 1 1
node 13 1 0 2
node 14 2 0 2
node 15 4 0 2
node 24 1 0 0
node 188 3 0 0
node 222 1 0 0
node 272 1 0 0
node 301 1 0 0
node 380 1 0 0
node 393 1 0 0
node 453 4 0 0
node 469 1 0 0
node 557 1 0 0
node 729 1 0 0
node 875 1 0 0
node 927 1 0 0
node 1021 1 0 0
node 1084 1 0 0
node 1116 1 0 0
node 1234 1 0 0
node 1295 1 0 0
node 1374 1 0 0
node 1496 3 0 0
node 1522 1 0 0
node 1622 1 0 0
node 1712 1 0 0
node 1847 1 0 0
node 1890 1 0 0
node 2011 1 0 0
node 2035 1 0 0
node 2119 1 0 0
node 2161 1 0 0
node 2179 1 0 0
node 2221 1 0 0
node 2376 1 0 0
node 2427 1 0 0
node 2463 1 0 0
node 2579 1 0 0
node 2776 1 0 0
gene 1 1 13 -800000 0 1 -800000 1
gene 2 2 13 -466808 0 2 -466808 1
gene 2 3 13 -641304 0 3 -641304 1
gene 4 4 13 -740108 0 4 -740108 0
gene 3 5 13 -104469 0 5 -104469 1
gene 1 6 13 212997 0 6 212997 1
gene 3 7 13 245889 0 7 245889 1
gene 1 8 13 212613 0 8 212613 0
gene 4 9 13 -53451 0 9 -53451 1
gene 2 10 13 -800000 0 10 -800000 1
gene 3 11 13 -337308 0 11 -337308 1
gene 4 12 13 -148816 0 12 -148816 1
gene 1 1 14 -693953 0 13 -693953 1
gene 1 2 14 -211020 0 14 -211020 1
gene 2 3 14 365685 0 15 365685 1
gene 2 4 14 -178986 0 16 -178986 1
gene 1 5 14 -115671 0 17 -115671 1
gene 2 6 14 240162 0 18 240162 0
gene 3 7 14 -789671 0 19 -789671 0
gene 3 8 14 -195204 0 20 -195204 1
gene 3 9 14 589857 0 21 589857 0
gene 2 10 14 40155 0 22 40155 1
gene 3 11 14 -800000 0 23 -800000 1
gene 2 12 14 436440 0 24 436440 1
gene 2 1 15 451431 0 25 451431 1
gene 3 2 15 161346 0 26 161346 1
gene 4 3 15 257586 0 27 257586 0
gene 1 4 15 -661226 0 28 -661226 0
gene 4 5 15 647177 0 29 647177 1
gene 3 6 15 -385125 0 30 -385125 1
gene 4 7 15 800000 0 31 800000 0
gene 2 8 15 -317454 0 32 -317454 0
gene 2 9 15 178137 0 33 178137 0
gene 2 10 15 -453765 0 34 -453765 1
gene 3 11 15 302631 0 35 302631 1
gene 2 12 15 354195 0 36 354195 0
gene 4 4 24 -295449 0 62 -295449 1
gene 4 24 13 -268602 0 63 -268602 1
gene 1 24 24 -177597 1 127 -177597 0
gene 3 15 13 374745 0 293 374745 1
gene 2 7 24 92172 0 408 92172 0
gene 3 7 188 -651605 0 526 -651605 1
gene 3 188 14 -413544 0 527 -413544 1
gene 2 9 222 247368 0 645 247368 0
gene 2 222 15 -144135 0 646 -144135 1
gene 3 3 272 255231 0 798 255231 1
gene 3 272 15 -112218 0 799 -112218 0
gene 2 3 24 779028 0 850 779028 1
gene 1 24 301 -381182 1 893 -381182 0
gene 1 301 24 276036 0 894 276036 0
gene 1 188 188 -19335 1 934 -19335 1
gene 3 4 188 -715407 0 1080 -715407 1
gene 2 6 380 522381 0 1115 522381 1
gene 2 380 14 -798780 0 1116 -798780 1
gene 1 4 393 246660 0 1157 246660 1
gene 1 393 15 172362 0 1158 172362 1
gene 1 15 380 -643865 0 1196 -643865 1
gene 2 12 188 106485 0 1302 106485 0
gene 2 9 453 323313 0 1346 323313 1
gene 2 453 222 474701 0 1347 474701 1
gene 1 24 469 250095 1 1394 250095 0
gene 1 469 301 120750 0 1395 120750 0
gene 3 222 24 70104 0 1576 70104 1
gene 4 3 188 -141918 0 1616 -141918 1
gene 3 272 557 -155538 0 1666 -155538 1
gene 1 557 15 -114098 0 1667 -114098 0
gene 1 6 272 76992 0 1830 76992 0
gene 4 12 380 -471503 0 1879 -471503 0
gene 1 469 729 485522 0 2197 485522 1
gene 1 729 301 800000 0 2198 800000 1
gene 2 14 301 427020 0 2244 427020 1
gene 1 188 380 -673346 0 2284 -673346 1
gene 3 8 875 -188763 0 2630 -188763 0
gene 1 875 13 166533 0 2631 166533 1
gene 4 12 927 9258 0 2791 9258 1
gene 4 927 380 -800000 0 2792 -800000 1
gene 2 393 380 -625890 0 3014 -625890 1
gene 2 7 1021 716549 0 3066 716549 1
gene 2 1021 24 -744578 0 3067 -744578 1
gene 1 8 1084 -209985 0 3243 -209985 0
gene 1 1084 875 741425 0 3244 741425 0
gene 4 188 927 409185 0 3297 409185 0
gene 1 1084 1116 -483690 0 3335 -483690 1
gene 1 1116 875 -426396 0 3336 -426396 0
gene 1 222 469 -418671 0 3394 -418671 1
gene 1 8 1234 -800000 0 3693 -800000 1
gene 1 1234 1084 -616130 0 3694 -616130 1
gene 1 301 1295 322620 0 3863 322620 0
gene 4 1295 24 -10242 0 3864 -10242 1
gene 1 2 393 88124 0 3943 88124 1
gene 4 1084 1084 112746 1 4053 112746 1
gene 3 1295 1084 -139386 0 4076 -139386 1
gene 1 1116 1374 386075 0 4119 386075 1
gene 1 1374 875 4335 0 4120 4335 0
gene 2 272 1084 -198990 0 4218 -198990 1
gene 2 12 1496 -303603 0 4474 -303603 1
gene 2 1496 15 737192 0 4475 737192 1
gene 1 557 1522 286926 0 4546 286926 1
gene 1 1522 15 -2016 0 4547 -2016 1
gene 3 1116 1021 245997 0 4657 245997 1
gene 3 9 380 -619280 0 4725 -619280 1
gene 2 12 1622 -62058 0 4831 -62058 0
gene 2 1622 188 570474 0 4832 570474 1
gene 4 453 453 -244263 1 4965 -244263 0
gene 2 8 1712 280722 0 5099 280722 1
gene 2 1712 15 -23154 0 5100 -23154 0
gene 1 6 1847 -19731 0 5495 -19731 1
gene 1 1847 272 -111891 0 5496 -111891 1
gene 3 9 1890 640997 0 5636 640997 0
gene 3 1890 14 7356 0 5637 7356 1
gene 4 1116 13 42933 0 5838 42933 1
gene 1 9 1712 244479 0 5937 244479 1
gene 1 24 2011 -254832 1 5985 -254832 0
gene 1 2011 469 -122910 0 5986 -122910 1
gene 2 1712 2035 -237198 0 6047 -237198 0
gene 2 2035 15 -126075 0 6048 -126075 1
gene 3 927 1084 61575 0 6090 61575 1
gene 4 1847 453 242796 0 6145 242796 1
gene 2 1712 2119 -511071 0 6302 -511071 1
gene 2 2119 2035 222342 0 6303 222342 1
gene 3 9 2161 -443526 0 6421 -443526 1
gene 3 2161 1890 53436 0 6422 53436 1
gene 4 453 2179 201741 1 6471 201741 1
gene 4 2179 453 -45702 0 6472 -45702 1
gene 4 7 2221 -102552 0 6590 -102552 1
gene 4 2221 15 101544 0 6591 101544 1
gene 4 188 2376 -43272 0 7051 -43272 1
gene 4 2376 927 346362 0 7052 346362 1
gene 2 12 2427 81465 0 7189 81465 1
gene 2 2427 1622 -77934 0 7190 -77934 1
gene 1 301 2463 59379 0 7287 59379 1
gene 1 2463 1295 -224190 0 7288 -224190 1
gene 4 2376 1295 -189438 0 7338 -189438 1
gene 1 24 2579 83763 1 7643 83763 1
gene 1 2579 2011 -4341 0 7644 -4341 1
gene 2 1712 2427 399374 0 7894 399374 1
gene 1 2579 2579 63381 1 7942 63381 1
gene 2 927 2179 -69355 0 8185 -69355 1
gene 1 1374 2776 -387533 0 8226 -387533 1
gene 1 2776 875 291030 0 8227 291030 1
gene 1 1295 13 -17988 0 8387 -17988 1
gene 1 1021 1021 13613 1 8517 13613 1
genomeend 48


/* Organism #54 Fitness: 400.000000 Time: 0 */
/* Position #54*/
#1 x: 33 y: 31
#2 x: 73 y: 17
#3 x: 76 y: 27
#4 x: 24 y: 84
#5 x: 47 y: 81
#6 x: 22 y: 71
genomestart 54
trait 1 100000.000000 0.000000 0.000000 0.000000 0.000000 0.000000 0.000000 0.000000 trait 2 52534.000000 91990.000000 0.000000 100000.000000 0.000000 0.000000 0.000000 0.000000 trait 3 21555.000000 0.000000 74217.000000 0.000000 72769.000000 0.000000 0.000000 0.000000 trait 4 4.000000 0.000000 0.000000 0.000000 99879.000000 0.000000 0.000000 0.000000 node 1 1 1 3
node 2 2 1 1
node 3 4 1 1
node 4 4 1 1
node 5 1 1 1
node 6 4 1 1
node 7 3 1 1
node 8 3 1 1
node 9 3 1 1
node 10 4 1 1
node 11 4 1 1
node 12 1 1 1
node 13 1 0 2
node 14 2 0 2
node 15 4 0 2
node 24 1 0 0
node 188 3 0 0
node 222 1 0 0
node 272 1 0 0
node 301 1 0 0
node 380 1 0 0
node 393 1 0 0
node 453 4 0 0
node 469 1 0 0
node 557 1 0 0
node 729 1 0 0
node 875 1 0 0
node 927 1 0 0
node 1021 1 0 0
node 1084 1 0 0
node 1116 1 0 0
node 1234 1 0 0
node 1295 1 0 0
node 1374 1 0 0
node 1496 1 0 0
node 1522 1 0 0
node 1622 1 0 0
node 1712 1 0 0
node 1847 1 0 0
node 1890 1 0 0
node 2011 1 0 0
node 2035 1 0 0
node 2119 1 0 0
node 2161 1 0 0
node 2179 1 0 0
node 2221 1 0 0
node 2408 1 0 0
node 2438 1 0 0
node 2454 1 0 0
node 2489 1 0 0
node 2572 1 0 0
node 2624 1 0 0
node 2797 1 0 0
node 2838 1 0 0
gene 1 1 13 -225468 0 1 -225468 1
gene 2 2 13 -624441 0 2 -624441 1
gene 2 3 13 -445250 0 3 -445250 1
gene 4 4 13 225960 0 4 225960 0
gene 3 5 13 87999 0 5 87999 1
gene 1 6 13 -374757 0 6 -374757 1
gene 3 7 13 28464 0 7 28464 1
gene 1 8 13 82533 0 8 82533 0
gene 4 9 13 -408972 0 9 -408972 1
gene 2 10 13 -561083 0 10 -561083 1
gene 3 11 13 333819 0 11 333819 1
gene 4 12 13 -29115 0 12 -29115 1
gene 1 1 14 83847 0 13 83847 1
gene 1 2 14 -503835 0 14 -503835 1
gene 2 3 14 274362 0 15 274362 1
gene 2 4 14 60534 0 16 60534 1
gene 1 5 14 -39099 0 17 -39099 1
gene 2 6 14 227025 0 18 227025 0
gene 3 7 14 182010 0 19 182010 0
gene 3 8 14 65871 0 20 65871 1
gene 3 9 14 -138264 0 21 -138264 0
gene 2 10 14 226137 0 22 226137 1
gene 3 11 14 -92019 0 23 -92019 1
gene 2 12 14 327813 0 24 327813 1
gene 2 1 15 62868 0 25 62868 1
gene 3 2 15 -171249 0 26 -171249 1
gene 4 3 15 -70797 0 27 -70797 0
gene 1 4 15 -139113 0 28 -139113 0
gene 4 5 15 191415 0 29 191415 1
gene 2 6 15 377250 0 30 377250 1
gene 4 7 15 201582 0 31 201582 0
gene 2 8 15 -2766 0 32 -2766 0
gene 2 9 15 -443373 0 33 -443373 0
gene 3 10 15 -65487 0 34 -65487 1
gene 3 11 15 -208233 0 35 -208233 1
gene 2 12 15 670625 0 36 670625 0
gene 4 4 24 264993 0 62 264993 1
gene 4 24 13 -18216 0 63 -18216 1
gene 1 24 24 147642 1 127 147642 0
gene 3 15 13 292635 0 293 292635 1
gene 2 7 24 -238068 0 408 -238068 0
gene 3 7 188 -770102 0 526 -770102 1
gene 3 188 14 -544548 0 527 -544548 1
gene 2 9 222 425613 0 645 425613 0
gene 2 222 15 -327909 0 646 -327909 1
gene 3 3 272 298101 0 798 298101 1
gene 3 272 15 -53931 0 799 -53931 0
gene 2 3 24 -174081 0 850 -174081 1
gene 1 24 301 596475 1 893 596475 0
gene 1 301 24 135711 0 894 135711 0
gene 1 188 188 190743 1 934 190743 0
gene 3 4 188 -317892 0 1080 -317892 1
gene 2 6 380 441080 0 1115 441080 1
gene 2 380 14 89151 0 1116 89151 1
gene 1 4 393 250401 0 1157 250401 0
gene 1 393 15 -192081 0 1158 -192081 0
gene 1 15 380 211590 0 1196 211590 1
gene 2 12 188 -457808 0 1302 -457808 0
gene 2 9 453 -146529 0 1346 -146529 1
gene 2 453 222 -4425 0 1347 -4425 0
gene 1 24 469 516234 1 1394 516234 0
gene 1 469 301 732534 0 1395 732534 0
gene 3 222 24 -678189 0 1576 -678189 1
gene 4 3 188 -197526 0 1616 -197526 1
gene 3 272 557 124548 0 1666 124548 1
gene 1 557 15 -185286 0 1667 -185286 0
gene 1 6 272 -464055 0 1830 -464055 0
gene 4 12 380 -404094 0 1879 -404094 0
gene 1 469 729 -9960 0 2197 -9960 1
gene 1 729 301 563648 0 2198 563648 0
gene 2 14 301 -281676 0 2244 -281676 1
gene 1 188 380 -443397 0 2284 -443397 1
gene 3 8 875 240183 0 2630 240183 0
gene 1 875 13 1626 0 2631 1626 1
gene 4 12 927 241560 0 2791 241560 1
gene 4 927 380 -210453 0 2792 -210453 1
gene 2 393 380 419742 0 3014 419742 1
gene 2 7 1021 -216642 0 3066 -216642 1
gene 2 1021 24 -245064 0 3067 -245064 1
gene 1 8 1084 -211491 0 3243 -211491 0
gene 1 1084 875 -655560 0 3244 -655560 0
gene 4 188 927 -433590 0 3297 -433590 1
gene 1 1084 1116 -179697 0 3335 -179697 1
gene 1 1116 875 -17214 0 3336 -17214 0
gene 1 222 469 10131 0 3394 10131 1
gene 1 8 1234 -391110 0 3693 -391110 1
gene 1 1234 1084 511794 0 3694 511794 1
gene 1 301 1295 -567764 0 3863 -567764 1
gene 1 1295 24 87939 0 3864 87939 1
gene 1 2 393 697671 0 3943 697671 1
gene 4 1084 1084 -152736 1 4053 -152736 1
gene 3 1295 1084 -293478 0 4076 -293478 1
gene 1 1116 1374 160914 0 4119 160914 1
gene 1 1374 875 -443184 0 4120 -443184 1
gene 2 272 1084 330737 0 4218 330737 1
gene 2 12 1496 -62985 0 4474 -62985 1
gene 2 1496 15 -115548 0 4475 -115548 1
gene 1 557 1522 -279153 0 4546 -279153 1
gene 1 1522 15 -86046 0 4547 -86046 1
gene 3 1116 1021 -280281 0 4657 -280281 1
gene 3 9 380 96593 0 4725 96593 1
gene 2 12 1622 -62829 0 4831 -62829 0
gene 2 1622 188 208458 0 4832 208458 1
gene 4 453 453 -138525 1 4965 -138525 0
gene 2 8 1712 6267 0 5099 6267 1
gene 3 1712 15 194409 0 5100 194409 0
gene 1 6 1847 -71274 0 5495 -71274 1
gene 1 1847 272 227379 0 5496 227379 1
gene 3 9 1890 -200178 0 5636 -200178 0
gene 3 1890 14 232890 0 5637 232890 1
gene 2 1116 13 165723 0 5838 165723 1
gene 1 9 1712 -33297 0 5937 -33297 0
gene 1 24 2011 136842 1 5985 136842 1
gene 1 2011 469 -73245 0 5986 -73245 1
gene 2 1712 2035 -484593 0 6047 -484593 0
gene 2 2035 15 -19965 0 6048 -19965 1
gene 3 927 1084 50175 0 6090 50175 1
gene 4 1847 453 86205 0 6145 86205 1
gene 2 1712 2119 329154 0 6302 329154 1
gene 2 2119 2035 -736916 0 6303 -736916 1
gene 3 9 2161 147489 0 6421 147489 1
gene 3 2161 1890 81834 0 6422 81834 1
gene 4 453 2179 -54459 1 6471 -54459 1
gene 4 2179 453 -286125 0 6472 -286125 1
gene 4 7 2221 23277 0 6590 23277 1
gene 4 2221 15 201846 0 6591 201846 1
gene 2 1295 1021 -115674 0 6920 -115674 1
gene 2 2011 393 -296163 0 7009 -296163 1
gene 1 393 2408 -267279 0 7137 -267279 1
gene 1 2408 15 -2895 0 7138 -2895 1
gene 3 2161 1374 -367104 0 7177 -367104 1
gene 1 188 2438 -85971 1 7224 -85971 1
gene 1 2438 188 223374 0 7225 223374 1
gene 1 9 2454 -76812 0 7265 -76812 1
gene 1 2454 1712 -82974 0 7266 -82974 1
gene 3 11 875 -285999 0 7315 -285999 1
gene 1 729 2489 -245295 0 7366 -245295 1
gene 1 2489 301 -176442 0 7367 -176442 1
gene 1 11 2161 184665 0 7520 184665 0
gene 2 12 2572 -690132 0 7614 -690132 1
gene 2 2572 1622 -25863 0 7615 -25863 1
gene 1 12 1522 165853 0 7661 165853 1
gene 2 453 2624 -56184 0 7776 -56184 1
gene 2 2624 222 -177454 0 7777 -177454 1
gene 4 380 1234 368559 0 7969 368559 1
gene 1 11 2797 -264594 0 8300 -264594 1
gene 1 2797 2161 -295236 0 8301 -295236 1
gene 1 4 2838 -106193 0 8413 -106193 1
gene 1 2838 393 -125130 0 8414 -125130 1
genomeend 54


/* Organism #56 Fitness: 280.000000 Time: 0 */
/* Position #56*/
#1 x: 28 y: 35
#2 x: 21 y: 33
#3 x: 81 y: 25
#4 x: 68 y: 82
#5 x: 35 y: 63
#6 x: 18 y: 64
genomestart 56
trait 1 100000.000000 0.000000 0.000000 0.000000 0.000000 49309.000000 1198.000000 0.000000 trait 2 52534.000000 91990.000000 0.000000 100000.000000 0.000000 0.000000 0.000000 0.000000 trait 3 21555.000000 0.000000 74217.000000 0.000000 72769.000000 0.000000 0.000000 0.000000 trait 4 4.000000 0.000000 0.000000 0.000000 0.000000 0.000000 0.000000 0.000000 node 1 1 1 3
node 2 2 1 1
node 3 4 1 1
node 4 4 1 1
node 5 1 1 1
node 6 4 1 1
node 7 3 1 1
node 8 3 1 1
node 9 3 1 1
node 10 4 1 1
node 11 4 1 1
node 12 1 1 1
node 13 1 0 2
node 14 2 0 2
node 15 4 0 2
node 24 1 0 0
node 188 3 0 0
node 222 1 0 0
node 272 1 0 0
node 301 1 0 0
node 380 1 0 0
node 393 1 0 0
node 453 4 0 0
node 469 1 0 0
node 557 1 0 0
node 729 1 0 0
node 875 1 0 0
node 927 1 0 0
node 1021 1 0 0
node 1084 1 0 0
node 1116 1 0 0
node 1234 4 0 0
node 1295 1 0 0
node 1374 1 0 0
node 1496 1 0 0
node 1522 1 0 0
node 1622 1 0 0
node 1712 1 0 0
node 1847 1 0 0
node 1890 1 0 0
node 2011 1 0 0
node 2035 1 0 0
node 2119 1 0 0
node 2161 1 0 0
node 2179 1 0 0
node 2221 1 0 0
node 2347 1 0 0
node 2379 1 0 0
node 2428 1 0 0
node 2441 1 0 0
node 2472 1 0 0
node 2511 1 0 0
node 2581 1 0 0
node 2603 1 0 0
node 2679 1 0 0
node 2689 1 0 0
node 2709 1 0 0
gene 1 1 13 -377868 0 1 -377868 1
gene 2 2 13 182877 0 2 182877 1
gene 2 3 13 68238 0 3 68238 1
gene 4 4 13 -436329 0 4 -436329 0
gene 2 5 13 -743555 0 5 -743555 1
gene 1 6 13 -368325 0 6 -368325 1
gene 3 7 13 800000 0 7 800000 1
gene 1 8 13 -269952 0 8 -269952 0
gene 4 9 13 265545 0 9 265545 1
gene 2 10 13 -335625 0 10 -335625 1
gene 3 11 13 399876 0 11 399876 1
gene 4 12 13 144924 0 12 144924 1
gene 1 1 14 14448 0 13 14448 1
gene 1 2 14 -238143 0 14 -238143 1
gene 2 3 14 168576 0 15 168576 1
gene 2 4 14 220491 0 16 220491 1
gene 1 5 14 -259713 0 17 -259713 1
gene 2 6 14 647897 0 18 647897 0
gene 3 7 14 652440 0 19 652440 0
gene 3 8 14 -387621 0 20 -387621 1
gene 3 9 14 531762 0 21 531762 0
gene 2 10 14 401994 0 22 401994 1
gene 3 11 14 -261099 0 23 -261099 1
gene 2 12 14 204087 0 24 204087 1
gene 2 1 15 -338135 0 25 -338135 1
gene 3 2 15 623961 0 26 623961 1
gene 4 3 15 -800000 0 27 -800000 0
gene 1 4 15 76590 0 28 76590 0
gene 4 5 15 -577266 0 29 -577266 1
gene 2 6 15 327990 0 30 327990 0
gene 4 7 15 -88233 0 31 -88233 0
gene 2 8 15 -285960 0 32 -285960 0
gene 2 9 15 -495663 0 33 -495663 0
gene 2 10 15 -13812 0 34 -13812 1
gene 3 11 15 603423 0 35 603423 1
gene 2 12 15 257307 0 36 257307 0
gene 4 4 24 598140 0 62 598140 1
gene 4 24 13 -120996 0 63 -120996 1
gene 1 24 24 594245 1 127 594245 0
gene 3 15 13 116178 0 293 116178 1
gene 2 7 24 -48225 0 408 -48225 0
gene 3 7 188 -325484 0 526 -325484 1
gene 3 188 14 207066 0 527 207066 1
gene 2 9 222 -169218 0 645 -169218 0
gene 2 222 15 -319869 0 646 -319869 1
gene 3 3 272 -229257 0 798 -229257 0
gene 3 272 15 800000 0 799 800000 0
gene 2 3 24 -230325 0 850 -230325 1
gene 1 24 301 -14262 1 893 -14262 0
gene 1 301 24 -498717 0 894 -498717 0
gene 1 188 188 -790253 1 934 -790253 1
gene 3 4 188 -292998 0 1080 -292998 1
gene 2 6 380 353133 0 1115 353133 1
gene 2 380 14 2229 0 1116 2229 1
gene 1 4 393 -587328 0 1157 -587328 1
gene 1 393 15 -194442 0 1158 -194442 1
gene 1 15 380 -157197 0 1196 -157197 1
gene 2 12 188 39162 0 1302 39162 0
gene 2 9 453 -172704 0 1346 -172704 1
gene 2 453 222 -217260 0 1347 -217260 1
gene 1 24 469 -234789 1 1394 -234789 0
gene 1 469 301 -304647 0 1395 -304647 0
gene 3 222 24 -94281 0 1576 -94281 1
gene 4 3 188 585113 0 1616 585113 1
gene 3 272 557 -508913 0 1666 -508913 1
gene 1 557 15 -55440 0 1667 -55440 0
gene 1 6 272 -35691 0 1830 -35691 0
gene 4 12 380 -244317 0 1879 -244317 0
gene 1 469 729 157509 0 2197 157509 1
gene 1 729 301 528204 0 2198 528204 1
gene 2 14 301 -34806 0 2244 -34806 1
gene 1 188 380 11604 0 2284 11604 1
gene 3 8 875 -608679 0 2630 -608679 0
gene 1 875 13 325065 0 2631 325065 1
gene 4 12 927 -112296 0 2791 -112296 1
gene 4 927 380 538940 0 2792 538940 1
gene 2 393 380 -469560 0 3014 -469560 0
gene 2 7 1021 187008 0 3066 187008 1
gene 2 1021 24 471648 0 3067 471648 1
gene 1 8 1084 179901 0 3243 179901 0
gene 1 1084 875 -168243 0 3244 -168243 0
gene 4 188 927 42423 0 3297 42423 1
gene 1 1084 1116 -291984 0 3335 -291984 1
gene 1 1116 875 -196371 0 3336 -196371 0
gene 1 222 469 678591 0 3394 678591 1
gene 1 8 1234 -415134 0 3693 -415134 0
gene 1 1234 1084 96543 0 3694 96543 0
gene 1 301 1295 -503436 0 3863 -503436 1
gene 1 1295 24 304964 0 3864 304964 1
gene 1 2 393 -231144 0 3943 -231144 1
gene 4 1084 1084 247851 1 4053 247851 1
gene 3 1295 1084 -283617 0 4076 -283617 1
gene 1 1116 1374 65807 0 4119 65807 1
gene 1 1374 875 210297 0 4120 210297 1
gene 2 272 1084 267378 0 4218 267378 1
gene 2 12 1496 251583 0 4474 251583 0
gene 2 1496 15 -82251 0 4475 -82251 1
gene 1 557 1522 -57330 0 4546 -57330 1
gene 1 1522 15 485403 0 4547 485403 0
gene 4 1116 1021 -478245 0 4657 -478245 1
gene 3 9 380 339093 0 4725 339093 1
gene 2 12 1622 -250860 0 4831 -250860 0
gene 2 1622 188 -630096 0 4832 -630096 0
gene 4 453 453 37137 1 4965 37137 0
gene 2 8 1712 -171735 0 5099 -171735 1
gene 2 1712 15 266172 0 5100 266172 0
gene 1 6 1847 320856 0 5495 320856 1
gene 1 1847 272 489296 0 5496 489296 1
gene 3 9 1890 195591 0 5636 195591 0
gene 3 1890 14 89121 0 5637 89121 1
gene 4 1116 13 539025 0 5838 539025 1
gene 1 9 1712 -455820 0 5937 -455820 1
gene 1 24 2011 312978 1 5985 312978 1
gene 1 2011 469 -220188 0 5986 -220188 1
gene 2 1712 2035 -28794 0 6047 -28794 0
gene 2 2035 15 -70335 0 6048 -70335 1
gene 1 927 1084 -378951 0 6090 -378951 1
gene 4 1847 453 189045 0 6145 189045 1
gene 2 1712 2119 772556 0 6302 772556 1
gene 2 2119 2035 229092 0 6303 229092 1
gene 3 9 2161 -252114 0 6421 -252114 1
gene 3 2161 1890 -184395 0 6422 -184395 1
gene 4 453 2179 -455229 1 6471 -455229 1
gene 4 2179 453 517644 0 6472 517644 1
gene 4 7 2221 8916 0 6590 8916 1
gene 4 2221 15 -318129 0 6591 -318129 0
gene 2 393 2347 271110 0 6963 271110 1
gene 2 2347 380 -396585 0 6964 -396585 1
gene 2 729 188 -468966 0 7008 -468966 1
gene 2 6 2379 -457125 0 7058 -457125 1
gene 2 2379 15 219186 0 7059 219186 1
gene 1 1234 2428 596691 0 7193 596691 1
gene 1 2428 1084 -641865 0 7194 -641865 1
gene 4 2221 2441 113982 0 7231 113982 1
gene 4 2441 15 -250359 0 7232 -250359 1
gene 2 1622 2472 551865 0 7317 551865 1
gene 2 2472 188 -626687 0 7318 -626687 1
gene 4 1712 557 130320 0 7368 130320 1
gene 1 1522 2511 -226982 0 7422 -226982 1
gene 1 2511 15 63552 0 7423 63552 1
gene 2 4 301 -93471 0 7485 -93471 1
gene 2 2035 2379 -212175 0 7596 -212175 0
gene 3 3 2581 219189 0 7648 219189 1
gene 3 2581 272 -106821 0 7649 -106821 1
gene 1 8 2603 -214530 0 7715 -214530 1
gene 1 2603 1234 72354 0 7716 72354 1
gene 2 12 2679 135987 0 7930 135987 1
gene 2 2679 1622 122826 0 7931 122826 1
gene 2 2035 2689 -151338 0 7960 -151338 1
gene 2 2689 2379 -333093 0 7961 -333093 1
gene 2 12 2709 -114897 0 8017 -114897 1
gene 2 2709 1496 304149 0 8018 304149 1
gene 3 2428 188 -2409 0 8525 -2409 1
genomeend 56


/* Organism #58 Fitness: 340.000000 Time: 0 */
/* Position #58*/
#1 x: 52 y: 19
#2 x: 32 y: 36
#3 x: 50 y: 27
#4 x: 43 y: 77
#5 x: 27 y: 60
#6 x: 83 y: 80
genomestart 58
trait 1 100000.000000 0.000000 0.000000 0.000000 0.000000 0.000000 0.000000 0.000000 trait 2 52534.000000 91990.000000 0.000000 100000.000000 0.000000 0.000000 0.000000 0.000000 trait 3 21555.000000 0.000000 74217.000000 0.000000 72769.000000 0.000000 0.000000 0.000000 trait 4 0.000000 0.000000 45478.000000 0.000000 0.000000 0.000000 0.000000 0.000000 node 1 1 1 3
node 2 2 1 1
node 3 4 1 1
node 4 4 1 1
node 5 1 1 1
node 6 4 1 1
node 7 3 1 1
node 8 3 1 1
node 9 3 1 1
node 10 4 1 1
node 11 4 1 1
node 12 1 1 1
node 13 1 0 2
node 14 2 0 2
node 15 4 0 2
node 24 1 0 0
node 188 3 0 0
node 222 1 0 0
node 272 1 0 0
node 301 1 0 0
node 380 1 0 0
node 393 1 0 0
node 453 4 0 0
node 469 1 0 0
node 557 1 0 0
node 729 1 0 0
node 875 1 0 0
node 927 1 0 0
node 1021 1 0 0
node 1084 1 0 0
node 1116 1 0 0
node 1234 1 0 0
node 1295 1 0 0
node 1374 1 0 0
node 1496 1 0 0
node 1522 1 0 0
node 1622 1 0 0
node 1712 1 0 0
node 1847 1 0 0
node 1890 1 0 0
node 2011 1 0 0
node 2035 1 0 0
node 2119 1 0 0
node 2161 1 0 0
node 2179 1 0 0
node 2221 1 0 0
node 2397 1 0 0
node 2505 1 0 0
node 2547 1 0 0
node 2578 1 0 0
node 2618 1 0 0
node 2697 1 0 0
node 2712 1 0 0
node 2874 1 0 0
gene 1 1 13 -286536 0 1 -286536 1
gene 2 2 13 190986 0 2 190986 1
gene 2 3 13 448991 0 3 448991 1
gene 2 4 13 239349 0 4 239349 0
gene 3 5 13 366297 0 5 366297 1
gene 1 6 13 -310691 0 6 -310691 1
gene 3 7 13 292380 0 7 292380 1
gene 1 8 13 -213237 0 8 -213237 0
gene 4 9 13 763089 0 9 763089 1
gene 2 10 13 -194259 0 10 -194259 1
gene 3 11 13 602913 0 11 602913 1
gene 4 12 13 210210 0 12 210210 1
gene 1 1 14 -145875 0 13 -145875 1
gene 1 2 14 389991 0 14 389991 1
gene 2 3 14 384873 0 15 384873 1
gene 2 4 14 500907 0 16 500907 1
gene 1 5 14 250866 0 17 250866 1
gene 2 6 14 -387563 0 18 -387563 0
gene 3 7 14 -118515 0 19 -118515 0
gene 3 8 14 -184866 0 20 -184866 1
gene 3 9 14 -800000 0 21 -800000 0
gene 2 10 14 -262146 0 22 -262146 1
gene 3 11 14 -51978 0 23 -51978 0
gene 2 12 14 -732158 0 24 -732158 1
gene 2 1 15 628757 0 25 628757 1
gene 3 2 15 42921 0 26 42921 1
gene 4 3 15 -183735 0 27 -183735 0
gene 1 4 15 -164399 0 28 -164399 0
gene 4 5 15 -78432 0 29 -78432 1
gene 2 6 15 -336264 0 30 -336264 1
gene 4 7 15 -383913 0 31 -383913 0
gene 2 8 15 277884 0 32 277884 0
gene 2 9 15 665631 0 33 665631 0
gene 2 10 15 575025 0 34 575025 1
gene 3 11 15 253401 0 35 253401 1
gene 2 12 15 800000 0 36 800000 0
gene 4 4 24 -257679 0 62 -257679 1
gene 3 24 13 -800000 0 63 -800000 1
gene 1 24 24 -691160 1 127 -691160 0
gene 3 15 13 523872 0 293 523872 1
gene 2 7 24 -87207 0 408 -87207 0
gene 3 7 188 210264 0 526 210264 1
gene 3 188 14 -183798 0 527 -183798 1
gene 2 9 222 -220173 0 645 -220173 0
gene 2 222 15 221595 0 646 221595 1
gene 3 3 272 -223599 0 798 -223599 1
gene 3 272 15 769389 0 799 769389 0
gene 3 3 24 -357588 0 850 -357588 1
gene 1 24 301 800000 1 893 800000 0
gene 1 301 24 -543540 0 894 -543540 0
gene 1 188 188 -299040 1 934 -299040 1
gene 3 4 188 502791 0 1080 502791 1
gene 2 6 380 130848 0 1115 130848 1
gene 2 380 14 -238641 0 1116 -238641 1
gene 1 4 393 -19209 0 1157 -19209 1
gene 1 393 15 -347457 0 1158 -347457 1
gene 1 15 380 -328170 0 1196 -328170 1
gene 2 12 188 21966 0 1302 21966 0
gene 2 9 453 800000 0 1346 800000 1
gene 2 453 222 276462 0 1347 276462 1
gene 1 24 469 -539889 1 1394 -539889 0
gene 1 469 301 -547632 0 1395 -547632 0
gene 3 222 24 -87384 0 1576 -87384 1
gene 4 3 188 549444 0 1616 549444 1
gene 3 272 557 -408867 0 1666 -408867 1
gene 1 557 15 268815 0 1667 268815 0
gene 1 6 272 4314 0 1830 4314 0
gene 4 12 380 52068 0 1879 52068 0
gene 1 469 729 -171351 0 2197 -171351 1
gene 1 729 301 598365 0 2198 598365 1
gene 2 14 301 499293 0 2244 499293 0
gene 1 188 380 -46158 0 2284 -46158 1
gene 3 8 875 -299181 0 2630 -299181 0
gene 1 875 13 252228 0 2631 252228 1
gene 4 12 927 -263658 0 2791 -263658 1
gene 4 927 380 -539280 0 2792 -539280 1
gene 2 393 380 27918 0 3014 27918 1
gene 2 7 1021 -142635 0 3066 -142635 1
gene 2 1021 24 -58926 0 3067 -58926 0
gene 1 8 1084 -91260 0 3243 -91260 0
gene 1 1084 875 28638 0 3244 28638 0
gene 4 188 927 800000 0 3297 800000 1
gene 1 1084 1116 -150303 0 3335 -150303 1
gene 1 1116 875 208740 0 3336 208740 0
gene 1 222 469 -800000 0 3394 -800000 1
gene 1 8 1234 -692027 0 3693 -692027 1
gene 1 1234 1084 800000 0 3694 800000 1
gene 1 301 1295 316785 0 3863 316785 1
gene 1 1295 24 -533619 0 3864 -533619 1
gene 1 2 393 142032 0 3943 142032 1
gene 4 1084 1084 447030 1 4053 447030 1
gene 3 1295 1084 -392970 0 4076 -392970 1
gene 1 1116 1374 -412305 0 4119 -412305 1
gene 1 1374 875 84504 0 4120 84504 1
gene 2 272 1084 66066 0 4218 66066 1
gene 2 12 1496 -44427 0 4474 -44427 1
gene 2 1496 15 -20136 0 4475 -20136 1
gene 1 557 1522 800000 0 4546 800000 1
gene 1 1522 15 -387495 0 4547 -387495 1
gene 3 1116 1021 -800000 0 4657 -800000 0
gene 3 9 380 -616946 0 4725 -616946 1
gene 2 12 1622 294549 0 4831 294549 0
gene 2 1622 188 -300648 0 4832 -300648 1
gene 4 453 453 171684 1 4965 171684 0
gene 2 8 1712 386442 0 5099 386442 1
gene 2 1712 15 -210492 0 5100 -210492 0
gene 1 6 1847 9702 0 5495 9702 1
gene 1 1847 272 -571959 0 5496 -571959 1
gene 3 9 1890 -297726 0 5636 -297726 0
gene 3 1890 14 -442239 0 5637 -442239 1
gene 4 1116 13 -648848 0 5838 -648848 1
gene 1 9 1712 -36327 0 5937 -36327 1
gene 1 24 2011 -33711 1 5985 -33711 1
gene 1 2011 469 -79158 0 5986 -79158 1
gene 2 1712 2035 -234396 0 6047 -234396 0
gene 2 2035 15 -25059 0 6048 -25059 1
gene 3 927 1084 253938 0 6090 253938 0
gene 4 1847 453 90378 0 6145 90378 1
gene 2 1712 2119 -485370 0 6302 -485370 1
gene 2 2119 2035 -360960 0 6303 -360960 1
gene 3 9 2161 -137883 0 6421 -137883 1
gene 3 2161 1890 -108261 0 6422 -108261 0
gene 4 453 2179 151602 1 6471 151602 1
gene 4 2179 453 -239988 0 6472 -239988 1
gene 4 7 2221 -148641 0 6590 -148641 0
gene 4 2221 15 -338574 0 6591 -338574 1
gene 2 1295 1021 278127 0 6920 278127 1
gene 4 2011 393 601944 0 7009 601944 1
gene 3 1295 557 87579 1 7060 87579 1
gene 3 11 2397 302223 0 7109 302223 1
gene 3 2397 14 -257133 0 7110 -257133 1
gene 3 469 272 572558 0 7207 572558 1
gene 2 14 2505 -191175 0 7409 -191175 1
gene 2 2505 301 385416 0 7410 385416 1
gene 4 7 2547 245280 0 7531 245280 1
gene 4 2547 2221 -193818 0 7532 -193818 1
gene 3 927 2578 -244230 0 7639 -244230 1
gene 3 2578 1084 -101355 0 7640 -101355 1
gene 2 12 2618 -763617 0 7758 -763617 1
gene 2 2618 1622 146064 0 7759 146064 1
gene 3 2161 2697 417303 0 7981 417303 1
gene 3 2697 1890 66153 0 7982 66153 1
gene 3 1116 2712 -509501 0 8023 -509501 1
gene 3 2712 1021 -94956 0 8024 -94956 1
gene 1 2 1234 271329 0 8214 271329 1
gene 4 1295 2578 -254520 0 8265 -254520 1
gene 1 4 729 -47954 0 8317 -47954 1
gene 2 1021 2874 1 0 8528 0 1
gene 2 2874 24 -58926 0 8529 0 1
genomeend 58


/* Organism #60 Fitness: 320.000000 Time: 0 */
/* Position #60*/
#1 x: 39 y: 27
#2 x: 80 y: 24
#3 x: 74 y: 17
#4 x: 37 y: 64
#5 x: 82 y: 61
#6 x: 64 y: 81
genomestart 60
trait 1 100000.000000 0.000000 0.000000 0.000000 0.000000 0.000000 0.000000 0.000000 trait 2 52534.000000 91990.000000 0.000000 100000.000000 0.000000 0.000000 0.000000 0.000000 trait 3 21555.000000 0.000000 74217.000000 0.000000 72769.000000 0.000000 0.000000 0.000000 trait 4 0.000000 0.000000 45478.000000 0.000000 0.000000 0.000000 0.000000 0.000000 node 1 1 1 3
node 2 2 1 1
node 3 4 1 1
node 4 4 1 1
node 5 1 1 1
node 6 4 1 1
node 7 3 1 1
node 8 3 1 1
node 9 3 1 1
node 10 4 1 1
node 11 4 1 1
node 12 1 1 1
node 13 1 0 2
node 14 2 0 2
node 15 4 0 2
node 24 1 0 0
node 188 3 0 0
node 222 1 0 0
node 272 1 0 0
node 301 1 0 0
node 380 1 0 0
node 393 1 0 0
node 453 4 0 0
node 469 1 0 0
node 557 1 0 0
node 729 1 0 0
node 875 1 0 0
node 927 1 0 0
node 1021 1 0 0
node 1084 1 0 0
node 1116 1 0 0
node 1234 1 0 0
node 1295 1 0 0
node 1374 1 0 0
node 1496 1 0 0
node 1522 1 0 0
node 1622 1 0 0
node 1712 1 0 0
node 1847 1 0 0
node 1890 1 0 0
node 2011 1 0 0
node 2035 1 0 0
node 2119 1 0 0
node 2161 1 0 0
node 2179 1 0 0
node 2221 1 0 0
node 2397 1 0 0
node 2505 1 0 0
node 2547 1 0 0
node 2578 1 0 0
node 2618 1 0 0
node 2697 1 0 0
node 2712 1 0 0
gene 1 1 13 -286536 0 1 -286536 1
gene 2 2 13 190986 0 2 190986 1
gene 2 3 13 448991 0 3 448991 1
gene 2 4 13 239349 0 4 239349 0
gene 3 5 13 366297 0 5 366297 1
gene 1 6 13 -310691 0 6 -310691 1
gene 3 7 13 292380 0 7 292380 1
gene 1 8 13 -213237 0 8 -213237 0
gene 4 9 13 763089 0 9 763089 1
gene 2 10 13 -194259 0 10 -194259 1
gene 3 11 13 602913 0 11 602913 1
gene 4 12 13 210210 0 12 210210 1
gene 1 1 14 -145875 0 13 -145875 1
gene 1 2 14 389991 0 14 389991 1
gene 2 3 14 384873 0 15 384873 1
gene 2 4 14 500907 0 16 500907 1
gene 1 5 14 250866 0 17 250866 1
gene 2 6 14 -387563 0 18 -387563 0
gene 3 7 14 -118515 0 19 -118515 0
gene 3 8 14 -184866 0 20 -184866 1
gene 3 9 14 -800000 0 21 -800000 0
gene 2 10 14 -262146 0 22 -262146 1
gene 3 11 14 -51978 0 23 -51978 0
gene 2 12 14 -732158 0 24 -732158 1
gene 2 1 15 628757 0 25 628757 1
gene 3 2 15 42921 0 26 42921 1
gene 4 3 15 -183735 0 27 -183735 0
gene 1 4 15 -164399 0 28 -164399 0
gene 4 5 15 -78432 0 29 -78432 1
gene 2 6 15 -336264 0 30 -336264 1
gene 4 7 15 -383913 0 31 -383913 0
gene 2 8 15 277884 0 32 277884 0
gene 2 9 15 665631 0 33 665631 0
gene 2 10 15 575025 0 34 575025 1
gene 3 11 15 253401 0 35 253401 1
gene 2 12 15 800000 0 36 800000 0
gene 4 4 24 -257679 0 62 -257679 1
gene 3 24 13 -800000 0 63 -800000 1
gene 1 24 24 -691160 1 127 -691160 0
gene 3 15 13 523872 0 293 523872 1
gene 2 7 24 -87207 0 408 -87207 0
gene 3 7 188 210264 0 526 210264 1
gene 3 188 14 -183798 0 527 -183798 1
gene 2 9 222 -220173 0 645 -220173 0
gene 2 222 15 221595 0 646 221595 1
gene 3 3 272 -223599 0 798 -223599 1
gene 3 272 15 769389 0 799 769389 0
gene 3 3 24 -357588 0 850 -357588 1
gene 1 24 301 800000 1 893 800000 0
gene 1 301 24 -543540 0 894 -543540 0
gene 1 188 188 -299040 1 934 -299040 1
gene 3 4 188 502791 0 1080 502791 1
gene 2 6 380 130848 0 1115 130848 1
gene 2 380 14 -238641 0 1116 -238641 1
gene 1 4 393 -19209 0 1157 -19209 1
gene 1 393 15 -347457 0 1158 -347457 1
gene 1 15 380 -328170 0 1196 -328170 1
gene 2 12 188 21966 0 1302 21966 0
gene 2 9 453 800000 0 1346 800000 1
gene 2 453 222 276462 0 1347 276462 1
gene 1 24 469 -539889 1 1394 -539889 0
gene 1 469 301 -547632 0 1395 -547632 0
gene 3 222 24 -87384 0 1576 -87384 1
gene 4 3 188 549444 0 1616 549444 1
gene 3 272 557 -408867 0 1666 -408867 1
gene 1 557 15 268815 0 1667 268815 0
gene 1 6 272 4314 0 1830 4314 0
gene 4 12 380 52068 0 1879 52068 0
gene 1 469 729 -171351 0 2197 -171351 1
gene 1 729 301 598365 0 2198 598365 1
gene 2 14 301 499293 0 2244 499293 0
gene 1 188 380 -46158 0 2284 -46158 1
gene 3 8 875 -299181 0 2630 -299181 0
gene 1 875 13 252228 0 2631 252228 1
gene 4 12 927 -263658 0 2791 -263658 1
gene 4 927 380 -539280 0 2792 -539280 1
gene 2 393 380 27918 0 3014 27918 1
gene 2 7 1021 -142635 0 3066 -142635 1
gene 2 1021 24 -58926 0 3067 -58926 1
gene 1 8 1084 -91260 0 3243 -91260 0
gene 1 1084 875 28638 0 3244 28638 0
gene 4 188 927 800000 0 3297 800000 1
gene 1 1084 1116 -150303 0 3335 -150303 1
gene 1 1116 875 208740 0 3336 208740 0
gene 1 222 469 -800000 0 3394 -800000 1
gene 1 8 1234 -692027 0 3693 -692027 1
gene 1 1234 1084 800000 0 3694 800000 1
gene 1 301 1295 316785 0 3863 316785 1
gene 1 1295 24 -533619 0 3864 -533619 1
gene 1 2 393 142032 0 3943 142032 1
gene 4 1084 1084 447030 1 4053 447030 1
gene 3 1295 1084 -392970 0 4076 -392970 1
gene 1 1116 1374 -412305 0 4119 -412305 1
gene 1 1374 875 84504 0 4120 84504 1
gene 2 272 1084 66066 0 4218 66066 1
gene 2 12 1496 -44427 0 4474 -44427 1
gene 2 1496 15 -20136 0 4475 -20136 1
gene 1 557 1522 800000 0 4546 800000 1
gene 1 1522 15 -387495 0 4547 -387495 1
gene 3 1116 1021 -800000 0 4657 -800000 0
gene 3 9 380 -616946 0 4725 -616946 1
gene 2 12 1622 294549 0 4831 294549 0
gene 2 1622 188 -300648 0 4832 -300648 1
gene 4 453 453 171684 1 4965 171684 0
gene 2 8 1712 386442 0 5099 386442 1
gene 2 1712 15 -210492 0 5100 -210492 0
gene 1 6 1847 9702 0 5495 9702 1
gene 1 1847 272 -571959 0 5496 -571959 1
gene 3 9 1890 -297726 0 5636 -297726 0
gene 3 1890 14 -442239 0 5637 -442239 1
gene 4 1116 13 -648848 0 5838 -648848 1
gene 1 9 1712 -36327 0 5937 -36327 1
gene 1 24 2011 -33711 1 5985 -33711 1
gene 1 2011 469 -79158 0 5986 -79158 1
gene 2 1712 2035 -234396 0 6047 -234396 0
gene 2 2035 15 -25059 0 6048 -25059 1
gene 3 927 1084 253938 0 6090 253938 0
gene 4 1847 453 90378 0 6145 90378 1
gene 2 1712 2119 -485370 0 6302 -485370 1
gene 2 2119 2035 -360960 0 6303 -360960 1
gene 3 9 2161 -137883 0 6421 -137883 1
gene 3 2161 1890 -108261 0 6422 -108261 0
gene 4 453 2179 151602 1 6471 151602 1
gene 4 2179 453 -239988 0 6472 -239988 1
gene 4 7 2221 -148641 0 6590 -148641 0
gene 4 2221 15 -338574 0 6591 -338574 1
gene 2 1295 1021 278127 0 6920 278127 1
gene 4 2011 393 601944 0 7009 601944 1
gene 3 1295 557 87579 1 7060 87579 1
gene 3 11 2397 302223 0 7109 302223 1
gene 3 2397 14 -257133 0 7110 -257133 1
gene 3 469 272 572558 0 7207 572558 1
gene 2 14 2505 -191175 0 7409 -191175 1
gene 2 2505 301 385416 0 7410 385416 1
gene 4 7 2547 245280 0 7531 245280 1
gene 4 2547 2221 -193818 0 7532 -193818 1
gene 3 927 2578 -244230 0 7639 -244230 1
gene 3 2578 1084 -101355 0 7640 -101355 1
gene 2 12 2618 -763617 0 7758 -763617 1
gene 2 2618 1622 146064 0 7759 146064 1
gene 3 2161 2697 417303 0 7981 417303 1
gene 3 2697 1890 66153 0 7982 66153 1
gene 3 1116 2712 -509501 0 8023 -509501 1
gene 3 2712 1021 -94956 0 8024 -94956 1
gene 1 2 1234 271329 0 8214 271329 1
gene 4 1295 2578 -254520 0 8265 -254520 1
gene 1 4 729 -47954 0 8317 -47954 1
gene 3 1496 557 88794 0 8532 88794 1
genomeend 60


/* Organism #64 Fitness: 360.000000 Time: 0 */
/* Position #64*/
#1 x: 52 y: 23
#2 x: 74 y: 28
#3 x: 83 y: 19
#4 x: 66 y: 65
#5 x: 56 y: 66
#6 x: 76 y: 71
genomestart 64
trait 1 100000.000000 0.000000 0.000000 0.000000 0.000000 0.000000 0.000000 0.000000 trait 2 52534.000000 91990.000000 0.000000 100000.000000 0.000000 0.000000 0.000000 0.000000 trait 3 21555.000000 0.000000 74217.000000 0.000000 72769.000000 0.000000 0.000000 0.000000 trait 4 4.000000 0.000000 0.000000 0.000000 0.000000 0.000000 0.000000 0.000000 node 1 1 1 3
node 2 2 1 1
node 3 4 1 1
node 4 4 1 1
node 5 1 1 1
node 6 4 1 1
node 7 3 1 1
node 8 3 1 1
node 9 3 1 1
node 10 4 1 1
node 11 4 1 1
node 12 1 1 1
node 13 1 0 2
node 14 2 0 2
node 15 4 0 2
node 24 1 0 0
node 188 3 0 0
node 222 1 0 0
node 272 1 0 0
node 301 1 0 0
node 380 2 0 0
node 393 1 0 0
node 453 4 0 0
node 469 1 0 0
node 557 1 0 0
node 729 1 0 0
node 875 1 0 0
node 927 1 0 0
node 1021 1 0 0
node 1084 1 0 0
node 1116 1 0 0
node 1234 1 0 0
node 1295 1 0 0
node 1374 1 0 0
node 1496 1 0 0
node 1522 1 0 0
node 1622 1 0 0
node 1712 1 0 0
node 1847 1 0 0
node 1890 1 0 0
node 2011 1 0 0
node 2035 1 0 0
node 2119 1 0 0
node 2161 1 0 0
node 2179 3 0 0
node 2221 1 0 0
node 2347 1 0 0
node 2379 1 0 0
node 2575 1 0 0
node 2588 1 0 0
node 2609 1 0 0
node 2698 1 0 0
gene 1 1 13 71589 0 1 71589 1
gene 2 2 13 -53733 0 2 -53733 1
gene 2 3 13 178047 0 3 178047 1
gene 4 4 13 249411 0 4 249411 0
gene 3 5 13 119730 0 5 119730 1
gene 1 6 13 -320772 0 6 -320772 1
gene 3 7 13 12039 0 7 12039 1
gene 1 8 13 750156 0 8 750156 0
gene 4 9 13 347484 0 9 347484 1
gene 2 10 13 -800000 0 10 -800000 1
gene 3 11 13 -472047 0 11 -472047 1
gene 4 12 13 -6345 0 12 -6345 1
gene 1 1 14 800000 0 13 800000 1
gene 1 2 14 -40947 0 14 -40947 1
gene 2 3 14 98802 0 15 98802 1
gene 2 4 14 -378420 0 16 -378420 1
gene 1 5 14 -285048 0 17 -285048 1
gene 2 6 14 -112695 0 18 -112695 0
gene 3 7 14 -472563 0 19 -472563 0
gene 3 8 14 -634808 0 20 -634808 1
gene 3 9 14 118020 0 21 118020 0
gene 2 10 14 347823 0 22 347823 1
gene 3 11 14 -800000 0 23 -800000 1
gene 2 12 14 -157638 0 24 -157638 1
gene 2 1 15 381876 0 25 381876 1
gene 3 2 15 21276 0 26 21276 1
gene 4 3 15 -235863 0 27 -235863 0
gene 1 4 15 -165831 0 28 -165831 0
gene 4 5 15 38154 0 29 38154 1
gene 2 6 15 -290673 0 30 -290673 0
gene 4 7 15 534429 0 31 534429 0
gene 2 8 15 -224145 0 32 -224145 0
gene 2 9 15 -771009 0 33 -771009 0
gene 2 10 15 -240171 0 34 -240171 1
gene 3 11 15 -36006 0 35 -36006 1
gene 2 12 15 -28488 0 36 -28488 0
gene 4 4 24 -94263 0 62 -94263 1
gene 4 24 13 -230175 0 63 -230175 1
gene 1 24 24 -258807 1 127 -258807 0
gene 3 15 13 190191 0 293 190191 1
gene 2 7 24 443925 0 408 443925 0
gene 3 7 188 136737 0 526 136737 1
gene 3 188 14 76596 0 527 76596 1
gene 2 9 222 -17601 0 645 -17601 0
gene 2 222 15 -416040 0 646 -416040 1
gene 3 3 272 195429 0 798 195429 1
gene 3 272 15 -15672 0 799 -15672 0
gene 2 3 24 249150 0 850 249150 1
gene 1 24 301 456126 1 893 456126 0
gene 1 301 24 -252237 0 894 -252237 0
gene 1 188 188 216732 1 934 216732 1
gene 3 4 188 248532 0 1080 248532 1
gene 2 6 380 -313260 0 1115 -313260 1
gene 2 380 14 -422718 0 1116 -422718 1
gene 1 4 393 -367191 0 1157 -367191 1
gene 1 393 15 -31896 0 1158 -31896 1
gene 1 15 380 59991 0 1196 59991 0
gene 2 12 188 -253599 0 1302 -253599 0
gene 2 9 453 62505 0 1346 62505 1
gene 2 453 222 150771 0 1347 150771 1
gene 1 24 469 -752553 1 1394 -752553 0
gene 1 469 301 -130107 0 1395 -130107 0
gene 3 222 24 256353 0 1576 256353 1
gene 4 3 188 713301 0 1616 713301 1
gene 3 272 557 61584 0 1666 61584 1
gene 1 557 15 -314448 0 1667 -314448 0
gene 1 6 272 800000 0 1830 800000 0
gene 4 12 380 -800000 0 1879 -800000 0
gene 1 469 729 288201 0 2197 288201 1
gene 1 729 301 -263460 0 2198 -263460 1
gene 2 14 301 42744 0 2244 42744 1
gene 1 188 380 -263229 0 2284 -263229 1
gene 3 8 875 193767 0 2630 193767 0
gene 1 875 13 40176 0 2631 40176 1
gene 4 12 927 -245697 0 2791 -245697 1
gene 4 927 380 150573 0 2792 150573 1
gene 2 393 380 -83826 0 3014 -83826 0
gene 2 7 1021 -285018 0 3066 -285018 1
gene 2 1021 24 800000 0 3067 800000 1
gene 1 8 1084 444768 0 3243 444768 0
gene 1 1084 875 794655 0 3244 794655 0
gene 4 188 927 280068 0 3297 280068 1
gene 1 1084 1116 -107937 0 3335 -107937 1
gene 1 1116 875 12030 0 3336 12030 0
gene 1 222 469 67464 0 3394 67464 1
gene 1 8 1234 261942 0 3693 261942 1
gene 1 1234 1084 229884 0 3694 229884 1
gene 1 301 1295 57627 0 3863 57627 1
gene 1 1295 24 -86406 0 3864 -86406 1
gene 1 2 393 383193 0 3943 383193 1
gene 4 1084 1084 351648 1 4053 351648 1
gene 3 1295 1084 206757 0 4076 206757 1
gene 1 1116 1374 -700971 0 4119 -700971 1
gene 1 1374 875 -214128 0 4120 -214128 1
gene 2 272 1084 -60693 0 4218 -60693 1
gene 2 12 1496 -79256 0 4474 -79256 1
gene 2 1496 15 -209256 0 4475 -209256 1
gene 1 557 1522 -265182 0 4546 -265182 0
gene 1 1522 15 -542955 0 4547 -542955 1
gene 3 1116 1021 -425298 0 4657 -425298 1
gene 3 9 380 -16848 0 4725 -16848 1
gene 2 12 1622 485415 0 4831 485415 1
gene 2 1622 188 76311 0 4832 76311 1
gene 4 453 453 122499 1 4965 122499 0
gene 2 8 1712 -36228 0 5099 -36228 1
gene 2 1712 15 -594630 0 5100 -594630 0
gene 1 6 1847 53574 0 5495 53574 1
gene 1 1847 272 -541734 0 5496 -541734 1
gene 3 9 1890 24525 0 5636 24525 0
gene 3 1890 14 44628 0 5637 44628 1
gene 4 1116 13 -503408 0 5838 -503408 1
gene 1 9 1712 -459300 0 5937 -459300 1
gene 1 24 2011 -348756 1 5985 -348756 1
gene 1 2011 469 339987 0 5986 339987 1
gene 2 1712 2035 -69198 0 6047 -69198 0
gene 2 2035 15 -94698 0 6048 -94698 1
gene 3 927 1084 17457 0 6090 17457 1
gene 4 1847 453 3711 0 6145 3711 1
gene 2 1712 2119 -93594 0 6302 -93594 1
gene 2 2119 2035 249114 0 6303 249114 1
gene 3 9 2161 -446991 0 6421 -446991 1
gene 3 2161 1890 -632379 0 6422 -632379 0
gene 4 453 2179 -650196 1 6471 -650196 1
gene 4 2179 453 -176211 0 6472 -176211 1
gene 3 7 2221 -148410 0 6590 -148410 1
gene 4 2221 15 -75897 0 6591 -75897 0
gene 2 393 2347 249066 0 6963 249066 1
gene 2 2347 380 -708839 0 6964 -708839 1
gene 2 729 188 245499 0 7008 245499 1
gene 2 6 2379 349407 0 7058 349407 1
gene 2 2379 15 128799 0 7059 128799 1
gene 3 557 1116 -642242 0 7304 -642242 1
gene 1 557 1712 50289 0 7456 50289 1
gene 1 2347 2347 353838 1 7587 353838 1
gene 4 2221 2575 162334 0 7627 162334 1
gene 4 2575 15 193941 0 7628 193941 1
gene 3 2161 2588 600888 0 7674 600888 1
gene 3 2588 1890 -5961 0 7675 -5961 1
gene 1 15 2609 510855 0 7733 510855 1
gene 1 2609 380 -306498 0 7734 -306498 1
gene 1 557 2698 337693 0 7984 337693 1
gene 1 2698 1522 -385368 0 7985 -385368 1
gene 4 927 875 -221958 0 8025 -221958 1
gene 2 2011 927 192660 0 8104 192660 1
gene 3 1234 2347 233457 0 8156 233457 1
gene 4 4 557 24221 0 8359 24221 1
genomeend 64


/* Organism #78 Fitness: 420.000000 Time: 0 */
/* Position #78*/
#1 x: 59 y: 30
#2 x: 25 y: 23
#3 x: 66 y: 20
#4 x: 24 y: 79
#5 x: 36 y: 81
#6 x: 51 y: 84
genomestart 78
trait 1 100000.000000 0.000000 0.000000 0.000000 0.000000 0.000000 0.000000 0.000000 trait 2 52534.000000 100000.000000 48442.000000 96419.000000 0.000000 63353.000000 4163.000000 0.000000 trait 3 21555.000000 0.000000 74217.000000 0.000000 72769.000000 0.000000 0.000000 0.000000 trait 4 4.000000 0.000000 0.000000 0.000000 0.000000 0.000000 0.000000 0.000000 node 1 1 1 3
node 2 2 1 1
node 3 4 1 1
node 4 4 1 1
node 5 1 1 1
node 6 4 1 1
node 7 3 1 1
node 8 3 1 1
node 9 3 1 1
node 10 4 1 1
node 11 4 1 1
node 12 1 1 1
node 13 1 0 2
node 14 2 0 2
node 15 4 0 2
node 24 1 0 0
node 188 3 0 0
node 222 1 0 0
node 272 1 0 0
node 301 1 0 0
node 380 1 0 0
node 393 1 0 0
node 453 4 0 0
node 469 1 0 0
node 557 1 0 0
node 729 1 0 0
node 875 1 0 0
node 927 1 0 0
node 1021 1 0 0
node 1084 1 0 0
node 1116 1 0 0
node 1234 1 0 0
node 1295 1 0 0
node 1374 1 0 0
node 1496 3 0 0
node 1522 1 0 0
node 1622 1 0 0
node 1712 1 0 0
node 1847 1 0 0
node 1890 1 0 0
node 2011 1 0 0
node 2035 1 0 0
node 2119 1 0 0
node 2161 1 0 0
node 2179 1 0 0
node 2221 1 0 0
node 2376 1 0 0
node 2427 1 0 0
node 2463 1 0 0
node 2579 1 0 0
node 2776 1 0 0
gene 1 1 13 -698357 0 1 -698357 1
gene 2 2 13 -530399 0 2 -530399 1
gene 2 3 13 -800000 0 3 -800000 1
gene 4 4 13 -800000 0 4 -800000 0
gene 3 5 13 43374 0 5 43374 1
gene 1 6 13 76236 0 6 76236 1
gene 3 7 13 145905 0 7 145905 1
gene 1 8 13 293979 0 8 293979 0
gene 4 9 13 182187 0 9 182187 1
gene 2 10 13 -800000 0 10 -800000 1
gene 3 11 13 -427962 0 11 -427962 1
gene 4 12 13 -148816 0 12 -148816 1
gene 1 1 14 -800000 0 13 -800000 1
gene 1 2 14 280671 0 14 280671 1
gene 2 3 14 96036 0 15 96036 1
gene 2 4 14 -27930 0 16 -27930 1
gene 1 5 14 -121092 0 17 -121092 1
gene 2 6 14 114063 0 18 114063 0
gene 3 7 14 -726461 0 19 -726461 0
gene 3 8 14 -195204 0 20 -195204 1
gene 3 9 14 685347 0 21 685347 0
gene 2 10 14 -54630 0 22 -54630 1
gene 3 11 14 -800000 0 23 -800000 1
gene 2 12 14 -284037 0 24 -284037 1
gene 2 1 15 294444 0 25 294444 1
gene 3 2 15 -13953 0 26 -13953 1
gene 4 3 15 176307 0 27 176307 0
gene 1 4 15 275265 0 28 275265 0
gene 4 5 15 800000 0 29 800000 1
gene 3 6 15 215640 0 30 215640 1
gene 4 7 15 800000 0 31 800000 0
gene 2 8 15 -390108 0 32 -390108 0
gene 2 9 15 -10227 0 33 -10227 0
gene 2 10 15 -665343 0 34 -665343 1
gene 3 11 15 -34947 0 35 -34947 1
gene 2 12 15 604137 0 36 604137 0
gene 4 4 24 -21051 0 62 -21051 1
gene 4 24 13 -121815 0 63 -121815 1
gene 1 24 24 -252891 1 127 -252891 0
gene 3 15 13 374745 0 293 374745 1
gene 2 7 24 208551 0 408 208551 0
gene 3 7 188 -749195 0 526 -749195 1
gene 3 188 14 101988 0 527 101988 1
gene 2 9 222 247368 0 645 247368 0
gene 2 222 15 -85944 0 646 -85944 1
gene 3 3 272 479091 0 798 479091 1
gene 3 272 15 6927 0 799 6927 0
gene 2 3 24 151713 0 850 151713 1
gene 1 24 301 -106820 1 893 -106820 0
gene 1 301 24 -63783 0 894 -63783 0
gene 1 188 188 -311586 1 934 -311586 1
gene 3 4 188 -506457 0 1080 -506457 1
gene 2 6 380 -135879 0 1115 -135879 1
gene 2 380 14 -798780 0 1116 -798780 1
gene 1 4 393 100632 0 1157 100632 1
gene 1 393 15 166236 0 1158 166236 1
gene 1 15 380 184875 0 1196 184875 1
gene 2 12 188 60384 0 1302 60384 0
gene 2 9 453 326319 0 1346 326319 1
gene 2 453 222 480134 0 1347 480134 1
gene 1 24 469 353490 1 1394 353490 0
gene 1 469 301 -150045 0 1395 -150045 0
gene 3 222 24 238830 0 1576 238830 1
gene 4 3 188 -266148 0 1616 -266148 1
gene 3 272 557 -454467 0 1666 -454467 1
gene 1 557 15 -10628 0 1667 -10628 0
gene 1 6 272 294654 0 1830 294654 0
gene 4 12 380 -110337 0 1879 -110337 0
gene 1 469 729 485522 0 2197 485522 1
gene 1 729 301 800000 0 2198 800000 1
gene 2 14 301 439833 0 2244 439833 1
gene 1 188 380 -421025 0 2284 -421025 1
gene 3 8 875 -338328 0 2630 -338328 0
gene 1 875 13 400281 0 2631 400281 1
gene 4 12 927 -108408 0 2791 -108408 1
gene 4 927 380 -157905 0 2792 -157905 1
gene 2 393 380 -690576 0 3014 -690576 1
gene 2 7 1021 227235 0 3066 227235 1
gene 2 1021 24 -744578 0 3067 -744578 1
gene 1 8 1084 -280779 0 3243 -280779 0
gene 1 1084 875 727379 0 3244 727379 0
gene 4 188 927 409185 0 3297 409185 0
gene 1 1084 1116 -483690 0 3335 -483690 1
gene 1 1116 875 77982 0 3336 77982 0
gene 1 222 469 -245523 0 3394 -245523 1
gene 1 8 1234 -776399 0 3693 -776399 1
gene 1 1234 1084 -800000 0 3694 -800000 1
gene 1 301 1295 593649 0 3863 593649 0
gene 4 1295 24 128361 0 3864 128361 1
gene 1 2 393 263063 0 3943 263063 1
gene 4 1084 1084 360411 1 4053 360411 1
gene 3 1295 1084 -75591 0 4076 -75591 1
gene 1 1116 1374 184619 0 4119 184619 1
gene 1 1374 875 73647 0 4120 73647 0
gene 2 272 1084 -214179 0 4218 -214179 1
gene 2 12 1496 -560604 0 4474 -560604 1
gene 2 1496 15 800000 0 4475 800000 1
gene 1 557 1522 159687 0 4546 159687 1
gene 1 1522 15 155508 0 4547 155508 1
gene 3 1116 1021 172401 0 4657 172401 1
gene 3 9 380 -524909 0 4725 -524909 1
gene 2 12 1622 218514 0 4831 218514 0
gene 2 1622 188 800000 0 4832 800000 1
gene 4 453 453 -283344 1 4965 -283344 0
gene 2 8 1712 189246 0 5099 189246 1
gene 2 1712 15 -153006 0 5100 -153006 0
gene 1 6 1847 -121332 0 5495 -121332 1
gene 1 1847 272 -313452 0 5496 -313452 1
gene 3 9 1890 800000 0 5636 800000 0
gene 3 1890 14 128679 0 5637 128679 1
gene 4 1116 13 -270273 0 5838 -270273 1
gene 1 9 1712 541824 0 5937 541824 1
gene 1 24 2011 -189354 1 5985 -189354 0
gene 1 2011 469 -122910 0 5986 -122910 1
gene 2 1712 2035 -237198 0 6047 -237198 0
gene 2 2035 15 168465 0 6048 168465 1
gene 3 927 1084 333642 0 6090 333642 1
gene 4 1847 453 -31677 0 6145 -31677 1
gene 2 1712 2119 189303 0 6302 189303 1
gene 2 2119 2035 345255 0 6303 345255 1
gene 3 9 2161 -443526 0 6421 -443526 1
gene 3 2161 1890 73179 0 6422 73179 1
gene 4 453 2179 349893 1 6471 349893 1
gene 4 2179 453 -45702 0 6472 -45702 1
gene 4 7 2221 155109 0 6590 155109 1
gene 4 2221 15 101544 0 6591 101544 1
gene 4 188 2376 61989 0 7051 61989 1
gene 4 2376 927 134571 0 7052 134571 1
gene 2 12 2427 -128640 0 7189 -128640 1
gene 2 2427 1622 -177888 0 7190 -177888 1
gene 1 301 2463 -237033 0 7287 -237033 1
gene 1 2463 1295 197553 0 7288 197553 1
gene 4 2376 1295 -400539 0 7338 -400539 1
gene 1 24 2579 335793 1 7643 335793 1
gene 1 2579 2011 -79680 0 7644 -79680 1
gene 2 1712 2427 492800 0 7894 492800 1
gene 1 2579 2579 362457 1 7942 362457 1
gene 2 927 2179 -89683 0 8185 -89683 1
gene 1 1374 2776 -428207 0 8226 -428207 1
gene 1 2776 875 150126 0 8227 150126 1
gene 1 1295 13 279024 0 8387 279024 1
genomeend 78


