/* Organism #2 Fitness: 340.000000 Time: 0 */
/* Position #2*/
#1 x: 44 y: 29
#2 x: 50 y: 37
#3 x: 52 y: 31
#4 x: 17 y: 69
#5 x: 82 y: 74
#6 x: 45 y: 60
genomestart 2
trait 1 100000.000000 0.000000 0.000000 0.000000 0.000000 0.000000 0.000000 0.000000 trait 2 52534.000000 91990.000000 0.000000 100000.000000 0.000000 0.000000 0.000000 0.000000 trait 3 21555.000000 0.000000 74217.000000 0.000000 72769.000000 0.000000 0.000000 0.000000 trait 4 0.000000 27669.000000 0.000000 0.000000 16849.000000 0.000000 0.000000 20982.000000 node 1 1 1 3
node 2 2 1 1
node 3 4 1 1
node 4 4 1 1
node 5 1 1 1
node 6 4 1 1
node 7 3 1 1
node 8 3 1 1
node 9 3 1 1
node 10 4 1 1
node 11 4 1 1
node 12 1 1 1
node 13 1 0 2
node 14 2 0 2
node 15 4 0 2
node 24 1 0 0
node 188 3 0 0
node 222 1 0 0
node 272 1 0 0
node 301 1 0 0
node 380 1 0 0
node 393 1 0 0
node 453 4 0 0
node 469 1 0 0
node 557 1 0 0
node 729 1 0 0
node 875 1 0 0
node 927 1 0 0
node 1021 1 0 0
node 1084 1 0 0
node 1116 1 0 0
node 1234 1 0 0
node 1295 1 0 0
node 1374 1 0 0
node 1496 1 0 0
node 1522 1 0 0
node 1622 1 0 0
node 1712 1 0 0
node 1847 1 0 0
node 1890 1 0 0
node 2011 1 0 0
node 2035 1 0 0
node 2119 1 0 0
node 2161 1 0 0
node 2179 1 0 0
node 2265 1 0 0
node 2285 1 0 0
gene 1 1 13 46341 0 1 46341 1
gene 2 2 13 -800000 0 2 -800000 1
gene 2 3 13 -81432 0 3 -81432 1
gene 4 4 13 -334431 0 4 -334431 0
gene 3 5 13 92490 0 5 92490 1
gene 1 6 13 -800000 0 6 -800000 1
gene 3 7 13 201519 0 7 201519 1
gene 1 8 13 771567 0 8 771567 0
gene 4 9 13 800000 0 9 800000 1
gene 2 10 13 -620162 0 10 -620162 1
gene 3 11 13 557258 0 11 557258 1
gene 4 12 13 800000 0 12 800000 1
gene 1 1 14 65319 0 13 65319 1
gene 1 2 14 -781664 0 14 -781664 1
gene 2 3 14 -111147 0 15 -111147 1
gene 2 4 14 570887 0 16 570887 1
gene 1 5 14 -101070 0 17 -101070 1
gene 2 6 14 -301326 0 18 -301326 0
gene 3 7 14 -228735 0 19 -228735 0
gene 3 8 14 146103 0 20 146103 1
gene 3 9 14 -252182 0 21 -252182 0
gene 2 10 14 -41091 0 22 -41091 1
gene 3 11 14 -500853 0 23 -500853 1
gene 2 12 14 281973 0 24 281973 1
gene 2 1 15 -73810 0 25 -73810 1
gene 3 2 15 -141342 0 26 -141342 1
gene 4 3 15 -29307 0 27 -29307 0
gene 1 4 15 429758 0 28 429758 0
gene 4 5 15 -504327 0 29 -504327 1
gene 2 6 15 727850 0 30 727850 1
gene 4 7 15 230949 0 31 230949 1
gene 2 8 15 206523 0 32 206523 0
gene 2 9 15 231513 0 33 231513 0
gene 2 10 15 114876 0 34 114876 1
gene 3 11 15 -101703 0 35 -101703 1
gene 2 12 15 -69762 0 36 -69762 0
gene 4 4 24 -154931 0 62 -154931 1
gene 4 24 13 -249375 0 63 -249375 1
gene 1 24 24 152688 1 127 152688 0
gene 3 15 13 435582 0 293 435582 1
gene 2 7 24 -260733 0 408 -260733 0
gene 3 7 188 800000 0 526 800000 1
gene 3 188 14 -69141 0 527 -69141 1
gene 2 9 222 109449 0 645 109449 0
gene 2 222 15 -232701 0 646 -232701 1
gene 3 3 272 -435767 0 798 -435767 1
gene 3 272 15 -337581 0 799 -337581 0
gene 2 3 24 99345 0 850 99345 1
gene 1 24 301 -179112 1 893 -179112 0
gene 1 301 24 -216789 0 894 -216789 0
gene 1 188 188 69360 1 934 69360 1
gene 3 4 188 -192165 0 1080 -192165 1
gene 2 6 380 188805 0 1115 188805 1
gene 2 380 14 42141 0 1116 42141 1
gene 1 4 393 39723 0 1157 39723 1
gene 1 393 15 -713921 0 1158 -713921 1
gene 1 15 380 -800000 0 1196 -800000 1
gene 2 12 188 98694 0 1302 98694 0
gene 2 9 453 124440 0 1346 124440 1
gene 2 453 222 -286631 0 1347 -286631 1
gene 1 24 469 -180141 1 1394 -180141 0
gene 1 469 301 -19176 0 1395 -19176 0
gene 3 222 24 -296613 0 1576 -296613 1
gene 4 3 188 149334 0 1616 149334 1
gene 3 272 557 -444810 0 1666 -444810 1
gene 1 557 15 615377 0 1667 615377 0
gene 1 6 272 141354 0 1830 141354 0
gene 4 12 380 275418 0 1879 275418 0
gene 1 469 729 -523770 0 2197 -523770 1
gene 1 729 301 -68457 0 2198 -68457 1
gene 2 14 301 -85260 0 2244 -85260 1
gene 1 188 380 -81318 0 2284 -81318 1
gene 3 8 875 -242160 0 2630 -242160 0
gene 1 875 13 -84084 0 2631 -84084 1
gene 4 12 927 133953 0 2791 133953 1
gene 4 927 380 -800000 0 2792 -800000 1
gene 2 393 380 296502 0 3014 296502 0
gene 2 7 1021 -213651 0 3066 -213651 1
gene 2 1021 24 18168 0 3067 18168 1
gene 1 8 1084 -800000 0 3243 -800000 0
gene 1 1084 875 292929 0 3244 292929 0
gene 4 188 927 101223 0 3297 101223 1
gene 1 1084 1116 214281 0 3335 214281 1
gene 1 1116 875 157845 0 3336 157845 0
gene 1 222 469 252213 0 3394 252213 1
gene 1 8 1234 -408942 0 3693 -408942 1
gene 1 1234 1084 -188976 0 3694 -188976 1
gene 1 301 1295 -228804 0 3863 -228804 1
gene 1 1295 24 213573 0 3864 213573 1
gene 1 2 393 -157194 0 3943 -157194 1
gene 4 1084 1084 -249738 1 4053 -249738 1
gene 3 1295 1084 -201771 0 4076 -201771 1
gene 1 1116 1374 14088 0 4119 14088 1
gene 1 1374 875 -44757 0 4120 -44757 1
gene 2 272 1084 139584 0 4218 139584 1
gene 2 12 1496 -681828 0 4474 -681828 1
gene 2 1496 15 -22743 0 4475 -22743 1
gene 1 557 1522 77613 0 4546 77613 1
gene 1 1522 15 571008 0 4547 571008 1
gene 3 1116 1021 -99876 0 4657 -99876 1
gene 3 9 380 222750 0 4725 222750 1
gene 2 12 1622 82566 0 4831 82566 1
gene 2 1622 188 1752 0 4832 1752 1
gene 4 453 453 137739 1 4965 137739 0
gene 2 8 1712 -94041 0 5099 -94041 1
gene 2 1712 15 -151812 0 5100 -151812 0
gene 1 6 1847 7692 0 5495 7692 1
gene 1 1847 272 -128613 0 5496 -128613 1
gene 3 9 1890 415887 0 5636 415887 0
gene 3 1890 14 96519 0 5637 96519 1
gene 4 1116 13 29286 0 5838 29286 1
gene 1 9 1712 196846 0 5937 196846 1
gene 1 24 2011 -110487 1 5985 -110487 0
gene 1 2011 469 -574875 0 5986 -574875 1
gene 2 1712 2035 -152978 0 6047 -152978 0
gene 2 2035 15 -59121 0 6048 -59121 1
gene 3 927 1084 -61574 0 6090 -61574 1
gene 4 1847 453 56820 0 6145 56820 1
gene 2 1712 2119 1 0 6302 1 1
gene 2 2119 2035 -90396 0 6303 -90396 1
gene 3 9 2161 1 0 6421 0 1
gene 3 2161 1890 415887 0 6422 0 1
gene 4 453 2179 1 1 6471 0 1
gene 4 2179 453 137739 0 6472 0 1
gene 1 469 1374 41206 0 6514 41206 1
gene 4 1295 1295 -18590 1 6607 -18590 1
gene 1 24 2265 1 1 6723 0 1
gene 1 2265 2011 -110487 0 6724 0 1
gene 2 393 2285 1 0 6776 0 1
gene 2 2285 380 296502 0 6777 0 1
genomeend 2


/* Organism #8 Fitness: 400.000000 Time: 0 */
/* Position #8*/
#1 x: 45 y: 22
#2 x: 67 y: 33
#3 x: 78 y: 15
#4 x: 40 y: 68
#5 x: 41 y: 60
#6 x: 44 y: 68
genomestart 8
trait 1 100000.000000 35089.000000 0.000000 0.000000 32470.000000 46984.000000 0.000000 15196.000000 trait 2 0.000000 0.000000 81232.000000 0.000000 0.000000 8331.000000 0.000000 0.000000 trait 3 3.000000 0.000000 0.000000 0.000000 0.000000 0.000000 0.000000 95617.000000 trait 4 16152.000000 0.000000 51490.000000 96368.000000 0.000000 0.000000 0.000000 37220.000000 node 1 4 1 3
node 2 2 1 1
node 3 4 1 1
node 4 2 1 1
node 5 4 1 1
node 6 3 1 1
node 7 2 1 1
node 8 1 1 1
node 9 4 1 1
node 10 1 1 1
node 11 1 1 1
node 12 4 1 1
node 13 3 0 2
node 14 1 0 2
node 15 4 0 2
node 71 1 0 0
node 289 1 0 0
node 317 1 0 0
node 368 1 0 0
node 381 1 0 0
node 394 1 0 0
node 473 1 0 0
node 490 1 0 0
node 568 1 0 0
node 647 1 0 0
node 686 1 0 0
node 704 1 0 0
node 760 1 0 0
node 834 1 0 0
node 877 1 0 0
node 886 1 0 0
node 948 1 0 0
node 996 1 0 0
node 1018 3 0 0
node 1030 1 0 0
node 1107 1 0 0
node 1283 1 0 0
node 1318 1 0 0
node 1334 1 0 0
node 1348 1 0 0
node 1397 1 0 0
node 1437 1 0 0
node 1483 1 0 0
node 1576 1 0 0
node 1610 1 0 0
node 1682 1 0 0
node 1718 1 0 0
node 1791 1 0 0
node 1807 1 0 0
node 1852 1 0 0
node 1926 1 0 0
node 2076 1 0 0
gene 4 1 13 315540 0 1 315540 1
gene 3 2 13 -443052 0 2 -443052 1
gene 2 3 13 -133656 0 3 -133656 0
gene 4 4 13 -800000 0 4 -800000 1
gene 2 5 13 205167 0 5 205167 0
gene 3 6 13 715902 0 6 715902 0
gene 1 7 13 -418326 0 7 -418326 0
gene 1 8 13 -280821 0 8 -280821 1
gene 1 9 13 -419925 0 9 -419925 0
gene 2 10 13 -700106 0 10 -700106 1
gene 3 11 13 360819 0 11 360819 1
gene 3 12 13 -800000 0 12 -800000 1
gene 2 1 14 390642 0 13 390642 1
gene 1 2 14 415893 0 14 415893 0
gene 3 3 14 305007 0 15 305007 0
gene 1 4 14 -199299 0 16 -199299 0
gene 1 5 14 19335 0 17 19335 1
gene 1 6 14 -210552 0 18 -210552 1
gene 1 7 14 234633 0 19 234633 1
gene 2 8 14 800000 0 20 800000 0
gene 2 9 14 120336 0 21 120336 1
gene 1 10 14 391200 0 22 391200 0
gene 3 11 14 -307539 0 23 -307539 1
gene 2 12 14 -442404 0 24 -442404 0
gene 3 1 15 800000 0 25 800000 1
gene 2 2 15 -477099 0 26 -477099 1
gene 4 3 15 -492339 0 27 -492339 0
gene 2 4 15 376539 0 28 376539 0
gene 2 5 15 -58077 0 29 -58077 1
gene 1 6 15 800000 0 30 800000 1
gene 4 7 15 -800000 0 31 -800000 0
gene 2 8 15 -373593 0 32 -373593 0
gene 2 9 15 -354000 0 33 -354000 1
gene 1 10 15 500841 0 34 500841 1
gene 3 11 15 -77010 0 35 -77010 0
gene 1 12 15 95187 0 36 95187 1
gene 4 3 71 431712 0 201 431712 0
gene 3 71 14 241251 0 202 241251 0
gene 1 13 13 213576 1 248 213576 1
gene 2 13 15 -582713 0 413 -582713 1
gene 4 10 71 -252789 0 454 -252789 1
gene 1 7 71 488472 0 542 488472 0
gene 4 8 71 245502 0 717 245502 1
gene 4 71 71 705458 1 769 705458 0
gene 4 3 289 -733085 0 858 -733085 0
gene 4 289 15 -254445 0 859 -254445 1
gene 3 289 14 -800000 0 897 -800000 1
gene 4 3 317 34017 0 942 34017 0
gene 4 317 289 243195 0 943 243195 1
gene 2 8 368 -87309 0 1081 -87309 0
gene 2 368 15 -23496 0 1082 -23496 1
gene 1 2 381 190200 0 1117 190200 1
gene 2 381 14 -766370 0 1118 -766370 1
gene 4 3 394 345276 0 1159 345276 0
gene 4 394 71 589281 0 1160 589281 1
gene 4 1 394 -32778 0 1362 -32778 1
gene 2 3 473 -674328 0 1405 -674328 0
gene 2 473 13 576096 0 1406 576096 1
gene 4 10 490 -706641 0 1456 -706641 0
gene 1 490 14 -81060 0 1457 -81060 1
gene 3 13 289 147366 0 1591 147366 1
gene 4 71 568 311358 1 1699 311358 1
gene 4 568 71 -61002 0 1700 -61002 0
gene 3 568 15 -188907 0 1754 -188907 0
gene 3 289 394 66651 0 1809 66651 0
gene 4 568 647 228099 0 1948 228099 1
gene 4 647 71 -25392 0 1949 -25392 1
gene 1 7 686 -295587 0 2069 -295587 1
gene 1 686 71 -176388 0 2070 -176388 1
gene 3 71 704 476064 0 2122 476064 1
gene 3 704 14 -22782 0 2123 -22782 1
gene 3 289 760 8226 0 2296 8226 1
gene 3 760 394 -623091 0 2297 -623091 1
gene 4 368 394 77736 0 2326 77736 1
gene 2 10 289 178254 0 2376 178254 1
gene 4 3 834 111054 0 2518 111054 1
gene 4 834 317 151263 0 2519 151263 1
gene 2 12 877 251169 0 2634 251169 1
gene 2 877 14 -110856 0 2635 -110856 1
gene 2 4 886 580548 0 2665 580548 1
gene 1 886 15 349026 0 2666 349026 1
gene 2 5 948 141669 0 2855 141669 0
gene 2 948 13 371379 0 2856 371379 1
gene 2 877 877 -336615 1 2903 -336615 0
gene 1 7 996 -800000 0 2996 -800000 1
gene 1 996 13 -749690 0 2997 -749690 0
gene 3 7 1018 -121851 0 3054 -121851 1
gene 4 1018 15 -34914 0 3055 -34914 0
gene 1 4 1030 -662526 0 3100 -662526 1
gene 1 1030 14 -499242 0 3101 -499242 1
gene 3 568 568 -306111 1 3154 -306111 1
gene 2 5 1107 556367 0 3308 556367 1
gene 2 1107 948 43983 0 3309 43983 0
gene 4 686 686 672993 1 3352 672993 0
gene 3 996 490 259515 0 3408 259515 1
gene 3 996 996 -160047 1 3624 -160047 1
gene 3 381 381 532644 1 3767 532644 1
gene 4 3 1283 164964 0 3832 164964 0
gene 4 1283 394 -674753 0 3833 -674753 1
gene 2 8 1318 -311577 0 3932 -311577 1
gene 2 1318 368 97182 0 3933 97182 1
gene 4 3 1334 610560 0 3987 610560 1
gene 4 1334 1283 -265248 0 3988 -265248 1
gene 3 6 1348 145731 0 4030 145731 1
gene 3 1348 13 -441135 0 4031 -441135 1
gene 3 568 1397 539268 0 4173 539268 1
gene 3 1397 15 -163509 0 4174 -163509 1
gene 1 13 760 -89442 0 4248 -89442 1
gene 4 686 1437 117900 1 4291 117900 0
gene 4 1437 686 -147453 0 4292 -147453 1
gene 1 10 1483 768810 0 4430 768810 1
gene 1 1483 490 -566772 0 4431 -566772 1
gene 1 394 490 -324060 0 4472 -324060 1
gene 2 8 1576 -800000 0 4695 -800000 1
gene 2 1576 14 60225 0 4696 60225 1
gene 1 368 368 -186732 1 4745 -186732 1
gene 3 11 1610 167568 0 4795 167568 1
gene 3 1610 15 -262446 0 4796 -262446 1
gene 3 8 686 178104 0 4917 178104 1
gene 4 686 1682 800000 1 5012 800000 1
gene 4 1682 1437 226983 0 5013 226983 1
gene 2 3 1718 -33570 0 5114 -33570 1
gene 2 1718 473 -180648 0 5115 -180648 1
gene 2 1107 1791 147927 0 5326 147927 1
gene 2 1791 948 -176691 0 5327 -176691 1
gene 4 1018 1807 -800000 0 5371 -800000 1
gene 4 1807 15 -183780 0 5372 -183780 1
gene 2 1483 473 346818 0 5452 346818 1
gene 1 996 1852 103605 0 5508 103605 1
gene 1 1852 13 -248928 0 5509 -248928 1
gene 2 686 1791 -385038 0 5560 -385038 1
gene 1 9 1926 474 0 5738 474 1
gene 1 1926 13 56205 0 5739 56205 1
gene 2 1576 834 236583 0 5783 236583 1
gene 4 1397 1018 132018 0 5960 132018 1
gene 3 1030 1030 76809 1 6082 76809 1
gene 2 877 2076 -96336 1 6168 -96336 1
gene 2 2076 877 -425775 0 6169 -425775 1
gene 1 1283 289 -40137 0 6426 -40137 1
gene 1 1283 317 163803 0 6534 163803 1
gene 1 1318 289 -21195 0 6582 -21195 1
gene 1 1926 1852 -353731 0 6669 -353731 1
gene 3 996 1030 43299 0 6785 43299 1
genomeend 8


/* Organism #12 Fitness: 380.000000 Time: 0 */
/* Position #12*/
#1 x: 32 y: 35
#2 x: 27 y: 31
#3 x: 18 y: 20
#4 x: 40 y: 69
#5 x: 15 y: 61
#6 x: 40 y: 68
genomestart 12
trait 1 1.000000 0.000000 0.000000 0.000000 0.000000 0.000000 0.000000 0.000000 trait 2 2.000000 0.000000 0.000000 0.000000 0.000000 14091.000000 0.000000 0.000000 trait 3 3.000000 0.000000 0.000000 0.000000 0.000000 0.000000 0.000000 0.000000 trait 4 4.000000 0.000000 0.000000 0.000000 0.000000 0.000000 0.000000 0.000000 node 1 4 1 3
node 2 2 1 1
node 3 4 1 1
node 4 2 1 1
node 5 4 1 1
node 6 3 1 1
node 7 2 1 1
node 8 1 1 1
node 9 4 1 1
node 10 1 1 1
node 11 1 1 1
node 12 4 1 1
node 13 3 0 2
node 14 1 0 2
node 15 4 0 2
node 71 1 0 0
node 289 1 0 0
node 317 1 0 0
node 368 1 0 0
node 381 1 0 0
node 394 1 0 0
node 473 1 0 0
node 490 1 0 0
node 568 1 0 0
node 647 1 0 0
node 686 1 0 0
node 704 1 0 0
node 760 1 0 0
node 834 1 0 0
node 877 1 0 0
node 886 1 0 0
node 948 1 0 0
node 996 1 0 0
node 1018 1 0 0
node 1030 1 0 0
node 1107 1 0 0
node 1188 1 0 0
node 1240 1 0 0
node 1316 1 0 0
node 1373 1 0 0
node 1445 1 0 0
node 1459 1 0 0
node 1474 4 0 0
node 1504 1 0 0
node 1625 1 0 0
node 1675 1 0 0
node 1700 1 0 0
node 1720 1 0 0
node 1888 1 0 0
node 2052 1 0 0
node 2089 1 0 0
node 2268 1 0 0
gene 4 1 13 461691 0 1 461691 1
gene 3 2 13 -800000 0 2 -800000 1
gene 2 3 13 519747 0 3 519747 0
gene 4 4 13 -108360 0 4 -108360 1
gene 2 5 13 745593 0 5 745593 0
gene 3 6 13 134250 0 6 134250 1
gene 1 7 13 -124656 0 7 -124656 0
gene 1 8 13 -217446 0 8 -217446 1
gene 1 9 13 -445869 0 9 -445869 0
gene 2 10 13 5175 0 10 5175 1
gene 3 11 13 195248 0 11 195248 1
gene 3 12 13 -72933 0 12 -72933 1
gene 1 1 14 800000 0 13 800000 1
gene 1 2 14 -383052 0 14 -383052 0
gene 3 3 14 -800000 0 15 -800000 0
gene 1 4 14 -613569 0 16 -613569 0
gene 1 5 14 -368574 0 17 -368574 1
gene 1 6 14 -800000 0 18 -800000 1
gene 1 7 14 -592266 0 19 -592266 1
gene 2 8 14 -382797 0 20 -382797 1
gene 2 9 14 99549 0 21 99549 0
gene 1 10 14 -135111 0 22 -135111 0
gene 3 11 14 287217 0 23 287217 1
gene 2 12 14 364446 0 24 364446 0
gene 3 1 15 328725 0 25 328725 1
gene 2 2 15 214778 0 26 214778 1
gene 4 3 15 28098 0 27 28098 0
gene 2 4 15 800000 0 28 800000 0
gene 2 5 15 713816 0 29 713816 0
gene 1 6 15 -662715 0 30 -662715 1
gene 4 7 15 -356775 0 31 -356775 0
gene 2 8 15 -480432 0 32 -480432 0
gene 2 9 15 733605 0 33 733605 1
gene 1 10 15 741947 0 34 741947 1
gene 3 11 15 386880 0 35 386880 1
gene 1 12 15 -424842 0 36 -424842 0
gene 4 3 71 -199143 0 201 -199143 0
gene 3 71 14 -369312 0 202 -369312 0
gene 1 13 13 166220 1 248 166220 1
gene 2 13 15 -577374 0 413 -577374 1
gene 4 10 71 155415 0 454 155415 1
gene 2 7 71 -59292 0 542 -59292 0
gene 4 8 71 382977 0 717 382977 1
gene 4 71 71 -97080 1 769 -97080 0
gene 4 3 289 353704 0 858 353704 0
gene 4 289 15 -134286 0 859 -134286 1
gene 3 289 14 -276597 0 897 -276597 0
gene 4 3 317 800000 0 942 800000 0
gene 4 317 289 -142314 0 943 -142314 1
gene 2 8 368 397923 0 1081 397923 1
gene 2 368 15 351687 0 1082 351687 1
gene 1 2 381 -733655 0 1117 -733655 1
gene 2 381 14 -120327 0 1118 -120327 1
gene 4 3 394 124755 0 1159 124755 1
gene 4 394 71 22458 0 1160 22458 1
gene 4 1 394 800000 0 1362 800000 1
gene 2 3 473 473415 0 1405 473415 1
gene 2 473 13 602424 0 1406 602424 1
gene 1 10 490 352341 0 1456 352341 0
gene 1 490 14 37207 0 1457 37207 1
gene 3 13 289 -82623 0 1591 -82623 1
gene 4 71 568 800000 1 1699 800000 1
gene 4 568 71 420837 0 1700 420837 0
gene 3 568 15 800000 0 1754 800000 1
gene 3 289 394 -384237 0 1809 -384237 0
gene 4 568 647 528627 0 1948 528627 1
gene 4 647 71 -402891 0 1949 -402891 1
gene 1 7 686 -71304 0 2069 -71304 1
gene 1 686 71 219690 0 2070 219690 1
gene 3 71 704 -16947 0 2122 -16947 0
gene 3 704 14 238848 0 2123 238848 1
gene 3 289 760 562242 0 2296 562242 1
gene 3 760 394 -138159 0 2297 -138159 1
gene 4 368 394 133002 0 2326 133002 0
gene 2 10 289 255486 0 2376 255486 1
gene 4 3 834 -217119 0 2518 -217119 1
gene 4 834 317 -494598 0 2519 -494598 0
gene 2 12 877 -310017 0 2634 -310017 1
gene 2 877 14 -445557 0 2635 -445557 1
gene 2 4 886 435045 0 2665 435045 1
gene 2 886 15 353043 0 2666 353043 1
gene 2 5 948 -52350 0 2855 -52350 0
gene 2 948 13 -263367 0 2856 -263367 1
gene 2 877 877 672249 1 2903 672249 1
gene 1 7 996 798194 0 2996 798194 1
gene 1 996 13 -460584 0 2997 -460584 1
gene 3 7 1018 98112 0 3054 98112 1
gene 4 1018 15 -110769 0 3055 -110769 1
gene 1 4 1030 198270 0 3100 198270 1
gene 1 1030 14 205140 0 3101 205140 1
gene 3 568 568 -62091 1 3154 -62091 0
gene 2 5 1107 -132084 0 3308 -132084 1
gene 2 1107 948 203274 0 3309 203274 1
gene 4 686 686 493782 1 3352 493782 1
gene 3 996 490 391554 0 3408 391554 1
gene 2 9 1188 673017 0 3558 673017 0
gene 2 1188 14 135519 0 3559 135519 1
gene 4 381 71 435387 0 3665 435387 0
gene 1 10 1240 -266319 0 3707 -266319 1
gene 1 1240 490 630282 0 3708 630282 1
gene 3 1107 1030 591885 0 3763 591885 1
gene 2 9 1316 199890 0 3922 199890 0
gene 2 1316 1188 -138945 0 3923 -138945 1
gene 1 12 1373 187335 0 4116 187335 1
gene 1 1373 15 729279 0 4117 729279 0
gene 1 3 1316 782268 0 4180 782268 1
gene 4 834 1445 -456336 0 4313 -456336 1
gene 4 1445 317 -564429 0 4314 -564429 1
gene 4 381 1459 641397 0 4355 641397 1
gene 4 1459 71 -550242 0 4356 -550242 1
gene 3 289 1474 312408 0 4406 312408 1
gene 3 1474 14 46416 0 4407 46416 1
gene 2 394 1373 151410 0 4457 151410 1
gene 2 5 1504 -195534 0 4497 -195534 0
gene 2 1504 15 -231951 0 4498 -231951 1
gene 4 1504 886 -110592 0 4750 -110592 1
gene 2 9 1625 38253 0 4838 38253 1
gene 2 1625 1316 -380373 0 4839 -380373 1
gene 4 1 1625 -229446 0 4968 -229446 1
gene 3 568 1675 -213255 1 4996 -213255 1
gene 3 1675 568 195696 0 4997 195696 0
gene 2 5 1700 -513111 0 5071 -513111 1
gene 2 1700 1504 -309180 0 5072 -309180 1
gene 3 71 1720 -363459 0 5118 -363459 1
gene 3 1720 704 -25083 0 5119 -25083 1
gene 1 886 381 105642 0 5222 105642 1
gene 1 1373 1888 234609 0 5630 234609 1
gene 1 1888 15 668151 0 5631 668151 1
gene 1 1107 490 154746 0 5814 154746 1
gene 4 1107 15 -181545 0 5917 -181545 1
gene 4 14 14 -154485 1 5955 -154485 1
gene 2 1700 1700 7566 1 6001 7566 1
gene 3 1675 2052 105141 0 6096 105141 1
gene 3 2052 568 296703 0 6097 296703 1
gene 1 9 2089 191058 0 6209 191058 1
gene 1 2089 13 123417 0 6210 123417 1
gene 4 368 2268 -116750 0 6730 -116750 1
gene 4 2268 394 464724 0 6731 464724 1
genomeend 12


/* Organism #24 Fitness: 560.000000 Time: 0 */
/* Position #24*/
#1 x: 35 y: 19
#2 x: 49 y: 38
#3 x: 28 y: 39
#4 x: 38 y: 76
#5 x: 27 y: 81
#6 x: 49 y: 81
genomestart 24
trait 1 1.000000 0.000000 0.000000 0.000000 0.000000 0.000000 0.000000 0.000000 trait 2 0.000000 0.000000 0.000000 5669.000000 0.000000 0.000000 0.000000 0.000000 trait 3 3.000000 0.000000 0.000000 0.000000 0.000000 0.000000 0.000000 0.000000 trait 4 4.000000 0.000000 0.000000 0.000000 0.000000 0.000000 0.000000 0.000000 node 1 4 1 3
node 2 2 1 1
node 3 4 1 1
node 4 2 1 1
node 5 4 1 1
node 6 3 1 1
node 7 2 1 1
node 8 1 1 1
node 9 4 1 1
node 10 1 1 1
node 11 1 1 1
node 12 4 1 1
node 13 3 0 2
node 14 1 0 2
node 15 4 0 2
node 71 2 0 0
node 289 1 0 0
node 317 1 0 0
node 368 1 0 0
node 381 1 0 0
node 394 1 0 0
node 473 1 0 0
node 490 1 0 0
node 568 1 0 0
node 647 1 0 0
node 686 1 0 0
node 704 1 0 0
node 760 1 0 0
node 834 1 0 0
node 877 1 0 0
node 886 1 0 0
node 948 1 0 0
node 996 1 0 0
node 1018 1 0 0
node 1030 1 0 0
node 1107 1 0 0
node 1188 1 0 0
node 1240 1 0 0
node 1316 1 0 0
node 1373 1 0 0
node 1445 1 0 0
node 1459 1 0 0
node 1474 1 0 0
node 1504 1 0 0
node 1656 1 0 0
node 1801 1 0 0
node 1814 1 0 0
node 1849 1 0 0
node 2019 1 0 0
node 2082 1 0 0
node 2138 1 0 0
gene 4 1 13 -53364 0 1 -53364 1
gene 4 2 13 115911 0 2 115911 1
gene 2 3 13 -102240 0 3 -102240 0
gene 4 4 13 -175449 0 4 -175449 1
gene 2 5 13 656004 0 5 656004 0
gene 3 6 13 -513237 0 6 -513237 1
gene 1 7 13 -237513 0 7 -237513 0
gene 1 8 13 -58956 0 8 -58956 1
gene 1 9 13 134325 0 9 134325 1
gene 2 10 13 562515 0 10 562515 1
gene 3 11 13 -266231 0 11 -266231 1
gene 3 12 13 61680 0 12 61680 1
gene 1 1 14 617094 0 13 617094 1
gene 1 2 14 -663438 0 14 -663438 0
gene 3 3 14 419013 0 15 419013 0
gene 1 4 14 -476568 0 16 -476568 0
gene 1 5 14 -341385 0 17 -341385 1
gene 1 6 14 646035 0 18 646035 1
gene 1 7 14 -800000 0 19 -800000 1
gene 2 8 14 285369 0 20 285369 0
gene 2 9 14 -657 0 21 -657 0
gene 1 10 14 -491688 0 22 -491688 0
gene 3 11 14 -181329 0 23 -181329 1
gene 2 12 14 -800000 0 24 -800000 0
gene 3 1 15 -607959 0 25 -607959 1
gene 2 2 15 295149 0 26 295149 1
gene 4 3 15 -133284 0 27 -133284 0
gene 2 4 15 -360963 0 28 -360963 0
gene 2 5 15 -103293 0 29 -103293 0
gene 1 6 15 -800000 0 30 -800000 0
gene 4 7 15 26286 0 31 26286 0
gene 2 8 15 -52890 0 32 -52890 0
gene 2 9 15 117774 0 33 117774 1
gene 1 10 15 191067 0 34 191067 1
gene 3 11 15 -7899 0 35 -7899 1
gene 1 12 15 542457 0 36 542457 0
gene 4 3 71 -800000 0 201 -800000 0
gene 3 71 14 626400 0 202 626400 0
gene 1 13 13 -800000 1 248 -800000 1
gene 2 13 15 -15900 0 413 -15900 1
gene 4 10 71 -99126 0 454 -99126 1
gene 2 7 71 -800000 0 542 -800000 0
gene 4 8 71 -114009 0 717 -114009 1
gene 4 71 71 313791 1 769 313791 0
gene 4 3 289 -436230 0 858 -436230 0
gene 4 289 15 -231240 0 859 -231240 1
gene 2 289 14 331530 0 897 331530 0
gene 4 3 317 -800000 0 942 -800000 0
gene 4 317 289 492167 0 943 492167 1
gene 2 8 368 -134070 0 1081 -134070 1
gene 2 368 15 158415 0 1082 158415 1
gene 1 2 381 -23949 0 1117 -23949 1
gene 2 381 14 -79747 0 1118 -79747 1
gene 4 3 394 -510332 0 1159 -510332 0
gene 4 394 71 260874 0 1160 260874 1
gene 4 1 394 253533 0 1362 253533 1
gene 2 3 473 270635 0 1405 270635 1
gene 2 473 13 -474183 0 1406 -474183 1
gene 1 10 490 515525 0 1456 515525 0
gene 1 490 14 355131 0 1457 355131 1
gene 3 13 289 -436194 0 1591 -436194 0
gene 4 71 568 392226 1 1699 392226 1
gene 4 568 71 549276 0 1700 549276 0
gene 3 568 15 -63894 0 1754 -63894 1
gene 3 289 394 -441174 0 1809 -441174 0
gene 4 568 647 -465135 0 1948 -465135 1
gene 4 647 71 642891 0 1949 642891 1
gene 1 7 686 -556085 0 2069 -556085 1
gene 1 686 71 -510834 0 2070 -510834 1
gene 3 71 704 -141912 0 2122 -141912 1
gene 3 704 14 94720 0 2123 94720 1
gene 3 289 760 -483696 0 2296 -483696 1
gene 3 760 394 105516 0 2297 105516 1
gene 4 368 394 405435 0 2326 405435 1
gene 2 10 289 -236647 0 2376 -236647 1
gene 4 3 834 348030 0 2518 348030 1
gene 4 834 317 -433998 0 2519 -433998 0
gene 2 12 877 800000 0 2634 800000 1
gene 2 877 14 -95238 0 2635 -95238 1
gene 2 4 886 -675489 0 2665 -675489 1
gene 2 886 15 -523388 0 2666 -523388 1
gene 2 5 948 218571 0 2855 218571 0
gene 2 948 13 -7212 0 2856 -7212 0
gene 2 877 877 88224 1 2903 88224 1
gene 1 7 996 -433778 0 2996 -433778 1
gene 1 996 13 -344625 0 2997 -344625 1
gene 3 7 1018 86958 0 3054 86958 1
gene 4 1018 15 86640 0 3055 86640 1
gene 1 4 1030 -800000 0 3100 -800000 1
gene 1 1030 14 82932 0 3101 82932 1
gene 3 568 568 -35490 1 3154 -35490 1
gene 2 5 1107 -502278 0 3308 -502278 1
gene 2 1107 948 199068 0 3309 199068 1
gene 4 686 686 -189537 1 3352 -189537 1
gene 3 996 490 148296 0 3408 148296 1
gene 2 9 1188 -336186 0 3558 -336186 0
gene 2 1188 14 -400953 0 3559 -400953 1
gene 4 381 71 -390357 0 3665 -390357 0
gene 1 10 1240 690258 0 3707 690258 0
gene 1 1240 490 205764 0 3708 205764 1
gene 3 1107 1030 -71013 0 3763 -71013 1
gene 2 9 1316 270552 0 3922 270552 1
gene 2 1316 1188 -311151 0 3923 -311151 1
gene 1 12 1373 218280 0 4116 218280 1
gene 1 1373 15 311298 0 4117 311298 1
gene 1 3 1316 -234171 0 4180 -234171 1
gene 4 834 1445 800000 0 4313 800000 1
gene 4 1445 317 164232 0 4314 164232 1
gene 4 381 1459 185469 0 4355 185469 1
gene 4 1459 71 350709 0 4356 350709 1
gene 3 289 1474 -410703 0 4406 -410703 1
gene 3 1474 14 54045 0 4407 54045 1
gene 2 394 1373 209526 0 4457 209526 1
gene 2 5 1504 182133 0 4497 182133 0
gene 2 1504 15 246777 0 4498 246777 1
gene 1 368 368 409260 1 4857 409260 1
gene 3 368 760 -446835 0 4894 -446835 1
gene 3 13 1656 30318 0 4939 30318 1
gene 3 1656 289 253743 0 4940 253743 1
gene 4 704 1030 -30387 0 5148 -30387 1
gene 1 6 1801 126639 0 5357 126639 1
gene 1 1801 15 -210612 0 5358 -210612 1
gene 2 948 1814 209952 0 5397 209952 1
gene 2 1814 13 -800000 0 5398 -800000 1
gene 4 1240 996 -800000 0 5444 -800000 1
gene 2 8 1849 -634550 0 5500 -634550 1
gene 2 1849 14 -207417 0 5501 -207417 1
gene 1 1030 1030 288558 1 5658 288558 1
gene 4 1849 1849 26334 1 5918 26334 1
gene 2 5 2019 -342861 0 6004 -342861 1
gene 2 2019 1504 -63465 0 6005 -63465 1
gene 2 886 473 33939 0 6095 33939 1
gene 1 10 2082 58611 0 6182 58611 1
gene 1 2082 1240 -30576 0 6183 -30576 1
gene 3 71 1474 175311 0 6308 175311 1
gene 4 3 2138 -62666 0 6352 -62666 1
gene 4 2138 394 -84969 0 6353 -84969 1
gene 3 381 381 142845 1 6397 142845 1
gene 4 12 1445 -621577 0 6557 -621577 1
gene 3 1188 568 82713 0 6738 82713 1
gene 3 9 381 -8273 0 6804 -8273 1
genomeend 24


/* Organism #30 Fitness: 600.000000 Time: 0 */
/* Position #30*/
#1 x: 34 y: 29
#2 x: 40 y: 26
#3 x: 30 y: 39
#4 x: 40 y: 78
#5 x: 34 y: 81
#6 x: 58 y: 69
genomestart 30
trait 1 100000.000000 0.000000 0.000000 0.000000 0.000000 0.000000 0.000000 0.000000 trait 2 52534.000000 91990.000000 0.000000 100000.000000 0.000000 0.000000 0.000000 0.000000 trait 3 21555.000000 0.000000 74217.000000 0.000000 72769.000000 0.000000 0.000000 0.000000 trait 4 4.000000 0.000000 0.000000 0.000000 0.000000 0.000000 0.000000 0.000000 node 1 1 1 3
node 2 2 1 1
node 3 4 1 1
node 4 4 1 1
node 5 1 1 1
node 6 4 1 1
node 7 3 1 1
node 8 3 1 1
node 9 3 1 1
node 10 4 1 1
node 11 4 1 1
node 12 1 1 1
node 13 1 0 2
node 14 2 0 2
node 15 4 0 2
node 24 1 0 0
node 188 3 0 0
node 222 1 0 0
node 272 1 0 0
node 301 1 0 0
node 380 1 0 0
node 393 1 0 0
node 453 4 0 0
node 469 1 0 0
node 557 1 0 0
node 729 1 0 0
node 875 1 0 0
node 927 1 0 0
node 1021 1 0 0
node 1084 1 0 0
node 1116 1 0 0
node 1234 1 0 0
node 1295 1 0 0
node 1374 1 0 0
node 1496 1 0 0
node 1522 1 0 0
node 1622 1 0 0
node 1712 1 0 0
node 1847 1 0 0
node 1890 1 0 0
node 2011 1 0 0
node 2035 1 0 0
node 2119 1 0 0
node 2161 1 0 0
node 2179 1 0 0
node 2221 1 0 0
gene 1 1 13 70473 0 1 70473 1
gene 2 2 13 -656723 0 2 -656723 1
gene 2 3 13 -112815 0 3 -112815 1
gene 4 4 13 -456072 0 4 -456072 0
gene 3 5 13 84099 0 5 84099 1
gene 1 6 13 -712899 0 6 -712899 1
gene 3 7 13 179829 0 7 179829 1
gene 1 8 13 800000 0 8 800000 0
gene 4 9 13 42522 0 9 42522 1
gene 2 10 13 -580688 0 10 -580688 1
gene 3 11 13 630804 0 11 630804 1
gene 4 12 13 544766 0 12 544766 1
gene 1 1 14 -9396 0 13 -9396 1
gene 1 2 14 -167120 0 14 -167120 1
gene 2 3 14 179844 0 15 179844 1
gene 2 4 14 -48546 0 16 -48546 1
gene 1 5 14 -103245 0 17 -103245 1
gene 2 6 14 397410 0 18 397410 0
gene 3 7 14 62592 0 19 62592 0
gene 3 8 14 -86598 0 20 -86598 1
gene 3 9 14 -460059 0 21 -460059 0
gene 2 10 14 -53745 0 22 -53745 1
gene 3 11 14 -727133 0 23 -727133 1
gene 2 12 14 99321 0 24 99321 1
gene 2 1 15 431984 0 25 431984 1
gene 3 2 15 76371 0 26 76371 1
gene 4 3 15 -295128 0 27 -295128 0
gene 1 4 15 31638 0 28 31638 0
gene 4 5 15 506367 0 29 506367 1
gene 2 6 15 286388 0 30 286388 1
gene 4 7 15 -475101 0 31 -475101 0
gene 2 8 15 -314400 0 32 -314400 0
gene 2 9 15 -51846 0 33 -51846 0
gene 2 10 15 355914 0 34 355914 1
gene 3 11 15 385590 0 35 385590 1
gene 2 12 15 -51633 0 36 -51633 0
gene 4 4 24 -62282 0 62 -62282 1
gene 4 24 13 -677076 0 63 -677076 1
gene 1 24 24 294402 1 127 294402 0
gene 3 15 13 194802 0 293 194802 1
gene 2 7 24 -233532 0 408 -233532 0
gene 3 7 188 -673956 0 526 -673956 1
gene 3 188 14 293478 0 527 293478 1
gene 2 9 222 -213519 0 645 -213519 0
gene 2 222 15 -421440 0 646 -421440 1
gene 3 3 272 -352988 0 798 -352988 1
gene 3 272 15 -183066 0 799 -183066 0
gene 2 3 24 -115455 0 850 -115455 1
gene 1 24 301 -504012 1 893 -504012 0
gene 1 301 24 -211503 0 894 -211503 0
gene 1 188 188 -76665 1 934 -76665 1
gene 3 4 188 -281325 0 1080 -281325 1
gene 2 6 380 234624 0 1115 234624 1
gene 2 380 14 -221001 0 1116 -221001 1
gene 1 4 393 -275283 0 1157 -275283 1
gene 1 393 15 -772460 0 1158 -772460 1
gene 1 15 380 -395639 0 1196 -395639 1
gene 2 12 188 111537 0 1302 111537 0
gene 2 9 453 219171 0 1346 219171 1
gene 2 453 222 -467462 0 1347 -467462 1
gene 1 24 469 64827 1 1394 64827 0
gene 1 469 301 268584 0 1395 268584 0
gene 3 222 24 4266 0 1576 4266 1
gene 4 3 188 195507 0 1616 195507 1
gene 3 272 557 -276300 0 1666 -276300 1
gene 1 557 15 543938 0 1667 543938 0
gene 1 6 272 -28563 0 1830 -28563 0
gene 4 12 380 150261 0 1879 150261 0
gene 1 469 729 41574 0 2197 41574 1
gene 1 729 301 691209 0 2198 691209 1
gene 2 14 301 210945 0 2244 210945 1
gene 1 188 380 -142623 0 2284 -142623 1
gene 3 8 875 -125802 0 2630 -125802 0
gene 1 875 13 349560 0 2631 349560 1
gene 4 12 927 403530 0 2791 403530 1
gene 4 927 380 -75483 0 2792 -75483 1
gene 2 393 380 48114 0 3014 48114 1
gene 2 7 1021 79512 0 3066 79512 1
gene 2 1021 24 170535 0 3067 170535 1
gene 1 8 1084 -397520 0 3243 -397520 0
gene 1 1084 875 562338 0 3244 562338 0
gene 4 188 927 381507 0 3297 381507 1
gene 1 1084 1116 -256035 0 3335 -256035 1
gene 1 1116 875 481659 0 3336 481659 0
gene 1 222 469 76230 0 3394 76230 1
gene 1 8 1234 -757533 0 3693 -757533 1
gene 1 1234 1084 -164427 0 3694 -164427 1
gene 1 301 1295 116094 0 3863 116094 1
gene 1 1295 24 510408 0 3864 510408 1
gene 1 2 393 59034 0 3943 59034 1
gene 4 1084 1084 -79851 1 4053 -79851 1
gene 3 1295 1084 -154512 0 4076 -154512 1
gene 1 1116 1374 400569 0 4119 400569 1
gene 1 1374 875 260841 0 4120 260841 1
gene 2 272 1084 -36519 0 4218 -36519 1
gene 2 12 1496 -746763 0 4474 -746763 1
gene 2 1496 15 -231096 0 4475 -231096 1
gene 1 557 1522 -101310 0 4546 -101310 1
gene 1 1522 15 627105 0 4547 627105 1
gene 3 1116 1021 -179175 0 4657 -179175 1
gene 3 9 380 298686 0 4725 298686 1
gene 2 12 1622 362976 0 4831 362976 1
gene 2 1622 188 -336897 0 4832 -336897 1
gene 4 453 453 -129030 1 4965 -129030 0
gene 2 8 1712 -442836 0 5099 -442836 1
gene 2 1712 15 489108 0 5100 489108 0
gene 1 6 1847 224286 0 5495 224286 1
gene 1 1847 272 233730 0 5496 233730 1
gene 3 9 1890 526278 0 5636 526278 0
gene 3 1890 14 400266 0 5637 400266 1
gene 4 1116 13 130575 0 5838 130575 1
gene 1 9 1712 -59250 0 5937 -59250 1
gene 1 24 2011 -129189 1 5985 -129189 1
gene 1 2011 469 -17712 0 5986 -17712 1
gene 2 1712 2035 -800000 0 6047 -800000 0
gene 2 2035 15 471912 0 6048 471912 1
gene 3 927 1084 -666932 0 6090 -666932 1
gene 4 1847 453 -185256 0 6145 -185256 1
gene 2 1712 2119 -43569 0 6302 -43569 1
gene 2 2119 2035 -127482 0 6303 -127482 1
gene 3 9 2161 -412191 0 6421 -412191 1
gene 3 2161 1890 319887 0 6422 319887 1
gene 4 453 2179 397332 1 6471 397332 1
gene 4 2179 453 384885 0 6472 384885 1
gene 4 7 2221 -130254 0 6590 -130254 1
gene 4 2221 15 -67764 0 6591 -67764 1
genomeend 30


/* Organism #46 Fitness: 580.000000 Time: 0 */
/* Position #46*/
#1 x: 37 y: 31
#2 x: 49 y: 34
#3 x: 29 y: 37
#4 x: 49 y: 63
#5 x: 25 y: 62
#6 x: 30 y: 74
genomestart 46
trait 1 86382.000000 35089.000000 0.000000 0.000000 32470.000000 46984.000000 0.000000 0.000000 trait 2 502.000000 0.000000 4087.000000 0.000000 0.000000 0.000000 70334.000000 0.000000 trait 3 3.000000 0.000000 0.000000 0.000000 0.000000 0.000000 0.000000 95617.000000 trait 4 16152.000000 0.000000 51490.000000 96368.000000 0.000000 0.000000 0.000000 37220.000000 node 1 4 1 3
node 2 2 1 1
node 3 4 1 1
node 4 2 1 1
node 5 4 1 1
node 6 3 1 1
node 7 2 1 1
node 8 1 1 1
node 9 4 1 1
node 10 1 1 1
node 11 1 1 1
node 12 4 1 1
node 13 3 0 2
node 14 1 0 2
node 15 4 0 2
node 71 1 0 0
node 289 1 0 0
node 317 1 0 0
node 368 1 0 0
node 381 1 0 0
node 394 1 0 0
node 473 1 0 0
node 490 1 0 0
node 568 1 0 0
node 647 1 0 0
node 686 1 0 0
node 704 1 0 0
node 760 1 0 0
node 834 1 0 0
node 877 1 0 0
node 886 1 0 0
node 948 1 0 0
node 996 1 0 0
node 1018 1 0 0
node 1030 1 0 0
node 1107 1 0 0
node 1283 1 0 0
node 1318 1 0 0
node 1334 1 0 0
node 1348 1 0 0
node 1397 1 0 0
node 1437 1 0 0
node 1483 1 0 0
node 1576 1 0 0
node 1610 1 0 0
node 1682 1 0 0
node 1718 1 0 0
node 1791 1 0 0
node 1807 1 0 0
node 1852 1 0 0
node 1926 1 0 0
node 2076 1 0 0
node 2180 1 0 0
node 2300 1 0 0
gene 4 1 13 414243 0 1 414243 1
gene 3 2 13 26262 0 2 26262 1
gene 2 3 13 -315180 0 3 -315180 0
gene 4 4 13 -800000 0 4 -800000 1
gene 2 5 13 177549 0 5 177549 0
gene 3 6 13 305268 0 6 305268 0
gene 1 7 13 -23670 0 7 -23670 0
gene 1 8 13 -665829 0 8 -665829 1
gene 1 9 13 -116367 0 9 -116367 0
gene 2 10 13 -115710 0 10 -115710 1
gene 3 11 13 20790 0 11 20790 1
gene 3 12 13 161454 0 12 161454 1
gene 1 1 14 697782 0 13 697782 1
gene 1 2 14 490542 0 14 490542 0
gene 3 3 14 -51987 0 15 -51987 0
gene 1 4 14 16200 0 16 16200 0
gene 1 5 14 -585 0 17 -585 1
gene 1 6 14 104409 0 18 104409 1
gene 1 7 14 -371622 0 19 -371622 1
gene 2 8 14 630800 0 20 630800 0
gene 2 9 14 358731 0 21 358731 1
gene 1 10 14 378732 0 22 378732 0
gene 3 11 14 -3726 0 23 -3726 1
gene 2 12 14 -306420 0 24 -306420 0
gene 3 1 15 747752 0 25 747752 1
gene 2 2 15 -344217 0 26 -344217 1
gene 4 3 15 55542 0 27 55542 0
gene 2 4 15 121746 0 28 121746 0
gene 2 5 15 -88809 0 29 -88809 1
gene 1 6 15 791996 0 30 791996 1
gene 4 7 15 19348 0 31 19348 0
gene 2 8 15 -250194 0 32 -250194 0
gene 2 9 15 -746208 0 33 -746208 1
gene 1 10 15 115419 0 34 115419 1
gene 3 11 15 -15027 0 35 -15027 0
gene 1 12 15 -252885 0 36 -252885 1
gene 4 3 71 389205 0 201 389205 0
gene 3 71 14 232284 0 202 232284 0
gene 1 13 13 177225 1 248 177225 1
gene 2 13 15 -785285 0 413 -785285 1
gene 4 10 71 -72336 0 454 -72336 1
gene 1 7 71 -155772 0 542 -155772 0
gene 4 8 71 39504 0 717 39504 1
gene 4 71 71 260034 1 769 260034 0
gene 4 3 289 -267647 0 858 -267647 0
gene 4 289 15 -68919 0 859 -68919 1
gene 3 289 14 232812 0 897 232812 1
gene 4 3 317 316599 0 942 316599 0
gene 4 317 289 -550428 0 943 -550428 1
gene 2 8 368 -404127 0 1081 -404127 0
gene 2 368 15 -24705 0 1082 -24705 1
gene 1 2 381 118824 0 1117 118824 1
gene 2 381 14 -712259 0 1118 -712259 1
gene 4 3 394 316806 0 1159 316806 0
gene 4 394 71 279417 0 1160 279417 1
gene 4 1 394 -38952 0 1362 -38952 1
gene 2 3 473 -432063 0 1405 -432063 0
gene 2 473 13 217539 0 1406 217539 1
gene 4 10 490 -733497 0 1456 -733497 0
gene 1 490 14 -28287 0 1457 -28287 1
gene 3 13 289 381903 0 1591 381903 1
gene 4 71 568 627984 1 1699 627984 1
gene 4 568 71 191688 0 1700 191688 0
gene 3 568 15 -116487 0 1754 -116487 0
gene 3 289 394 -129873 0 1809 -129873 0
gene 4 568 647 -209499 0 1948 -209499 1
gene 4 647 71 275442 0 1949 275442 1
gene 1 7 686 -515592 0 2069 -515592 1
gene 1 686 71 -427653 0 2070 -427653 1
gene 3 71 704 261522 0 2122 261522 1
gene 3 704 14 63678 0 2123 63678 1
gene 3 289 760 445557 0 2296 445557 1
gene 3 760 394 -125964 0 2297 -125964 0
gene 4 368 394 -166716 0 2326 -166716 1
gene 2 10 289 -294870 0 2376 -294870 1
gene 4 3 834 -92514 0 2518 -92514 1
gene 4 834 317 144504 0 2519 144504 1
gene 2 12 877 -294570 0 2634 -294570 1
gene 2 877 14 -10470 0 2635 -10470 1
gene 2 4 886 -140373 0 2665 -140373 1
gene 1 886 15 74661 0 2666 74661 1
gene 2 5 948 -33828 0 2855 -33828 0
gene 2 948 13 451257 0 2856 451257 1
gene 2 877 877 202674 1 2903 202674 0
gene 1 7 996 -533862 0 2996 -533862 1
gene 1 996 13 -800000 0 2997 -800000 0
gene 3 7 1018 256032 0 3054 256032 1
gene 4 1018 15 148416 0 3055 148416 0
gene 1 4 1030 243750 0 3100 243750 1
gene 1 1030 14 -235971 0 3101 -235971 1
gene 3 568 568 -1479 1 3154 -1479 1
gene 2 5 1107 -383122 0 3308 -383122 1
gene 2 1107 948 -439560 0 3309 -439560 0
gene 4 686 686 -296565 1 3352 -296565 0
gene 3 996 490 80886 0 3408 80886 1
gene 3 996 996 43503 1 3624 43503 1
gene 3 381 381 -68577 1 3767 -68577 1
gene 4 3 1283 268812 0 3832 268812 0
gene 4 1283 394 -9759 0 3833 -9759 1
gene 2 8 1318 56115 0 3932 56115 1
gene 2 1318 368 698922 0 3933 698922 1
gene 4 3 1334 -174507 0 3987 -174507 1
gene 4 1334 1283 312705 0 3988 312705 1
gene 3 6 1348 83628 0 4030 83628 1
gene 3 1348 13 -279198 0 4031 -279198 1
gene 3 568 1397 -160836 0 4173 -160836 1
gene 3 1397 15 -478563 0 4174 -478563 1
gene 1 13 760 244242 0 4248 244242 1
gene 4 686 1437 332340 1 4291 332340 0
gene 4 1437 686 119976 0 4292 119976 1
gene 1 10 1483 119247 0 4430 119247 1
gene 1 1483 490 -527751 0 4431 -527751 1
gene 1 394 490 57777 0 4472 57777 1
gene 2 8 1576 -107664 0 4695 -107664 1
gene 2 1576 14 163536 0 4696 163536 1
gene 1 368 368 263049 1 4745 263049 1
gene 3 11 1610 -213708 0 4795 -213708 1
gene 3 1610 15 249093 0 4796 249093 1
gene 3 8 686 -125814 0 4917 -125814 1
gene 4 686 1682 482424 1 5012 482424 1
gene 4 1682 1437 225651 0 5013 225651 1
gene 2 3 1718 -62205 0 5114 -62205 0
gene 2 1718 473 299592 0 5115 299592 1
gene 2 1107 1791 189504 0 5326 189504 1
gene 2 1791 948 -356880 0 5327 -356880 1
gene 4 1018 1807 -800000 0 5371 -800000 1
gene 4 1807 15 140601 0 5372 140601 1
gene 2 1483 473 -460011 0 5452 -460011 1
gene 1 996 1852 312129 0 5508 312129 1
gene 1 1852 13 52911 0 5509 52911 1
gene 2 686 1791 82377 0 5560 82377 1
gene 1 9 1926 -168950 0 5738 -168950 1
gene 1 1926 13 341172 0 5739 341172 1
gene 2 1576 834 166518 0 5783 166518 1
gene 4 1397 1018 128052 0 5960 128052 1
gene 3 1030 1030 -134514 1 6082 -134514 1
gene 2 877 2076 -18501 1 6168 -18501 1
gene 2 2076 877 224973 0 6169 224973 1
gene 1 1283 289 80817 0 6426 80817 1
gene 3 760 2180 62311 0 6475 62311 1
gene 3 2180 394 -358947 0 6476 -358947 1
gene 1 8 490 -6654 0 6639 -6654 1
gene 1 9 568 -55519 0 6770 -55519 1
gene 2 3 2300 1 0 6818 0 1
gene 2 2300 1718 -62205 0 6819 0 1
genomeend 46


/* Organism #56 Fitness: 400.000000 Time: 0 */
/* Position #56*/
#1 x: 50 y: 32
#2 x: 47 y: 22
#3 x: 79 y: 29
#4 x: 47 y: 84
#5 x: 60 y: 67
#6 x: 40 y: 76
genomestart 56
trait 1 86382.000000 35089.000000 0.000000 0.000000 32470.000000 46984.000000 0.000000 0.000000 trait 2 0.000000 79501.000000 100000.000000 0.000000 0.000000 78919.000000 0.000000 0.000000 trait 3 3.000000 0.000000 0.000000 0.000000 0.000000 0.000000 0.000000 95617.000000 trait 4 16152.000000 0.000000 51490.000000 96368.000000 0.000000 0.000000 0.000000 37220.000000 node 1 4 1 3
node 2 2 1 1
node 3 4 1 1
node 4 2 1 1
node 5 4 1 1
node 6 3 1 1
node 7 2 1 1
node 8 1 1 1
node 9 4 1 1
node 10 1 1 1
node 11 1 1 1
node 12 4 1 1
node 13 3 0 2
node 14 1 0 2
node 15 4 0 2
node 71 1 0 0
node 289 1 0 0
node 317 1 0 0
node 368 1 0 0
node 381 1 0 0
node 394 1 0 0
node 473 1 0 0
node 490 1 0 0
node 568 1 0 0
node 647 1 0 0
node 686 1 0 0
node 704 1 0 0
node 760 1 0 0
node 834 1 0 0
node 877 1 0 0
node 886 1 0 0
node 948 1 0 0
node 996 1 0 0
node 1018 1 0 0
node 1030 1 0 0
node 1107 1 0 0
node 1283 1 0 0
node 1318 1 0 0
node 1334 1 0 0
node 1348 1 0 0
node 1397 1 0 0
node 1437 1 0 0
node 1483 1 0 0
node 1576 1 0 0
node 1610 1 0 0
node 1682 1 0 0
node 1718 1 0 0
node 1791 2 0 0
node 1807 1 0 0
node 1852 1 0 0
node 1926 1 0 0
node 2076 1 0 0
node 2260 1 0 0
gene 4 1 13 276165 0 1 276165 1
gene 3 2 13 -255627 0 2 -255627 1
gene 2 3 13 219012 0 3 219012 0
gene 4 4 13 -165642 0 4 -165642 1
gene 2 5 13 -133215 0 5 -133215 0
gene 3 6 13 328895 0 6 328895 0
gene 1 7 13 18261 0 7 18261 0
gene 1 8 13 -800000 0 8 -800000 1
gene 1 9 13 -218217 0 9 -218217 0
gene 2 10 13 -482228 0 10 -482228 1
gene 3 11 13 226938 0 11 226938 1
gene 3 12 13 172761 0 12 172761 1
gene 2 1 14 5553 0 13 5553 1
gene 1 2 14 170826 0 14 170826 0
gene 3 3 14 -122337 0 15 -122337 0
gene 1 4 14 211362 0 16 211362 0
gene 1 5 14 169377 0 17 169377 1
gene 1 6 14 -53943 0 18 -53943 1
gene 1 7 14 122763 0 19 122763 1
gene 2 8 14 172140 0 20 172140 0
gene 2 9 14 622368 0 21 622368 1
gene 1 10 14 -299259 0 22 -299259 0
gene 3 11 14 335841 0 23 335841 1
gene 2 12 14 -2190 0 24 -2190 0
gene 3 1 15 609521 0 25 609521 1
gene 2 2 15 -416475 0 26 -416475 1
gene 4 3 15 -66303 0 27 -66303 0
gene 2 4 15 -38751 0 28 -38751 0
gene 2 5 15 -231870 0 29 -231870 1
gene 1 6 15 -257823 0 30 -257823 1
gene 4 7 15 32799 0 31 32799 0
gene 2 8 15 -366465 0 32 -366465 0
gene 2 9 15 -254100 0 33 -254100 1
gene 1 10 15 320967 0 34 320967 1
gene 3 11 15 24327 0 35 24327 0
gene 1 12 15 -108324 0 36 -108324 1
gene 4 3 71 590499 0 201 590499 0
gene 3 71 14 144768 0 202 144768 0
gene 1 13 13 166428 1 248 166428 1
gene 2 13 15 216951 0 413 216951 1
gene 4 10 71 207513 0 454 207513 1
gene 1 7 71 266130 0 542 266130 0
gene 4 8 71 -490644 0 717 -490644 1
gene 4 71 71 48957 1 769 48957 0
gene 4 3 289 -641081 0 858 -641081 0
gene 4 289 15 -487869 0 859 -487869 1
gene 3 289 14 -238668 0 897 -238668 1
gene 4 3 317 243633 0 942 243633 0
gene 4 317 289 21756 0 943 21756 1
gene 2 8 368 -753207 0 1081 -753207 0
gene 2 368 15 18720 0 1082 18720 1
gene 1 2 381 393234 0 1117 393234 1
gene 2 381 14 -311883 0 1118 -311883 1
gene 4 3 394 45582 0 1159 45582 0
gene 4 394 71 746940 0 1160 746940 1
gene 4 1 394 470088 0 1362 470088 1
gene 2 3 473 -273510 0 1405 -273510 0
gene 2 473 13 9066 0 1406 9066 1
gene 4 10 490 284940 0 1456 284940 0
gene 1 490 14 -660819 0 1457 -660819 1
gene 3 13 289 484773 0 1591 484773 1
gene 4 71 568 575793 1 1699 575793 1
gene 4 568 71 -116406 0 1700 -116406 0
gene 3 568 15 -523167 0 1754 -523167 0
gene 3 289 394 -38829 0 1809 -38829 0
gene 4 568 647 78966 0 1948 78966 1
gene 4 647 71 -247782 0 1949 -247782 1
gene 1 7 686 288774 0 2069 288774 1
gene 1 686 71 -417753 0 2070 -417753 1
gene 3 71 704 204294 0 2122 204294 1
gene 3 704 14 -29163 0 2123 -29163 1
gene 3 289 760 -446175 0 2296 -446175 1
gene 3 760 394 57486 0 2297 57486 1
gene 4 368 394 -510591 0 2326 -510591 1
gene 2 10 289 -268695 0 2376 -268695 1
gene 4 3 834 -14913 0 2518 -14913 1
gene 4 834 317 397455 0 2519 397455 1
gene 2 12 877 19047 0 2634 19047 1
gene 2 877 14 -468843 0 2635 -468843 1
gene 2 4 886 -36825 0 2665 -36825 1
gene 1 886 15 -209424 0 2666 -209424 1
gene 2 5 948 -83880 0 2855 -83880 0
gene 2 948 13 -448311 0 2856 -448311 1
gene 2 877 877 2640 1 2903 2640 0
gene 1 7 996 -7941 0 2996 -7941 1
gene 1 996 13 -321722 0 2997 -321722 0
gene 3 7 1018 214551 0 3054 214551 1
gene 4 1018 15 118569 0 3055 118569 0
gene 1 4 1030 -253305 0 3100 -253305 1
gene 1 1030 14 -390537 0 3101 -390537 1
gene 3 568 568 -98796 1 3154 -98796 1
gene 2 5 1107 31400 0 3308 31400 1
gene 2 1107 948 67272 0 3309 67272 0
gene 4 686 686 -231651 1 3352 -231651 0
gene 3 996 490 487164 0 3408 487164 1
gene 3 996 996 -124590 1 3624 -124590 1
gene 3 381 381 -235455 1 3767 -235455 1
gene 4 3 1283 450324 0 3832 450324 0
gene 4 1283 394 -751031 0 3833 -751031 1
gene 2 8 1318 -498558 0 3932 -498558 1
gene 2 1318 368 419532 0 3933 419532 1
gene 4 3 1334 -189678 0 3987 -189678 1
gene 4 1334 1283 128238 0 3988 128238 1
gene 3 6 1348 -16029 0 4030 -16029 1
gene 3 1348 13 43452 0 4031 43452 1
gene 3 568 1397 148026 0 4173 148026 1
gene 3 1397 15 -671643 0 4174 -671643 0
gene 1 13 760 -259146 0 4248 -259146 1
gene 4 686 1437 125184 1 4291 125184 0
gene 4 1437 686 302370 0 4292 302370 1
gene 1 10 1483 432582 0 4430 432582 1
gene 1 1483 490 38436 0 4431 38436 1
gene 1 394 490 -220464 0 4472 -220464 1
gene 2 8 1576 -145617 0 4695 -145617 1
gene 2 1576 14 -224421 0 4696 -224421 1
gene 1 368 368 -170073 1 4745 -170073 1
gene 3 11 1610 171705 0 4795 171705 1
gene 3 1610 15 175731 0 4796 175731 1
gene 3 8 686 -387348 0 4917 -387348 1
gene 4 686 1682 76614 1 5012 76614 1
gene 4 1682 1437 303924 0 5013 303924 1
gene 2 3 1718 -212322 0 5114 -212322 1
gene 2 1718 473 -240564 0 5115 -240564 1
gene 2 1107 1791 539676 0 5326 539676 1
gene 2 1791 948 146655 0 5327 146655 1
gene 4 1018 1807 -144219 0 5371 -144219 1
gene 4 1807 15 -800000 0 5372 -800000 1
gene 2 1483 473 468678 0 5452 468678 1
gene 1 996 1852 -60903 0 5508 -60903 1
gene 1 1852 13 -186780 0 5509 -186780 1
gene 2 686 1791 -91830 0 5560 -91830 1
gene 1 9 1926 -800000 0 5738 -800000 1
gene 1 1926 13 123912 0 5739 123912 1
gene 2 1576 834 306150 0 5783 306150 1
gene 4 1397 1018 371640 0 5960 371640 1
gene 3 1030 1030 67170 1 6082 67170 1
gene 2 877 2076 406782 1 6168 406782 1
gene 2 2076 877 800000 0 6169 800000 1
gene 1 1283 289 -157683 0 6426 -157683 1
gene 3 1397 2260 228721 0 6710 228721 1
gene 3 2260 15 -407052 0 6711 -407052 1
gene 1 2 1926 34326 0 6831 34326 1
genomeend 56


/* Organism #60 Fitness: 380.000000 Time: 0 */
/* Position #60*/
#1 x: 35 y: 23
#2 x: 39 y: 39
#3 x: 15 y: 26
#4 x: 15 y: 68
#5 x: 29 y: 85
#6 x: 26 y: 82
genomestart 60
trait 1 100000.000000 0.000000 0.000000 0.000000 0.000000 0.000000 0.000000 0.000000 trait 2 52534.000000 91990.000000 0.000000 100000.000000 0.000000 0.000000 0.000000 0.000000 trait 3 21555.000000 0.000000 74217.000000 0.000000 72769.000000 0.000000 0.000000 0.000000 trait 4 0.000000 27669.000000 0.000000 0.000000 16849.000000 0.000000 0.000000 20982.000000 node 1 1 1 3
node 2 2 1 1
node 3 4 1 1
node 4 4 1 1
node 5 1 1 1
node 6 4 1 1
node 7 3 1 1
node 8 3 1 1
node 9 3 1 1
node 10 4 1 1
node 11 4 1 1
node 12 1 1 1
node 13 1 0 2
node 14 2 0 2
node 15 4 0 2
node 24 1 0 0
node 188 3 0 0
node 222 1 0 0
node 272 1 0 0
node 301 1 0 0
node 380 1 0 0
node 393 1 0 0
node 453 4 0 0
node 469 1 0 0
node 557 1 0 0
node 729 1 0 0
node 875 1 0 0
node 927 1 0 0
node 1021 1 0 0
node 1084 1 0 0
node 1116 1 0 0
node 1234 1 0 0
node 1295 1 0 0
node 1374 1 0 0
node 1496 1 0 0
node 1522 1 0 0
node 1622 1 0 0
node 1712 1 0 0
node 1847 1 0 0
node 1890 1 0 0
node 2011 1 0 0
node 2035 1 0 0
node 2119 1 0 0
node 2161 1 0 0
node 2179 1 0 0
node 2265 1 0 0
gene 1 1 13 -244746 0 1 -244746 1
gene 2 2 13 -605285 0 2 -605285 1
gene 2 3 13 -228723 0 3 -228723 1
gene 4 4 13 30168 0 4 30168 0
gene 3 5 13 225915 0 5 225915 1
gene 1 6 13 -634775 0 6 -634775 1
gene 3 7 13 433824 0 7 433824 1
gene 1 8 13 742740 0 8 742740 0
gene 4 9 13 800000 0 9 800000 1
gene 2 10 13 -491648 0 10 -491648 1
gene 3 11 13 -41151 0 11 -41151 1
gene 4 12 13 517340 0 12 517340 1
gene 1 1 14 65319 0 13 65319 1
gene 1 2 14 -800000 0 14 -800000 1
gene 2 3 14 -293700 0 15 -293700 1
gene 2 4 14 7674 0 16 7674 1
gene 1 5 14 -90486 0 17 -90486 1
gene 2 6 14 -301326 0 18 -301326 0
gene 3 7 14 14760 0 19 14760 0
gene 3 8 14 198546 0 20 198546 1
gene 3 9 14 -425933 0 21 -425933 0
gene 2 10 14 -177060 0 22 -177060 1
gene 3 11 14 17646 0 23 17646 1
gene 2 12 14 -242193 0 24 -242193 1
gene 2 1 15 183797 0 25 183797 1
gene 3 2 15 -335601 0 26 -335601 1
gene 4 3 15 239583 0 27 239583 0
gene 1 4 15 389660 0 28 389660 0
gene 4 5 15 -504327 0 29 -504327 1
gene 2 6 15 800000 0 30 800000 1
gene 4 7 15 529677 0 31 529677 1
gene 2 8 15 436875 0 32 436875 0
gene 2 9 15 169089 0 33 169089 0
gene 2 10 15 140463 0 34 140463 1
gene 3 11 15 -149478 0 35 -149478 1
gene 2 12 15 146943 0 36 146943 0
gene 4 4 24 -404816 0 62 -404816 1
gene 4 24 13 -6678 0 63 -6678 1
gene 1 24 24 223116 1 127 223116 0
gene 3 15 13 373698 0 293 373698 1
gene 2 7 24 115116 0 408 115116 0
gene 3 7 188 736649 0 526 736649 1
gene 3 188 14 162936 0 527 162936 1
gene 2 9 222 -115608 0 645 -115608 0
gene 2 222 15 -120021 0 646 -120021 1
gene 3 3 272 -691856 0 798 -691856 1
gene 3 272 15 -337581 0 799 -337581 0
gene 2 3 24 99345 0 850 99345 1
gene 1 24 301 -374103 1 893 -374103 0
gene 1 301 24 -3216 0 894 -3216 0
gene 1 188 188 -66666 1 934 -66666 1
gene 3 4 188 -192165 0 1080 -192165 1
gene 2 6 380 188805 0 1115 188805 1
gene 2 380 14 116727 0 1116 116727 1
gene 1 4 393 -129012 0 1157 -129012 1
gene 1 393 15 -286803 0 1158 -286803 1
gene 1 15 380 -800000 0 1196 -800000 1
gene 2 12 188 -76515 0 1302 -76515 0
gene 2 9 453 375036 0 1346 375036 1
gene 2 453 222 -163580 0 1347 -163580 1
gene 1 24 469 -187671 1 1394 -187671 0
gene 1 469 301 -170205 0 1395 -170205 0
gene 3 222 24 -146103 0 1576 -146103 1
gene 4 3 188 -148626 0 1616 -148626 1
gene 3 272 557 -114306 0 1666 -114306 1
gene 1 557 15 424361 0 1667 424361 0
gene 1 6 272 -292440 0 1830 -292440 0
gene 4 12 380 113712 0 1879 113712 0
gene 1 469 729 -773736 0 2197 -773736 1
gene 1 729 301 28464 0 2198 28464 1
gene 2 14 301 250398 0 2244 250398 1
gene 1 188 380 -81318 0 2284 -81318 1
gene 3 8 875 28488 0 2630 28488 0
gene 1 875 13 -236787 0 2631 -236787 1
gene 4 12 927 218292 0 2791 218292 1
gene 4 927 380 -643919 0 2792 -643919 1
gene 2 393 380 325506 0 3014 325506 1
gene 2 7 1021 18672 0 3066 18672 1
gene 2 1021 24 -100737 0 3067 -100737 1
gene 1 8 1084 -800000 0 3243 -800000 0
gene 1 1084 875 -12915 0 3244 -12915 0
gene 4 188 927 89082 0 3297 89082 1
gene 1 1084 1116 245220 0 3335 245220 1
gene 1 1116 875 -82356 0 3336 -82356 0
gene 1 222 469 412848 0 3394 412848 1
gene 1 8 1234 -657927 0 3693 -657927 1
gene 1 1234 1084 -356814 0 3694 -356814 1
gene 1 301 1295 -522897 0 3863 -522897 1
gene 1 1295 24 345210 0 3864 345210 1
gene 1 2 393 130188 0 3943 130188 1
gene 4 1084 1084 -507972 1 4053 -507972 1
gene 3 1295 1084 -371124 0 4076 -371124 1
gene 1 1116 1374 14088 0 4119 14088 1
gene 1 1374 875 -178164 0 4120 -178164 1
gene 2 272 1084 -71877 0 4218 -71877 1
gene 2 12 1496 -800000 0 4474 -800000 1
gene 2 1496 15 229707 0 4475 229707 1
gene 1 557 1522 77613 0 4546 77613 1
gene 1 1522 15 482349 0 4547 482349 1
gene 3 1116 1021 -44568 0 4657 -44568 1
gene 3 9 380 275223 0 4725 275223 1
gene 2 12 1622 -87864 0 4831 -87864 1
gene 2 1622 188 -249882 0 4832 -249882 1
gene 4 453 453 137739 1 4965 137739 0
gene 2 8 1712 -212058 0 5099 -212058 1
gene 2 1712 15 -288816 0 5100 -288816 0
gene 1 6 1847 -6087 0 5495 -6087 1
gene 1 1847 272 -74388 0 5496 -74388 1
gene 3 9 1890 188058 0 5636 188058 0
gene 3 1890 14 7515 0 5637 7515 1
gene 4 1116 13 -88776 0 5838 -88776 1
gene 1 9 1712 476302 0 5937 476302 1
gene 1 24 2011 -238512 1 5985 -238512 0
gene 1 2011 469 -343665 0 5986 -343665 1
gene 2 1712 2035 -152978 0 6047 -152978 0
gene 2 2035 15 87228 0 6048 87228 1
gene 3 927 1084 -61574 0 6090 -61574 1
gene 4 1847 453 -150087 0 6145 -150087 1
gene 2 1712 2119 -136038 0 6302 -136038 1
gene 2 2119 2035 -153432 0 6303 -153432 1
gene 3 9 2161 -149270 0 6421 -149270 1
gene 3 2161 1890 346932 0 6422 346932 1
gene 4 453 2179 -213935 1 6471 -213935 1
gene 4 2179 453 -251403 0 6472 -251403 1
gene 1 469 1374 240381 0 6514 240381 1
gene 4 1295 1295 185163 1 6607 185163 1
gene 1 24 2265 -277298 1 6723 -277298 1
gene 1 2265 2011 -123630 0 6724 -123630 1
genomeend 60


/* Organism #72 Fitness: 380.000000 Time: 0 */
/* Position #72*/
#1 x: 71 y: 31
#2 x: 71 y: 18
#3 x: 51 y: 26
#4 x: 62 y: 84
#5 x: 43 y: 70
#6 x: 73 y: 64
genomestart 72
trait 1 1.000000 0.000000 0.000000 83545.000000 0.000000 0.000000 0.000000 0.000000 trait 2 51558.000000 0.000000 0.000000 0.000000 78989.000000 0.000000 84160.000000 0.000000 trait 3 3.000000 0.000000 0.000000 0.000000 0.000000 0.000000 0.000000 0.000000 trait 4 4.000000 31394.000000 71462.000000 0.000000 0.000000 0.000000 0.000000 76528.000000 node 1 4 1 3
node 2 2 1 1
node 3 4 1 1
node 4 2 1 1
node 5 4 1 1
node 6 3 1 1
node 7 2 1 1
node 8 1 1 1
node 9 4 1 1
node 10 1 1 1
node 11 1 1 1
node 12 1 1 1
node 13 3 0 2
node 14 1 0 2
node 15 4 0 2
node 71 1 0 0
node 289 1 0 0
node 317 1 0 0
node 368 3 0 0
node 381 1 0 0
node 394 1 0 0
node 473 1 0 0
node 490 1 0 0
node 568 1 0 0
node 647 4 0 0
node 686 1 0 0
node 704 1 0 0
node 760 1 0 0
node 834 1 0 0
node 877 1 0 0
node 886 1 0 0
node 948 1 0 0
node 996 1 0 0
node 1018 1 0 0
node 1030 1 0 0
node 1107 1 0 0
node 1283 1 0 0
node 1318 1 0 0
node 1334 1 0 0
node 1348 1 0 0
node 1396 1 0 0
node 1501 1 0 0
node 1604 1 0 0
node 1683 1 0 0
node 1699 1 0 0
node 1811 1 0 0
node 1862 1 0 0
node 1886 1 0 0
node 1902 1 0 0
node 2048 1 0 0
node 2063 1 0 0
node 2095 1 0 0
node 2127 1 0 0
node 2202 1 0 0
node 2218 1 0 0
gene 4 1 13 599457 0 1 599457 1
gene 3 2 13 354177 0 2 354177 0
gene 2 3 13 -403739 0 3 -403739 0
gene 4 4 13 -613145 0 4 -613145 1
gene 2 5 13 -613974 0 5 -613974 0
gene 3 6 13 313197 0 6 313197 0
gene 1 7 13 -800000 0 7 -800000 0
gene 1 8 13 -2136 0 8 -2136 1
gene 1 9 13 479256 0 9 479256 1
gene 2 10 13 -214482 0 10 -214482 0
gene 3 11 13 -271872 0 11 -271872 1
gene 3 12 13 -234780 0 12 -234780 0
gene 1 1 14 66174 0 13 66174 1
gene 1 2 14 -661071 0 14 -661071 0
gene 3 3 14 108873 0 15 108873 0
gene 1 4 14 140256 0 16 140256 0
gene 1 5 14 211101 0 17 211101 1
gene 1 6 14 -138609 0 18 -138609 1
gene 1 7 14 548655 0 19 548655 1
gene 2 8 14 117810 0 20 117810 1
gene 2 9 14 194271 0 21 194271 1
gene 1 10 14 759090 0 22 759090 0
gene 3 11 14 -300819 0 23 -300819 1
gene 2 12 14 -800000 0 24 -800000 0
gene 3 1 15 -21300 0 25 -21300 1
gene 2 2 15 -283125 0 26 -283125 1
gene 4 3 15 628929 0 27 628929 0
gene 2 4 15 -800000 0 28 -800000 0
gene 2 5 15 165603 0 29 165603 1
gene 1 6 15 -162921 0 30 -162921 1
gene 4 7 15 718623 0 31 718623 0
gene 2 8 15 150069 0 32 150069 0
gene 2 9 15 -424827 0 33 -424827 1
gene 1 10 15 188073 0 34 188073 1
gene 3 11 15 569804 0 35 569804 0
gene 1 12 15 434868 0 36 434868 1
gene 4 3 71 -21006 0 201 -21006 0
gene 3 71 14 28671 0 202 28671 0
gene 1 13 13 -309630 1 248 -309630 1
gene 2 13 15 382701 0 413 382701 1
gene 4 10 71 221724 0 454 221724 1
gene 1 7 71 63975 0 542 63975 0
gene 4 8 71 -336565 0 717 -336565 1
gene 4 71 71 94413 1 769 94413 0
gene 4 3 289 -21846 0 858 -21846 0
gene 4 289 15 -800000 0 859 -800000 1
gene 2 289 14 -258380 0 897 -258380 1
gene 4 3 317 753269 0 942 753269 0
gene 4 317 289 -800000 0 943 -800000 1
gene 2 8 368 -455490 0 1081 -455490 0
gene 2 368 15 -122073 0 1082 -122073 0
gene 1 2 381 -200136 0 1117 -200136 1
gene 2 381 14 -298710 0 1118 -298710 1
gene 4 3 394 592472 0 1159 592472 0
gene 4 394 71 -59571 0 1160 -59571 1
gene 4 1 394 39012 0 1362 39012 1
gene 2 3 473 108240 0 1405 108240 1
gene 2 473 13 2499 0 1406 2499 1
gene 1 10 490 121863 0 1456 121863 1
gene 1 490 14 445344 0 1457 445344 1
gene 3 13 289 116067 0 1591 116067 1
gene 4 71 568 509694 1 1699 509694 1
gene 4 568 71 100951 0 1700 100951 0
gene 3 568 15 43734 0 1754 43734 1
gene 3 289 394 162426 0 1809 162426 0
gene 4 568 647 109341 0 1948 109341 1
gene 4 647 71 490170 0 1949 490170 0
gene 1 7 686 665382 0 2069 665382 1
gene 1 686 71 594459 0 2070 594459 1
gene 3 71 704 -800000 0 2122 -800000 1
gene 3 704 14 601908 0 2123 601908 1
gene 3 289 760 -626823 0 2296 -626823 1
gene 3 760 394 141387 0 2297 141387 1
gene 4 368 394 -114468 0 2326 -114468 0
gene 2 10 289 -181014 0 2376 -181014 1
gene 4 3 834 -17829 0 2518 -17829 1
gene 4 834 317 86103 0 2519 86103 1
gene 2 12 877 -19173 0 2634 -19173 0
gene 2 877 14 -8514 0 2635 -8514 1
gene 2 4 886 41904 0 2665 41904 1
gene 2 886 15 29307 0 2666 29307 0
gene 2 5 948 95904 0 2855 95904 0
gene 2 948 13 687180 0 2856 687180 0
gene 2 877 877 9024 1 2903 9024 1
gene 4 7 996 -555804 0 2996 -555804 1
gene 1 996 13 -217701 0 2997 -217701 1
gene 3 7 1018 -142998 0 3054 -142998 1
gene 4 1018 15 -44472 0 3055 -44472 1
gene 1 4 1030 -68613 0 3100 -68613 1
gene 1 1030 14 -388092 0 3101 -388092 1
gene 3 568 568 308148 1 3154 308148 1
gene 2 5 1107 -95262 0 3308 -95262 1
gene 2 1107 948 241895 0 3309 241895 1
gene 4 686 686 -311451 1 3352 -311451 1
gene 3 996 490 -172359 0 3408 -172359 1
gene 3 996 996 -209670 1 3624 -209670 0
gene 3 381 381 -462450 1 3767 -462450 1
gene 4 3 1283 32457 0 3832 32457 0
gene 4 1283 394 -651057 0 3833 -651057 1
gene 2 8 1318 -708465 0 3932 -708465 1
gene 2 1318 368 -589506 0 3933 -589506 1
gene 4 3 1334 51825 0 3987 51825 1
gene 4 1334 1283 -34005 0 3988 -34005 1
gene 3 6 1348 254592 0 4030 254592 1
gene 3 1348 13 776145 0 4031 776145 1
gene 3 11 1396 1263 0 4170 1263 1
gene 3 1396 15 -80457 0 4171 -80457 1
gene 2 948 1501 -572010 0 4488 -572010 0
gene 2 1501 13 -620220 0 4489 -620220 1
gene 2 948 1604 40908 0 4780 40908 1
gene 2 1604 1501 520071 0 4781 520071 1
gene 4 490 317 354201 0 4926 354201 0
gene 3 996 1683 569943 1 5017 569943 1
gene 3 1683 996 -316392 0 5018 -316392 1
gene 2 368 1699 508167 0 5067 508167 1
gene 2 1699 15 751956 0 5068 751956 0
gene 4 8 1396 52530 0 5249 52530 1
gene 2 886 1811 5490 0 5389 5490 1
gene 2 1811 15 -457218 0 5390 -457218 1
gene 3 12 1862 27411 0 5541 27411 1
gene 3 1862 13 -424530 0 5542 -424530 1
gene 3 2 1862 4869 0 5583 4869 1
gene 4 490 1886 513636 0 5624 513636 1
gene 4 1886 317 268044 0 5625 268044 1
gene 4 368 1902 88075 0 5673 88075 1
gene 4 1902 394 -406599 0 5674 -406599 1
gene 3 1501 686 427266 0 5725 427266 1
gene 2 10 2048 -174120 0 6086 -174120 1
gene 2 2048 13 134190 0 6087 134190 1
gene 2 12 2063 -386187 0 6128 -386187 1
gene 2 2063 877 -193323 0 6129 -193323 0
gene 1 473 14 -80058 0 6174 -80058 1
gene 2 1699 2095 360699 0 6227 360699 1
gene 2 2095 15 -206997 0 6228 -206997 1
gene 4 7 886 27969 0 6279 27969 1
gene 4 647 2127 561561 0 6325 561561 1
gene 4 2127 71 421161 0 6326 421161 1
gene 3 2 2202 -257750 0 6535 -257750 1
gene 3 2202 13 -88005 0 6536 -88005 1
gene 2 2063 2218 354120 0 6583 354120 1
gene 2 2218 877 -4629 0 6584 -4629 1
genomeend 72


/* Organism #78 Fitness: 340.000000 Time: 0 */
/* Position #78*/
#1 x: 58 y: 36
#2 x: 48 y: 36
#3 x: 69 y: 36
#4 x: 71 y: 76
#5 x: 35 y: 67
#6 x: 40 y: 62
genomestart 78
trait 1 1.000000 0.000000 0.000000 0.000000 0.000000 0.000000 0.000000 0.000000 trait 2 2.000000 0.000000 0.000000 0.000000 0.000000 14091.000000 0.000000 0.000000 trait 3 3.000000 0.000000 0.000000 0.000000 0.000000 0.000000 0.000000 0.000000 trait 4 4.000000 0.000000 0.000000 0.000000 0.000000 0.000000 0.000000 0.000000 node 1 4 1 3
node 2 2 1 1
node 3 4 1 1
node 4 2 1 1
node 5 4 1 1
node 6 3 1 1
node 7 2 1 1
node 8 1 1 1
node 9 4 1 1
node 10 1 1 1
node 11 1 1 1
node 12 4 1 1
node 13 3 0 2
node 14 1 0 2
node 15 4 0 2
node 71 1 0 0
node 289 1 0 0
node 317 1 0 0
node 368 1 0 0
node 381 1 0 0
node 394 1 0 0
node 473 1 0 0
node 490 1 0 0
node 568 1 0 0
node 647 1 0 0
node 686 1 0 0
node 704 1 0 0
node 760 1 0 0
node 834 1 0 0
node 877 1 0 0
node 886 1 0 0
node 948 1 0 0
node 996 1 0 0
node 1018 1 0 0
node 1030 1 0 0
node 1107 1 0 0
node 1188 1 0 0
node 1240 1 0 0
node 1316 1 0 0
node 1373 1 0 0
node 1445 1 0 0
node 1459 1 0 0
node 1474 1 0 0
node 1504 1 0 0
node 1625 1 0 0
node 1675 1 0 0
node 1700 1 0 0
node 1720 1 0 0
node 1888 1 0 0
node 2052 1 0 0
node 2089 1 0 0
node 2123 1 0 0
node 2146 1 0 0
node 2162 1 0 0
node 2187 1 0 0
node 2207 1 0 0
gene 4 1 13 -162501 0 1 -162501 1
gene 3 2 13 -161316 0 2 -161316 1
gene 4 3 13 -233865 0 3 -233865 0
gene 4 4 13 -387917 0 4 -387917 1
gene 2 5 13 -64935 0 5 -64935 0
gene 3 6 13 109455 0 6 109455 1
gene 1 7 13 198639 0 7 198639 0
gene 1 8 13 -469008 0 8 -469008 1
gene 1 9 13 68877 0 9 68877 0
gene 2 10 13 -114780 0 10 -114780 1
gene 3 11 13 795704 0 11 795704 1
gene 3 12 13 68778 0 12 68778 1
gene 1 1 14 678272 0 13 678272 1
gene 1 2 14 230637 0 14 230637 0
gene 3 3 14 -65901 0 15 -65901 0
gene 1 4 14 -618813 0 16 -618813 0
gene 1 5 14 724508 0 17 724508 1
gene 1 6 14 194355 0 18 194355 1
gene 1 7 14 64755 0 19 64755 1
gene 2 8 14 -176967 0 20 -176967 1
gene 2 9 14 351744 0 21 351744 0
gene 1 10 14 -261054 0 22 -261054 0
gene 3 11 14 138114 0 23 138114 1
gene 2 12 14 299130 0 24 299130 0
gene 3 1 15 -800000 0 25 -800000 1
gene 2 2 15 -441081 0 26 -441081 1
gene 4 3 15 -174582 0 27 -174582 0
gene 2 4 15 320982 0 28 320982 0
gene 2 5 15 243603 0 29 243603 0
gene 1 6 15 41001 0 30 41001 1
gene 4 7 15 -280641 0 31 -280641 0
gene 2 8 15 248910 0 32 248910 0
gene 2 9 15 -452298 0 33 -452298 1
gene 1 10 15 -81624 0 34 -81624 1
gene 3 11 15 45264 0 35 45264 1
gene 1 12 15 -418881 0 36 -418881 0
gene 4 3 71 294108 0 201 294108 0
gene 3 71 14 -427533 0 202 -427533 0
gene 1 13 13 -515718 1 248 -515718 0
gene 2 13 15 -303099 0 413 -303099 1
gene 4 10 71 -145332 0 454 -145332 1
gene 2 7 71 167847 0 542 167847 0
gene 4 8 71 -39420 0 717 -39420 1
gene 4 71 71 -48504 1 769 -48504 0
gene 4 3 289 -530537 0 858 -530537 0
gene 4 289 15 -330114 0 859 -330114 1
gene 3 289 14 -578483 0 897 -578483 0
gene 4 3 317 69516 0 942 69516 0
gene 4 317 289 -144690 0 943 -144690 1
gene 2 8 368 -127491 0 1081 -127491 1
gene 2 368 15 270855 0 1082 270855 1
gene 1 2 381 -774272 0 1117 -774272 1
gene 2 381 14 182811 0 1118 182811 1
gene 4 3 394 171777 0 1159 171777 1
gene 4 394 71 -504843 0 1160 -504843 1
gene 4 1 394 69150 0 1362 69150 1
gene 2 3 473 46569 0 1405 46569 1
gene 2 473 13 -558249 0 1406 -558249 0
gene 1 10 490 285960 0 1456 285960 0
gene 1 490 14 401916 0 1457 401916 1
gene 3 13 289 -153420 0 1591 -153420 1
gene 4 71 568 271335 1 1699 271335 0
gene 4 568 71 -320544 0 1700 -320544 0
gene 3 568 15 -160281 0 1754 -160281 1
gene 3 289 394 -270468 0 1809 -270468 0
gene 4 568 647 -22611 0 1948 -22611 1
gene 4 647 71 287109 0 1949 287109 1
gene 1 7 686 221043 0 2069 221043 1
gene 1 686 71 -321402 0 2070 -321402 1
gene 3 71 704 126686 0 2122 126686 0
gene 3 704 14 217233 0 2123 217233 1
gene 3 289 760 54396 0 2296 54396 1
gene 3 760 394 163425 0 2297 163425 1
gene 4 368 394 745257 0 2326 745257 0
gene 2 10 289 -252444 0 2376 -252444 1
gene 4 3 834 31263 0 2518 31263 1
gene 4 834 317 -322431 0 2519 -322431 0
gene 2 12 877 -231249 0 2634 -231249 1
gene 2 877 14 142461 0 2635 142461 1
gene 2 4 886 -195990 0 2665 -195990 1
gene 2 886 15 130569 0 2666 130569 1
gene 2 5 948 -417678 0 2855 -417678 0
gene 2 948 13 60393 0 2856 60393 1
gene 2 877 877 -60435 1 2903 -60435 1
gene 1 7 996 646343 0 2996 646343 1
gene 1 996 13 -359589 0 2997 -359589 1
gene 3 7 1018 -158196 0 3054 -158196 1
gene 4 1018 15 -230172 0 3055 -230172 1
gene 1 4 1030 30519 0 3100 30519 1
gene 1 1030 14 800000 0 3101 800000 1
gene 3 568 568 -126060 1 3154 -126060 0
gene 2 5 1107 267093 0 3308 267093 1
gene 2 1107 948 407004 0 3309 407004 1
gene 4 686 686 -470973 1 3352 -470973 1
gene 3 996 490 210759 0 3408 210759 1
gene 2 9 1188 -297642 0 3558 -297642 0
gene 2 1188 14 -212040 0 3559 -212040 1
gene 4 381 71 240933 0 3665 240933 0
gene 1 10 1240 33927 0 3707 33927 1
gene 1 1240 490 640509 0 3708 640509 1
gene 3 1107 1030 556734 0 3763 556734 1
gene 2 9 1316 184242 0 3922 184242 0
gene 2 1316 1188 256596 0 3923 256596 1
gene 1 12 1373 -579122 0 4116 -579122 0
gene 1 1373 15 -340764 0 4117 -340764 0
gene 1 3 1316 -69753 0 4180 -69753 1
gene 4 834 1445 -484395 0 4313 -484395 1
gene 4 1445 317 -676683 0 4314 -676683 1
gene 4 381 1459 60150 0 4355 60150 1
gene 4 1459 71 -353562 0 4356 -353562 1
gene 3 289 1474 234174 0 4406 234174 1
gene 3 1474 14 -387540 0 4407 -387540 1
gene 2 394 1373 214471 0 4457 214471 1
gene 2 5 1504 216135 0 4497 216135 0
gene 2 1504 15 -51846 0 4498 -51846 1
gene 4 1504 886 184123 0 4750 184123 1
gene 2 9 1625 208644 0 4838 208644 1
gene 2 1625 1316 5508 0 4839 5508 1
gene 4 1 1625 -755066 0 4968 -755066 1
gene 3 568 1675 -222531 1 4996 -222531 1
gene 3 1675 568 372357 0 4997 372357 0
gene 2 5 1700 -135471 0 5071 -135471 1
gene 2 1700 1504 282618 0 5072 282618 1
gene 3 71 1720 -79413 0 5118 -79413 1
gene 3 1720 704 -561240 0 5119 -561240 1
gene 1 886 381 -250668 0 5222 -250668 1
gene 1 1373 1888 -192054 0 5630 -192054 1
gene 1 1888 15 329736 0 5631 329736 1
gene 1 1107 490 -109680 0 5814 -109680 1
gene 4 1107 15 89607 0 5917 89607 1
gene 4 14 14 104274 1 5955 104274 1
gene 2 1700 1700 113406 1 6001 113406 1
gene 3 1675 2052 -62178 0 6096 -62178 1
gene 3 2052 568 60594 0 6097 60594 1
gene 1 9 2089 227748 0 6209 227748 1
gene 1 2089 13 -112269 0 6210 -112269 1
gene 4 1459 877 218855 0 6265 218855 1
gene 1 13 2123 111573 1 6314 111573 1
gene 1 2123 13 41436 0 6315 41436 1
gene 4 71 2146 489988 1 6373 489988 1
gene 4 2146 568 800000 0 6374 800000 1
gene 2 473 2162 438247 0 6427 438247 1
gene 2 2162 13 230814 0 6428 230814 1
gene 4 368 2187 -255444 0 6490 -255444 1
gene 4 2187 394 195342 0 6491 195342 1
gene 1 12 2207 196743 0 6548 196743 1
gene 1 2207 1373 -507279 0 6549 -507279 1
genomeend 78


