/* Organism #9 Fitness: 260.000000 Time: 0 */
/* Position #9*/
#1 x: 30 y: 20
#2 x: 81 y: 39
#3 x: 32 y: 23
#4 x: 59 y: 62
#5 x: 40 y: 75
#6 x: 74 y: 71
genomestart 9
trait 1 1.000000 0.000000 0.000000 0.000000 0.000000 0.000000 0.000000 0.000000 trait 2 48067.000000 0.000000 62481.000000 0.000000 0.000000 0.000000 26897.000000 16325.000000 trait 3 3.000000 0.000000 0.000000 0.000000 0.000000 0.000000 0.000000 0.000000 trait 4 2.000000 0.000000 18432.000000 0.000000 100000.000000 0.000000 14232.000000 0.000000 node 1 3 1 3
node 2 1 1 1
node 3 4 1 1
node 4 3 1 1
node 5 4 1 1
node 6 3 1 1
node 7 3 1 1
node 8 3 1 1
node 9 1 1 1
node 10 1 1 1
node 11 2 1 1
node 12 2 1 1
node 13 3 0 2
node 14 2 0 2
node 15 1 0 2
node 22 1 0 0
node 48 1 0 0
node 63 1 0 0
node 84 1 0 0
node 190 4 0 0
node 224 1 0 0
node 265 1 0 0
node 328 1 0 0
node 342 1 0 0
node 477 1 0 0
node 585 1 0 0
node 672 1 0 0
node 699 1 0 0
node 766 4 0 0
node 833 1 0 0
node 1058 1 0 0
node 1064 1 0 0
node 1093 1 0 0
node 1149 1 0 0
node 1243 1 0 0
node 1378 1 0 0
gene 1 1 13 -242700 0 1 -242700 1
gene 1 2 13 -77166 0 2 -77166 0
gene 3 3 13 -604221 0 3 -604221 0
gene 4 4 13 158535 0 4 158535 1
gene 4 5 13 177936 0 5 177936 0
gene 1 6 13 -122403 0 6 -122403 0
gene 3 7 13 344826 0 7 344826 1
gene 3 8 13 33982 0 8 33982 1
gene 1 9 13 -211688 0 9 -211688 1
gene 4 10 13 -275524 0 10 -275524 1
gene 3 11 13 -177625 0 11 -177625 1
gene 1 12 13 603788 0 12 603788 1
gene 2 1 14 -620330 0 13 -620330 1
gene 1 2 14 159273 0 14 159273 1
gene 1 3 14 -129120 0 15 -129120 0
gene 2 4 14 -63444 0 16 -63444 1
gene 2 5 14 -84135 0 17 -84135 1
gene 3 6 14 388263 0 18 388263 0
gene 4 7 14 539273 0 19 539273 0
gene 4 8 14 88575 0 20 88575 1
gene 2 9 14 -287409 0 21 -287409 1
gene 4 10 14 119415 0 22 119415 0
gene 4 11 14 550480 0 23 550480 0
gene 3 12 14 -786879 0 24 -786879 0
gene 2 1 15 -312339 0 25 -312339 1
gene 2 2 15 -174425 0 26 -174425 0
gene 4 3 15 769755 0 27 769755 1
gene 4 4 15 83874 0 28 83874 1
gene 1 5 15 -357696 0 29 -357696 0
gene 4 6 15 271634 0 30 271634 0
gene 2 7 15 -350004 0 31 -350004 1
gene 4 8 15 -214927 0 32 -214927 1
gene 1 9 15 -162648 0 33 -162648 1
gene 3 10 15 177747 0 34 177747 1
gene 3 11 15 20400 0 35 20400 0
gene 2 12 15 657284 0 36 657284 1
gene 2 5 22 127763 0 50 127763 1
gene 2 22 14 -84666 0 51 -84666 1
gene 1 6 48 188166 0 108 188166 0
gene 1 48 13 291495 0 109 291495 0
gene 1 2 63 800000 0 153 800000 1
gene 1 63 13 60756 0 154 60756 1
gene 1 6 84 -800000 0 215 -800000 1
gene 1 84 14 -164448 0 216 -164448 1
gene 3 4 22 474972 0 283 474972 0
gene 3 12 190 -772364 0 501 -772364 1
gene 3 190 14 87648 0 502 87648 1
gene 4 13 22 -219360 0 570 -219360 1
gene 3 190 224 -398418 0 593 -398418 0
gene 3 224 14 800000 0 594 800000 1
gene 3 1 224 734688 0 655 734688 1
gene 1 6 265 -35226 0 700 -35226 1
gene 1 265 48 17226 0 701 17226 1
gene 4 84 190 132444 0 813 132444 1
gene 3 4 328 205674 0 869 205674 1
gene 3 328 22 224643 0 870 224643 1
gene 2 7 342 126546 0 912 126546 1
gene 2 342 15 -31839 0 913 -31839 1
gene 4 11 265 69582 0 1175 69582 1
gene 4 8 477 -440349 0 1261 -440349 1
gene 4 477 14 237162 0 1262 237162 1
gene 1 14 342 -258510 0 1454 -258510 1
gene 1 63 585 578839 0 1549 578839 1
gene 1 585 13 800000 0 1550 800000 1
gene 3 48 15 473178 0 1636 473178 1
gene 1 5 672 115707 0 1789 115707 1
gene 1 672 15 -27423 0 1790 -27423 1
gene 1 12 699 -489255 0 1853 -489255 1
gene 1 699 13 -43020 0 1854 -43020 1
gene 3 11 766 192927 0 2015 192927 1
gene 3 766 15 -274710 0 2016 -274710 1
gene 2 2 833 -577545 0 2191 -577545 1
gene 2 833 15 -151479 0 2192 -151479 1
gene 2 766 766 -31408 1 2255 -31408 1
gene 4 10 1058 281811 0 2774 281811 0
gene 4 1058 14 740628 0 2775 740628 1
gene 3 3 1064 -161568 0 2788 -161568 1
gene 3 1064 13 178656 0 2789 178656 1
gene 3 190 1093 -18651 0 2873 -18651 1
gene 3 1093 224 277356 0 2874 277356 1
gene 4 10 1149 -401033 0 3020 -401033 1
gene 4 1149 1058 -319110 0 3021 -319110 1
gene 3 6 1243 -126476 0 3277 -126476 1
gene 3 1243 14 474690 0 3278 474690 1
gene 4 7 699 36780 0 3338 36780 1
gene 1 22 265 285870 0 3410 285870 1
gene 2 1149 342 221299 0 3573 221299 1
gene 1 6 1378 86140 0 3624 86140 1
gene 1 1378 48 30231 0 3625 30231 1
gene 4 672 328 194379 0 3697 194379 1
genomeend 9


/* Organism #10 Fitness: 170.000000 Time: 0 */
/* Position #10*/
#1 x: 26 y: 30
#2 x: 69 y: 23
#3 x: 39 y: 32
#4 x: 25 y: 60
#5 x: 36 y: 83
#6 x: 49 y: 68
genomestart 10
trait 1 1.000000 0.000000 0.000000 0.000000 0.000000 0.000000 0.000000 0.000000 trait 2 48067.000000 0.000000 62481.000000 0.000000 0.000000 0.000000 26897.000000 16325.000000 trait 3 3.000000 0.000000 0.000000 0.000000 0.000000 0.000000 0.000000 0.000000 trait 4 2.000000 0.000000 18432.000000 0.000000 100000.000000 0.000000 14232.000000 0.000000 node 1 3 1 3
node 2 1 1 1
node 3 4 1 1
node 4 3 1 1
node 5 4 1 1
node 6 3 1 1
node 7 3 1 1
node 8 3 1 1
node 9 1 1 1
node 10 1 1 1
node 11 2 1 1
node 12 2 1 1
node 13 3 0 2
node 14 2 0 2
node 15 1 0 2
node 22 1 0 0
node 48 1 0 0
node 63 1 0 0
node 84 1 0 0
node 190 4 0 0
node 224 1 0 0
node 265 1 0 0
node 328 1 0 0
node 342 1 0 0
node 477 1 0 0
node 585 1 0 0
node 672 1 0 0
node 699 1 0 0
node 766 4 0 0
node 833 1 0 0
node 1058 1 0 0
node 1064 1 0 0
node 1093 1 0 0
node 1149 1 0 0
node 1243 1 0 0
node 1378 1 0 0
gene 1 1 13 -249291 0 1 -249291 1
gene 1 2 13 -183315 0 2 -183315 0
gene 3 3 13 -721659 0 3 -721659 0
gene 4 4 13 290538 0 4 290538 1
gene 4 5 13 110427 0 5 110427 0
gene 1 6 13 -259842 0 6 -259842 0
gene 3 7 13 220770 0 7 220770 1
gene 3 8 13 73819 0 8 73819 1
gene 1 9 13 -485594 0 9 -485594 1
gene 4 10 13 -175723 0 10 -175723 1
gene 3 11 13 -237952 0 11 -237952 1
gene 1 12 13 785108 0 12 785108 1
gene 2 1 14 -800000 0 13 -800000 1
gene 1 2 14 159273 0 14 159273 1
gene 1 3 14 -77214 0 15 -77214 0
gene 2 4 14 383355 0 16 383355 1
gene 2 5 14 -179913 0 17 -179913 1
gene 3 6 14 613965 0 18 613965 0
gene 4 7 14 314900 0 19 314900 0
gene 4 8 14 -327156 0 20 -327156 1
gene 2 9 14 -16359 0 21 -16359 1
gene 4 10 14 562578 0 22 562578 0
gene 4 11 14 291412 0 23 291412 0
gene 3 12 14 -543234 0 24 -543234 0
gene 2 1 15 -474525 0 25 -474525 1
gene 2 2 15 -79082 0 26 -79082 0
gene 4 3 15 557637 0 27 557637 1
gene 4 4 15 162135 0 28 162135 1
gene 1 5 15 -223506 0 29 -223506 0
gene 4 6 15 428465 0 30 428465 0
gene 2 7 15 -278775 0 31 -278775 1
gene 4 8 15 -214927 0 32 -214927 1
gene 1 9 15 -224868 0 33 -224868 1
gene 3 10 15 125961 0 34 125961 1
gene 3 11 15 -104655 0 35 -104655 0
gene 2 12 15 685601 0 36 685601 1
gene 2 5 22 56933 0 50 56933 1
gene 2 22 14 -84666 0 51 -84666 1
gene 1 6 48 188166 0 108 188166 0
gene 1 48 13 -124434 0 109 -124434 0
gene 1 2 63 800000 0 153 800000 1
gene 1 63 13 206004 0 154 206004 1
gene 1 6 84 -800000 0 215 -800000 1
gene 1 84 14 -83799 0 216 -83799 1
gene 3 4 22 218844 0 283 218844 0
gene 3 12 190 -493808 0 501 -493808 1
gene 3 190 14 6288 0 502 6288 1
gene 4 13 22 35979 0 570 35979 1
gene 3 190 224 -328356 0 593 -328356 0
gene 3 224 14 800000 0 594 800000 1
gene 3 1 224 449481 0 655 449481 1
gene 1 6 265 147366 0 700 147366 1
gene 1 265 48 -387816 0 701 -387816 1
gene 4 84 190 -19737 0 813 -19737 1
gene 3 4 328 235563 0 869 235563 1
gene 3 328 22 192585 0 870 192585 1
gene 2 7 342 167157 0 912 167157 1
gene 2 342 15 -231390 0 913 -231390 1
gene 4 11 265 91374 0 1175 91374 1
gene 4 8 477 -580656 0 1261 -580656 1
gene 4 477 14 36933 0 1262 36933 1
gene 1 14 342 -409524 0 1454 -409524 1
gene 1 63 585 455443 0 1549 455443 1
gene 1 585 13 800000 0 1550 800000 1
gene 3 48 15 473178 0 1636 473178 1
gene 1 5 672 120021 0 1789 120021 1
gene 1 672 15 202389 0 1790 202389 1
gene 1 12 699 -683019 0 1853 -683019 1
gene 1 699 13 -115119 0 1854 -115119 1
gene 3 11 766 370188 0 2015 370188 1
gene 3 766 15 -468528 0 2016 -468528 1
gene 2 2 833 -628356 0 2191 -628356 1
gene 2 833 15 -293568 0 2192 -293568 1
gene 2 766 766 -81802 1 2255 -81802 1
gene 4 10 1058 91065 0 2774 91065 0
gene 4 1058 14 542247 0 2775 542247 1
gene 3 3 1064 219745 0 2788 219745 1
gene 3 1064 13 195678 0 2789 195678 1
gene 3 190 1093 -41043 0 2873 -41043 1
gene 3 1093 224 100560 0 2874 100560 1
gene 4 10 1149 -352997 0 3020 -352997 1
gene 4 1149 1058 -274773 0 3021 -274773 1
gene 3 6 1243 1 0 3277 0 1
gene 3 1243 14 613965 0 3278 0 1
gene 4 7 699 -3636 0 3338 -3636 1
gene 1 22 265 21701 0 3410 21701 1
gene 2 1149 342 33397 0 3573 33397 1
gene 1 6 1378 1 0 3624 0 1
gene 1 1378 48 188166 0 3625 0 1
gene 4 672 328 96953 0 3697 96953 1
gene 2 477 699 27722 0 3777 27722 1
genomeend 10


/* Organism #16 Fitness: 150.000000 Time: 0 */
/* Position #16*/
#1 x: 65 y: 40
#2 x: 63 y: 26
#3 x: 59 y: 31
#4 x: 53 y: 66
#5 x: 39 y: 62
#6 x: 29 y: 74
genomestart 16
trait 1 1.000000 0.000000 0.000000 0.000000 0.000000 0.000000 0.000000 0.000000 trait 2 48067.000000 0.000000 62481.000000 0.000000 0.000000 0.000000 26897.000000 16325.000000 trait 3 3.000000 0.000000 0.000000 0.000000 0.000000 0.000000 0.000000 0.000000 trait 4 2.000000 0.000000 18432.000000 0.000000 100000.000000 0.000000 14232.000000 0.000000 node 1 3 1 3
node 2 1 1 1
node 3 4 1 1
node 4 3 1 1
node 5 4 1 1
node 6 3 1 1
node 7 3 1 1
node 8 3 1 1
node 9 1 1 1
node 10 1 1 1
node 11 2 1 1
node 12 2 1 1
node 13 3 0 2
node 14 2 0 2
node 15 1 0 2
node 22 1 0 0
node 48 1 0 0
node 63 1 0 0
node 84 1 0 0
node 190 4 0 0
node 224 1 0 0
node 265 1 0 0
node 328 1 0 0
node 342 1 0 0
node 477 1 0 0
node 585 1 0 0
node 672 1 0 0
node 699 1 0 0
node 766 4 0 0
node 833 1 0 0
node 1058 1 0 0
node 1064 1 0 0
node 1093 1 0 0
node 1149 1 0 0
node 1243 2 0 0
node 1378 1 0 0
gene 1 1 13 -387390 0 1 -387390 1
gene 1 2 13 -306093 0 2 -306093 0
gene 3 3 13 -787074 0 3 -787074 0
gene 4 4 13 356289 0 4 356289 1
gene 4 5 13 246810 0 5 246810 0
gene 1 6 13 -529113 0 6 -529113 0
gene 3 7 13 280011 0 7 280011 1
gene 3 8 13 -122222 0 8 -122222 1
gene 1 9 13 -427991 0 9 -427991 1
gene 4 10 13 72512 0 10 72512 1
gene 3 11 13 -494632 0 11 -494632 1
gene 1 12 13 635744 0 12 635744 1
gene 2 1 14 -800000 0 13 -800000 1
gene 1 2 14 -111072 0 14 -111072 1
gene 1 3 14 -34464 0 15 -34464 0
gene 2 4 14 651426 0 16 651426 1
gene 2 5 14 -292899 0 17 -292899 1
gene 3 6 14 767784 0 18 767784 0
gene 4 7 14 190943 0 19 190943 0
gene 4 8 14 -178860 0 20 -178860 1
gene 2 9 14 -9024 0 21 -9024 1
gene 4 10 14 646125 0 22 646125 0
gene 4 11 14 118519 0 23 118519 0
gene 3 12 14 -524211 0 24 -524211 0
gene 2 1 15 -185286 0 25 -185286 1
gene 2 2 15 -88613 0 26 -88613 0
gene 4 3 15 476331 0 27 476331 1
gene 4 4 15 84246 0 28 84246 1
gene 1 5 15 -366579 0 29 -366579 0
gene 4 6 15 567854 0 30 567854 0
gene 2 7 15 -184962 0 31 -184962 1
gene 4 8 15 -24157 0 32 -24157 1
gene 1 9 15 -74343 0 33 -74343 1
gene 3 10 15 351492 0 34 351492 1
gene 3 11 15 61770 0 35 61770 0
gene 2 12 15 417299 0 36 417299 1
gene 2 5 22 -51481 0 50 -51481 1
gene 2 22 14 -271833 0 51 -271833 1
gene 1 6 48 425877 0 108 425877 0
gene 1 48 13 -97863 0 109 -97863 0
gene 1 2 63 800000 0 153 800000 1
gene 1 63 13 164538 0 154 164538 1
gene 1 6 84 -800000 0 215 -800000 1
gene 1 84 14 11865 0 216 11865 1
gene 3 4 22 474894 0 283 474894 0
gene 3 12 190 -662537 0 501 -662537 1
gene 3 190 14 -44634 0 502 -44634 1
gene 4 13 22 -145812 0 570 -145812 1
gene 3 190 224 -512082 0 593 -512082 0
gene 3 224 14 800000 0 594 800000 1
gene 3 1 224 512412 0 655 512412 1
gene 1 6 265 12819 0 700 12819 1
gene 1 265 48 -226719 0 701 -226719 1
gene 4 84 190 -199554 0 813 -199554 1
gene 3 4 328 302169 0 869 302169 1
gene 3 328 22 62115 0 870 62115 1
gene 2 7 342 -84339 0 912 -84339 1
gene 2 342 15 -101091 0 913 -101091 1
gene 4 11 265 351045 0 1175 351045 1
gene 4 8 477 -520884 0 1261 -520884 1
gene 4 477 14 313677 0 1262 313677 1
gene 1 14 342 -167499 0 1454 -167499 1
gene 1 63 585 595492 0 1549 595492 1
gene 1 585 13 800000 0 1550 800000 1
gene 3 48 15 674475 0 1636 674475 1
gene 1 5 672 229512 0 1789 229512 1
gene 1 672 15 404751 0 1790 404751 1
gene 1 12 699 -719085 0 1853 -719085 1
gene 1 699 13 48411 0 1854 48411 1
gene 3 11 766 664512 0 2015 664512 1
gene 3 766 15 -556383 0 2016 -556383 1
gene 2 2 833 -742551 0 2191 -742551 1
gene 2 833 15 -456363 0 2192 -456363 1
gene 2 766 766 174483 1 2255 174483 1
gene 4 10 1058 22521 0 2774 22521 0
gene 4 1058 14 438813 0 2775 438813 1
gene 3 3 1064 286329 0 2788 286329 1
gene 3 1064 13 141507 0 2789 141507 1
gene 3 190 1093 -41043 0 2873 -41043 1
gene 3 1093 224 53952 0 2874 53952 1
gene 4 10 1149 -352997 0 3020 -352997 1
gene 4 1149 1058 90741 0 3021 90741 1
gene 3 6 1243 -95279 0 3277 -95279 1
gene 3 1243 14 411213 0 3278 411213 1
gene 4 7 699 -184101 0 3338 -184101 1
gene 1 22 265 147641 0 3410 147641 1
gene 2 1149 342 -76475 0 3573 -76475 1
gene 1 6 1378 -45743 0 3624 -45743 1
gene 1 1378 48 257454 0 3625 257454 1
gene 4 672 328 96953 0 3697 96953 1
genomeend 16


/* Organism #26 Fitness: 110.000000 Time: 0 */
/* Position #26*/
#1 x: 15 y: 15
#2 x: 43 y: 27
#3 x: 21 y: 20
#4 x: 83 y: 80
#5 x: 64 y: 67
#6 x: 56 y: 79
genomestart 26
trait 1 1.000000 0.000000 0.000000 0.000000 0.000000 0.000000 0.000000 0.000000 trait 2 48067.000000 0.000000 62481.000000 0.000000 0.000000 0.000000 26897.000000 16325.000000 trait 3 3.000000 0.000000 0.000000 0.000000 0.000000 0.000000 0.000000 0.000000 trait 4 2.000000 0.000000 18432.000000 0.000000 100000.000000 0.000000 14232.000000 0.000000 node 1 3 1 3
node 2 1 1 1
node 3 4 1 1
node 4 3 1 1
node 5 4 1 1
node 6 3 1 1
node 7 3 1 1
node 8 3 1 1
node 9 1 1 1
node 10 1 1 1
node 11 2 1 1
node 12 2 1 1
node 13 3 0 2
node 14 2 0 2
node 15 1 0 2
node 22 1 0 0
node 48 1 0 0
node 63 1 0 0
node 84 1 0 0
node 190 4 0 0
node 224 1 0 0
node 265 1 0 0
node 328 1 0 0
node 342 1 0 0
node 477 1 0 0
node 585 1 0 0
node 672 1 0 0
node 699 1 0 0
node 766 1 0 0
node 833 1 0 0
node 1058 1 0 0
node 1064 1 0 0
node 1093 1 0 0
node 1131 1 0 0
node 1147 1 0 0
node 1174 1 0 0
node 1271 1 0 0
node 1364 1 0 0
node 1383 1 0 0
node 1405 1 0 0
node 1439 1 0 0
gene 1 1 13 -46689 0 1 -46689 1
gene 1 2 13 -506856 0 2 -506856 0
gene 3 3 13 -186057 0 3 -186057 0
gene 4 4 13 309765 0 4 309765 1
gene 4 5 13 -156279 0 5 -156279 1
gene 1 6 13 104199 0 6 104199 0
gene 3 7 13 -49128 0 7 -49128 1
gene 3 8 13 -85343 0 8 -85343 1
gene 1 9 13 -267839 0 9 -267839 1
gene 4 10 13 -58834 0 10 -58834 1
gene 3 11 13 58304 0 11 58304 1
gene 1 12 13 546809 0 12 546809 0
gene 2 1 14 -219090 0 13 -219090 1
gene 1 2 14 -12801 0 14 -12801 1
gene 1 3 14 -168426 0 15 -168426 1
gene 2 4 14 380211 0 16 380211 1
gene 2 5 14 435048 0 17 435048 1
gene 3 6 14 58503 0 18 58503 1
gene 4 7 14 43064 0 19 43064 1
gene 4 8 14 134694 0 20 134694 1
gene 2 9 14 -55530 0 21 -55530 1
gene 4 10 14 311109 0 22 311109 0
gene 4 11 14 -201512 0 23 -201512 0
gene 3 12 14 -251670 0 24 -251670 0
gene 2 1 15 -301752 0 25 -301752 1
gene 2 2 15 -291551 0 26 -291551 0
gene 4 3 15 570981 0 27 570981 1
gene 4 4 15 -24792 0 28 -24792 1
gene 1 5 15 -117510 0 29 -117510 1
gene 4 6 15 353282 0 30 353282 1
gene 2 7 15 49521 0 31 49521 1
gene 4 8 15 80565 0 32 80565 1
gene 1 9 15 20145 0 33 20145 0
gene 3 10 15 19335 0 34 19335 1
gene 3 11 15 129111 0 35 129111 0
gene 2 12 15 253182 0 36 253182 1
gene 2 5 22 -102190 0 50 -102190 1
gene 2 22 14 -505845 0 51 -505845 1
gene 1 6 48 -514884 0 108 -514884 1
gene 1 48 13 -62379 0 109 -62379 0
gene 1 2 63 296129 0 153 296129 1
gene 1 63 13 180336 0 154 180336 1
gene 1 6 84 -800000 0 215 -800000 1
gene 1 84 14 492084 0 216 492084 0
gene 3 4 22 36525 0 283 36525 1
gene 3 12 190 -451682 0 501 -451682 1
gene 3 190 14 207567 0 502 207567 1
gene 4 13 22 -317106 0 570 -317106 1
gene 3 190 224 -438324 0 593 -438324 0
gene 3 224 14 400977 0 594 400977 1
gene 3 1 224 256404 0 655 256404 1
gene 1 6 265 33186 0 700 33186 1
gene 1 265 48 -62310 0 701 -62310 1
gene 4 84 190 364968 0 813 364968 1
gene 3 4 328 331296 0 869 331296 1
gene 3 328 22 -32907 0 870 -32907 1
gene 2 7 342 563781 0 912 563781 1
gene 2 342 15 -273246 0 913 -273246 0
gene 4 11 265 -180237 0 1175 -180237 1
gene 4 8 477 -195831 0 1261 -195831 1
gene 4 477 14 -96561 0 1262 -96561 1
gene 1 14 342 35151 0 1454 35151 1
gene 1 63 585 103710 0 1549 103710 1
gene 1 585 13 750240 0 1550 750240 1
gene 3 48 15 492699 0 1636 492699 1
gene 1 5 672 398196 0 1789 398196 1
gene 1 672 15 94905 0 1790 94905 0
gene 1 12 699 -770250 0 1853 -770250 1
gene 1 699 13 -474495 0 1854 -474495 1
gene 3 11 766 204939 0 2015 204939 1
gene 3 766 15 -127890 0 2016 -127890 1
gene 2 2 833 -309329 0 2191 -309329 1
gene 2 833 15 -126462 0 2192 -126462 1
gene 2 766 766 -369481 1 2255 -369481 1
gene 4 10 1058 -263999 0 2774 -263999 1
gene 4 1058 14 614760 0 2775 614760 1
gene 3 3 1064 29323 0 2788 29323 0
gene 3 1064 13 -227028 0 2789 -227028 1
gene 3 190 1093 1 0 2873 1 1
gene 3 1093 224 -353364 0 2874 -353364 1
gene 1 6 1131 -136196 0 2970 -136196 0
gene 1 1131 48 -367440 0 2971 -367440 1
gene 3 3 1147 103831 0 3016 103831 1
gene 3 1147 1064 -204662 0 3017 -204662 1
gene 2 342 1174 -23075 0 3085 -23075 1
gene 2 1174 15 -240450 0 3086 -240450 1
gene 3 766 672 -101504 0 3181 -101504 0
gene 1 84 1271 1 0 3350 0 1
gene 1 1271 14 492084 0 3351 0 1
gene 2 190 766 48106 0 3437 48106 1
gene 2 48 22 59859 0 3508 59859 1
gene 3 766 1364 1 0 3588 0 1
gene 3 1364 672 -101504 0 3589 0 1
gene 1 672 1383 1 0 3639 0 1
gene 1 1383 15 94905 0 3640 0 1
gene 1 12 1405 1 0 3700 0 1
gene 1 1405 13 546809 0 3701 0 1
gene 1 9 1439 1 0 3796 0 1
gene 1 1439 15 20145 0 3797 0 1
genomeend 26


/* Organism #27 Fitness: 220.000000 Time: 0 */
/* Position #27*/
#1 x: 15 y: 15
#2 x: 43 y: 27
#3 x: 21 y: 20
#4 x: 83 y: 80
#5 x: 64 y: 67
#6 x: 56 y: 79
genomestart 27
trait 1 1.000000 0.000000 0.000000 0.000000 0.000000 0.000000 0.000000 0.000000 trait 2 48067.000000 0.000000 62481.000000 0.000000 0.000000 0.000000 26897.000000 16325.000000 trait 3 3.000000 0.000000 0.000000 0.000000 0.000000 0.000000 0.000000 0.000000 trait 4 2.000000 0.000000 18432.000000 0.000000 100000.000000 0.000000 14232.000000 0.000000 node 1 3 1 3
node 2 1 1 1
node 3 4 1 1
node 4 3 1 1
node 5 4 1 1
node 6 3 1 1
node 7 3 1 1
node 8 3 1 1
node 9 1 1 1
node 10 1 1 1
node 11 2 1 1
node 12 2 1 1
node 13 3 0 2
node 14 2 0 2
node 15 1 0 2
node 22 1 0 0
node 48 1 0 0
node 63 1 0 0
node 84 1 0 0
node 190 4 0 0
node 224 1 0 0
node 265 1 0 0
node 328 1 0 0
node 342 1 0 0
node 477 1 0 0
node 585 1 0 0
node 672 1 0 0
node 699 1 0 0
node 766 1 0 0
node 833 1 0 0
node 1058 1 0 0
node 1064 1 0 0
node 1093 1 0 0
node 1131 1 0 0
node 1147 1 0 0
node 1174 1 0 0
node 1271 1 0 0
node 1364 1 0 0
node 1383 1 0 0
node 1405 1 0 0
gene 1 1 13 -46689 0 1 -46689 1
gene 1 2 13 -506856 0 2 -506856 0
gene 3 3 13 -186057 0 3 -186057 0
gene 4 4 13 309765 0 4 309765 1
gene 4 5 13 -156279 0 5 -156279 1
gene 1 6 13 104199 0 6 104199 0
gene 3 7 13 -49128 0 7 -49128 1
gene 3 8 13 -85343 0 8 -85343 1
gene 1 9 13 -267839 0 9 -267839 1
gene 4 10 13 -58834 0 10 -58834 1
gene 3 11 13 58304 0 11 58304 1
gene 1 12 13 546809 0 12 546809 0
gene 2 1 14 -219090 0 13 -219090 1
gene 1 2 14 -12801 0 14 -12801 1
gene 1 3 14 -168426 0 15 -168426 1
gene 2 4 14 380211 0 16 380211 1
gene 2 5 14 435048 0 17 435048 1
gene 3 6 14 58503 0 18 58503 1
gene 4 7 14 43064 0 19 43064 1
gene 4 8 14 134694 0 20 134694 1
gene 2 9 14 -55530 0 21 -55530 1
gene 4 10 14 311109 0 22 311109 0
gene 4 11 14 -201512 0 23 -201512 0
gene 3 12 14 -251670 0 24 -251670 0
gene 2 1 15 -301752 0 25 -301752 1
gene 2 2 15 -291551 0 26 -291551 0
gene 4 3 15 570981 0 27 570981 1
gene 4 4 15 -24792 0 28 -24792 1
gene 1 5 15 -117510 0 29 -117510 1
gene 4 6 15 353282 0 30 353282 1
gene 2 7 15 49521 0 31 49521 1
gene 4 8 15 80565 0 32 80565 1
gene 1 9 15 20145 0 33 20145 1
gene 3 10 15 19335 0 34 19335 1
gene 3 11 15 129111 0 35 129111 0
gene 2 12 15 253182 0 36 253182 1
gene 2 5 22 -102190 0 50 -102190 1
gene 2 22 14 -505845 0 51 -505845 1
gene 1 6 48 -514884 0 108 -514884 1
gene 1 48 13 -62379 0 109 -62379 0
gene 1 2 63 296129 0 153 296129 1
gene 1 63 13 180336 0 154 180336 1
gene 1 6 84 -800000 0 215 -800000 1
gene 1 84 14 492084 0 216 492084 0
gene 3 4 22 36525 0 283 36525 1
gene 3 12 190 -451682 0 501 -451682 1
gene 3 190 14 207567 0 502 207567 1
gene 4 13 22 -317106 0 570 -317106 1
gene 3 190 224 -438324 0 593 -438324 0
gene 3 224 14 400977 0 594 400977 1
gene 3 1 224 256404 0 655 256404 1
gene 1 6 265 33186 0 700 33186 1
gene 1 265 48 -62310 0 701 -62310 1
gene 4 84 190 364968 0 813 364968 1
gene 3 4 328 331296 0 869 331296 1
gene 3 328 22 -32907 0 870 -32907 1
gene 2 7 342 563781 0 912 563781 1
gene 2 342 15 -273246 0 913 -273246 0
gene 4 11 265 -180237 0 1175 -180237 1
gene 4 8 477 -195831 0 1261 -195831 1
gene 4 477 14 -96561 0 1262 -96561 1
gene 1 14 342 35151 0 1454 35151 1
gene 1 63 585 103710 0 1549 103710 1
gene 1 585 13 750240 0 1550 750240 1
gene 3 48 15 492699 0 1636 492699 1
gene 1 5 672 398196 0 1789 398196 1
gene 1 672 15 94905 0 1790 94905 0
gene 1 12 699 -770250 0 1853 -770250 1
gene 1 699 13 -474495 0 1854 -474495 1
gene 3 11 766 204939 0 2015 204939 1
gene 3 766 15 -127890 0 2016 -127890 1
gene 2 2 833 -309329 0 2191 -309329 1
gene 2 833 15 -126462 0 2192 -126462 1
gene 2 766 766 -369481 1 2255 -369481 1
gene 4 10 1058 -263999 0 2774 -263999 1
gene 4 1058 14 614760 0 2775 614760 1
gene 3 3 1064 29323 0 2788 29323 0
gene 3 1064 13 -227028 0 2789 -227028 1
gene 3 190 1093 1 0 2873 1 1
gene 3 1093 224 -353364 0 2874 -353364 1
gene 1 6 1131 -136196 0 2970 -136196 0
gene 1 1131 48 -367440 0 2971 -367440 1
gene 3 3 1147 103831 0 3016 103831 1
gene 3 1147 1064 -204662 0 3017 -204662 1
gene 2 342 1174 -23075 0 3085 -23075 1
gene 2 1174 15 -240450 0 3086 -240450 1
gene 3 766 672 -101504 0 3181 -101504 0
gene 1 84 1271 1 0 3350 0 1
gene 1 1271 14 492084 0 3351 0 1
gene 2 190 766 48106 0 3437 48106 1
gene 2 48 22 59859 0 3508 59859 1
gene 3 766 1364 1 0 3588 0 1
gene 3 1364 672 -101504 0 3589 0 1
gene 1 672 1383 1 0 3639 0 1
gene 1 1383 15 94905 0 3640 0 1
gene 1 12 1405 1 0 3700 0 1
gene 1 1405 13 546809 0 3701 0 1
gene 2 6 833 79891 0 3798 79891 1
genomeend 27


/* Organism #28 Fitness: 170.000000 Time: 0 */
/* Position #28*/
#1 x: 63 y: 37
#2 x: 17 y: 22
#3 x: 47 y: 15
#4 x: 37 y: 70
#5 x: 61 y: 81
#6 x: 66 y: 64
genomestart 28
trait 1 1.000000 0.000000 0.000000 0.000000 0.000000 0.000000 0.000000 0.000000 trait 2 48067.000000 0.000000 62481.000000 0.000000 0.000000 0.000000 26897.000000 16325.000000 trait 3 3.000000 0.000000 0.000000 0.000000 0.000000 0.000000 0.000000 0.000000 trait 4 2.000000 0.000000 18432.000000 0.000000 100000.000000 0.000000 14232.000000 0.000000 node 1 3 1 3
node 2 1 1 1
node 3 4 1 1
node 4 3 1 1
node 5 4 1 1
node 6 3 1 1
node 7 3 1 1
node 8 3 1 1
node 9 1 1 1
node 10 1 1 1
node 11 2 1 1
node 12 2 1 1
node 13 3 0 2
node 14 2 0 2
node 15 1 0 2
node 22 1 0 0
node 48 1 0 0
node 63 1 0 0
node 84 1 0 0
node 190 4 0 0
node 224 1 0 0
node 265 1 0 0
node 328 1 0 0
node 342 1 0 0
node 477 1 0 0
node 585 1 0 0
node 672 1 0 0
node 699 1 0 0
node 766 1 0 0
node 833 1 0 0
node 1058 1 0 0
node 1064 1 0 0
node 1093 1 0 0
node 1131 1 0 0
node 1147 1 0 0
node 1174 1 0 0
node 1271 1 0 0
node 1364 1 0 0
node 1383 1 0 0
node 1405 1 0 0
node 1438 1 0 0
gene 1 1 13 -46689 0 1 -46689 1
gene 1 2 13 -506856 0 2 -506856 0
gene 3 3 13 -186057 0 3 -186057 0
gene 4 4 13 309765 0 4 309765 1
gene 4 5 13 -156279 0 5 -156279 1
gene 1 6 13 104199 0 6 104199 0
gene 3 7 13 -49128 0 7 -49128 1
gene 3 8 13 -85343 0 8 -85343 1
gene 1 9 13 -267839 0 9 -267839 1
gene 4 10 13 -58834 0 10 -58834 1
gene 3 11 13 58304 0 11 58304 1
gene 1 12 13 546809 0 12 546809 0
gene 2 1 14 -219090 0 13 -219090 1
gene 1 2 14 -12801 0 14 -12801 1
gene 1 3 14 -168426 0 15 -168426 1
gene 2 4 14 380211 0 16 380211 1
gene 2 5 14 435048 0 17 435048 1
gene 3 6 14 58503 0 18 58503 1
gene 4 7 14 43064 0 19 43064 1
gene 4 8 14 134694 0 20 134694 1
gene 2 9 14 -55530 0 21 -55530 1
gene 4 10 14 311109 0 22 311109 0
gene 4 11 14 -201512 0 23 -201512 0
gene 3 12 14 -251670 0 24 -251670 0
gene 2 1 15 -301752 0 25 -301752 1
gene 2 2 15 -291551 0 26 -291551 0
gene 4 3 15 570981 0 27 570981 1
gene 4 4 15 -24792 0 28 -24792 1
gene 1 5 15 -117510 0 29 -117510 0
gene 4 6 15 353282 0 30 353282 1
gene 2 7 15 49521 0 31 49521 1
gene 4 8 15 80565 0 32 80565 1
gene 1 9 15 20145 0 33 20145 1
gene 3 10 15 19335 0 34 19335 1
gene 3 11 15 129111 0 35 129111 0
gene 2 12 15 253182 0 36 253182 1
gene 2 5 22 -102190 0 50 -102190 1
gene 2 22 14 -505845 0 51 -505845 1
gene 1 6 48 -514884 0 108 -514884 1
gene 1 48 13 -62379 0 109 -62379 0
gene 1 2 63 296129 0 153 296129 1
gene 1 63 13 180336 0 154 180336 1
gene 1 6 84 -800000 0 215 -800000 1
gene 1 84 14 492084 0 216 492084 0
gene 3 4 22 36525 0 283 36525 1
gene 3 12 190 -451682 0 501 -451682 1
gene 3 190 14 207567 0 502 207567 1
gene 4 13 22 -317106 0 570 -317106 1
gene 3 190 224 -438324 0 593 -438324 0
gene 3 224 14 400977 0 594 400977 1
gene 3 1 224 256404 0 655 256404 1
gene 1 6 265 33186 0 700 33186 1
gene 1 265 48 -62310 0 701 -62310 1
gene 4 84 190 364968 0 813 364968 1
gene 3 4 328 331296 0 869 331296 1
gene 3 328 22 -32907 0 870 -32907 1
gene 2 7 342 563781 0 912 563781 1
gene 2 342 15 -273246 0 913 -273246 0
gene 4 11 265 -180237 0 1175 -180237 1
gene 4 8 477 -195831 0 1261 -195831 1
gene 4 477 14 -96561 0 1262 -96561 1
gene 1 14 342 35151 0 1454 35151 1
gene 1 63 585 103710 0 1549 103710 1
gene 1 585 13 750240 0 1550 750240 1
gene 3 48 15 492699 0 1636 492699 1
gene 1 5 672 398196 0 1789 398196 1
gene 1 672 15 94905 0 1790 94905 0
gene 1 12 699 -770250 0 1853 -770250 1
gene 1 699 13 -474495 0 1854 -474495 1
gene 3 11 766 204939 0 2015 204939 1
gene 3 766 15 -127890 0 2016 -127890 1
gene 2 2 833 -309329 0 2191 -309329 1
gene 2 833 15 -126462 0 2192 -126462 1
gene 2 766 766 -369481 1 2255 -369481 1
gene 4 10 1058 -263999 0 2774 -263999 1
gene 4 1058 14 614760 0 2775 614760 1
gene 3 3 1064 29323 0 2788 29323 0
gene 3 1064 13 -227028 0 2789 -227028 1
gene 3 190 1093 1 0 2873 1 1
gene 3 1093 224 -353364 0 2874 -353364 1
gene 1 6 1131 -136196 0 2970 -136196 0
gene 1 1131 48 -367440 0 2971 -367440 1
gene 3 3 1147 103831 0 3016 103831 1
gene 3 1147 1064 -204662 0 3017 -204662 1
gene 2 342 1174 -23075 0 3085 -23075 1
gene 2 1174 15 -240450 0 3086 -240450 1
gene 3 766 672 -101504 0 3181 -101504 0
gene 1 84 1271 1 0 3350 0 1
gene 1 1271 14 492084 0 3351 0 1
gene 2 190 766 48106 0 3437 48106 1
gene 2 48 22 59859 0 3508 59859 1
gene 3 766 1364 1 0 3588 0 1
gene 3 1364 672 -101504 0 3589 0 1
gene 1 672 1383 1 0 3639 0 1
gene 1 1383 15 94905 0 3640 0 1
gene 1 12 1405 1 0 3700 0 1
gene 1 1405 13 546809 0 3701 0 1
gene 1 5 1438 1 0 3794 0 1
gene 1 1438 15 -117510 0 3795 0 1
genomeend 28


/* Organism #30 Fitness: 190.000000 Time: 0 */
/* Position #30*/
#1 x: 84 y: 33
#2 x: 47 y: 30
#3 x: 76 y: 40
#4 x: 35 y: 66
#5 x: 84 y: 80
#6 x: 49 y: 68
genomestart 30
trait 1 1.000000 0.000000 0.000000 0.000000 0.000000 0.000000 0.000000 0.000000 trait 2 48067.000000 0.000000 62481.000000 0.000000 0.000000 0.000000 26897.000000 16325.000000 trait 3 3.000000 0.000000 0.000000 0.000000 0.000000 0.000000 0.000000 0.000000 trait 4 2.000000 0.000000 18432.000000 0.000000 100000.000000 0.000000 14232.000000 0.000000 node 1 3 1 3
node 2 1 1 1
node 3 4 1 1
node 4 3 1 1
node 5 4 1 1
node 6 3 1 1
node 7 3 1 1
node 8 3 1 1
node 9 1 1 1
node 10 1 1 1
node 11 2 1 1
node 12 2 1 1
node 13 3 0 2
node 14 2 0 2
node 15 1 0 2
node 22 1 0 0
node 48 1 0 0
node 63 1 0 0
node 84 1 0 0
node 190 4 0 0
node 224 1 0 0
node 265 1 0 0
node 328 1 0 0
node 342 1 0 0
node 477 1 0 0
node 585 1 0 0
node 672 1 0 0
node 699 1 0 0
node 766 4 0 0
node 833 1 0 0
node 1058 1 0 0
node 1064 1 0 0
node 1093 1 0 0
node 1149 1 0 0
node 1243 1 0 0
node 1295 1 0 0
node 1369 1 0 0
gene 1 1 13 -249291 0 1 -249291 1
gene 1 2 13 -183315 0 2 -183315 1
gene 3 3 13 -721659 0 3 -721659 0
gene 4 4 13 290538 0 4 290538 1
gene 4 5 13 110427 0 5 110427 0
gene 1 6 13 -259842 0 6 -259842 0
gene 3 7 13 220770 0 7 220770 1
gene 3 8 13 73819 0 8 73819 1
gene 1 9 13 -485594 0 9 -485594 1
gene 4 10 13 -175723 0 10 -175723 1
gene 3 11 13 -237952 0 11 -237952 1
gene 1 12 13 785108 0 12 785108 1
gene 2 1 14 -800000 0 13 -800000 1
gene 1 2 14 159273 0 14 159273 1
gene 1 3 14 -77214 0 15 -77214 0
gene 2 4 14 383355 0 16 383355 1
gene 2 5 14 -179913 0 17 -179913 1
gene 3 6 14 613965 0 18 613965 0
gene 4 7 14 314900 0 19 314900 0
gene 4 8 14 -327156 0 20 -327156 1
gene 2 9 14 -16359 0 21 -16359 1
gene 4 10 14 562578 0 22 562578 0
gene 4 11 14 291412 0 23 291412 0
gene 3 12 14 -543234 0 24 -543234 1
gene 2 1 15 -474525 0 25 -474525 1
gene 2 2 15 -79082 0 26 -79082 0
gene 4 3 15 557637 0 27 557637 1
gene 4 4 15 162135 0 28 162135 1
gene 1 5 15 -223506 0 29 -223506 0
gene 4 6 15 428465 0 30 428465 1
gene 2 7 15 -278775 0 31 -278775 1
gene 4 8 15 -214927 0 32 -214927 1
gene 1 9 15 -224868 0 33 -224868 1
gene 3 10 15 125961 0 34 125961 1
gene 3 11 15 -104655 0 35 -104655 0
gene 2 12 15 685601 0 36 685601 1
gene 2 5 22 56933 0 50 56933 1
gene 2 22 14 -84666 0 51 -84666 1
gene 1 6 48 188166 0 108 188166 1
gene 1 48 13 -124434 0 109 -124434 1
gene 1 2 63 800000 0 153 800000 0
gene 1 63 13 206004 0 154 206004 1
gene 1 6 84 -800000 0 215 -800000 1
gene 1 84 14 -83799 0 216 -83799 1
gene 3 4 22 218844 0 283 218844 1
gene 3 12 190 -493808 0 501 -493808 1
gene 3 190 14 6288 0 502 6288 1
gene 4 13 22 35979 0 570 35979 1
gene 3 190 224 -328356 0 593 -328356 0
gene 3 224 14 800000 0 594 800000 1
gene 3 1 224 449481 0 655 449481 1
gene 1 6 265 147366 0 700 147366 1
gene 1 265 48 -387816 0 701 -387816 1
gene 4 84 190 -19737 0 813 -19737 1
gene 3 4 328 235563 0 869 235563 1
gene 3 328 22 192585 0 870 192585 1
gene 2 7 342 167157 0 912 167157 1
gene 2 342 15 -231390 0 913 -231390 1
gene 4 11 265 91374 0 1175 91374 1
gene 4 8 477 -580656 0 1261 -580656 1
gene 4 477 14 36933 0 1262 36933 1
gene 1 14 342 -409524 0 1454 -409524 1
gene 1 63 585 455443 0 1549 455443 1
gene 1 585 13 800000 0 1550 800000 1
gene 3 48 15 473178 0 1636 473178 1
gene 1 5 672 120021 0 1789 120021 1
gene 1 672 15 202389 0 1790 202389 1
gene 1 12 699 -683019 0 1853 -683019 1
gene 1 699 13 -115119 0 1854 -115119 1
gene 3 11 766 370188 0 2015 370188 1
gene 3 766 15 -468528 0 2016 -468528 1
gene 2 2 833 -628356 0 2191 -628356 1
gene 2 833 15 -293568 0 2192 -293568 1
gene 2 766 766 -81802 1 2255 -81802 1
gene 4 10 1058 91065 0 2774 91065 1
gene 4 1058 14 542247 0 2775 542247 1
gene 3 3 1064 219745 0 2788 219745 1
gene 3 1064 13 195678 0 2789 195678 1
gene 3 190 1093 -41043 0 2873 -41043 1
gene 3 1093 224 100560 0 2874 100560 1
gene 4 10 1149 -352997 0 3020 -352997 1
gene 4 1149 1058 -274773 0 3021 -274773 1
gene 3 6 1243 1 0 3277 0 1
gene 3 1243 14 613965 0 3278 0 0
gene 1 2 1295 1 0 3411 0 1
gene 1 1295 63 800000 0 3412 0 1
gene 3 1243 1369 1 0 3602 0 1
gene 3 1369 14 613965 0 3603 0 1
gene 2 477 477 67355 1 3646 67355 1
gene 1 1058 1058 84212 1 3716 84212 1
genomeend 30


/* Organism #32 Fitness: 90.000000 Time: 0 */
/* Position #32*/
#1 x: 65 y: 18
#2 x: 60 y: 27
#3 x: 46 y: 23
#4 x: 54 y: 80
#5 x: 48 y: 75
#6 x: 43 y: 85
genomestart 32
trait 1 1.000000 0.000000 0.000000 0.000000 0.000000 0.000000 0.000000 0.000000 trait 2 48067.000000 0.000000 62481.000000 0.000000 0.000000 0.000000 26897.000000 16325.000000 trait 3 3.000000 0.000000 0.000000 0.000000 0.000000 0.000000 0.000000 0.000000 trait 4 2.000000 0.000000 18432.000000 0.000000 100000.000000 0.000000 14232.000000 0.000000 node 1 3 1 3
node 2 1 1 1
node 3 4 1 1
node 4 3 1 1
node 5 4 1 1
node 6 3 1 1
node 7 3 1 1
node 8 3 1 1
node 9 1 1 1
node 10 1 1 1
node 11 2 1 1
node 12 2 1 1
node 13 3 0 2
node 14 2 0 2
node 15 1 0 2
node 22 1 0 0
node 48 1 0 0
node 63 1 0 0
node 84 1 0 0
node 190 4 0 0
node 224 1 0 0
node 265 1 0 0
node 328 1 0 0
node 342 1 0 0
node 477 1 0 0
node 585 1 0 0
node 672 1 0 0
node 699 1 0 0
node 766 4 0 0
node 833 1 0 0
node 1058 1 0 0
node 1064 1 0 0
node 1093 1 0 0
node 1149 1 0 0
node 1243 1 0 0
node 1295 1 0 0
node 1369 1 0 0
gene 1 1 13 -188247 0 1 -188247 1
gene 1 2 13 -34575 0 2 -34575 1
gene 3 3 13 -800000 0 3 -800000 0
gene 4 4 13 578121 0 4 578121 1
gene 4 5 13 108141 0 5 108141 0
gene 1 6 13 -264594 0 6 -264594 0
gene 3 7 13 95346 0 7 95346 1
gene 3 8 13 151252 0 8 151252 1
gene 1 9 13 -661262 0 9 -661262 1
gene 4 10 13 -264076 0 10 -264076 1
gene 3 11 13 -236233 0 11 -236233 1
gene 1 12 13 800000 0 12 800000 1
gene 2 1 14 -800000 0 13 -800000 1
gene 1 2 14 334887 0 14 334887 1
gene 1 3 14 210780 0 15 210780 0
gene 2 4 14 433812 0 16 433812 1
gene 2 5 14 -409602 0 17 -409602 1
gene 3 6 14 596052 0 18 596052 0
gene 4 7 14 148181 0 19 148181 0
gene 4 8 14 -278619 0 20 -278619 1
gene 2 9 14 -83943 0 21 -83943 1
gene 4 10 14 558660 0 22 558660 0
gene 4 11 14 228625 0 23 228625 0
gene 3 12 14 -346479 0 24 -346479 1
gene 2 1 15 -377988 0 25 -377988 1
gene 2 2 15 -53102 0 26 -53102 0
gene 4 3 15 774072 0 27 774072 1
gene 4 4 15 95958 0 28 95958 1
gene 1 5 15 -351363 0 29 -351363 0
gene 4 6 15 223715 0 30 223715 1
gene 2 7 15 -222387 0 31 -222387 1
gene 4 8 15 -370864 0 32 -370864 1
gene 1 9 15 -151980 0 33 -151980 1
gene 3 10 15 -106893 0 34 -106893 1
gene 3 11 15 -308016 0 35 -308016 0
gene 2 12 15 613643 0 36 613643 1
gene 2 5 22 198266 0 50 198266 1
gene 2 22 14 -213729 0 51 -213729 1
gene 1 6 48 226431 0 108 226431 1
gene 1 48 13 120201 0 109 120201 1
gene 1 2 63 800000 0 153 800000 0
gene 1 63 13 468573 0 154 468573 1
gene 1 6 84 -704021 0 215 -704021 1
gene 1 84 14 35292 0 216 35292 1
gene 3 4 22 485514 0 283 485514 1
gene 3 12 190 -477182 0 501 -477182 1
gene 3 190 14 188784 0 502 188784 1
gene 4 13 22 56772 0 570 56772 1
gene 3 190 224 -459288 0 593 -459288 0
gene 3 224 14 800000 0 594 800000 1
gene 3 1 224 335964 0 655 335964 1
gene 1 6 265 -93147 0 700 -93147 1
gene 1 265 48 -461571 0 701 -461571 1
gene 4 84 190 -80715 0 813 -80715 1
gene 3 4 328 438369 0 869 438369 1
gene 3 328 22 187341 0 870 187341 1
gene 2 7 342 289095 0 912 289095 1
gene 2 342 15 -153 0 913 -153 1
gene 4 11 265 316890 0 1175 316890 1
gene 4 8 477 -285039 0 1261 -285039 1
gene 4 477 14 147882 0 1262 147882 1
gene 1 14 342 -138969 0 1454 -138969 1
gene 1 63 585 500854 0 1549 500854 1
gene 1 585 13 800000 0 1550 800000 1
gene 3 48 15 347787 0 1636 347787 1
gene 1 5 672 164427 0 1789 164427 1
gene 1 672 15 345057 0 1790 345057 1
gene 1 12 699 -638094 0 1853 -638094 1
gene 1 699 13 -176757 0 1854 -176757 1
gene 3 11 766 580026 0 2015 580026 1
gene 3 766 15 -398133 0 2016 -398133 1
gene 2 2 833 -355992 0 2191 -355992 1
gene 2 833 15 -526200 0 2192 -526200 1
gene 2 766 766 -81802 1 2255 -81802 1
gene 4 10 1058 168993 0 2774 168993 1
gene 4 1058 14 4131 0 2775 4131 1
gene 3 3 1064 -64356 0 2788 -64356 1
gene 3 1064 13 488166 0 2789 488166 1
gene 3 190 1093 -149712 0 2873 -149712 1
gene 3 1093 224 -174987 0 2874 -174987 1
gene 4 10 1149 -461492 0 3020 -461492 1
gene 4 1149 1058 -274773 0 3021 -274773 1
gene 3 6 1243 19696 0 3277 19696 1
gene 3 1243 14 -273195 0 3278 -273195 0
gene 1 2 1295 54165 0 3411 54165 1
gene 1 1295 63 800000 0 3412 800000 1
gene 3 1243 1369 192543 0 3602 192543 1
gene 3 1369 14 426303 0 3603 426303 1
gene 2 477 477 23750 1 3646 23750 1
gene 1 1058 1058 111479 1 3716 111479 1
genomeend 32


/* Organism #57 Fitness: 90.000000 Time: 0 */
/* Position #57*/
#1 x: 41 y: 34
#2 x: 84 y: 24
#3 x: 84 y: 22
#4 x: 47 y: 62
#5 x: 68 y: 61
#6 x: 19 y: 85
genomestart 57
trait 1 1.000000 0.000000 0.000000 0.000000 0.000000 0.000000 0.000000 0.000000 trait 2 48067.000000 0.000000 62481.000000 0.000000 0.000000 0.000000 26897.000000 16325.000000 trait 3 3.000000 0.000000 0.000000 0.000000 0.000000 0.000000 0.000000 0.000000 trait 4 2.000000 0.000000 18432.000000 0.000000 100000.000000 0.000000 14232.000000 0.000000 node 1 3 1 3
node 2 1 1 1
node 3 4 1 1
node 4 3 1 1
node 5 4 1 1
node 6 3 1 1
node 7 3 1 1
node 8 3 1 1
node 9 1 1 1
node 10 1 1 1
node 11 2 1 1
node 12 2 1 1
node 13 3 0 2
node 14 2 0 2
node 15 1 0 2
node 22 1 0 0
node 48 1 0 0
node 63 1 0 0
node 84 1 0 0
node 190 4 0 0
node 224 1 0 0
node 265 1 0 0
node 328 1 0 0
node 342 1 0 0
node 477 1 0 0
node 585 1 0 0
node 672 1 0 0
node 699 1 0 0
node 766 4 0 0
node 833 1 0 0
node 1058 1 0 0
node 1064 1 0 0
node 1093 1 0 0
node 1149 1 0 0
node 1243 1 0 0
node 1295 1 0 0
gene 1 1 13 95769 0 1 95769 1
gene 1 2 13 -199782 0 2 -199782 0
gene 3 3 13 -554781 0 3 -554781 0
gene 4 4 13 22260 0 4 22260 1
gene 4 5 13 -251436 0 5 -251436 0
gene 1 6 13 146904 0 6 146904 0
gene 3 7 13 158097 0 7 158097 1
gene 3 8 13 -129335 0 8 -129335 1
gene 1 9 13 -510923 0 9 -510923 1
gene 4 10 13 43905 0 10 43905 1
gene 3 11 13 -306514 0 11 -306514 1
gene 1 12 13 -62496 0 12 -62496 1
gene 2 1 14 -537509 0 13 -537509 1
gene 1 2 14 92085 0 14 92085 1
gene 1 3 14 232362 0 15 232362 0
gene 2 4 14 240879 0 16 240879 1
gene 2 5 14 -325455 0 17 -325455 1
gene 3 6 14 727275 0 18 727275 0
gene 4 7 14 284406 0 19 284406 0
gene 4 8 14 -297732 0 20 -297732 1
gene 2 9 14 52224 0 21 52224 1
gene 4 10 14 60315 0 22 60315 0
gene 4 11 14 534148 0 23 534148 0
gene 3 12 14 -733896 0 24 -733896 0
gene 2 1 15 -800000 0 25 -800000 1
gene 2 2 15 445540 0 26 445540 0
gene 4 3 15 449130 0 27 449130 1
gene 4 4 15 -169923 0 28 -169923 1
gene 1 5 15 -56883 0 29 -56883 0
gene 4 6 15 419450 0 30 419450 0
gene 2 7 15 -397362 0 31 -397362 1
gene 4 8 15 -35169 0 32 -35169 1
gene 1 9 15 -314385 0 33 -314385 1
gene 3 10 15 425364 0 34 425364 1
gene 3 11 15 212328 0 35 212328 0
gene 2 12 15 193530 0 36 193530 1
gene 2 5 22 563930 0 50 563930 1
gene 2 22 14 -381861 0 51 -381861 1
gene 1 6 48 48765 0 108 48765 1
gene 1 48 13 27378 0 109 27378 0
gene 1 2 63 800000 0 153 800000 0
gene 1 63 13 -19746 0 154 -19746 1
gene 1 6 84 -800000 0 215 -800000 1
gene 1 84 14 216792 0 216 216792 1
gene 3 4 22 -145257 0 283 -145257 0
gene 3 12 190 167223 0 501 167223 1
gene 3 190 14 -137265 0 502 -137265 1
gene 4 13 22 409836 0 570 409836 1
gene 3 190 224 58248 0 593 58248 0
gene 3 224 14 800000 0 594 800000 1
gene 3 1 224 407649 0 655 407649 1
gene 1 6 265 -84645 0 700 -84645 1
gene 1 265 48 -140184 0 701 -140184 1
gene 4 84 190 -137112 0 813 -137112 1
gene 3 4 328 253125 0 869 253125 1
gene 3 328 22 137712 0 870 137712 1
gene 2 7 342 -160230 0 912 -160230 1
gene 2 342 15 -261369 0 913 -261369 1
gene 4 11 265 -97659 0 1175 -97659 1
gene 4 8 477 -800000 0 1261 -800000 1
gene 4 477 14 -492345 0 1262 -492345 1
gene 1 14 342 -324552 0 1454 -324552 1
gene 1 63 585 133435 0 1549 133435 1
gene 1 585 13 581153 0 1550 581153 1
gene 3 48 15 85818 0 1636 85818 1
gene 1 5 672 154281 0 1789 154281 1
gene 1 672 15 583686 0 1790 583686 1
gene 1 12 699 203799 0 1853 203799 1
gene 1 699 13 -412779 0 1854 -412779 1
gene 3 11 766 441081 0 2015 441081 1
gene 3 766 15 164940 0 2016 164940 1
gene 2 2 833 -72783 0 2191 -72783 1
gene 2 833 15 211218 0 2192 211218 1
gene 2 766 766 -27787 1 2255 -27787 1
gene 4 10 1058 7629 0 2774 7629 0
gene 4 1058 14 93111 0 2775 93111 1
gene 3 3 1064 252549 0 2788 252549 1
gene 3 1064 13 555177 0 2789 555177 1
gene 3 190 1093 -49002 0 2873 -49002 1
gene 3 1093 224 112284 0 2874 112284 1
gene 4 10 1149 -450425 0 3020 -450425 1
gene 4 1149 1058 -106563 0 3021 -106563 1
gene 3 6 1243 172314 0 3277 172314 1
gene 3 1243 14 763827 0 3278 763827 1
gene 1 2 1295 -446958 0 3411 -446958 1
gene 1 1295 63 154809 0 3412 154809 1
gene 4 833 22 -394172 0 3534 -394172 1
gene 3 8 63 -334472 0 3688 -334472 1
gene 2 5 1243 17710 0 3833 17710 1
genomeend 57


/* Organism #69 Fitness: 140.000000 Time: 0 */
/* Position #69*/
#1 x: 34 y: 15
#2 x: 28 y: 17
#3 x: 83 y: 39
#4 x: 19 y: 71
#5 x: 73 y: 74
#6 x: 65 y: 70
genomestart 69
trait 1 1.000000 0.000000 0.000000 0.000000 0.000000 0.000000 0.000000 0.000000 trait 2 48067.000000 0.000000 62481.000000 0.000000 0.000000 0.000000 26897.000000 16325.000000 trait 3 3.000000 0.000000 0.000000 0.000000 0.000000 0.000000 0.000000 0.000000 trait 4 2.000000 0.000000 18432.000000 0.000000 100000.000000 0.000000 14232.000000 0.000000 node 1 3 1 3
node 2 1 1 1
node 3 4 1 1
node 4 3 1 1
node 5 4 1 1
node 6 3 1 1
node 7 3 1 1
node 8 3 1 1
node 9 1 1 1
node 10 1 1 1
node 11 2 1 1
node 12 2 1 1
node 13 3 0 2
node 14 2 0 2
node 15 1 0 2
node 22 1 0 0
node 48 1 0 0
node 63 1 0 0
node 84 1 0 0
node 190 4 0 0
node 224 1 0 0
node 265 1 0 0
node 328 1 0 0
node 342 1 0 0
node 477 1 0 0
node 585 1 0 0
node 672 1 0 0
node 699 1 0 0
node 766 4 0 0
node 833 1 0 0
node 1058 1 0 0
node 1064 1 0 0
node 1093 1 0 0
node 1149 1 0 0
node 1243 1 0 0
node 1295 1 0 0
node 1373 1 0 0
node 1387 1 0 0
node 1410 1 0 0
gene 1 1 13 -80916 0 1 -80916 1
gene 1 2 13 -242949 0 2 -242949 0
gene 3 3 13 -800000 0 3 -800000 0
gene 4 4 13 522489 0 4 522489 1
gene 4 5 13 195744 0 5 195744 0
gene 1 6 13 -313917 0 6 -313917 0
gene 3 7 13 219594 0 7 219594 1
gene 3 8 13 -33749 0 8 -33749 1
gene 1 9 13 -381098 0 9 -381098 1
gene 4 10 13 -554359 0 10 -554359 1
gene 3 11 13 -601909 0 11 -601909 1
gene 1 12 13 -194133 0 12 -194133 0
gene 2 1 14 -800000 0 13 -800000 1
gene 1 2 14 367764 0 14 367764 1
gene 1 3 14 325353 0 15 325353 0
gene 2 4 14 163059 0 16 163059 1
gene 2 5 14 -248928 0 17 -248928 1
gene 3 6 14 800000 0 18 800000 0
gene 4 7 14 589199 0 19 589199 0
gene 4 8 14 551631 0 20 551631 1
gene 2 9 14 -354765 0 21 -354765 1
gene 4 10 14 792627 0 22 792627 0
gene 4 11 14 213907 0 23 213907 0
gene 3 12 14 -790377 0 24 -790377 0
gene 2 1 15 -464691 0 25 -464691 1
gene 2 2 15 453013 0 26 453013 0
gene 4 3 15 626589 0 27 626589 1
gene 4 4 15 272283 0 28 272283 1
gene 1 5 15 -9795 0 29 -9795 0
gene 4 6 15 452063 0 30 452063 0
gene 2 7 15 -114078 0 31 -114078 1
gene 4 8 15 -456202 0 32 -456202 1
gene 1 9 15 -411252 0 33 -411252 1
gene 3 10 15 -304965 0 34 -304965 1
gene 3 11 15 -365868 0 35 -365868 0
gene 2 12 15 689072 0 36 689072 1
gene 2 5 22 105458 0 50 105458 1
gene 2 22 14 -168066 0 51 -168066 1
gene 1 6 48 334038 0 108 334038 1
gene 1 48 13 -80082 0 109 -80082 0
gene 1 2 63 800000 0 153 800000 0
gene 1 63 13 108138 0 154 108138 1
gene 1 6 84 -800000 0 215 -800000 1
gene 1 84 14 163677 0 216 163677 1
gene 3 4 22 455952 0 283 455952 0
gene 3 12 190 -10956 0 501 -10956 1
gene 3 190 14 -468366 0 502 -468366 1
gene 4 13 22 198861 0 570 198861 1
gene 3 190 224 260133 0 593 260133 0
gene 3 224 14 682805 0 594 682805 0
gene 3 1 224 -51771 0 655 -51771 1
gene 1 6 265 252372 0 700 252372 1
gene 1 265 48 -545610 0 701 -545610 0
gene 4 84 190 -342141 0 813 -342141 1
gene 3 4 328 344562 0 869 344562 1
gene 3 328 22 -40779 0 870 -40779 1
gene 2 7 342 59865 0 912 59865 1
gene 2 342 15 -438846 0 913 -438846 1
gene 4 11 265 -59412 0 1175 -59412 1
gene 4 8 477 -426183 0 1261 -426183 1
gene 4 477 14 103140 0 1262 103140 1
gene 1 14 342 -738228 0 1454 -738228 1
gene 1 63 585 504172 0 1549 504172 1
gene 1 585 13 570077 0 1550 570077 1
gene 3 48 15 -113919 0 1636 -113919 1
gene 1 5 672 168879 0 1789 168879 1
gene 1 672 15 322149 0 1790 322149 1
gene 1 12 699 -455670 0 1853 -455670 1
gene 1 699 13 -139326 0 1854 -139326 1
gene 3 11 766 -155898 0 2015 -155898 1
gene 3 766 15 -681615 0 2016 -681615 1
gene 2 2 833 -283350 0 2191 -283350 1
gene 2 833 15 283308 0 2192 283308 1
gene 2 766 766 74396 1 2255 74396 1
gene 4 10 1058 -174156 0 2774 -174156 0
gene 4 1058 14 -266193 0 2775 -266193 1
gene 3 3 1064 349294 0 2788 349294 1
gene 3 1064 13 364653 0 2789 364653 1
gene 3 190 1093 -327966 0 2873 -327966 1
gene 3 1093 224 145494 0 2874 145494 1
gene 4 10 1149 -333078 0 3020 -333078 1
gene 4 1149 1058 94263 0 3021 94263 1
gene 3 6 1243 -19970 0 3277 -19970 1
gene 3 1243 14 137796 0 3278 137796 1
gene 1 2 1295 -25542 0 3411 -25542 1
gene 1 1295 63 744221 0 3412 744221 0
gene 1 12 1373 1 0 3611 1 1
gene 1 1373 13 -119880 0 3612 -119880 1
gene 3 224 1387 84031 0 3650 84031 1
gene 3 1387 14 800000 0 3651 800000 1
gene 1 1295 1410 -227790 0 3714 -227790 1
gene 1 1410 63 704279 0 3715 704279 1
genomeend 69


/* Organism #70 Fitness: 90.000000 Time: 0 */
/* Position #70*/
#1 x: 24 y: 17
#2 x: 30 y: 17
#3 x: 75 y: 29
#4 x: 19 y: 78
#5 x: 82 y: 68
#6 x: 22 y: 64
genomestart 70
trait 1 1.000000 0.000000 0.000000 0.000000 0.000000 0.000000 0.000000 0.000000 trait 2 48067.000000 0.000000 62481.000000 0.000000 0.000000 0.000000 26897.000000 16325.000000 trait 3 3.000000 0.000000 0.000000 0.000000 0.000000 0.000000 0.000000 0.000000 trait 4 2.000000 0.000000 18432.000000 0.000000 100000.000000 0.000000 14232.000000 0.000000 node 1 3 1 3
node 2 1 1 1
node 3 4 1 1
node 4 3 1 1
node 5 4 1 1
node 6 3 1 1
node 7 3 1 1
node 8 3 1 1
node 9 1 1 1
node 10 1 1 1
node 11 2 1 1
node 12 2 1 1
node 13 3 0 2
node 14 2 0 2
node 15 1 0 2
node 22 1 0 0
node 48 1 0 0
node 63 1 0 0
node 84 1 0 0
node 190 4 0 0
node 224 1 0 0
node 265 1 0 0
node 328 1 0 0
node 342 1 0 0
node 477 1 0 0
node 585 1 0 0
node 672 1 0 0
node 699 1 0 0
node 766 4 0 0
node 833 1 0 0
node 1058 1 0 0
node 1064 1 0 0
node 1093 1 0 0
node 1149 1 0 0
node 1243 1 0 0
node 1379 1 0 0
node 1444 1 0 0
gene 1 1 13 -80916 0 1 -80916 1
gene 1 2 13 139962 0 2 139962 0
gene 3 3 13 -721659 0 3 -721659 0
gene 4 4 13 290538 0 4 290538 1
gene 4 5 13 110427 0 5 110427 0
gene 1 6 13 -259842 0 6 -259842 0
gene 3 7 13 220770 0 7 220770 1
gene 3 8 13 9490 0 8 9490 1
gene 1 9 13 -381098 0 9 -381098 1
gene 4 10 13 -175723 0 10 -175723 1
gene 3 11 13 -328765 0 11 -328765 1
gene 1 12 13 785108 0 12 785108 1
gene 2 1 14 -800000 0 13 -800000 1
gene 1 2 14 255192 0 14 255192 1
gene 1 3 14 158937 0 15 158937 0
gene 2 4 14 111843 0 16 111843 1
gene 2 5 14 -415158 0 17 -415158 1
gene 3 6 14 660684 0 18 660684 0
gene 4 7 14 589199 0 19 589199 0
gene 4 8 14 -327156 0 20 -327156 1
gene 2 9 14 -79653 0 21 -79653 1
gene 4 10 14 562578 0 22 562578 0
gene 4 11 14 192946 0 23 192946 0
gene 3 12 14 -543234 0 24 -543234 0
gene 2 1 15 -474525 0 25 -474525 1
gene 2 2 15 -79082 0 26 -79082 0
gene 4 3 15 544602 0 27 544602 1
gene 4 4 15 162135 0 28 162135 1
gene 1 5 15 -223506 0 29 -223506 0
gene 4 6 15 428465 0 30 428465 0
gene 2 7 15 -278775 0 31 -278775 1
gene 4 8 15 -179104 0 32 -179104 1
gene 1 9 15 -224868 0 33 -224868 1
gene 3 10 15 -154251 0 34 -154251 1
gene 3 11 15 -104655 0 35 -104655 0
gene 2 12 15 685601 0 36 685601 1
gene 2 5 22 331877 0 50 331877 1
gene 2 22 14 -84666 0 51 -84666 1
gene 1 6 48 334038 0 108 334038 1
gene 1 48 13 -124434 0 109 -124434 0
gene 1 2 63 800000 0 153 800000 0
gene 1 63 13 206004 0 154 206004 1
gene 1 6 84 -536444 0 215 -536444 1
gene 1 84 14 155151 0 216 155151 1
gene 3 4 22 425103 0 283 425103 0
gene 3 12 190 -273314 0 501 -273314 0
gene 3 190 14 6288 0 502 6288 1
gene 4 13 22 105477 0 570 105477 1
gene 3 190 224 -228768 0 593 -228768 0
gene 3 224 14 800000 0 594 800000 0
gene 3 1 224 449481 0 655 449481 1
gene 1 6 265 147366 0 700 147366 1
gene 1 265 48 -283749 0 701 -283749 1
gene 4 84 190 -19737 0 813 -19737 1
gene 3 4 328 235563 0 869 235563 1
gene 3 328 22 218811 0 870 218811 1
gene 2 7 342 59865 0 912 59865 1
gene 2 342 15 -231390 0 913 -231390 1
gene 4 11 265 -58383 0 1175 -58383 1
gene 4 8 477 -580656 0 1261 -580656 1
gene 4 477 14 36933 0 1262 36933 1
gene 1 14 342 -409524 0 1454 -409524 1
gene 1 63 585 455443 0 1549 455443 1
gene 1 585 13 800000 0 1550 800000 1
gene 3 48 15 473178 0 1636 473178 1
gene 1 5 672 204183 0 1789 204183 1
gene 1 672 15 202389 0 1790 202389 1
gene 1 12 699 -683019 0 1853 -683019 1
gene 1 699 13 154875 0 1854 154875 0
gene 3 11 766 143724 0 2015 143724 1
gene 3 766 15 -470547 0 2016 -470547 1
gene 2 2 833 -800000 0 2191 -800000 1
gene 2 833 15 -9171 0 2192 -9171 1
gene 2 766 766 -81802 1 2255 -81802 1
gene 4 10 1058 -204006 0 2774 -204006 0
gene 4 1058 14 516003 0 2775 516003 1
gene 3 3 1064 219745 0 2788 219745 1
gene 3 1064 13 195678 0 2789 195678 1
gene 3 190 1093 -86271 0 2873 -86271 1
gene 3 1093 224 100560 0 2874 100560 1
gene 4 10 1149 -262248 0 3020 -262248 1
gene 4 1149 1058 -116040 0 3021 -116040 1
gene 3 6 1243 1 0 3277 0 1
gene 3 1243 14 361731 0 3278 361731 1
gene 4 7 699 -3636 0 3338 -3636 1
gene 1 22 265 21701 0 3410 21701 1
gene 1 699 1379 1 0 3626 0 1
gene 1 1379 13 -115119 0 3627 0 1
gene 4 699 1058 -8461 0 3760 -8461 1
gene 3 12 1444 1 0 3808 0 1
gene 3 1444 190 -273314 0 3809 0 1
genomeend 70


/* Organism #76 Fitness: 90.000000 Time: 0 */
/* Position #76*/
#1 x: 18 y: 27
#2 x: 61 y: 19
#3 x: 32 y: 22
#4 x: 62 y: 61
#5 x: 18 y: 73
#6 x: 32 y: 83
genomestart 76
trait 1 1.000000 0.000000 0.000000 0.000000 0.000000 0.000000 0.000000 0.000000 trait 2 48067.000000 0.000000 62481.000000 0.000000 0.000000 0.000000 26897.000000 16325.000000 trait 3 3.000000 0.000000 0.000000 0.000000 0.000000 0.000000 0.000000 0.000000 trait 4 1.000000 0.000000 59216.000000 31449.000000 63504.000000 0.000000 14232.000000 36678.000000 node 1 3 1 3
node 2 1 1 1
node 3 4 1 1
node 4 3 1 1
node 5 4 1 1
node 6 3 1 1
node 7 3 1 1
node 8 3 1 1
node 9 1 1 1
node 10 1 1 1
node 11 2 1 1
node 12 2 1 1
node 13 3 0 2
node 14 2 0 2
node 15 1 0 2
node 22 1 0 0
node 48 1 0 0
node 63 1 0 0
node 84 1 0 0
node 190 4 0 0
node 224 1 0 0
node 265 1 0 0
node 328 1 0 0
node 342 1 0 0
node 477 1 0 0
node 585 1 0 0
node 672 1 0 0
node 699 1 0 0
node 766 1 0 0
node 833 1 0 0
node 1058 1 0 0
node 1064 1 0 0
node 1093 1 0 0
node 1149 1 0 0
node 1243 1 0 0
node 1379 1 0 0
gene 1 1 13 11634 0 1 11634 1
gene 1 2 13 -154224 0 2 -154224 1
gene 3 3 13 -749046 0 3 -749046 1
gene 4 4 13 255765 0 4 255765 1
gene 4 5 13 85606 0 5 85606 0
gene 1 6 13 -121365 0 6 -121365 0
gene 3 7 13 -86709 0 7 -86709 1
gene 3 8 13 14119 0 8 14119 1
gene 1 9 13 -305245 0 9 -305245 1
gene 4 10 13 -216434 0 10 -216434 1
gene 3 11 13 -234415 0 11 -234415 1
gene 1 12 13 695295 0 12 695295 1
gene 2 1 14 -651221 0 13 -651221 1
gene 1 2 14 -17922 0 14 -17922 1
gene 1 3 14 -119470 0 15 -119470 0
gene 2 4 14 470667 0 16 470667 1
gene 2 5 14 41467 0 17 41467 1
gene 3 6 14 564325 0 18 564325 1
gene 4 7 14 278857 0 19 278857 0
gene 4 8 14 -341221 0 20 -341221 1
gene 2 9 14 -107575 0 21 -107575 1
gene 4 10 14 359415 0 22 359415 0
gene 4 11 14 131326 0 23 131326 0
gene 3 12 14 -238620 0 24 -238620 0
gene 2 1 15 -275670 0 25 -275670 1
gene 2 2 15 -134931 0 26 -134931 0
gene 4 3 15 410551 0 27 410551 1
gene 4 4 15 201144 0 28 201144 1
gene 1 5 15 -327999 0 29 -327999 0
gene 4 6 15 118445 0 30 118445 0
gene 2 7 15 -25315 0 31 -25315 1
gene 4 8 15 -444817 0 32 -444817 1
gene 1 9 15 39930 0 33 39930 1
gene 3 10 15 51376 0 34 51376 1
gene 3 11 15 -33705 0 35 -33705 0
gene 2 12 15 709449 0 36 709449 1
gene 2 5 22 -155099 0 50 -155099 1
gene 2 22 14 -19108 0 51 -19108 1
gene 1 6 48 196791 0 108 196791 1
gene 1 48 13 109669 0 109 109669 0
gene 1 2 63 722529 0 153 722529 1
gene 1 63 13 226150 0 154 226150 1
gene 1 6 84 -376243 0 215 -376243 1
gene 1 84 14 157452 0 216 157452 1
gene 3 4 22 269719 0 283 269719 0
gene 3 12 190 -228392 0 501 -228392 1
gene 3 190 14 -30663 0 502 -30663 1
gene 4 13 22 47544 0 570 47544 1
gene 3 190 224 -273651 0 593 -273651 0
gene 3 224 14 439918 0 594 439918 1
gene 3 1 224 431169 0 655 431169 1
gene 1 6 265 266083 0 700 266083 0
gene 1 265 48 -106614 0 701 -106614 1
gene 4 84 190 200119 0 813 200119 1
gene 3 4 328 93199 0 869 93199 1
gene 3 328 22 173445 0 870 173445 1
gene 2 7 342 132457 0 912 132457 1
gene 2 342 15 -75133 0 913 -75133 1
gene 4 11 265 -219921 0 1175 -219921 1
gene 4 8 477 -244428 0 1261 -244428 1
gene 4 477 14 -1713 0 1262 -1713 1
gene 1 14 342 -411396 0 1454 -411396 1
gene 1 63 585 329527 0 1549 329527 1
gene 1 585 13 634100 0 1550 634100 1
gene 3 48 15 505711 0 1636 505711 1
gene 1 5 672 358014 0 1789 358014 0
gene 1 672 15 -162942 0 1790 -162942 1
gene 1 12 699 -704542 0 1853 -704542 1
gene 1 699 13 -440800 0 1854 -440800 0
gene 3 11 766 120070 0 2015 120070 1
gene 3 766 15 -15009 0 2016 -15009 1
gene 2 2 833 -367639 0 2191 -367639 1
gene 2 833 15 -186742 0 2192 -186742 0
gene 2 766 766 -107755 1 2255 -107755 1
gene 4 10 1058 -17674 0 2774 -17674 1
gene 4 1058 14 512865 0 2775 512865 1
gene 3 3 1064 112735 0 2788 112735 1
gene 3 1064 13 -191056 0 2789 -191056 1
gene 3 190 1093 -25247 0 2873 -25247 1
gene 3 1093 224 -105903 0 2874 -105903 1
gene 4 10 1149 -352997 0 3020 -352997 1
gene 4 1149 1058 -274773 0 3021 -274773 1
gene 3 6 1243 1 0 3277 0 1
gene 3 1243 14 613965 0 3278 0 1
gene 4 7 699 -3636 0 3338 -3636 1
gene 1 22 265 21701 0 3410 21701 1
gene 1 699 1379 1 0 3626 0 1
gene 1 1379 13 -115119 0 3627 0 1
gene 4 699 1058 -8461 0 3760 -8461 1
gene 4 2 190 86571 0 3818 86571 1
genomeend 76


