/* Organism #2 Fitness: 360.000000 Time: 0 */
/* Position #2*/
#1 x: 41 y: 28
#2 x: 28 y: 17
#3 x: 49 y: 26
#4 x: 47 y: 60
#5 x: 21 y: 71
#6 x: 28 y: 64
genomestart 2
trait 1 43007.000000 16300.000000 6994.000000 28041.000000 57524.000000 37112.000000 87908.000000 80535.000000 trait 2 30533.000000 24215.000000 70868.000000 0.000000 0.000000 0.000000 0.000000 18399.000000 trait 3 0.000000 83419.000000 0.000000 65858.000000 0.000000 0.000000 100000.000000 41343.000000 trait 4 26570.000000 0.000000 0.000000 0.000000 0.000000 76740.000000 100000.000000 100000.000000 node 1 4 1 3
node 2 4 1 1
node 3 1 1 1
node 4 1 1 1
node 5 1 1 1
node 6 2 1 1
node 7 4 1 1
node 8 4 1 1
node 9 2 1 1
node 10 1 1 1
node 11 2 1 1
node 12 4 1 1
node 13 2 0 2
node 14 1 0 2
node 15 3 0 2
node 121 1 0 0
node 235 1 0 0
node 384 1 0 0
node 420 1 0 0
node 433 1 0 0
node 461 1 0 0
node 500 1 0 0
node 516 1 0 0
node 697 3 0 0
node 1018 1 0 0
node 1130 1 0 0
node 1323 3 0 0
node 1393 1 0 0
node 1479 1 0 0
node 1531 3 0 0
node 1683 1 0 0
node 1735 1 0 0
node 1875 1 0 0
node 2034 1 0 0
node 2142 1 0 0
node 2172 1 0 0
node 2206 1 0 0
node 2313 1 0 0
node 2332 1 0 0
node 2368 4 0 0
node 2491 1 0 0
node 2512 1 0 0
node 2530 1 0 0
node 2547 1 0 0
node 2692 1 0 0
node 2786 1 0 0
node 2912 1 0 0
node 3009 1 0 0
node 3109 1 0 0
node 3157 1 0 0
node 3182 1 0 0
node 3270 1 0 0
node 3412 1 0 0
node 3599 3 0 0
node 3689 1 0 0
node 3780 1 0 0
node 3804 1 0 0
node 3853 1 0 0
gene 2 1 13 -124317 0 1 -124317 1
gene 3 2 13 -483227 0 2 -483227 1
gene 2 3 13 177747 0 3 177747 1
gene 3 4 13 -211359 0 4 -211359 1
gene 2 5 13 51549 0 5 51549 0
gene 4 6 13 -185151 0 6 -185151 1
gene 3 7 13 435939 0 7 435939 1
gene 2 8 13 673683 0 8 673683 0
gene 3 9 13 -137487 0 9 -137487 1
gene 2 10 13 -800000 0 10 -800000 0
gene 2 11 13 800000 0 11 800000 0
gene 4 12 13 -57660 0 12 -57660 1
gene 2 1 14 173409 0 13 173409 1
gene 2 2 14 422280 0 14 422280 1
gene 4 3 14 800000 0 15 800000 0
gene 4 4 14 147606 0 16 147606 0
gene 4 5 14 -404328 0 17 -404328 1
gene 3 6 14 197613 0 18 197613 0
gene 2 7 14 407313 0 19 407313 1
gene 1 8 14 529275 0 20 529275 0
gene 3 9 14 -604832 0 21 -604832 1
gene 1 10 14 -655596 0 22 -655596 0
gene 1 11 14 32511 0 23 32511 1
gene 4 12 14 -87480 0 24 -87480 1
gene 3 1 15 303624 0 25 303624 1
gene 3 2 15 -679575 0 26 -679575 1
gene 3 3 15 595539 0 27 595539 0
gene 3 4 15 797948 0 28 797948 1
gene 3 5 15 -388557 0 29 -388557 1
gene 1 6 15 342747 0 30 342747 1
gene 3 7 15 498507 0 31 498507 1
gene 3 8 15 679364 0 32 679364 1
gene 3 9 15 -240834 0 33 -240834 1
gene 3 10 15 138176 0 34 138176 0
gene 2 11 15 -481518 0 35 -481518 1
gene 4 12 15 437196 0 36 437196 0
gene 4 15 15 427479 1 174 427479 0
gene 3 8 121 338103 0 329 338103 0
gene 3 121 15 114804 0 330 114804 1
gene 2 5 121 19743 0 438 19743 0
gene 2 7 121 174678 0 483 174678 0
gene 4 4 235 646322 0 666 646322 1
gene 4 235 14 -520182 0 667 -520182 1
gene 1 1 235 -59541 0 753 -59541 1
gene 3 9 235 596624 0 1108 596624 1
gene 3 10 384 -638157 0 1126 -638157 1
gene 3 384 15 192183 0 1127 192183 1
gene 2 14 14 -340053 1 1197 -340053 1
gene 3 7 420 800000 0 1239 800000 0
gene 3 420 15 -155736 0 1240 -155736 0
gene 3 2 433 27606 0 1284 27606 1
gene 3 433 13 444213 0 1285 444213 1
gene 4 3 461 -526386 0 1352 -526386 1
gene 4 461 14 -623546 0 1353 -623546 1
gene 4 15 500 -765621 1 1453 -765621 1
gene 4 500 15 526869 0 1454 526869 0
gene 1 8 516 203787 0 1500 203787 1
gene 1 516 14 450075 0 1501 450075 1
gene 1 384 121 391617 0 1548 391617 1
gene 2 8 461 235173 0 1965 235173 1
gene 3 3 697 162600 0 2038 162600 0
gene 3 697 15 111582 0 2039 111582 1
gene 2 1 500 -267744 0 2133 -267744 1
gene 1 3 433 -663375 0 2628 -663375 1
gene 1 516 516 -405858 1 2664 -405858 0
gene 3 8 1018 294030 0 2997 294030 1
gene 3 1018 121 -107961 0 2998 -107961 0
gene 3 15 433 -55887 0 3156 -55887 1
gene 1 10 1130 513683 0 3329 513683 1
gene 1 1130 14 76671 0 3330 76671 1
gene 3 500 697 239220 0 3371 239220 1
gene 2 3 516 154488 0 3603 154488 1
gene 2 9 1323 -635463 0 3885 -635463 0
gene 2 1323 14 188292 0 3886 188292 0
gene 2 121 420 -103956 0 3959 -103956 1
gene 2 8 1393 221408 0 4093 221408 1
gene 2 1393 13 682896 0 4094 682896 1
gene 1 11 1479 410244 0 4325 410244 1
gene 1 1479 14 -327872 0 4326 -327872 1
gene 4 12 1531 52971 0 4477 52971 1
gene 4 1531 15 -189699 0 4478 -189699 1
gene 3 1393 433 150171 0 4734 150171 1
gene 2 1323 1683 122628 0 4950 122628 1
gene 2 1683 14 300308 0 4951 300308 1
gene 3 6 1735 359343 0 5103 359343 1
gene 3 1735 14 -97908 0 5104 -97908 0
gene 1 5 516 116466 0 5346 116466 1
gene 1 516 433 107709 0 5443 107709 1
gene 3 2 1875 406262 0 5505 406262 1
gene 3 1875 433 228540 0 5506 228540 1
gene 1 1683 461 -103548 0 5687 -103548 1
gene 1 516 121 699723 0 5877 699723 1
gene 3 3 2034 514017 0 5939 514017 1
gene 3 2034 697 586352 0 5940 586352 1
gene 3 5 1479 -581307 0 6157 -581307 1
gene 3 7 2142 -627738 0 6248 -627738 1
gene 3 2142 420 -800000 0 6249 -800000 1
gene 3 420 2172 438012 0 6332 438012 1
gene 3 2172 15 474966 0 6333 474966 1
gene 2 1735 1735 197649 1 6388 197649 1
gene 2 8 2206 595856 0 6436 595856 1
gene 2 2206 1393 738558 0 6437 738558 1
gene 2 121 2313 -143232 0 6747 -143232 1
gene 2 2313 420 15762 0 6748 15762 1
gene 2 9 2332 800000 0 6797 800000 1
gene 2 2332 1323 -18864 0 6798 -18864 1
gene 4 1323 2034 627453 0 6848 627453 1
gene 2 7 2368 -671880 0 6897 -671880 1
gene 2 2368 121 127527 0 6898 127527 1
gene 2 384 1531 309930 0 7018 309930 1
gene 2 2142 1018 -77631 0 7205 -77631 0
gene 3 2206 2034 703224 0 7245 703224 1
gene 2 7 2491 122145 0 7283 122145 0
gene 2 2491 2368 -546110 0 7284 -546110 1
gene 2 5 2512 602358 0 7337 602358 1
gene 2 2512 13 -537692 0 7338 -537692 1
gene 2 10 2530 -187869 0 7387 -187869 1
gene 2 2530 13 407073 0 7388 407073 1
gene 3 9 2547 -480099 0 7440 -480099 1
gene 3 2547 13 260777 0 7441 260777 1
gene 2 2530 1479 607035 0 7594 607035 1
gene 1 1479 2692 -105305 0 7856 -105305 1
gene 1 2692 14 508083 0 7857 508083 1
gene 3 4 1130 493575 0 7980 493575 1
gene 4 3 2786 340449 0 8132 340449 1
gene 4 2786 14 12849 0 8133 12849 1
gene 4 2547 1735 -308640 0 8311 -308640 1
gene 3 2692 461 620073 0 8358 620073 1
gene 4 500 2912 41394 0 8507 41394 1
gene 1 2912 15 -383970 0 8508 -383970 0
gene 1 2912 1130 -473739 0 8750 -473739 1
gene 2 2142 3009 -290271 0 8799 -290271 0
gene 2 3009 1018 -189810 0 8800 -189810 1
gene 3 2034 2034 260862 1 8851 260862 1
gene 3 3 3109 -199185 0 9107 -199185 1
gene 3 3109 697 81843 0 9108 81843 1
gene 1 2912 3157 260940 0 9248 260940 1
gene 1 3157 15 509181 0 9249 509181 1
gene 3 2530 121 -116910 0 9284 -116910 0
gene 1 516 3182 -383106 1 9328 -383106 1
gene 1 3182 516 -427029 0 9329 -427029 1
gene 1 2491 1531 298506 0 9377 298506 1
gene 3 2530 3270 -39414 0 9577 -39414 1
gene 3 3270 121 -311727 0 9578 -311727 1
gene 4 2512 2512 -92118 1 9707 -92118 1
gene 4 1683 1393 635619 0 9807 635619 1
gene 2 2142 3412 34857 0 10015 34857 1
gene 2 3412 3009 -53280 0 10016 -53280 1
gene 1 1 2034 -25194 0 10265 -25194 1
gene 1 3412 3412 -559528 1 10366 -559528 1
gene 2 500 2332 -5946 0 10431 -5946 1
gene 3 1735 3599 73923 0 10574 73923 1
gene 3 3599 14 -482658 0 10575 -482658 1
gene 2 5 3689 41418 0 10856 41418 1
gene 2 3689 121 307575 0 10857 307575 1
gene 4 6 697 -163302 0 10959 -163302 1
gene 1 10 3780 74277 0 11133 74277 1
gene 1 3780 14 64392 0 11134 64392 1
gene 2 7 3804 -206346 0 11201 -206346 1
gene 2 3804 2491 70302 0 11202 70302 1
gene 2 11 3853 168295 0 11335 168295 1
gene 2 3853 13 186609 0 11336 186609 1
gene 2 1479 1735 -295563 0 11428 -295563 1
genomeend 2


/* Organism #18 Fitness: 380.000000 Time: 0 */
/* Position #18*/
#1 x: 70 y: 25
#2 x: 54 y: 23
#3 x: 60 y: 15
#4 x: 43 y: 81
#5 x: 63 y: 79
#6 x: 60 y: 77
genomestart 18
trait 1 43007.000000 16300.000000 6994.000000 28041.000000 57524.000000 37112.000000 87908.000000 80535.000000 trait 2 49209.000000 59812.000000 19254.000000 89259.000000 0.000000 0.000000 50358.000000 23911.000000 trait 3 0.000000 0.000000 0.000000 51304.000000 0.000000 13538.000000 70969.000000 30146.000000 trait 4 4.000000 0.000000 0.000000 36940.000000 0.000000 0.000000 43316.000000 37957.000000 node 1 4 1 3
node 2 4 1 1
node 3 1 1 1
node 4 1 1 1
node 5 1 1 1
node 6 2 1 1
node 7 4 1 1
node 8 4 1 1
node 9 2 1 1
node 10 1 1 1
node 11 2 1 1
node 12 4 1 1
node 13 2 0 2
node 14 1 0 2
node 15 3 0 2
node 121 1 0 0
node 235 1 0 0
node 384 1 0 0
node 420 1 0 0
node 433 1 0 0
node 461 1 0 0
node 500 1 0 0
node 516 1 0 0
node 697 3 0 0
node 1018 1 0 0
node 1130 1 0 0
node 1323 3 0 0
node 1393 1 0 0
node 1479 1 0 0
node 1531 4 0 0
node 1683 1 0 0
node 1735 1 0 0
node 1875 1 0 0
node 2034 1 0 0
node 2142 1 0 0
node 2172 1 0 0
node 2206 1 0 0
node 2313 1 0 0
node 2332 1 0 0
node 2368 3 0 0
node 2491 1 0 0
node 2512 1 0 0
node 2530 1 0 0
node 2547 1 0 0
node 2692 1 0 0
node 2786 1 0 0
node 2915 1 0 0
node 3042 1 0 0
node 3079 1 0 0
node 3409 1 0 0
node 3527 1 0 0
node 3557 1 0 0
node 3610 1 0 0
node 3642 1 0 0
node 3829 1 0 0
node 3902 1 0 0
gene 2 1 13 -15135 0 1 -15135 1
gene 3 2 13 -508695 0 2 -508695 1
gene 2 3 13 184167 0 3 184167 0
gene 3 4 13 76446 0 4 76446 1
gene 2 5 13 198870 0 5 198870 0
gene 4 6 13 -188601 0 6 -188601 1
gene 3 7 13 139083 0 7 139083 1
gene 2 8 13 -536694 0 8 -536694 0
gene 3 9 13 524331 0 9 524331 1
gene 2 10 13 231276 0 10 231276 0
gene 2 11 13 -702033 0 11 -702033 1
gene 4 12 13 -487797 0 12 -487797 1
gene 2 1 14 478005 0 13 478005 1
gene 2 2 14 -643235 0 14 -643235 1
gene 4 3 14 260532 0 15 260532 1
gene 4 4 14 -776756 0 16 -776756 1
gene 4 5 14 600677 0 17 600677 1
gene 3 6 14 74661 0 18 74661 0
gene 2 7 14 260912 0 19 260912 1
gene 1 8 14 -246906 0 20 -246906 0
gene 3 9 14 -180993 0 21 -180993 1
gene 1 10 14 -292857 0 22 -292857 1
gene 1 11 14 -148932 0 23 -148932 1
gene 3 12 14 73488 0 24 73488 1
gene 3 1 15 -533118 0 25 -533118 1
gene 3 2 15 208539 0 26 208539 1
gene 3 3 15 620676 0 27 620676 0
gene 3 4 15 486189 0 28 486189 1
gene 3 5 15 -390300 0 29 -390300 1
gene 1 6 15 109950 0 30 109950 1
gene 3 7 15 134247 0 31 134247 1
gene 3 8 15 55449 0 32 55449 1
gene 3 9 15 400188 0 33 400188 1
gene 3 10 15 -604301 0 34 -604301 1
gene 2 11 15 -313977 0 35 -313977 1
gene 4 12 15 -800000 0 36 -800000 1
gene 4 15 15 26553 1 174 26553 1
gene 3 8 121 -800000 0 329 -800000 1
gene 3 121 15 -154617 0 330 -154617 1
gene 2 5 121 -388794 0 438 -388794 0
gene 2 7 121 -179589 0 483 -179589 0
gene 4 4 235 406935 0 666 406935 1
gene 4 235 14 -346266 0 667 -346266 1
gene 1 1 235 -161205 0 753 -161205 1
gene 3 9 235 95064 0 1108 95064 1
gene 3 10 384 -800000 0 1126 -800000 1
gene 3 384 15 612567 0 1127 612567 1
gene 2 14 14 342450 1 1197 342450 1
gene 3 7 420 78177 0 1239 78177 0
gene 3 420 15 800000 0 1240 800000 0
gene 3 2 433 -110514 0 1284 -110514 1
gene 3 433 13 -79974 0 1285 -79974 1
gene 4 3 461 229512 0 1352 229512 1
gene 4 461 14 -648081 0 1353 -648081 1
gene 4 15 500 -494898 1 1453 -494898 1
gene 4 500 15 -267849 0 1454 -267849 1
gene 1 8 516 -518295 0 1500 -518295 1
gene 1 516 14 -314478 0 1501 -314478 1
gene 1 384 121 -463392 0 1548 -463392 1
gene 2 8 461 340518 0 1965 340518 1
gene 3 3 697 243231 0 2038 243231 1
gene 3 697 15 -276363 0 2039 -276363 1
gene 2 1 500 800000 0 2133 800000 1
gene 1 3 433 -167508 0 2628 -167508 1
gene 1 516 516 428292 1 2664 428292 1
gene 3 8 1018 512049 0 2997 512049 1
gene 3 1018 121 91008 0 2998 91008 0
gene 3 15 433 595728 0 3156 595728 0
gene 1 10 1130 -222606 0 3329 -222606 1
gene 1 1130 14 262206 0 3330 262206 1
gene 3 500 697 -132855 0 3371 -132855 1
gene 2 3 516 -479013 0 3603 -479013 0
gene 2 9 1323 158268 0 3885 158268 0
gene 2 1323 14 189993 0 3886 189993 0
gene 2 121 420 235428 0 3959 235428 1
gene 2 8 1393 295329 0 4093 295329 1
gene 2 1393 13 -154668 0 4094 -154668 1
gene 1 11 1479 492435 0 4325 492435 0
gene 1 1479 14 -344271 0 4326 -344271 1
gene 4 12 1531 65748 0 4477 65748 1
gene 4 1531 15 270192 0 4478 270192 1
gene 3 1393 433 522177 0 4734 522177 1
gene 2 1323 1683 579462 0 4950 579462 1
gene 2 1683 14 135798 0 4951 135798 1
gene 3 6 1735 74298 0 5103 74298 1
gene 3 1735 14 -356997 0 5104 -356997 1
gene 1 5 516 -800000 0 5346 -800000 1
gene 1 516 433 412017 0 5443 412017 1
gene 3 2 1875 -158532 0 5505 -158532 1
gene 3 1875 433 60504 0 5506 60504 1
gene 1 1683 461 -800000 0 5687 -800000 1
gene 1 516 121 -794327 0 5877 -794327 1
gene 3 3 2034 174075 0 5939 174075 1
gene 3 2034 697 466356 0 5940 466356 1
gene 3 5 1479 -419073 0 6157 -419073 1
gene 3 7 2142 167034 0 6248 167034 1
gene 3 2142 420 -413370 0 6249 -413370 1
gene 3 420 2172 -613407 0 6332 -613407 1
gene 3 2172 15 -453930 0 6333 -453930 1
gene 2 1735 1735 -800000 1 6388 -800000 1
gene 2 8 2206 326427 0 6436 326427 1
gene 2 2206 1393 -163839 0 6437 -163839 1
gene 2 121 2313 -800000 0 6747 -800000 1
gene 2 2313 420 -510912 0 6748 -510912 1
gene 2 9 2332 489123 0 6797 489123 1
gene 2 2332 1323 403941 0 6798 403941 1
gene 4 1323 2034 -493689 0 6848 -493689 1
gene 2 7 2368 56886 0 6897 56886 0
gene 2 2368 121 590034 0 6898 590034 1
gene 2 384 1531 672096 0 7018 672096 0
gene 2 2142 1018 -232389 0 7205 -232389 1
gene 3 2206 2034 -534492 0 7245 -534492 1
gene 2 7 2491 -556754 0 7283 -556754 1
gene 2 2491 2368 -384879 0 7284 -384879 1
gene 2 5 2512 -508116 0 7337 -508116 1
gene 2 2512 13 353898 0 7338 353898 1
gene 2 10 2530 191673 0 7387 191673 1
gene 2 2530 13 -158682 0 7388 -158682 1
gene 3 9 2547 -324849 0 7440 -324849 1
gene 3 2547 13 425928 0 7441 425928 1
gene 2 2530 1479 154137 0 7594 154137 1
gene 1 1479 2692 335847 0 7856 335847 0
gene 1 2692 14 1806 0 7857 1806 1
gene 3 4 1130 -453426 0 7980 -453426 1
gene 4 3 2786 -427014 0 8132 -427014 1
gene 4 2786 14 63798 0 8133 63798 1
gene 3 384 384 -371988 1 8429 -371988 1
gene 2 3 2915 426105 0 8516 426105 1
gene 2 2915 516 -462321 0 8517 -462321 1
gene 4 433 433 -267708 1 8562 -267708 1
gene 2 2547 1479 328578 0 8709 328578 0
gene 3 2206 1683 -33546 0 8777 -33546 1
gene 2 5 3042 -396480 0 8890 -396480 1
gene 2 3042 121 -425166 0 8891 -425166 1
gene 1 1479 3079 127116 0 9004 127116 1
gene 1 3079 2692 283155 0 9005 283155 1
gene 4 516 2547 -380010 0 9030 -380010 1
gene 3 1875 2915 740457 0 9219 740457 1
gene 2 2 420 -291035 0 9364 -291035 1
gene 2 1735 1531 117408 0 9549 117408 1
gene 4 9 697 517506 0 9875 517506 1
gene 4 12 2786 -178995 0 9948 -178995 1
gene 2 2547 3409 669930 0 10007 669930 1
gene 2 3409 1479 -414 0 10008 -414 1
gene 2 8 500 -218739 0 10064 -218739 1
gene 2 3 3527 70563 0 10362 70563 1
gene 2 3527 13 -297072 0 10363 -297072 1
gene 3 500 500 68139 1 10410 68139 1
gene 2 384 3557 -20859 0 10455 -20859 1
gene 2 3557 1531 -536094 0 10456 -536094 1
gene 1 2491 1018 -452088 0 10493 -452088 1
gene 2 7 3610 521523 0 10603 521523 1
gene 2 3610 2368 -355113 0 10604 -355113 1
gene 1 2142 2142 -215610 1 10644 -215610 1
gene 3 15 3642 34578 0 10707 34578 1
gene 3 3642 433 191307 0 10708 191307 1
gene 3 2313 15 -32922 0 10762 -32922 1
gene 2 2332 1875 638013 0 11004 638013 1
gene 1 11 3829 -231647 0 11269 -231647 1
gene 1 3829 1479 372750 0 11270 372750 1
gene 4 1531 3642 -4524 0 11366 -4524 1
gene 3 420 1683 -60881 0 11446 -60881 1
gene 2 1323 3902 1 0 11497 0 1
gene 2 3902 14 189993 0 11498 0 1
genomeend 18


/* Organism #22 Fitness: 240.000000 Time: 0 */
/* Position #22*/
#1 x: 61 y: 25
#2 x: 48 y: 30
#3 x: 55 y: 25
#4 x: 46 y: 67
#5 x: 71 y: 84
#6 x: 74 y: 73
genomestart 22
trait 1 43007.000000 16300.000000 6994.000000 28041.000000 57524.000000 37112.000000 87908.000000 80535.000000 trait 2 0.000000 43855.000000 80776.000000 57306.000000 51940.000000 72099.000000 71226.000000 23911.000000 trait 3 0.000000 0.000000 0.000000 51304.000000 0.000000 13538.000000 70969.000000 30146.000000 trait 4 4.000000 0.000000 0.000000 36940.000000 0.000000 0.000000 43316.000000 37957.000000 node 1 4 1 3
node 2 4 1 1
node 3 1 1 1
node 4 1 1 1
node 5 1 1 1
node 6 2 1 1
node 7 4 1 1
node 8 4 1 1
node 9 2 1 1
node 10 1 1 1
node 11 2 1 1
node 12 4 1 1
node 13 2 0 2
node 14 1 0 2
node 15 3 0 2
node 121 1 0 0
node 235 1 0 0
node 384 1 0 0
node 420 1 0 0
node 433 1 0 0
node 461 1 0 0
node 500 1 0 0
node 516 1 0 0
node 697 3 0 0
node 1018 1 0 0
node 1130 1 0 0
node 1323 3 0 0
node 1393 1 0 0
node 1479 1 0 0
node 1531 4 0 0
node 1683 1 0 0
node 1735 1 0 0
node 1875 1 0 0
node 2034 1 0 0
node 2142 1 0 0
node 2172 1 0 0
node 2206 1 0 0
node 2313 1 0 0
node 2332 1 0 0
node 2368 3 0 0
node 2491 1 0 0
node 2512 1 0 0
node 2530 1 0 0
node 2547 1 0 0
node 2692 1 0 0
node 2786 1 0 0
node 2915 1 0 0
node 3042 1 0 0
node 3079 1 0 0
node 3409 1 0 0
node 3527 1 0 0
node 3557 1 0 0
node 3610 1 0 0
node 3642 1 0 0
gene 2 1 13 -186348 0 1 -186348 1
gene 3 2 13 -167784 0 2 -167784 1
gene 2 3 13 -187527 0 3 -187527 0
gene 3 4 13 -99180 0 4 -99180 1
gene 2 5 13 -151242 0 5 -151242 0
gene 4 6 13 168771 0 6 168771 1
gene 3 7 13 -113934 0 7 -113934 1
gene 2 8 13 -681650 0 8 -681650 0
gene 3 9 13 254796 0 9 254796 1
gene 2 10 13 -20424 0 10 -20424 0
gene 2 11 13 205152 0 11 205152 1
gene 4 12 13 -26904 0 12 -26904 1
gene 2 1 14 -295608 0 13 -295608 1
gene 2 2 14 -139128 0 14 -139128 1
gene 4 3 14 70902 0 15 70902 1
gene 4 4 14 64071 0 16 64071 1
gene 4 5 14 800000 0 17 800000 1
gene 3 6 14 -608948 0 18 -608948 0
gene 2 7 14 -199749 0 19 -199749 1
gene 1 8 14 -387192 0 20 -387192 0
gene 3 9 14 -16359 0 21 -16359 1
gene 1 10 14 156420 0 22 156420 1
gene 1 11 14 246468 0 23 246468 1
gene 3 12 14 332415 0 24 332415 1
gene 3 1 15 -800000 0 25 -800000 1
gene 3 2 15 -248778 0 26 -248778 1
gene 3 3 15 107733 0 27 107733 0
gene 3 4 15 79629 0 28 79629 1
gene 3 5 15 255138 0 29 255138 1
gene 1 6 15 -128223 0 30 -128223 1
gene 3 7 15 194526 0 31 194526 1
gene 3 8 15 -210414 0 32 -210414 1
gene 3 9 15 113634 0 33 113634 1
gene 3 10 15 -164757 0 34 -164757 1
gene 2 11 15 248178 0 35 248178 1
gene 4 12 15 173553 0 36 173553 1
gene 4 15 15 -709812 1 174 -709812 1
gene 3 8 121 -488250 0 329 -488250 1
gene 3 121 15 379893 0 330 379893 1
gene 2 5 121 180516 0 438 180516 0
gene 2 7 121 46509 0 483 46509 0
gene 4 4 235 -75438 0 666 -75438 1
gene 4 235 14 -15114 0 667 -15114 1
gene 1 1 235 602157 0 753 602157 1
gene 3 9 235 800000 0 1108 800000 1
gene 3 10 384 228915 0 1126 228915 1
gene 3 384 15 -133155 0 1127 -133155 1
gene 2 14 14 -800000 1 1197 -800000 1
gene 3 7 420 -21762 0 1239 -21762 0
gene 3 420 15 303543 0 1240 303543 0
gene 3 2 433 81801 0 1284 81801 1
gene 3 433 13 68430 0 1285 68430 1
gene 4 3 461 298383 0 1352 298383 1
gene 4 461 14 -450336 0 1353 -450336 1
gene 4 15 500 318336 1 1453 318336 1
gene 4 500 15 -59580 0 1454 -59580 1
gene 1 8 516 -489240 0 1500 -489240 1
gene 1 516 14 -371571 0 1501 -371571 1
gene 1 384 121 123534 0 1548 123534 1
gene 2 8 461 16683 0 1965 16683 1
gene 3 3 697 777209 0 2038 777209 1
gene 3 697 15 915 0 2039 915 1
gene 2 1 500 194508 0 2133 194508 1
gene 1 3 433 265392 0 2628 265392 1
gene 1 516 516 238182 1 2664 238182 1
gene 3 8 1018 -132717 0 2997 -132717 1
gene 3 1018 121 -366519 0 2998 -366519 0
gene 3 15 433 -59844 0 3156 -59844 0
gene 1 10 1130 8691 0 3329 8691 1
gene 1 1130 14 -732021 0 3330 -732021 1
gene 3 500 697 -106884 0 3371 -106884 1
gene 2 3 516 -496800 0 3603 -496800 0
gene 2 9 1323 90981 0 3885 90981 0
gene 2 1323 14 430425 0 3886 430425 1
gene 2 121 420 25839 0 3959 25839 1
gene 2 8 1393 258786 0 4093 258786 1
gene 2 1393 13 294327 0 4094 294327 1
gene 1 11 1479 319227 0 4325 319227 1
gene 1 1479 14 6465 0 4326 6465 1
gene 4 12 1531 427317 0 4477 427317 1
gene 4 1531 15 -161985 0 4478 -161985 1
gene 3 1393 433 -446406 0 4734 -446406 1
gene 2 1323 1683 -226692 0 4950 -226692 1
gene 2 1683 14 785259 0 4951 785259 1
gene 3 6 1735 325158 0 5103 325158 1
gene 3 1735 14 170418 0 5104 170418 1
gene 1 5 516 -314253 0 5346 -314253 1
gene 1 516 433 336090 0 5443 336090 1
gene 3 2 1875 -251529 0 5505 -251529 1
gene 3 1875 433 -136875 0 5506 -136875 1
gene 1 1683 461 -203922 0 5687 -203922 1
gene 1 516 121 -535691 0 5877 -535691 1
gene 3 3 2034 171735 0 5939 171735 1
gene 3 2034 697 2082 0 5940 2082 1
gene 3 5 1479 20502 0 6157 20502 1
gene 3 7 2142 232038 0 6248 232038 1
gene 3 2142 420 -205503 0 6249 -205503 1
gene 3 420 2172 47208 0 6332 47208 1
gene 3 2172 15 -22557 0 6333 -22557 1
gene 2 1735 1735 -35160 1 6388 -35160 1
gene 2 8 2206 -76281 0 6436 -76281 1
gene 2 2206 1393 116145 0 6437 116145 1
gene 2 121 2313 -140040 0 6747 -140040 1
gene 2 2313 420 -337449 0 6748 -337449 1
gene 2 9 2332 -104757 0 6797 -104757 1
gene 2 2332 1323 474669 0 6798 474669 1
gene 4 1323 2034 -290049 0 6848 -290049 1
gene 2 7 2368 226713 0 6897 226713 0
gene 2 2368 121 378204 0 6898 378204 1
gene 2 384 1531 -248277 0 7018 -248277 0
gene 2 2142 1018 -491922 0 7205 -491922 1
gene 3 2206 2034 -396135 0 7245 -396135 1
gene 2 7 2491 52770 0 7283 52770 1
gene 2 2491 2368 215118 0 7284 215118 1
gene 2 5 2512 -753864 0 7337 -753864 1
gene 2 2512 13 -223461 0 7338 -223461 1
gene 2 10 2530 150012 0 7387 150012 1
gene 2 2530 13 90729 0 7388 90729 1
gene 3 9 2547 -344133 0 7440 -344133 1
gene 3 2547 13 -157074 0 7441 -157074 1
gene 2 2530 1479 -81903 0 7594 -81903 1
gene 1 1479 2692 259437 0 7856 259437 0
gene 1 2692 14 76080 0 7857 76080 1
gene 3 4 1130 -283593 0 7980 -283593 1
gene 4 3 2786 375252 0 8132 375252 1
gene 4 2786 14 523743 0 8133 523743 1
gene 3 384 384 -195807 1 8429 -195807 1
gene 2 3 2915 289245 0 8516 289245 1
gene 2 2915 516 5256 0 8517 5256 1
gene 4 433 433 -389016 1 8562 -389016 1
gene 2 2547 1479 -185511 0 8709 -185511 0
gene 3 2206 1683 223818 0 8777 223818 1
gene 2 5 3042 129528 0 8890 129528 1
gene 2 3042 121 68304 0 8891 68304 1
gene 1 1479 3079 -67911 0 9004 -67911 1
gene 1 3079 2692 460062 0 9005 460062 1
gene 4 516 2547 -12114 0 9030 -12114 1
gene 3 1875 2915 -126249 0 9219 -126249 1
gene 2 2 420 -109233 0 9364 -109233 1
gene 2 1735 1531 -198663 0 9549 -198663 1
gene 4 9 697 -105273 0 9875 -105273 1
gene 4 12 2786 190539 0 9948 190539 1
gene 2 2547 3409 758322 0 10007 758322 1
gene 2 3409 1479 -93018 0 10008 -93018 1
gene 2 8 500 9972 0 10064 9972 1
gene 2 3 3527 -117525 0 10362 -117525 1
gene 2 3527 13 224316 0 10363 224316 1
gene 3 500 500 -609828 1 10410 -609828 1
gene 2 384 3557 161727 0 10455 161727 1
gene 2 3557 1531 186192 0 10456 186192 1
gene 1 2491 1018 177585 0 10493 177585 1
gene 2 7 3610 -58271 0 10603 -58271 1
gene 2 3610 2368 193914 0 10604 193914 1
gene 1 2142 2142 -244782 1 10644 -244782 1
gene 3 15 3642 -491030 0 10707 -491030 1
gene 3 3642 433 -483321 0 10708 -483321 1
gene 3 2313 15 42006 0 10762 42006 1
gene 2 2332 1875 205473 0 11004 205473 1
gene 4 384 2034 112578 0 11224 112578 1
gene 4 11 2368 -20877 0 11462 -20877 1
genomeend 22


/* Organism #26 Fitness: 360.000000 Time: 0 */
/* Position #26*/
#1 x: 18 y: 25
#2 x: 80 y: 20
#3 x: 50 y: 21
#4 x: 75 y: 71
#5 x: 52 y: 60
#6 x: 44 y: 62
genomestart 26
trait 1 78708.000000 100000.000000 6994.000000 0.000000 57524.000000 100000.000000 87908.000000 100000.000000 trait 2 7350.000000 88783.000000 70868.000000 0.000000 0.000000 0.000000 54579.000000 18399.000000 trait 3 0.000000 0.000000 44883.000000 65858.000000 41337.000000 0.000000 100000.000000 41343.000000 trait 4 4.000000 0.000000 0.000000 36940.000000 0.000000 0.000000 0.000000 37957.000000 node 1 4 1 3
node 2 4 1 1
node 3 1 1 1
node 4 1 1 1
node 5 1 1 1
node 6 2 1 1
node 7 4 1 1
node 8 4 1 1
node 9 2 1 1
node 10 1 1 1
node 11 2 1 1
node 12 4 1 1
node 13 2 0 2
node 14 1 0 2
node 15 3 0 2
node 121 1 0 0
node 235 1 0 0
node 384 2 0 0
node 420 1 0 0
node 433 1 0 0
node 461 1 0 0
node 500 3 0 0
node 516 1 0 0
node 697 3 0 0
node 1018 1 0 0
node 1130 1 0 0
node 1323 3 0 0
node 1393 1 0 0
node 1479 1 0 0
node 1531 3 0 0
node 1683 1 0 0
node 1735 2 0 0
node 1875 1 0 0
node 2034 1 0 0
node 2142 1 0 0
node 2172 1 0 0
node 2206 1 0 0
node 2313 1 0 0
node 2332 1 0 0
node 2368 1 0 0
node 2491 1 0 0
node 2512 1 0 0
node 2530 1 0 0
node 2547 1 0 0
node 2692 1 0 0
node 2786 1 0 0
node 2912 1 0 0
node 3009 1 0 0
node 3108 1 0 0
node 3213 1 0 0
node 3249 1 0 0
node 3336 1 0 0
node 3356 1 0 0
node 3443 1 0 0
node 3469 1 0 0
node 3532 1 0 0
node 3658 1 0 0
node 3715 1 0 0
node 3733 1 0 0
node 3775 1 0 0
gene 2 1 13 -217527 0 1 -217527 1
gene 3 2 13 282213 0 2 282213 1
gene 2 3 13 704091 0 3 704091 1
gene 3 4 13 -722955 0 4 -722955 1
gene 2 5 13 -800000 0 5 -800000 0
gene 4 6 13 -256440 0 6 -256440 1
gene 3 7 13 296598 0 7 296598 1
gene 2 8 13 -415131 0 8 -415131 0
gene 3 9 13 514365 0 9 514365 1
gene 2 10 13 -745590 0 10 -745590 1
gene 2 11 13 211761 0 11 211761 1
gene 4 12 13 76149 0 12 76149 1
gene 2 1 14 426342 0 13 426342 1
gene 2 2 14 -43980 0 14 -43980 1
gene 4 3 14 -309048 0 15 -309048 0
gene 4 4 14 389814 0 16 389814 1
gene 4 5 14 33162 0 17 33162 1
gene 3 6 14 581079 0 18 581079 0
gene 2 7 14 -81840 0 19 -81840 1
gene 1 8 14 -64002 0 20 -64002 0
gene 3 9 14 34635 0 21 34635 1
gene 1 10 14 235052 0 22 235052 0
gene 1 11 14 -780207 0 23 -780207 1
gene 4 12 14 16251 0 24 16251 1
gene 3 1 15 254424 0 25 254424 1
gene 3 2 15 -277635 0 26 -277635 1
gene 3 3 15 -618621 0 27 -618621 1
gene 3 4 15 -410340 0 28 -410340 1
gene 3 5 15 243093 0 29 243093 1
gene 1 6 15 433965 0 30 433965 1
gene 3 7 15 -475350 0 31 -475350 0
gene 3 8 15 624824 0 32 624824 1
gene 3 9 15 -597452 0 33 -597452 1
gene 3 10 15 -450420 0 34 -450420 0
gene 2 11 15 407409 0 35 407409 1
gene 4 12 15 428319 0 36 428319 0
gene 4 15 15 170409 1 174 170409 1
gene 3 8 121 326562 0 329 326562 0
gene 3 121 15 -153981 0 330 -153981 1
gene 2 5 121 172866 0 438 172866 1
gene 3 7 121 800000 0 483 800000 0
gene 4 4 235 442181 0 666 442181 1
gene 4 235 14 -320733 0 667 -320733 0
gene 1 1 235 -714344 0 753 -714344 1
gene 3 9 235 484497 0 1108 484497 1
gene 3 10 384 -109686 0 1126 -109686 1
gene 3 384 15 -96852 0 1127 -96852 1
gene 2 14 14 112341 1 1197 112341 1
gene 3 7 420 -768938 0 1239 -768938 0
gene 3 420 15 -313314 0 1240 -313314 0
gene 3 2 433 -24204 0 1284 -24204 1
gene 3 433 13 -396435 0 1285 -396435 1
gene 4 3 461 -800000 0 1352 -800000 1
gene 4 461 14 -156078 0 1353 -156078 1
gene 4 15 500 133650 1 1453 133650 1
gene 4 500 15 404397 0 1454 404397 0
gene 1 8 516 -410286 0 1500 -410286 1
gene 1 516 14 340017 0 1501 340017 0
gene 1 384 121 -107442 0 1548 -107442 1
gene 2 8 461 422184 0 1965 422184 1
gene 3 3 697 -94404 0 2038 -94404 1
gene 3 697 15 130038 0 2039 130038 0
gene 2 1 500 -550917 0 2133 -550917 1
gene 1 3 433 -81372 0 2628 -81372 1
gene 1 516 516 172656 1 2664 172656 1
gene 3 8 1018 -185673 0 2997 -185673 1
gene 3 1018 121 101337 0 2998 101337 0
gene 3 15 433 -800000 0 3156 -800000 1
gene 2 10 1130 -153543 0 3329 -153543 1
gene 1 1130 14 351537 0 3330 351537 1
gene 3 500 697 170280 0 3371 170280 1
gene 2 3 516 124122 0 3603 124122 1
gene 2 9 1323 -269124 0 3885 -269124 0
gene 2 1323 14 -506907 0 3886 -506907 1
gene 2 121 420 -800000 0 3959 -800000 1
gene 2 8 1393 -179553 0 4093 -179553 1
gene 2 1393 13 347727 0 4094 347727 0
gene 1 11 1479 91659 0 4325 91659 1
gene 1 1479 14 120168 0 4326 120168 1
gene 4 12 1531 -30483 0 4477 -30483 1
gene 4 1531 15 96903 0 4478 96903 1
gene 3 1393 433 -199857 0 4734 -199857 1
gene 2 1323 1683 237783 0 4950 237783 1
gene 2 1683 14 -43305 0 4951 -43305 1
gene 3 6 1735 151590 0 5103 151590 1
gene 3 1735 14 800000 0 5104 800000 1
gene 1 5 516 196605 0 5346 196605 1
gene 1 516 433 -536778 0 5443 -536778 1
gene 3 2 1875 -535254 0 5505 -535254 1
gene 3 1875 433 148839 0 5506 148839 1
gene 1 1683 461 3072 0 5687 3072 1
gene 1 516 121 -389196 0 5877 -389196 1
gene 3 3 2034 6801 0 5939 6801 1
gene 3 2034 697 -144669 0 5940 -144669 1
gene 3 5 1479 -328014 0 6157 -328014 1
gene 3 7 2142 -82467 0 6248 -82467 1
gene 3 2142 420 106449 0 6249 106449 1
gene 3 420 2172 -556752 0 6332 -556752 1
gene 3 2172 15 -800000 0 6333 -800000 1
gene 2 1735 1735 505401 1 6388 505401 1
gene 2 8 2206 301920 0 6436 301920 1
gene 1 2206 1393 -132027 0 6437 -132027 1
gene 2 121 2313 -367206 0 6747 -367206 1
gene 2 2313 420 -319971 0 6748 -319971 1
gene 2 9 2332 317616 0 6797 317616 0
gene 2 2332 1323 292224 0 6798 292224 1
gene 4 1323 2034 -121932 0 6848 -121932 1
gene 2 7 2368 84789 0 6897 84789 1
gene 2 2368 121 -243150 0 6898 -243150 1
gene 2 384 1531 -494460 0 7018 -494460 1
gene 2 2142 1018 46653 0 7205 46653 1
gene 3 2206 2034 251217 0 7245 251217 1
gene 2 7 2491 586854 0 7283 586854 1
gene 2 2491 2368 -97380 0 7284 -97380 1
gene 2 5 2512 41931 0 7337 41931 1
gene 2 2512 13 -712799 0 7338 -712799 0
gene 2 10 2530 800000 0 7387 800000 1
gene 2 2530 13 -191343 0 7388 -191343 1
gene 3 9 2547 -265293 0 7440 -265293 1
gene 3 2547 13 75561 0 7441 75561 1
gene 2 2530 1479 595014 0 7594 595014 0
gene 1 1479 2692 -192072 0 7856 -192072 1
gene 1 2692 14 -264429 0 7857 -264429 1
gene 3 4 1130 257100 0 7980 257100 1
gene 4 3 2786 -79320 0 8132 -79320 1
gene 4 2786 14 46899 0 8133 46899 0
gene 4 2547 1735 79770 0 8311 79770 1
gene 3 2692 461 -661124 0 8358 -661124 1
gene 4 500 2912 -401526 0 8507 -401526 1
gene 1 2912 15 340818 0 8508 340818 1
gene 1 2912 1130 162645 0 8750 162645 1
gene 2 2142 3009 -95769 0 8799 -95769 1
gene 2 3009 1018 -21990 0 8800 -21990 0
gene 3 2034 2034 460713 1 8851 460713 1
gene 2 2512 3108 -472764 0 9104 -472764 1
gene 2 3108 13 -179823 0 9105 -179823 1
gene 1 2491 235 -265725 0 9236 -265725 1
gene 2 9 3213 166323 0 9416 166323 1
gene 2 3213 2332 -1050 0 9417 -1050 1
gene 1 516 3249 -267555 0 9516 -267555 1
gene 1 3249 14 -698132 0 9517 -698132 1
gene 2 1393 3336 621318 0 9780 621318 1
gene 2 3336 13 -226848 0 9781 -226848 1
gene 2 2530 3356 144258 0 9835 144258 1
gene 2 3356 1479 -322416 0 9836 -322416 1
gene 3 2034 3443 95406 1 10105 95406 1
gene 3 3443 2034 -521991 0 10106 -521991 1
gene 3 697 3469 -52254 0 10184 -52254 1
gene 3 3469 15 -70995 0 10185 -70995 1
gene 3 3009 3009 207651 1 10235 207651 1
gene 2 3009 3532 35445 0 10378 35445 1
gene 2 3532 1018 -187866 0 10379 -187866 1
gene 1 10 3658 239448 0 10754 239448 1
gene 1 3658 14 497709 0 10755 497709 1
gene 2 1393 1323 -43292 0 10793 -43292 1
gene 4 2786 3715 -60600 0 10952 -60600 1
gene 4 3715 14 441423 0 10953 441423 1
gene 4 235 3733 333844 0 10999 333844 1
gene 4 3733 14 -321624 0 11000 -321624 1
gene 3 7 3775 438082 0 11121 438082 1
gene 3 3775 15 230673 0 11122 230673 1
gene 2 461 384 2193 0 11374 2193 1
gene 4 1875 1735 58149 0 11507 58149 1
genomeend 26


/* Organism #28 Fitness: 370.000000 Time: 0 */
/* Position #28*/
#1 x: 29 y: 26
#2 x: 80 y: 22
#3 x: 57 y: 18
#4 x: 29 y: 83
#5 x: 31 y: 60
#6 x: 33 y: 72
genomestart 28
trait 1 43007.000000 16300.000000 6994.000000 28041.000000 57524.000000 37112.000000 87908.000000 80535.000000 trait 2 30533.000000 24215.000000 70868.000000 0.000000 0.000000 0.000000 0.000000 18399.000000 trait 3 0.000000 83419.000000 0.000000 65858.000000 0.000000 0.000000 100000.000000 41343.000000 trait 4 26570.000000 0.000000 0.000000 0.000000 0.000000 76740.000000 67190.000000 100000.000000 node 1 4 1 3
node 2 4 1 1
node 3 1 1 1
node 4 1 1 1
node 5 1 1 1
node 6 2 1 1
node 7 4 1 1
node 8 4 1 1
node 9 2 1 1
node 10 1 1 1
node 11 2 1 1
node 12 4 1 1
node 13 2 0 2
node 14 1 0 2
node 15 3 0 2
node 121 1 0 0
node 235 1 0 0
node 384 1 0 0
node 420 1 0 0
node 433 1 0 0
node 461 1 0 0
node 500 1 0 0
node 516 1 0 0
node 697 3 0 0
node 1018 1 0 0
node 1130 1 0 0
node 1323 3 0 0
node 1393 1 0 0
node 1479 1 0 0
node 1531 3 0 0
node 1683 1 0 0
node 1735 1 0 0
node 1875 1 0 0
node 2034 1 0 0
node 2142 1 0 0
node 2172 1 0 0
node 2206 1 0 0
node 2313 1 0 0
node 2332 1 0 0
node 2368 4 0 0
node 2491 1 0 0
node 2512 1 0 0
node 2530 1 0 0
node 2547 1 0 0
node 2692 1 0 0
node 2786 1 0 0
node 2912 1 0 0
node 3009 1 0 0
node 3109 1 0 0
node 3157 1 0 0
node 3182 1 0 0
node 3270 1 0 0
node 3412 1 0 0
node 3599 1 0 0
node 3705 1 0 0
node 3728 1 0 0
node 3814 1 0 0
node 3833 1 0 0
node 3898 1 0 0
node 3900 1 0 0
gene 2 1 13 -592832 0 1 -592832 1
gene 1 2 13 -716612 0 2 -716612 1
gene 2 3 13 -95838 0 3 -95838 1
gene 3 4 13 -228012 0 4 -228012 1
gene 2 5 13 -250734 0 5 -250734 0
gene 4 6 13 575787 0 6 575787 1
gene 3 7 13 -35706 0 7 -35706 1
gene 2 8 13 -10419 0 8 -10419 0
gene 3 9 13 -800000 0 9 -800000 1
gene 2 10 13 18723 0 10 18723 0
gene 2 11 13 -36573 0 11 -36573 1
gene 4 12 13 136755 0 12 136755 1
gene 2 1 14 -88665 0 13 -88665 1
gene 2 2 14 -187521 0 14 -187521 1
gene 4 3 14 -254976 0 15 -254976 0
gene 4 4 14 800000 0 16 800000 0
gene 4 5 14 -462945 0 17 -462945 1
gene 3 6 14 564867 0 18 564867 0
gene 2 7 14 636111 0 19 636111 1
gene 3 8 14 683639 0 20 683639 0
gene 3 9 14 -56139 0 21 -56139 1
gene 1 10 14 556518 0 22 556518 0
gene 1 11 14 181437 0 23 181437 1
gene 4 12 14 56211 0 24 56211 1
gene 3 1 15 216095 0 25 216095 1
gene 3 2 15 22764 0 26 22764 1
gene 3 3 15 -800000 0 27 -800000 0
gene 3 4 15 225138 0 28 225138 1
gene 3 5 15 25095 0 29 25095 1
gene 1 6 15 -631347 0 30 -631347 0
gene 3 7 15 -57717 0 31 -57717 1
gene 3 8 15 62529 0 32 62529 1
gene 3 9 15 487241 0 33 487241 1
gene 3 10 15 291956 0 34 291956 0
gene 2 11 15 -135576 0 35 -135576 0
gene 4 12 15 276690 0 36 276690 0
gene 4 15 15 450773 1 174 450773 0
gene 3 8 121 41888 0 329 41888 0
gene 3 121 15 294534 0 330 294534 1
gene 2 5 121 90969 0 438 90969 1
gene 2 7 121 269697 0 483 269697 0
gene 4 4 235 -276510 0 666 -276510 1
gene 4 235 14 136854 0 667 136854 1
gene 1 1 235 75513 0 753 75513 1
gene 3 9 235 2508 0 1108 2508 1
gene 3 10 384 603480 0 1126 603480 1
gene 3 384 15 -94623 0 1127 -94623 1
gene 2 14 14 -233792 1 1197 -233792 1
gene 3 7 420 89412 0 1239 89412 0
gene 3 420 15 98946 0 1240 98946 0
gene 3 2 433 -116028 0 1284 -116028 1
gene 3 433 13 21057 0 1285 21057 1
gene 4 3 461 355221 0 1352 355221 1
gene 4 461 14 -423371 0 1353 -423371 1
gene 4 15 500 134175 1 1453 134175 1
gene 4 500 15 464472 0 1454 464472 0
gene 1 8 516 -7815 0 1500 -7815 1
gene 1 516 14 -122160 0 1501 -122160 1
gene 1 384 121 786545 0 1548 786545 1
gene 2 8 461 -144597 0 1965 -144597 1
gene 3 3 697 -748296 0 2038 -748296 0
gene 3 697 15 -291150 0 2039 -291150 1
gene 2 1 500 -439989 0 2133 -439989 1
gene 1 3 433 800000 0 2628 800000 1
gene 1 516 516 376263 1 2664 376263 0
gene 3 8 1018 -313665 0 2997 -313665 1
gene 3 1018 121 723692 0 2998 723692 0
gene 3 15 433 13380 0 3156 13380 1
gene 1 10 1130 83517 0 3329 83517 1
gene 1 1130 14 -551675 0 3330 -551675 1
gene 3 500 697 10761 0 3371 10761 1
gene 2 3 516 -183069 0 3603 -183069 1
gene 2 9 1323 800000 0 3885 800000 0
gene 2 1323 14 -800000 0 3886 -800000 0
gene 2 121 420 49662 0 3959 49662 1
gene 2 8 1393 -150135 0 4093 -150135 1
gene 2 1393 13 -5769 0 4094 -5769 1
gene 1 11 1479 129582 0 4325 129582 1
gene 1 1479 14 -4357 0 4326 -4357 1
gene 4 12 1531 800000 0 4477 800000 1
gene 4 1531 15 -89136 0 4478 -89136 1
gene 3 1393 433 611265 0 4734 611265 1
gene 2 1323 1683 -111546 0 4950 -111546 1
gene 2 1683 14 295659 0 4951 295659 1
gene 3 6 1735 223878 0 5103 223878 1
gene 3 1735 14 -186144 0 5104 -186144 0
gene 1 5 516 -234393 0 5346 -234393 1
gene 1 516 433 -800000 0 5443 -800000 1
gene 3 2 1875 190320 0 5505 190320 1
gene 3 1875 433 -195363 0 5506 -195363 1
gene 1 1683 461 -247479 0 5687 -247479 1
gene 1 516 121 54897 0 5877 54897 1
gene 3 3 2034 216468 0 5939 216468 1
gene 3 2034 697 424794 0 5940 424794 1
gene 3 5 1479 -179820 0 6157 -179820 1
gene 3 7 2142 -729614 0 6248 -729614 1
gene 3 2142 420 221107 0 6249 221107 1
gene 3 420 2172 25440 0 6332 25440 1
gene 3 2172 15 -89202 0 6333 -89202 1
gene 2 1735 1735 289118 1 6388 289118 1
gene 2 8 2206 527078 0 6436 527078 1
gene 2 2206 1393 -152172 0 6437 -152172 1
gene 2 121 2313 -261798 0 6747 -261798 1
gene 2 2313 420 -96933 0 6748 -96933 1
gene 2 9 2332 210000 0 6797 210000 1
gene 2 2332 1323 11709 0 6798 11709 1
gene 4 1323 2034 529548 0 6848 529548 1
gene 2 7 2368 -4887 0 6897 -4887 1
gene 2 2368 121 -800000 0 6898 -800000 1
gene 2 384 1531 800000 0 7018 800000 0
gene 2 2142 1018 -800000 0 7205 -800000 0
gene 3 2206 2034 -141680 0 7245 -141680 1
gene 2 7 2491 55470 0 7283 55470 1
gene 2 2491 2368 -123372 0 7284 -123372 1
gene 2 5 2512 47532 0 7337 47532 1
gene 2 2512 13 116289 0 7338 116289 1
gene 2 10 2530 22788 0 7387 22788 1
gene 2 2530 13 -200577 0 7388 -200577 1
gene 3 9 2547 57183 0 7440 57183 1
gene 3 2547 13 -96408 0 7441 -96408 1
gene 2 2530 1479 -558081 0 7594 -558081 1
gene 1 1479 2692 77424 0 7856 77424 1
gene 1 2692 14 608850 0 7857 608850 1
gene 3 4 1130 305319 0 7980 305319 1
gene 4 3 2786 496293 0 8132 496293 1
gene 4 2786 14 -130038 0 8133 -130038 1
gene 4 2547 1735 -800000 0 8311 -800000 0
gene 3 2692 461 -291948 0 8358 -291948 1
gene 4 500 2912 -96981 0 8507 -96981 1
gene 1 2912 15 -23193 0 8508 -23193 0
gene 1 2912 1130 274800 0 8750 274800 1
gene 2 2142 3009 101664 0 8799 101664 0
gene 2 3009 1018 395126 0 8800 395126 1
gene 3 2034 2034 378372 1 8851 378372 1
gene 3 3 3109 -63009 0 9107 -63009 1
gene 3 3109 697 -246921 0 9108 -246921 1
gene 1 2912 3157 -158040 0 9248 -158040 1
gene 1 3157 15 -77526 0 9249 -77526 1
gene 3 2530 121 -385725 0 9284 -385725 0
gene 1 516 3182 108318 1 9328 108318 1
gene 1 3182 516 227268 0 9329 227268 1
gene 1 2491 1531 -101061 0 9377 -101061 1
gene 3 2530 3270 127026 0 9577 127026 1
gene 3 3270 121 -309036 0 9578 -309036 1
gene 4 2512 2512 -201453 1 9707 -201453 1
gene 4 1683 1393 29028 0 9807 29028 1
gene 2 2142 3412 63819 0 10015 63819 1
gene 2 3412 3009 13521 0 10016 13521 1
gene 1 1 2034 -62412 0 10265 -62412 1
gene 1 3412 3412 247017 1 10366 247017 1
gene 2 500 2332 -624369 0 10431 -624369 1
gene 3 1735 3599 87003 0 10574 87003 0
gene 3 3599 14 -95097 0 10575 -95097 1
gene 3 1735 3705 -256503 0 10921 -256503 1
gene 3 3705 3599 -359546 0 10922 -359546 1
gene 1 10 3728 -263454 0 10984 -263454 1
gene 1 3728 14 -245061 0 10985 -245061 1
gene 3 5 235 -335700 0 11141 -335700 1
gene 2 11 3814 -9825 0 11227 -9825 1
gene 2 3814 15 -478617 0 11228 -478617 1
gene 1 6 3833 250827 0 11277 250827 1
gene 1 3833 15 -162069 0 11278 -162069 1
gene 4 2547 3898 1 0 11478 0 1
gene 4 3898 1735 -800000 0 11479 0 1
gene 2 384 3900 1 0 11489 0 1
gene 2 3900 1531 800000 0 11490 0 1
genomeend 28


/* Organism #31 Fitness: 180.000000 Time: 0 */
/* Position #31*/
#1 x: 52 y: 21
#2 x: 18 y: 34
#3 x: 44 y: 18
#4 x: 69 y: 63
#5 x: 15 y: 82
#6 x: 22 y: 80
genomestart 31
trait 1 78708.000000 100000.000000 6994.000000 0.000000 57524.000000 100000.000000 87908.000000 100000.000000 trait 2 61454.000000 88783.000000 70868.000000 0.000000 0.000000 0.000000 0.000000 18399.000000 trait 3 0.000000 0.000000 44883.000000 65858.000000 41337.000000 0.000000 100000.000000 41343.000000 trait 4 4.000000 0.000000 0.000000 36940.000000 0.000000 0.000000 0.000000 37957.000000 node 1 4 1 3
node 2 4 1 1
node 3 1 1 1
node 4 1 1 1
node 5 1 1 1
node 6 2 1 1
node 7 4 1 1
node 8 1 1 1
node 9 2 1 1
node 10 1 1 1
node 11 2 1 1
node 12 4 1 1
node 13 2 0 2
node 14 1 0 2
node 15 3 0 2
node 121 1 0 0
node 235 1 0 0
node 384 2 0 0
node 420 1 0 0
node 433 1 0 0
node 461 1 0 0
node 500 1 0 0
node 516 1 0 0
node 697 3 0 0
node 1018 1 0 0
node 1130 1 0 0
node 1323 3 0 0
node 1393 1 0 0
node 1479 1 0 0
node 1531 3 0 0
node 1683 1 0 0
node 1735 2 0 0
node 1875 1 0 0
node 2034 1 0 0
node 2142 1 0 0
node 2172 1 0 0
node 2206 1 0 0
node 2313 1 0 0
node 2332 3 0 0
node 2368 1 0 0
node 2491 1 0 0
node 2512 1 0 0
node 2530 1 0 0
node 2547 1 0 0
node 2692 1 0 0
node 2786 1 0 0
node 2912 1 0 0
node 3009 1 0 0
node 3108 1 0 0
node 3213 1 0 0
node 3249 1 0 0
node 3336 1 0 0
node 3356 1 0 0
node 3443 1 0 0
node 3469 1 0 0
node 3532 1 0 0
node 3658 1 0 0
node 3715 1 0 0
node 3733 1 0 0
node 3775 1 0 0
gene 2 1 13 -126198 0 1 -126198 1
gene 3 2 13 -285876 0 2 -285876 1
gene 2 3 13 -47655 0 3 -47655 1
gene 3 4 13 -297435 0 4 -297435 1
gene 2 5 13 -287943 0 5 -287943 0
gene 4 6 13 -800000 0 6 -800000 1
gene 3 7 13 -214212 0 7 -214212 1
gene 2 8 13 -232818 0 8 -232818 0
gene 3 9 13 749295 0 9 749295 1
gene 2 10 13 -103689 0 10 -103689 1
gene 2 11 13 522440 0 11 522440 1
gene 4 12 13 365043 0 12 365043 1
gene 2 1 14 -217671 0 13 -217671 1
gene 2 2 14 -277971 0 14 -277971 1
gene 4 3 14 -717318 0 15 -717318 0
gene 4 4 14 312159 0 16 312159 1
gene 4 5 14 297801 0 17 297801 1
gene 3 6 14 -425280 0 18 -425280 0
gene 2 7 14 -226980 0 19 -226980 1
gene 1 8 14 -7074 0 20 -7074 0
gene 3 9 14 -452592 0 21 -452592 1
gene 1 10 14 69222 0 22 69222 0
gene 1 11 14 61995 0 23 61995 1
gene 4 12 14 -456534 0 24 -456534 1
gene 3 1 15 162465 0 25 162465 1
gene 3 2 15 354732 0 26 354732 1
gene 3 3 15 -800000 0 27 -800000 1
gene 3 4 15 -353919 0 28 -353919 1
gene 3 5 15 69792 0 29 69792 1
gene 1 6 15 -41631 0 30 -41631 1
gene 3 7 15 235989 0 31 235989 0
gene 3 8 15 416483 0 32 416483 1
gene 3 9 15 -345714 0 33 -345714 1
gene 3 10 15 544533 0 34 544533 0
gene 2 11 15 -652941 0 35 -652941 1
gene 4 12 15 -582891 0 36 -582891 0
gene 4 15 15 -800000 1 174 -800000 1
gene 3 8 121 169980 0 329 169980 0
gene 3 121 15 -301350 0 330 -301350 1
gene 2 5 121 115380 0 438 115380 1
gene 2 7 121 437754 0 483 437754 0
gene 4 4 235 285464 0 666 285464 1
gene 4 235 14 310733 0 667 310733 0
gene 1 1 235 -347850 0 753 -347850 1
gene 3 9 235 -22104 0 1108 -22104 1
gene 3 10 384 581126 0 1126 581126 1
gene 3 384 15 -522147 0 1127 -522147 1
gene 2 14 14 577848 1 1197 577848 1
gene 3 7 420 -645369 0 1239 -645369 0
gene 3 420 15 60720 0 1240 60720 0
gene 3 2 433 267804 0 1284 267804 1
gene 3 433 13 339651 0 1285 339651 1
gene 4 3 461 -368106 0 1352 -368106 1
gene 4 461 14 1287 0 1353 1287 1
gene 4 15 500 -353175 1 1453 -353175 1
gene 4 500 15 166635 0 1454 166635 0
gene 1 8 516 -387309 0 1500 -387309 1
gene 1 516 14 456624 0 1501 456624 0
gene 1 384 121 688832 0 1548 688832 1
gene 2 8 461 -136209 0 1965 -136209 1
gene 3 3 697 167247 0 2038 167247 1
gene 3 697 15 334365 0 2039 334365 0
gene 2 1 500 -371160 0 2133 -371160 1
gene 1 3 433 347124 0 2628 347124 1
gene 1 516 516 63891 1 2664 63891 1
gene 3 8 1018 773727 0 2997 773727 1
gene 3 1018 121 -800000 0 2998 -800000 0
gene 3 15 433 -33792 0 3156 -33792 1
gene 2 10 1130 210330 0 3329 210330 1
gene 1 1130 14 430593 0 3330 430593 1
gene 3 500 697 -51402 0 3371 -51402 1
gene 2 3 516 -182604 0 3603 -182604 1
gene 2 9 1323 -92523 0 3885 -92523 0
gene 2 1323 14 147204 0 3886 147204 1
gene 2 121 420 -61377 0 3959 -61377 1
gene 2 8 1393 -76620 0 4093 -76620 1
gene 2 1393 13 -241623 0 4094 -241623 0
gene 1 11 1479 485193 0 4325 485193 1
gene 1 1479 14 386766 0 4326 386766 1
gene 4 12 1531 -353730 0 4477 -353730 1
gene 4 1531 15 -437097 0 4478 -437097 1
gene 3 1393 433 -800000 0 4734 -800000 1
gene 2 1323 1683 -158196 0 4950 -158196 1
gene 2 1683 14 261063 0 4951 261063 1
gene 3 6 1735 -248502 0 5103 -248502 1
gene 3 1735 14 591758 0 5104 591758 1
gene 1 5 516 -107160 0 5346 -107160 1
gene 1 516 433 -470025 0 5443 -470025 1
gene 3 2 1875 442281 0 5505 442281 1
gene 3 1875 433 -172284 0 5506 -172284 1
gene 1 1683 461 -75849 0 5687 -75849 1
gene 1 516 121 394140 0 5877 394140 1
gene 3 3 2034 -219552 0 5939 -219552 1
gene 3 2034 697 209817 0 5940 209817 1
gene 3 5 1479 -57588 0 6157 -57588 1
gene 3 7 2142 -542492 0 6248 -542492 1
gene 3 2142 420 191139 0 6249 191139 1
gene 3 420 2172 -124974 0 6332 -124974 1
gene 3 2172 15 198822 0 6333 198822 1
gene 2 1735 1735 170916 1 6388 170916 1
gene 2 8 2206 -561807 0 6436 -561807 1
gene 1 2206 1393 243261 0 6437 243261 1
gene 2 121 2313 733857 0 6747 733857 1
gene 2 2313 420 57546 0 6748 57546 1
gene 2 9 2332 648486 0 6797 648486 0
gene 2 2332 1323 -377730 0 6798 -377730 1
gene 4 1323 2034 -449405 0 6848 -449405 1
gene 2 7 2368 468864 0 6897 468864 1
gene 2 2368 121 -337185 0 6898 -337185 1
gene 2 384 1531 -246714 0 7018 -246714 1
gene 2 2142 1018 117606 0 7205 117606 1
gene 3 2206 2034 -440088 0 7245 -440088 1
gene 2 7 2491 272931 0 7283 272931 1
gene 2 2491 2368 -32388 0 7284 -32388 1
gene 2 5 2512 459048 0 7337 459048 1
gene 2 2512 13 -278481 0 7338 -278481 0
gene 2 10 2530 35826 0 7387 35826 1
gene 2 2530 13 215052 0 7388 215052 1
gene 3 9 2547 -460128 0 7440 -460128 1
gene 3 2547 13 134709 0 7441 134709 1
gene 2 2530 1479 315789 0 7594 315789 0
gene 1 1479 2692 309864 0 7856 309864 1
gene 1 2692 14 108375 0 7857 108375 1
gene 3 4 1130 800000 0 7980 800000 1
gene 4 3 2786 220575 0 8132 220575 1
gene 4 2786 14 4245 0 8133 4245 0
gene 4 2547 1735 -256122 0 8311 -256122 1
gene 3 2692 461 -133608 0 8358 -133608 1
gene 4 500 2912 -275418 0 8507 -275418 1
gene 1 2912 15 -492564 0 8508 -492564 1
gene 1 2912 1130 171612 0 8750 171612 1
gene 2 2142 3009 55632 0 8799 55632 1
gene 2 3009 1018 -92919 0 8800 -92919 0
gene 3 2034 2034 286830 1 8851 286830 1
gene 2 2512 3108 244569 0 9104 244569 1
gene 2 3108 13 284739 0 9105 284739 1
gene 1 2491 235 -261894 0 9236 -261894 1
gene 2 9 3213 572859 0 9416 572859 1
gene 2 3213 2332 -200097 0 9417 -200097 1
gene 1 516 3249 161583 0 9516 161583 1
gene 1 3249 14 -21180 0 9517 -21180 1
gene 2 1393 3336 -239625 0 9780 -239625 1
gene 2 3336 13 -141960 0 9781 -141960 1
gene 2 2530 3356 533997 0 9835 533997 1
gene 2 3356 1479 -169470 0 9836 -169470 1
gene 3 2034 3443 212784 1 10105 212784 1
gene 3 3443 2034 -666183 0 10106 -666183 1
gene 3 697 3469 158757 0 10184 158757 1
gene 3 3469 15 331341 0 10185 331341 1
gene 3 3009 3009 283482 1 10235 283482 1
gene 2 3009 3532 -580040 0 10378 -580040 1
gene 2 3532 1018 275328 0 10379 275328 1
gene 1 10 3658 93306 0 10754 93306 1
gene 1 3658 14 81981 0 10755 81981 1
gene 2 1393 1323 81477 0 10793 81477 1
gene 4 2786 3715 -12095 0 10952 -12095 1
gene 4 3715 14 -234489 0 10953 -234489 1
gene 4 235 3733 -46272 0 10999 -46272 1
gene 4 3733 14 -139872 0 11000 -139872 1
gene 3 7 3775 324595 0 11121 324595 1
gene 3 3775 15 -202383 0 11122 -202383 1
gene 1 500 1735 -80110 0 11480 -80110 1
genomeend 31


/* Organism #44 Fitness: 180.000000 Time: 0 */
/* Position #44*/
#1 x: 45 y: 21
#2 x: 82 y: 33
#3 x: 17 y: 15
#4 x: 50 y: 85
#5 x: 24 y: 67
#6 x: 25 y: 66
genomestart 44
trait 1 78708.000000 100000.000000 6994.000000 0.000000 57524.000000 100000.000000 87908.000000 100000.000000 trait 2 7350.000000 88783.000000 70868.000000 0.000000 0.000000 0.000000 54579.000000 18399.000000 trait 3 0.000000 0.000000 44883.000000 65858.000000 41337.000000 0.000000 100000.000000 41343.000000 trait 4 4.000000 0.000000 0.000000 36940.000000 0.000000 0.000000 0.000000 37957.000000 node 1 4 1 3
node 2 4 1 1
node 3 1 1 1
node 4 1 1 1
node 5 1 1 1
node 6 2 1 1
node 7 4 1 1
node 8 4 1 1
node 9 2 1 1
node 10 1 1 1
node 11 2 1 1
node 12 4 1 1
node 13 2 0 2
node 14 1 0 2
node 15 3 0 2
node 121 1 0 0
node 235 1 0 0
node 384 2 0 0
node 420 1 0 0
node 433 1 0 0
node 461 1 0 0
node 500 1 0 0
node 516 1 0 0
node 697 3 0 0
node 1018 1 0 0
node 1130 1 0 0
node 1323 3 0 0
node 1393 1 0 0
node 1479 1 0 0
node 1531 3 0 0
node 1683 1 0 0
node 1735 2 0 0
node 1875 1 0 0
node 2034 1 0 0
node 2142 1 0 0
node 2172 1 0 0
node 2206 1 0 0
node 2313 1 0 0
node 2332 1 0 0
node 2368 1 0 0
node 2491 1 0 0
node 2512 1 0 0
node 2530 1 0 0
node 2547 1 0 0
node 2692 1 0 0
node 2786 1 0 0
node 2912 1 0 0
node 3009 1 0 0
node 3108 1 0 0
node 3213 1 0 0
node 3249 1 0 0
node 3336 1 0 0
node 3356 1 0 0
node 3443 1 0 0
node 3469 1 0 0
node 3532 1 0 0
node 3658 1 0 0
node 3715 1 0 0
node 3733 1 0 0
node 3775 1 0 0
node 3831 1 0 0
node 3909 1 0 0
gene 2 1 13 349857 0 1 349857 1
gene 3 2 13 329967 0 2 329967 1
gene 2 3 13 -109509 0 3 -109509 0
gene 3 4 13 -498780 0 4 -498780 1
gene 2 5 13 -800000 0 5 -800000 0
gene 4 6 13 -107013 0 6 -107013 1
gene 3 7 13 -442401 0 7 -442401 1
gene 2 8 13 -634836 0 8 -634836 0
gene 3 9 13 -349425 0 9 -349425 1
gene 2 10 13 -109683 0 10 -109683 1
gene 2 11 13 180897 0 11 180897 1
gene 4 12 13 -267495 0 12 -267495 1
gene 2 1 14 -800000 0 13 -800000 1
gene 2 2 14 -268872 0 14 -268872 1
gene 4 3 14 -77550 0 15 -77550 0
gene 4 4 14 499923 0 16 499923 1
gene 4 5 14 800000 0 17 800000 1
gene 3 6 14 -250269 0 18 -250269 0
gene 2 7 14 -249117 0 19 -249117 1
gene 1 8 14 74025 0 20 74025 0
gene 3 9 14 282984 0 21 282984 1
gene 1 10 14 -4569 0 22 -4569 0
gene 1 11 14 -135252 0 23 -135252 1
gene 4 12 14 -139116 0 24 -139116 1
gene 3 1 15 293070 0 25 293070 1
gene 3 2 15 -84201 0 26 -84201 1
gene 3 3 15 -33771 0 27 -33771 1
gene 3 4 15 -642222 0 28 -642222 1
gene 3 5 15 176844 0 29 176844 1
gene 1 6 15 98526 0 30 98526 1
gene 3 7 15 166266 0 31 166266 0
gene 3 8 15 25824 0 32 25824 1
gene 3 9 15 44292 0 33 44292 1
gene 3 10 15 -57225 0 34 -57225 0
gene 2 11 15 743412 0 35 743412 1
gene 4 12 15 324276 0 36 324276 0
gene 4 15 15 52722 1 174 52722 0
gene 3 8 121 290676 0 329 290676 0
gene 3 121 15 234147 0 330 234147 1
gene 2 5 121 76671 0 438 76671 1
gene 2 7 121 285279 0 483 285279 0
gene 4 4 235 800000 0 666 800000 1
gene 4 235 14 596828 0 667 596828 0
gene 1 1 235 93042 0 753 93042 1
gene 3 9 235 -298281 0 1108 -298281 1
gene 3 10 384 -121143 0 1126 -121143 1
gene 3 384 15 -158343 0 1127 -158343 1
gene 2 14 14 189123 1 1197 189123 1
gene 3 7 420 -370764 0 1239 -370764 0
gene 3 420 15 -163953 0 1240 -163953 0
gene 3 2 433 49134 0 1284 49134 1
gene 3 433 13 -37302 0 1285 -37302 1
gene 4 3 461 -468207 0 1352 -468207 1
gene 4 461 14 -403761 0 1353 -403761 1
gene 4 15 500 193596 1 1453 193596 1
gene 4 500 15 618996 0 1454 618996 0
gene 1 8 516 45168 0 1500 45168 1
gene 1 516 14 -76224 0 1501 -76224 0
gene 1 384 121 -261099 0 1548 -261099 1
gene 2 8 461 -143463 0 1965 -143463 1
gene 3 3 697 163518 0 2038 163518 1
gene 3 697 15 800000 0 2039 800000 0
gene 2 1 500 245541 0 2133 245541 1
gene 1 3 433 -233286 0 2628 -233286 1
gene 1 516 516 21879 1 2664 21879 1
gene 3 8 1018 315762 0 2997 315762 1
gene 3 1018 121 -714867 0 2998 -714867 0
gene 3 15 433 -572901 0 3156 -572901 1
gene 2 10 1130 115626 0 3329 115626 1
gene 1 1130 14 353676 0 3330 353676 1
gene 3 500 697 -268491 0 3371 -268491 1
gene 2 3 516 523563 0 3603 523563 1
gene 2 9 1323 261447 0 3885 261447 0
gene 2 1323 14 -757602 0 3886 -757602 1
gene 2 121 420 -240633 0 3959 -240633 1
gene 2 8 1393 -167640 0 4093 -167640 1
gene 2 1393 13 472752 0 4094 472752 0
gene 1 11 1479 -204966 0 4325 -204966 1
gene 1 1479 14 15888 0 4326 15888 1
gene 4 12 1531 392547 0 4477 392547 1
gene 4 1531 15 -73962 0 4478 -73962 1
gene 3 1393 433 -432594 0 4734 -432594 1
gene 2 1323 1683 349062 0 4950 349062 1
gene 2 1683 14 -484308 0 4951 -484308 1
gene 3 6 1735 -722060 0 5103 -722060 1
gene 3 1735 14 800000 0 5104 800000 1
gene 1 5 516 129393 0 5346 129393 1
gene 1 516 433 15465 0 5443 15465 1
gene 3 2 1875 202325 0 5505 202325 1
gene 3 1875 433 -800000 0 5506 -800000 1
gene 1 1683 461 -173685 0 5687 -173685 1
gene 1 516 121 -52758 0 5877 -52758 1
gene 3 3 2034 -162735 0 5939 -162735 1
gene 3 2034 697 -284922 0 5940 -284922 1
gene 3 5 1479 -254763 0 6157 -254763 1
gene 3 7 2142 -30834 0 6248 -30834 1
gene 3 2142 420 290334 0 6249 290334 1
gene 3 420 2172 6669 0 6332 6669 1
gene 3 2172 15 222906 0 6333 222906 1
gene 2 1735 1735 642030 1 6388 642030 1
gene 2 8 2206 572424 0 6436 572424 1
gene 1 2206 1393 310065 0 6437 310065 1
gene 2 121 2313 272847 0 6747 272847 1
gene 2 2313 420 348195 0 6748 348195 1
gene 2 9 2332 73833 0 6797 73833 0
gene 2 2332 1323 -142083 0 6798 -142083 1
gene 4 1323 2034 -563498 0 6848 -563498 1
gene 2 7 2368 -45687 0 6897 -45687 1
gene 2 2368 121 395652 0 6898 395652 1
gene 2 384 1531 567729 0 7018 567729 1
gene 2 2142 1018 -800000 0 7205 -800000 1
gene 3 2206 2034 296481 0 7245 296481 1
gene 2 7 2491 -91575 0 7283 -91575 1
gene 2 2491 2368 800000 0 7284 800000 1
gene 2 5 2512 -238398 0 7337 -238398 1
gene 2 2512 13 -356054 0 7338 -356054 0
gene 2 10 2530 798573 0 7387 798573 1
gene 2 2530 13 -33207 0 7388 -33207 1
gene 3 9 2547 -617874 0 7440 -617874 1
gene 3 2547 13 -208860 0 7441 -208860 1
gene 2 2530 1479 432597 0 7594 432597 0
gene 1 1479 2692 -34134 0 7856 -34134 1
gene 1 2692 14 -184644 0 7857 -184644 1
gene 3 4 1130 -154680 0 7980 -154680 1
gene 4 3 2786 -234951 0 8132 -234951 1
gene 4 2786 14 81822 0 8133 81822 0
gene 4 2547 1735 254424 0 8311 254424 1
gene 3 2692 461 -760139 0 8358 -760139 1
gene 4 500 2912 -485391 0 8507 -485391 1
gene 1 2912 15 -355815 0 8508 -355815 1
gene 1 2912 1130 424380 0 8750 424380 1
gene 2 2142 3009 -160416 0 8799 -160416 1
gene 2 3009 1018 18540 0 8800 18540 0
gene 3 2034 2034 -198909 1 8851 -198909 1
gene 2 2512 3108 -551148 0 9104 -551148 1
gene 2 3108 13 632981 0 9105 632981 1
gene 1 2491 235 131550 0 9236 131550 1
gene 2 9 3213 32130 0 9416 32130 1
gene 2 3213 2332 580437 0 9417 580437 1
gene 1 516 3249 -582260 0 9516 -582260 1
gene 1 3249 14 159243 0 9517 159243 1
gene 2 1393 3336 -108873 0 9780 -108873 1
gene 2 3336 13 34497 0 9781 34497 1
gene 2 2530 3356 182358 0 9835 182358 1
gene 2 3356 1479 642693 0 9836 642693 1
gene 3 2034 3443 42954 1 10105 42954 1
gene 3 3443 2034 -18387 0 10106 -18387 1
gene 3 697 3469 712670 0 10184 712670 1
gene 3 3469 15 581859 0 10185 581859 1
gene 3 3009 3009 300453 1 10235 300453 1
gene 2 3009 3532 -668666 0 10378 -668666 1
gene 2 3532 1018 -46173 0 10379 -46173 1
gene 1 10 3658 -224247 0 10754 -224247 1
gene 1 3658 14 89997 0 10755 89997 1
gene 2 1393 1323 476373 0 10793 476373 1
gene 4 2786 3715 240948 0 10952 240948 1
gene 4 3715 14 128316 0 10953 128316 1
gene 4 235 3733 142815 0 10999 142815 1
gene 4 3733 14 -282906 0 11000 -282906 1
gene 3 7 3775 370977 0 11121 370977 1
gene 3 3775 15 286596 0 11122 286596 1
gene 2 3 3831 30427 0 11273 30427 1
gene 2 3831 13 -330792 0 11274 -330792 1
gene 4 5 461 -20575 0 11419 -20575 1
gene 4 15 3909 1 1 11517 0 1
gene 4 3909 15 52722 0 11518 0 1
genomeend 44


/* Organism #46 Fitness: 240.000000 Time: 0 */
/* Position #46*/
#1 x: 70 y: 15
#2 x: 20 y: 31
#3 x: 72 y: 32
#4 x: 47 y: 69
#5 x: 73 y: 79
#6 x: 67 y: 82
genomestart 46
trait 1 43007.000000 16300.000000 6994.000000 28041.000000 57524.000000 37112.000000 87908.000000 80535.000000 trait 2 0.000000 43855.000000 0.000000 95786.000000 51940.000000 72099.000000 50358.000000 23911.000000 trait 3 0.000000 0.000000 0.000000 100000.000000 0.000000 13538.000000 0.000000 30146.000000 trait 4 4.000000 0.000000 0.000000 36940.000000 0.000000 0.000000 43316.000000 37957.000000 node 1 4 1 3
node 2 4 1 1
node 3 1 1 1
node 4 1 1 1
node 5 1 1 1
node 6 2 1 1
node 7 4 1 1
node 8 4 1 1
node 9 2 1 1
node 10 1 1 1
node 11 2 1 1
node 12 4 1 1
node 13 2 0 2
node 14 1 0 2
node 15 3 0 2
node 121 1 0 0
node 235 1 0 0
node 384 1 0 0
node 420 1 0 0
node 433 1 0 0
node 461 1 0 0
node 500 1 0 0
node 516 1 0 0
node 697 3 0 0
node 1018 1 0 0
node 1130 1 0 0
node 1323 3 0 0
node 1393 1 0 0
node 1479 1 0 0
node 1531 4 0 0
node 1683 1 0 0
node 1735 1 0 0
node 1875 1 0 0
node 2034 1 0 0
node 2142 1 0 0
node 2172 1 0 0
node 2206 1 0 0
node 2313 1 0 0
node 2332 1 0 0
node 2368 3 0 0
node 2491 1 0 0
node 2512 1 0 0
node 2530 1 0 0
node 2547 1 0 0
node 2692 1 0 0
node 2786 1 0 0
node 2915 1 0 0
node 3042 1 0 0
node 3079 1 0 0
node 3409 1 0 0
node 3511 1 0 0
node 3548 1 0 0
node 3573 1 0 0
node 3618 1 0 0
node 3643 1 0 0
node 3681 1 0 0
node 3757 1 0 0
gene 2 1 13 -358788 0 1 -358788 1
gene 3 2 13 726021 0 2 726021 1
gene 2 3 13 -234171 0 3 -234171 1
gene 3 4 13 720122 0 4 720122 1
gene 2 5 13 -402828 0 5 -402828 0
gene 4 6 13 -718551 0 6 -718551 1
gene 3 7 13 -200070 0 7 -200070 1
gene 2 8 13 -460362 0 8 -460362 0
gene 3 9 13 264744 0 9 264744 1
gene 2 10 13 313164 0 10 313164 0
gene 2 11 13 -136776 0 11 -136776 1
gene 4 12 13 -26985 0 12 -26985 1
gene 2 1 14 171846 0 13 171846 1
gene 2 2 14 134001 0 14 134001 1
gene 4 3 14 385572 0 15 385572 1
gene 4 4 14 81903 0 16 81903 1
gene 4 5 14 -103680 0 17 -103680 1
gene 3 6 14 306057 0 18 306057 0
gene 2 7 14 272889 0 19 272889 1
gene 1 8 14 63114 0 20 63114 0
gene 3 9 14 -470088 0 21 -470088 1
gene 1 10 14 -325893 0 22 -325893 0
gene 1 11 14 704573 0 23 704573 1
gene 3 12 14 485151 0 24 485151 1
gene 3 1 15 41925 0 25 41925 1
gene 3 2 15 77967 0 26 77967 1
gene 3 3 15 -1623 0 27 -1623 0
gene 3 4 15 87912 0 28 87912 1
gene 3 5 15 -105822 0 29 -105822 1
gene 1 6 15 -667769 0 30 -667769 1
gene 3 7 15 -289965 0 31 -289965 1
gene 3 8 15 -423417 0 32 -423417 1
gene 3 9 15 327477 0 33 327477 1
gene 3 10 15 -800000 0 34 -800000 1
gene 2 11 15 -365472 0 35 -365472 0
gene 4 12 15 -800000 0 36 -800000 1
gene 4 15 15 -111333 1 174 -111333 1
gene 3 8 121 -525237 0 329 -525237 1
gene 3 121 15 -85884 0 330 -85884 1
gene 2 5 121 -675513 0 438 -675513 0
gene 2 7 121 -103038 0 483 -103038 0
gene 4 4 235 -29646 0 666 -29646 1
gene 4 235 14 249909 0 667 249909 1
gene 1 1 235 108687 0 753 108687 1
gene 3 9 235 408024 0 1108 408024 1
gene 3 10 384 211830 0 1126 211830 1
gene 3 384 15 -196719 0 1127 -196719 1
gene 2 14 14 -42645 1 1197 -42645 1
gene 3 7 420 257520 0 1239 257520 0
gene 3 420 15 302376 0 1240 302376 0
gene 3 2 433 170856 0 1284 170856 0
gene 3 433 13 -72423 0 1285 -72423 1
gene 4 3 461 -277731 0 1352 -277731 1
gene 4 461 14 -101652 0 1353 -101652 1
gene 4 15 500 -385941 1 1453 -385941 1
gene 4 500 15 214125 0 1454 214125 1
gene 1 8 516 -34320 0 1500 -34320 1
gene 1 516 14 119292 0 1501 119292 1
gene 1 384 121 -75441 0 1548 -75441 1
gene 2 8 461 248337 0 1965 248337 1
gene 3 3 697 93191 0 2038 93191 1
gene 3 697 15 409005 0 2039 409005 1
gene 2 1 500 -506172 0 2133 -506172 1
gene 1 3 433 -516255 0 2628 -516255 1
gene 1 516 516 -85074 1 2664 -85074 1
gene 3 8 1018 313662 0 2997 313662 1
gene 3 1018 121 402375 0 2998 402375 0
gene 3 15 433 -534990 0 3156 -534990 1
gene 1 10 1130 203556 0 3329 203556 1
gene 1 1130 14 -33273 0 3330 -33273 1
gene 3 500 697 -587060 0 3371 -587060 1
gene 2 3 516 -464364 0 3603 -464364 0
gene 2 9 1323 506136 0 3885 506136 0
gene 2 1323 14 800000 0 3886 800000 1
gene 2 121 420 342875 0 3959 342875 1
gene 2 8 1393 800000 0 4093 800000 1
gene 2 1393 13 -264108 0 4094 -264108 1
gene 1 11 1479 42861 0 4325 42861 1
gene 1 1479 14 27438 0 4326 27438 1
gene 4 12 1531 -77319 0 4477 -77319 1
gene 4 1531 15 -181539 0 4478 -181539 1
gene 3 1393 433 121188 0 4734 121188 1
gene 2 1323 1683 570392 0 4950 570392 1
gene 2 1683 14 177144 0 4951 177144 1
gene 3 6 1735 -99078 0 5103 -99078 0
gene 3 1735 14 -301578 0 5104 -301578 1
gene 1 5 516 -498297 0 5346 -498297 1
gene 1 516 433 222498 0 5443 222498 1
gene 3 2 1875 -298146 0 5505 -298146 1
gene 3 1875 433 -473697 0 5506 -473697 1
gene 1 1683 461 -338403 0 5687 -338403 1
gene 1 516 121 636849 0 5877 636849 1
gene 3 3 2034 -264681 0 5939 -264681 1
gene 3 2034 697 -241377 0 5940 -241377 1
gene 3 5 1479 -468870 0 6157 -468870 1
gene 3 7 2142 -204174 0 6248 -204174 1
gene 3 2142 420 -33444 0 6249 -33444 1
gene 3 420 2172 -144870 0 6332 -144870 1
gene 3 2172 15 509868 0 6333 509868 1
gene 2 1735 1735 31644 1 6388 31644 1
gene 2 8 2206 -519012 0 6436 -519012 1
gene 2 2206 1393 417081 0 6437 417081 1
gene 2 121 2313 -800000 0 6747 -800000 1
gene 2 2313 420 -74763 0 6748 -74763 1
gene 2 9 2332 23007 0 6797 23007 1
gene 2 2332 1323 -366743 0 6798 -366743 0
gene 4 1323 2034 125394 0 6848 125394 1
gene 2 7 2368 -264876 0 6897 -264876 1
gene 2 2368 121 -60399 0 6898 -60399 1
gene 2 384 1531 199566 0 7018 199566 1
gene 2 2142 1018 -462954 0 7205 -462954 1
gene 3 2206 2034 517485 0 7245 517485 1
gene 2 7 2491 -70788 0 7283 -70788 0
gene 2 2491 2368 -183789 0 7284 -183789 1
gene 2 5 2512 358067 0 7337 358067 1
gene 2 2512 13 -56721 0 7338 -56721 1
gene 2 10 2530 -329121 0 7387 -329121 1
gene 2 2530 13 -187044 0 7388 -187044 1
gene 3 9 2547 450759 0 7440 450759 1
gene 3 2547 13 230418 0 7441 230418 1
gene 2 2530 1479 268683 0 7594 268683 1
gene 1 1479 2692 644610 0 7856 644610 0
gene 1 2692 14 196764 0 7857 196764 1
gene 3 4 1130 46029 0 7980 46029 1
gene 4 3 2786 -284411 0 8132 -284411 1
gene 4 2786 14 411246 0 8133 411246 1
gene 3 384 384 787233 1 8429 787233 1
gene 2 3 2915 150645 0 8516 150645 1
gene 2 2915 516 450993 0 8517 450993 1
gene 4 433 433 710790 1 8562 710790 1
gene 2 2547 1479 -321075 0 8709 -321075 0
gene 3 2206 1683 427026 0 8777 427026 0
gene 2 5 3042 -247884 0 8890 -247884 1
gene 2 3042 121 71805 0 8891 71805 1
gene 1 1479 3079 64653 0 9004 64653 1
gene 1 3079 2692 -540852 0 9005 -540852 1
gene 4 516 2547 136551 0 9030 136551 1
gene 3 1875 2915 362631 0 9219 362631 1
gene 2 2 420 -251526 0 9364 -251526 1
gene 2 1735 1531 -288882 0 9549 -288882 1
gene 4 9 697 339078 0 9875 339078 1
gene 4 12 2786 769781 0 9948 769781 1
gene 2 2547 3409 69804 0 10007 69804 1
gene 2 3409 1479 321834 0 10008 321834 1
gene 2 8 500 -24063 0 10064 -24063 1
gene 3 2206 3511 158199 0 10310 158199 1
gene 3 3511 1683 124893 0 10311 124893 1
gene 2 2332 3548 -446196 0 10423 -446196 1
gene 2 3548 1323 156576 0 10424 156576 1
gene 1 10 461 93234 0 10464 93234 1
gene 2 11 3573 -235593 0 10504 -235593 1
gene 2 3573 15 27918 0 10505 27918 1
gene 3 6 3618 255678 0 10634 255678 1
gene 3 3618 1735 31032 0 10635 31032 1
gene 2 7 3643 -95634 0 10711 -95634 1
gene 2 3643 2491 283998 0 10712 283998 1
gene 1 10 3681 -393801 0 10834 -393801 1
gene 1 3681 14 -15141 0 10835 -15141 1
gene 3 2 3757 -196515 0 11069 -196515 1
gene 3 3757 433 159744 0 11070 159744 1
gene 2 1130 235 -156924 0 11106 -156924 1
gene 2 1735 3079 -69246 0 11155 -69246 1
gene 2 1018 2530 -249019 0 11423 -249019 1
genomeend 46


/* Organism #48 Fitness: 180.000000 Time: 0 */
/* Position #48*/
#1 x: 85 y: 25
#2 x: 35 y: 31
#3 x: 47 y: 24
#4 x: 55 y: 60
#5 x: 79 y: 63
#6 x: 66 y: 76
genomestart 48
trait 1 43007.000000 16300.000000 6994.000000 28041.000000 57524.000000 37112.000000 87908.000000 80535.000000 trait 2 0.000000 43855.000000 0.000000 95786.000000 51940.000000 72099.000000 50358.000000 23911.000000 trait 3 0.000000 0.000000 0.000000 100000.000000 0.000000 13538.000000 0.000000 30146.000000 trait 4 4.000000 0.000000 0.000000 36940.000000 0.000000 0.000000 43316.000000 37957.000000 node 1 4 1 3
node 2 4 1 1
node 3 1 1 1
node 4 1 1 1
node 5 1 1 1
node 6 2 1 1
node 7 4 1 1
node 8 4 1 1
node 9 2 1 1
node 10 1 1 1
node 11 2 1 1
node 12 4 1 1
node 13 2 0 2
node 14 1 0 2
node 15 3 0 2
node 121 1 0 0
node 235 1 0 0
node 384 1 0 0
node 420 1 0 0
node 433 1 0 0
node 461 1 0 0
node 500 1 0 0
node 516 1 0 0
node 697 3 0 0
node 1018 1 0 0
node 1130 1 0 0
node 1323 3 0 0
node 1393 1 0 0
node 1479 1 0 0
node 1531 4 0 0
node 1683 1 0 0
node 1735 1 0 0
node 1875 1 0 0
node 2034 1 0 0
node 2142 1 0 0
node 2172 1 0 0
node 2206 1 0 0
node 2313 1 0 0
node 2332 1 0 0
node 2368 3 0 0
node 2491 1 0 0
node 2512 1 0 0
node 2530 1 0 0
node 2547 1 0 0
node 2692 1 0 0
node 2786 1 0 0
node 2915 1 0 0
node 3042 1 0 0
node 3079 1 0 0
node 3409 1 0 0
node 3511 1 0 0
node 3548 1 0 0
node 3573 1 0 0
node 3618 1 0 0
node 3643 1 0 0
node 3681 1 0 0
node 3757 1 0 0
gene 2 1 13 -241932 0 1 -241932 1
gene 3 2 13 571155 0 2 571155 1
gene 2 3 13 22584 0 3 22584 1
gene 3 4 13 503654 0 4 503654 1
gene 2 5 13 -424590 0 5 -424590 0
gene 4 6 13 -268554 0 6 -268554 1
gene 3 7 13 49239 0 7 49239 1
gene 2 8 13 -225192 0 8 -225192 0
gene 3 9 13 349530 0 9 349530 1
gene 2 10 13 90933 0 10 90933 0
gene 2 11 13 268047 0 11 268047 1
gene 4 12 13 -131865 0 12 -131865 1
gene 2 1 14 -157119 0 13 -157119 1
gene 2 2 14 -177186 0 14 -177186 1
gene 4 3 14 607857 0 15 607857 1
gene 4 4 14 413529 0 16 413529 1
gene 4 5 14 -73689 0 17 -73689 1
gene 3 6 14 263667 0 18 263667 0
gene 2 7 14 312762 0 19 312762 1
gene 1 8 14 332469 0 20 332469 0
gene 3 9 14 -555102 0 21 -555102 1
gene 1 10 14 -523821 0 22 -523821 0
gene 1 11 14 800000 0 23 800000 1
gene 3 12 14 623352 0 24 623352 1
gene 3 1 15 -421569 0 25 -421569 1
gene 3 2 15 488295 0 26 488295 1
gene 3 3 15 -231345 0 27 -231345 0
gene 3 4 15 66864 0 28 66864 1
gene 3 5 15 -396372 0 29 -396372 1
gene 1 6 15 -800000 0 30 -800000 1
gene 3 7 15 -112278 0 31 -112278 1
gene 3 8 15 -417840 0 32 -417840 1
gene 3 9 15 524061 0 33 524061 1
gene 3 10 15 -722175 0 34 -722175 1
gene 2 11 15 -178932 0 35 -178932 0
gene 4 12 15 -800000 0 36 -800000 1
gene 4 15 15 -221460 1 174 -221460 1
gene 3 8 121 -800000 0 329 -800000 1
gene 3 121 15 268869 0 330 268869 1
gene 2 5 121 -500220 0 438 -500220 0
gene 2 7 121 -199005 0 483 -199005 0
gene 4 4 235 218166 0 666 218166 1
gene 4 235 14 192366 0 667 192366 1
gene 1 1 235 344016 0 753 344016 1
gene 3 9 235 236256 0 1108 236256 1
gene 3 10 384 553242 0 1126 553242 1
gene 3 384 15 -350133 0 1127 -350133 1
gene 2 14 14 246138 1 1197 246138 1
gene 3 7 420 439707 0 1239 439707 0
gene 3 420 15 87456 0 1240 87456 0
gene 3 2 433 -203187 0 1284 -203187 0
gene 3 433 13 170496 0 1285 170496 1
gene 4 3 461 -5397 0 1352 -5397 1
gene 4 461 14 484314 0 1353 484314 1
gene 4 15 500 165816 1 1453 165816 1
gene 4 500 15 113448 0 1454 113448 1
gene 1 8 516 -4065 0 1500 -4065 1
gene 1 516 14 252417 0 1501 252417 1
gene 1 384 121 178152 0 1548 178152 1
gene 2 8 461 -164004 0 1965 -164004 1
gene 3 3 697 189299 0 2038 189299 1
gene 3 697 15 304875 0 2039 304875 1
gene 2 1 500 -510954 0 2133 -510954 1
gene 1 3 433 -624963 0 2628 -624963 1
gene 1 516 516 -320223 1 2664 -320223 1
gene 3 8 1018 38532 0 2997 38532 1
gene 3 1018 121 479784 0 2998 479784 0
gene 3 15 433 -142881 0 3156 -142881 1
gene 1 10 1130 154560 0 3329 154560 1
gene 1 1130 14 -144396 0 3330 -144396 1
gene 3 500 697 -446027 0 3371 -446027 1
gene 2 3 516 -154662 0 3603 -154662 0
gene 2 9 1323 290442 0 3885 290442 0
gene 2 1323 14 621623 0 3886 621623 1
gene 2 121 420 695183 0 3959 695183 1
gene 2 8 1393 715350 0 4093 715350 1
gene 2 1393 13 -278874 0 4094 -278874 1
gene 1 11 1479 440022 0 4325 440022 1
gene 1 1479 14 -371499 0 4326 -371499 1
gene 4 12 1531 -161736 0 4477 -161736 1
gene 4 1531 15 -199671 0 4478 -199671 1
gene 3 1393 433 -63033 0 4734 -63033 1
gene 2 1323 1683 667862 0 4950 667862 1
gene 2 1683 14 58575 0 4951 58575 1
gene 3 6 1735 -224919 0 5103 -224919 0
gene 3 1735 14 -372606 0 5104 -372606 1
gene 1 5 516 -332586 0 5346 -332586 1
gene 1 516 433 193968 0 5443 193968 1
gene 3 2 1875 -602169 0 5505 -602169 1
gene 3 1875 433 -250179 0 5506 -250179 1
gene 1 1683 461 -134400 0 5687 -134400 1
gene 1 516 121 437535 0 5877 437535 1
gene 3 3 2034 -107091 0 5939 -107091 1
gene 3 2034 697 -243438 0 5940 -243438 1
gene 3 5 1479 -673635 0 6157 -673635 1
gene 3 7 2142 -210834 0 6248 -210834 1
gene 3 2142 420 86121 0 6249 86121 1
gene 3 420 2172 -241257 0 6332 -241257 1
gene 3 2172 15 147582 0 6333 147582 1
gene 2 1735 1735 -64485 1 6388 -64485 1
gene 2 8 2206 -316692 0 6436 -316692 1
gene 2 2206 1393 255303 0 6437 255303 1
gene 2 121 2313 -440849 0 6747 -440849 1
gene 2 2313 420 449763 0 6748 449763 1
gene 2 9 2332 297177 0 6797 297177 1
gene 2 2332 1323 -540071 0 6798 -540071 0
gene 4 1323 2034 225885 0 6848 225885 1
gene 2 7 2368 -195615 0 6897 -195615 1
gene 2 2368 121 -52368 0 6898 -52368 1
gene 2 384 1531 440259 0 7018 440259 1
gene 2 2142 1018 -486102 0 7205 -486102 1
gene 3 2206 2034 433884 0 7245 433884 1
gene 2 7 2491 -336294 0 7283 -336294 0
gene 2 2491 2368 -271137 0 7284 -271137 1
gene 2 5 2512 383666 0 7337 383666 1
gene 2 2512 13 -401355 0 7338 -401355 1
gene 2 10 2530 -11172 0 7387 -11172 1
gene 2 2530 13 -414012 0 7388 -414012 1
gene 3 9 2547 614562 0 7440 614562 1
gene 3 2547 13 393414 0 7441 393414 1
gene 2 2530 1479 300327 0 7594 300327 1
gene 1 1479 2692 800000 0 7856 800000 0
gene 1 2692 14 -27597 0 7857 -27597 1
gene 3 4 1130 195117 0 7980 195117 1
gene 4 3 2786 -440141 0 8132 -440141 1
gene 4 2786 14 144990 0 8133 144990 1
gene 3 384 384 770658 1 8429 770658 1
gene 2 3 2915 -424248 0 8516 -424248 1
gene 2 2915 516 452907 0 8517 452907 1
gene 4 433 433 496605 1 8562 496605 1
gene 2 2547 1479 -375423 0 8709 -375423 0
gene 3 2206 1683 -133611 0 8777 -133611 0
gene 2 5 3042 -100758 0 8890 -100758 1
gene 2 3042 121 71805 0 8891 71805 1
gene 1 1479 3079 407232 0 9004 407232 1
gene 1 3079 2692 -656739 0 9005 -656739 1
gene 4 516 2547 -800000 0 9030 -800000 1
gene 3 1875 2915 68337 0 9219 68337 1
gene 2 2 420 -286959 0 9364 -286959 1
gene 2 1735 1531 201252 0 9549 201252 1
gene 4 9 697 152757 0 9875 152757 1
gene 4 12 2786 629696 0 9948 629696 1
gene 2 2547 3409 69804 0 10007 69804 1
gene 2 3409 1479 327858 0 10008 327858 1
gene 2 8 500 -242874 0 10064 -242874 1
gene 3 2206 3511 193197 0 10310 193197 1
gene 3 3511 1683 257010 0 10311 257010 1
gene 2 2332 3548 -700263 0 10423 -700263 1
gene 2 3548 1323 274278 0 10424 274278 1
gene 1 10 461 232548 0 10464 232548 1
gene 2 11 3573 85239 0 10504 85239 1
gene 2 3573 15 246462 0 10505 246462 1
gene 3 6 3618 498744 0 10634 498744 1
gene 3 3618 1735 -216867 0 10635 -216867 1
gene 2 7 3643 -95634 0 10711 -95634 1
gene 2 3643 2491 308589 0 10712 308589 1
gene 1 10 3681 -132642 0 10834 -132642 1
gene 1 3681 14 203991 0 10835 203991 1
gene 3 2 3757 -381147 0 11069 -381147 1
gene 3 3757 433 581835 0 11070 581835 1
gene 2 1130 235 -274230 0 11106 -274230 1
gene 2 1735 3079 109098 0 11155 109098 1
gene 2 1018 2530 39902 0 11423 39902 1
genomeend 48


/* Organism #55 Fitness: 180.000000 Time: 0 */
/* Position #55*/
#1 x: 77 y: 33
#2 x: 60 y: 16
#3 x: 58 y: 23
#4 x: 57 y: 70
#5 x: 24 y: 60
#6 x: 76 y: 69
genomestart 55
trait 1 43007.000000 16300.000000 6994.000000 28041.000000 57524.000000 37112.000000 87908.000000 80535.000000 trait 2 53934.000000 43855.000000 93604.000000 100000.000000 47120.000000 72099.000000 50358.000000 78174.000000 trait 3 0.000000 0.000000 0.000000 51304.000000 0.000000 13538.000000 70969.000000 30146.000000 trait 4 4.000000 0.000000 0.000000 36940.000000 0.000000 0.000000 43316.000000 37957.000000 node 1 4 1 3
node 2 4 1 1
node 3 1 1 1
node 4 1 1 1
node 5 1 1 1
node 6 2 1 1
node 7 4 1 1
node 8 4 1 1
node 9 2 1 1
node 10 1 1 1
node 11 2 1 1
node 12 4 1 1
node 13 2 0 2
node 14 1 0 2
node 15 3 0 2
node 121 1 0 0
node 235 1 0 0
node 384 1 0 0
node 420 1 0 0
node 433 1 0 0
node 461 1 0 0
node 500 1 0 0
node 516 1 0 0
node 697 3 0 0
node 1018 1 0 0
node 1130 1 0 0
node 1323 3 0 0
node 1393 1 0 0
node 1479 1 0 0
node 1531 4 0 0
node 1683 1 0 0
node 1735 1 0 0
node 1875 1 0 0
node 2034 1 0 0
node 2142 1 0 0
node 2172 1 0 0
node 2206 1 0 0
node 2313 2 0 0
node 2332 1 0 0
node 2368 3 0 0
node 2491 1 0 0
node 2512 1 0 0
node 2530 1 0 0
node 2547 1 0 0
node 2692 1 0 0
node 2786 1 0 0
node 2915 3 0 0
node 3042 3 0 0
node 3079 1 0 0
node 3409 1 0 0
node 3511 1 0 0
node 3548 1 0 0
node 3653 1 0 0
node 3813 1 0 0
gene 2 1 13 274095 0 1 274095 1
gene 3 2 13 393636 0 2 393636 1
gene 2 3 13 293154 0 3 293154 1
gene 3 4 13 58752 0 4 58752 1
gene 2 5 13 57990 0 5 57990 0
gene 4 6 13 293916 0 6 293916 1
gene 3 7 13 -55215 0 7 -55215 1
gene 2 8 13 -281778 0 8 -281778 0
gene 3 9 13 71400 0 9 71400 1
gene 2 10 13 459042 0 10 459042 0
gene 2 11 13 741488 0 11 741488 1
gene 4 12 13 -144345 0 12 -144345 1
gene 2 1 14 -49155 0 13 -49155 1
gene 2 2 14 -256500 0 14 -256500 1
gene 4 3 14 132159 0 15 132159 1
gene 4 4 14 545688 0 16 545688 1
gene 4 5 14 -488556 0 17 -488556 1
gene 3 6 14 177336 0 18 177336 0
gene 2 7 14 -436194 0 19 -436194 1
gene 1 8 14 -391464 0 20 -391464 0
gene 3 9 14 -76326 0 21 -76326 1
gene 1 10 14 -370011 0 22 -370011 1
gene 1 11 14 -434571 0 23 -434571 1
gene 3 12 14 59982 0 24 59982 1
gene 3 1 15 322026 0 25 322026 1
gene 3 2 15 406959 0 26 406959 1
gene 3 3 15 350772 0 27 350772 0
gene 3 4 15 800000 0 28 800000 1
gene 3 5 15 -224301 0 29 -224301 1
gene 1 6 15 247254 0 30 247254 1
gene 3 7 15 168639 0 31 168639 1
gene 3 8 15 317118 0 32 317118 1
gene 3 9 15 34122 0 33 34122 1
gene 3 10 15 107052 0 34 107052 1
gene 2 11 15 -136980 0 35 -136980 1
gene 4 12 15 -156693 0 36 -156693 1
gene 4 15 15 19830 1 174 19830 1
gene 3 8 121 75153 0 329 75153 1
gene 3 121 15 -695426 0 330 -695426 1
gene 2 5 121 -107412 0 438 -107412 0
gene 2 7 121 5871 0 483 5871 0
gene 4 4 235 -186159 0 666 -186159 1
gene 4 235 14 -738357 0 667 -738357 1
gene 1 1 235 -93927 0 753 -93927 1
gene 3 9 235 -4410 0 1108 -4410 1
gene 3 10 384 161919 0 1126 161919 1
gene 3 384 15 311109 0 1127 311109 1
gene 2 14 14 186045 1 1197 186045 1
gene 3 7 420 69735 0 1239 69735 0
gene 3 420 15 -381093 0 1240 -381093 0
gene 3 2 433 652500 0 1284 652500 1
gene 3 433 13 -251181 0 1285 -251181 1
gene 4 3 461 211920 0 1352 211920 0
gene 4 461 14 800000 0 1353 800000 1
gene 4 15 500 -800000 1 1453 -800000 1
gene 4 500 15 -229176 0 1454 -229176 1
gene 1 8 516 43074 0 1500 43074 1
gene 1 516 14 400917 0 1501 400917 1
gene 1 384 121 653165 0 1548 653165 1
gene 2 8 461 172293 0 1965 172293 1
gene 3 3 697 -724413 0 2038 -724413 1
gene 3 697 15 -443262 0 2039 -443262 1
gene 2 1 500 713702 0 2133 713702 1
gene 1 3 433 719201 0 2628 719201 1
gene 1 516 516 -600759 1 2664 -600759 1
gene 3 8 1018 199902 0 2997 199902 1
gene 3 1018 121 -664446 0 2998 -664446 0
gene 3 15 433 -508836 0 3156 -508836 1
gene 1 10 1130 269514 0 3329 269514 1
gene 1 1130 14 -604785 0 3330 -604785 1
gene 3 500 697 319680 0 3371 319680 1
gene 2 3 516 -800000 0 3603 -800000 0
gene 2 9 1323 -800000 0 3885 -800000 0
gene 2 1323 14 388398 0 3886 388398 1
gene 2 121 420 -369855 0 3959 -369855 1
gene 2 8 1393 417390 0 4093 417390 1
gene 2 1393 13 -82236 0 4094 -82236 1
gene 1 11 1479 -800000 0 4325 -800000 1
gene 1 1479 14 -639081 0 4326 -639081 1
gene 4 12 1531 78126 0 4477 78126 1
gene 4 1531 15 205104 0 4478 205104 1
gene 3 1393 433 542772 0 4734 542772 1
gene 2 1323 1683 -123996 0 4950 -123996 1
gene 2 1683 14 8529 0 4951 8529 1
gene 3 6 1735 -97122 0 5103 -97122 1
gene 3 1735 14 -219648 0 5104 -219648 1
gene 1 5 516 174006 0 5346 174006 1
gene 1 516 433 -360393 0 5443 -360393 1
gene 3 2 1875 261462 0 5505 261462 1
gene 3 1875 433 -800000 0 5506 -800000 1
gene 1 1683 461 -507890 0 5687 -507890 1
gene 1 516 121 261753 0 5877 261753 1
gene 3 3 2034 -438078 0 5939 -438078 1
gene 3 2034 697 -171828 0 5940 -171828 1
gene 3 5 1479 -800000 0 6157 -800000 1
gene 3 7 2142 23172 0 6248 23172 1
gene 3 2142 420 -190371 0 6249 -190371 1
gene 3 420 2172 -414888 0 6332 -414888 1
gene 3 2172 15 200049 0 6333 200049 1
gene 2 1735 1735 -284373 1 6388 -284373 1
gene 2 8 2206 -349005 0 6436 -349005 1
gene 2 2206 1393 168624 0 6437 168624 1
gene 2 121 2313 142614 0 6747 142614 1
gene 2 2313 420 148164 0 6748 148164 1
gene 2 9 2332 -627788 0 6797 -627788 1
gene 2 2332 1323 469464 0 6798 469464 0
gene 4 1323 2034 -186681 0 6848 -186681 1
gene 2 7 2368 150210 0 6897 150210 1
gene 2 2368 121 -89517 0 6898 -89517 1
gene 2 384 1531 -744621 0 7018 -744621 1
gene 2 2142 1018 227247 0 7205 227247 1
gene 3 2206 2034 -114081 0 7245 -114081 1
gene 2 7 2491 484428 0 7283 484428 1
gene 2 2491 2368 -435183 0 7284 -435183 1
gene 2 5 2512 800000 0 7337 800000 1
gene 2 2512 13 -334368 0 7338 -334368 1
gene 2 10 2530 -674654 0 7387 -674654 1
gene 2 2530 13 -539681 0 7388 -539681 1
gene 3 9 2547 237927 0 7440 237927 1
gene 3 2547 13 117720 0 7441 117720 1
gene 2 2530 1479 -43467 0 7594 -43467 1
gene 1 1479 2692 216384 0 7856 216384 0
gene 1 2692 14 -295305 0 7857 -295305 1
gene 3 4 1130 479535 0 7980 479535 1
gene 4 3 2786 -14229 0 8132 -14229 1
gene 4 2786 14 119019 0 8133 119019 1
gene 3 384 384 46209 1 8429 46209 1
gene 2 3 2915 263064 0 8516 263064 1
gene 2 2915 516 644475 0 8517 644475 1
gene 4 433 433 -231381 1 8562 -231381 1
gene 2 2547 1479 173556 0 8709 173556 0
gene 3 2206 1683 304035 0 8777 304035 0
gene 2 5 3042 142962 0 8890 142962 1
gene 2 3042 121 -594630 0 8891 -594630 1
gene 1 1479 3079 -75330 0 9004 -75330 1
gene 1 3079 2692 104406 0 9005 104406 1
gene 4 516 2547 -203706 0 9030 -203706 1
gene 3 1875 2915 370515 0 9219 370515 1
gene 2 2 420 -245712 0 9364 -245712 1
gene 2 1735 1531 444645 0 9549 444645 1
gene 4 9 697 -182259 0 9875 -182259 1
gene 4 12 2786 -93399 0 9948 -93399 1
gene 2 2547 3409 493026 0 10007 493026 1
gene 2 3409 1479 -495180 0 10008 -495180 1
gene 2 8 500 -52287 0 10064 -52287 1
gene 3 2206 3511 201480 0 10310 201480 1
gene 3 3511 1683 688470 0 10311 688470 1
gene 2 2332 3548 -40611 0 10423 -40611 1
gene 2 3548 1323 95427 0 10424 95427 0
gene 2 3548 3653 -272235 0 10741 -272235 1
gene 2 3653 1323 -15066 0 10742 -15066 1
gene 4 1393 3042 -624481 0 10907 -624481 1
gene 4 3 3813 251088 0 11225 251088 1
gene 4 3813 461 -7503 0 11226 -7503 1
gene 2 11 697 -213553 0 11389 -213553 1
gene 3 121 13 -133746 0 11432 -133746 1
genomeend 55


/* Organism #58 Fitness: 300.000000 Time: 0 */
/* Position #58*/
#1 x: 49 y: 28
#2 x: 36 y: 35
#3 x: 78 y: 36
#4 x: 32 y: 81
#5 x: 52 y: 61
#6 x: 66 y: 62
genomestart 58
trait 1 78708.000000 100000.000000 6994.000000 0.000000 57524.000000 100000.000000 87908.000000 100000.000000 trait 2 7350.000000 88783.000000 70868.000000 0.000000 0.000000 0.000000 54579.000000 18399.000000 trait 3 0.000000 0.000000 44883.000000 65858.000000 41337.000000 0.000000 100000.000000 41343.000000 trait 4 4.000000 0.000000 0.000000 36940.000000 0.000000 0.000000 0.000000 37957.000000 node 1 4 1 3
node 2 4 1 1
node 3 1 1 1
node 4 1 1 1
node 5 1 1 1
node 6 2 1 1
node 7 4 1 1
node 8 4 1 1
node 9 2 1 1
node 10 1 1 1
node 11 2 1 1
node 12 4 1 1
node 13 2 0 2
node 14 1 0 2
node 15 3 0 2
node 121 1 0 0
node 235 1 0 0
node 384 2 0 0
node 420 1 0 0
node 433 1 0 0
node 461 1 0 0
node 500 1 0 0
node 516 1 0 0
node 697 3 0 0
node 1018 1 0 0
node 1130 1 0 0
node 1323 3 0 0
node 1393 1 0 0
node 1479 1 0 0
node 1531 3 0 0
node 1683 1 0 0
node 1735 2 0 0
node 1875 1 0 0
node 2034 1 0 0
node 2142 1 0 0
node 2172 1 0 0
node 2206 1 0 0
node 2313 1 0 0
node 2332 1 0 0
node 2368 1 0 0
node 2491 1 0 0
node 2512 1 0 0
node 2530 1 0 0
node 2547 1 0 0
node 2692 1 0 0
node 2786 1 0 0
node 2912 1 0 0
node 3009 1 0 0
node 3108 1 0 0
node 3213 1 0 0
node 3249 1 0 0
node 3336 1 0 0
node 3356 1 0 0
node 3443 1 0 0
node 3469 1 0 0
node 3532 1 0 0
node 3658 1 0 0
node 3715 1 0 0
node 3733 1 0 0
node 3775 1 0 0
node 3831 1 0 0
gene 2 1 13 -457014 0 1 -457014 1
gene 3 2 13 226908 0 2 226908 1
gene 2 3 13 599550 0 3 599550 0
gene 3 4 13 -166350 0 4 -166350 1
gene 2 5 13 -550098 0 5 -550098 0
gene 4 6 13 284253 0 6 284253 1
gene 3 7 13 -282609 0 7 -282609 1
gene 2 8 13 -290217 0 8 -290217 0
gene 3 9 13 -165198 0 9 -165198 1
gene 2 10 13 -206124 0 10 -206124 1
gene 2 11 13 -94947 0 11 -94947 1
gene 4 12 13 213315 0 12 213315 1
gene 2 1 14 68946 0 13 68946 1
gene 2 2 14 657003 0 14 657003 1
gene 4 3 14 -531138 0 15 -531138 0
gene 4 4 14 42951 0 16 42951 1
gene 4 5 14 517539 0 17 517539 1
gene 3 6 14 431763 0 18 431763 0
gene 2 7 14 -235887 0 19 -235887 1
gene 1 8 14 -100179 0 20 -100179 0
gene 3 9 14 106410 0 21 106410 1
gene 1 10 14 261591 0 22 261591 0
gene 1 11 14 213924 0 23 213924 1
gene 4 12 14 -155679 0 24 -155679 1
gene 3 1 15 -25569 0 25 -25569 1
gene 3 2 15 86826 0 26 86826 1
gene 3 3 15 -450252 0 27 -450252 1
gene 3 4 15 125349 0 28 125349 1
gene 3 5 15 -176934 0 29 -176934 1
gene 1 6 15 274056 0 30 274056 1
gene 3 7 15 176505 0 31 176505 0
gene 3 8 15 608714 0 32 608714 1
gene 3 9 15 -800000 0 33 -800000 1
gene 3 10 15 166431 0 34 166431 0
gene 2 11 15 641937 0 35 641937 1
gene 4 12 15 203886 0 36 203886 0
gene 4 15 15 -106155 1 174 -106155 1
gene 3 8 121 -335706 0 329 -335706 0
gene 3 121 15 119403 0 330 119403 1
gene 2 5 121 -43812 0 438 -43812 1
gene 2 7 121 -180603 0 483 -180603 0
gene 4 4 235 619550 0 666 619550 1
gene 4 235 14 -97284 0 667 -97284 0
gene 1 1 235 -588432 0 753 -588432 1
gene 3 9 235 -708299 0 1108 -708299 1
gene 3 10 384 793080 0 1126 793080 1
gene 3 384 15 758037 0 1127 758037 1
gene 2 14 14 390825 1 1197 390825 1
gene 3 7 420 14343 0 1239 14343 0
gene 3 420 15 285558 0 1240 285558 0
gene 3 2 433 -125073 0 1284 -125073 1
gene 3 433 13 322404 0 1285 322404 1
gene 4 3 461 -82593 0 1352 -82593 1
gene 4 461 14 129402 0 1353 129402 1
gene 4 15 500 -11142 1 1453 -11142 1
gene 4 500 15 800000 0 1454 800000 0
gene 1 8 516 -344991 0 1500 -344991 1
gene 1 516 14 345819 0 1501 345819 0
gene 1 384 121 -31107 0 1548 -31107 1
gene 2 8 461 188985 0 1965 188985 1
gene 3 3 697 439557 0 2038 439557 1
gene 3 697 15 43896 0 2039 43896 0
gene 2 1 500 -101289 0 2133 -101289 1
gene 1 3 433 588036 0 2628 588036 1
gene 1 516 516 -291636 1 2664 -291636 1
gene 3 8 1018 187698 0 2997 187698 1
gene 3 1018 121 -725484 0 2998 -725484 0
gene 3 15 433 -243042 0 3156 -243042 1
gene 2 10 1130 599862 0 3329 599862 1
gene 1 1130 14 350862 0 3330 350862 1
gene 3 500 697 229992 0 3371 229992 1
gene 2 3 516 -189129 0 3603 -189129 1
gene 2 9 1323 120027 0 3885 120027 0
gene 2 1323 14 155592 0 3886 155592 1
gene 2 121 420 -265722 0 3959 -265722 1
gene 2 8 1393 -191763 0 4093 -191763 1
gene 2 1393 13 162354 0 4094 162354 0
gene 1 11 1479 -204387 0 4325 -204387 1
gene 1 1479 14 336474 0 4326 336474 1
gene 4 12 1531 -426870 0 4477 -426870 1
gene 4 1531 15 -640604 0 4478 -640604 1
gene 3 1393 433 -415362 0 4734 -415362 1
gene 2 1323 1683 -302139 0 4950 -302139 1
gene 2 1683 14 374925 0 4951 374925 1
gene 3 6 1735 290895 0 5103 290895 1
gene 3 1735 14 -46329 0 5104 -46329 1
gene 1 5 516 126486 0 5346 126486 1
gene 1 516 433 -740322 0 5443 -740322 1
gene 3 2 1875 800000 0 5505 800000 1
gene 3 1875 433 291921 0 5506 291921 1
gene 1 1683 461 99201 0 5687 99201 1
gene 1 516 121 146106 0 5877 146106 1
gene 3 3 2034 -72090 0 5939 -72090 1
gene 3 2034 697 578508 0 5940 578508 1
gene 3 5 1479 800000 0 6157 800000 1
gene 3 7 2142 221109 0 6248 221109 1
gene 3 2142 420 -468852 0 6249 -468852 1
gene 3 420 2172 138957 0 6332 138957 1
gene 3 2172 15 -39282 0 6333 -39282 1
gene 2 1735 1735 653940 1 6388 653940 1
gene 2 8 2206 319389 0 6436 319389 1
gene 1 2206 1393 -208236 0 6437 -208236 1
gene 2 121 2313 800000 0 6747 800000 1
gene 2 2313 420 -525258 0 6748 -525258 1
gene 2 9 2332 428505 0 6797 428505 0
gene 2 2332 1323 -231024 0 6798 -231024 1
gene 4 1323 2034 -800000 0 6848 -800000 1
gene 2 7 2368 -357609 0 6897 -357609 1
gene 2 2368 121 800000 0 6898 800000 1
gene 2 384 1531 -22503 0 7018 -22503 1
gene 2 2142 1018 -661602 0 7205 -661602 1
gene 3 2206 2034 333963 0 7245 333963 1
gene 2 7 2491 668373 0 7283 668373 1
gene 2 2491 2368 454335 0 7284 454335 1
gene 2 5 2512 67926 0 7337 67926 1
gene 2 2512 13 -695357 0 7338 -695357 0
gene 2 10 2530 199287 0 7387 199287 1
gene 2 2530 13 270471 0 7388 270471 1
gene 3 9 2547 157104 0 7440 157104 1
gene 3 2547 13 45279 0 7441 45279 1
gene 2 2530 1479 -48957 0 7594 -48957 0
gene 1 1479 2692 152235 0 7856 152235 1
gene 1 2692 14 -601077 0 7857 -601077 1
gene 3 4 1130 -202503 0 7980 -202503 1
gene 4 3 2786 196782 0 8132 196782 1
gene 4 2786 14 151590 0 8133 151590 0
gene 4 2547 1735 -212283 0 8311 -212283 1
gene 3 2692 461 -218139 0 8358 -218139 1
gene 4 500 2912 -401415 0 8507 -401415 1
gene 1 2912 15 122157 0 8508 122157 1
gene 1 2912 1130 668043 0 8750 668043 1
gene 2 2142 3009 -330360 0 8799 -330360 1
gene 2 3009 1018 347121 0 8800 347121 0
gene 3 2034 2034 -203478 1 8851 -203478 1
gene 2 2512 3108 -169899 0 9104 -169899 1
gene 2 3108 13 800000 0 9105 800000 1
gene 1 2491 235 180534 0 9236 180534 1
gene 2 9 3213 -202293 0 9416 -202293 1
gene 2 3213 2332 -162402 0 9417 -162402 1
gene 1 516 3249 -487842 0 9516 -487842 1
gene 1 3249 14 -188424 0 9517 -188424 1
gene 2 1393 3336 -351576 0 9780 -351576 1
gene 2 3336 13 -210633 0 9781 -210633 1
gene 2 2530 3356 197811 0 9835 197811 1
gene 2 3356 1479 340701 0 9836 340701 1
gene 3 2034 3443 81426 1 10105 81426 1
gene 3 3443 2034 -282474 0 10106 -282474 1
gene 3 697 3469 -237192 0 10184 -237192 1
gene 3 3469 15 -386196 0 10185 -386196 1
gene 3 3009 3009 374952 1 10235 374952 1
gene 2 3009 3532 190809 0 10378 190809 1
gene 2 3532 1018 114192 0 10379 114192 1
gene 1 10 3658 -295488 0 10754 -295488 1
gene 1 3658 14 -74205 0 10755 -74205 1
gene 2 1393 1323 -163256 0 10793 -163256 1
gene 4 2786 3715 216822 0 10952 216822 1
gene 4 3715 14 768794 0 10953 768794 1
gene 4 235 3733 274236 0 10999 274236 1
gene 4 3733 14 -424950 0 11000 -424950 1
gene 3 7 3775 -367506 0 11121 -367506 1
gene 3 3775 15 272910 0 11122 272910 1
gene 2 3 3831 289189 0 11273 289189 1
gene 2 3831 13 -225030 0 11274 -225030 1
gene 1 1735 3831 88119 0 11390 88119 1
genomeend 58


/* Organism #70 Fitness: 220.000000 Time: 0 */
/* Position #70*/
#1 x: 32 y: 22
#2 x: 56 y: 25
#3 x: 60 y: 29
#4 x: 17 y: 65
#5 x: 15 y: 81
#6 x: 68 y: 62
genomestart 70
trait 1 43007.000000 16300.000000 6994.000000 28041.000000 57524.000000 37112.000000 87908.000000 80535.000000 trait 2 0.000000 43855.000000 0.000000 95786.000000 51940.000000 72099.000000 50358.000000 23911.000000 trait 3 0.000000 0.000000 0.000000 0.000000 0.000000 13538.000000 98382.000000 84848.000000 trait 4 4.000000 0.000000 0.000000 36940.000000 0.000000 0.000000 43316.000000 37957.000000 node 1 4 1 3
node 2 4 1 1
node 3 1 1 1
node 4 1 1 1
node 5 1 1 1
node 6 2 1 1
node 7 4 1 1
node 8 4 1 1
node 9 2 1 1
node 10 1 1 1
node 11 2 1 1
node 12 4 1 1
node 13 2 0 2
node 14 1 0 2
node 15 3 0 2
node 121 1 0 0
node 235 1 0 0
node 384 1 0 0
node 420 1 0 0
node 433 1 0 0
node 461 1 0 0
node 500 1 0 0
node 516 1 0 0
node 697 3 0 0
node 1018 1 0 0
node 1130 1 0 0
node 1323 3 0 0
node 1393 1 0 0
node 1479 1 0 0
node 1531 4 0 0
node 1683 1 0 0
node 1735 1 0 0
node 1875 1 0 0
node 2034 1 0 0
node 2142 1 0 0
node 2172 1 0 0
node 2206 1 0 0
node 2313 1 0 0
node 2332 1 0 0
node 2368 3 0 0
node 2491 1 0 0
node 2512 1 0 0
node 2530 1 0 0
node 2547 1 0 0
node 2692 1 0 0
node 2786 1 0 0
node 2915 1 0 0
node 3042 1 0 0
node 3079 1 0 0
node 3409 1 0 0
node 3527 1 0 0
node 3557 1 0 0
node 3610 1 0 0
node 3642 1 0 0
node 3859 1 0 0
gene 2 1 13 -461646 0 1 -461646 1
gene 3 2 13 355836 0 2 355836 1
gene 2 3 13 -202386 0 3 -202386 0
gene 3 4 13 331203 0 4 331203 1
gene 2 5 13 -450789 0 5 -450789 0
gene 4 6 13 -126681 0 6 -126681 1
gene 3 7 13 -33381 0 7 -33381 1
gene 2 8 13 182757 0 8 182757 0
gene 3 9 13 99306 0 9 99306 1
gene 2 10 13 194145 0 10 194145 0
gene 2 11 13 -800000 0 11 -800000 1
gene 4 12 13 112458 0 12 112458 1
gene 2 1 14 -284859 0 13 -284859 1
gene 2 2 14 168741 0 14 168741 1
gene 4 3 14 382362 0 15 382362 1
gene 4 4 14 -717878 0 16 -717878 1
gene 4 5 14 553832 0 17 553832 1
gene 3 6 14 -212304 0 18 -212304 0
gene 2 7 14 -168354 0 19 -168354 1
gene 1 8 14 240072 0 20 240072 0
gene 3 9 14 202095 0 21 202095 1
gene 1 10 14 -255684 0 22 -255684 1
gene 1 11 14 -451779 0 23 -451779 1
gene 3 12 14 401904 0 24 401904 1
gene 3 1 15 -68673 0 25 -68673 1
gene 3 2 15 359997 0 26 359997 1
gene 3 3 15 81354 0 27 81354 0
gene 3 4 15 -260379 0 28 -260379 1
gene 3 5 15 -137556 0 29 -137556 1
gene 1 6 15 92091 0 30 92091 1
gene 3 7 15 138237 0 31 138237 1
gene 3 8 15 -182922 0 32 -182922 1
gene 3 9 15 42306 0 33 42306 1
gene 3 10 15 -163875 0 34 -163875 1
gene 2 11 15 -215622 0 35 -215622 1
gene 4 12 15 -800000 0 36 -800000 1
gene 4 15 15 -142716 1 174 -142716 1
gene 3 8 121 13509 0 329 13509 1
gene 3 121 15 -283278 0 330 -283278 1
gene 2 5 121 -246492 0 438 -246492 0
gene 2 7 121 38697 0 483 38697 0
gene 4 4 235 -357651 0 666 -357651 1
gene 4 235 14 -1434 0 667 -1434 1
gene 1 1 235 -206814 0 753 -206814 1
gene 3 9 235 51054 0 1108 51054 1
gene 3 10 384 -421161 0 1126 -421161 1
gene 3 384 15 -220722 0 1127 -220722 1
gene 2 14 14 -87816 1 1197 -87816 1
gene 3 7 420 -588242 0 1239 -588242 0
gene 3 420 15 80376 0 1240 80376 0
gene 3 2 433 276873 0 1284 276873 1
gene 3 433 13 -240201 0 1285 -240201 1
gene 4 3 461 -195867 0 1352 -195867 1
gene 4 461 14 -202206 0 1353 -202206 1
gene 4 15 500 -124308 1 1453 -124308 1
gene 4 500 15 -113352 0 1454 -113352 1
gene 1 8 516 -401163 0 1500 -401163 1
gene 1 516 14 -277422 0 1501 -277422 1
gene 1 384 121 228234 0 1548 228234 1
gene 2 8 461 300858 0 1965 300858 1
gene 3 3 697 -193776 0 2038 -193776 1
gene 3 697 15 331035 0 2039 331035 1
gene 2 1 500 350081 0 2133 350081 1
gene 1 3 433 -426234 0 2628 -426234 1
gene 1 516 516 -113916 1 2664 -113916 1
gene 3 8 1018 630578 0 2997 630578 1
gene 3 1018 121 -283599 0 2998 -283599 0
gene 3 15 433 106410 0 3156 106410 0
gene 1 10 1130 114627 0 3329 114627 1
gene 1 1130 14 -613257 0 3330 -613257 1
gene 3 500 697 355356 0 3371 355356 1
gene 2 3 516 -800000 0 3603 -800000 0
gene 2 9 1323 98853 0 3885 98853 0
gene 2 1323 14 -275634 0 3886 -275634 1
gene 2 121 420 -56262 0 3959 -56262 1
gene 2 8 1393 -71565 0 4093 -71565 1
gene 2 1393 13 511359 0 4094 511359 1
gene 1 11 1479 -96330 0 4325 -96330 1
gene 1 1479 14 -123555 0 4326 -123555 1
gene 4 12 1531 493707 0 4477 493707 1
gene 4 1531 15 -118566 0 4478 -118566 1
gene 3 1393 433 -159606 0 4734 -159606 1
gene 2 1323 1683 -199191 0 4950 -199191 1
gene 2 1683 14 263136 0 4951 263136 1
gene 3 6 1735 253143 0 5103 253143 1
gene 3 1735 14 171351 0 5104 171351 1
gene 1 5 516 -69627 0 5346 -69627 1
gene 1 516 433 -190899 0 5443 -190899 1
gene 3 2 1875 295941 0 5505 295941 1
gene 3 1875 433 -198063 0 5506 -198063 1
gene 1 1683 461 500628 0 5687 500628 1
gene 1 516 121 613164 0 5877 613164 1
gene 3 3 2034 780393 0 5939 780393 1
gene 3 2034 697 -256038 0 5940 -256038 1
gene 3 5 1479 299865 0 6157 299865 1
gene 3 7 2142 -46839 0 6248 -46839 1
gene 3 2142 420 -168114 0 6249 -168114 1
gene 3 420 2172 19044 0 6332 19044 1
gene 3 2172 15 405909 0 6333 405909 0
gene 2 1735 1735 445914 1 6388 445914 1
gene 2 8 2206 -212733 0 6436 -212733 1
gene 2 2206 1393 -182181 0 6437 -182181 1
gene 2 121 2313 -515781 0 6747 -515781 1
gene 2 2313 420 216912 0 6748 216912 1
gene 2 9 2332 -426309 0 6797 -426309 1
gene 2 2332 1323 157326 0 6798 157326 1
gene 4 1323 2034 260673 0 6848 260673 1
gene 2 7 2368 -36789 0 6897 -36789 0
gene 2 2368 121 -324606 0 6898 -324606 1
gene 2 384 1531 800000 0 7018 800000 0
gene 2 2142 1018 -40002 0 7205 -40002 1
gene 3 2206 2034 -292716 0 7245 -292716 1
gene 2 7 2491 401115 0 7283 401115 1
gene 2 2491 2368 28605 0 7284 28605 1
gene 2 5 2512 111129 0 7337 111129 1
gene 2 2512 13 -82527 0 7338 -82527 1
gene 2 10 2530 77322 0 7387 77322 1
gene 1 2530 13 -376419 0 7388 -376419 1
gene 3 9 2547 -35847 0 7440 -35847 1
gene 3 2547 13 -552699 0 7441 -552699 1
gene 2 2530 1479 127617 0 7594 127617 1
gene 1 1479 2692 -117615 0 7856 -117615 0
gene 1 2692 14 -270945 0 7857 -270945 1
gene 3 4 1130 171906 0 7980 171906 1
gene 4 3 2786 -40527 0 8132 -40527 1
gene 4 2786 14 -236817 0 8133 -236817 1
gene 3 384 384 733338 1 8429 733338 1
gene 2 3 2915 90993 0 8516 90993 1
gene 2 2915 516 -188223 0 8517 -188223 1
gene 4 433 433 227613 1 8562 227613 1
gene 2 2547 1479 -242877 0 8709 -242877 0
gene 3 2206 1683 -690375 0 8777 -690375 1
gene 2 5 3042 17466 0 8890 17466 1
gene 2 3042 121 -53205 0 8891 -53205 1
gene 1 1479 3079 -268833 0 9004 -268833 1
gene 1 3079 2692 -171303 0 9005 -171303 1
gene 4 516 2547 -191004 0 9030 -191004 1
gene 3 1875 2915 -29454 0 9219 -29454 1
gene 2 2 420 -248811 0 9364 -248811 1
gene 2 1735 1531 42222 0 9549 42222 1
gene 4 9 697 87774 0 9875 87774 1
gene 4 12 2786 -13344 0 9948 -13344 1
gene 2 2547 3409 -185766 0 10007 -185766 1
gene 2 3409 1479 124869 0 10008 124869 1
gene 2 8 500 -116343 0 10064 -116343 1
gene 2 3 3527 304863 0 10362 304863 1
gene 2 3527 13 -253272 0 10363 -253272 1
gene 3 500 500 -612609 1 10410 -612609 1
gene 2 384 3557 -413400 0 10455 -413400 1
gene 2 3557 1531 -21546 0 10456 -21546 1
gene 1 2491 1018 439659 0 10493 439659 1
gene 3 7 3610 -88001 0 10603 -88001 1
gene 2 3610 2368 -39903 0 10604 -39903 1
gene 1 2142 2142 20343 1 10644 20343 1
gene 3 15 3642 88437 0 10707 88437 1
gene 3 3642 433 56424 0 10708 56424 1
gene 3 2313 15 -800000 0 10762 -800000 1
gene 2 2332 1875 -87894 0 11004 -87894 1
gene 3 2172 3859 -16578 0 11354 -16578 1
gene 3 3859 15 -64095 0 11355 -64095 1
gene 3 516 2034 67804 0 11404 67804 1
genomeend 70


