/* Organism #5 Fitness: 210.000000 Time: 0 */
/* Position #5*/
#1 x: 67 y: 18
#2 x: 30 y: 38
#3 x: 50 y: 30
#4 x: 66 y: 72
#5 x: 50 y: 63
#6 x: 15 y: 67
genomestart 5
trait 1 43007.000000 16300.000000 6994.000000 28041.000000 57524.000000 37112.000000 87908.000000 80535.000000 trait 2 30533.000000 24215.000000 70868.000000 0.000000 0.000000 0.000000 0.000000 18399.000000 trait 3 0.000000 83419.000000 0.000000 65858.000000 0.000000 0.000000 100000.000000 41343.000000 trait 4 4.000000 0.000000 0.000000 36940.000000 0.000000 0.000000 43316.000000 37957.000000 node 1 4 1 3
node 2 4 1 1
node 3 1 1 1
node 4 1 1 1
node 5 1 1 1
node 6 2 1 1
node 7 4 1 1
node 8 4 1 1
node 9 2 1 1
node 10 1 1 1
node 11 2 1 1
node 12 4 1 1
node 13 2 0 2
node 14 1 0 2
node 15 3 0 2
node 121 1 0 0
node 235 1 0 0
node 384 1 0 0
node 420 1 0 0
node 433 1 0 0
node 461 1 0 0
node 500 1 0 0
node 516 1 0 0
node 697 3 0 0
node 1018 1 0 0
node 1130 1 0 0
node 1323 3 0 0
node 1393 1 0 0
node 1479 1 0 0
node 1531 3 0 0
node 1683 1 0 0
node 1735 1 0 0
node 1875 1 0 0
node 2034 1 0 0
node 2142 1 0 0
node 2172 1 0 0
node 2206 1 0 0
node 2313 1 0 0
node 2332 1 0 0
node 2368 1 0 0
node 2491 1 0 0
node 2512 1 0 0
node 2530 1 0 0
node 2547 1 0 0
node 2692 1 0 0
node 2786 1 0 0
node 2912 1 0 0
node 3009 1 0 0
gene 2 1 13 -23475 0 1 -23475 1
gene 3 2 13 -800000 0 2 -800000 1
gene 2 3 13 -165501 0 3 -165501 1
gene 3 4 13 -73249 0 4 -73249 1
gene 2 5 13 3699 0 5 3699 0
gene 4 6 13 -379041 0 6 -379041 1
gene 3 7 13 -21384 0 7 -21384 1
gene 2 8 13 -452580 0 8 -452580 0
gene 3 9 13 -47337 0 9 -47337 1
gene 2 10 13 94329 0 10 94329 0
gene 2 11 13 262017 0 11 262017 1
gene 4 12 13 317208 0 12 317208 1
gene 2 1 14 -158397 0 13 -158397 1
gene 2 2 14 136677 0 14 136677 1
gene 4 3 14 -127635 0 15 -127635 0
gene 4 4 14 -290745 0 16 -290745 0
gene 4 5 14 622032 0 17 622032 1
gene 3 6 14 93084 0 18 93084 0
gene 2 7 14 -95448 0 19 -95448 1
gene 1 8 14 373857 0 20 373857 0
gene 3 9 14 -227001 0 21 -227001 1
gene 1 10 14 69609 0 22 69609 1
gene 1 11 14 604110 0 23 604110 1
gene 4 12 14 569082 0 24 569082 1
gene 3 1 15 -212322 0 25 -212322 1
gene 3 2 15 124767 0 26 124767 1
gene 3 3 15 -26166 0 27 -26166 0
gene 3 4 15 245244 0 28 245244 1
gene 3 5 15 419439 0 29 419439 1
gene 1 6 15 591303 0 30 591303 1
gene 3 7 15 -800000 0 31 -800000 1
gene 3 8 15 -312768 0 32 -312768 1
gene 3 9 15 142158 0 33 142158 1
gene 3 10 15 255861 0 34 255861 0
gene 2 11 15 462777 0 35 462777 1
gene 4 12 15 213459 0 36 213459 0
gene 4 15 15 568916 1 174 568916 0
gene 3 8 121 764771 0 329 764771 0
gene 3 121 15 332673 0 330 332673 1
gene 2 5 121 29418 0 438 29418 1
gene 2 7 121 -500997 0 483 -500997 0
gene 4 4 235 -123006 0 666 -123006 1
gene 4 235 14 -528323 0 667 -528323 1
gene 1 1 235 -17940 0 753 -17940 1
gene 3 9 235 493284 0 1108 493284 1
gene 3 10 384 -416585 0 1126 -416585 1
gene 3 384 15 800000 0 1127 800000 1
gene 2 14 14 491208 1 1197 491208 1
gene 3 7 420 -194514 0 1239 -194514 0
gene 3 420 15 25119 0 1240 25119 0
gene 3 2 433 316767 0 1284 316767 1
gene 3 433 13 -119685 0 1285 -119685 1
gene 4 3 461 -270924 0 1352 -270924 1
gene 4 461 14 -24522 0 1353 -24522 1
gene 4 15 500 665691 1 1453 665691 1
gene 4 500 15 518604 0 1454 518604 0
gene 1 8 516 563814 0 1500 563814 1
gene 1 516 14 800000 0 1501 800000 1
gene 1 384 121 -784823 0 1548 -784823 1
gene 2 8 461 203604 0 1965 203604 1
gene 3 3 697 466224 0 2038 466224 1
gene 3 697 15 -101562 0 2039 -101562 1
gene 2 1 500 -411255 0 2133 -411255 1
gene 1 3 433 -240024 0 2628 -240024 1
gene 1 516 516 273222 1 2664 273222 1
gene 3 8 1018 444270 0 2997 444270 1
gene 3 1018 121 342389 0 2998 342389 0
gene 3 15 433 53316 0 3156 53316 1
gene 1 10 1130 -621830 0 3329 -621830 1
gene 1 1130 14 22029 0 3330 22029 1
gene 3 500 697 635103 0 3371 635103 1
gene 2 3 516 569373 0 3603 569373 1
gene 2 9 1323 221967 0 3885 221967 0
gene 2 1323 14 -546612 0 3886 -546612 0
gene 2 121 420 -248229 0 3959 -248229 1
gene 2 8 1393 -260733 0 4093 -260733 1
gene 2 1393 13 -411891 0 4094 -411891 1
gene 1 11 1479 729801 0 4325 729801 1
gene 1 1479 14 424776 0 4326 424776 1
gene 4 12 1531 117054 0 4477 117054 1
gene 4 1531 15 419730 0 4478 419730 1
gene 3 1393 433 -546681 0 4734 -546681 1
gene 2 1323 1683 585549 0 4950 585549 1
gene 2 1683 14 563156 0 4951 563156 1
gene 3 6 1735 292185 0 5103 292185 1
gene 3 1735 14 -64491 0 5104 -64491 1
gene 1 5 516 -38646 0 5346 -38646 1
gene 1 516 433 -290337 0 5443 -290337 1
gene 3 2 1875 -409524 0 5505 -409524 1
gene 3 1875 433 69012 0 5506 69012 1
gene 1 1683 461 -39174 0 5687 -39174 1
gene 1 516 121 375765 0 5877 375765 1
gene 3 3 2034 800000 0 5939 800000 1
gene 3 2034 697 -358113 0 5940 -358113 1
gene 3 5 1479 800000 0 6157 800000 1
gene 3 7 2142 268263 0 6248 268263 1
gene 3 2142 420 2742 0 6249 2742 1
gene 3 420 2172 80106 0 6332 80106 1
gene 3 2172 15 -101214 0 6333 -101214 1
gene 2 1735 1735 571293 1 6388 571293 1
gene 2 8 2206 -786548 0 6436 -786548 1
gene 2 2206 1393 47928 0 6437 47928 1
gene 2 121 2313 416043 0 6747 416043 1
gene 2 2313 420 -367881 0 6748 -367881 1
gene 2 9 2332 260928 0 6797 260928 1
gene 2 2332 1323 82467 0 6798 82467 1
gene 4 1323 2034 -141966 0 6848 -141966 1
gene 2 7 2368 -445209 0 6897 -445209 1
gene 2 2368 121 -172446 0 6898 -172446 1
gene 2 384 1531 460152 0 7018 460152 1
gene 2 2142 1018 417573 0 7205 417573 0
gene 3 2206 2034 87513 0 7245 87513 1
gene 2 7 2491 146283 0 7283 146283 1
gene 2 2491 2368 -118431 0 7284 -118431 1
gene 2 5 2512 227544 0 7337 227544 1
gene 2 2512 13 -221745 0 7338 -221745 1
gene 2 10 2530 -113415 0 7387 -113415 1
gene 2 2530 13 -436656 0 7388 -436656 1
gene 3 9 2547 115380 0 7440 115380 1
gene 3 2547 13 -423186 0 7441 -423186 1
gene 2 2530 1479 294228 0 7594 294228 1
gene 1 1479 2692 -250767 0 7856 -250767 1
gene 1 2692 14 -251607 0 7857 -251607 1
gene 3 4 1130 290904 0 7980 290904 1
gene 4 3 2786 -109632 0 8132 -109632 1
gene 4 2786 14 554463 0 8133 554463 1
gene 4 2547 1735 269096 0 8311 269096 1
gene 3 2692 461 529857 0 8358 529857 1
gene 4 500 2912 -68453 0 8507 -68453 1
gene 1 2912 15 314883 0 8508 314883 1
gene 1 2912 1130 56217 0 8750 56217 1
gene 2 2142 3009 1 0 8799 0 1
gene 2 3009 1018 417573 0 8800 0 1
gene 3 2034 2034 90879 1 8851 90879 1
genomeend 5


/* Organism #8 Fitness: 220.000000 Time: 0 */
/* Position #8*/
#1 x: 21 y: 29
#2 x: 63 y: 22
#3 x: 43 y: 16
#4 x: 53 y: 71
#5 x: 15 y: 65
#6 x: 32 y: 76
genomestart 8
trait 1 43007.000000 16300.000000 6994.000000 28041.000000 57524.000000 37112.000000 87908.000000 80535.000000 trait 2 2.000000 0.000000 0.000000 95786.000000 0.000000 63671.000000 50358.000000 0.000000 trait 3 0.000000 0.000000 0.000000 51304.000000 0.000000 13538.000000 70969.000000 30146.000000 trait 4 4.000000 0.000000 0.000000 36940.000000 0.000000 0.000000 43316.000000 37957.000000 node 1 4 1 3
node 2 4 1 1
node 3 1 1 1
node 4 1 1 1
node 5 1 1 1
node 6 2 1 1
node 7 4 1 1
node 8 4 1 1
node 9 2 1 1
node 10 1 1 1
node 11 2 1 1
node 12 4 1 1
node 13 2 0 2
node 14 1 0 2
node 15 3 0 2
node 121 1 0 0
node 235 1 0 0
node 384 1 0 0
node 420 1 0 0
node 433 1 0 0
node 461 1 0 0
node 500 1 0 0
node 516 1 0 0
node 697 3 0 0
node 1018 1 0 0
node 1130 1 0 0
node 1323 3 0 0
node 1393 1 0 0
node 1479 1 0 0
node 1531 4 0 0
node 1683 1 0 0
node 1735 1 0 0
node 1875 1 0 0
node 2034 1 0 0
node 2142 1 0 0
node 2172 1 0 0
node 2206 1 0 0
node 2313 1 0 0
node 2332 1 0 0
node 2368 1 0 0
node 2491 1 0 0
node 2512 1 0 0
node 2530 1 0 0
node 2547 1 0 0
node 2692 1 0 0
node 2786 1 0 0
node 2915 1 0 0
gene 2 1 13 -305535 0 1 -305535 1
gene 3 2 13 -800000 0 2 -800000 1
gene 2 3 13 -258915 0 3 -258915 1
gene 3 4 13 -1980 0 4 -1980 1
gene 2 5 13 -800000 0 5 -800000 0
gene 4 6 13 -520530 0 6 -520530 1
gene 3 7 13 -124878 0 7 -124878 1
gene 2 8 13 578244 0 8 578244 0
gene 3 9 13 206100 0 9 206100 1
gene 2 10 13 -662904 0 10 -662904 0
gene 2 11 13 233397 0 11 233397 1
gene 4 12 13 156075 0 12 156075 1
gene 2 1 14 -448479 0 13 -448479 1
gene 2 2 14 319896 0 14 319896 1
gene 4 3 14 108315 0 15 108315 0
gene 4 4 14 320859 0 16 320859 0
gene 4 5 14 -264120 0 17 -264120 1
gene 3 6 14 -26055 0 18 -26055 0
gene 2 7 14 552614 0 19 552614 1
gene 1 8 14 -766572 0 20 -766572 0
gene 3 9 14 156561 0 21 156561 1
gene 1 10 14 -153483 0 22 -153483 1
gene 1 11 14 171288 0 23 171288 1
gene 4 12 14 489495 0 24 489495 1
gene 3 1 15 384945 0 25 384945 1
gene 3 2 15 -198330 0 26 -198330 1
gene 3 3 15 6213 0 27 6213 0
gene 3 4 15 -482508 0 28 -482508 1
gene 3 5 15 53826 0 29 53826 1
gene 1 6 15 -783855 0 30 -783855 1
gene 3 7 15 115143 0 31 115143 1
gene 3 8 15 -31098 0 32 -31098 1
gene 3 9 15 736788 0 33 736788 1
gene 3 10 15 263778 0 34 263778 0
gene 2 11 15 -53301 0 35 -53301 1
gene 4 12 15 -16500 0 36 -16500 0
gene 4 15 15 359640 1 174 359640 0
gene 3 8 121 -303213 0 329 -303213 0
gene 3 121 15 -294279 0 330 -294279 1
gene 2 5 121 758303 0 438 758303 1
gene 2 7 121 -70695 0 483 -70695 0
gene 4 4 235 -426030 0 666 -426030 1
gene 4 235 14 37110 0 667 37110 1
gene 1 1 235 -63342 0 753 -63342 1
gene 3 9 235 -546066 0 1108 -546066 1
gene 3 10 384 -203412 0 1126 -203412 1
gene 3 384 15 215826 0 1127 215826 1
gene 2 14 14 228141 1 1197 228141 1
gene 3 7 420 110547 0 1239 110547 0
gene 3 420 15 54882 0 1240 54882 0
gene 3 2 433 -298572 0 1284 -298572 1
gene 3 433 13 511575 0 1285 511575 1
gene 4 3 461 295704 0 1352 295704 1
gene 4 461 14 320631 0 1353 320631 1
gene 2 15 500 -46053 1 1453 -46053 1
gene 4 500 15 -14286 0 1454 -14286 1
gene 1 8 516 209541 0 1500 209541 1
gene 1 516 14 -199443 0 1501 -199443 1
gene 1 384 121 304605 0 1548 304605 1
gene 2 8 461 250989 0 1965 250989 1
gene 3 3 697 526226 0 2038 526226 1
gene 3 697 15 183264 0 2039 183264 1
gene 2 1 500 -283203 0 2133 -283203 1
gene 1 3 433 -130299 0 2628 -130299 1
gene 1 516 516 338748 1 2664 338748 1
gene 3 8 1018 143388 0 2997 143388 1
gene 3 1018 121 56580 0 2998 56580 0
gene 3 15 433 24951 0 3156 24951 1
gene 1 10 1130 -567489 0 3329 -567489 1
gene 1 1130 14 97473 0 3330 97473 1
gene 3 500 697 729819 0 3371 729819 1
gene 2 3 516 24165 0 3603 24165 0
gene 2 9 1323 225942 0 3885 225942 0
gene 2 1323 14 -208218 0 3886 -208218 0
gene 2 121 420 -51447 0 3959 -51447 1
gene 2 8 1393 -60003 0 4093 -60003 1
gene 2 1393 13 -338832 0 4094 -338832 1
gene 1 11 1479 -29001 0 4325 -29001 1
gene 1 1479 14 345042 0 4326 345042 1
gene 4 12 1531 57741 0 4477 57741 1
gene 4 1531 15 -330147 0 4478 -330147 1
gene 3 1393 433 -149001 0 4734 -149001 1
gene 2 1323 1683 -298929 0 4950 -298929 1
gene 2 1683 14 -742541 0 4951 -742541 1
gene 3 6 1735 755970 0 5103 755970 1
gene 3 1735 14 -645021 0 5104 -645021 1
gene 1 5 516 79329 0 5346 79329 1
gene 1 516 433 -452475 0 5443 -452475 1
gene 3 2 1875 -361917 0 5505 -361917 1
gene 3 1875 433 205164 0 5506 205164 1
gene 1 1683 461 -230319 0 5687 -230319 1
gene 1 516 121 -447813 0 5877 -447813 1
gene 3 3 2034 63201 0 5939 63201 1
gene 3 2034 697 93021 0 5940 93021 1
gene 3 5 1479 -467103 0 6157 -467103 1
gene 3 7 2142 478254 0 6248 478254 1
gene 3 2142 420 -69780 0 6249 -69780 1
gene 3 420 2172 494031 0 6332 494031 1
gene 3 2172 15 17598 0 6333 17598 1
gene 2 1735 1735 -105207 1 6388 -105207 1
gene 2 8 2206 -193863 0 6436 -193863 1
gene 2 2206 1393 219396 0 6437 219396 1
gene 2 121 2313 394182 0 6747 394182 1
gene 2 2313 420 -140814 0 6748 -140814 1
gene 2 9 2332 -387609 0 6797 -387609 1
gene 2 2332 1323 -294243 0 6798 -294243 1
gene 4 1323 2034 -464490 0 6848 -464490 1
gene 2 7 2368 -109467 0 6897 -109467 1
gene 2 2368 121 195639 0 6898 195639 1
gene 2 384 1531 800000 0 7018 800000 1
gene 2 2142 1018 -296619 0 7205 -296619 1
gene 3 2206 2034 -156429 0 7245 -156429 1
gene 2 7 2491 -128667 0 7283 -128667 1
gene 2 2491 2368 -178179 0 7284 -178179 1
gene 2 5 2512 -131106 0 7337 -131106 1
gene 2 2512 13 -187881 0 7338 -187881 1
gene 2 10 2530 198795 0 7387 198795 1
gene 2 2530 13 445812 0 7388 445812 1
gene 3 9 2547 405276 0 7440 405276 1
gene 3 2547 13 223959 0 7441 223959 1
gene 2 2530 1479 488904 0 7594 488904 1
gene 1 1479 2692 -52947 0 7856 -52947 1
gene 1 2692 14 360447 0 7857 360447 1
gene 3 4 1130 -233679 0 7980 -233679 1
gene 4 3 2786 -80130 0 8132 -80130 1
gene 4 2786 14 389325 0 8133 389325 1
gene 3 384 384 -179427 1 8429 -179427 1
gene 2 3 2915 65265 0 8516 65265 1
gene 2 2915 516 747612 0 8517 747612 1
gene 4 433 433 -328066 1 8562 -328066 1
gene 1 2786 1323 91620 0 8759 91620 1
gene 1 2491 420 -36268 0 8807 -36268 1
genomeend 8


/* Organism #18 Fitness: 340.000000 Time: 0 */
/* Position #18*/
#1 x: 49 y: 16
#2 x: 65 y: 36
#3 x: 30 y: 23
#4 x: 56 y: 64
#5 x: 43 y: 78
#6 x: 30 y: 60
genomestart 18
trait 1 100000.000000 16300.000000 0.000000 0.000000 45600.000000 0.000000 0.000000 0.000000 trait 2 2.000000 0.000000 0.000000 0.000000 83586.000000 0.000000 76024.000000 27694.000000 trait 3 0.000000 0.000000 0.000000 0.000000 0.000000 13538.000000 70969.000000 0.000000 trait 4 17399.000000 0.000000 11440.000000 97211.000000 0.000000 0.000000 2888.000000 37957.000000 node 1 4 1 3
node 2 4 1 1
node 3 1 1 1
node 4 1 1 1
node 5 1 1 1
node 6 2 1 1
node 7 4 1 1
node 8 4 1 1
node 9 2 1 1
node 10 1 1 1
node 11 1 1 1
node 12 4 1 1
node 13 2 0 2
node 14 1 0 2
node 15 3 0 2
node 121 1 0 0
node 235 1 0 0
node 384 1 0 0
node 420 1 0 0
node 433 1 0 0
node 461 1 0 0
node 500 1 0 0
node 516 1 0 0
node 697 1 0 0
node 1018 2 0 0
node 1130 1 0 0
node 1323 1 0 0
node 1393 1 0 0
node 1479 1 0 0
node 1531 1 0 0
node 1732 1 0 0
node 1844 1 0 0
node 2023 1 0 0
node 2035 1 0 0
node 2054 1 0 0
node 2076 1 0 0
node 2174 1 0 0
node 2292 1 0 0
node 2306 1 0 0
node 2374 1 0 0
node 2502 1 0 0
node 2593 1 0 0
node 2610 1 0 0
node 2865 1 0 0
node 3031 1 0 0
gene 2 1 13 -282099 0 1 -282099 1
gene 3 2 13 238326 0 2 238326 1
gene 2 3 13 82008 0 3 82008 1
gene 3 4 13 795197 0 4 795197 1
gene 2 5 13 -257025 0 5 -257025 1
gene 4 6 13 -170580 0 6 -170580 1
gene 3 7 13 758637 0 7 758637 1
gene 2 8 13 -168621 0 8 -168621 0
gene 3 9 13 592809 0 9 592809 1
gene 2 10 13 74493 0 10 74493 1
gene 2 11 13 243186 0 11 243186 0
gene 4 12 13 -556263 0 12 -556263 1
gene 4 1 14 -800000 0 13 -800000 1
gene 2 2 14 -254277 0 14 -254277 0
gene 4 3 14 -131751 0 15 -131751 1
gene 4 4 14 22110 0 16 22110 0
gene 4 5 14 -312231 0 17 -312231 1
gene 3 6 14 -696596 0 18 -696596 1
gene 2 7 14 82653 0 19 82653 1
gene 1 8 14 52596 0 20 52596 1
gene 2 9 14 437349 0 21 437349 1
gene 1 10 14 -385911 0 22 -385911 0
gene 1 11 14 -385584 0 23 -385584 0
gene 4 12 14 -247767 0 24 -247767 1
gene 3 1 15 423168 0 25 423168 1
gene 3 2 15 -546947 0 26 -546947 1
gene 3 3 15 146955 0 27 146955 0
gene 3 4 15 -3677 0 28 -3677 1
gene 4 5 15 138549 0 29 138549 1
gene 1 6 15 157458 0 30 157458 1
gene 3 7 15 525618 0 31 525618 0
gene 3 8 15 -237135 0 32 -237135 1
gene 3 9 15 187209 0 33 187209 1
gene 3 10 15 195021 0 34 195021 0
gene 2 11 15 -304302 0 35 -304302 1
gene 4 12 15 650286 0 36 650286 0
gene 4 15 15 -105903 1 174 -105903 0
gene 3 8 121 543378 0 329 543378 0
gene 3 121 15 -80352 0 330 -80352 1
gene 2 5 121 800000 0 438 800000 1
gene 2 7 121 -44952 0 483 -44952 1
gene 4 4 235 278289 0 666 278289 1
gene 4 235 14 -303864 0 667 -303864 1
gene 1 1 235 -249480 0 753 -249480 1
gene 1 9 235 -46992 0 1108 -46992 1
gene 3 10 384 -800000 0 1126 -800000 1
gene 3 384 15 413877 0 1127 413877 0
gene 2 14 14 133533 1 1197 133533 0
gene 3 7 420 -260817 0 1239 -260817 1
gene 3 420 15 422106 0 1240 422106 1
gene 3 2 433 255522 0 1284 255522 1
gene 3 433 13 -79284 0 1285 -79284 1
gene 4 3 461 -257121 0 1352 -257121 1
gene 4 461 14 298305 0 1353 298305 0
gene 4 15 500 -323296 1 1453 -323296 1
gene 4 500 15 -333750 0 1454 -333750 1
gene 1 8 516 -519087 0 1500 -519087 1
gene 1 516 14 294528 0 1501 294528 1
gene 1 384 121 800000 0 1548 800000 1
gene 2 8 461 -278724 0 1965 -278724 1
gene 3 3 697 170802 0 2038 170802 1
gene 3 697 15 800000 0 2039 800000 1
gene 2 1 500 288519 0 2133 288519 1
gene 1 3 433 4689 0 2628 4689 1
gene 1 516 516 -348519 1 2664 -348519 1
gene 3 8 1018 -439143 0 2997 -439143 0
gene 2 1018 121 -800000 0 2998 -800000 1
gene 3 15 433 -124605 0 3156 -124605 1
gene 1 10 1130 -2439 0 3329 -2439 1
gene 1 1130 14 196269 0 3330 196269 1
gene 3 500 697 298887 0 3371 298887 1
gene 2 3 516 -102 0 3603 -102 1
gene 2 9 1323 192660 0 3885 192660 1
gene 2 1323 14 143754 0 3886 143754 1
gene 2 121 420 -613863 0 3959 -613863 1
gene 2 8 1393 103176 0 4093 103176 1
gene 2 1393 13 -144228 0 4094 -144228 0
gene 1 11 1479 -185460 0 4325 -185460 1
gene 4 1479 14 569390 0 4326 569390 1
gene 4 12 1531 -289371 0 4477 -289371 1
gene 4 1531 15 290886 0 4478 290886 1
gene 2 1323 420 85179 0 4676 85179 0
gene 3 500 1479 -95982 0 4897 -95982 1
gene 4 461 461 64914 1 4980 64914 1
gene 2 121 1732 -151344 0 5095 -151344 1
gene 1 1732 420 181743 0 5096 181743 1
gene 1 384 500 193017 0 5133 193017 1
gene 2 15 14 -73521 0 5180 -73521 0
gene 4 6 1130 -718755 0 5368 -718755 1
gene 3 10 1844 -223398 0 5409 -223398 1
gene 3 1844 384 -54930 0 5410 -54930 1
gene 2 2 2023 -119583 0 5908 -119583 1
gene 1 2023 14 74655 0 5909 74655 1
gene 2 1393 2035 202077 0 5942 202077 1
gene 2 2035 13 -92970 0 5943 -92970 1
gene 4 461 2054 229308 0 5995 229308 1
gene 4 2054 14 -57201 0 5996 -57201 1
gene 4 461 2076 331161 0 6055 331161 1
gene 4 2076 2054 120951 0 6056 120951 1
gene 2 11 2174 334707 0 6336 334707 1
gene 2 2174 13 800000 0 6337 800000 1
gene 2 1393 2292 444201 0 6690 444201 1
gene 2 2292 2035 189261 0 6691 189261 1
gene 4 12 2306 423522 0 6730 423522 1
gene 4 2306 13 151851 0 6731 151851 1
gene 2 15 2374 -182571 0 6914 -182571 1
gene 2 2374 14 -573027 0 6915 -573027 1
gene 4 500 2502 -576732 0 7309 -576732 1
gene 4 2502 15 137925 0 7310 137925 1
gene 4 15 461 527256 0 7483 527256 1
gene 3 433 433 115842 1 7529 115842 1
gene 1 384 2593 66612 0 7577 66612 1
gene 1 2593 121 -340983 0 7578 -340983 1
gene 2 14 2610 147846 1 7624 147846 1
gene 2 2610 14 -465780 0 7625 -465780 1
gene 4 1844 2306 249000 0 7943 249000 1
gene 1 420 1531 54072 0 8141 54072 1
gene 4 1130 2502 338089 0 8221 338089 1
gene 2 1323 2865 404584 0 8359 404584 1
gene 2 2865 420 203286 0 8360 203286 1
gene 4 420 2054 6195 0 8445 6195 1
gene 1 13 1844 248025 1 8573 248025 1
gene 3 2865 2865 -96401 1 8606 -96401 1
gene 3 6 420 -67660 0 8646 -67660 1
gene 4 1844 697 -23556 0 8772 -23556 1
gene 4 235 235 -90167 1 8813 -90167 1
gene 3 8 3031 1 0 8863 0 1
gene 3 3031 1018 -439143 0 8864 0 1
genomeend 18


/* Organism #21 Fitness: 230.000000 Time: 0 */
/* Position #21*/
#1 x: 15 y: 33
#2 x: 49 y: 30
#3 x: 18 y: 32
#4 x: 41 y: 70
#5 x: 21 y: 77
#6 x: 47 y: 77
genomestart 21
trait 1 100000.000000 16300.000000 0.000000 0.000000 45600.000000 0.000000 0.000000 0.000000 trait 2 2.000000 0.000000 0.000000 0.000000 83586.000000 0.000000 76024.000000 27694.000000 trait 3 0.000000 0.000000 0.000000 0.000000 0.000000 13538.000000 70969.000000 0.000000 trait 4 0.000000 0.000000 11440.000000 97211.000000 0.000000 18241.000000 2888.000000 100000.000000 node 1 4 1 3
node 2 4 1 1
node 3 1 1 1
node 4 1 1 1
node 5 1 1 1
node 6 2 1 1
node 7 4 1 1
node 8 4 1 1
node 9 2 1 1
node 10 1 1 1
node 11 1 1 1
node 12 4 1 1
node 13 2 0 2
node 14 1 0 2
node 15 3 0 2
node 121 1 0 0
node 235 1 0 0
node 384 1 0 0
node 420 1 0 0
node 433 1 0 0
node 461 1 0 0
node 500 1 0 0
node 516 1 0 0
node 697 1 0 0
node 1018 2 0 0
node 1130 1 0 0
node 1323 1 0 0
node 1393 1 0 0
node 1479 1 0 0
node 1531 1 0 0
node 1732 1 0 0
node 1844 1 0 0
node 2023 1 0 0
node 2035 1 0 0
node 2054 1 0 0
node 2076 1 0 0
node 2174 1 0 0
node 2292 1 0 0
node 2306 1 0 0
node 2374 1 0 0
node 2502 1 0 0
node 2593 1 0 0
node 2610 1 0 0
node 2742 1 0 0
node 2763 1 0 0
node 3017 1 0 0
gene 2 1 13 800000 0 1 800000 1
gene 3 2 13 800000 0 2 800000 1
gene 2 3 13 -800000 0 3 -800000 1
gene 3 4 13 8307 0 4 8307 1
gene 2 5 13 -283914 0 5 -283914 1
gene 4 6 13 -395370 0 6 -395370 1
gene 3 7 13 565218 0 7 565218 1
gene 2 8 13 443631 0 8 443631 0
gene 3 9 13 358518 0 9 358518 1
gene 2 10 13 -355917 0 10 -355917 1
gene 2 11 13 -309195 0 11 -309195 0
gene 4 12 13 696638 0 12 696638 0
gene 4 1 14 179145 0 13 179145 1
gene 2 2 14 523398 0 14 523398 0
gene 4 3 14 -454536 0 15 -454536 1
gene 4 4 14 -400713 0 16 -400713 0
gene 4 5 14 -481809 0 17 -481809 1
gene 3 6 14 -140538 0 18 -140538 1
gene 2 7 14 -126345 0 19 -126345 1
gene 1 8 14 -274023 0 20 -274023 1
gene 2 9 14 54849 0 21 54849 0
gene 1 10 14 198915 0 22 198915 0
gene 1 11 14 -29520 0 23 -29520 0
gene 4 12 14 -800000 0 24 -800000 1
gene 3 1 15 -365712 0 25 -365712 1
gene 3 2 15 -518762 0 26 -518762 1
gene 3 3 15 -800000 0 27 -800000 0
gene 3 4 15 22396 0 28 22396 1
gene 3 5 15 -200156 0 29 -200156 1
gene 1 6 15 636888 0 30 636888 1
gene 3 7 15 800000 0 31 800000 0
gene 3 8 15 326961 0 32 326961 1
gene 3 9 15 -295905 0 33 -295905 1
gene 3 10 15 -546534 0 34 -546534 0
gene 2 11 15 203502 0 35 203502 1
gene 4 12 15 -3291 0 36 -3291 0
gene 4 15 15 592566 1 174 592566 0
gene 3 8 121 296910 0 329 296910 0
gene 3 121 15 67398 0 330 67398 1
gene 2 5 121 256860 0 438 256860 1
gene 2 7 121 -141588 0 483 -141588 1
gene 4 4 235 454473 0 666 454473 1
gene 4 235 14 -568367 0 667 -568367 1
gene 1 1 235 68385 0 753 68385 1
gene 1 9 235 -208263 0 1108 -208263 1
gene 3 10 384 -330201 0 1126 -330201 1
gene 3 384 15 -800000 0 1127 -800000 0
gene 2 14 14 464649 1 1197 464649 0
gene 3 7 420 -507801 0 1239 -507801 1
gene 3 420 15 443724 0 1240 443724 1
gene 3 2 433 27351 0 1284 27351 1
gene 3 433 13 -570837 0 1285 -570837 1
gene 4 3 461 432459 0 1352 432459 1
gene 4 461 14 112080 0 1353 112080 0
gene 4 15 500 -481378 1 1453 -481378 0
gene 4 500 15 -197463 0 1454 -197463 1
gene 1 8 516 -410853 0 1500 -410853 1
gene 1 516 14 82821 0 1501 82821 1
gene 1 384 121 293745 0 1548 293745 0
gene 2 8 461 -120627 0 1965 -120627 1
gene 3 3 697 53631 0 2038 53631 1
gene 3 697 15 -127446 0 2039 -127446 1
gene 2 1 500 -74349 0 2133 -74349 1
gene 1 3 433 800000 0 2628 800000 1
gene 1 516 516 782760 1 2664 782760 1
gene 3 8 1018 292167 0 2997 292167 1
gene 3 1018 121 150936 0 2998 150936 1
gene 3 15 433 339 0 3156 339 1
gene 1 10 1130 -181668 0 3329 -181668 1
gene 1 1130 14 132685 0 3330 132685 1
gene 3 500 697 75858 0 3371 75858 1
gene 2 3 516 -216879 0 3603 -216879 1
gene 2 9 1323 -288779 0 3885 -288779 1
gene 2 1323 14 -649029 0 3886 -649029 1
gene 2 121 420 -363858 0 3959 -363858 1
gene 2 8 1393 -355605 0 4093 -355605 1
gene 2 1393 13 -444153 0 4094 -444153 0
gene 1 11 1479 341751 0 4325 341751 1
gene 4 1479 14 193870 0 4326 193870 1
gene 4 12 1531 172752 0 4477 172752 1
gene 4 1531 15 -190521 0 4478 -190521 1
gene 2 1323 420 209040 0 4676 209040 1
gene 3 500 1479 -602276 0 4897 -602276 1
gene 4 461 461 -767091 1 4980 -767091 1
gene 2 121 1732 165888 0 5095 165888 1
gene 1 1732 420 -284664 0 5096 -284664 1
gene 1 384 500 -5193 0 5133 -5193 1
gene 2 15 14 -641039 0 5180 -641039 0
gene 4 6 1130 -341427 0 5368 -341427 1
gene 3 10 1844 -733899 0 5409 -733899 1
gene 3 1844 384 800000 0 5410 800000 1
gene 2 2 2023 -240825 0 5908 -240825 1
gene 1 2023 14 364083 0 5909 364083 1
gene 2 1393 2035 439974 0 5942 439974 0
gene 2 2035 13 451944 0 5943 451944 1
gene 4 461 2054 -800000 0 5995 -800000 1
gene 4 2054 14 162450 0 5996 162450 1
gene 4 461 2076 93672 0 6055 93672 1
gene 4 2076 2054 -381432 0 6056 -381432 1
gene 2 11 2174 -50040 0 6336 -50040 1
gene 2 2174 13 171980 0 6337 171980 1
gene 2 1393 2292 14592 0 6690 14592 1
gene 2 2292 2035 224652 0 6691 224652 1
gene 4 12 2306 -184962 0 6730 -184962 1
gene 4 2306 13 6603 0 6731 6603 0
gene 2 15 2374 -85755 0 6914 -85755 1
gene 2 2374 14 -91806 0 6915 -91806 1
gene 4 500 2502 285510 0 7309 285510 1
gene 4 2502 15 -151836 0 7310 -151836 1
gene 4 15 461 -123183 0 7483 -123183 1
gene 3 433 433 -262365 1 7529 -262365 1
gene 1 384 2593 263022 0 7577 263022 1
gene 1 2593 121 132675 0 7578 132675 1
gene 2 14 2610 -437268 1 7624 -437268 0
gene 2 2610 14 79056 0 7625 79056 1
gene 4 2306 420 -208909 0 7889 -208909 1
gene 2 1018 384 -326979 0 7964 -326979 1
gene 4 2306 2742 -266217 0 8009 -266217 1
gene 4 2742 13 -62763 0 8010 -62763 1
gene 4 15 2763 448215 1 8064 448215 1
gene 4 2763 500 638310 0 8065 638310 1
gene 3 8 2502 -152964 0 8110 -152964 1
gene 1 1844 2502 -15213 0 8442 -15213 0
gene 2 1 1531 4823 0 8572 4823 1
gene 1 1844 3017 1 0 8818 0 1
gene 1 3017 2502 -15213 0 8819 0 1
gene 1 2306 2502 33086 0 8867 33086 1
genomeend 21


/* Organism #41 Fitness: 210.000000 Time: 0 */
/* Position #41*/
#1 x: 34 y: 32
#2 x: 57 y: 22
#3 x: 85 y: 32
#4 x: 23 y: 70
#5 x: 80 y: 64
#6 x: 47 y: 73
genomestart 41
trait 1 43007.000000 16300.000000 6994.000000 28041.000000 57524.000000 37112.000000 87908.000000 80535.000000 trait 2 2.000000 0.000000 0.000000 95786.000000 0.000000 63671.000000 50358.000000 0.000000 trait 3 0.000000 0.000000 0.000000 51304.000000 0.000000 13538.000000 70969.000000 30146.000000 trait 4 4.000000 0.000000 0.000000 36940.000000 0.000000 0.000000 43316.000000 37957.000000 node 1 4 1 3
node 2 4 1 1
node 3 1 1 1
node 4 1 1 1
node 5 1 1 1
node 6 2 1 1
node 7 4 1 1
node 8 4 1 1
node 9 2 1 1
node 10 1 1 1
node 11 2 1 1
node 12 4 1 1
node 13 2 0 2
node 14 1 0 2
node 15 3 0 2
node 121 1 0 0
node 235 1 0 0
node 384 1 0 0
node 420 1 0 0
node 433 1 0 0
node 461 1 0 0
node 500 1 0 0
node 516 1 0 0
node 697 3 0 0
node 1018 1 0 0
node 1130 1 0 0
node 1323 3 0 0
node 1393 1 0 0
node 1479 1 0 0
node 1531 4 0 0
node 1683 1 0 0
node 1735 1 0 0
node 1875 1 0 0
node 2034 1 0 0
node 2142 1 0 0
node 2172 1 0 0
node 2206 1 0 0
node 2313 1 0 0
node 2332 1 0 0
node 2368 3 0 0
node 2491 1 0 0
node 2512 1 0 0
node 2530 1 0 0
node 2547 1 0 0
node 2692 1 0 0
node 2786 1 0 0
node 2915 1 0 0
node 3042 1 0 0
gene 2 1 13 -255219 0 1 -255219 1
gene 3 2 13 -394637 0 2 -394637 1
gene 2 3 13 222945 0 3 222945 1
gene 3 4 13 -238053 0 4 -238053 1
gene 2 5 13 -168195 0 5 -168195 0
gene 4 6 13 -124707 0 6 -124707 1
gene 3 7 13 293670 0 7 293670 1
gene 2 8 13 -7959 0 8 -7959 0
gene 3 9 13 88188 0 9 88188 1
gene 2 10 13 -800000 0 10 -800000 0
gene 2 11 13 -91677 0 11 -91677 1
gene 4 12 13 295599 0 12 295599 1
gene 2 1 14 -271344 0 13 -271344 1
gene 2 2 14 491685 0 14 491685 1
gene 4 3 14 55089 0 15 55089 0
gene 4 4 14 248784 0 16 248784 1
gene 4 5 14 -161868 0 17 -161868 1
gene 3 6 14 547452 0 18 547452 0
gene 2 7 14 155589 0 19 155589 1
gene 1 8 14 -800000 0 20 -800000 0
gene 3 9 14 20271 0 21 20271 1
gene 1 10 14 800000 0 22 800000 1
gene 1 11 14 -45099 0 23 -45099 1
gene 4 12 14 213114 0 24 213114 1
gene 3 1 15 104586 0 25 104586 1
gene 3 2 15 299244 0 26 299244 1
gene 3 3 15 -167706 0 27 -167706 0
gene 3 4 15 24057 0 28 24057 1
gene 3 5 15 -152958 0 29 -152958 1
gene 1 6 15 -740622 0 30 -740622 1
gene 3 7 15 53820 0 31 53820 1
gene 3 8 15 -228120 0 32 -228120 1
gene 3 9 15 208965 0 33 208965 1
gene 3 10 15 310380 0 34 310380 1
gene 2 11 15 -127452 0 35 -127452 1
gene 4 12 15 79146 0 36 79146 0
gene 4 15 15 -99357 1 174 -99357 0
gene 3 8 121 117582 0 329 117582 1
gene 3 121 15 -610113 0 330 -610113 1
gene 2 5 121 800000 0 438 800000 0
gene 2 7 121 -120540 0 483 -120540 0
gene 4 4 235 -348303 0 666 -348303 1
gene 4 235 14 450270 0 667 450270 1
gene 1 1 235 -79146 0 753 -79146 1
gene 3 9 235 -238746 0 1108 -238746 1
gene 3 10 384 -642407 0 1126 -642407 1
gene 3 384 15 -73167 0 1127 -73167 1
gene 2 14 14 78603 1 1197 78603 1
gene 3 7 420 143724 0 1239 143724 0
gene 3 420 15 -251724 0 1240 -251724 0
gene 3 2 433 175293 0 1284 175293 1
gene 3 433 13 -369216 0 1285 -369216 1
gene 4 3 461 -167601 0 1352 -167601 1
gene 4 461 14 -402897 0 1353 -402897 1
gene 4 15 500 -426174 1 1453 -426174 1
gene 4 500 15 397554 0 1454 397554 1
gene 1 8 516 271506 0 1500 271506 1
gene 1 516 14 -212412 0 1501 -212412 1
gene 1 384 121 -10821 0 1548 -10821 1
gene 2 8 461 -120954 0 1965 -120954 1
gene 3 3 697 513020 0 2038 513020 1
gene 3 697 15 58641 0 2039 58641 1
gene 2 1 500 800000 0 2133 800000 1
gene 1 3 433 -168057 0 2628 -168057 1
gene 1 516 516 300951 1 2664 300951 1
gene 3 8 1018 -225951 0 2997 -225951 1
gene 3 1018 121 -129843 0 2998 -129843 0
gene 3 15 433 130251 0 3156 130251 1
gene 1 10 1130 5994 0 3329 5994 1
gene 1 1130 14 -648306 0 3330 -648306 1
gene 3 500 697 233481 0 3371 233481 1
gene 2 3 516 767046 0 3603 767046 0
gene 2 9 1323 343374 0 3885 343374 0
gene 2 1323 14 -38400 0 3886 -38400 1
gene 2 121 420 165726 0 3959 165726 1
gene 2 8 1393 115251 0 4093 115251 1
gene 2 1393 13 -369099 0 4094 -369099 1
gene 1 11 1479 232284 0 4325 232284 1
gene 1 1479 14 381033 0 4326 381033 1
gene 4 12 1531 -29049 0 4477 -29049 1
gene 4 1531 15 269286 0 4478 269286 1
gene 3 1393 433 -521592 0 4734 -521592 1
gene 2 1323 1683 -155274 0 4950 -155274 1
gene 2 1683 14 -670352 0 4951 -670352 1
gene 3 6 1735 182931 0 5103 182931 1
gene 3 1735 14 -270507 0 5104 -270507 1
gene 1 5 516 321906 0 5346 321906 1
gene 1 516 433 -674334 0 5443 -674334 1
gene 3 2 1875 48129 0 5505 48129 1
gene 3 1875 433 169692 0 5506 169692 1
gene 1 1683 461 209607 0 5687 209607 1
gene 1 516 121 -357084 0 5877 -357084 1
gene 3 3 2034 441216 0 5939 441216 1
gene 3 2034 697 741093 0 5940 741093 1
gene 3 5 1479 119706 0 6157 119706 1
gene 3 7 2142 -30798 0 6248 -30798 1
gene 3 2142 420 140133 0 6249 140133 1
gene 3 420 2172 -35673 0 6332 -35673 1
gene 3 2172 15 -65112 0 6333 -65112 1
gene 2 1735 1735 407895 1 6388 407895 1
gene 2 8 2206 224724 0 6436 224724 1
gene 2 2206 1393 -71961 0 6437 -71961 1
gene 2 121 2313 445761 0 6747 445761 1
gene 2 2313 420 476036 0 6748 476036 1
gene 2 9 2332 32655 0 6797 32655 1
gene 2 2332 1323 185907 0 6798 185907 1
gene 4 1323 2034 -379641 0 6848 -379641 1
gene 2 7 2368 -114774 0 6897 -114774 1
gene 2 2368 121 251076 0 6898 251076 1
gene 2 384 1531 280548 0 7018 280548 1
gene 2 2142 1018 -291651 0 7205 -291651 1
gene 3 2206 2034 -238422 0 7245 -238422 1
gene 2 7 2491 -174471 0 7283 -174471 1
gene 2 2491 2368 -11430 0 7284 -11430 1
gene 2 5 2512 -18681 0 7337 -18681 1
gene 2 2512 13 -331704 0 7338 -331704 1
gene 2 10 2530 127323 0 7387 127323 1
gene 2 2530 13 153780 0 7388 153780 1
gene 3 9 2547 437160 0 7440 437160 1
gene 3 2547 13 -8682 0 7441 -8682 1
gene 2 2530 1479 -243267 0 7594 -243267 1
gene 1 1479 2692 139620 0 7856 139620 1
gene 1 2692 14 412599 0 7857 412599 1
gene 3 4 1130 -417051 0 7980 -417051 1
gene 4 3 2786 181785 0 8132 181785 1
gene 4 2786 14 -145824 0 8133 -145824 1
gene 3 384 384 -11463 1 8429 -11463 1
gene 2 3 2915 -292470 0 8516 -292470 1
gene 2 2915 516 524487 0 8517 524487 1
gene 4 433 433 -24355 1 8562 -24355 1
gene 2 2547 1479 192954 0 8709 192954 1
gene 3 2206 1683 184522 0 8777 184522 1
gene 2 5 3042 1 0 8890 0 1
gene 2 3042 121 800000 0 8891 0 1
genomeend 41


/* Organism #50 Fitness: 250.000000 Time: 0 */
/* Position #50*/
#1 x: 49 y: 33
#2 x: 41 y: 18
#3 x: 68 y: 31
#4 x: 48 y: 69
#5 x: 31 y: 65
#6 x: 40 y: 68
genomestart 50
trait 1 71503.000000 52572.000000 0.000000 48265.000000 0.000000 0.000000 100000.000000 393.000000 trait 2 2.000000 0.000000 0.000000 0.000000 0.000000 0.000000 0.000000 0.000000 trait 3 0.000000 0.000000 0.000000 51304.000000 0.000000 13538.000000 70969.000000 30146.000000 trait 4 4.000000 0.000000 0.000000 36940.000000 0.000000 0.000000 43316.000000 37957.000000 node 1 4 1 3
node 2 4 1 1
node 3 1 1 1
node 4 2 1 1
node 5 1 1 1
node 6 2 1 1
node 7 4 1 1
node 8 4 1 1
node 9 2 1 1
node 10 1 1 1
node 11 2 1 1
node 12 4 1 1
node 13 2 0 2
node 14 1 0 2
node 15 3 0 2
node 121 1 0 0
node 235 1 0 0
node 384 1 0 0
node 420 1 0 0
node 433 1 0 0
node 461 1 0 0
node 500 1 0 0
node 516 1 0 0
node 697 1 0 0
node 1018 1 0 0
node 1130 1 0 0
node 1323 3 0 0
node 1393 1 0 0
node 1479 1 0 0
node 1531 4 0 0
node 1683 1 0 0
node 1735 1 0 0
node 1875 1 0 0
node 1975 1 0 0
node 2022 1 0 0
node 2179 1 0 0
node 2295 1 0 0
node 2794 1 0 0
node 2987 1 0 0
node 3039 1 0 0
gene 2 1 13 -69858 0 1 -69858 1
gene 3 2 13 -800000 0 2 -800000 1
gene 2 3 13 -158838 0 3 -158838 1
gene 3 4 13 112932 0 4 112932 1
gene 2 5 13 -620775 0 5 -620775 1
gene 4 6 13 45213 0 6 45213 1
gene 3 7 13 251532 0 7 251532 1
gene 2 8 13 -164925 0 8 -164925 0
gene 3 9 13 501537 0 9 501537 1
gene 2 10 13 720939 0 10 720939 1
gene 2 11 13 -26532 0 11 -26532 1
gene 4 12 13 47979 0 12 47979 1
gene 2 1 14 22266 0 13 22266 1
gene 2 2 14 -193218 0 14 -193218 1
gene 4 3 14 -250719 0 15 -250719 1
gene 4 4 14 94854 0 16 94854 0
gene 4 5 14 -382173 0 17 -382173 1
gene 3 6 14 -254360 0 18 -254360 0
gene 2 7 14 -443888 0 19 -443888 1
gene 1 8 14 -564626 0 20 -564626 0
gene 3 9 14 276483 0 21 276483 1
gene 1 10 14 -142074 0 22 -142074 1
gene 1 11 14 -800000 0 23 -800000 1
gene 4 12 14 -306240 0 24 -306240 0
gene 3 1 15 -377151 0 25 -377151 1
gene 3 2 15 -800000 0 26 -800000 1
gene 3 3 15 -274236 0 27 -274236 0
gene 3 4 15 -338481 0 28 -338481 1
gene 3 5 15 -185427 0 29 -185427 1
gene 1 6 15 -541407 0 30 -541407 0
gene 3 7 15 202648 0 31 202648 0
gene 3 8 15 -42264 0 32 -42264 1
gene 3 9 15 86322 0 33 86322 1
gene 3 10 15 -211368 0 34 -211368 0
gene 2 11 15 -105024 0 35 -105024 1
gene 4 12 15 753876 0 36 753876 0
gene 4 15 15 299139 1 174 299139 0
gene 3 8 121 276066 0 329 276066 0
gene 3 121 15 119898 0 330 119898 1
gene 2 5 121 -261165 0 438 -261165 1
gene 2 7 121 185079 0 483 185079 1
gene 4 4 235 636933 0 666 636933 1
gene 4 235 14 42510 0 667 42510 0
gene 1 1 235 -38304 0 753 -38304 1
gene 1 9 235 243582 0 1108 243582 1
gene 3 10 384 26133 0 1126 26133 1
gene 3 384 15 -6258 0 1127 -6258 0
gene 2 14 14 -159411 1 1197 -159411 0
gene 3 7 420 -393558 0 1239 -393558 1
gene 3 420 15 286605 0 1240 286605 1
gene 3 2 433 744738 0 1284 744738 0
gene 3 433 13 -800000 0 1285 -800000 1
gene 4 3 461 -275922 0 1352 -275922 1
gene 4 461 14 -606945 0 1353 -606945 1
gene 4 15 500 -152694 1 1453 -152694 1
gene 4 500 15 -100953 0 1454 -100953 0
gene 1 8 516 -237867 0 1500 -237867 1
gene 1 516 14 -562617 0 1501 -562617 1
gene 1 384 121 -187518 0 1548 -187518 1
gene 2 8 461 -141063 0 1965 -141063 1
gene 3 3 697 -101811 0 2038 -101811 1
gene 2 697 15 -125025 0 2039 -125025 1
gene 2 1 500 243483 0 2133 243483 1
gene 1 3 433 229128 0 2628 229128 1
gene 1 516 516 -228585 1 2664 -228585 1
gene 3 8 1018 -320544 0 2997 -320544 1
gene 3 1018 121 355614 0 2998 355614 0
gene 3 15 433 -250092 0 3156 -250092 1
gene 1 10 1130 119385 0 3329 119385 1
gene 1 1130 14 -176793 0 3330 -176793 1
gene 3 500 697 11532 0 3371 11532 1
gene 2 3 516 -46466 0 3603 -46466 1
gene 2 9 1323 -15510 0 3885 -15510 1
gene 2 1323 14 67188 0 3886 67188 0
gene 4 121 420 -212907 0 3959 -212907 1
gene 2 8 1393 462363 0 4093 462363 1
gene 2 1393 13 342087 0 4094 342087 0
gene 1 11 1479 223191 0 4325 223191 1
gene 1 1479 14 632931 0 4326 632931 1
gene 4 12 1531 493953 0 4477 493953 1
gene 4 1531 15 -57576 0 4478 -57576 0
gene 3 1393 433 97395 0 4734 97395 1
gene 2 1323 1683 45810 0 4950 45810 1
gene 2 1683 14 -457395 0 4951 -457395 1
gene 3 6 1735 -64695 0 5103 -64695 1
gene 3 1735 14 328035 0 5104 328035 0
gene 1 5 516 14130 0 5346 14130 1
gene 1 516 433 96282 0 5443 96282 1
gene 3 2 1875 -364539 0 5505 -364539 1
gene 3 1875 433 -96213 0 5506 -96213 1
gene 1 1683 461 -299498 0 5687 -299498 1
gene 1 6 1975 702906 0 5780 702906 1
gene 1 1975 15 236145 0 5781 236145 1
gene 4 1531 2022 286434 0 5905 286434 1
gene 4 2022 15 -705630 0 5906 -705630 1
gene 3 121 1875 800000 0 5987 800000 1
gene 1 1683 1393 26346 0 6232 26346 1
gene 4 500 2179 -504879 0 6351 -504879 1
gene 4 2179 15 -85866 0 6352 -85866 1
gene 3 12 2179 72126 0 6539 72126 1
gene 1 1975 1975 234327 1 6578 234327 1
gene 2 14 2295 -491391 1 6699 -491391 1
gene 2 2295 14 275784 0 6700 275784 1
gene 4 4 433 142116 0 7064 142116 1
gene 3 12 235 -243942 0 7098 -243942 1
gene 1 384 384 567879 1 7242 567879 1
gene 2 500 500 -114654 1 7740 -114654 1
gene 2 1393 2794 -93465 0 8152 -93465 1
gene 2 2794 13 120495 0 8153 120495 1
gene 1 1323 1531 -52131 0 8182 -52131 1
gene 4 235 2987 -216774 0 8722 -216774 1
gene 4 2987 14 -256859 0 8723 -256859 1
gene 4 12 3039 1 0 8883 0 1
gene 4 3039 14 -306240 0 8884 0 1
genomeend 50


/* Organism #54 Fitness: 230.000000 Time: 0 */
/* Position #54*/
#1 x: 57 y: 34
#2 x: 61 y: 18
#3 x: 52 y: 33
#4 x: 72 y: 82
#5 x: 23 y: 62
#6 x: 62 y: 81
genomestart 54
trait 1 100000.000000 16300.000000 0.000000 0.000000 45600.000000 0.000000 0.000000 0.000000 trait 2 2.000000 0.000000 0.000000 0.000000 83586.000000 0.000000 76024.000000 27694.000000 trait 3 0.000000 0.000000 0.000000 0.000000 0.000000 13538.000000 70969.000000 0.000000 trait 4 0.000000 0.000000 11440.000000 97211.000000 0.000000 18241.000000 2888.000000 100000.000000 node 1 4 1 3
node 2 4 1 1
node 3 1 1 1
node 4 1 1 1
node 5 1 1 1
node 6 2 1 1
node 7 4 1 1
node 8 4 1 1
node 9 2 1 1
node 10 1 1 1
node 11 1 1 1
node 12 4 1 1
node 13 2 0 2
node 14 1 0 2
node 15 3 0 2
node 121 1 0 0
node 235 1 0 0
node 384 1 0 0
node 420 1 0 0
node 433 3 0 0
node 461 1 0 0
node 500 1 0 0
node 516 1 0 0
node 697 1 0 0
node 1018 2 0 0
node 1130 1 0 0
node 1323 1 0 0
node 1393 1 0 0
node 1479 1 0 0
node 1531 1 0 0
node 1732 1 0 0
node 1844 1 0 0
node 2023 1 0 0
node 2035 1 0 0
node 2054 1 0 0
node 2076 1 0 0
node 2174 1 0 0
node 2292 1 0 0
node 2306 1 0 0
node 2374 1 0 0
node 2502 1 0 0
node 2593 1 0 0
node 2610 1 0 0
node 2742 1 0 0
node 2763 1 0 0
node 3005 1 0 0
gene 2 1 13 10788 0 1 10788 1
gene 3 2 13 24930 0 2 24930 1
gene 2 3 13 -114102 0 3 -114102 1
gene 3 4 13 531980 0 4 531980 1
gene 2 5 13 103788 0 5 103788 1
gene 4 6 13 -266298 0 6 -266298 1
gene 3 7 13 14352 0 7 14352 1
gene 2 8 13 335904 0 8 335904 0
gene 3 9 13 386601 0 9 386601 1
gene 2 10 13 292574 0 10 292574 1
gene 2 11 13 136440 0 11 136440 0
gene 4 12 13 222908 0 12 222908 0
gene 4 1 14 35457 0 13 35457 1
gene 2 2 14 52242 0 14 52242 0
gene 4 3 14 -231264 0 15 -231264 1
gene 4 4 14 -282687 0 16 -282687 0
gene 4 5 14 -559413 0 17 -559413 1
gene 3 6 14 -324261 0 18 -324261 1
gene 2 7 14 780159 0 19 780159 1
gene 1 8 14 39900 0 20 39900 1
gene 2 9 14 279309 0 21 279309 0
gene 1 10 14 -414531 0 22 -414531 0
gene 1 11 14 65580 0 23 65580 0
gene 4 12 14 -600359 0 24 -600359 1
gene 3 1 15 488280 0 25 488280 1
gene 3 2 15 -800000 0 26 -800000 1
gene 3 3 15 -497286 0 27 -497286 0
gene 3 4 15 313828 0 28 313828 1
gene 3 5 15 -191289 0 29 -191289 1
gene 1 6 15 244203 0 30 244203 1
gene 3 7 15 686216 0 31 686216 0
gene 3 8 15 386301 0 32 386301 1
gene 3 9 15 -706727 0 33 -706727 1
gene 3 10 15 -556968 0 34 -556968 0
gene 2 11 15 -766206 0 35 -766206 1
gene 4 12 15 67164 0 36 67164 0
gene 4 15 15 -244575 1 174 -244575 0
gene 3 8 121 110793 0 329 110793 0
gene 3 121 15 -324987 0 330 -324987 1
gene 2 5 121 -293145 0 438 -293145 1
gene 2 7 121 -206688 0 483 -206688 1
gene 4 4 235 -77886 0 666 -77886 1
gene 4 235 14 -780327 0 667 -780327 1
gene 1 1 235 -78924 0 753 -78924 1
gene 1 9 235 629505 0 1108 629505 1
gene 3 10 384 121806 0 1126 121806 1
gene 3 384 15 -550431 0 1127 -550431 0
gene 2 14 14 97659 1 1197 97659 0
gene 3 7 420 -1536 0 1239 -1536 1
gene 3 420 15 -167808 0 1240 -167808 1
gene 3 2 433 131451 0 1284 131451 1
gene 3 433 13 -800000 0 1285 -800000 1
gene 4 3 461 139755 0 1352 139755 1
gene 4 461 14 -198876 0 1353 -198876 0
gene 4 15 500 -554641 1 1453 -554641 0
gene 4 500 15 -724146 0 1454 -724146 1
gene 1 8 516 11112 0 1500 11112 1
gene 1 516 14 43809 0 1501 43809 1
gene 1 384 121 215067 0 1548 215067 0
gene 2 8 461 -172386 0 1965 -172386 1
gene 3 3 697 316803 0 2038 316803 1
gene 3 697 15 -169953 0 2039 -169953 1
gene 2 1 500 250590 0 2133 250590 1
gene 1 3 433 800000 0 2628 800000 1
gene 1 516 516 -8430 1 2664 -8430 1
gene 3 8 1018 -328023 0 2997 -328023 1
gene 3 1018 121 -543397 0 2998 -543397 1
gene 3 15 433 175743 0 3156 175743 1
gene 1 10 1130 -581889 0 3329 -581889 1
gene 1 1130 14 459148 0 3330 459148 1
gene 3 500 697 392832 0 3371 392832 1
gene 2 3 516 -384489 0 3603 -384489 1
gene 2 9 1323 -628916 0 3885 -628916 1
gene 2 1323 14 -58950 0 3886 -58950 1
gene 2 121 420 -228177 0 3959 -228177 1
gene 2 8 1393 16221 0 4093 16221 1
gene 2 1393 13 -214359 0 4094 -214359 0
gene 1 11 1479 -113883 0 4325 -113883 1
gene 4 1479 14 301318 0 4326 301318 1
gene 4 12 1531 176829 0 4477 176829 1
gene 4 1531 15 281112 0 4478 281112 1
gene 2 1323 420 -263448 0 4676 -263448 1
gene 3 500 1479 -482789 0 4897 -482789 1
gene 4 461 461 90357 1 4980 90357 1
gene 2 121 1732 187413 0 5095 187413 1
gene 1 1732 420 40773 0 5096 40773 1
gene 1 384 500 52341 0 5133 52341 1
gene 2 15 14 -359729 0 5180 -359729 0
gene 4 6 1130 496661 0 5368 496661 1
gene 3 10 1844 23988 0 5409 23988 1
gene 3 1844 384 -129081 0 5410 -129081 1
gene 2 2 2023 383874 0 5908 383874 1
gene 1 2023 14 -409713 0 5909 -409713 1
gene 2 1393 2035 16260 0 5942 16260 0
gene 2 2035 13 -200502 0 5943 -200502 1
gene 4 461 2054 -800000 0 5995 -800000 1
gene 4 2054 14 -144516 0 5996 -144516 1
gene 4 461 2076 673380 0 6055 673380 1
gene 4 2076 2054 258885 0 6056 258885 1
gene 2 11 2174 -15765 0 6336 -15765 1
gene 2 2174 13 25799 0 6337 25799 1
gene 2 1393 2292 -249027 0 6690 -249027 1
gene 2 2292 2035 41205 0 6691 41205 0
gene 4 12 2306 -367425 0 6730 -367425 1
gene 4 2306 13 -37605 0 6731 -37605 0
gene 2 15 2374 90639 0 6914 90639 1
gene 2 2374 14 -417852 0 6915 -417852 1
gene 4 500 2502 273720 0 7309 273720 1
gene 4 2502 15 149589 0 7310 149589 1
gene 4 15 461 280368 0 7483 280368 1
gene 3 433 433 -173145 1 7529 -173145 1
gene 1 384 2593 194232 0 7577 194232 1
gene 1 2593 121 -414528 0 7578 -414528 1
gene 2 14 2610 -138921 1 7624 -138921 0
gene 2 2610 14 107067 0 7625 107067 1
gene 4 2306 420 117603 0 7889 117603 1
gene 2 1018 384 55596 0 7964 55596 1
gene 4 2306 2742 445983 0 8009 445983 1
gene 4 2742 13 -452751 0 8010 -452751 1
gene 4 15 2763 -81414 1 8064 -81414 1
gene 4 2763 500 650307 0 8065 650307 1
gene 3 8 2502 -703175 0 8110 -703175 1
gene 1 1844 2502 -800000 0 8442 -800000 1
gene 2 1 1531 -143353 0 8572 -143353 1
gene 2 2763 420 439804 0 8645 439804 1
gene 2 2292 3005 23194 0 8789 23194 1
gene 2 3005 2035 -221982 0 8790 -221982 1
genomeend 54


/* Organism #64 Fitness: 210.000000 Time: 0 */
/* Position #64*/
#1 x: 44 y: 29
#2 x: 33 y: 17
#3 x: 73 y: 30
#4 x: 54 y: 75
#5 x: 83 y: 84
#6 x: 77 y: 64
genomestart 64
trait 1 43007.000000 16300.000000 6994.000000 28041.000000 57524.000000 37112.000000 87908.000000 80535.000000 trait 2 2.000000 0.000000 90545.000000 0.000000 0.000000 95294.000000 0.000000 0.000000 trait 3 0.000000 0.000000 0.000000 51304.000000 0.000000 13538.000000 70969.000000 30146.000000 trait 4 4.000000 0.000000 1321.000000 36940.000000 0.000000 82977.000000 100000.000000 0.000000 node 1 4 1 3
node 2 4 1 1
node 3 1 1 1
node 4 1 1 1
node 5 1 1 1
node 6 2 1 1
node 7 4 1 1
node 8 4 1 1
node 9 2 1 1
node 10 1 1 1
node 11 2 1 1
node 12 4 1 1
node 13 2 0 2
node 14 1 0 2
node 15 3 0 2
node 121 1 0 0
node 235 1 0 0
node 384 2 0 0
node 420 1 0 0
node 433 1 0 0
node 461 1 0 0
node 500 1 0 0
node 516 1 0 0
node 697 3 0 0
node 1018 1 0 0
node 1130 1 0 0
node 1323 3 0 0
node 1393 1 0 0
node 1479 1 0 0
node 1531 4 0 0
node 1683 1 0 0
node 1735 1 0 0
node 1875 4 0 0
node 2034 1 0 0
node 2142 1 0 0
node 2172 1 0 0
node 2206 1 0 0
node 2313 1 0 0
node 2332 1 0 0
node 2368 1 0 0
node 2491 1 0 0
node 2512 1 0 0
node 2530 1 0 0
node 2547 1 0 0
node 2692 1 0 0
node 2752 1 0 0
node 2781 1 0 0
node 2814 1 0 0
node 2929 1 0 0
node 2979 1 0 0
node 3019 1 0 0
gene 2 1 13 -424449 0 1 -424449 1
gene 3 2 13 -11460 0 2 -11460 1
gene 2 3 13 -800000 0 3 -800000 1
gene 3 4 13 800000 0 4 800000 1
gene 2 5 13 -633134 0 5 -633134 0
gene 4 6 13 66933 0 6 66933 1
gene 3 7 13 75744 0 7 75744 1
gene 2 8 13 302250 0 8 302250 0
gene 3 9 13 180069 0 9 180069 0
gene 2 10 13 707928 0 10 707928 0
gene 2 11 13 -589926 0 11 -589926 1
gene 4 12 13 -14298 0 12 -14298 1
gene 2 1 14 -561312 0 13 -561312 1
gene 2 2 14 600679 0 14 600679 1
gene 4 3 14 -277095 0 15 -277095 0
gene 4 4 14 -185425 0 16 -185425 0
gene 4 5 14 -426339 0 17 -426339 1
gene 3 6 14 168958 0 18 168958 0
gene 2 7 14 138348 0 19 138348 1
gene 1 8 14 289548 0 20 289548 0
gene 3 9 14 620683 0 21 620683 1
gene 1 10 14 -718712 0 22 -718712 1
gene 1 11 14 -756236 0 23 -756236 1
gene 4 12 14 498759 0 24 498759 1
gene 3 1 15 213402 0 25 213402 1
gene 3 2 15 -561572 0 26 -561572 1
gene 3 3 15 -224613 0 27 -224613 0
gene 3 4 15 -139802 0 28 -139802 1
gene 3 5 15 -172923 0 29 -172923 1
gene 1 6 15 -668409 0 30 -668409 1
gene 3 7 15 -264911 0 31 -264911 1
gene 3 8 15 -474438 0 32 -474438 0
gene 3 9 15 340479 0 33 340479 1
gene 3 10 15 192516 0 34 192516 0
gene 2 11 15 -242403 0 35 -242403 1
gene 4 12 15 -308292 0 36 -308292 0
gene 4 15 15 -135146 1 174 -135146 1
gene 3 8 121 179646 0 329 179646 0
gene 3 121 15 47184 0 330 47184 1
gene 2 5 121 -790308 0 438 -790308 1
gene 2 7 121 -264141 0 483 -264141 0
gene 4 4 235 -300783 0 666 -300783 1
gene 4 235 14 358542 0 667 358542 1
gene 1 1 235 -601104 0 753 -601104 1
gene 3 9 235 -37950 0 1108 -37950 1
gene 3 10 384 -607893 0 1126 -607893 1
gene 3 384 15 626377 0 1127 626377 0
gene 2 14 14 169809 1 1197 169809 1
gene 3 7 420 -408717 0 1239 -408717 0
gene 3 420 15 618558 0 1240 618558 0
gene 3 2 433 -197742 0 1284 -197742 0
gene 3 433 13 307551 0 1285 307551 0
gene 4 3 461 -590016 0 1352 -590016 1
gene 4 461 14 544821 0 1353 544821 1
gene 4 15 500 800000 1 1453 800000 1
gene 4 500 15 623775 0 1454 623775 0
gene 1 8 516 169002 0 1500 169002 1
gene 1 516 14 -29031 0 1501 -29031 1
gene 1 384 121 -128760 0 1548 -128760 1
gene 2 8 461 -60168 0 1965 -60168 1
gene 3 3 697 630996 0 2038 630996 0
gene 3 697 15 242211 0 2039 242211 1
gene 2 1 500 -65145 0 2133 -65145 1
gene 1 3 433 765888 0 2628 765888 1
gene 1 516 516 169782 1 2664 169782 1
gene 3 8 1018 41259 0 2997 41259 1
gene 3 1018 121 129360 0 2998 129360 0
gene 3 15 433 19860 0 3156 19860 1
gene 1 10 1130 -63180 0 3329 -63180 1
gene 1 1130 14 223812 0 3330 223812 1
gene 3 500 697 335520 0 3371 335520 1
gene 2 3 516 112284 0 3603 112284 1
gene 2 9 1323 -230775 0 3885 -230775 0
gene 2 1323 14 277098 0 3886 277098 1
gene 2 121 420 -131092 0 3959 -131092 0
gene 2 8 1393 35266 0 4093 35266 0
gene 2 1393 13 219417 0 4094 219417 1
gene 1 11 1479 -56820 0 4325 -56820 1
gene 1 1479 14 171621 0 4326 171621 0
gene 4 12 1531 -388095 0 4477 -388095 1
gene 4 1531 15 -522615 0 4478 -522615 1
gene 3 1393 433 -291288 0 4734 -291288 1
gene 2 1323 1683 206702 0 4950 206702 1
gene 2 1683 14 -266472 0 4951 -266472 1
gene 3 6 1735 563013 0 5103 563013 1
gene 3 1735 14 319620 0 5104 319620 1
gene 1 5 516 -519333 0 5346 -519333 1
gene 1 516 433 -779678 0 5443 -779678 1
gene 3 2 1875 493530 0 5505 493530 1
gene 3 1875 433 800000 0 5506 800000 1
gene 1 1683 461 320948 0 5687 320948 1
gene 1 516 121 112128 0 5877 112128 1
gene 3 3 2034 -335367 0 5939 -335367 1
gene 3 2034 697 616755 0 5940 616755 1
gene 3 5 1479 386898 0 6157 386898 1
gene 3 7 2142 238716 0 6248 238716 1
gene 3 2142 420 32199 0 6249 32199 1
gene 3 420 2172 -663514 0 6332 -663514 1
gene 3 2172 15 -781299 0 6333 -781299 1
gene 2 1735 1735 -534173 1 6388 -534173 0
gene 2 8 2206 -109161 0 6436 -109161 1
gene 2 2206 1393 413283 0 6437 413283 1
gene 2 121 2313 -295419 0 6747 -295419 1
gene 2 2313 420 790064 0 6748 790064 1
gene 2 9 2332 293052 0 6797 293052 1
gene 2 2332 1323 292638 0 6798 292638 1
gene 4 1323 2034 -95919 0 6848 -95919 1
gene 2 7 2368 279812 0 6897 279812 0
gene 2 2368 121 253815 0 6898 253815 1
gene 2 384 1531 -634467 0 7018 -634467 1
gene 2 2142 1018 295845 0 7205 295845 1
gene 3 2206 2034 243746 0 7245 243746 1
gene 2 7 2491 572148 0 7283 572148 1
gene 2 2491 2368 -112632 0 7284 -112632 1
gene 2 5 2512 315198 0 7337 315198 1
gene 2 2512 13 -165297 0 7338 -165297 1
gene 2 10 2530 -110847 0 7387 -110847 1
gene 2 2530 13 -392019 0 7388 -392019 1
gene 3 9 2547 -308913 0 7440 -308913 1
gene 3 2547 13 -79491 0 7441 -79491 1
gene 2 2530 1479 4050 0 7594 4050 1
gene 1 1479 2692 -184758 0 7856 -184758 1
gene 1 2692 14 627906 0 7857 627906 1
gene 3 4 1130 64911 0 7980 64911 1
gene 4 500 2752 213438 0 8035 213438 1
gene 4 2752 15 43674 0 8036 43674 1
gene 2 2692 2332 194976 0 8070 194976 1
gene 3 9 2781 -477771 0 8116 -477771 1
gene 3 2781 13 205248 0 8117 205248 1
gene 3 420 2332 208536 0 8160 208536 1
gene 3 433 2814 251220 0 8210 251220 1
gene 3 2814 13 82579 0 8211 82579 1
gene 2 1735 2929 311968 1 8551 311968 1
gene 2 2929 1735 -800000 0 8552 -800000 1
gene 3 1 1130 223446 0 8596 223446 1
gene 3 8 2979 -256982 0 8693 -256982 1
gene 3 2979 15 245136 0 8694 245136 1
gene 4 3 3019 -228959 0 8825 -228959 1
gene 4 3019 14 -34509 0 8826 -34509 1
genomeend 64


/* Organism #65 Fitness: 210.000000 Time: 0 */
/* Position #65*/
#1 x: 44 y: 29
#2 x: 33 y: 17
#3 x: 73 y: 30
#4 x: 54 y: 75
#5 x: 83 y: 84
#6 x: 77 y: 64
genomestart 65
trait 1 43007.000000 16300.000000 6994.000000 28041.000000 57524.000000 37112.000000 87908.000000 80535.000000 trait 2 2.000000 0.000000 90545.000000 0.000000 0.000000 95294.000000 0.000000 0.000000 trait 3 0.000000 0.000000 0.000000 51304.000000 0.000000 13538.000000 70969.000000 30146.000000 trait 4 4.000000 0.000000 0.000000 36940.000000 0.000000 45239.000000 43316.000000 37957.000000 node 1 4 1 3
node 2 4 1 1
node 3 1 1 1
node 4 1 1 1
node 5 1 1 1
node 6 2 1 1
node 7 4 1 1
node 8 4 1 1
node 9 2 1 1
node 10 1 1 1
node 11 2 1 1
node 12 4 1 1
node 13 2 0 2
node 14 1 0 2
node 15 3 0 2
node 121 1 0 0
node 235 1 0 0
node 384 2 0 0
node 420 1 0 0
node 433 1 0 0
node 461 1 0 0
node 500 1 0 0
node 516 1 0 0
node 697 3 0 0
node 1018 1 0 0
node 1130 1 0 0
node 1323 3 0 0
node 1393 1 0 0
node 1479 1 0 0
node 1531 4 0 0
node 1683 1 0 0
node 1735 1 0 0
node 1875 4 0 0
node 2034 1 0 0
node 2142 1 0 0
node 2172 1 0 0
node 2206 1 0 0
node 2313 1 0 0
node 2332 1 0 0
node 2368 1 0 0
node 2491 1 0 0
node 2512 1 0 0
node 2530 1 0 0
node 2547 1 0 0
node 2692 1 0 0
node 2752 1 0 0
node 2781 1 0 0
node 2814 1 0 0
node 2929 1 0 0
node 2979 1 0 0
node 3019 1 0 0
gene 2 1 13 -601317 0 1 -601317 1
gene 3 2 13 129102 0 2 129102 1
gene 2 3 13 -76602 0 3 -76602 1
gene 3 4 13 800000 0 4 800000 1
gene 2 5 13 -773888 0 5 -773888 0
gene 4 6 13 266859 0 6 266859 1
gene 3 7 13 100905 0 7 100905 1
gene 2 8 13 41721 0 8 41721 0
gene 3 9 13 164625 0 9 164625 0
gene 2 10 13 437985 0 10 437985 0
gene 2 11 13 130914 0 11 130914 1
gene 4 12 13 265554 0 12 265554 1
gene 2 1 14 -99657 0 13 -99657 1
gene 2 2 14 555922 0 14 555922 1
gene 4 3 14 -274593 0 15 -274593 0
gene 4 4 14 -125443 0 16 -125443 0
gene 4 5 14 -573099 0 17 -573099 1
gene 3 6 14 223603 0 18 223603 0
gene 2 7 14 -81387 0 19 -81387 1
gene 1 8 14 198015 0 20 198015 0
gene 3 9 14 528289 0 21 528289 1
gene 1 10 14 -607538 0 22 -607538 1
gene 1 11 14 -191730 0 23 -191730 1
gene 4 12 14 709050 0 24 709050 1
gene 3 1 15 491625 0 25 491625 1
gene 3 2 15 -652934 0 26 -652934 1
gene 3 3 15 3153 0 27 3153 0
gene 3 4 15 -430286 0 28 -430286 1
gene 3 5 15 -149865 0 29 -149865 1
gene 1 6 15 -566475 0 30 -566475 1
gene 3 7 15 250125 0 31 250125 1
gene 3 8 15 -671637 0 32 -671637 0
gene 3 9 15 17949 0 33 17949 1
gene 3 10 15 154068 0 34 154068 0
gene 2 11 15 -249492 0 35 -249492 1
gene 4 12 15 141411 0 36 141411 0
gene 4 15 15 -333602 1 174 -333602 1
gene 3 8 121 -252399 0 329 -252399 0
gene 3 121 15 479610 0 330 479610 1
gene 2 5 121 -519117 0 438 -519117 1
gene 2 7 121 -464736 0 483 -464736 0
gene 4 4 235 -123810 0 666 -123810 1
gene 4 235 14 32694 0 667 32694 1
gene 1 1 235 -413970 0 753 -413970 1
gene 3 9 235 -214158 0 1108 -214158 1
gene 3 10 384 -800000 0 1126 -800000 1
gene 3 384 15 -212241 0 1127 -212241 0
gene 2 14 14 164088 1 1197 164088 1
gene 3 7 420 -77157 0 1239 -77157 0
gene 3 420 15 732903 0 1240 732903 0
gene 3 2 433 -40197 0 1284 -40197 0
gene 3 433 13 434205 0 1285 434205 0
gene 4 3 461 -267408 0 1352 -267408 1
gene 4 461 14 285363 0 1353 285363 1
gene 4 15 500 -115806 1 1453 -115806 1
gene 4 500 15 384438 0 1454 384438 0
gene 1 8 516 192666 0 1500 192666 1
gene 1 516 14 231900 0 1501 231900 1
gene 1 384 121 -171804 0 1548 -171804 1
gene 2 8 461 159027 0 1965 159027 1
gene 3 3 697 378747 0 2038 378747 0
gene 3 697 15 -152112 0 2039 -152112 1
gene 2 1 500 282414 0 2133 282414 1
gene 1 3 433 664896 0 2628 664896 1
gene 1 516 516 -63996 1 2664 -63996 1
gene 3 8 1018 165912 0 2997 165912 1
gene 3 1018 121 -91845 0 2998 -91845 0
gene 3 15 433 200379 0 3156 200379 1
gene 1 10 1130 314865 0 3329 314865 1
gene 1 1130 14 -142230 0 3330 -142230 1
gene 3 500 697 -133533 0 3371 -133533 1
gene 2 3 516 -12012 0 3603 -12012 1
gene 2 9 1323 -56796 0 3885 -56796 0
gene 2 1323 14 458685 0 3886 458685 1
gene 2 121 420 -329368 0 3959 -329368 0
gene 2 8 1393 -296202 0 4093 -296202 0
gene 2 1393 13 325302 0 4094 325302 1
gene 1 11 1479 269340 0 4325 269340 1
gene 1 1479 14 63660 0 4326 63660 0
gene 4 12 1531 77940 0 4477 77940 1
gene 4 1531 15 -482928 0 4478 -482928 1
gene 3 1393 433 103173 0 4734 103173 1
gene 2 1323 1683 115649 0 4950 115649 1
gene 2 1683 14 -341130 0 4951 -341130 1
gene 3 6 1735 339153 0 5103 339153 1
gene 3 1735 14 267459 0 5104 267459 1
gene 1 5 516 -587151 0 5346 -587151 1
gene 1 516 433 -790580 0 5443 -790580 1
gene 3 2 1875 313635 0 5505 313635 1
gene 3 1875 433 27753 0 5506 27753 1
gene 1 1683 461 574454 0 5687 574454 1
gene 1 516 121 70872 0 5877 70872 1
gene 3 3 2034 -291558 0 5939 -291558 1
gene 3 2034 697 790938 0 5940 790938 1
gene 3 5 1479 431385 0 6157 431385 1
gene 3 7 2142 -2169 0 6248 -2169 1
gene 3 2142 420 235386 0 6249 235386 1
gene 3 420 2172 -26223 0 6332 -26223 1
gene 3 2172 15 -188718 0 6333 -188718 1
gene 2 1735 1735 -184878 1 6388 -184878 0
gene 2 8 2206 -193524 0 6436 -193524 1
gene 2 2206 1393 239352 0 6437 239352 1
gene 2 121 2313 69600 0 6747 69600 1
gene 2 2313 420 434204 0 6748 434204 1
gene 2 9 2332 -76662 0 6797 -76662 1
gene 2 2332 1323 -217995 0 6798 -217995 1
gene 4 1323 2034 -381636 0 6848 -381636 1
gene 2 7 2368 225288 0 6897 225288 0
gene 2 2368 121 88995 0 6898 88995 1
gene 2 384 1531 -550593 0 7018 -550593 1
gene 2 2142 1018 112350 0 7205 112350 1
gene 3 2206 2034 567683 0 7245 567683 1
gene 2 7 2491 334731 0 7283 334731 1
gene 2 2491 2368 21729 0 7284 21729 1
gene 2 5 2512 520473 0 7337 520473 1
gene 2 2512 13 713160 0 7338 713160 1
gene 2 10 2530 -6150 0 7387 -6150 1
gene 2 2530 13 121035 0 7388 121035 1
gene 3 9 2547 -279765 0 7440 -279765 1
gene 3 2547 13 -195405 0 7441 -195405 1
gene 2 2530 1479 -353070 0 7594 -353070 1
gene 1 1479 2692 -171138 0 7856 -171138 1
gene 1 2692 14 371205 0 7857 371205 1
gene 3 4 1130 -222492 0 7980 -222492 1
gene 4 500 2752 336039 0 8035 336039 1
gene 4 2752 15 -85905 0 8036 -85905 1
gene 2 2692 2332 128385 0 8070 128385 1
gene 3 9 2781 -345165 0 8116 -345165 1
gene 3 2781 13 -800000 0 8117 -800000 1
gene 3 420 2332 276669 0 8160 276669 1
gene 3 433 2814 271608 0 8210 271608 1
gene 3 2814 13 36613 0 8211 36613 1
gene 2 1735 2929 485398 1 8551 485398 1
gene 2 2929 1735 -734234 0 8552 -734234 1
gene 3 1 1130 325824 0 8596 325824 1
gene 3 8 2979 207192 0 8693 207192 1
gene 3 2979 15 -260529 0 8694 -260529 1
gene 4 3 3019 -228797 0 8825 -228797 1
gene 4 3019 14 -108486 0 8826 -108486 1
genomeend 65


/* Organism #70 Fitness: 380.000000 Time: 0 */
/* Position #70*/
#1 x: 75 y: 34
#2 x: 80 y: 15
#3 x: 45 y: 34
#4 x: 43 y: 61
#5 x: 46 y: 72
#6 x: 51 y: 84
genomestart 70
trait 1 19736.000000 16300.000000 6994.000000 0.000000 57524.000000 20547.000000 87908.000000 80535.000000 trait 2 2.000000 0.000000 90545.000000 0.000000 0.000000 95294.000000 0.000000 0.000000 trait 3 0.000000 0.000000 0.000000 51304.000000 0.000000 13538.000000 70969.000000 30146.000000 trait 4 4.000000 0.000000 0.000000 36940.000000 0.000000 45239.000000 43316.000000 37957.000000 node 1 4 1 3
node 2 4 1 1
node 3 1 1 1
node 4 1 1 1
node 5 1 1 1
node 6 2 1 1
node 7 4 1 1
node 8 4 1 1
node 9 2 1 1
node 10 1 1 1
node 11 2 1 1
node 12 4 1 1
node 13 2 0 2
node 14 1 0 2
node 15 3 0 2
node 121 1 0 0
node 235 1 0 0
node 384 2 0 0
node 420 1 0 0
node 433 1 0 0
node 461 1 0 0
node 500 1 0 0
node 516 1 0 0
node 697 3 0 0
node 1018 1 0 0
node 1130 1 0 0
node 1323 3 0 0
node 1393 1 0 0
node 1479 1 0 0
node 1531 4 0 0
node 1683 1 0 0
node 1735 1 0 0
node 1875 4 0 0
node 2034 1 0 0
node 2142 1 0 0
node 2172 1 0 0
node 2206 1 0 0
node 2313 1 0 0
node 2332 1 0 0
node 2368 1 0 0
node 2491 1 0 0
node 2512 1 0 0
node 2530 1 0 0
node 2547 1 0 0
node 2692 1 0 0
node 2752 1 0 0
node 2781 1 0 0
node 2814 1 0 0
node 2929 1 0 0
node 3035 1 0 0
gene 2 1 13 -483540 0 1 -483540 1
gene 3 2 13 -114618 0 2 -114618 1
gene 2 3 13 -800000 0 3 -800000 1
gene 3 4 13 800000 0 4 800000 1
gene 2 5 13 49797 0 5 49797 0
gene 4 6 13 55317 0 6 55317 1
gene 3 7 13 -291563 0 7 -291563 1
gene 2 8 13 53961 0 8 53961 0
gene 3 9 13 -78282 0 9 -78282 1
gene 2 10 13 267969 0 10 267969 0
gene 2 11 13 49089 0 11 49089 1
gene 4 12 13 134559 0 12 134559 1
gene 2 1 14 554154 0 13 554154 1
gene 2 2 14 50770 0 14 50770 0
gene 4 3 14 -444993 0 15 -444993 1
gene 4 4 14 -244422 0 16 -244422 0
gene 4 5 14 -394458 0 17 -394458 1
gene 3 6 14 385621 0 18 385621 1
gene 2 7 14 -194867 0 19 -194867 1
gene 1 8 14 688611 0 20 688611 0
gene 3 9 14 717202 0 21 717202 1
gene 1 10 14 -299967 0 22 -299967 1
gene 1 11 14 -800000 0 23 -800000 1
gene 4 12 14 722903 0 24 722903 1
gene 3 1 15 113928 0 25 113928 1
gene 3 2 15 -800000 0 26 -800000 1
gene 3 3 15 -564 0 27 -564 0
gene 3 4 15 -562949 0 28 -562949 1
gene 3 5 15 -77886 0 29 -77886 1
gene 1 6 15 -492036 0 30 -492036 1
gene 3 7 15 -56334 0 31 -56334 1
gene 3 8 15 -341862 0 32 -341862 1
gene 3 9 15 74235 0 33 74235 1
gene 3 10 15 800000 0 34 800000 1
gene 2 11 15 219504 0 35 219504 1
gene 4 12 15 -518021 0 36 -518021 1
gene 4 15 15 715369 1 174 715369 1
gene 3 8 121 151188 0 329 151188 0
gene 3 121 15 -134490 0 330 -134490 1
gene 2 5 121 -619440 0 438 -619440 1
gene 2 7 121 -54480 0 483 -54480 0
gene 4 4 235 460596 0 666 460596 1
gene 4 235 14 -210780 0 667 -210780 1
gene 1 1 235 -707756 0 753 -707756 1
gene 3 9 235 490794 0 1108 490794 1
gene 3 10 384 -800000 0 1126 -800000 1
gene 3 384 15 -175847 0 1127 -175847 1
gene 2 14 14 348177 1 1197 348177 1
gene 3 7 420 192696 0 1239 192696 0
gene 3 420 15 514452 0 1240 514452 0
gene 3 2 433 298689 0 1284 298689 0
gene 3 433 13 358962 0 1285 358962 0
gene 4 3 461 -407202 0 1352 -407202 1
gene 4 461 14 788172 0 1353 788172 1
gene 4 15 500 709963 1 1453 709963 1
gene 4 500 15 240192 0 1454 240192 0
gene 1 8 516 -236166 0 1500 -236166 1
gene 1 516 14 -458682 0 1501 -458682 1
gene 1 384 121 -145563 0 1548 -145563 1
gene 2 8 461 -279546 0 1965 -279546 1
gene 3 3 697 542940 0 2038 542940 0
gene 3 697 15 21606 0 2039 21606 1
gene 2 1 500 -90906 0 2133 -90906 1
gene 1 3 433 120726 0 2628 120726 1
gene 1 516 516 -28701 1 2664 -28701 1
gene 3 8 1018 -23781 0 2997 -23781 1
gene 3 1018 121 135573 0 2998 135573 0
gene 3 15 433 -32754 0 3156 -32754 1
gene 1 10 1130 -800000 0 3329 -800000 1
gene 1 1130 14 281616 0 3330 281616 1
gene 3 500 697 24351 0 3371 24351 1
gene 2 3 516 -97422 0 3603 -97422 1
gene 2 9 1323 -8685 0 3885 -8685 0
gene 2 1323 14 -247680 0 3886 -247680 1
gene 2 121 420 -403815 0 3959 -403815 1
gene 2 8 1393 -85674 0 4093 -85674 0
gene 2 1393 13 223734 0 4094 223734 1
gene 1 11 1479 453267 0 4325 453267 1
gene 1 1479 14 756893 0 4326 756893 0
gene 4 12 1531 374310 0 4477 374310 1
gene 4 1531 15 -380442 0 4478 -380442 1
gene 3 1393 433 681411 0 4734 681411 1
gene 2 1323 1683 273395 0 4950 273395 1
gene 2 1683 14 -502929 0 4951 -502929 1
gene 3 6 1735 377349 0 5103 377349 1
gene 3 1735 14 242559 0 5104 242559 1
gene 1 5 516 -722589 0 5346 -722589 1
gene 1 516 433 -174501 0 5443 -174501 1
gene 3 2 1875 448854 0 5505 448854 1
gene 3 1875 433 534419 0 5506 534419 1
gene 1 1683 461 326978 0 5687 326978 1
gene 1 516 121 -201666 0 5877 -201666 1
gene 3 3 2034 -81327 0 5939 -81327 1
gene 3 2034 697 413301 0 5940 413301 1
gene 3 5 1479 54945 0 6157 54945 1
gene 3 7 2142 38778 0 6248 38778 1
gene 3 2142 420 -209394 0 6249 -209394 1
gene 3 420 2172 -317359 0 6332 -317359 1
gene 3 2172 15 -489255 0 6333 -489255 1
gene 2 1735 1735 -524372 1 6388 -524372 0
gene 2 8 2206 220605 0 6436 220605 1
gene 2 2206 1393 736620 0 6437 736620 1
gene 2 121 2313 -191013 0 6747 -191013 1
gene 2 2313 420 124689 0 6748 124689 1
gene 2 9 2332 -303480 0 6797 -303480 1
gene 2 2332 1323 -4449 0 6798 -4449 1
gene 4 1323 2034 -202455 0 6848 -202455 1
gene 2 7 2368 205209 0 6897 205209 0
gene 2 2368 121 58548 0 6898 58548 1
gene 2 384 1531 -22287 0 7018 -22287 1
gene 2 2142 1018 23472 0 7205 23472 1
gene 3 2206 2034 -157917 0 7245 -157917 1
gene 2 7 2491 233472 0 7283 233472 1
gene 2 2491 2368 -728802 0 7284 -728802 1
gene 2 5 2512 480495 0 7337 480495 1
gene 2 2512 13 551334 0 7338 551334 1
gene 2 10 2530 -325629 0 7387 -325629 1
gene 2 2530 13 192483 0 7388 192483 1
gene 3 9 2547 -184194 0 7440 -184194 1
gene 3 2547 13 -101361 0 7441 -101361 1
gene 2 2530 1479 157848 0 7594 157848 1
gene 1 1479 2692 179769 0 7856 179769 1
gene 1 2692 14 655146 0 7857 655146 1
gene 3 4 1130 39606 0 7980 39606 1
gene 4 500 2752 337278 0 8035 337278 1
gene 4 2752 15 -309042 0 8036 -309042 1
gene 2 2692 2332 -53475 0 8070 -53475 1
gene 3 9 2781 -23409 0 8116 -23409 1
gene 3 2781 13 -800000 0 8117 -800000 1
gene 3 420 2332 68412 0 8160 68412 1
gene 3 433 2814 583698 0 8210 583698 1
gene 3 2814 13 288774 0 8211 288774 1
gene 2 1735 2929 -337523 1 8551 -337523 1
gene 2 2929 1735 246321 0 8552 246321 1
gene 3 1 1130 -225345 0 8596 -225345 1
gene 2 2 3035 1 0 8875 0 1
gene 2 3035 14 50770 0 8876 0 1
genomeend 70


/* Organism #74 Fitness: 280.000000 Time: 0 */
/* Position #74*/
#1 x: 41 y: 23
#2 x: 45 y: 20
#3 x: 74 y: 40
#4 x: 44 y: 77
#5 x: 22 y: 63
#6 x: 47 y: 71
genomestart 74
trait 1 71503.000000 52572.000000 0.000000 48265.000000 0.000000 0.000000 100000.000000 393.000000 trait 2 2.000000 0.000000 0.000000 0.000000 0.000000 0.000000 0.000000 0.000000 trait 3 0.000000 0.000000 0.000000 51304.000000 0.000000 13538.000000 70969.000000 30146.000000 trait 4 4.000000 0.000000 0.000000 36940.000000 0.000000 0.000000 43316.000000 37957.000000 node 1 4 1 3
node 2 4 1 1
node 3 1 1 1
node 4 2 1 1
node 5 1 1 1
node 6 2 1 1
node 7 4 1 1
node 8 4 1 1
node 9 2 1 1
node 10 1 1 1
node 11 2 1 1
node 12 4 1 1
node 13 2 0 2
node 14 1 0 2
node 15 3 0 2
node 121 1 0 0
node 235 1 0 0
node 384 1 0 0
node 420 1 0 0
node 433 1 0 0
node 461 1 0 0
node 500 1 0 0
node 516 1 0 0
node 697 1 0 0
node 1018 1 0 0
node 1130 1 0 0
node 1323 3 0 0
node 1393 1 0 0
node 1479 1 0 0
node 1531 4 0 0
node 1683 1 0 0
node 1735 1 0 0
node 1875 1 0 0
node 1975 1 0 0
node 2022 1 0 0
node 2179 1 0 0
node 2295 1 0 0
node 2794 1 0 0
node 3024 1 0 0
gene 2 1 13 -130014 0 1 -130014 1
gene 3 2 13 231147 0 2 231147 1
gene 2 3 13 -163299 0 3 -163299 1
gene 3 4 13 -124032 0 4 -124032 1
gene 2 5 13 -800000 0 5 -800000 1
gene 4 6 13 -85881 0 6 -85881 1
gene 3 7 13 102894 0 7 102894 1
gene 2 8 13 8703 0 8 8703 0
gene 3 9 13 287271 0 9 287271 1
gene 2 10 13 -91374 0 10 -91374 1
gene 2 11 13 -192153 0 11 -192153 1
gene 4 12 13 -182610 0 12 -182610 1
gene 2 1 14 800000 0 13 800000 1
gene 2 2 14 107730 0 14 107730 1
gene 4 3 14 313719 0 15 313719 1
gene 4 4 14 800000 0 16 800000 0
gene 4 5 14 -159606 0 17 -159606 1
gene 3 6 14 -102411 0 18 -102411 0
gene 2 7 14 -264260 0 19 -264260 1
gene 1 8 14 -127617 0 20 -127617 0
gene 3 9 14 164490 0 21 164490 1
gene 1 10 14 245187 0 22 245187 1
gene 1 11 14 51289 0 23 51289 1
gene 4 12 14 -26757 0 24 -26757 1
gene 3 1 15 69336 0 25 69336 1
gene 3 2 15 -500793 0 26 -500793 1
gene 3 3 15 253221 0 27 253221 0
gene 3 4 15 -129501 0 28 -129501 1
gene 3 5 15 -14391 0 29 -14391 1
gene 1 6 15 -75045 0 30 -75045 0
gene 3 7 15 -26313 0 31 -26313 0
gene 3 8 15 111894 0 32 111894 1
gene 3 9 15 -140634 0 33 -140634 1
gene 3 10 15 264663 0 34 264663 0
gene 2 11 15 602514 0 35 602514 1
gene 4 12 15 -571476 0 36 -571476 0
gene 4 15 15 426165 1 174 426165 0
gene 3 8 121 -315258 0 329 -315258 0
gene 3 121 15 -5349 0 330 -5349 1
gene 2 5 121 -578124 0 438 -578124 1
gene 2 7 121 -354246 0 483 -354246 1
gene 4 4 235 54027 0 666 54027 1
gene 4 235 14 85396 0 667 85396 1
gene 1 1 235 -128061 0 753 -128061 1
gene 1 9 235 272280 0 1108 272280 1
gene 3 10 384 115920 0 1126 115920 1
gene 3 384 15 160677 0 1127 160677 0
gene 2 14 14 -307566 1 1197 -307566 0
gene 3 7 420 88161 0 1239 88161 1
gene 3 420 15 199275 0 1240 199275 1
gene 4 2 433 -277680 0 1284 -277680 0
gene 3 433 13 -246330 0 1285 -246330 1
gene 4 3 461 -372735 0 1352 -372735 1
gene 4 461 14 -120567 0 1353 -120567 1
gene 4 15 500 -33405 1 1453 -33405 1
gene 4 500 15 -800000 0 1454 -800000 0
gene 1 8 516 314325 0 1500 314325 1
gene 1 516 14 -404880 0 1501 -404880 1
gene 1 384 121 -243201 0 1548 -243201 1
gene 2 8 461 287172 0 1965 287172 1
gene 3 3 697 189399 0 2038 189399 1
gene 2 697 15 -370224 0 2039 -370224 1
gene 2 1 500 95928 0 2133 95928 1
gene 1 3 433 340686 0 2628 340686 1
gene 1 516 516 -517380 1 2664 -517380 1
gene 3 8 1018 -443064 0 2997 -443064 1
gene 3 1018 121 -241407 0 2998 -241407 0
gene 3 15 433 175878 0 3156 175878 1
gene 1 10 1130 286032 0 3329 286032 1
gene 1 1130 14 278229 0 3330 278229 1
gene 3 500 697 -83334 0 3371 -83334 1
gene 2 3 516 233815 0 3603 233815 1
gene 2 9 1323 -9720 0 3885 -9720 1
gene 2 1323 14 -267207 0 3886 -267207 0
gene 4 121 420 182826 0 3959 182826 1
gene 2 8 1393 86178 0 4093 86178 1
gene 2 1393 13 800000 0 4094 800000 0
gene 1 11 1479 -115770 0 4325 -115770 1
gene 1 1479 14 286668 0 4326 286668 1
gene 4 12 1531 -89265 0 4477 -89265 1
gene 4 1531 15 173280 0 4478 173280 0
gene 3 1393 433 -19851 0 4734 -19851 1
gene 2 1323 1683 18531 0 4950 18531 1
gene 2 1683 14 196170 0 4951 196170 1
gene 3 6 1735 -252462 0 5103 -252462 1
gene 3 1735 14 800000 0 5104 800000 0
gene 1 5 516 -128064 0 5346 -128064 0
gene 1 516 433 -528219 0 5443 -528219 1
gene 3 2 1875 -93897 0 5505 -93897 1
gene 3 1875 433 73614 0 5506 73614 1
gene 1 1683 461 -288642 0 5687 -288642 1
gene 1 6 1975 767166 0 5780 767166 1
gene 1 1975 15 24774 0 5781 24774 1
gene 4 1531 2022 -410286 0 5905 -410286 1
gene 4 2022 15 -800000 0 5906 -800000 1
gene 3 121 1875 613836 0 5987 613836 1
gene 1 1683 1393 264510 0 6232 264510 1
gene 4 500 2179 -119166 0 6351 -119166 1
gene 4 2179 15 -107136 0 6352 -107136 1
gene 3 12 2179 800000 0 6539 800000 1
gene 1 1975 1975 -37521 1 6578 -37521 1
gene 2 14 2295 -133266 1 6699 -133266 1
gene 2 2295 14 19407 0 6700 19407 1
gene 4 4 433 663186 0 7064 663186 1
gene 3 12 235 -8262 0 7098 -8262 1
gene 1 384 384 187185 1 7242 187185 1
gene 2 500 500 169188 1 7740 169188 1
gene 2 1393 2794 -158577 0 8152 -158577 1
gene 2 2794 13 -258906 0 8153 -258906 1
gene 1 1323 1531 -326487 0 8182 -326487 1
gene 1 5 3024 150718 0 8843 150718 1
gene 1 3024 516 -132027 0 8844 -132027 1
genomeend 74


/* Organism #78 Fitness: 240.000000 Time: 0 */
/* Position #78*/
#1 x: 25 y: 16
#2 x: 51 y: 28
#3 x: 51 y: 17
#4 x: 28 y: 64
#5 x: 60 y: 83
#6 x: 65 y: 64
genomestart 78
trait 1 43007.000000 16300.000000 6994.000000 28041.000000 57524.000000 37112.000000 87908.000000 80535.000000 trait 2 2.000000 0.000000 0.000000 0.000000 0.000000 0.000000 0.000000 0.000000 trait 3 0.000000 0.000000 0.000000 51304.000000 0.000000 13538.000000 70969.000000 30146.000000 trait 4 4.000000 0.000000 0.000000 36940.000000 0.000000 0.000000 43316.000000 37957.000000 node 1 3 1 3
node 2 4 1 1
node 3 1 1 1
node 4 1 1 1
node 5 1 1 1
node 6 2 1 1
node 7 4 1 1
node 8 4 1 1
node 9 2 1 1
node 10 1 1 1
node 11 2 1 1
node 12 4 1 1
node 13 2 0 2
node 14 1 0 2
node 15 3 0 2
node 121 1 0 0
node 235 1 0 0
node 384 1 0 0
node 420 1 0 0
node 433 1 0 0
node 461 1 0 0
node 500 1 0 0
node 516 1 0 0
node 697 3 0 0
node 1018 1 0 0
node 1130 1 0 0
node 1323 3 0 0
node 1393 1 0 0
node 1479 1 0 0
node 1531 4 0 0
node 1683 1 0 0
node 1735 1 0 0
node 1875 3 0 0
node 2034 1 0 0
node 2142 1 0 0
node 2172 1 0 0
node 2206 1 0 0
node 2313 1 0 0
node 2332 1 0 0
node 2368 1 0 0
node 2412 1 0 0
node 2430 1 0 0
node 2481 1 0 0
node 2494 1 0 0
node 2768 1 0 0
node 2783 1 0 0
node 2799 1 0 0
node 2880 1 0 0
node 2911 1 0 0
node 2957 1 0 0
gene 2 1 13 266748 0 1 266748 1
gene 3 2 13 800000 0 2 800000 1
gene 2 3 13 141384 0 3 141384 1
gene 3 4 13 -39303 0 4 -39303 1
gene 2 5 13 108984 0 5 108984 1
gene 4 6 13 121659 0 6 121659 1
gene 3 7 13 324419 0 7 324419 1
gene 2 8 13 330366 0 8 330366 0
gene 3 9 13 -544605 0 9 -544605 1
gene 2 10 13 289662 0 10 289662 0
gene 2 11 13 476697 0 11 476697 0
gene 4 12 13 44997 0 12 44997 1
gene 2 1 14 -82434 0 13 -82434 1
gene 2 2 14 -23028 0 14 -23028 1
gene 4 3 14 28383 0 15 28383 1
gene 4 4 14 372390 0 16 372390 0
gene 4 5 14 -68958 0 17 -68958 1
gene 3 6 14 116616 0 18 116616 0
gene 2 7 14 -108867 0 19 -108867 1
gene 1 8 14 -398631 0 20 -398631 0
gene 3 9 14 -40032 0 21 -40032 1
gene 1 10 14 -550794 0 22 -550794 1
gene 1 11 14 20154 0 23 20154 1
gene 4 12 14 -175587 0 24 -175587 0
gene 3 1 15 373719 0 25 373719 1
gene 3 2 15 -46662 0 26 -46662 1
gene 3 3 15 -45726 0 27 -45726 0
gene 3 4 15 721400 0 28 721400 1
gene 3 5 15 -523500 0 29 -523500 1
gene 1 6 15 -461211 0 30 -461211 1
gene 3 7 15 51924 0 31 51924 0
gene 3 8 15 237696 0 32 237696 0
gene 3 9 15 -457056 0 33 -457056 0
gene 3 10 15 342201 0 34 342201 0
gene 2 11 15 221943 0 35 221943 1
gene 4 12 15 145114 0 36 145114 0
gene 4 15 15 -261645 1 174 -261645 0
gene 3 8 121 118245 0 329 118245 0
gene 3 121 15 15063 0 330 15063 1
gene 2 5 121 -465561 0 438 -465561 1
gene 2 7 121 254106 0 483 254106 0
gene 4 4 235 -506253 0 666 -506253 1
gene 4 235 14 247599 0 667 247599 1
gene 1 1 235 -487233 0 753 -487233 1
gene 1 9 235 170682 0 1108 170682 1
gene 3 10 384 -800000 0 1126 -800000 1
gene 3 384 15 599384 0 1127 599384 0
gene 2 14 14 -190116 1 1197 -190116 0
gene 3 7 420 -629924 0 1239 -629924 0
gene 3 420 15 610422 0 1240 610422 0
gene 3 2 433 800000 0 1284 800000 0
gene 3 433 13 492897 0 1285 492897 1
gene 4 3 461 465141 0 1352 465141 1
gene 4 461 14 416130 0 1353 416130 1
gene 4 15 500 -494757 1 1453 -494757 1
gene 4 500 15 282507 0 1454 282507 1
gene 1 8 516 462402 0 1500 462402 0
gene 1 516 14 486866 0 1501 486866 1
gene 1 384 121 -50421 0 1548 -50421 1
gene 2 8 461 86637 0 1965 86637 1
gene 3 3 697 -623517 0 2038 -623517 0
gene 3 697 15 123438 0 2039 123438 1
gene 2 1 500 -48807 0 2133 -48807 1
gene 1 3 433 -403152 0 2628 -403152 1
gene 1 516 516 -66702 1 2664 -66702 1
gene 3 8 1018 -462732 0 2997 -462732 1
gene 3 1018 121 -131742 0 2998 -131742 0
gene 3 15 433 13737 0 3156 13737 1
gene 1 10 1130 444658 0 3329 444658 1
gene 1 1130 14 -302739 0 3330 -302739 1
gene 3 500 697 -799743 0 3371 -799743 1
gene 2 3 516 218825 0 3603 218825 1
gene 2 9 1323 -663131 0 3885 -663131 0
gene 2 1323 14 800000 0 3886 800000 0
gene 2 121 420 -196665 0 3959 -196665 0
gene 2 8 1393 190350 0 4093 190350 0
gene 2 1393 13 -44118 0 4094 -44118 1
gene 1 11 1479 86088 0 4325 86088 1
gene 1 1479 14 -769769 0 4326 -769769 1
gene 4 12 1531 -25575 0 4477 -25575 1
gene 4 1531 15 407565 0 4478 407565 1
gene 3 1393 433 237078 0 4734 237078 1
gene 2 1323 1683 799578 0 4950 799578 1
gene 2 1683 14 -385994 0 4951 -385994 1
gene 3 6 1735 465225 0 5103 465225 1
gene 3 1735 14 -64155 0 5104 -64155 1
gene 1 5 516 -142671 0 5346 -142671 1
gene 1 516 433 -171525 0 5443 -171525 1
gene 3 2 1875 -249504 0 5505 -249504 1
gene 3 1875 433 800000 0 5506 800000 1
gene 1 1683 461 -47691 0 5687 -47691 1
gene 1 516 121 -9114 0 5877 -9114 1
gene 3 3 2034 -187461 0 5939 -187461 1
gene 3 2034 697 -703163 0 5940 -703163 1
gene 3 5 1479 -14079 0 6157 -14079 1
gene 3 7 2142 -314310 0 6248 -314310 1
gene 3 2142 420 136923 0 6249 136923 1
gene 3 420 2172 -582027 0 6332 -582027 1
gene 3 2172 15 -130485 0 6333 -130485 1
gene 2 1735 1735 67785 1 6388 67785 1
gene 2 8 2206 -592298 0 6436 -592298 0
gene 2 2206 1393 30162 0 6437 30162 1
gene 2 121 2313 277857 0 6747 277857 0
gene 2 2313 420 -286215 0 6748 -286215 0
gene 2 9 2332 -12507 0 6797 -12507 1
gene 2 2332 1323 -71256 0 6798 -71256 1
gene 4 1323 2034 -51840 0 6848 -51840 1
gene 2 7 2368 -112785 0 6897 -112785 1
gene 2 2368 121 12459 0 6898 12459 1
gene 3 8 2412 555807 0 7028 555807 1
gene 3 2412 15 92499 0 7029 92499 1
gene 2 8 2430 -279072 0 7088 -279072 1
gene 2 2430 2206 -173808 0 7089 -173808 1
gene 2 121 2481 -436815 0 7252 -436815 1
gene 2 2481 2313 83283 0 7253 83283 1
gene 3 9 2494 -294246 0 7292 -294246 1
gene 3 2494 15 -271509 0 7293 -271509 1
gene 2 1479 384 147267 0 7389 147267 1
gene 2 121 2142 -162507 0 7445 -162507 1
gene 2 6 433 92079 0 7711 92079 1
gene 2 14 2768 -327738 1 8077 -327738 1
gene 2 2768 14 366861 0 8078 366861 1
gene 2 10 2783 222141 0 8123 222141 1
gene 2 2783 13 148002 0 8124 148002 1
gene 2 11 2799 276345 0 8166 276345 1
gene 2 2799 13 154605 0 8167 154605 1
gene 4 12 2880 -4560 0 8396 -4560 1
gene 4 2880 14 407757 0 8397 407757 1
gene 1 8 2911 -692213 0 8505 -692213 1
gene 1 2911 516 512580 0 8506 512580 1
gene 2 1531 1531 -366382 1 8599 -366382 1
gene 2 2313 2957 -213579 0 8640 -213579 1
gene 2 2957 420 235668 0 8641 235668 1
gene 4 2172 500 171309 0 8695 171309 1
genomeend 78


