/* Organism #2 Fitness: 360.000000 Time: 0 */
/* Position #2*/
#1 x: 62 y: 20
#2 x: 34 y: 20
#3 x: 63 y: 34
#4 x: 69 y: 79
#5 x: 62 y: 70
#6 x: 74 y: 76
genomestart 2
trait 1 40009.000000 0.000000 0.000000 0.000000 0.000000 0.000000 83802.000000 34590.000000 trait 2 22871.000000 0.000000 0.000000 0.000000 0.000000 0.000000 0.000000 15075.000000 trait 3 100000.000000 0.000000 0.000000 70706.000000 44304.000000 84965.000000 41453.000000 0.000000 trait 4 0.000000 86872.000000 0.000000 0.000000 0.000000 57618.000000 0.000000 25048.000000 node 1 1 1 3
node 2 3 1 1
node 3 4 1 1
node 4 2 1 1
node 5 4 1 1
node 6 1 1 1
node 7 1 1 1
node 8 3 1 1
node 9 1 1 1
node 10 2 1 1
node 11 4 1 1
node 12 2 1 1
node 13 3 0 2
node 14 4 0 2
node 15 2 0 2
node 21 4 0 0
node 92 1 0 0
node 122 4 0 0
node 148 1 0 0
node 287 1 0 0
node 387 1 0 0
node 403 1 0 0
node 417 1 0 0
node 489 1 0 0
node 504 1 0 0
node 558 1 0 0
node 615 1 0 0
node 895 1 0 0
node 1002 2 0 0
node 1034 1 0 0
node 1085 1 0 0
node 1375 1 0 0
node 1475 1 0 0
node 1513 1 0 0
node 1534 1 0 0
node 1550 1 0 0
node 1566 1 0 0
gene 4 1 13 -53637 0 1 -53637 1
gene 1 2 13 -143025 0 2 -143025 0
gene 3 3 13 368610 0 3 368610 1
gene 3 4 13 -637067 0 4 -637067 1
gene 4 5 13 534570 0 5 534570 0
gene 1 6 13 -505908 0 6 -505908 1
gene 1 7 13 95250 0 7 95250 0
gene 2 8 13 37806 0 8 37806 1
gene 1 9 13 272949 0 9 272949 1
gene 2 10 13 -238054 0 10 -238054 1
gene 1 11 13 -247440 0 11 -247440 1
gene 3 12 13 -63531 0 12 -63531 0
gene 1 1 14 753782 0 13 753782 1
gene 4 2 14 12111 0 14 12111 1
gene 4 3 14 584408 0 15 584408 1
gene 1 4 14 -54051 0 16 -54051 0
gene 2 5 14 -69003 0 17 -69003 1
gene 4 6 14 -800000 0 18 -800000 1
gene 2 7 14 -9495 0 19 -9495 0
gene 1 8 14 -395594 0 20 -395594 1
gene 1 9 14 221105 0 21 221105 1
gene 4 10 14 -800000 0 22 -800000 1
gene 4 11 14 285969 0 23 285969 1
gene 3 12 14 -456009 0 24 -456009 1
gene 2 1 15 413103 0 25 413103 1
gene 4 2 15 -800000 0 26 -800000 1
gene 1 3 15 -111492 0 27 -111492 1
gene 3 4 15 144219 0 28 144219 1
gene 2 5 15 800000 0 29 800000 1
gene 3 6 15 623478 0 30 623478 0
gene 4 7 15 476352 0 31 476352 1
gene 4 8 15 800000 0 32 800000 1
gene 4 9 15 505698 0 33 505698 1
gene 2 10 15 439769 0 34 439769 0
gene 2 11 15 124818 0 35 124818 0
gene 2 12 15 60069 0 36 60069 0
gene 1 9 21 125337 0 49 125337 1
gene 1 21 13 -9003 0 50 -9003 1
gene 3 6 92 -800000 0 235 -800000 1
gene 3 92 15 156471 0 236 156471 1
gene 4 5 122 422862 0 332 422862 1
gene 4 122 13 378843 0 333 378843 1
gene 2 11 148 296274 0 403 296274 0
gene 2 148 15 78924 0 404 78924 0
gene 3 9 148 -550547 0 557 -550547 0
gene 2 92 122 -35334 0 768 -35334 0
gene 2 10 287 140592 0 834 140592 1
gene 2 287 15 -209682 0 835 -209682 1
gene 3 21 287 140475 0 900 140475 1
gene 2 3 287 16854 0 1053 16854 0
gene 3 1 122 -218691 0 1085 -218691 1
gene 2 11 387 37188 0 1138 37188 1
gene 2 387 148 449522 0 1139 449522 1
gene 3 12 403 -580944 0 1185 -580944 1
gene 3 403 13 -31548 0 1186 -31548 0
gene 4 10 417 -395385 0 1231 -395385 1
gene 4 417 14 -237624 0 1232 -237624 0
gene 2 3 489 109683 0 1426 109683 1
gene 2 489 287 -422634 0 1427 -422634 1
gene 4 9 504 -509751 0 1465 -509751 1
gene 4 504 15 -800000 0 1466 -800000 1
gene 2 92 558 -325803 0 1629 -325803 1
gene 2 558 122 358581 0 1630 358581 1
gene 4 417 417 -401388 1 1661 -401388 1
gene 3 504 92 -181113 0 1702 -181113 1
gene 3 9 615 197502 0 1803 197502 1
gene 3 615 148 483117 0 1804 483117 0
gene 2 10 489 107886 0 1859 107886 1
gene 4 417 558 -188964 0 1967 -188964 1
gene 1 1 558 510765 0 2066 510765 1
gene 1 21 895 -136014 0 2645 -136014 1
gene 1 895 13 360807 0 2646 360807 1
gene 3 558 21 78498 0 2753 78498 1
gene 3 10 21 -351678 0 2794 -351678 1
gene 2 148 1002 285051 0 2952 285051 1
gene 2 1002 15 -307083 0 2953 -307083 1
gene 2 7 1034 137502 0 3057 137502 1
gene 2 1034 14 362896 0 3058 362896 1
gene 1 7 1085 85590 0 3202 85590 1
gene 1 1085 13 -485391 0 3203 -485391 1
gene 4 21 21 43545 1 3304 43545 1
gene 2 1034 615 267690 0 3486 267690 1
gene 2 122 1002 120771 0 3824 120771 1
gene 1 4 1375 289680 0 4037 289680 1
gene 1 1375 14 -187011 0 4038 -187011 1
gene 3 895 558 -59872 1 4219 -59872 1
gene 2 12 1475 1 0 4314 0 0
gene 2 1475 15 60069 0 4315 0 1
gene 3 403 403 44212 1 4388 44212 1
gene 3 615 1513 1 0 4425 0 1
gene 3 1513 148 483117 0 4426 0 1
gene 3 403 1534 1 0 4485 0 1
gene 3 1534 13 -31548 0 4486 0 1
gene 2 12 1550 1 0 4531 0 1
gene 2 1550 1475 1 0 4532 0 1
gene 4 417 1566 1 0 4578 0 1
gene 4 1566 14 -237624 0 4579 0 1
genomeend 2


/* Organism #10 Fitness: 300.000000 Time: 0 */
/* Position #10*/
#1 x: 19 y: 37
#2 x: 45 y: 35
#3 x: 32 y: 32
#4 x: 63 y: 83
#5 x: 26 y: 77
#6 x: 18 y: 74
genomestart 10
trait 1 40009.000000 0.000000 0.000000 0.000000 0.000000 0.000000 83802.000000 34590.000000 trait 2 2.000000 0.000000 0.000000 0.000000 0.000000 0.000000 0.000000 0.000000 trait 3 100000.000000 0.000000 0.000000 70706.000000 44304.000000 84965.000000 41453.000000 0.000000 trait 4 4.000000 0.000000 0.000000 0.000000 0.000000 0.000000 0.000000 82309.000000 node 1 1 1 3
node 2 3 1 1
node 3 3 1 1
node 4 2 1 1
node 5 4 1 1
node 6 1 1 1
node 7 1 1 1
node 8 3 1 1
node 9 1 1 1
node 10 2 1 1
node 11 4 1 1
node 12 2 1 1
node 13 3 0 2
node 14 4 0 2
node 15 2 0 2
node 21 4 0 0
node 92 1 0 0
node 122 4 0 0
node 148 1 0 0
node 287 1 0 0
node 387 1 0 0
node 403 1 0 0
node 417 1 0 0
node 489 1 0 0
node 504 1 0 0
node 558 1 0 0
node 615 1 0 0
node 895 1 0 0
node 1002 2 0 0
node 1034 1 0 0
node 1085 1 0 0
node 1270 1 0 0
node 1391 1 0 0
node 1410 1 0 0
node 1448 1 0 0
node 1469 1 0 0
node 1520 1 0 0
node 1537 1 0 0
node 1569 1 0 0
gene 4 1 13 543807 0 1 543807 1
gene 1 2 13 -117885 0 2 -117885 0
gene 3 3 13 -65595 0 3 -65595 1
gene 3 4 13 -800000 0 4 -800000 1
gene 4 5 13 -330335 0 5 -330335 0
gene 1 6 13 -430074 0 6 -430074 0
gene 1 7 13 -64776 0 7 -64776 0
gene 2 8 13 -800000 0 8 -800000 0
gene 1 9 13 -68406 0 9 -68406 1
gene 2 10 13 328940 0 10 328940 0
gene 1 11 13 268464 0 11 268464 0
gene 3 12 13 454161 0 12 454161 0
gene 1 1 14 642851 0 13 642851 1
gene 4 2 14 -259974 0 14 -259974 1
gene 4 3 14 -365745 0 15 -365745 1
gene 1 4 14 800000 0 16 800000 1
gene 2 5 14 -133332 0 17 -133332 1
gene 4 6 14 -712746 0 18 -712746 1
gene 2 7 14 -321576 0 19 -321576 0
gene 1 8 14 -558738 0 20 -558738 1
gene 1 9 14 212583 0 21 212583 1
gene 4 10 14 415157 0 22 415157 0
gene 4 11 14 372480 0 23 372480 1
gene 3 12 14 -278606 0 24 -278606 1
gene 2 1 15 135645 0 25 135645 1
gene 4 2 15 323820 0 26 323820 1
gene 1 3 15 -111798 0 27 -111798 1
gene 3 4 15 -287567 0 28 -287567 1
gene 2 5 15 94158 0 29 94158 1
gene 3 6 15 -305730 0 30 -305730 0
gene 4 7 15 34272 0 31 34272 1
gene 4 8 15 175215 0 32 175215 1
gene 4 9 15 -221718 0 33 -221718 0
gene 2 10 15 388098 0 34 388098 0
gene 2 11 15 -210405 0 35 -210405 0
gene 2 12 15 392295 0 36 392295 1
gene 1 9 21 16443 0 49 16443 1
gene 1 21 13 -331884 0 50 -331884 1
gene 3 6 92 203659 0 235 203659 1
gene 3 92 15 -83910 0 236 -83910 1
gene 4 5 122 193626 0 332 193626 1
gene 4 122 13 -65487 0 333 -65487 1
gene 2 11 148 -64125 0 403 -64125 0
gene 2 148 15 -275208 0 404 -275208 0
gene 3 9 148 5775 0 557 5775 0
gene 2 92 122 -23151 0 768 -23151 0
gene 2 10 287 18015 0 834 18015 1
gene 2 287 15 -800000 0 835 -800000 1
gene 3 21 287 461004 0 900 461004 1
gene 2 3 287 -270765 0 1053 -270765 0
gene 3 1 122 323460 0 1085 323460 1
gene 2 11 387 299577 0 1138 299577 1
gene 2 387 148 800000 0 1139 800000 1
gene 3 12 403 72564 0 1185 72564 1
gene 3 403 13 260967 0 1186 260967 1
gene 4 10 417 408186 0 1231 408186 1
gene 4 417 14 771507 0 1232 771507 1
gene 2 3 489 387495 0 1426 387495 1
gene 2 489 287 -800000 0 1427 -800000 1
gene 4 9 504 49311 0 1465 49311 1
gene 4 504 15 305772 0 1466 305772 1
gene 2 92 558 451425 0 1629 451425 1
gene 2 558 122 550359 0 1630 550359 1
gene 4 417 417 -50442 1 1661 -50442 1
gene 3 504 92 168678 0 1702 168678 1
gene 3 9 615 158091 0 1803 158091 1
gene 3 615 148 358284 0 1804 358284 1
gene 2 10 489 -603120 0 1859 -603120 1
gene 4 417 558 544019 0 1967 544019 0
gene 1 1 558 -118389 0 2066 -118389 1
gene 1 21 895 312915 0 2645 312915 1
gene 1 895 13 107694 0 2646 107694 1
gene 3 558 21 800000 0 2753 800000 1
gene 3 10 21 -60990 0 2794 -60990 1
gene 2 148 1002 226164 0 2952 226164 1
gene 2 1002 15 -96213 0 2953 -96213 1
gene 2 7 1034 -800000 0 3057 -800000 1
gene 2 1034 14 499960 0 3058 499960 1
gene 1 7 1085 46719 0 3202 46719 0
gene 1 1085 13 -208812 0 3203 -208812 1
gene 4 21 21 4665 1 3304 4665 1
gene 2 1034 615 54714 0 3486 54714 1
gene 1 7 1270 -494300 0 3720 -494300 1
gene 1 1270 1085 249297 0 3721 249297 1
gene 3 403 615 -524145 0 3774 -524145 1
gene 2 122 1002 -531047 0 3989 -531047 1
gene 2 287 403 160446 0 4034 160446 1
gene 1 11 1391 61930 0 4083 61930 1
gene 1 1391 13 -265878 0 4084 -265878 1
gene 1 6 1410 -101295 0 4133 -101295 1
gene 1 1410 13 -269997 0 4134 -269997 1
gene 2 8 1448 173373 0 4238 173373 1
gene 2 1448 13 -509739 0 4239 -509739 1
gene 4 9 1469 -21983 0 4296 -21983 1
gene 4 1469 15 409563 0 4297 409563 1
gene 2 10 1520 -255293 0 4445 -255293 1
gene 2 1520 13 -226374 0 4446 -226374 1
gene 4 417 1537 -179088 0 4494 -179088 1
gene 4 1537 558 768131 0 4495 768131 1
gene 4 10 1569 1 0 4585 0 1
gene 4 1569 14 415157 0 4586 0 1
genomeend 10


/* Organism #12 Fitness: 260.000000 Time: 0 */
/* Position #12*/
#1 x: 45 y: 29
#2 x: 71 y: 26
#3 x: 83 y: 35
#4 x: 61 y: 65
#5 x: 34 y: 62
#6 x: 43 y: 75
genomestart 12
trait 1 1.000000 0.000000 0.000000 0.000000 22478.000000 82485.000000 7536.000000 0.000000 trait 2 2.000000 0.000000 0.000000 0.000000 0.000000 0.000000 0.000000 0.000000 trait 3 24073.000000 0.000000 15431.000000 0.000000 40954.000000 100000.000000 0.000000 0.000000 trait 4 30267.000000 0.000000 0.000000 0.000000 12691.000000 0.000000 36386.000000 0.000000 node 1 1 1 3
node 2 3 1 1
node 3 3 1 1
node 4 2 1 1
node 5 4 1 1
node 6 1 1 1
node 7 3 1 1
node 8 3 1 1
node 9 1 1 1
node 10 2 1 1
node 11 4 1 1
node 12 2 1 1
node 13 3 0 2
node 14 4 0 2
node 15 3 0 2
node 21 4 0 0
node 92 1 0 0
node 122 1 0 0
node 148 1 0 0
node 287 1 0 0
node 387 1 0 0
node 403 1 0 0
node 417 1 0 0
node 489 1 0 0
node 504 1 0 0
node 573 1 0 0
node 664 1 0 0
node 761 1 0 0
node 823 1 0 0
node 846 1 0 0
node 993 1 0 0
node 1053 1 0 0
node 1148 1 0 0
node 1211 1 0 0
node 1289 4 0 0
node 1308 1 0 0
node 1326 1 0 0
node 1442 1 0 0
node 1553 1 0 0
gene 4 1 13 -800000 0 1 -800000 1
gene 3 2 13 176901 0 2 176901 1
gene 3 3 13 -28986 0 3 -28986 1
gene 3 4 13 -125961 0 4 -125961 1
gene 4 5 13 -285297 0 5 -285297 0
gene 1 6 13 -157851 0 6 -157851 1
gene 1 7 13 622215 0 7 622215 1
gene 2 8 13 -42213 0 8 -42213 1
gene 1 9 13 -695412 0 9 -695412 0
gene 2 10 13 -800000 0 10 -800000 0
gene 1 11 13 -49812 0 11 -49812 1
gene 3 12 13 -566661 0 12 -566661 0
gene 3 1 14 -108957 0 13 -108957 1
gene 4 2 14 -60096 0 14 -60096 1
gene 4 3 14 -479316 0 15 -479316 1
gene 1 4 14 -794043 0 16 -794043 1
gene 2 5 14 244863 0 17 244863 1
gene 4 6 14 -334806 0 18 -334806 1
gene 2 7 14 -103572 0 19 -103572 1
gene 1 8 14 70374 0 20 70374 1
gene 1 9 14 238554 0 21 238554 1
gene 4 10 14 512226 0 22 512226 0
gene 4 11 14 -800000 0 23 -800000 0
gene 1 12 14 -403197 0 24 -403197 0
gene 2 1 15 -480072 0 25 -480072 1
gene 4 2 15 -737915 0 26 -737915 1
gene 1 3 15 -310167 0 27 -310167 1
gene 3 4 15 122094 0 28 122094 1
gene 2 5 15 27471 0 29 27471 1
gene 3 6 15 -398988 0 30 -398988 0
gene 2 7 15 -257433 0 31 -257433 1
gene 4 8 15 800000 0 32 800000 1
gene 4 9 15 -383988 0 33 -383988 0
gene 2 10 15 -107271 0 34 -107271 0
gene 2 11 15 -156 0 35 -156 0
gene 2 12 15 111810 0 36 111810 1
gene 4 9 21 204753 0 49 204753 0
gene 1 21 13 751845 0 50 751845 0
gene 3 6 92 -24237 0 235 -24237 1
gene 3 92 15 -289536 0 236 -289536 1
gene 4 5 122 105978 0 332 105978 1
gene 4 122 13 592062 0 333 592062 1
gene 2 11 148 43554 0 403 43554 0
gene 2 148 15 -178917 0 404 -178917 1
gene 3 9 148 146166 0 557 146166 1
gene 2 92 122 -693542 0 768 -693542 1
gene 2 10 287 154230 0 834 154230 1
gene 2 287 15 207459 0 835 207459 1
gene 3 21 287 614313 0 900 614313 1
gene 2 3 287 -90378 0 1053 -90378 0
gene 3 1 122 -601511 0 1085 -601511 1
gene 2 11 387 -648228 0 1138 -648228 1
gene 2 387 148 -800000 0 1139 -800000 0
gene 3 12 403 107313 0 1185 107313 0
gene 3 403 13 -275763 0 1186 -275763 0
gene 4 10 417 -96456 0 1231 -96456 1
gene 4 417 14 -55026 0 1232 -55026 1
gene 2 3 489 -498941 0 1426 -498941 1
gene 2 489 287 97695 0 1427 97695 1
gene 4 9 504 1776 0 1465 1776 0
gene 4 504 15 -28143 0 1466 -28143 0
gene 3 403 573 152991 0 1680 152991 0
gene 3 573 13 -800000 0 1681 -800000 1
gene 3 403 664 -116871 0 1944 -116871 1
gene 3 664 573 -240806 0 1945 -240806 1
gene 3 403 403 300822 1 2179 300822 1
gene 1 21 761 -130728 0 2220 -130728 1
gene 1 761 13 -268530 0 2221 -268530 0
gene 3 403 21 344031 0 2307 344031 1
gene 3 12 823 -66549 0 2416 -66549 1
gene 3 823 14 -370632 0 2417 -370632 1
gene 4 504 846 287802 0 2497 287802 1
gene 4 846 15 -75945 0 2498 -75945 1
gene 2 573 92 -739452 0 2714 -739452 1
gene 4 11 993 -147576 0 2928 -147576 1
gene 4 993 14 -258876 0 2929 -258876 0
gene 4 9 1053 800000 0 3107 800000 1
gene 4 1053 21 163986 0 3108 163986 1
gene 4 993 1148 -768177 0 3382 -768177 1
gene 4 1148 14 -6723 0 3383 -6723 0
gene 3 1148 21 40557 0 3428 40557 1
gene 2 10 1211 129186 0 3562 129186 1
gene 2 1211 13 -220377 0 3563 -220377 1
gene 2 387 1289 37227 0 3776 37227 1
gene 2 1289 148 -460962 0 3777 -460962 1
gene 4 9 1308 336898 0 3841 336898 1
gene 4 1308 504 -553035 0 3842 -553035 1
gene 3 12 1326 -320891 0 3895 -320891 1
gene 3 1326 403 297906 0 3896 297906 1
gene 1 761 1442 -258398 0 4224 -258398 1
gene 1 1442 13 284730 0 4225 284730 1
gene 4 1148 1553 1 0 4540 0 1
gene 4 1553 14 -6723 0 4541 0 1
gene 3 1553 1553 -13382 1 4587 -13382 1
genomeend 12


/* Organism #32 Fitness: 280.000000 Time: 0 */
/* Position #32*/
#1 x: 52 y: 17
#2 x: 77 y: 19
#3 x: 18 y: 26
#4 x: 64 y: 80
#5 x: 34 y: 85
#6 x: 51 y: 65
genomestart 32
trait 1 43007.000000 16300.000000 0.000000 0.000000 0.000000 0.000000 87908.000000 0.000000 trait 2 2.000000 0.000000 0.000000 0.000000 0.000000 0.000000 0.000000 0.000000 trait 3 0.000000 0.000000 0.000000 0.000000 0.000000 13538.000000 70969.000000 0.000000 trait 4 4.000000 0.000000 0.000000 0.000000 0.000000 0.000000 0.000000 37957.000000 node 1 4 1 3
node 2 4 1 1
node 3 1 1 1
node 4 1 1 1
node 5 1 1 1
node 6 2 1 1
node 7 4 1 1
node 8 4 1 1
node 9 2 1 1
node 10 1 1 1
node 11 2 1 1
node 12 4 1 1
node 13 2 0 2
node 14 1 0 2
node 15 3 0 2
node 121 1 0 0
node 235 1 0 0
node 384 1 0 0
node 420 1 0 0
node 433 1 0 0
node 461 1 0 0
node 500 1 0 0
node 516 1 0 0
node 697 1 0 0
node 1018 1 0 0
node 1130 1 0 0
node 1382 1 0 0
node 1492 1 0 0
gene 2 1 13 560919 0 1 560919 1
gene 3 2 13 -776141 0 2 -776141 1
gene 2 3 13 -437624 0 3 -437624 1
gene 3 4 13 -675129 0 4 -675129 1
gene 2 5 13 -702728 0 5 -702728 1
gene 4 6 13 -29226 0 6 -29226 1
gene 3 7 13 -535995 0 7 -535995 1
gene 2 8 13 -463662 0 8 -463662 1
gene 3 9 13 -20970 0 9 -20970 1
gene 2 10 13 800000 0 10 800000 1
gene 2 11 13 800000 0 11 800000 1
gene 4 12 13 -149841 0 12 -149841 1
gene 2 1 14 73926 0 13 73926 1
gene 2 2 14 252678 0 14 252678 1
gene 4 3 14 -133893 0 15 -133893 1
gene 4 4 14 -282423 0 16 -282423 0
gene 4 5 14 -305862 0 17 -305862 1
gene 3 6 14 256112 0 18 256112 1
gene 2 7 14 -81567 0 19 -81567 1
gene 1 8 14 -175932 0 20 -175932 0
gene 2 9 14 -381039 0 21 -381039 1
gene 1 10 14 655701 0 22 655701 0
gene 1 11 14 -347106 0 23 -347106 1
gene 2 12 14 299565 0 24 299565 1
gene 3 1 15 -4329 0 25 -4329 1
gene 3 2 15 -82698 0 26 -82698 1
gene 3 3 15 -537776 0 27 -537776 0
gene 3 4 15 343031 0 28 343031 1
gene 3 5 15 280590 0 29 280590 1
gene 1 6 15 180947 0 30 180947 1
gene 3 7 15 -71281 0 31 -71281 0
gene 3 8 15 19308 0 32 19308 1
gene 3 9 15 -8631 0 33 -8631 1
gene 3 10 15 334278 0 34 334278 0
gene 2 11 15 452606 0 35 452606 1
gene 4 12 15 -589419 0 36 -589419 1
gene 4 15 15 590904 1 174 590904 0
gene 3 8 121 394713 0 329 394713 0
gene 3 121 15 -108378 0 330 -108378 1
gene 2 5 121 446210 0 438 446210 1
gene 2 7 121 -89823 0 483 -89823 1
gene 4 4 235 800000 0 666 800000 1
gene 4 235 14 404502 0 667 404502 1
gene 1 1 235 340089 0 753 340089 1
gene 1 9 235 -555439 0 1108 -555439 1
gene 3 10 384 -562343 0 1126 -562343 0
gene 3 384 15 -227928 0 1127 -227928 0
gene 2 14 14 645435 1 1197 645435 1
gene 3 7 420 -191418 0 1239 -191418 0
gene 3 420 15 169981 0 1240 169981 1
gene 3 2 433 -176706 0 1284 -176706 1
gene 3 433 13 -237406 0 1285 -237406 1
gene 4 3 461 -22983 0 1352 -22983 1
gene 4 461 14 -112245 0 1353 -112245 1
gene 4 15 500 -790995 1 1453 -790995 1
gene 4 500 15 800000 0 1454 800000 1
gene 1 8 516 1017 0 1500 1017 1
gene 1 516 14 236547 0 1501 236547 1
gene 1 384 121 461367 0 1548 461367 1
gene 2 8 461 -265068 0 1965 -265068 1
gene 3 3 697 349731 0 2038 349731 1
gene 3 697 15 -390450 0 2039 -390450 1
gene 2 1 500 92646 0 2133 92646 1
gene 2 3 433 418071 0 2628 418071 1
gene 1 516 516 507876 1 2664 507876 1
gene 3 8 1018 48804 0 2997 48804 1
gene 3 1018 121 240687 0 2998 240687 0
gene 3 15 433 44949 0 3156 44949 1
gene 1 10 1130 -114789 0 3329 -114789 1
gene 1 1130 14 227910 0 3330 227910 1
gene 3 500 697 -2490 0 3371 -2490 1
gene 2 3 516 16140 0 3603 16140 1
gene 3 10 1382 -171824 0 4057 -171824 1
gene 3 1382 384 289593 0 4058 289593 1
gene 1 10 697 -415467 0 4142 -415467 1
gene 2 461 1382 144348 0 4242 144348 1
gene 3 433 433 17115 1 4307 17115 1
gene 3 7 1492 130911 0 4362 130911 1
gene 3 1492 420 -800000 0 4363 -800000 1
genomeend 32


/* Organism #50 Fitness: 320.000000 Time: 0 */
/* Position #50*/
#1 x: 83 y: 28
#2 x: 50 y: 40
#3 x: 34 y: 19
#4 x: 82 y: 62
#5 x: 21 y: 75
#6 x: 52 y: 67
genomestart 50
trait 1 29178.000000 0.000000 88967.000000 34689.000000 0.000000 25250.000000 100000.000000 34590.000000 trait 2 22871.000000 46011.000000 0.000000 0.000000 0.000000 0.000000 0.000000 29462.000000 trait 3 100000.000000 0.000000 0.000000 70706.000000 44304.000000 84965.000000 41453.000000 0.000000 trait 4 0.000000 0.000000 0.000000 0.000000 0.000000 0.000000 0.000000 100000.000000 node 1 1 1 3
node 2 3 1 1
node 3 4 1 1
node 4 2 1 1
node 5 4 1 1
node 6 1 1 1
node 7 1 1 1
node 8 3 1 1
node 9 1 1 1
node 10 2 1 1
node 11 4 1 1
node 12 2 1 1
node 13 3 0 2
node 14 4 0 2
node 15 2 0 2
node 21 4 0 0
node 92 1 0 0
node 122 4 0 0
node 148 1 0 0
node 287 1 0 0
node 387 1 0 0
node 403 1 0 0
node 417 1 0 0
node 489 1 0 0
node 504 1 0 0
node 558 1 0 0
node 615 1 0 0
node 895 1 0 0
node 1002 2 0 0
node 1034 1 0 0
node 1085 1 0 0
node 1428 1 0 0
gene 4 1 13 -500906 0 1 -500906 1
gene 1 2 13 -243558 0 2 -243558 0
gene 3 3 13 675504 0 3 675504 1
gene 3 4 13 389244 0 4 389244 1
gene 4 5 13 126375 0 5 126375 0
gene 1 6 13 -800000 0 6 -800000 1
gene 1 7 13 453480 0 7 453480 0
gene 2 8 13 60123 0 8 60123 1
gene 1 9 13 285909 0 9 285909 1
gene 2 10 13 -499197 0 10 -499197 1
gene 1 11 13 725331 0 11 725331 1
gene 3 12 13 251340 0 12 251340 0
gene 1 1 14 -186021 0 13 -186021 1
gene 4 2 14 -342176 0 14 -342176 1
gene 4 3 14 -252297 0 15 -252297 1
gene 1 4 14 -57591 0 16 -57591 1
gene 2 5 14 181356 0 17 181356 1
gene 4 6 14 -800000 0 18 -800000 1
gene 2 7 14 525456 0 19 525456 0
gene 1 8 14 -81348 0 20 -81348 1
gene 1 9 14 -263424 0 21 -263424 1
gene 4 10 14 -87798 0 22 -87798 1
gene 4 11 14 172425 0 23 172425 1
gene 3 12 14 265659 0 24 265659 1
gene 2 1 15 -210975 0 25 -210975 1
gene 4 2 15 -488291 0 26 -488291 1
gene 1 3 15 800000 0 27 800000 1
gene 3 4 15 446421 0 28 446421 1
gene 2 5 15 -245715 0 29 -245715 1
gene 3 6 15 -374694 0 30 -374694 0
gene 4 7 15 770724 0 31 770724 1
gene 4 8 15 32865 0 32 32865 1
gene 4 9 15 196203 0 33 196203 1
gene 2 10 15 265803 0 34 265803 0
gene 2 11 15 -67719 0 35 -67719 0
gene 2 12 15 456146 0 36 456146 1
gene 1 9 21 207489 0 49 207489 1
gene 1 21 13 24927 0 50 24927 1
gene 3 6 92 -99786 0 235 -99786 1
gene 3 92 15 4359 0 236 4359 1
gene 4 5 122 -225903 0 332 -225903 1
gene 4 122 13 125091 0 333 125091 1
gene 2 11 148 -261975 0 403 -261975 0
gene 2 148 15 -172287 0 404 -172287 0
gene 3 9 148 -202212 0 557 -202212 0
gene 2 92 122 209916 0 768 209916 0
gene 2 10 287 369348 0 834 369348 1
gene 2 287 15 -12203 0 835 -12203 1
gene 3 21 287 11490 0 900 11490 1
gene 2 3 287 -221766 0 1053 -221766 0
gene 3 1 122 70065 0 1085 70065 1
gene 2 11 387 -354554 0 1138 -354554 1
gene 2 387 148 465671 0 1139 465671 1
gene 3 12 403 170694 0 1185 170694 1
gene 3 403 13 194481 0 1186 194481 1
gene 4 10 417 485679 0 1231 485679 1
gene 4 417 14 200436 0 1232 200436 1
gene 2 3 489 -636192 0 1426 -636192 1
gene 2 489 287 -127491 0 1427 -127491 1
gene 4 9 504 -282267 0 1465 -282267 1
gene 4 504 15 -426336 0 1466 -426336 1
gene 2 92 558 1476 0 1629 1476 1
gene 2 558 122 77373 0 1630 77373 1
gene 4 417 417 -489213 1 1661 -489213 1
gene 3 504 92 -158571 0 1702 -158571 1
gene 3 9 615 -496485 0 1803 -496485 1
gene 3 615 148 -54429 0 1804 -54429 1
gene 2 10 489 283554 0 1859 283554 1
gene 4 417 558 -178287 0 1967 -178287 1
gene 1 1 558 543375 0 2066 543375 1
gene 1 21 895 -147351 0 2645 -147351 1
gene 1 895 13 2940 0 2646 2940 1
gene 3 558 21 543438 0 2753 543438 1
gene 3 10 21 143652 0 2794 143652 1
gene 2 148 1002 74175 0 2952 74175 1
gene 2 1002 15 -184569 0 2953 -184569 1
gene 2 7 1034 331341 0 3057 331341 0
gene 2 1034 14 -179957 0 3058 -179957 1
gene 1 7 1085 -118080 0 3202 -118080 1
gene 1 1085 13 -208965 0 3203 -208965 1
gene 4 21 21 -132192 1 3304 -132192 1
gene 2 1034 615 -444687 0 3486 -444687 1
gene 2 122 1002 -36945 0 3824 -36945 1
gene 2 7 1428 -36603 0 4175 -36603 1
gene 2 1428 1034 72501 0 4176 72501 1
gene 2 148 287 -3543 0 4293 -3543 1
gene 1 387 387 270321 1 4330 270321 1
gene 4 895 387 -144377 0 4519 -144377 1
genomeend 50


/* Organism #54 Fitness: 310.000000 Time: 0 */
/* Position #54*/
#1 x: 75 y: 19
#2 x: 81 y: 28
#3 x: 29 y: 24
#4 x: 76 y: 78
#5 x: 81 y: 75
#6 x: 31 y: 60
genomestart 54
trait 1 29178.000000 0.000000 88967.000000 34689.000000 0.000000 25250.000000 100000.000000 34590.000000 trait 2 22871.000000 46011.000000 0.000000 0.000000 0.000000 0.000000 0.000000 29462.000000 trait 3 100000.000000 0.000000 0.000000 70706.000000 44304.000000 84965.000000 41453.000000 0.000000 trait 4 0.000000 0.000000 0.000000 0.000000 0.000000 0.000000 0.000000 100000.000000 node 1 1 1 3
node 2 3 1 1
node 3 4 1 1
node 4 2 1 1
node 5 4 1 1
node 6 1 1 1
node 7 1 1 1
node 8 3 1 1
node 9 1 1 1
node 10 2 1 1
node 11 4 1 1
node 12 2 1 1
node 13 3 0 2
node 14 4 0 2
node 15 2 0 2
node 21 4 0 0
node 92 1 0 0
node 122 4 0 0
node 148 1 0 0
node 287 1 0 0
node 387 1 0 0
node 403 1 0 0
node 417 1 0 0
node 489 1 0 0
node 504 1 0 0
node 558 1 0 0
node 615 1 0 0
node 895 1 0 0
node 1002 2 0 0
node 1034 1 0 0
node 1085 1 0 0
node 1428 1 0 0
node 1578 1 0 0
gene 4 1 13 -500906 0 1 -500906 1
gene 1 2 13 -243558 0 2 -243558 0
gene 3 3 13 675504 0 3 675504 1
gene 3 4 13 389244 0 4 389244 1
gene 4 5 13 126375 0 5 126375 0
gene 1 6 13 -800000 0 6 -800000 1
gene 1 7 13 453480 0 7 453480 0
gene 2 8 13 60123 0 8 60123 1
gene 1 9 13 285909 0 9 285909 0
gene 2 10 13 -499197 0 10 -499197 1
gene 1 11 13 725331 0 11 725331 1
gene 3 12 13 251340 0 12 251340 0
gene 1 1 14 -186021 0 13 -186021 1
gene 4 2 14 -342176 0 14 -342176 1
gene 4 3 14 -252297 0 15 -252297 1
gene 1 4 14 -57591 0 16 -57591 1
gene 2 5 14 181356 0 17 181356 1
gene 4 6 14 -800000 0 18 -800000 1
gene 2 7 14 525456 0 19 525456 0
gene 1 8 14 -81348 0 20 -81348 1
gene 1 9 14 -263424 0 21 -263424 1
gene 4 10 14 -87798 0 22 -87798 1
gene 4 11 14 172425 0 23 172425 1
gene 3 12 14 265659 0 24 265659 1
gene 2 1 15 -210975 0 25 -210975 1
gene 4 2 15 -488291 0 26 -488291 1
gene 1 3 15 800000 0 27 800000 1
gene 3 4 15 446421 0 28 446421 1
gene 2 5 15 -245715 0 29 -245715 1
gene 3 6 15 -374694 0 30 -374694 0
gene 4 7 15 770724 0 31 770724 1
gene 4 8 15 32865 0 32 32865 1
gene 4 9 15 196203 0 33 196203 1
gene 2 10 15 265803 0 34 265803 0
gene 2 11 15 -67719 0 35 -67719 0
gene 2 12 15 456146 0 36 456146 1
gene 1 9 21 207489 0 49 207489 1
gene 1 21 13 24927 0 50 24927 1
gene 3 6 92 -99786 0 235 -99786 1
gene 3 92 15 4359 0 236 4359 1
gene 4 5 122 -225903 0 332 -225903 1
gene 4 122 13 125091 0 333 125091 1
gene 2 11 148 -261975 0 403 -261975 0
gene 2 148 15 -172287 0 404 -172287 0
gene 3 9 148 -202212 0 557 -202212 0
gene 2 92 122 209916 0 768 209916 0
gene 2 10 287 369348 0 834 369348 1
gene 2 287 15 -12203 0 835 -12203 1
gene 3 21 287 11490 0 900 11490 1
gene 2 3 287 -221766 0 1053 -221766 0
gene 3 1 122 70065 0 1085 70065 1
gene 2 11 387 -354554 0 1138 -354554 1
gene 2 387 148 465671 0 1139 465671 1
gene 3 12 403 170694 0 1185 170694 1
gene 3 403 13 194481 0 1186 194481 1
gene 4 10 417 485679 0 1231 485679 1
gene 4 417 14 200436 0 1232 200436 1
gene 2 3 489 -636192 0 1426 -636192 1
gene 2 489 287 -127491 0 1427 -127491 1
gene 4 9 504 -282267 0 1465 -282267 1
gene 4 504 15 -426336 0 1466 -426336 1
gene 2 92 558 1476 0 1629 1476 1
gene 2 558 122 77373 0 1630 77373 1
gene 4 417 417 -489213 1 1661 -489213 1
gene 3 504 92 -158571 0 1702 -158571 1
gene 3 9 615 -496485 0 1803 -496485 1
gene 3 615 148 -54429 0 1804 -54429 1
gene 2 10 489 283554 0 1859 283554 1
gene 4 417 558 -178287 0 1967 -178287 1
gene 1 1 558 543375 0 2066 543375 1
gene 1 21 895 -147351 0 2645 -147351 1
gene 1 895 13 2940 0 2646 2940 1
gene 3 558 21 543438 0 2753 543438 1
gene 3 10 21 143652 0 2794 143652 1
gene 2 148 1002 74175 0 2952 74175 1
gene 2 1002 15 -184569 0 2953 -184569 1
gene 2 7 1034 331341 0 3057 331341 0
gene 2 1034 14 -179957 0 3058 -179957 1
gene 1 7 1085 -118080 0 3202 -118080 1
gene 1 1085 13 -208965 0 3203 -208965 1
gene 4 21 21 -132192 1 3304 -132192 1
gene 2 1034 615 -444687 0 3486 -444687 1
gene 2 122 1002 -36945 0 3824 -36945 1
gene 2 7 1428 -36603 0 4175 -36603 1
gene 2 1428 1034 72501 0 4176 72501 1
gene 2 148 287 -3543 0 4293 -3543 1
gene 1 387 387 270321 1 4330 270321 1
gene 4 895 387 -144377 0 4519 -144377 1
gene 1 9 1578 1 0 4620 0 1
gene 1 1578 13 285909 0 4621 0 1
genomeend 54


/* Organism #58 Fitness: 330.000000 Time: 0 */
/* Position #58*/
#1 x: 74 y: 32
#2 x: 53 y: 15
#3 x: 48 y: 34
#4 x: 46 y: 63
#5 x: 47 y: 80
#6 x: 57 y: 68
genomestart 58
trait 1 43007.000000 16300.000000 0.000000 0.000000 0.000000 0.000000 87908.000000 0.000000 trait 2 0.000000 0.000000 0.000000 0.000000 97606.000000 0.000000 0.000000 0.000000 trait 3 0.000000 0.000000 0.000000 0.000000 0.000000 13538.000000 70969.000000 0.000000 trait 4 44211.000000 59227.000000 0.000000 0.000000 97593.000000 40327.000000 63758.000000 0.000000 node 1 4 1 3
node 2 3 1 1
node 3 1 1 1
node 4 1 1 1
node 5 1 1 1
node 6 2 1 1
node 7 4 1 1
node 8 4 1 1
node 9 2 1 1
node 10 1 1 1
node 11 2 1 1
node 12 4 1 1
node 13 2 0 2
node 14 1 0 2
node 15 3 0 2
node 121 1 0 0
node 235 1 0 0
node 384 1 0 0
node 420 1 0 0
node 433 1 0 0
node 461 1 0 0
node 500 1 0 0
node 516 2 0 0
node 611 1 0 0
node 671 1 0 0
node 684 1 0 0
node 844 1 0 0
node 900 1 0 0
node 934 1 0 0
node 946 1 0 0
node 1038 1 0 0
node 1093 1 0 0
node 1201 1 0 0
node 1234 1 0 0
node 1339 1 0 0
node 1409 1 0 0
node 1468 1 0 0
node 1515 1 0 0
node 1579 1 0 0
gene 2 1 13 183453 0 1 183453 1
gene 3 2 13 -35280 0 2 -35280 0
gene 2 3 13 -506015 0 3 -506015 1
gene 3 4 13 -800000 0 4 -800000 1
gene 2 5 13 -196959 0 5 -196959 0
gene 4 6 13 305576 0 6 305576 1
gene 3 7 13 205398 0 7 205398 1
gene 2 8 13 141027 0 8 141027 0
gene 3 9 13 -207714 0 9 -207714 1
gene 2 10 13 258792 0 10 258792 1
gene 2 11 13 -747081 0 11 -747081 1
gene 4 12 13 473826 0 12 473826 1
gene 2 1 14 -518331 0 13 -518331 1
gene 4 2 14 21087 0 14 21087 1
gene 4 3 14 -800000 0 15 -800000 0
gene 4 4 14 -63954 0 16 -63954 0
gene 4 5 14 -549588 0 17 -549588 1
gene 3 6 14 161730 0 18 161730 1
gene 2 7 14 -322254 0 19 -322254 0
gene 1 8 14 -341756 0 20 -341756 1
gene 2 9 14 -9819 0 21 -9819 0
gene 1 10 14 -298188 0 22 -298188 1
gene 1 11 14 -6459 0 23 -6459 1
gene 4 12 14 -18999 0 24 -18999 0
gene 3 1 15 689901 0 25 689901 1
gene 3 2 15 69525 0 26 69525 1
gene 3 3 15 -211749 0 27 -211749 1
gene 1 4 15 -581628 0 28 -581628 0
gene 3 5 15 -127878 0 29 -127878 1
gene 1 6 15 3933 0 30 3933 1
gene 3 7 15 655782 0 31 655782 0
gene 3 8 15 800000 0 32 800000 0
gene 3 9 15 111267 0 33 111267 1
gene 3 10 15 20805 0 34 20805 0
gene 2 11 15 -21126 0 35 -21126 1
gene 4 12 15 -336984 0 36 -336984 0
gene 4 15 15 198405 1 174 198405 1
gene 3 8 121 377754 0 329 377754 1
gene 3 121 15 -739374 0 330 -739374 1
gene 2 5 121 273591 0 438 273591 0
gene 2 7 121 -472026 0 483 -472026 0
gene 4 4 235 -94344 0 666 -94344 1
gene 4 235 14 -23007 0 667 -23007 0
gene 3 1 235 319560 0 753 319560 1
gene 1 9 235 122415 0 1108 122415 1
gene 3 10 384 -800000 0 1126 -800000 1
gene 3 384 15 333414 0 1127 333414 1
gene 2 14 14 463692 1 1197 463692 1
gene 3 7 420 265662 0 1239 265662 1
gene 3 420 15 710966 0 1240 710966 1
gene 3 2 433 -326661 0 1284 -326661 1
gene 3 433 13 -43041 0 1285 -43041 1
gene 4 3 461 540054 0 1352 540054 0
gene 4 461 14 -403848 0 1353 -403848 1
gene 4 15 500 -800000 1 1453 -800000 1
gene 4 500 15 -158505 0 1454 -158505 1
gene 1 8 516 463464 0 1500 463464 0
gene 1 516 14 48177 0 1501 48177 1
gene 1 384 121 -252564 0 1548 -252564 1
gene 3 384 611 -87489 0 1791 -87489 0
gene 3 611 15 211761 0 1792 211761 1
gene 4 3 671 241983 0 1960 241983 1
gene 4 671 461 -439809 0 1961 -439809 1
gene 2 7 684 236685 0 1997 236685 1
gene 2 684 14 174963 0 1998 174963 1
gene 1 684 516 -9738 0 2167 -9738 1
gene 4 235 844 -52554 0 2493 -52554 1
gene 4 844 14 9513 0 2494 9513 1
gene 2 10 121 -564107 0 2605 -564107 0
gene 2 9 900 -800000 0 2659 -800000 1
gene 2 900 14 632874 0 2660 632874 1
gene 3 384 934 -328749 0 2767 -328749 1
gene 3 934 611 471576 0 2768 471576 0
gene 2 5 946 62574 0 2806 62574 1
gene 2 946 121 -66207 0 2807 -66207 1
gene 1 8 1038 257757 0 3069 257757 1
gene 1 1038 516 321573 0 3070 321573 1
gene 3 934 1093 -8385 0 3223 -8385 1
gene 3 1093 611 113298 0 3224 113298 1
gene 2 10 1201 -663522 0 3533 -663522 1
gene 2 1201 121 -223989 0 3534 -223989 1
gene 1 4 1234 65458 0 3622 65458 1
gene 1 1234 15 -142269 0 3623 -142269 1
gene 2 7 1339 -525 0 3935 -525 1
gene 2 1339 121 343989 0 3936 343989 1
gene 2 8 1409 -255495 0 4131 -255495 1
gene 2 1409 13 322566 0 4132 322566 1
gene 2 5 1468 266701 0 4290 266701 1
gene 2 1468 13 124479 0 4291 124479 1
gene 4 12 1515 -203498 0 4434 -203498 1
gene 4 1515 14 -156708 0 4435 -156708 1
gene 4 12 1579 1 0 4622 0 1
gene 4 1579 15 -336984 0 4623 0 1
genomeend 58


/* Organism #70 Fitness: 320.000000 Time: 0 */
/* Position #70*/
#1 x: 75 y: 33
#2 x: 21 y: 27
#3 x: 47 y: 23
#4 x: 60 y: 66
#5 x: 75 y: 84
#6 x: 35 y: 82
genomestart 70
trait 1 95601.000000 16300.000000 0.000000 0.000000 0.000000 0.000000 100000.000000 0.000000 trait 2 2.000000 0.000000 0.000000 0.000000 0.000000 0.000000 0.000000 0.000000 trait 3 0.000000 0.000000 0.000000 0.000000 0.000000 13538.000000 70969.000000 0.000000 trait 4 4.000000 0.000000 0.000000 19390.000000 0.000000 0.000000 99860.000000 37957.000000 node 1 4 1 3
node 2 4 1 1
node 3 1 1 1
node 4 1 1 1
node 5 1 1 1
node 6 2 1 1
node 7 4 1 1
node 8 4 1 1
node 9 2 1 1
node 10 1 1 1
node 11 2 1 1
node 12 4 1 1
node 13 2 0 2
node 14 1 0 2
node 15 3 0 2
node 121 1 0 0
node 235 1 0 0
node 384 1 0 0
node 420 1 0 0
node 433 1 0 0
node 461 1 0 0
node 500 1 0 0
node 516 1 0 0
node 697 1 0 0
node 1018 1 0 0
node 1130 1 0 0
node 1354 1 0 0
node 1371 1 0 0
node 1551 1 0 0
gene 2 1 13 -800000 0 1 -800000 1
gene 3 2 13 -45831 0 2 -45831 1
gene 2 3 13 -577319 0 3 -577319 1
gene 3 4 13 -439197 0 4 -439197 1
gene 2 5 13 146772 0 5 146772 1
gene 4 6 13 153318 0 6 153318 1
gene 3 7 13 134955 0 7 134955 1
gene 2 8 13 27027 0 8 27027 1
gene 3 9 13 91884 0 9 91884 1
gene 2 10 13 561783 0 10 561783 1
gene 2 11 13 151245 0 11 151245 0
gene 4 12 13 86406 0 12 86406 1
gene 2 1 14 -65316 0 13 -65316 1
gene 2 2 14 468384 0 14 468384 1
gene 4 3 14 -134387 0 15 -134387 1
gene 4 4 14 250584 0 16 250584 0
gene 4 5 14 -127221 0 17 -127221 1
gene 3 6 14 -343285 0 18 -343285 0
gene 2 7 14 170619 0 19 170619 1
gene 1 8 14 59841 0 20 59841 0
gene 2 9 14 -173430 0 21 -173430 1
gene 1 10 14 145323 0 22 145323 0
gene 1 11 14 440463 0 23 440463 1
gene 4 12 14 -36549 0 24 -36549 1
gene 3 1 15 -311721 0 25 -311721 1
gene 3 2 15 597831 0 26 597831 1
gene 3 3 15 -608843 0 27 -608843 0
gene 3 4 15 800000 0 28 800000 1
gene 3 5 15 -235620 0 29 -235620 1
gene 1 6 15 -131952 0 30 -131952 1
gene 3 7 15 575228 0 31 575228 0
gene 3 8 15 -240999 0 32 -240999 1
gene 3 9 15 634851 0 33 634851 1
gene 3 10 15 292169 0 34 292169 0
gene 2 11 15 645695 0 35 645695 1
gene 4 12 15 -623733 0 36 -623733 1
gene 4 15 15 -203514 1 174 -203514 0
gene 3 8 121 -32097 0 329 -32097 0
gene 3 121 15 -228375 0 330 -228375 1
gene 2 5 121 261618 0 438 261618 1
gene 2 7 121 -674162 0 483 -674162 0
gene 4 4 235 300522 0 666 300522 1
gene 4 235 14 -110784 0 667 -110784 1
gene 1 1 235 235188 0 753 235188 1
gene 1 9 235 -342373 0 1108 -342373 1
gene 3 10 384 465161 0 1126 465161 1
gene 3 384 15 12774 0 1127 12774 0
gene 2 14 14 -510342 1 1197 -510342 1
gene 3 7 420 -275748 0 1239 -275748 1
gene 3 420 15 -100206 0 1240 -100206 1
gene 3 2 433 -236214 0 1284 -236214 1
gene 3 433 13 181410 0 1285 181410 1
gene 4 3 461 124731 0 1352 124731 1
gene 4 461 14 -320775 0 1353 -320775 1
gene 4 15 500 -201630 1 1453 -201630 1
gene 4 500 15 -374667 0 1454 -374667 1
gene 1 8 516 629571 0 1500 629571 1
gene 1 516 14 184794 0 1501 184794 1
gene 1 384 121 115209 0 1548 115209 1
gene 2 8 461 597018 0 1965 597018 1
gene 3 3 697 -237348 0 2038 -237348 1
gene 3 697 15 -183435 0 2039 -183435 1
gene 2 1 500 -638643 0 2133 -638643 1
gene 2 3 433 218163 0 2628 218163 1
gene 1 516 516 -278595 1 2664 -278595 1
gene 3 8 1018 219420 0 2997 219420 1
gene 3 1018 121 -435222 0 2998 -435222 0
gene 3 15 433 547464 0 3156 547464 1
gene 1 10 1130 -74358 0 3329 -74358 1
gene 1 1130 14 -272562 0 3330 -272562 1
gene 3 500 697 -160467 0 3371 -160467 1
gene 2 3 516 -98655 0 3603 -98655 1
gene 2 2 384 -618462 0 3775 -618462 1
gene 2 7 1354 5862 0 3975 5862 1
gene 2 1354 121 -191937 0 3976 -191937 1
gene 3 6 1371 11413 0 4026 11413 1
gene 3 1371 14 -76422 0 4027 -76422 1
gene 4 516 1018 89734 0 4331 89734 1
gene 1 384 420 179315 0 4382 179315 1
gene 3 14 121 246414 0 4422 246414 1
gene 2 11 1551 -216063 0 4533 -216063 1
gene 2 1551 13 -23580 0 4534 -23580 1
genomeend 70


/* Organism #72 Fitness: 300.000000 Time: 0 */
/* Position #72*/
#1 x: 64 y: 29
#2 x: 50 y: 24
#3 x: 21 y: 36
#4 x: 19 y: 84
#5 x: 81 y: 72
#6 x: 61 y: 65
genomestart 72
trait 1 43007.000000 16300.000000 0.000000 0.000000 0.000000 0.000000 87908.000000 0.000000 trait 2 2.000000 0.000000 0.000000 0.000000 0.000000 0.000000 0.000000 0.000000 trait 3 0.000000 0.000000 0.000000 51304.000000 0.000000 13538.000000 70969.000000 30146.000000 trait 4 4.000000 0.000000 0.000000 0.000000 0.000000 0.000000 0.000000 37957.000000 node 1 4 1 3
node 2 4 1 1
node 3 1 1 1
node 4 1 1 1
node 5 1 1 1
node 6 2 1 1
node 7 4 1 1
node 8 4 1 1
node 9 2 1 1
node 10 1 1 1
node 11 2 1 1
node 12 4 1 1
node 13 2 0 2
node 14 1 0 2
node 15 3 0 2
node 121 1 0 0
node 235 1 0 0
node 384 1 0 0
node 420 1 0 0
node 433 1 0 0
node 461 1 0 0
node 500 1 0 0
node 516 1 0 0
node 697 1 0 0
node 1018 1 0 0
node 1130 1 0 0
node 1323 1 0 0
node 1393 1 0 0
node 1479 1 0 0
node 1531 1 0 0
gene 2 1 13 328356 0 1 328356 1
gene 3 2 13 -252921 0 2 -252921 1
gene 2 3 13 -800000 0 3 -800000 1
gene 3 4 13 270738 0 4 270738 1
gene 2 5 13 216507 0 5 216507 1
gene 4 6 13 244539 0 6 244539 1
gene 3 7 13 63975 0 7 63975 1
gene 2 8 13 210639 0 8 210639 0
gene 3 9 13 -234150 0 9 -234150 1
gene 2 10 13 -153114 0 10 -153114 1
gene 2 11 13 603525 0 11 603525 1
gene 4 12 13 -453890 0 12 -453890 1
gene 2 1 14 -27687 0 13 -27687 1
gene 2 2 14 -267498 0 14 -267498 1
gene 4 3 14 -286307 0 15 -286307 1
gene 4 4 14 -30318 0 16 -30318 0
gene 4 5 14 -99942 0 17 -99942 1
gene 3 6 14 -311676 0 18 -311676 1
gene 2 7 14 -390045 0 19 -390045 1
gene 1 8 14 -800000 0 20 -800000 0
gene 2 9 14 328521 0 21 328521 0
gene 1 10 14 28692 0 22 28692 0
gene 1 11 14 -569547 0 23 -569547 0
gene 4 12 14 80484 0 24 80484 1
gene 3 1 15 698448 0 25 698448 1
gene 3 2 15 83766 0 26 83766 1
gene 3 3 15 -140598 0 27 -140598 0
gene 3 4 15 -57429 0 28 -57429 1
gene 3 5 15 53265 0 29 53265 1
gene 1 6 15 624527 0 30 624527 1
gene 3 7 15 -148779 0 31 -148779 0
gene 3 8 15 -559604 0 32 -559604 1
gene 3 9 15 127683 0 33 127683 1
gene 3 10 15 377382 0 34 377382 0
gene 2 11 15 432882 0 35 432882 1
gene 4 12 15 -670317 0 36 -670317 0
gene 4 15 15 -547896 1 174 -547896 0
gene 3 8 121 157017 0 329 157017 0
gene 3 121 15 406968 0 330 406968 1
gene 2 5 121 29268 0 438 29268 1
gene 2 7 121 422583 0 483 422583 1
gene 4 4 235 313953 0 666 313953 1
gene 4 235 14 -800000 0 667 -800000 1
gene 1 1 235 -399438 0 753 -399438 1
gene 1 9 235 72096 0 1108 72096 1
gene 3 10 384 258276 0 1126 258276 1
gene 3 384 15 3582 0 1127 3582 0
gene 2 14 14 218463 1 1197 218463 1
gene 3 7 420 386121 0 1239 386121 1
gene 3 420 15 -114128 0 1240 -114128 1
gene 3 2 433 598869 0 1284 598869 1
gene 3 433 13 181427 0 1285 181427 1
gene 4 3 461 -510744 0 1352 -510744 1
gene 4 461 14 250995 0 1353 250995 1
gene 4 15 500 143007 1 1453 143007 1
gene 4 500 15 694851 0 1454 694851 1
gene 1 8 516 240303 0 1500 240303 1
gene 1 516 14 800000 0 1501 800000 1
gene 1 384 121 516297 0 1548 516297 1
gene 2 8 461 -319512 0 1965 -319512 1
gene 3 3 697 -264183 0 2038 -264183 1
gene 3 697 15 -254655 0 2039 -254655 1
gene 2 1 500 205407 0 2133 205407 1
gene 1 3 433 295872 0 2628 295872 1
gene 1 516 516 294681 1 2664 294681 1
gene 3 8 1018 -296151 0 2997 -296151 1
gene 3 1018 121 296238 0 2998 296238 0
gene 3 15 433 -315969 0 3156 -315969 1
gene 1 10 1130 57030 0 3329 57030 1
gene 1 1130 14 -106884 0 3330 -106884 1
gene 3 500 697 -130967 0 3371 -130967 1
gene 2 3 516 -424450 0 3603 -424450 1
gene 2 9 1323 -142038 0 3885 -142038 1
gene 2 1323 14 365502 0 3886 365502 1
gene 2 121 420 -181812 0 3959 -181812 1
gene 2 8 1393 -99429 0 4093 -99429 1
gene 2 1393 13 -183525 0 4094 -183525 1
gene 1 11 1479 285255 0 4325 285255 1
gene 1 1479 14 236958 0 4326 236958 1
gene 4 12 1531 238783 0 4477 238783 1
gene 4 1531 15 -277209 0 4478 -277209 1
genomeend 72


/* Organism #74 Fitness: 240.000000 Time: 0 */
/* Position #74*/
#1 x: 21 y: 36
#2 x: 27 y: 39
#3 x: 72 y: 28
#4 x: 32 y: 70
#5 x: 77 y: 67
#6 x: 40 y: 77
genomestart 74
trait 1 43007.000000 16300.000000 0.000000 0.000000 0.000000 0.000000 87908.000000 0.000000 trait 2 2.000000 0.000000 0.000000 0.000000 0.000000 0.000000 0.000000 0.000000 trait 3 0.000000 0.000000 0.000000 0.000000 0.000000 13538.000000 70969.000000 0.000000 trait 4 4.000000 0.000000 0.000000 0.000000 0.000000 0.000000 0.000000 37957.000000 node 1 4 1 3
node 2 4 1 1
node 3 1 1 1
node 4 1 1 1
node 5 1 1 1
node 6 2 1 1
node 7 4 1 1
node 8 4 1 1
node 9 2 1 1
node 10 1 1 1
node 11 2 1 1
node 12 4 1 1
node 13 2 0 2
node 14 1 0 2
node 15 3 0 2
node 121 1 0 0
node 235 1 0 0
node 384 1 0 0
node 420 1 0 0
node 433 1 0 0
node 461 1 0 0
node 500 1 0 0
node 516 1 0 0
node 697 1 0 0
node 1018 1 0 0
node 1130 1 0 0
node 1323 1 0 0
node 1393 1 0 0
node 1479 1 0 0
node 1531 1 0 0
gene 2 1 13 252411 0 1 252411 1
gene 3 2 13 58335 0 2 58335 1
gene 2 3 13 -776504 0 3 -776504 1
gene 3 4 13 441624 0 4 441624 1
gene 2 5 13 530040 0 5 530040 1
gene 4 6 13 -60684 0 6 -60684 1
gene 3 7 13 -79602 0 7 -79602 1
gene 2 8 13 102324 0 8 102324 0
gene 3 9 13 -251682 0 9 -251682 1
gene 2 10 13 -12990 0 10 -12990 1
gene 2 11 13 270042 0 11 270042 1
gene 4 12 13 -636389 0 12 -636389 1
gene 2 1 14 241464 0 13 241464 1
gene 2 2 14 -163671 0 14 -163671 1
gene 4 3 14 -737399 0 15 -737399 1
gene 4 4 14 339705 0 16 339705 0
gene 4 5 14 403785 0 17 403785 1
gene 3 6 14 -329571 0 18 -329571 1
gene 2 7 14 -419406 0 19 -419406 1
gene 1 8 14 -586403 0 20 -586403 0
gene 2 9 14 218166 0 21 218166 0
gene 1 10 14 96741 0 22 96741 0
gene 1 11 14 -514110 0 23 -514110 0
gene 4 12 14 566949 0 24 566949 1
gene 3 1 15 778077 0 25 778077 1
gene 3 2 15 30384 0 26 30384 1
gene 3 3 15 172062 0 27 172062 0
gene 3 4 15 281901 0 28 281901 1
gene 3 5 15 -25497 0 29 -25497 1
gene 1 6 15 82088 0 30 82088 1
gene 3 7 15 -428934 0 31 -428934 0
gene 3 8 15 -526082 0 32 -526082 1
gene 3 9 15 -270093 0 33 -270093 1
gene 3 10 15 250752 0 34 250752 0
gene 2 11 15 794169 0 35 794169 1
gene 4 12 15 -240834 0 36 -240834 0
gene 4 15 15 -447660 1 174 -447660 0
gene 3 8 121 -167337 0 329 -167337 0
gene 3 121 15 337689 0 330 337689 1
gene 2 5 121 534393 0 438 534393 1
gene 2 7 121 457839 0 483 457839 1
gene 4 4 235 -149751 0 666 -149751 1
gene 4 235 14 -800000 0 667 -800000 1
gene 1 1 235 -623349 0 753 -623349 1
gene 1 9 235 -55365 0 1108 -55365 1
gene 3 10 384 276723 0 1126 276723 1
gene 3 384 15 155421 0 1127 155421 0
gene 2 14 14 142374 1 1197 142374 1
gene 3 7 420 88632 0 1239 88632 1
gene 3 420 15 -368498 0 1240 -368498 1
gene 3 2 433 492333 0 1284 492333 1
gene 3 433 13 -51940 0 1285 -51940 1
gene 4 3 461 -71346 0 1352 -71346 1
gene 4 461 14 28581 0 1353 28581 1
gene 4 15 500 567081 1 1453 567081 1
gene 4 500 15 800000 0 1454 800000 1
gene 1 8 516 239091 0 1500 239091 1
gene 1 516 14 800000 0 1501 800000 1
gene 1 384 121 591948 0 1548 591948 1
gene 2 8 461 -742845 0 1965 -742845 1
gene 3 3 697 -434943 0 2038 -434943 1
gene 3 697 15 -305400 0 2039 -305400 1
gene 2 1 500 177309 0 2133 177309 1
gene 1 3 433 -26307 0 2628 -26307 1
gene 1 516 516 45918 1 2664 45918 1
gene 3 8 1018 -163791 0 2997 -163791 1
gene 3 1018 121 -6018 0 2998 -6018 0
gene 3 15 433 -12825 0 3156 -12825 1
gene 1 10 1130 331341 0 3329 331341 1
gene 1 1130 14 45903 0 3330 45903 1
gene 3 500 697 98445 0 3371 98445 1
gene 2 3 516 -338293 0 3603 -338293 1
gene 2 9 1323 269028 0 3885 269028 1
gene 2 1323 14 257076 0 3886 257076 1
gene 2 121 420 5154 0 3959 5154 1
gene 2 8 1393 -387294 0 4093 -387294 1
gene 2 1393 13 223035 0 4094 223035 1
gene 1 11 1479 -446 0 4325 -446 1
gene 1 1479 14 217311 0 4326 217311 1
gene 4 12 1531 238783 0 4477 238783 1
gene 4 1531 15 -553038 0 4478 -553038 1
genomeend 74


