/* Organism #79 Fitness: 150.000000 Time: 0 */
/* Position #79*/
#1 x: 34 y: 25
#2 x: 72 y: 35
#3 x: 25 y: 39
#4 x: 55 y: 68
#5 x: 69 y: 64
#6 x: 78 y: 69
genomestart 79
node 1 1 1 3
node 2 3 1 1
node 3 4 1 1
node 4 2 1 1
node 5 2 1 1
node 6 2 1 1
node 7 4 1 1
node 8 3 1 1
node 9 4 1 1
node 10 4 1 1
node 11 3 1 1
node 12 4 1 1
node 13 1 0 2
node 14 2 0 2
node 15 4 0 2
node 16 2 0 2
gene 2 1 13 -210306 0 1 -210306 1
gene 1 2 13 -106784 0 2 -106784 1
gene 3 3 13 -192216 0 3 -192216 1
gene 2 4 13 800000 0 4 800000 1
gene 1 5 13 107355 0 5 107355 1
gene 4 6 13 -65055 0 6 -65055 1
gene 2 7 13 405600 0 7 405600 1
gene 2 8 13 -278754 0 8 -278754 1
gene 3 9 13 8310 0 9 8310 1
gene 4 10 13 10530 0 10 10530 1
gene 1 11 13 -211674 0 11 -211674 1
gene 4 12 13 78687 0 12 78687 1
gene 1 1 14 324534 0 13 324534 1
gene 2 2 14 -491508 0 14 -491508 1
gene 1 3 14 405711 0 15 405711 1
gene 4 4 14 58026 0 16 58026 1
gene 2 5 14 -529820 0 17 -529820 1
gene 1 6 14 34671 0 18 34671 1
gene 2 7 14 -71120 0 19 -71120 1
gene 1 8 14 270948 0 20 270948 1
gene 4 9 14 -800000 0 21 -800000 1
gene 1 10 14 -286893 0 22 -286893 1
gene 2 11 14 32970 0 23 32970 1
gene 2 12 14 345249 0 24 345249 1
gene 4 1 15 -411633 0 25 -411633 1
gene 2 2 15 81822 0 26 81822 1
gene 2 3 15 205797 0 27 205797 1
gene 3 4 15 754274 0 28 754274 1
gene 3 5 15 497433 0 29 497433 1
gene 4 6 15 -464829 0 30 -464829 1
gene 2 7 15 -183308 0 31 -183308 1
gene 3 8 15 -514332 0 32 -514332 1
gene 1 9 15 -239274 0 33 -239274 1
gene 3 10 15 49140 0 34 49140 1
gene 3 11 15 179121 0 35 179121 1
gene 1 12 15 144702 0 36 144702 1
gene 4 1 16 -31293 0 37 -31293 1
gene 1 2 16 142755 0 38 142755 1
gene 4 3 16 -436605 0 39 -436605 1
gene 2 4 16 306114 0 40 306114 1
gene 3 5 16 -21690 0 41 -21690 1
gene 4 6 16 -372654 0 42 -372654 1
gene 2 7 16 204954 0 43 204954 1
gene 2 8 16 -299691 0 44 -299691 1
gene 2 9 16 539661 0 45 539661 1
gene 3 10 16 648951 0 46 648951 1
gene 3 11 16 -17247 0 47 -17247 1
gene 1 12 16 347154 0 48 347154 1
gene 4 13 14 61113 0 162 61113 1
gene 4 15 15 -54861 1 419 -54861 1
gene 4 16 15 -344538 0 423 -344538 1
gene 2 14 15 375909 0 472 375909 1
genomeend 79


