/* Organism #3 Fitness: 200.000000 Time: 0 */
/* Position #3*/
#1 x: 26 y: 37
#2 x: 35 y: 26
#3 x: 43 y: 37
#4 x: 84 y: 85
#5 x: 41 y: 74
#6 x: 59 y: 80
genomestart 3
trait 1 1.000000 0.000000 0.000000 0.000000 0.000000 0.000000 0.000000 0.000000 trait 2 2.000000 0.000000 0.000000 0.000000 0.000000 0.000000 0.000000 0.000000 trait 3 3.000000 0.000000 0.000000 0.000000 0.000000 0.000000 0.000000 0.000000 trait 4 61952.000000 0.000000 0.000000 0.000000 0.000000 25210.000000 0.000000 0.000000 node 1 4 1 3
node 2 2 1 1
node 3 3 1 1
node 4 3 1 1
node 5 4 1 1
node 6 4 1 1
node 7 4 1 1
node 8 3 1 1
node 9 1 1 1
node 10 1 1 1
node 11 3 1 1
node 12 3 1 1
node 13 1 0 2
node 14 3 0 2
node 15 2 0 2
node 144 1 0 0
node 160 1 0 0
node 193 1 0 0
node 295 1 0 0
node 321 1 0 0
node 348 1 0 0
node 435 1 0 0
gene 1 1 13 -323202 0 1 -323202 1
gene 4 2 13 -116682 0 2 -116682 1
gene 1 3 13 -301661 0 3 -301661 1
gene 1 4 13 -238261 0 4 -238261 1
gene 2 5 13 142155 0 5 142155 1
gene 4 6 13 104188 0 6 104188 1
gene 2 7 13 -333453 0 7 -333453 1
gene 3 8 13 404606 0 8 404606 1
gene 3 9 13 174996 0 9 174996 0
gene 2 10 13 163017 0 10 163017 1
gene 2 11 13 123313 0 11 123313 1
gene 4 12 13 242732 0 12 242732 0
gene 2 1 14 291313 0 13 291313 1
gene 2 2 14 -149910 0 14 -149910 1
gene 4 3 14 -302306 0 15 -302306 0
gene 2 4 14 -474775 0 16 -474775 1
gene 1 5 14 217011 0 17 217011 1
gene 3 6 14 352705 0 18 352705 1
gene 3 7 14 60599 0 19 60599 1
gene 1 8 14 -189666 0 20 -189666 1
gene 1 9 14 -375974 0 21 -375974 1
gene 2 10 14 784027 0 22 784027 1
gene 1 11 14 -302543 0 23 -302543 1
gene 2 12 14 -114044 0 24 -114044 1
gene 3 1 15 173641 0 25 173641 1
gene 3 2 15 -394302 0 26 -394302 1
gene 2 3 15 10072 0 27 10072 1
gene 4 4 15 142068 0 28 142068 1
gene 2 5 15 364303 0 29 364303 1
gene 1 6 15 335586 0 30 335586 1
gene 3 7 15 -320013 0 31 -320013 1
gene 2 8 15 235462 0 32 235462 0
gene 4 9 15 -655922 0 33 -655922 1
gene 3 10 15 -334335 0 34 -334335 1
gene 1 11 15 292786 0 35 292786 0
gene 3 12 15 66603 0 36 66603 1
gene 1 15 14 44323 0 176 44323 0
gene 3 9 144 -36596 0 352 -36596 1
gene 3 144 13 366754 0 353 366754 1
gene 2 8 160 -88245 0 392 -88245 1
gene 2 160 15 -284441 0 393 -284441 1
gene 1 15 193 -265235 0 474 -265235 1
gene 1 193 14 -138851 0 475 -138851 0
gene 4 11 144 167574 0 537 167574 1
gene 3 160 160 -194327 1 612 -194327 1
gene 4 2 144 112319 0 693 112319 1
gene 4 12 295 -189128 0 758 -189128 1
gene 4 295 13 285156 0 759 285156 1
gene 4 3 321 19945 0 829 19945 1
gene 4 321 14 -171020 0 830 -171020 1
gene 1 11 348 50901 0 903 50901 1
gene 1 348 15 -203729 0 904 -203729 1
gene 1 193 435 1 0 1128 0 1
gene 1 435 14 -138851 0 1129 0 1
genomeend 3


/* Organism #14 Fitness: 210.000000 Time: 0 */
/* Position #14*/
#1 x: 79 y: 29
#2 x: 35 y: 26
#3 x: 38 y: 31
#4 x: 64 y: 69
#5 x: 34 y: 85
#6 x: 31 y: 77
genomestart 14
trait 1 1.000000 0.000000 0.000000 0.000000 0.000000 0.000000 0.000000 0.000000 trait 2 2.000000 0.000000 0.000000 0.000000 0.000000 0.000000 0.000000 0.000000 trait 3 3.000000 0.000000 0.000000 0.000000 0.000000 0.000000 0.000000 0.000000 trait 4 4.000000 0.000000 0.000000 0.000000 0.000000 0.000000 0.000000 0.000000 node 1 2 1 3
node 2 4 1 1
node 3 3 1 1
node 4 1 1 1
node 5 2 1 1
node 6 4 1 1
node 7 2 1 1
node 8 2 1 1
node 9 3 1 1
node 10 4 1 1
node 11 4 1 1
node 12 1 1 1
node 13 4 0 2
node 14 4 0 2
node 15 2 0 2
node 61 1 0 0
node 82 1 0 0
node 133 1 0 0
node 158 1 0 0
node 207 1 0 0
node 233 1 0 0
node 267 1 0 0
gene 1 1 13 -178686 0 1 -178686 1
gene 4 2 13 292317 0 2 292317 1
gene 1 3 13 157398 0 3 157398 0
gene 1 4 13 339369 0 4 339369 1
gene 2 5 13 -153300 0 5 -153300 1
gene 4 6 13 379110 0 6 379110 1
gene 4 7 13 212616 0 7 212616 1
gene 3 8 13 347183 0 8 347183 1
gene 2 9 13 462973 0 9 462973 1
gene 1 10 13 -259423 0 10 -259423 1
gene 4 11 13 -286693 0 11 -286693 1
gene 4 12 13 -284670 0 12 -284670 1
gene 4 1 14 -426459 0 13 -426459 1
gene 2 2 14 -141234 0 14 -141234 1
gene 4 3 14 -433790 0 15 -433790 1
gene 3 4 14 520438 0 16 520438 1
gene 1 5 14 -150969 0 17 -150969 1
gene 3 6 14 93549 0 18 93549 1
gene 3 7 14 -159889 0 19 -159889 1
gene 3 8 14 -383569 0 20 -383569 1
gene 1 9 14 -378586 0 21 -378586 0
gene 2 10 14 171785 0 22 171785 1
gene 1 11 14 224854 0 23 224854 0
gene 2 12 14 259405 0 24 259405 1
gene 3 1 15 8249 0 25 8249 1
gene 3 2 15 -129261 0 26 -129261 1
gene 2 3 15 -262865 0 27 -262865 1
gene 4 4 15 217265 0 28 217265 1
gene 2 5 15 67512 0 29 67512 1
gene 1 6 15 81509 0 30 81509 1
gene 3 7 15 2525 0 31 2525 1
gene 2 8 15 -424368 0 32 -424368 1
gene 4 9 15 104031 0 33 104031 0
gene 3 10 15 57381 0 34 57381 1
gene 3 11 15 180034 0 35 180034 1
gene 1 12 15 -179826 0 36 -179826 1
gene 1 9 61 21817 0 142 21817 0
gene 1 61 14 148274 0 143 148274 1
gene 1 3 82 230743 0 199 230743 0
gene 1 82 13 -2961 0 200 -2961 1
gene 1 3 133 -98483 0 329 -98483 1
gene 1 133 82 488260 0 330 488260 1
gene 4 9 158 -141530 0 388 -141530 1
gene 4 158 15 -249273 0 389 -249273 1
gene 3 15 14 -143701 0 451 -143701 1
gene 1 11 207 144433 0 515 144433 1
gene 1 207 14 293209 0 516 293209 0
gene 1 207 233 -176435 0 583 -176435 1
gene 1 233 14 -232251 0 584 -232251 1
gene 1 9 267 154459 0 679 154459 1
gene 1 267 61 1732 0 680 1732 1
gene 2 15 61 91161 0 749 91161 1
gene 4 10 61 -48594 0 956 -48594 1
gene 4 6 82 -35170 0 1076 -35170 1
gene 1 158 158 -82127 1 1145 -82127 1
genomeend 14


/* Organism #22 Fitness: 280.000000 Time: 0 */
/* Position #22*/
#1 x: 60 y: 20
#2 x: 32 y: 15
#3 x: 15 y: 37
#4 x: 15 y: 83
#5 x: 41 y: 65
#6 x: 66 y: 77
genomestart 22
trait 1 1.000000 0.000000 0.000000 0.000000 0.000000 0.000000 0.000000 0.000000 trait 2 2.000000 0.000000 0.000000 0.000000 0.000000 0.000000 0.000000 0.000000 trait 3 3.000000 0.000000 0.000000 0.000000 0.000000 0.000000 0.000000 0.000000 trait 4 4.000000 0.000000 0.000000 0.000000 0.000000 0.000000 0.000000 0.000000 node 1 3 1 3
node 2 4 1 1
node 3 4 1 1
node 4 2 1 1
node 5 2 1 1
node 6 1 1 1
node 7 3 1 1
node 8 4 1 1
node 9 3 1 1
node 10 1 1 1
node 11 2 1 1
node 12 1 1 1
node 13 2 0 2
node 14 2 0 2
node 15 1 0 2
node 17 1 0 0
node 87 1 0 0
node 121 1 0 0
node 198 1 0 0
node 221 1 0 0
node 247 1 0 0
node 285 1 0 0
node 310 1 0 0
node 332 1 0 0
node 418 1 0 0
node 444 1 0 0
gene 3 1 13 52971 0 1 52971 1
gene 1 2 13 -392532 0 2 -392532 1
gene 1 3 13 735880 0 3 735880 1
gene 1 4 13 729236 0 4 729236 1
gene 3 5 13 178200 0 5 178200 1
gene 1 6 13 -76563 0 6 -76563 1
gene 4 7 13 23901 0 7 23901 1
gene 1 8 13 86796 0 8 86796 1
gene 4 9 13 -340753 0 9 -340753 1
gene 2 10 13 -382573 0 10 -382573 1
gene 3 11 13 113868 0 11 113868 1
gene 2 12 13 498062 0 12 498062 1
gene 4 1 14 148843 0 13 148843 1
gene 2 2 14 374809 0 14 374809 1
gene 4 3 14 -12699 0 15 -12699 1
gene 2 4 14 -335391 0 16 -335391 0
gene 1 5 14 173997 0 17 173997 1
gene 4 6 14 241437 0 18 241437 1
gene 2 7 14 -415296 0 19 -415296 0
gene 4 8 14 -302258 0 20 -302258 1
gene 1 9 14 80625 0 21 80625 1
gene 3 10 14 -387316 0 22 -387316 0
gene 1 11 14 213407 0 23 213407 1
gene 1 12 14 -145035 0 24 -145035 1
gene 2 1 15 615476 0 25 615476 1
gene 3 2 15 -81815 0 26 -81815 1
gene 1 3 15 -128914 0 27 -128914 1
gene 1 4 15 -307536 0 28 -307536 1
gene 3 5 15 -226977 0 29 -226977 1
gene 1 6 15 299004 0 30 299004 1
gene 1 7 15 -2493 0 31 -2493 0
gene 4 8 15 -625858 0 32 -625858 0
gene 1 9 15 562565 0 33 562565 1
gene 1 10 15 269575 0 34 269575 0
gene 3 11 15 483945 0 35 483945 1
gene 3 12 15 59615 0 36 59615 1
gene 1 2 17 616170 0 40 616170 1
gene 1 17 13 -292425 0 41 -292425 1
gene 1 10 87 102426 0 211 102426 1
gene 1 87 15 485473 0 212 485473 1
gene 2 7 121 -96413 0 299 -96413 1
gene 2 121 14 345003 0 300 345003 0
gene 1 2 198 20773 0 486 20773 1
gene 1 198 17 568548 0 487 568548 0
gene 2 7 221 -309746 0 546 -309746 1
gene 2 221 121 130732 0 547 130732 1
gene 1 7 247 -85031 0 617 -85031 1
gene 1 247 15 396824 0 618 396824 1
gene 1 198 285 185569 0 730 185569 1
gene 1 285 17 230853 0 731 230853 1
gene 2 4 310 98578 0 795 98578 1
gene 2 310 14 91668 0 796 91668 1
gene 4 8 332 -333656 0 863 -333656 1
gene 4 332 15 -16602 0 864 -16602 1
gene 2 121 418 1 0 1087 0 1
gene 2 418 14 345003 0 1088 0 1
gene 3 10 444 1 0 1154 0 1
gene 3 444 14 -387316 0 1155 0 1
genomeend 22


/* Organism #24 Fitness: 190.000000 Time: 0 */
/* Position #24*/
#1 x: 56 y: 33
#2 x: 16 y: 32
#3 x: 76 y: 31
#4 x: 24 y: 76
#5 x: 59 y: 60
#6 x: 36 y: 65
genomestart 24
trait 1 1.000000 0.000000 0.000000 0.000000 0.000000 0.000000 0.000000 0.000000 trait 2 2.000000 0.000000 0.000000 0.000000 0.000000 0.000000 0.000000 0.000000 trait 3 3.000000 0.000000 0.000000 0.000000 0.000000 0.000000 0.000000 0.000000 trait 4 0.000000 0.000000 25387.000000 3476.000000 64310.000000 44541.000000 0.000000 0.000000 node 1 4 1 3
node 2 2 1 1
node 3 3 1 1
node 4 3 1 1
node 5 4 1 1
node 6 4 1 1
node 7 4 1 1
node 8 3 1 1
node 9 1 1 1
node 10 1 1 1
node 11 3 1 1
node 12 3 1 1
node 13 1 0 2
node 14 3 0 2
node 15 2 0 2
node 45 1 0 0
node 113 1 0 0
node 189 1 0 0
node 366 1 0 0
node 387 1 0 0
node 422 1 0 0
gene 1 1 13 621357 0 1 621357 1
gene 3 2 13 -210940 0 2 -210940 1
gene 1 3 13 -448169 0 3 -448169 0
gene 3 4 13 168048 0 4 168048 1
gene 2 5 13 -82674 0 5 -82674 1
gene 2 6 13 -573546 0 6 -573546 1
gene 2 7 13 -70026 0 7 -70026 1
gene 2 8 13 170942 0 8 170942 1
gene 4 9 13 75333 0 9 75333 0
gene 2 10 13 289518 0 10 289518 1
gene 2 11 13 143223 0 11 143223 1
gene 4 12 13 104799 0 12 104799 1
gene 4 1 14 -414120 0 13 -414120 1
gene 1 2 14 -266091 0 14 -266091 1
gene 1 3 14 391158 0 15 391158 1
gene 2 4 14 -800000 0 16 -800000 1
gene 1 5 14 732687 0 17 732687 0
gene 1 6 14 552258 0 18 552258 1
gene 2 7 14 -26703 0 19 -26703 1
gene 1 8 14 429525 0 20 429525 0
gene 1 9 14 21795 0 21 21795 1
gene 3 10 14 -66042 0 22 -66042 1
gene 2 11 14 -645396 0 23 -645396 1
gene 3 12 14 644681 0 24 644681 1
gene 3 1 15 -96939 0 25 -96939 1
gene 2 2 15 -582429 0 26 -582429 0
gene 1 3 15 144642 0 27 144642 1
gene 1 4 15 406308 0 28 406308 1
gene 3 5 15 8621 0 29 8621 1
gene 3 6 15 -214698 0 30 -214698 0
gene 1 7 15 -212292 0 31 -212292 1
gene 3 8 15 83394 0 32 83394 1
gene 3 9 15 -450831 0 33 -450831 1
gene 1 10 15 242130 0 34 242130 1
gene 1 11 15 282969 0 35 282969 1
gene 3 12 15 -154512 0 36 -154512 1
gene 4 9 45 96850 0 104 96850 1
gene 4 45 13 560055 0 105 560055 1
gene 1 3 113 43191 0 275 43191 1
gene 1 113 13 -448439 0 276 -448439 1
gene 2 2 189 270396 0 464 270396 0
gene 2 189 15 -185121 0 465 -185121 1
gene 2 5 189 -204051 0 566 -204051 1
gene 4 13 13 -49272 1 644 -49272 1
gene 1 5 366 1 0 949 0 1
gene 1 366 14 732687 0 950 0 1
gene 1 8 387 1 0 1008 0 1
gene 1 387 14 429525 0 1009 0 1
gene 3 6 422 1 0 1095 0 1
gene 3 422 15 -214698 0 1096 0 1
gene 4 366 13 -73285 0 1158 -73285 1
genomeend 24


/* Organism #26 Fitness: 220.000000 Time: 0 */
/* Position #26*/
#1 x: 62 y: 32
#2 x: 18 y: 17
#3 x: 43 y: 17
#4 x: 27 y: 67
#5 x: 76 y: 65
#6 x: 47 y: 66
genomestart 26
trait 1 1.000000 0.000000 0.000000 0.000000 0.000000 0.000000 0.000000 0.000000 trait 2 2.000000 0.000000 0.000000 0.000000 0.000000 0.000000 0.000000 0.000000 trait 3 0.000000 0.000000 0.000000 0.000000 0.000000 0.000000 0.000000 0.000000 trait 4 74586.000000 0.000000 0.000000 0.000000 14271.000000 0.000000 0.000000 0.000000 node 1 4 1 3
node 2 2 1 1
node 3 4 1 1
node 4 4 1 1
node 5 4 1 1
node 6 2 1 1
node 7 4 1 1
node 8 2 1 1
node 9 4 1 1
node 10 3 1 1
node 11 2 1 1
node 12 1 1 1
node 13 2 0 2
node 14 2 0 2
node 15 3 0 2
node 85 1 0 0
node 110 1 0 0
node 390 1 0 0
node 424 1 0 0
node 447 1 0 0
gene 4 1 13 -260790 0 1 -260790 1
gene 1 2 13 -39530 0 2 -39530 1
gene 4 3 13 -364302 0 3 -364302 0
gene 4 4 13 -65956 0 4 -65956 1
gene 4 5 13 -171552 0 5 -171552 1
gene 4 6 13 126207 0 6 126207 1
gene 4 7 13 230385 0 7 230385 1
gene 3 8 13 -207769 0 8 -207769 1
gene 1 9 13 -35952 0 9 -35952 1
gene 4 10 13 67668 0 10 67668 1
gene 3 11 13 -173012 0 11 -173012 1
gene 4 12 13 -372073 0 12 -372073 0
gene 1 1 14 28356 0 13 28356 1
gene 4 2 14 -800000 0 14 -800000 1
gene 1 3 14 75687 0 15 75687 0
gene 3 4 14 -274656 0 16 -274656 1
gene 2 5 14 122457 0 17 122457 1
gene 4 6 14 465764 0 18 465764 1
gene 3 7 14 -50671 0 19 -50671 1
gene 1 8 14 84337 0 20 84337 1
gene 2 9 14 161607 0 21 161607 1
gene 2 10 14 -107589 0 22 -107589 1
gene 4 11 14 80229 0 23 80229 1
gene 1 12 14 -394687 0 24 -394687 1
gene 3 1 15 102831 0 25 102831 1
gene 4 2 15 -373425 0 26 -373425 1
gene 2 3 15 -68115 0 27 -68115 1
gene 3 4 15 -341051 0 28 -341051 1
gene 3 5 15 -493149 0 29 -493149 1
gene 4 6 15 -91131 0 30 -91131 1
gene 1 7 15 -291207 0 31 -291207 1
gene 4 8 15 -501459 0 32 -501459 1
gene 1 9 15 -66900 0 33 -66900 1
gene 1 10 15 97716 0 34 97716 0
gene 2 11 15 -219828 0 35 -219828 1
gene 4 12 15 222561 0 36 222561 1
gene 3 15 13 -170891 0 93 -170891 1
gene 4 12 85 -90948 0 206 -90948 1
gene 4 85 13 -21670 0 207 -21670 1
gene 1 10 110 -180774 0 264 -180774 1
gene 1 110 15 -556635 0 265 -556635 1
gene 4 8 85 167386 0 637 167386 1
gene 1 3 85 -206924 0 712 -206924 1
gene 1 3 110 239205 0 777 239205 1
gene 4 3 390 1 0 1016 0 1
gene 4 390 13 -364302 0 1017 0 1
gene 1 3 424 1 0 1101 0 1
gene 1 424 14 75687 0 1102 0 0
gene 1 424 447 1 0 1161 0 1
gene 1 447 14 75687 0 1162 0 1
genomeend 26


/* Organism #30 Fitness: 200.000000 Time: 0 */
/* Position #30*/
#1 x: 62 y: 18
#2 x: 45 y: 40
#3 x: 15 y: 31
#4 x: 84 y: 77
#5 x: 63 y: 76
#6 x: 49 y: 81
genomestart 30
trait 1 1.000000 0.000000 0.000000 0.000000 0.000000 0.000000 0.000000 0.000000 trait 2 2.000000 0.000000 0.000000 0.000000 0.000000 0.000000 0.000000 0.000000 trait 3 3.000000 0.000000 0.000000 0.000000 0.000000 0.000000 0.000000 0.000000 trait 4 0.000000 0.000000 0.000000 0.000000 60204.000000 0.000000 0.000000 0.000000 node 1 4 1 3
node 2 2 1 1
node 3 3 1 1
node 4 3 1 1
node 5 4 1 1
node 6 4 1 1
node 7 4 1 1
node 8 3 1 1
node 9 2 1 1
node 10 1 1 1
node 11 3 1 1
node 12 3 1 1
node 13 1 0 2
node 14 3 0 2
node 15 2 0 2
node 45 1 0 0
node 113 1 0 0
node 190 1 0 0
node 213 1 0 0
node 280 1 0 0
node 327 1 0 0
node 402 1 0 0
gene 1 1 13 758571 0 1 758571 1
gene 3 2 13 24308 0 2 24308 1
gene 1 3 13 -777126 0 3 -777126 0
gene 3 4 13 61323 0 4 61323 1
gene 2 5 13 -401029 0 5 -401029 1
gene 2 6 13 -722289 0 6 -722289 0
gene 2 7 13 273934 0 7 273934 1
gene 2 8 13 479667 0 8 479667 1
gene 4 9 13 -434965 0 9 -434965 0
gene 2 10 13 -675303 0 10 -675303 1
gene 2 11 13 27015 0 11 27015 1
gene 4 12 13 -318633 0 12 -318633 1
gene 4 1 14 54638 0 13 54638 1
gene 1 2 14 800000 0 14 800000 1
gene 1 3 14 504613 0 15 504613 1
gene 2 4 14 -190228 0 16 -190228 0
gene 1 5 14 417060 0 17 417060 1
gene 1 6 14 -146113 0 18 -146113 0
gene 2 7 14 199500 0 19 199500 1
gene 1 8 14 282640 0 20 282640 1
gene 1 9 14 -669450 0 21 -669450 1
gene 3 10 14 68693 0 22 68693 1
gene 2 11 14 -783673 0 23 -783673 1
gene 3 12 14 476109 0 24 476109 1
gene 3 1 15 -650579 0 25 -650579 1
gene 2 2 15 302689 0 26 302689 1
gene 1 3 15 133722 0 27 133722 1
gene 1 4 15 -290502 0 28 -290502 1
gene 3 5 15 26239 0 29 26239 1
gene 3 6 15 115548 0 30 115548 1
gene 1 7 15 -229285 0 31 -229285 1
gene 3 8 15 -320541 0 32 -320541 0
gene 3 9 15 122874 0 33 122874 1
gene 1 10 15 -440721 0 34 -440721 1
gene 1 11 15 446358 0 35 446358 1
gene 3 12 15 79664 0 36 79664 1
gene 4 9 45 -124499 0 104 -124499 1
gene 4 45 13 -137426 0 105 -137426 1
gene 1 3 113 -167711 0 275 -167711 1
gene 1 113 13 -590294 0 276 -590294 1
gene 4 15 45 -89854 0 403 -89854 1
gene 2 6 190 50950 0 468 50950 1
gene 2 190 13 240924 0 469 240924 0
gene 2 4 213 328701 0 528 328701 1
gene 2 213 14 -399409 0 529 -399409 1
gene 3 8 280 -421863 0 715 -421863 1
gene 3 280 15 395280 0 716 395280 1
gene 2 190 327 140317 0 849 140317 1
gene 2 327 13 240924 0 850 240924 1
gene 3 45 190 -33922 0 918 -33922 1
gene 1 6 402 1 0 1049 0 1
gene 1 402 14 -146113 0 1050 0 1
gene 4 11 327 -1305 0 1165 -1305 1
genomeend 30


/* Organism #32 Fitness: 220.000000 Time: 0 */
/* Position #32*/
#1 x: 67 y: 34
#2 x: 60 y: 26
#3 x: 24 y: 40
#4 x: 49 y: 68
#5 x: 27 y: 60
#6 x: 66 y: 80
genomestart 32
trait 1 1.000000 0.000000 0.000000 0.000000 0.000000 0.000000 0.000000 0.000000 trait 2 2.000000 0.000000 0.000000 0.000000 0.000000 0.000000 0.000000 0.000000 trait 3 3.000000 0.000000 0.000000 0.000000 0.000000 0.000000 0.000000 0.000000 trait 4 0.000000 0.000000 0.000000 0.000000 60204.000000 0.000000 0.000000 0.000000 node 1 4 1 3
node 2 2 1 1
node 3 3 1 1
node 4 3 1 1
node 5 4 1 1
node 6 4 1 1
node 7 4 1 1
node 8 3 1 1
node 9 2 1 1
node 10 1 1 1
node 11 3 1 1
node 12 3 1 1
node 13 1 0 2
node 14 3 0 2
node 15 2 0 2
node 45 1 0 0
node 113 1 0 0
node 190 1 0 0
node 213 1 0 0
node 280 1 0 0
node 327 1 0 0
node 402 1 0 0
node 436 1 0 0
gene 1 1 13 758571 0 1 758571 1
gene 3 2 13 24308 0 2 24308 1
gene 1 3 13 -777126 0 3 -777126 0
gene 3 4 13 61323 0 4 61323 1
gene 2 5 13 -401029 0 5 -401029 1
gene 2 6 13 -722289 0 6 -722289 0
gene 2 7 13 273934 0 7 273934 1
gene 2 8 13 479667 0 8 479667 1
gene 4 9 13 -434965 0 9 -434965 0
gene 2 10 13 -675303 0 10 -675303 1
gene 2 11 13 27015 0 11 27015 1
gene 4 12 13 -318633 0 12 -318633 1
gene 4 1 14 54638 0 13 54638 1
gene 1 2 14 800000 0 14 800000 1
gene 1 3 14 504613 0 15 504613 1
gene 2 4 14 -190228 0 16 -190228 0
gene 1 5 14 417060 0 17 417060 1
gene 1 6 14 -146113 0 18 -146113 0
gene 2 7 14 199500 0 19 199500 1
gene 1 8 14 282640 0 20 282640 1
gene 1 9 14 -669450 0 21 -669450 1
gene 3 10 14 68693 0 22 68693 1
gene 2 11 14 -783673 0 23 -783673 1
gene 3 12 14 476109 0 24 476109 1
gene 3 1 15 -650579 0 25 -650579 1
gene 2 2 15 302689 0 26 302689 1
gene 1 3 15 133722 0 27 133722 1
gene 1 4 15 -290502 0 28 -290502 1
gene 3 5 15 26239 0 29 26239 1
gene 3 6 15 115548 0 30 115548 1
gene 1 7 15 -229285 0 31 -229285 0
gene 3 8 15 -320541 0 32 -320541 0
gene 3 9 15 122874 0 33 122874 1
gene 1 10 15 -440721 0 34 -440721 1
gene 1 11 15 446358 0 35 446358 1
gene 3 12 15 79664 0 36 79664 1
gene 4 9 45 -124499 0 104 -124499 1
gene 4 45 13 -137426 0 105 -137426 1
gene 1 3 113 -167711 0 275 -167711 1
gene 1 113 13 -590294 0 276 -590294 1
gene 4 15 45 -89854 0 403 -89854 1
gene 2 6 190 50950 0 468 50950 1
gene 2 190 13 240924 0 469 240924 0
gene 2 4 213 328701 0 528 328701 1
gene 2 213 14 -399409 0 529 -399409 1
gene 3 8 280 -421863 0 715 -421863 1
gene 3 280 15 395280 0 716 395280 1
gene 2 190 327 140317 0 849 140317 1
gene 2 327 13 240924 0 850 240924 1
gene 3 45 190 -33922 0 918 -33922 1
gene 1 6 402 1 0 1049 0 1
gene 1 402 14 -146113 0 1050 0 1
gene 1 7 436 1 0 1130 0 1
gene 1 436 15 -229285 0 1131 0 1
genomeend 32


/* Organism #35 Fitness: 270.000000 Time: 0 */
/* Position #35*/
#1 x: 65 y: 23
#2 x: 49 y: 19
#3 x: 61 y: 17
#4 x: 78 y: 61
#5 x: 59 y: 77
#6 x: 28 y: 85
genomestart 35
trait 1 1.000000 0.000000 0.000000 0.000000 0.000000 0.000000 0.000000 0.000000 trait 2 2.000000 0.000000 0.000000 0.000000 0.000000 0.000000 0.000000 0.000000 trait 3 3.000000 0.000000 0.000000 0.000000 0.000000 0.000000 0.000000 0.000000 trait 4 0.000000 0.000000 0.000000 0.000000 60204.000000 0.000000 0.000000 0.000000 node 1 4 1 3
node 2 2 1 1
node 3 3 1 1
node 4 3 1 1
node 5 4 1 1
node 6 4 1 1
node 7 4 1 1
node 8 3 1 1
node 9 1 1 1
node 10 1 1 1
node 11 3 1 1
node 12 3 1 1
node 13 1 0 2
node 14 3 0 2
node 15 2 0 2
node 45 1 0 0
node 113 1 0 0
node 230 1 0 0
node 313 1 0 0
node 336 1 0 0
node 362 1 0 0
gene 1 1 13 -70641 0 1 -70641 1
gene 3 2 13 407210 0 2 407210 1
gene 1 3 13 57003 0 3 57003 0
gene 3 4 13 378019 0 4 378019 1
gene 2 5 13 306315 0 5 306315 1
gene 2 6 13 530847 0 6 530847 1
gene 2 7 13 -538833 0 7 -538833 1
gene 2 8 13 391505 0 8 391505 1
gene 4 9 13 -243282 0 9 -243282 0
gene 2 10 13 23724 0 10 23724 1
gene 2 11 13 -220974 0 11 -220974 1
gene 4 12 13 15645 0 12 15645 1
gene 4 1 14 -111117 0 13 -111117 1
gene 1 2 14 413007 0 14 413007 1
gene 1 3 14 58776 0 15 58776 1
gene 2 4 14 -287103 0 16 -287103 1
gene 1 5 14 338829 0 17 338829 1
gene 1 6 14 -365760 0 18 -365760 1
gene 2 7 14 -74841 0 19 -74841 1
gene 1 8 14 88017 0 20 88017 1
gene 1 9 14 -155906 0 21 -155906 1
gene 3 10 14 -771856 0 22 -771856 1
gene 2 11 14 -288600 0 23 -288600 1
gene 3 12 14 154823 0 24 154823 1
gene 3 1 15 -761681 0 25 -761681 1
gene 2 2 15 243255 0 26 243255 1
gene 1 3 15 -188571 0 27 -188571 1
gene 1 4 15 -186645 0 28 -186645 0
gene 3 5 15 246936 0 29 246936 1
gene 3 6 15 68631 0 30 68631 0
gene 1 7 15 43275 0 31 43275 1
gene 3 8 15 -707094 0 32 -707094 1
gene 3 9 15 -52146 0 33 -52146 1
gene 1 10 15 -361164 0 34 -361164 1
gene 1 11 15 431808 0 35 431808 1
gene 3 12 15 64320 0 36 64320 1
gene 4 9 45 588862 0 104 588862 1
gene 4 45 13 772161 0 105 772161 1
gene 1 3 113 18987 0 275 18987 1
gene 1 113 13 -173631 0 276 -173631 0
gene 4 15 45 -135820 0 403 -135820 1
gene 1 113 230 281989 0 574 281989 1
gene 1 230 13 278847 0 575 278847 0
gene 1 45 14 86852 0 736 86852 1
gene 3 6 313 -214745 0 803 -214745 1
gene 3 313 15 -50673 0 804 -50673 1
gene 1 230 336 292528 0 871 292528 1
gene 1 336 13 -106677 0 872 -106677 1
gene 1 4 362 1 0 937 1 1
gene 1 362 15 -176676 0 938 -176676 1
gene 3 362 14 27749 0 1168 27749 1
genomeend 35


/* Organism #64 Fitness: 190.000000 Time: 0 */
/* Position #64*/
#1 x: 47 y: 33
#2 x: 52 y: 16
#3 x: 24 y: 27
#4 x: 17 y: 75
#5 x: 75 y: 77
#6 x: 58 y: 73
genomestart 64
trait 1 1.000000 0.000000 0.000000 0.000000 0.000000 0.000000 0.000000 0.000000 trait 2 2.000000 0.000000 0.000000 0.000000 0.000000 0.000000 0.000000 0.000000 trait 3 3.000000 0.000000 0.000000 0.000000 0.000000 0.000000 0.000000 0.000000 trait 4 0.000000 0.000000 0.000000 0.000000 60204.000000 0.000000 0.000000 0.000000 node 1 4 1 3
node 2 2 1 1
node 3 3 1 1
node 4 3 1 1
node 5 4 1 1
node 6 4 1 1
node 7 4 1 1
node 8 3 1 1
node 9 1 1 1
node 10 1 1 1
node 11 3 1 1
node 12 3 1 1
node 13 1 0 2
node 14 3 0 2
node 15 2 0 2
node 45 1 0 0
node 113 1 0 0
node 189 1 0 0
node 343 1 0 0
node 367 1 0 0
gene 1 1 13 407112 0 1 407112 1
gene 3 2 13 145023 0 2 145023 1
gene 1 3 13 -422669 0 3 -422669 0
gene 3 4 13 -43140 0 4 -43140 1
gene 2 5 13 -324210 0 5 -324210 1
gene 2 6 13 -800000 0 6 -800000 1
gene 2 7 13 200109 0 7 200109 1
gene 2 8 13 -95677 0 8 -95677 1
gene 4 9 13 217239 0 9 217239 0
gene 2 10 13 264729 0 10 264729 1
gene 2 11 13 -235560 0 11 -235560 1
gene 4 12 13 117504 0 12 117504 1
gene 4 1 14 -291348 0 13 -291348 1
gene 1 2 14 6279 0 14 6279 1
gene 1 3 14 -23706 0 15 -23706 1
gene 2 4 14 -800000 0 16 -800000 1
gene 1 5 14 609711 0 17 609711 1
gene 1 6 14 -99690 0 18 -99690 1
gene 2 7 14 -228219 0 19 -228219 1
gene 1 8 14 187386 0 20 187386 1
gene 1 9 14 -199671 0 21 -199671 1
gene 3 10 14 -439740 0 22 -439740 1
gene 2 11 14 -591291 0 23 -591291 1
gene 3 12 14 370997 0 24 370997 1
gene 3 1 15 -96939 0 25 -96939 1
gene 2 2 15 -261030 0 26 -261030 1
gene 1 3 15 246921 0 27 246921 1
gene 1 4 15 476541 0 28 476541 1
gene 3 5 15 -149017 0 29 -149017 1
gene 3 6 15 151806 0 30 151806 1
gene 1 7 15 -365382 0 31 -365382 1
gene 3 8 15 -12432 0 32 -12432 1
gene 3 9 15 204861 0 33 204861 1
gene 1 10 15 335229 0 34 335229 1
gene 1 11 15 575349 0 35 575349 1
gene 3 12 15 -453573 0 36 -453573 0
gene 4 9 45 96850 0 104 96850 1
gene 4 45 13 23310 0 105 23310 1
gene 1 3 113 133923 0 275 133923 1
gene 1 113 13 -601730 0 276 -601730 1
gene 2 2 189 -104031 0 464 -104031 1
gene 2 189 15 199560 0 465 199560 1
gene 2 5 189 -473973 0 566 -473973 1
gene 4 13 13 207423 1 644 207423 1
gene 2 2 343 -162473 0 889 -162473 1
gene 2 343 189 109137 0 890 109137 1
gene 3 12 367 -13788 0 951 -13788 1
gene 3 367 15 293571 0 952 293571 1
gene 2 14 45 170561 0 1036 170561 1
gene 2 113 367 -45499 0 1195 -45499 1
genomeend 64


/* Organism #70 Fitness: 240.000000 Time: 0 */
/* Position #70*/
#1 x: 67 y: 36
#2 x: 81 y: 38
#3 x: 68 y: 25
#4 x: 21 y: 65
#5 x: 42 y: 78
#6 x: 81 y: 73
genomestart 70
trait 1 1.000000 0.000000 0.000000 0.000000 0.000000 0.000000 0.000000 0.000000 trait 2 2.000000 0.000000 0.000000 0.000000 0.000000 0.000000 0.000000 0.000000 trait 3 3.000000 0.000000 0.000000 0.000000 0.000000 0.000000 0.000000 0.000000 trait 4 0.000000 0.000000 0.000000 0.000000 60204.000000 0.000000 0.000000 0.000000 node 1 4 1 3
node 2 2 1 1
node 3 3 1 1
node 4 3 1 1
node 5 4 1 1
node 6 4 1 1
node 7 4 1 1
node 8 3 1 1
node 9 2 1 1
node 10 1 1 1
node 11 3 1 1
node 12 3 1 1
node 13 1 0 2
node 14 3 0 2
node 15 2 0 2
node 45 1 0 0
node 113 1 0 0
node 190 1 0 0
node 213 1 0 0
node 280 1 0 0
node 327 1 0 0
node 406 1 0 0
gene 1 1 13 535017 0 1 535017 1
gene 3 2 13 32453 0 2 32453 1
gene 1 3 13 -792528 0 3 -792528 0
gene 3 4 13 109770 0 4 109770 1
gene 2 5 13 -8131 0 5 -8131 1
gene 2 6 13 -724674 0 6 -724674 0
gene 2 7 13 -117476 0 7 -117476 1
gene 2 8 13 19866 0 8 19866 1
gene 4 9 13 -505318 0 9 -505318 0
gene 2 10 13 -284484 0 10 -284484 1
gene 2 11 13 -401679 0 11 -401679 1
gene 4 12 13 -355365 0 12 -355365 1
gene 4 1 14 -294913 0 13 -294913 1
gene 1 2 14 672358 0 14 672358 1
gene 1 3 14 -70904 0 15 -70904 1
gene 2 4 14 -114016 0 16 -114016 0
gene 1 5 14 476493 0 17 476493 1
gene 1 6 14 -150769 0 18 -150769 1
gene 2 7 14 161610 0 19 161610 1
gene 1 8 14 311800 0 20 311800 1
gene 1 9 14 -356364 0 21 -356364 1
gene 3 10 14 -30847 0 22 -30847 1
gene 2 11 14 -387991 0 23 -387991 0
gene 3 12 14 530247 0 24 530247 1
gene 3 1 15 -299990 0 25 -299990 1
gene 2 2 15 12082 0 26 12082 1
gene 1 3 15 193179 0 27 193179 1
gene 1 4 15 -403416 0 28 -403416 1
gene 3 5 15 58798 0 29 58798 1
gene 3 6 15 150426 0 30 150426 1
gene 1 7 15 -100942 0 31 -100942 1
gene 3 8 15 -266892 0 32 -266892 0
gene 3 9 15 53985 0 33 53985 1
gene 1 10 15 -211779 0 34 -211779 1
gene 1 11 15 262413 0 35 262413 1
gene 3 12 15 79322 0 36 79322 1
gene 4 9 45 -4145 0 104 -4145 1
gene 4 45 13 -46019 0 105 -46019 1
gene 1 3 113 -123662 0 275 -123662 1
gene 1 113 13 -610157 0 276 -610157 1
gene 4 15 45 -56590 0 403 -56590 1
gene 2 6 190 -202862 0 468 -202862 1
gene 2 190 13 -11043 0 469 -11043 0
gene 2 4 213 320985 0 528 320985 1
gene 2 213 14 289983 0 529 289983 1
gene 3 8 280 45285 0 715 45285 1
gene 3 280 15 281976 0 716 281976 1
gene 2 190 327 1 0 849 1 1
gene 2 327 13 -38373 0 850 -38373 1
gene 3 45 190 -313699 0 918 -313699 1
gene 1 113 113 72003 1 993 72003 1
gene 2 11 406 117601 0 1059 117601 1
gene 2 406 14 -286630 0 1060 -286630 1
genomeend 70


/* Organism #72 Fitness: 220.000000 Time: 0 */
/* Position #72*/
#1 x: 62 y: 28
#2 x: 69 y: 15
#3 x: 75 y: 39
#4 x: 58 y: 63
#5 x: 18 y: 67
#6 x: 31 y: 66
genomestart 72
trait 1 1.000000 0.000000 0.000000 0.000000 0.000000 0.000000 0.000000 0.000000 trait 2 2.000000 0.000000 0.000000 0.000000 0.000000 0.000000 0.000000 0.000000 trait 3 3.000000 0.000000 0.000000 0.000000 0.000000 0.000000 0.000000 0.000000 trait 4 0.000000 0.000000 0.000000 0.000000 60204.000000 0.000000 0.000000 0.000000 node 1 4 1 3
node 2 2 1 1
node 3 3 1 1
node 4 3 1 1
node 5 4 1 1
node 6 4 1 1
node 7 4 1 1
node 8 3 1 1
node 9 1 1 1
node 10 1 1 1
node 11 3 1 1
node 12 3 1 1
node 13 1 0 2
node 14 3 0 2
node 15 2 0 2
node 45 1 0 0
node 113 1 0 0
node 230 1 0 0
node 308 1 0 0
node 396 1 0 0
node 439 1 0 0
gene 1 1 13 -62826 0 1 -62826 1
gene 3 2 13 -164457 0 2 -164457 1
gene 1 3 13 615243 0 3 615243 0
gene 3 4 13 625291 0 4 625291 1
gene 2 5 13 -186447 0 5 -186447 1
gene 2 6 13 622263 0 6 622263 1
gene 2 7 13 -29472 0 7 -29472 1
gene 2 8 13 -82056 0 8 -82056 1
gene 4 9 13 -132826 0 9 -132826 0
gene 2 10 13 -88584 0 10 -88584 1
gene 2 11 13 -151272 0 11 -151272 1
gene 4 12 13 -222957 0 12 -222957 1
gene 4 1 14 329853 0 13 329853 1
gene 1 2 14 175371 0 14 175371 1
gene 1 3 14 99087 0 15 99087 1
gene 2 4 14 71625 0 16 71625 1
gene 1 5 14 693828 0 17 693828 1
gene 1 6 14 480213 0 18 480213 1
gene 2 7 14 -303984 0 19 -303984 1
gene 1 8 14 -469656 0 20 -469656 1
gene 1 9 14 -404010 0 21 -404010 1
gene 3 10 14 -800000 0 22 -800000 1
gene 2 11 14 -28032 0 23 -28032 1
gene 3 12 14 248529 0 24 248529 1
gene 3 1 15 -437873 0 25 -437873 1
gene 2 2 15 -322293 0 26 -322293 1
gene 1 3 15 601442 0 27 601442 1
gene 1 4 15 -19416 0 28 -19416 1
gene 3 5 15 -370833 0 29 -370833 1
gene 3 6 15 -105837 0 30 -105837 1
gene 1 7 15 -94908 0 31 -94908 1
gene 3 8 15 -800000 0 32 -800000 1
gene 3 9 15 -360675 0 33 -360675 0
gene 1 10 15 -116799 0 34 -116799 1
gene 1 11 15 91380 0 35 91380 1
gene 3 12 15 -24855 0 36 -24855 1
gene 4 9 45 614989 0 104 614989 1
gene 4 45 13 469377 0 105 469377 1
gene 1 3 113 752440 0 275 752440 1
gene 1 113 13 -251100 0 276 -251100 1
gene 4 15 45 -800000 0 403 -800000 1
gene 1 113 230 38908 0 574 38908 1
gene 1 230 13 159990 0 575 159990 1
gene 3 9 308 -6477 0 790 -6477 1
gene 3 308 15 111402 0 791 111402 1
gene 2 5 396 -163328 0 1031 -163328 1
gene 2 396 13 -264213 0 1032 -264213 1
gene 4 9 439 1 0 1138 0 1
gene 4 439 13 -132826 0 1139 0 1
genomeend 72


