/* Organism #2 Fitness: 210.000000 Time: 0 */
/* Position #2*/
#1 x: 60 y: 30
#2 x: 69 y: 31
#3 x: 29 y: 24
#4 x: 65 y: 84
#5 x: 57 y: 69
#6 x: 25 y: 61
genomestart 2
trait 1 100000.000000 82311.000000 0.000000 77921.000000 0.000000 0.000000 15262.000000 393.000000 trait 2 2.000000 0.000000 0.000000 0.000000 0.000000 0.000000 0.000000 0.000000 trait 3 0.000000 0.000000 0.000000 51304.000000 0.000000 13538.000000 70969.000000 30146.000000 trait 4 88267.000000 0.000000 0.000000 73381.000000 0.000000 28166.000000 100000.000000 100000.000000 node 1 4 1 3
node 2 4 1 1
node 3 1 1 1
node 4 1 1 1
node 5 1 1 1
node 6 2 1 1
node 7 4 1 1
node 8 4 1 1
node 9 2 1 1
node 10 1 1 1
node 11 2 1 1
node 12 4 1 1
node 13 2 0 2
node 14 1 0 2
node 15 3 0 2
node 121 1 0 0
node 235 1 0 0
node 384 1 0 0
node 420 1 0 0
node 433 1 0 0
node 461 1 0 0
node 500 1 0 0
node 516 4 0 0
node 697 1 0 0
node 1018 1 0 0
node 1130 1 0 0
node 1323 3 0 0
node 1393 1 0 0
node 1479 1 0 0
node 1531 4 0 0
node 1683 1 0 0
node 1735 1 0 0
node 1875 1 0 0
node 1975 1 0 0
node 2022 1 0 0
node 2179 1 0 0
node 2295 1 0 0
node 2730 2 0 0
node 2767 1 0 0
node 2826 1 0 0
node 2977 1 0 0
node 3105 1 0 0
node 3118 1 0 0
node 3551 1 0 0
node 3588 1 0 0
gene 2 1 13 412938 0 1 412938 1
gene 3 2 13 612600 0 2 612600 1
gene 2 3 13 354438 0 3 354438 1
gene 3 4 13 167718 0 4 167718 1
gene 2 5 13 325626 0 5 325626 1
gene 4 6 13 -550793 0 6 -550793 0
gene 3 7 13 800000 0 7 800000 1
gene 2 8 13 -276543 0 8 -276543 0
gene 3 9 13 357312 0 9 357312 1
gene 2 10 13 577383 0 10 577383 1
gene 2 11 13 -800000 0 11 -800000 1
gene 4 12 13 255324 0 12 255324 1
gene 2 1 14 173862 0 13 173862 1
gene 2 2 14 -436833 0 14 -436833 1
gene 4 3 14 -800000 0 15 -800000 1
gene 4 4 14 -214205 0 16 -214205 0
gene 4 5 14 800000 0 17 800000 1
gene 3 6 14 681911 0 18 681911 0
gene 2 7 14 -154335 0 19 -154335 1
gene 1 8 14 -202698 0 20 -202698 0
gene 3 9 14 177399 0 21 177399 1
gene 1 10 14 -135266 0 22 -135266 1
gene 1 11 14 -147753 0 23 -147753 1
gene 4 12 14 -800000 0 24 -800000 0
gene 3 1 15 269265 0 25 269265 1
gene 3 2 15 554048 0 26 554048 1
gene 3 3 15 370008 0 27 370008 0
gene 3 4 15 -284752 0 28 -284752 1
gene 3 5 15 -800000 0 29 -800000 1
gene 1 6 15 -103622 0 30 -103622 0
gene 3 7 15 -447663 0 31 -447663 0
gene 3 8 15 -196344 0 32 -196344 1
gene 3 9 15 743892 0 33 743892 1
gene 3 10 15 800000 0 34 800000 0
gene 2 11 15 -800000 0 35 -800000 1
gene 4 12 15 -137031 0 36 -137031 0
gene 4 15 15 -100265 1 174 -100265 0
gene 3 8 121 450705 0 329 450705 0
gene 3 121 15 506078 0 330 506078 1
gene 2 5 121 -710256 0 438 -710256 1
gene 2 7 121 -612327 0 483 -612327 1
gene 4 4 235 86934 0 666 86934 1
gene 4 235 14 -90984 0 667 -90984 1
gene 1 1 235 -741771 0 753 -741771 1
gene 1 9 235 -18669 0 1108 -18669 1
gene 3 10 384 373922 0 1126 373922 1
gene 3 384 15 311544 0 1127 311544 0
gene 2 14 14 685940 1 1197 685940 0
gene 3 7 420 -192981 0 1239 -192981 0
gene 3 420 15 800000 0 1240 800000 1
gene 3 2 433 -581093 0 1284 -581093 0
gene 3 433 13 -631457 0 1285 -631457 1
gene 4 3 461 -748364 0 1352 -748364 1
gene 4 461 14 -431162 0 1353 -431162 1
gene 4 15 500 17904 1 1453 17904 0
gene 4 500 15 -648216 0 1454 -648216 0
gene 1 8 516 620613 0 1500 620613 1
gene 1 516 14 449991 0 1501 449991 1
gene 1 384 121 630159 0 1548 630159 1
gene 2 8 461 570191 0 1965 570191 1
gene 3 3 697 -800000 0 2038 -800000 0
gene 2 697 15 -215700 0 2039 -215700 1
gene 2 1 500 556742 0 2133 556742 1
gene 1 3 433 -2228 0 2628 -2228 1
gene 1 516 516 -270432 1 2664 -270432 1
gene 3 8 1018 800000 0 2997 800000 0
gene 3 1018 121 424667 0 2998 424667 0
gene 3 15 433 545298 0 3156 545298 1
gene 1 10 1130 350817 0 3329 350817 1
gene 1 1130 14 -689729 0 3330 -689729 0
gene 3 500 697 -800000 0 3371 -800000 1
gene 2 3 516 323559 0 3603 323559 1
gene 2 9 1323 395409 0 3885 395409 1
gene 2 1323 14 -125787 0 3886 -125787 0
gene 2 121 420 -3261 0 3959 -3261 1
gene 2 8 1393 -712986 0 4093 -712986 1
gene 2 1393 13 391686 0 4094 391686 0
gene 1 11 1479 722901 0 4325 722901 1
gene 1 1479 14 -242205 0 4326 -242205 1
gene 4 12 1531 -541935 0 4477 -541935 1
gene 4 1531 15 800000 0 4478 800000 0
gene 3 1393 433 -800000 0 4734 -800000 1
gene 2 1323 1683 270348 0 4950 270348 1
gene 2 1683 14 422809 0 4951 422809 1
gene 3 6 1735 -155166 0 5103 -155166 1
gene 3 1735 14 -450440 0 5104 -450440 0
gene 1 5 516 788861 0 5346 788861 1
gene 1 516 433 311982 0 5443 311982 1
gene 3 2 1875 377601 0 5505 377601 1
gene 3 1875 433 -185084 0 5506 -185084 1
gene 1 1683 461 579230 0 5687 579230 1
gene 1 6 1975 800000 0 5780 800000 1
gene 1 1975 15 -89370 0 5781 -89370 1
gene 4 1531 2022 -477320 0 5905 -477320 1
gene 4 2022 15 -250881 0 5906 -250881 1
gene 3 121 1875 800000 0 5987 800000 1
gene 1 1683 1393 -224841 0 6232 -224841 1
gene 4 500 2179 -548169 0 6351 -548169 1
gene 4 2179 15 746181 0 6352 746181 1
gene 3 12 2179 -140103 0 6539 -140103 1
gene 1 1975 1975 -714528 1 6578 -714528 1
gene 2 14 2295 -374598 1 6699 -374598 1
gene 2 2295 14 284952 0 6700 284952 1
gene 4 4 433 141369 0 7064 141369 1
gene 3 12 235 25299 0 7098 25299 1
gene 1 384 384 -271605 1 7242 -271605 1
gene 2 500 500 -3234 1 7740 -3234 1
gene 3 8 2730 164535 0 7969 164535 1
gene 3 2730 1018 -800000 0 7970 -800000 1
gene 2 2730 516 284595 0 8040 284595 1
gene 4 6 2767 188682 0 8075 188682 1
gene 4 2767 13 -615264 0 8076 -615264 1
gene 3 13 15 132123 1 8122 132123 1
gene 4 12 2826 331851 0 8243 331851 1
gene 4 2826 14 59073 0 8244 59073 1
gene 3 384 1975 -291732 0 8469 -291732 1
gene 3 3 2977 -244935 0 8686 -244935 1
gene 3 2977 697 -331953 0 8687 -331953 1
gene 1 1130 3105 38049 0 9092 38049 1
gene 1 3105 14 21561 0 9093 21561 1
gene 4 15 3118 -518586 1 9132 -518586 1
gene 4 3118 500 277113 0 9133 277113 1
gene 4 3118 2295 171978 0 9282 171978 1
gene 3 10 121 -140613 0 9403 -140613 1
gene 4 500 2767 -156837 0 9643 -156837 1
gene 2 1393 1130 -294291 0 10080 -294291 1
gene 3 2295 1975 58362 0 10171 58362 1
gene 4 1393 516 -1615 0 10376 -1615 1
gene 2 1393 3551 119320 0 10432 119320 1
gene 2 3551 13 413196 0 10433 413196 1
gene 3 7 3588 -293309 0 10541 -293309 1
gene 3 3588 420 -88017 0 10542 -88017 1
genomeend 2


/* Organism #3 Fitness: 220.000000 Time: 0 */
/* Position #3*/
#1 x: 60 y: 30
#2 x: 69 y: 31
#3 x: 29 y: 24
#4 x: 65 y: 84
#5 x: 57 y: 69
#6 x: 25 y: 61
genomestart 3
trait 1 61560.000000 13073.000000 0.000000 100000.000000 68420.000000 72212.000000 96644.000000 393.000000 trait 2 2.000000 0.000000 0.000000 0.000000 0.000000 0.000000 0.000000 0.000000 trait 3 0.000000 0.000000 0.000000 51304.000000 0.000000 13538.000000 70969.000000 30146.000000 trait 4 88267.000000 0.000000 0.000000 73381.000000 0.000000 28166.000000 100000.000000 100000.000000 node 1 4 1 3
node 2 4 1 1
node 3 1 1 1
node 4 1 1 1
node 5 1 1 1
node 6 2 1 1
node 7 4 1 1
node 8 4 1 1
node 9 2 1 1
node 10 1 1 1
node 11 2 1 1
node 12 4 1 1
node 13 2 0 2
node 14 1 0 2
node 15 3 0 2
node 121 1 0 0
node 235 1 0 0
node 384 1 0 0
node 420 1 0 0
node 433 1 0 0
node 461 1 0 0
node 500 1 0 0
node 516 1 0 0
node 697 1 0 0
node 1018 1 0 0
node 1130 1 0 0
node 1323 3 0 0
node 1393 1 0 0
node 1479 1 0 0
node 1531 4 0 0
node 1683 1 0 0
node 1735 1 0 0
node 1875 1 0 0
node 1975 1 0 0
node 2022 1 0 0
node 2179 1 0 0
node 2295 1 0 0
node 2730 2 0 0
node 2767 1 0 0
node 2826 1 0 0
node 2977 1 0 0
node 3105 1 0 0
node 3118 1 0 0
node 3551 1 0 0
node 3588 1 0 0
gene 2 1 13 363246 0 1 363246 1
gene 3 2 13 800000 0 2 800000 1
gene 2 3 13 507237 0 3 507237 1
gene 3 4 13 -30621 0 4 -30621 1
gene 2 5 13 642165 0 5 642165 1
gene 4 6 13 -800000 0 6 -800000 0
gene 3 7 13 800000 0 7 800000 1
gene 2 8 13 101211 0 8 101211 0
gene 3 9 13 493305 0 9 493305 1
gene 2 10 13 509175 0 10 509175 1
gene 2 11 13 -512882 0 11 -512882 1
gene 4 12 13 -234957 0 12 -234957 1
gene 2 1 14 -77058 0 13 -77058 1
gene 2 2 14 -378375 0 14 -378375 1
gene 4 3 14 -420032 0 15 -420032 1
gene 4 4 14 -471383 0 16 -471383 0
gene 4 5 14 595695 0 17 595695 1
gene 3 6 14 800000 0 18 800000 0
gene 2 7 14 -174102 0 19 -174102 1
gene 1 8 14 -352866 0 20 -352866 0
gene 3 9 14 -93858 0 21 -93858 1
gene 1 10 14 -515411 0 22 -515411 1
gene 1 11 14 -339102 0 23 -339102 1
gene 4 12 14 -599054 0 24 -599054 0
gene 3 1 15 240234 0 25 240234 1
gene 3 2 15 422225 0 26 422225 1
gene 3 3 15 258468 0 27 258468 0
gene 3 4 15 129692 0 28 129692 1
gene 3 5 15 -780044 0 29 -780044 1
gene 1 6 15 291712 0 30 291712 0
gene 3 7 15 -320508 0 31 -320508 0
gene 3 8 15 -273702 0 32 -273702 1
gene 3 9 15 721692 0 33 721692 1
gene 3 10 15 800000 0 34 800000 0
gene 2 11 15 -784875 0 35 -784875 1
gene 4 12 15 -86910 0 36 -86910 0
gene 4 15 15 -154490 1 174 -154490 0
gene 3 8 121 294096 0 329 294096 0
gene 3 121 15 681548 0 330 681548 1
gene 2 5 121 -292941 0 438 -292941 1
gene 2 7 121 -370740 0 483 -370740 1
gene 4 4 235 152694 0 666 152694 1
gene 4 235 14 -59514 0 667 -59514 1
gene 1 1 235 -800000 0 753 -800000 1
gene 1 9 235 399513 0 1108 399513 1
gene 3 10 384 383471 0 1126 383471 1
gene 3 384 15 170778 0 1127 170778 0
gene 2 14 14 800000 1 1197 800000 0
gene 3 7 420 -463008 0 1239 -463008 0
gene 3 420 15 800000 0 1240 800000 1
gene 3 2 433 -604940 0 1284 -604940 0
gene 3 433 13 -800000 0 1285 -800000 1
gene 4 3 461 -800000 0 1352 -800000 1
gene 4 461 14 -449051 0 1353 -449051 1
gene 4 15 500 -173274 1 1453 -173274 0
gene 4 500 15 -564066 0 1454 -564066 0
gene 1 8 516 589836 0 1500 589836 1
gene 1 516 14 414126 0 1501 414126 1
gene 1 384 121 301314 0 1548 301314 1
gene 2 8 461 161336 0 1965 161336 1
gene 3 3 697 -429735 0 2038 -429735 0
gene 2 697 15 -196065 0 2039 -196065 1
gene 2 1 500 713870 0 2133 713870 1
gene 1 3 433 63712 0 2628 63712 1
gene 1 516 516 -98778 1 2664 -98778 1
gene 3 8 1018 800000 0 2997 800000 0
gene 3 1018 121 186557 0 2998 186557 0
gene 3 15 433 622086 0 3156 622086 1
gene 1 10 1130 593862 0 3329 593862 1
gene 1 1130 14 -637883 0 3330 -637883 0
gene 3 500 697 -800000 0 3371 -800000 1
gene 2 3 516 309195 0 3603 309195 1
gene 2 9 1323 491163 0 3885 491163 1
gene 2 1323 14 -354555 0 3886 -354555 0
gene 2 121 420 238251 0 3959 238251 1
gene 2 8 1393 -800000 0 4093 -800000 1
gene 2 1393 13 516456 0 4094 516456 0
gene 1 11 1479 644751 0 4325 644751 1
gene 1 1479 14 -66264 0 4326 -66264 1
gene 4 12 1531 -774054 0 4477 -774054 1
gene 4 1531 15 800000 0 4478 800000 0
gene 3 1393 433 -800000 0 4734 -800000 1
gene 2 1323 1683 -235143 0 4950 -235143 1
gene 2 1683 14 657076 0 4951 657076 1
gene 3 6 1735 -183834 0 5103 -183834 1
gene 3 1735 14 -555887 0 5104 -555887 0
gene 1 5 516 320297 0 5346 320297 1
gene 1 516 433 529434 0 5443 529434 1
gene 3 2 1875 -69513 0 5505 -69513 1
gene 3 1875 433 -192824 0 5506 -192824 1
gene 1 1683 461 469361 0 5687 469361 1
gene 1 6 1975 798161 0 5780 798161 1
gene 1 1975 15 -156321 0 5781 -156321 1
gene 4 1531 2022 -795467 0 5905 -795467 1
gene 4 2022 15 -120576 0 5906 -120576 1
gene 3 121 1875 528252 0 5987 528252 1
gene 1 1683 1393 118704 0 6232 118704 1
gene 4 500 2179 -639027 0 6351 -639027 1
gene 4 2179 15 745458 0 6352 745458 1
gene 3 12 2179 -172509 0 6539 -172509 1
gene 1 1975 1975 -702744 1 6578 -702744 1
gene 2 14 2295 -696816 1 6699 -696816 1
gene 2 2295 14 455166 0 6700 455166 1
gene 4 4 433 -35547 0 7064 -35547 1
gene 3 12 235 74895 0 7098 74895 1
gene 1 384 384 27834 1 7242 27834 1
gene 2 500 500 187971 1 7740 187971 1
gene 3 8 2730 341733 0 7969 341733 1
gene 3 2730 1018 -266478 0 7970 -266478 1
gene 2 2730 516 -492537 0 8040 -492537 1
gene 4 6 2767 -56265 0 8075 -56265 1
gene 4 2767 13 -99654 0 8076 -99654 1
gene 3 13 15 63084 1 8122 63084 1
gene 4 12 2826 329427 0 8243 329427 1
gene 4 2826 14 -717453 0 8244 -717453 1
gene 3 384 1975 126702 0 8469 126702 1
gene 3 3 2977 -87834 0 8686 -87834 1
gene 3 2977 697 -168645 0 8687 -168645 1
gene 1 1130 3105 -147987 0 9092 -147987 1
gene 1 3105 14 -96747 0 9093 -96747 1
gene 4 15 3118 -518586 1 9132 -518586 1
gene 4 3118 500 277113 0 9133 277113 1
gene 4 3118 2295 -30531 0 9282 -30531 1
gene 3 10 121 -140613 0 9403 -140613 1
gene 4 500 2767 214311 0 9643 214311 1
gene 2 1393 1130 -477672 0 10080 -477672 1
gene 3 2295 1975 34614 0 10171 34614 1
gene 4 1393 516 -143865 0 10376 -143865 1
gene 2 1393 3551 -203075 0 10432 -203075 1
gene 2 3551 13 572796 0 10433 572796 1
gene 3 7 3588 118039 0 10541 118039 1
gene 3 3588 420 -193038 0 10542 -193038 1
genomeend 3


/* Organism #8 Fitness: 340.000000 Time: 0 */
/* Position #8*/
#1 x: 80 y: 23
#2 x: 24 y: 15
#3 x: 39 y: 32
#4 x: 58 y: 63
#5 x: 70 y: 63
#6 x: 39 y: 67
genomestart 8
trait 1 43007.000000 16300.000000 6994.000000 28041.000000 57524.000000 37112.000000 87908.000000 80535.000000 trait 2 0.000000 43855.000000 0.000000 95786.000000 51940.000000 72099.000000 50358.000000 23911.000000 trait 3 0.000000 0.000000 0.000000 51304.000000 0.000000 13538.000000 70969.000000 30146.000000 trait 4 4.000000 0.000000 0.000000 36940.000000 0.000000 0.000000 43316.000000 37957.000000 node 1 4 1 3
node 2 4 1 1
node 3 1 1 1
node 4 1 1 1
node 5 1 1 1
node 6 2 1 1
node 7 4 1 1
node 8 4 1 1
node 9 2 1 1
node 10 1 1 1
node 11 2 1 1
node 12 4 1 1
node 13 2 0 2
node 14 1 0 2
node 15 3 0 2
node 121 1 0 0
node 235 1 0 0
node 384 1 0 0
node 420 1 0 0
node 433 1 0 0
node 461 1 0 0
node 500 1 0 0
node 516 1 0 0
node 697 3 0 0
node 1018 1 0 0
node 1130 1 0 0
node 1323 3 0 0
node 1393 1 0 0
node 1479 1 0 0
node 1531 4 0 0
node 1683 1 0 0
node 1735 1 0 0
node 1875 1 0 0
node 2034 1 0 0
node 2142 1 0 0
node 2172 1 0 0
node 2206 1 0 0
node 2313 1 0 0
node 2332 1 0 0
node 2368 3 0 0
node 2491 1 0 0
node 2512 1 0 0
node 2530 1 0 0
node 2547 1 0 0
node 2692 1 0 0
node 2786 1 0 0
node 2915 1 0 0
node 3042 1 0 0
node 3079 1 0 0
node 3409 1 0 0
node 3527 1 0 0
node 3557 1 0 0
node 3610 1 0 0
gene 2 1 13 -627279 0 1 -627279 1
gene 3 2 13 800000 0 2 800000 1
gene 2 3 13 -46683 0 3 -46683 0
gene 3 4 13 -385038 0 4 -385038 1
gene 2 5 13 -527070 0 5 -527070 0
gene 4 6 13 -135912 0 6 -135912 1
gene 3 7 13 42084 0 7 42084 1
gene 2 8 13 303552 0 8 303552 0
gene 3 9 13 -679664 0 9 -679664 1
gene 2 10 13 424489 0 10 424489 0
gene 2 11 13 -429330 0 11 -429330 1
gene 4 12 13 585794 0 12 585794 1
gene 2 1 14 -313113 0 13 -313113 1
gene 2 2 14 -100590 0 14 -100590 1
gene 4 3 14 -84303 0 15 -84303 1
gene 4 4 14 211029 0 16 211029 1
gene 4 5 14 800000 0 17 800000 1
gene 3 6 14 423798 0 18 423798 0
gene 2 7 14 537462 0 19 537462 1
gene 1 8 14 -175287 0 20 -175287 0
gene 3 9 14 281934 0 21 281934 1
gene 1 10 14 532956 0 22 532956 1
gene 1 11 14 -680912 0 23 -680912 1
gene 3 12 14 567015 0 24 567015 1
gene 3 1 15 309243 0 25 309243 1
gene 3 2 15 -149463 0 26 -149463 1
gene 3 3 15 -338555 0 27 -338555 0
gene 3 4 15 -230778 0 28 -230778 1
gene 3 5 15 227028 0 29 227028 1
gene 1 6 15 311973 0 30 311973 1
gene 3 7 15 127028 0 31 127028 1
gene 3 8 15 415035 0 32 415035 1
gene 3 9 15 -340086 0 33 -340086 1
gene 3 10 15 221064 0 34 221064 1
gene 2 11 15 -330914 0 35 -330914 1
gene 4 12 15 -284493 0 36 -284493 1
gene 4 15 15 -74781 1 174 -74781 1
gene 3 8 121 687345 0 329 687345 1
gene 3 121 15 321291 0 330 321291 1
gene 2 5 121 -271033 0 438 -271033 0
gene 2 7 121 294540 0 483 294540 0
gene 4 4 235 -490611 0 666 -490611 1
gene 4 235 14 112538 0 667 112538 1
gene 1 1 235 -118575 0 753 -118575 1
gene 3 9 235 -149175 0 1108 -149175 1
gene 3 10 384 542140 0 1126 542140 1
gene 3 384 15 -278466 0 1127 -278466 1
gene 2 14 14 324144 1 1197 324144 1
gene 3 7 420 -725784 0 1239 -725784 0
gene 3 420 15 171735 0 1240 171735 0
gene 3 2 433 -335276 0 1284 -335276 1
gene 3 433 13 556713 0 1285 556713 1
gene 4 3 461 -100752 0 1352 -100752 1
gene 4 461 14 -228111 0 1353 -228111 1
gene 4 15 500 -181728 1 1453 -181728 1
gene 4 500 15 705569 0 1454 705569 1
gene 1 8 516 -302190 0 1500 -302190 1
gene 1 516 14 -87465 0 1501 -87465 1
gene 1 384 121 -431664 0 1548 -431664 1
gene 2 8 461 336603 0 1965 336603 1
gene 3 3 697 49866 0 2038 49866 1
gene 3 697 15 166470 0 2039 166470 1
gene 2 1 500 800000 0 2133 800000 1
gene 1 3 433 -300609 0 2628 -300609 1
gene 1 516 516 -179583 1 2664 -179583 1
gene 3 8 1018 -170925 0 2997 -170925 1
gene 3 1018 121 625614 0 2998 625614 0
gene 3 15 433 -197358 0 3156 -197358 1
gene 1 10 1130 447351 0 3329 447351 1
gene 1 1130 14 800000 0 3330 800000 1
gene 3 500 697 250887 0 3371 250887 1
gene 2 3 516 -124354 0 3603 -124354 0
gene 2 9 1323 -55251 0 3885 -55251 0
gene 2 1323 14 -350115 0 3886 -350115 1
gene 2 121 420 178484 0 3959 178484 1
gene 2 8 1393 363954 0 4093 363954 1
gene 2 1393 13 330048 0 4094 330048 1
gene 1 11 1479 -340863 0 4325 -340863 1
gene 1 1479 14 393231 0 4326 393231 1
gene 4 12 1531 212193 0 4477 212193 1
gene 4 1531 15 -133827 0 4478 -133827 1
gene 3 1393 433 -407171 0 4734 -407171 1
gene 2 1323 1683 -460872 0 4950 -460872 1
gene 2 1683 14 -478748 0 4951 -478748 1
gene 3 6 1735 -92193 0 5103 -92193 1
gene 3 1735 14 21942 0 5104 21942 1
gene 1 5 516 -275313 0 5346 -275313 1
gene 1 516 433 -328305 0 5443 -328305 1
gene 3 2 1875 -395640 0 5505 -395640 1
gene 3 1875 433 -277620 0 5506 -277620 1
gene 1 1683 461 -777951 0 5687 -777951 1
gene 1 516 121 -56739 0 5877 -56739 1
gene 3 3 2034 179535 0 5939 179535 1
gene 3 2034 697 566778 0 5940 566778 1
gene 3 5 1479 -138327 0 6157 -138327 1
gene 3 7 2142 291882 0 6248 291882 1
gene 3 2142 420 -454740 0 6249 -454740 1
gene 3 420 2172 541773 0 6332 541773 1
gene 3 2172 15 77406 0 6333 77406 1
gene 2 1735 1735 -265809 1 6388 -265809 1
gene 2 8 2206 -53127 0 6436 -53127 1
gene 2 2206 1393 548205 0 6437 548205 1
gene 2 121 2313 -800000 0 6747 -800000 1
gene 2 2313 420 -120537 0 6748 -120537 1
gene 2 9 2332 -469496 0 6797 -469496 1
gene 2 2332 1323 -574929 0 6798 -574929 1
gene 4 1323 2034 -24792 0 6848 -24792 1
gene 2 7 2368 358302 0 6897 358302 0
gene 2 2368 121 175599 0 6898 175599 1
gene 2 384 1531 -216807 0 7018 -216807 0
gene 2 2142 1018 -5055 0 7205 -5055 1
gene 3 2206 2034 -57720 0 7245 -57720 1
gene 2 7 2491 -30641 0 7283 -30641 1
gene 2 2491 2368 -230346 0 7284 -230346 1
gene 2 5 2512 202110 0 7337 202110 1
gene 2 2512 13 372012 0 7338 372012 1
gene 2 10 2530 800000 0 7387 800000 1
gene 2 2530 13 -800000 0 7388 -800000 1
gene 3 9 2547 -380319 0 7440 -380319 1
gene 3 2547 13 -49086 0 7441 -49086 1
gene 2 2530 1479 33897 0 7594 33897 1
gene 1 1479 2692 -211323 0 7856 -211323 0
gene 1 2692 14 254772 0 7857 254772 1
gene 3 4 1130 187872 0 7980 187872 1
gene 4 3 2786 -21330 0 8132 -21330 1
gene 4 2786 14 502581 0 8133 502581 1
gene 3 384 384 408783 1 8429 408783 1
gene 2 3 2915 -77193 0 8516 -77193 1
gene 2 2915 516 -95487 0 8517 -95487 1
gene 4 433 433 243756 1 8562 243756 1
gene 2 2547 1479 -142623 0 8709 -142623 0
gene 3 2206 1683 255714 0 8777 255714 1
gene 2 5 3042 222192 0 8890 222192 1
gene 2 3042 121 -21765 0 8891 -21765 1
gene 1 1479 3079 -165912 0 9004 -165912 1
gene 1 3079 2692 356535 0 9005 356535 1
gene 4 516 2547 -293916 0 9030 -293916 1
gene 3 1875 2915 159348 0 9219 159348 1
gene 2 2 420 -352968 0 9364 -352968 1
gene 2 1735 1531 151536 0 9549 151536 1
gene 4 9 697 198786 0 9875 198786 1
gene 4 12 2786 161652 0 9948 161652 1
gene 2 2547 3409 226713 0 10007 226713 1
gene 2 3409 1479 525705 0 10008 525705 1
gene 2 8 500 78819 0 10064 78819 1
gene 2 3 3527 1 0 10362 1 1
gene 2 3527 13 53427 0 10363 53427 1
gene 3 500 500 -49008 1 10410 -49008 1
gene 2 384 3557 -58943 0 10455 -58943 1
gene 2 3557 1531 -290235 0 10456 -290235 1
gene 1 2491 1018 89922 0 10493 89922 1
gene 2 7 3610 1 0 10603 0 1
gene 2 3610 2368 358302 0 10604 0 1
genomeend 8


/* Organism #18 Fitness: 210.000000 Time: 0 */
/* Position #18*/
#1 x: 76 y: 22
#2 x: 75 y: 29
#3 x: 23 y: 29
#4 x: 67 y: 62
#5 x: 63 y: 63
#6 x: 69 y: 76
genomestart 18
trait 1 71503.000000 52572.000000 0.000000 48265.000000 0.000000 0.000000 100000.000000 393.000000 trait 2 2.000000 0.000000 0.000000 0.000000 0.000000 0.000000 0.000000 0.000000 trait 3 70415.000000 20188.000000 0.000000 33644.000000 87767.000000 13538.000000 100000.000000 0.000000 trait 4 4.000000 0.000000 0.000000 36940.000000 0.000000 0.000000 100000.000000 100000.000000 node 1 4 1 3
node 2 4 1 1
node 3 1 1 1
node 4 1 1 1
node 5 1 1 1
node 6 2 1 1
node 7 4 1 1
node 8 3 1 1
node 9 2 1 1
node 10 1 1 1
node 11 2 1 1
node 12 4 1 1
node 13 2 0 2
node 14 1 0 2
node 15 3 0 2
node 121 1 0 0
node 235 1 0 0
node 384 1 0 0
node 420 1 0 0
node 433 1 0 0
node 461 1 0 0
node 500 1 0 0
node 516 1 0 0
node 697 1 0 0
node 1018 1 0 0
node 1130 1 0 0
node 1323 3 0 0
node 1393 1 0 0
node 1479 1 0 0
node 1531 4 0 0
node 1683 1 0 0
node 1735 1 0 0
node 1875 1 0 0
node 1975 1 0 0
node 2022 1 0 0
node 2179 1 0 0
node 2295 1 0 0
node 2730 1 0 0
node 2767 1 0 0
node 2826 1 0 0
node 2977 1 0 0
node 3251 1 0 0
node 3357 1 0 0
node 3497 1 0 0
node 3515 1 0 0
node 3535 1 0 0
node 3582 1 0 0
node 3613 1 0 0
gene 2 1 13 -540594 0 1 -540594 1
gene 3 2 13 116058 0 2 116058 1
gene 2 3 13 673635 0 3 673635 1
gene 3 4 13 659964 0 4 659964 1
gene 2 5 13 -429339 0 5 -429339 0
gene 4 6 13 114543 0 6 114543 0
gene 3 7 13 -800000 0 7 -800000 1
gene 2 8 13 344136 0 8 344136 0
gene 3 9 13 -508974 0 9 -508974 1
gene 2 10 13 168135 0 10 168135 1
gene 2 11 13 288861 0 11 288861 1
gene 4 12 13 392001 0 12 392001 1
gene 2 1 14 2403 0 13 2403 1
gene 2 2 14 -298313 0 14 -298313 1
gene 4 3 14 60198 0 15 60198 1
gene 4 4 14 337146 0 16 337146 0
gene 4 5 14 161862 0 17 161862 1
gene 3 6 14 -295131 0 18 -295131 0
gene 2 7 14 -324318 0 19 -324318 1
gene 1 8 14 -166098 0 20 -166098 0
gene 3 9 14 100443 0 21 100443 1
gene 1 10 14 -297843 0 22 -297843 1
gene 1 11 14 161907 0 23 161907 1
gene 4 12 14 -727941 0 24 -727941 0
gene 3 1 15 168261 0 25 168261 1
gene 3 2 15 -353088 0 26 -353088 1
gene 3 3 15 657695 0 27 657695 0
gene 3 4 15 306648 0 28 306648 1
gene 3 5 15 269901 0 29 269901 1
gene 1 6 15 402831 0 30 402831 0
gene 3 7 15 -324867 0 31 -324867 0
gene 3 8 15 151878 0 32 151878 1
gene 3 9 15 -540326 0 33 -540326 1
gene 3 10 15 328704 0 34 328704 0
gene 2 11 15 -694104 0 35 -694104 1
gene 4 12 15 155773 0 36 155773 0
gene 4 15 15 -27258 1 174 -27258 0
gene 3 8 121 261591 0 329 261591 0
gene 3 121 15 46899 0 330 46899 1
gene 2 5 121 273557 0 438 273557 1
gene 2 7 121 -347346 0 483 -347346 1
gene 4 4 235 -493323 0 666 -493323 1
gene 4 235 14 260526 0 667 260526 1
gene 1 1 235 800000 0 753 800000 1
gene 1 9 235 60345 0 1108 60345 1
gene 3 10 384 312086 0 1126 312086 1
gene 3 384 15 -238314 0 1127 -238314 0
gene 2 14 14 103848 1 1197 103848 0
gene 3 7 420 -541568 0 1239 -541568 1
gene 3 420 15 -156930 0 1240 -156930 1
gene 3 2 433 -564975 0 1284 -564975 0
gene 4 433 13 -196290 0 1285 -196290 1
gene 4 3 461 114909 0 1352 114909 1
gene 4 461 14 -164253 0 1353 -164253 1
gene 4 15 500 -39474 1 1453 -39474 1
gene 4 500 15 -25308 0 1454 -25308 0
gene 1 8 516 268260 0 1500 268260 1
gene 1 516 14 -283083 0 1501 -283083 1
gene 1 384 121 138078 0 1548 138078 1
gene 2 8 461 191220 0 1965 191220 1
gene 3 3 697 -110181 0 2038 -110181 0
gene 2 697 15 -386835 0 2039 -386835 1
gene 2 1 500 -702051 0 2133 -702051 1
gene 1 3 433 110197 0 2628 110197 1
gene 1 516 516 -340911 1 2664 -340911 1
gene 3 8 1018 138270 0 2997 138270 0
gene 3 1018 121 -686622 0 2998 -686622 0
gene 3 15 433 -154622 0 3156 -154622 0
gene 1 10 1130 340551 0 3329 340551 1
gene 1 1130 14 -103644 0 3330 -103644 1
gene 3 500 697 -83310 0 3371 -83310 1
gene 2 3 516 -314364 0 3603 -314364 1
gene 2 9 1323 -520136 0 3885 -520136 1
gene 2 1323 14 -531749 0 3886 -531749 0
gene 4 121 420 -235164 0 3959 -235164 1
gene 2 8 1393 -350652 0 4093 -350652 1
gene 2 1393 13 -800000 0 4094 -800000 1
gene 1 11 1479 649319 0 4325 649319 1
gene 1 1479 14 201225 0 4326 201225 1
gene 4 12 1531 137172 0 4477 137172 1
gene 4 1531 15 315435 0 4478 315435 0
gene 3 1393 433 84816 0 4734 84816 1
gene 2 1323 1683 -409641 0 4950 -409641 0
gene 2 1683 14 45714 0 4951 45714 1
gene 3 6 1735 277056 0 5103 277056 1
gene 3 1735 14 -570431 0 5104 -570431 0
gene 1 5 516 695967 0 5346 695967 1
gene 1 516 433 50457 0 5443 50457 1
gene 3 2 1875 -149550 0 5505 -149550 1
gene 3 1875 433 352947 0 5506 352947 1
gene 1 1683 461 800000 0 5687 800000 1
gene 1 6 1975 1434 0 5780 1434 1
gene 1 1975 15 760179 0 5781 760179 1
gene 4 1531 2022 497013 0 5905 497013 1
gene 4 2022 15 373296 0 5906 373296 1
gene 3 121 1875 -180030 0 5987 -180030 1
gene 1 1683 1393 -222102 0 6232 -222102 1
gene 4 500 2179 -17520 0 6351 -17520 1
gene 4 2179 15 -309480 0 6352 -309480 1
gene 3 12 2179 -366222 0 6539 -366222 0
gene 1 1975 1975 -281793 1 6578 -281793 1
gene 2 14 2295 -349719 1 6699 -349719 1
gene 2 2295 14 -796392 0 6700 -796392 1
gene 4 4 433 107136 0 7064 107136 1
gene 3 12 235 -207081 0 7098 -207081 0
gene 1 384 384 288087 1 7242 288087 0
gene 2 500 500 83835 1 7740 83835 1
gene 3 8 2730 300627 0 7969 300627 1
gene 3 2730 1018 -171480 0 7970 -171480 1
gene 2 2730 516 -549786 0 8040 -549786 1
gene 4 6 2767 -324468 0 8075 -324468 1
gene 4 2767 13 8445 0 8076 8445 1
gene 3 13 15 -149427 1 8122 -149427 0
gene 4 12 2826 288090 0 8243 288090 1
gene 4 2826 14 -473112 0 8244 -473112 1
gene 3 384 1975 40341 0 8469 40341 1
gene 3 3 2977 230160 0 8686 230160 1
gene 3 2977 697 -261609 0 8687 -261609 1
gene 2 2179 2179 358398 1 9153 358398 1
gene 2 1323 3251 64155 0 9520 64155 1
gene 2 3251 1683 175161 0 9521 175161 1
gene 3 420 420 284616 1 9666 284616 1
gene 3 9 1393 446745 0 9752 446745 1
gene 3 15 3357 218770 0 9839 218770 1
gene 3 3357 433 -134736 0 9840 -134736 1
gene 3 1323 2767 -232443 0 9936 -232443 1
gene 1 697 697 -244839 1 10038 -244839 1
gene 1 384 3497 115074 1 10269 115074 1
gene 1 3497 384 411507 0 10270 411507 1
gene 3 13 3515 -281015 1 10323 -281015 1
gene 3 3515 15 -73497 0 10324 -73497 1
gene 2 5 3535 121471 0 10386 121471 1
gene 2 3535 13 -158256 0 10387 -158256 1
gene 3 12 3582 -186834 0 10524 -186834 1
gene 3 3582 235 -84723 0 10525 -84723 1
gene 3 12 3613 1 0 10613 0 1
gene 3 3613 2179 -366222 0 10614 0 1
genomeend 18


/* Organism #24 Fitness: 300.000000 Time: 0 */
/* Position #24*/
#1 x: 55 y: 34
#2 x: 67 y: 20
#3 x: 81 y: 21
#4 x: 37 y: 85
#5 x: 28 y: 74
#6 x: 40 y: 68
genomestart 24
trait 1 43007.000000 16300.000000 6994.000000 28041.000000 57524.000000 37112.000000 87908.000000 80535.000000 trait 2 30533.000000 24215.000000 70868.000000 0.000000 0.000000 0.000000 0.000000 18399.000000 trait 3 0.000000 0.000000 44883.000000 66271.000000 11501.000000 0.000000 100000.000000 41343.000000 trait 4 4.000000 0.000000 0.000000 36940.000000 0.000000 0.000000 43316.000000 37957.000000 node 1 4 1 3
node 2 4 1 1
node 3 1 1 1
node 4 1 1 1
node 5 1 1 1
node 6 2 1 1
node 7 4 1 1
node 8 4 1 1
node 9 2 1 1
node 10 1 1 1
node 11 2 1 1
node 12 4 1 1
node 13 2 0 2
node 14 1 0 2
node 15 3 0 2
node 121 1 0 0
node 235 1 0 0
node 384 1 0 0
node 420 1 0 0
node 433 1 0 0
node 461 1 0 0
node 500 1 0 0
node 516 1 0 0
node 697 3 0 0
node 1018 1 0 0
node 1130 1 0 0
node 1323 3 0 0
node 1393 1 0 0
node 1479 1 0 0
node 1531 3 0 0
node 1683 1 0 0
node 1735 1 0 0
node 1875 1 0 0
node 2034 1 0 0
node 2142 1 0 0
node 2172 1 0 0
node 2206 1 0 0
node 2313 1 0 0
node 2332 1 0 0
node 2368 1 0 0
node 2491 1 0 0
node 2512 1 0 0
node 2530 1 0 0
node 2547 1 0 0
node 2692 1 0 0
node 2786 1 0 0
node 2912 1 0 0
node 3009 1 0 0
node 3108 1 0 0
node 3213 1 0 0
node 3249 1 0 0
node 3354 1 0 0
node 3379 1 0 0
node 3455 1 0 0
node 3508 1 0 0
node 3614 1 0 0
gene 2 1 13 -81813 0 1 -81813 1
gene 3 2 13 138444 0 2 138444 1
gene 2 3 13 -192495 0 3 -192495 1
gene 3 4 13 64602 0 4 64602 1
gene 2 5 13 -147174 0 5 -147174 0
gene 4 6 13 588204 0 6 588204 1
gene 3 7 13 -238833 0 7 -238833 1
gene 2 8 13 377148 0 8 377148 0
gene 3 9 13 24765 0 9 24765 1
gene 2 10 13 -103653 0 10 -103653 0
gene 2 11 13 -140628 0 11 -140628 1
gene 4 12 13 176931 0 12 176931 1
gene 2 1 14 92454 0 13 92454 1
gene 2 2 14 -254880 0 14 -254880 1
gene 4 3 14 -648546 0 15 -648546 0
gene 4 4 14 71343 0 16 71343 0
gene 4 5 14 -247920 0 17 -247920 1
gene 3 6 14 -124833 0 18 -124833 0
gene 2 7 14 119070 0 19 119070 1
gene 1 8 14 -115797 0 20 -115797 0
gene 3 9 14 -536586 0 21 -536586 1
gene 1 10 14 241101 0 22 241101 1
gene 1 11 14 159159 0 23 159159 1
gene 4 12 14 -221370 0 24 -221370 1
gene 3 1 15 -321864 0 25 -321864 1
gene 3 2 15 683258 0 26 683258 1
gene 3 3 15 -263199 0 27 -263199 0
gene 3 4 15 -315678 0 28 -315678 1
gene 3 5 15 208545 0 29 208545 1
gene 1 6 15 262320 0 30 262320 1
gene 3 7 15 77394 0 31 77394 1
gene 3 8 15 3705 0 32 3705 1
gene 3 9 15 -402435 0 33 -402435 1
gene 3 10 15 475371 0 34 475371 0
gene 2 11 15 -68316 0 35 -68316 1
gene 4 12 15 -205467 0 36 -205467 0
gene 4 15 15 800000 1 174 800000 0
gene 3 8 121 22239 0 329 22239 0
gene 3 121 15 -199023 0 330 -199023 1
gene 2 5 121 -19260 0 438 -19260 1
gene 2 7 121 -37896 0 483 -37896 0
gene 4 4 235 128649 0 666 128649 1
gene 4 235 14 525675 0 667 525675 1
gene 1 1 235 287535 0 753 287535 1
gene 3 9 235 -92382 0 1108 -92382 1
gene 3 10 384 451031 0 1126 451031 1
gene 3 384 15 800000 0 1127 800000 1
gene 2 14 14 42906 1 1197 42906 1
gene 3 7 420 69894 0 1239 69894 0
gene 3 420 15 -174963 0 1240 -174963 0
gene 3 2 433 -136941 0 1284 -136941 1
gene 3 433 13 459854 0 1285 459854 1
gene 4 3 461 -636983 0 1352 -636983 1
gene 4 461 14 -567741 0 1353 -567741 1
gene 4 15 500 -352086 1 1453 -352086 1
gene 4 500 15 -292038 0 1454 -292038 0
gene 1 8 516 -525315 0 1500 -525315 1
gene 1 516 14 -223176 0 1501 -223176 0
gene 1 384 121 664734 0 1548 664734 1
gene 2 8 461 -10485 0 1965 -10485 1
gene 3 3 697 281571 0 2038 281571 1
gene 3 697 15 -800000 0 2039 -800000 1
gene 2 1 500 -196224 0 2133 -196224 1
gene 1 3 433 -337269 0 2628 -337269 1
gene 1 516 516 -470394 1 2664 -470394 1
gene 3 8 1018 -242763 0 2997 -242763 1
gene 3 1018 121 288356 0 2998 288356 0
gene 3 15 433 -207891 0 3156 -207891 1
gene 1 10 1130 -248565 0 3329 -248565 1
gene 1 1130 14 139143 0 3330 139143 1
gene 3 500 697 113004 0 3371 113004 1
gene 2 3 516 67185 0 3603 67185 1
gene 2 9 1323 -139224 0 3885 -139224 0
gene 2 1323 14 55089 0 3886 55089 0
gene 2 121 420 -136614 0 3959 -136614 1
gene 2 8 1393 100935 0 4093 100935 1
gene 2 1393 13 44439 0 4094 44439 1
gene 1 11 1479 347391 0 4325 347391 0
gene 1 1479 14 800000 0 4326 800000 1
gene 4 12 1531 195144 0 4477 195144 1
gene 4 1531 15 -306885 0 4478 -306885 1
gene 3 1393 433 -318048 0 4734 -318048 1
gene 2 1323 1683 -450948 0 4950 -450948 1
gene 2 1683 14 -289002 0 4951 -289002 1
gene 3 6 1735 -151737 0 5103 -151737 1
gene 3 1735 14 -35058 0 5104 -35058 1
gene 1 5 516 519702 0 5346 519702 1
gene 1 516 433 703253 0 5443 703253 1
gene 3 2 1875 -176739 0 5505 -176739 1
gene 3 1875 433 663725 0 5506 663725 1
gene 1 1683 461 418536 0 5687 418536 0
gene 1 516 121 405981 0 5877 405981 1
gene 3 3 2034 453306 0 5939 453306 1
gene 3 2034 697 353265 0 5940 353265 1
gene 3 5 1479 -618813 0 6157 -618813 1
gene 3 7 2142 -62376 0 6248 -62376 1
gene 3 2142 420 299553 0 6249 299553 1
gene 3 420 2172 410508 0 6332 410508 1
gene 3 2172 15 -40878 0 6333 -40878 1
gene 2 1735 1735 447387 1 6388 447387 1
gene 2 8 2206 369261 0 6436 369261 0
gene 2 2206 1393 8895 0 6437 8895 1
gene 2 121 2313 107856 0 6747 107856 1
gene 2 2313 420 -273387 0 6748 -273387 1
gene 2 9 2332 -800000 0 6797 -800000 0
gene 2 2332 1323 40752 0 6798 40752 1
gene 4 1323 2034 -291747 0 6848 -291747 1
gene 2 7 2368 -800000 0 6897 -800000 1
gene 2 2368 121 -794883 0 6898 -794883 1
gene 2 384 1531 -434021 0 7018 -434021 1
gene 2 2142 1018 309129 0 7205 309129 0
gene 3 2206 2034 -403479 0 7245 -403479 1
gene 2 7 2491 -80055 0 7283 -80055 1
gene 2 2491 2368 248460 0 7284 248460 1
gene 2 5 2512 -66978 0 7337 -66978 1
gene 2 2512 13 613911 0 7338 613911 0
gene 2 10 2530 -800000 0 7387 -800000 0
gene 2 2530 13 165768 0 7388 165768 1
gene 3 9 2547 -195210 0 7440 -195210 1
gene 3 2547 13 100401 0 7441 100401 1
gene 2 2530 1479 -99975 0 7594 -99975 1
gene 1 1479 2692 -48543 0 7856 -48543 1
gene 1 2692 14 -83769 0 7857 -83769 0
gene 3 4 1130 -568446 0 7980 -568446 1
gene 4 3 2786 -3429 0 8132 -3429 1
gene 4 2786 14 316737 0 8133 316737 1
gene 4 2547 1735 -800000 0 8311 -800000 1
gene 3 2692 461 261366 0 8358 261366 1
gene 4 500 2912 253257 0 8507 253257 1
gene 1 2912 15 -205389 0 8508 -205389 1
gene 1 2912 1130 290091 0 8750 290091 1
gene 2 2142 3009 -336744 0 8799 -336744 1
gene 2 3009 1018 85701 0 8800 85701 1
gene 3 2034 2034 117369 1 8851 117369 1
gene 2 2512 3108 76665 0 9104 76665 1
gene 2 3108 13 205629 0 9105 205629 1
gene 1 2491 235 171861 0 9236 171861 1
gene 2 9 3213 145839 0 9416 145839 1
gene 2 3213 2332 -41985 0 9417 -41985 1
gene 1 516 3249 22494 0 9516 22494 1
gene 1 3249 14 257871 0 9517 257871 1
gene 4 3 1393 257583 0 9617 257583 1
gene 2 3108 2912 -467739 0 9658 -467739 1
gene 1 1683 3354 102660 0 9826 102660 1
gene 1 3354 461 -143832 0 9827 -143832 1
gene 1 2692 3379 64501 0 9920 64501 1
gene 1 3379 14 391941 0 9921 391941 1
gene 2 10 2547 144954 0 9957 144954 1
gene 4 2530 2530 280489 1 10098 280489 1
gene 2 8 3455 129180 0 10143 129180 1
gene 2 3455 2206 85311 0 10144 85311 1
gene 1 11 3508 -286313 0 10302 -286313 1
gene 1 3508 1479 -184443 0 10303 -184443 1
gene 3 1735 1875 -87960 0 10347 -87960 1
gene 1 2786 2313 70647 0 10540 70647 1
gene 3 500 2172 -94342 0 10569 -94342 1
gene 2 10 3614 1 0 10616 0 1
gene 2 3614 2530 -800000 0 10617 0 1
genomeend 24


/* Organism #30 Fitness: 400.000000 Time: 0 */
/* Position #30*/
#1 x: 16 y: 37
#2 x: 31 y: 17
#3 x: 67 y: 32
#4 x: 49 y: 60
#5 x: 76 y: 75
#6 x: 70 y: 71
genomestart 30
trait 1 43007.000000 16300.000000 6994.000000 28041.000000 57524.000000 37112.000000 87908.000000 80535.000000 trait 2 30533.000000 24215.000000 70868.000000 0.000000 0.000000 0.000000 0.000000 18399.000000 trait 3 0.000000 0.000000 44883.000000 65858.000000 41337.000000 0.000000 100000.000000 41343.000000 trait 4 4.000000 0.000000 0.000000 36940.000000 0.000000 0.000000 43316.000000 37957.000000 node 1 4 1 3
node 2 4 1 1
node 3 1 1 1
node 4 1 1 1
node 5 1 1 1
node 6 2 1 1
node 7 4 1 1
node 8 4 1 1
node 9 2 1 1
node 10 1 1 1
node 11 2 1 1
node 12 4 1 1
node 13 2 0 2
node 14 1 0 2
node 15 3 0 2
node 121 1 0 0
node 235 1 0 0
node 384 1 0 0
node 420 1 0 0
node 433 1 0 0
node 461 1 0 0
node 500 1 0 0
node 516 1 0 0
node 697 3 0 0
node 1018 1 0 0
node 1130 1 0 0
node 1323 3 0 0
node 1393 1 0 0
node 1479 1 0 0
node 1531 3 0 0
node 1683 1 0 0
node 1735 1 0 0
node 1875 1 0 0
node 2034 1 0 0
node 2142 1 0 0
node 2172 1 0 0
node 2206 1 0 0
node 2313 1 0 0
node 2332 1 0 0
node 2368 1 0 0
node 2491 1 0 0
node 2512 1 0 0
node 2530 1 0 0
node 2547 1 0 0
node 2692 1 0 0
node 2786 1 0 0
node 2912 1 0 0
node 3009 1 0 0
node 3108 1 0 0
node 3213 1 0 0
node 3249 1 0 0
node 3354 1 0 0
node 3379 1 0 0
node 3455 1 0 0
node 3468 1 0 0
node 3512 1 0 0
gene 2 1 13 -544482 0 1 -544482 1
gene 3 2 13 -306336 0 2 -306336 1
gene 2 3 13 -437241 0 3 -437241 1
gene 3 4 13 106248 0 4 106248 1
gene 2 5 13 546339 0 5 546339 0
gene 4 6 13 536091 0 6 536091 1
gene 3 7 13 -575406 0 7 -575406 1
gene 2 8 13 436125 0 8 436125 0
gene 3 9 13 -568332 0 9 -568332 1
gene 2 10 13 117087 0 10 117087 0
gene 2 11 13 -14197 0 11 -14197 1
gene 4 12 13 -353286 0 12 -353286 1
gene 2 1 14 800000 0 13 800000 1
gene 4 2 14 292431 0 14 292431 1
gene 4 3 14 -29232 0 15 -29232 0
gene 4 4 14 -800000 0 16 -800000 0
gene 4 5 14 432510 0 17 432510 1
gene 3 6 14 -2652 0 18 -2652 0
gene 2 7 14 227859 0 19 227859 1
gene 1 8 14 50772 0 20 50772 0
gene 3 9 14 -484335 0 21 -484335 1
gene 1 10 14 74568 0 22 74568 1
gene 1 11 14 285264 0 23 285264 1
gene 4 12 14 -239661 0 24 -239661 1
gene 3 1 15 -60915 0 25 -60915 1
gene 3 2 15 691958 0 26 691958 1
gene 3 3 15 -108327 0 27 -108327 0
gene 3 4 15 -136302 0 28 -136302 1
gene 3 5 15 -185277 0 29 -185277 1
gene 1 6 15 -221625 0 30 -221625 1
gene 3 7 15 78687 0 31 78687 1
gene 3 8 15 -260541 0 32 -260541 1
gene 3 9 15 108738 0 33 108738 1
gene 3 10 15 258708 0 34 258708 0
gene 2 11 15 137340 0 35 137340 1
gene 4 12 15 -116397 0 36 -116397 0
gene 4 15 15 -150198 1 174 -150198 0
gene 3 8 121 -431337 0 329 -431337 0
gene 3 121 15 -395493 0 330 -395493 1
gene 2 5 121 143319 0 438 143319 1
gene 2 7 121 -134196 0 483 -134196 0
gene 4 4 235 281244 0 666 281244 1
gene 4 235 14 -120003 0 667 -120003 1
gene 1 1 235 69822 0 753 69822 1
gene 3 9 235 132357 0 1108 132357 1
gene 3 10 384 573504 0 1126 573504 1
gene 3 384 15 255882 0 1127 255882 1
gene 2 14 14 -710532 1 1197 -710532 1
gene 3 7 420 119895 0 1239 119895 0
gene 3 420 15 349842 0 1240 349842 0
gene 3 2 433 -94341 0 1284 -94341 1
gene 3 433 13 509988 0 1285 509988 1
gene 4 3 461 -710123 0 1352 -710123 1
gene 4 461 14 -35139 0 1353 -35139 1
gene 4 15 500 -65055 1 1453 -65055 1
gene 4 500 15 210603 0 1454 210603 0
gene 1 8 516 126810 0 1500 126810 1
gene 1 516 14 -268389 0 1501 -268389 0
gene 1 384 121 86229 0 1548 86229 1
gene 2 8 461 800000 0 1965 800000 1
gene 3 3 697 174747 0 2038 174747 1
gene 3 697 15 -170586 0 2039 -170586 1
gene 2 1 500 -439086 0 2133 -439086 1
gene 1 3 433 -107571 0 2628 -107571 1
gene 1 516 516 -84915 1 2664 -84915 1
gene 3 8 1018 -277776 0 2997 -277776 1
gene 3 1018 121 274400 0 2998 274400 0
gene 3 15 433 -100068 0 3156 -100068 1
gene 1 10 1130 -103260 0 3329 -103260 1
gene 1 1130 14 -204633 0 3330 -204633 1
gene 3 500 697 110955 0 3371 110955 1
gene 2 3 516 7626 0 3603 7626 1
gene 2 9 1323 -47829 0 3885 -47829 0
gene 2 1323 14 -132846 0 3886 -132846 0
gene 2 121 420 117471 0 3959 117471 1
gene 2 8 1393 18969 0 4093 18969 1
gene 2 1393 13 -746697 0 4094 -746697 1
gene 1 11 1479 536790 0 4325 536790 1
gene 1 1479 14 800000 0 4326 800000 1
gene 4 12 1531 -98670 0 4477 -98670 1
gene 4 1531 15 -393603 0 4478 -393603 1
gene 3 1393 433 -452490 0 4734 -452490 1
gene 2 1323 1683 -678069 0 4950 -678069 1
gene 2 1683 14 -572604 0 4951 -572604 1
gene 3 6 1735 -463506 0 5103 -463506 1
gene 3 1735 14 396045 0 5104 396045 1
gene 1 5 516 287799 0 5346 287799 1
gene 1 516 433 -163470 0 5443 -163470 1
gene 3 2 1875 -17934 0 5505 -17934 1
gene 3 1875 433 522537 0 5506 522537 1
gene 1 1683 461 -14412 0 5687 -14412 0
gene 1 516 121 64176 0 5877 64176 1
gene 3 3 2034 -703014 0 5939 -703014 1
gene 3 2034 697 -88185 0 5940 -88185 1
gene 3 5 1479 -501297 0 6157 -501297 1
gene 3 7 2142 -187623 0 6248 -187623 1
gene 3 2142 420 -402294 0 6249 -402294 1
gene 3 420 2172 -800000 0 6332 -800000 1
gene 3 2172 15 16305 0 6333 16305 1
gene 2 1735 1735 76593 1 6388 76593 1
gene 2 8 2206 288594 0 6436 288594 0
gene 2 2206 1393 -209703 0 6437 -209703 1
gene 2 121 2313 143469 0 6747 143469 1
gene 2 2313 420 -369351 0 6748 -369351 1
gene 2 9 2332 -652040 0 6797 -652040 0
gene 2 2332 1323 -322203 0 6798 -322203 1
gene 4 1323 2034 -743484 0 6848 -743484 0
gene 2 7 2368 -800000 0 6897 -800000 1
gene 2 2368 121 89322 0 6898 89322 1
gene 2 384 1531 -517833 0 7018 -517833 1
gene 2 2142 1018 -188937 0 7205 -188937 0
gene 3 2206 2034 86076 0 7245 86076 1
gene 2 7 2491 180843 0 7283 180843 0
gene 2 2491 2368 -492240 0 7284 -492240 1
gene 2 5 2512 -64251 0 7337 -64251 1
gene 2 2512 13 -168339 0 7338 -168339 0
gene 2 10 2530 170865 0 7387 170865 1
gene 2 2530 13 -800000 0 7388 -800000 1
gene 3 9 2547 -209661 0 7440 -209661 1
gene 3 2547 13 -253815 0 7441 -253815 1
gene 2 2530 1479 20376 0 7594 20376 1
gene 1 1479 2692 204537 0 7856 204537 1
gene 1 2692 14 257019 0 7857 257019 0
gene 3 4 1130 -435498 0 7980 -435498 1
gene 4 3 2786 -617436 0 8132 -617436 1
gene 4 2786 14 -118986 0 8133 -118986 1
gene 4 2547 1735 -149634 0 8311 -149634 1
gene 3 2692 461 511995 0 8358 511995 1
gene 4 500 2912 735252 0 8507 735252 1
gene 1 2912 15 -132051 0 8508 -132051 1
gene 1 2912 1130 321411 0 8750 321411 1
gene 2 2142 3009 428049 0 8799 428049 1
gene 2 3009 1018 -49344 0 8800 -49344 1
gene 3 2034 2034 13239 1 8851 13239 1
gene 2 2512 3108 -382626 0 9104 -382626 1
gene 2 3108 13 -99639 0 9105 -99639 1
gene 1 2491 235 140700 0 9236 140700 1
gene 2 9 3213 313518 0 9416 313518 1
gene 2 3213 2332 -375711 0 9417 -375711 1
gene 1 516 3249 117459 0 9516 117459 1
gene 1 3249 14 14931 0 9517 14931 1
gene 4 3 1393 -787456 0 9617 -787456 1
gene 2 3108 2912 -262350 0 9658 -262350 1
gene 1 1683 3354 -2151 0 9826 -2151 1
gene 1 3354 461 -548877 0 9827 -548877 1
gene 1 2692 3379 -142193 0 9920 -142193 1
gene 1 3379 14 3336 0 9921 3336 1
gene 2 10 2547 161572 0 9957 161572 1
gene 4 2530 2530 70728 1 10098 70728 1
gene 2 8 3455 203296 0 10143 203296 1
gene 2 3455 2206 -165390 0 10144 -165390 1
gene 4 1323 3468 465190 0 10182 465190 1
gene 4 3468 2034 -204141 0 10183 -204141 1
gene 2 516 1479 -476311 0 10234 -476311 1
gene 1 3455 13 425137 0 10271 425137 1
gene 2 7 3512 -279216 0 10315 -279216 1
gene 2 3512 2491 800000 0 10316 800000 1
gene 1 3249 1735 183900 0 10377 183900 1
gene 2 6 420 -51021 0 10583 -51021 1
gene 3 121 2142 84015 0 10621 84015 1
genomeend 30


/* Organism #31 Fitness: 340.000000 Time: 0 */
/* Position #31*/
#1 x: 16 y: 37
#2 x: 31 y: 17
#3 x: 67 y: 32
#4 x: 49 y: 60
#5 x: 76 y: 75
#6 x: 70 y: 71
genomestart 31
trait 1 78708.000000 100000.000000 6994.000000 0.000000 57524.000000 100000.000000 87908.000000 100000.000000 trait 2 30533.000000 24215.000000 70868.000000 0.000000 0.000000 0.000000 0.000000 18399.000000 trait 3 0.000000 0.000000 44883.000000 65858.000000 41337.000000 0.000000 100000.000000 41343.000000 trait 4 4.000000 0.000000 0.000000 36940.000000 0.000000 0.000000 0.000000 37957.000000 node 1 4 1 3
node 2 4 1 1
node 3 1 1 1
node 4 1 1 1
node 5 1 1 1
node 6 2 1 1
node 7 4 1 1
node 8 4 1 1
node 9 2 1 1
node 10 1 1 1
node 11 2 1 1
node 12 4 1 1
node 13 2 0 2
node 14 1 0 2
node 15 3 0 2
node 121 1 0 0
node 235 1 0 0
node 384 2 0 0
node 420 1 0 0
node 433 1 0 0
node 461 1 0 0
node 500 1 0 0
node 516 1 0 0
node 697 3 0 0
node 1018 1 0 0
node 1130 1 0 0
node 1323 3 0 0
node 1393 1 0 0
node 1479 1 0 0
node 1531 3 0 0
node 1683 1 0 0
node 1735 1 0 0
node 1875 1 0 0
node 2034 1 0 0
node 2142 1 0 0
node 2172 1 0 0
node 2206 1 0 0
node 2313 1 0 0
node 2332 1 0 0
node 2368 1 0 0
node 2491 1 0 0
node 2512 1 0 0
node 2530 1 0 0
node 2547 1 0 0
node 2692 1 0 0
node 2786 1 0 0
node 2912 1 0 0
node 3009 1 0 0
node 3108 1 0 0
node 3213 1 0 0
node 3249 1 0 0
node 3336 1 0 0
node 3356 1 0 0
node 3443 1 0 0
node 3469 1 0 0
node 3532 1 0 0
gene 2 1 13 207726 0 1 207726 1
gene 3 2 13 219606 0 2 219606 1
gene 2 3 13 266928 0 3 266928 1
gene 3 4 13 781098 0 4 781098 1
gene 2 5 13 -277749 0 5 -277749 0
gene 4 6 13 -15366 0 6 -15366 1
gene 3 7 13 -382873 0 7 -382873 1
gene 2 8 13 357084 0 8 357084 0
gene 3 9 13 -129210 0 9 -129210 1
gene 2 10 13 -156558 0 10 -156558 1
gene 2 11 13 484293 0 11 484293 1
gene 4 12 13 181215 0 12 181215 1
gene 2 1 14 -339699 0 13 -339699 1
gene 2 2 14 278457 0 14 278457 1
gene 4 3 14 169956 0 15 169956 0
gene 4 4 14 -23277 0 16 -23277 1
gene 4 5 14 -702828 0 17 -702828 1
gene 3 6 14 331986 0 18 331986 0
gene 2 7 14 -654753 0 19 -654753 1
gene 1 8 14 -196893 0 20 -196893 0
gene 3 9 14 3282 0 21 3282 1
gene 1 10 14 627960 0 22 627960 1
gene 1 11 14 186945 0 23 186945 1
gene 4 12 14 116250 0 24 116250 1
gene 3 1 15 545739 0 25 545739 1
gene 3 2 15 106071 0 26 106071 1
gene 3 3 15 81512 0 27 81512 1
gene 3 4 15 -335853 0 28 -335853 1
gene 3 5 15 559497 0 29 559497 1
gene 1 6 15 -51096 0 30 -51096 1
gene 3 7 15 627330 0 31 627330 1
gene 3 8 15 159027 0 32 159027 1
gene 3 9 15 -105222 0 33 -105222 1
gene 3 10 15 -318480 0 34 -318480 0
gene 2 11 15 -641853 0 35 -641853 1
gene 4 12 15 116685 0 36 116685 0
gene 4 15 15 -416040 1 174 -416040 1
gene 3 8 121 48930 0 329 48930 0
gene 3 121 15 -107919 0 330 -107919 1
gene 2 5 121 -84795 0 438 -84795 1
gene 2 7 121 -386097 0 483 -386097 0
gene 4 4 235 800000 0 666 800000 1
gene 4 235 14 100386 0 667 100386 1
gene 1 1 235 162231 0 753 162231 1
gene 3 9 235 136230 0 1108 136230 1
gene 3 10 384 -40818 0 1126 -40818 1
gene 3 384 15 613025 0 1127 613025 1
gene 2 14 14 742323 1 1197 742323 1
gene 3 7 420 259527 0 1239 259527 0
gene 3 420 15 288735 0 1240 288735 0
gene 3 2 433 -47427 0 1284 -47427 1
gene 3 433 13 281682 0 1285 281682 1
gene 4 3 461 -567137 0 1352 -567137 1
gene 4 461 14 33765 0 1353 33765 1
gene 4 15 500 -348525 1 1453 -348525 1
gene 4 500 15 -37665 0 1454 -37665 0
gene 1 8 516 614057 0 1500 614057 1
gene 1 516 14 -347316 0 1501 -347316 0
gene 1 384 121 256089 0 1548 256089 1
gene 2 8 461 385641 0 1965 385641 1
gene 3 3 697 -66159 0 2038 -66159 1
gene 3 697 15 349373 0 2039 349373 0
gene 2 1 500 -175452 0 2133 -175452 1
gene 1 3 433 147069 0 2628 147069 1
gene 1 516 516 -231777 1 2664 -231777 1
gene 3 8 1018 800000 0 2997 800000 1
gene 3 1018 121 -176778 0 2998 -176778 0
gene 3 15 433 800000 0 3156 800000 1
gene 2 10 1130 272235 0 3329 272235 1
gene 1 1130 14 -69828 0 3330 -69828 1
gene 3 500 697 -74919 0 3371 -74919 1
gene 2 3 516 659253 0 3603 659253 1
gene 2 9 1323 437040 0 3885 437040 0
gene 2 1323 14 -246387 0 3886 -246387 1
gene 2 121 420 -228903 0 3959 -228903 1
gene 2 8 1393 -32217 0 4093 -32217 1
gene 2 1393 13 286191 0 4094 286191 0
gene 1 11 1479 -329874 0 4325 -329874 1
gene 1 1479 14 -800000 0 4326 -800000 1
gene 4 12 1531 255090 0 4477 255090 1
gene 4 1531 15 70434 0 4478 70434 1
gene 3 1393 433 -723599 0 4734 -723599 1
gene 2 1323 1683 741188 0 4950 741188 1
gene 2 1683 14 275870 0 4951 275870 1
gene 3 6 1735 -454215 0 5103 -454215 1
gene 3 1735 14 800000 0 5104 800000 1
gene 1 5 516 -106245 0 5346 -106245 1
gene 1 516 433 282603 0 5443 282603 1
gene 3 2 1875 800000 0 5505 800000 1
gene 3 1875 433 -231129 0 5506 -231129 1
gene 1 1683 461 -369423 0 5687 -369423 1
gene 1 516 121 182223 0 5877 182223 1
gene 3 3 2034 -98469 0 5939 -98469 1
gene 3 2034 697 84168 0 5940 84168 1
gene 3 5 1479 -222234 0 6157 -222234 1
gene 3 7 2142 -572975 0 6248 -572975 1
gene 3 2142 420 262881 0 6249 262881 1
gene 3 420 2172 -800000 0 6332 -800000 1
gene 3 2172 15 34089 0 6333 34089 1
gene 2 1735 1735 -800000 1 6388 -800000 1
gene 2 8 2206 -75030 0 6436 -75030 1
gene 1 2206 1393 19128 0 6437 19128 1
gene 2 121 2313 14922 0 6747 14922 1
gene 2 2313 420 -147402 0 6748 -147402 1
gene 2 9 2332 -645528 0 6797 -645528 0
gene 2 2332 1323 800000 0 6798 800000 1
gene 4 1323 2034 -800000 0 6848 -800000 1
gene 2 7 2368 -76977 0 6897 -76977 1
gene 2 2368 121 334041 0 6898 334041 1
gene 2 384 1531 215229 0 7018 215229 1
gene 2 2142 1018 492972 0 7205 492972 1
gene 3 2206 2034 -76380 0 7245 -76380 1
gene 2 7 2491 111024 0 7283 111024 1
gene 2 2491 2368 396666 0 7284 396666 1
gene 2 5 2512 -486147 0 7337 -486147 1
gene 2 2512 13 -570162 0 7338 -570162 0
gene 2 10 2530 422580 0 7387 422580 1
gene 2 2530 13 -194241 0 7388 -194241 1
gene 3 9 2547 423956 0 7440 423956 1
gene 3 2547 13 -161409 0 7441 -161409 1
gene 2 2530 1479 -234099 0 7594 -234099 0
gene 1 1479 2692 195723 0 7856 195723 1
gene 1 2692 14 -16254 0 7857 -16254 1
gene 3 4 1130 -409908 0 7980 -409908 1
gene 4 3 2786 80583 0 8132 80583 1
gene 4 2786 14 100206 0 8133 100206 1
gene 4 2547 1735 7290 0 8311 7290 1
gene 3 2692 461 -674769 0 8358 -674769 1
gene 4 500 2912 -174819 0 8507 -174819 1
gene 1 2912 15 -247242 0 8508 -247242 1
gene 1 2912 1130 49869 0 8750 49869 1
gene 2 2142 3009 -162792 0 8799 -162792 1
gene 2 3009 1018 -189375 0 8800 -189375 0
gene 3 2034 2034 -377655 1 8851 -377655 1
gene 2 2512 3108 -219432 0 9104 -219432 1
gene 2 3108 13 -195051 0 9105 -195051 1
gene 1 2491 235 -54570 0 9236 -54570 1
gene 2 9 3213 -469488 0 9416 -469488 1
gene 2 3213 2332 -442179 0 9417 -442179 1
gene 1 516 3249 -576837 0 9516 -576837 1
gene 1 3249 14 -270903 0 9517 -270903 1
gene 2 1393 3336 -417981 0 9780 -417981 1
gene 2 3336 13 133971 0 9781 133971 1
gene 2 2530 3356 237831 0 9835 237831 1
gene 2 3356 1479 708015 0 9836 708015 1
gene 3 2034 3443 -265686 1 10105 -265686 1
gene 3 3443 2034 -218340 0 10106 -218340 1
gene 3 697 3469 324208 0 10184 324208 1
gene 3 3469 15 756818 0 10185 756818 1
gene 3 3009 3009 61884 1 10235 61884 1
gene 2 3009 3532 -364542 0 10378 -364542 1
gene 2 3532 1018 153867 0 10379 153867 1
genomeend 31


/* Organism #44 Fitness: 230.000000 Time: 0 */
/* Position #44*/
#1 x: 82 y: 30
#2 x: 33 y: 27
#3 x: 34 y: 40
#4 x: 61 y: 63
#5 x: 22 y: 72
#6 x: 50 y: 68
genomestart 44
trait 1 43007.000000 16300.000000 6994.000000 28041.000000 57524.000000 37112.000000 87908.000000 80535.000000 trait 2 30533.000000 24215.000000 70868.000000 0.000000 0.000000 0.000000 0.000000 18399.000000 trait 3 0.000000 0.000000 44883.000000 65858.000000 41337.000000 0.000000 100000.000000 41343.000000 trait 4 4.000000 0.000000 75481.000000 100000.000000 0.000000 0.000000 0.000000 37957.000000 node 1 4 1 3
node 2 4 1 1
node 3 1 1 1
node 4 1 1 1
node 5 1 1 1
node 6 2 1 1
node 7 4 1 1
node 8 4 1 1
node 9 2 1 1
node 10 1 1 1
node 11 2 1 1
node 12 4 1 1
node 13 2 0 2
node 14 1 0 2
node 15 3 0 2
node 121 1 0 0
node 235 1 0 0
node 384 2 0 0
node 420 1 0 0
node 433 1 0 0
node 461 1 0 0
node 500 1 0 0
node 516 1 0 0
node 697 3 0 0
node 1018 1 0 0
node 1130 1 0 0
node 1323 3 0 0
node 1393 1 0 0
node 1479 1 0 0
node 1531 3 0 0
node 1683 1 0 0
node 1735 1 0 0
node 1875 1 0 0
node 2034 1 0 0
node 2142 1 0 0
node 2172 1 0 0
node 2206 1 0 0
node 2313 1 0 0
node 2332 1 0 0
node 2368 1 0 0
node 2491 1 0 0
node 2512 1 0 0
node 2530 1 0 0
node 2547 1 0 0
node 2692 1 0 0
node 2786 1 0 0
node 2912 1 0 0
node 3009 1 0 0
node 3108 1 0 0
node 3213 1 0 0
node 3249 1 0 0
node 3336 1 0 0
node 3356 1 0 0
node 3443 1 0 0
node 3553 1 0 0
node 3568 1 0 0
gene 2 1 13 -557834 0 1 -557834 1
gene 3 2 13 396381 0 2 396381 1
gene 2 3 13 211137 0 3 211137 1
gene 3 4 13 -350142 0 4 -350142 1
gene 2 5 13 485999 0 5 485999 0
gene 4 6 13 -352170 0 6 -352170 1
gene 3 7 13 800000 0 7 800000 1
gene 2 8 13 -39711 0 8 -39711 0
gene 3 9 13 184887 0 9 184887 1
gene 2 10 13 75771 0 10 75771 0
gene 2 11 13 800000 0 11 800000 1
gene 4 12 13 -223830 0 12 -223830 1
gene 2 1 14 389553 0 13 389553 1
gene 2 2 14 -269940 0 14 -269940 1
gene 4 3 14 345213 0 15 345213 0
gene 4 4 14 217101 0 16 217101 0
gene 4 5 14 -204570 0 17 -204570 1
gene 3 6 14 43149 0 18 43149 0
gene 2 7 14 800000 0 19 800000 1
gene 1 8 14 353649 0 20 353649 0
gene 3 9 14 237588 0 21 237588 1
gene 1 10 14 -15729 0 22 -15729 1
gene 1 11 14 -128811 0 23 -128811 1
gene 4 12 14 -193893 0 24 -193893 1
gene 3 1 15 -45714 0 25 -45714 1
gene 3 2 15 -307281 0 26 -307281 1
gene 3 3 15 514422 0 27 514422 0
gene 3 4 15 -109470 0 28 -109470 1
gene 3 5 15 473022 0 29 473022 1
gene 1 6 15 505104 0 30 505104 1
gene 3 7 15 69096 0 31 69096 1
gene 3 8 15 -240855 0 32 -240855 1
gene 3 9 15 467370 0 33 467370 1
gene 3 10 15 -101532 0 34 -101532 0
gene 2 11 15 -343926 0 35 -343926 1
gene 4 12 15 -118842 0 36 -118842 0
gene 4 15 15 431997 1 174 431997 0
gene 3 8 121 -740256 0 329 -740256 0
gene 3 121 15 168612 0 330 168612 1
gene 2 5 121 -235260 0 438 -235260 1
gene 2 7 121 -28524 0 483 -28524 0
gene 4 4 235 133116 0 666 133116 1
gene 4 235 14 -571467 0 667 -571467 1
gene 1 1 235 67410 0 753 67410 1
gene 3 9 235 -203451 0 1108 -203451 1
gene 3 10 384 -26805 0 1126 -26805 1
gene 3 384 15 -164940 0 1127 -164940 1
gene 2 14 14 -521994 1 1197 -521994 1
gene 3 7 420 382068 0 1239 382068 0
gene 3 420 15 473736 0 1240 473736 0
gene 3 2 433 214002 0 1284 214002 1
gene 3 433 13 -125331 0 1285 -125331 1
gene 4 3 461 -536741 0 1352 -536741 1
gene 4 461 14 144141 0 1353 144141 1
gene 4 15 500 -800000 1 1453 -800000 1
gene 4 500 15 -318369 0 1454 -318369 0
gene 1 8 516 471840 0 1500 471840 1
gene 1 516 14 451887 0 1501 451887 0
gene 1 384 121 -319629 0 1548 -319629 1
gene 2 8 461 25524 0 1965 25524 1
gene 3 3 697 264516 0 2038 264516 1
gene 3 697 15 191760 0 2039 191760 1
gene 2 1 500 702564 0 2133 702564 1
gene 1 3 433 237201 0 2628 237201 1
gene 1 516 516 115455 1 2664 115455 1
gene 3 8 1018 -366894 0 2997 -366894 1
gene 3 1018 121 211503 0 2998 211503 0
gene 3 15 433 131619 0 3156 131619 0
gene 2 10 1130 193170 0 3329 193170 1
gene 1 1130 14 -199866 0 3330 -199866 1
gene 3 500 697 -392745 0 3371 -392745 1
gene 2 3 516 -153828 0 3603 -153828 1
gene 2 9 1323 121572 0 3885 121572 0
gene 2 1323 14 678563 0 3886 678563 0
gene 2 121 420 310128 0 3959 310128 1
gene 2 8 1393 -7866 0 4093 -7866 1
gene 2 1393 13 439131 0 4094 439131 0
gene 1 11 1479 -398199 0 4325 -398199 1
gene 1 1479 14 231465 0 4326 231465 1
gene 4 12 1531 212502 0 4477 212502 1
gene 4 1531 15 105282 0 4478 105282 1
gene 3 1393 433 304443 0 4734 304443 1
gene 2 1323 1683 -80835 0 4950 -80835 1
gene 2 1683 14 406406 0 4951 406406 1
gene 3 6 1735 -65565 0 5103 -65565 1
gene 3 1735 14 89640 0 5104 89640 1
gene 1 5 516 780099 0 5346 780099 1
gene 1 516 433 14985 0 5443 14985 1
gene 3 2 1875 312317 0 5505 312317 1
gene 3 1875 433 -127860 0 5506 -127860 1
gene 1 1683 461 -627806 0 5687 -627806 1
gene 1 516 121 -522009 0 5877 -522009 1
gene 3 3 2034 757238 0 5939 757238 1
gene 3 2034 697 219612 0 5940 219612 1
gene 3 5 1479 639651 0 6157 639651 1
gene 3 7 2142 185574 0 6248 185574 1
gene 3 2142 420 -1524 0 6249 -1524 1
gene 3 420 2172 95994 0 6332 95994 1
gene 3 2172 15 -315309 0 6333 -315309 1
gene 2 1735 1735 -214512 1 6388 -214512 1
gene 2 8 2206 -647849 0 6436 -647849 0
gene 2 2206 1393 28047 0 6437 28047 1
gene 2 121 2313 800000 0 6747 800000 1
gene 2 2313 420 280977 0 6748 280977 1
gene 2 9 2332 -679293 0 6797 -679293 0
gene 2 2332 1323 386442 0 6798 386442 1
gene 4 1323 2034 -340533 0 6848 -340533 1
gene 2 7 2368 510189 0 6897 510189 1
gene 2 2368 121 -5097 0 6898 -5097 1
gene 2 384 1531 -257745 0 7018 -257745 1
gene 2 2142 1018 -756192 0 7205 -756192 0
gene 3 2206 2034 -40746 0 7245 -40746 1
gene 2 7 2491 -590831 0 7283 -590831 1
gene 2 2491 2368 -253689 0 7284 -253689 1
gene 2 5 2512 89286 0 7337 89286 1
gene 2 2512 13 615756 0 7338 615756 0
gene 2 10 2530 -792380 0 7387 -792380 1
gene 2 2530 13 -132573 0 7388 -132573 1
gene 3 9 2547 -189771 0 7440 -189771 1
gene 3 2547 13 633489 0 7441 633489 1
gene 2 2530 1479 151368 0 7594 151368 0
gene 1 1479 2692 -235218 0 7856 -235218 1
gene 1 2692 14 -231180 0 7857 -231180 1
gene 3 4 1130 -258741 0 7980 -258741 1
gene 4 3 2786 241719 0 8132 241719 1
gene 4 2786 14 800000 0 8133 800000 1
gene 4 2547 1735 79473 0 8311 79473 1
gene 3 2692 461 284433 0 8358 284433 1
gene 4 500 2912 350691 0 8507 350691 1
gene 1 2912 15 -32049 0 8508 -32049 1
gene 1 2912 1130 188076 0 8750 188076 1
gene 2 2142 3009 231054 0 8799 231054 1
gene 2 3009 1018 -156594 0 8800 -156594 1
gene 3 2034 2034 -533979 1 8851 -533979 0
gene 2 2512 3108 256257 0 9104 256257 1
gene 2 3108 13 -399762 0 9105 -399762 1
gene 1 2491 235 -533499 0 9236 -533499 1
gene 2 9 3213 158703 0 9416 158703 1
gene 2 3213 2332 -288909 0 9417 -288909 1
gene 1 516 3249 307497 0 9516 307497 1
gene 1 3249 14 8154 0 9517 8154 1
gene 2 1393 3336 250443 0 9780 250443 1
gene 2 3336 13 45750 0 9781 45750 1
gene 2 2530 3356 -466590 0 9835 -466590 1
gene 2 3356 1479 -440550 0 9836 -440550 1
gene 3 2034 3443 -107574 1 10105 -107574 1
gene 3 3443 2034 -90255 0 10106 -90255 1
gene 2 1 1018 152719 0 10361 152719 1
gene 2 8 3553 132859 0 10447 132859 1
gene 2 3553 2206 -64425 0 10448 -64425 1
gene 3 15 3568 -262604 0 10491 -262604 1
gene 3 3568 433 163065 0 10492 163065 1
genomeend 44


/* Organism #56 Fitness: 280.000000 Time: 0 */
/* Position #56*/
#1 x: 51 y: 26
#2 x: 20 y: 24
#3 x: 45 y: 39
#4 x: 69 y: 78
#5 x: 17 y: 81
#6 x: 25 y: 61
genomestart 56
trait 1 43007.000000 16300.000000 6994.000000 28041.000000 57524.000000 37112.000000 87908.000000 80535.000000 trait 2 0.000000 43855.000000 0.000000 95786.000000 51940.000000 72099.000000 50358.000000 23911.000000 trait 3 0.000000 0.000000 0.000000 51304.000000 0.000000 13538.000000 70969.000000 30146.000000 trait 4 4.000000 0.000000 0.000000 36940.000000 0.000000 0.000000 43316.000000 37957.000000 node 1 4 1 3
node 2 4 1 1
node 3 1 1 1
node 4 1 1 1
node 5 1 1 1
node 6 2 1 1
node 7 4 1 1
node 8 4 1 1
node 9 2 1 1
node 10 1 1 1
node 11 2 1 1
node 12 4 1 1
node 13 2 0 2
node 14 1 0 2
node 15 3 0 2
node 121 1 0 0
node 235 1 0 0
node 384 1 0 0
node 420 1 0 0
node 433 1 0 0
node 461 1 0 0
node 500 1 0 0
node 516 1 0 0
node 697 3 0 0
node 1018 1 0 0
node 1130 1 0 0
node 1323 3 0 0
node 1393 1 0 0
node 1479 1 0 0
node 1531 4 0 0
node 1683 1 0 0
node 1735 1 0 0
node 1875 1 0 0
node 2034 1 0 0
node 2142 1 0 0
node 2172 1 0 0
node 2206 1 0 0
node 2313 1 0 0
node 2332 1 0 0
node 2368 3 0 0
node 2491 1 0 0
node 2512 1 0 0
node 2530 1 0 0
node 2547 1 0 0
node 2692 1 0 0
node 2786 1 0 0
node 2915 1 0 0
node 3042 1 0 0
node 3079 1 0 0
node 3409 3 0 0
node 3527 1 0 0
node 3620 1 0 0
gene 2 1 13 -800000 0 1 -800000 1
gene 3 2 13 1071 0 2 1071 1
gene 2 3 13 82128 0 3 82128 0
gene 3 4 13 186894 0 4 186894 1
gene 2 5 13 -75528 0 5 -75528 0
gene 4 6 13 -436770 0 6 -436770 1
gene 3 7 13 327237 0 7 327237 1
gene 2 8 13 784182 0 8 784182 0
gene 3 9 13 -606524 0 9 -606524 1
gene 2 10 13 173364 0 10 173364 0
gene 2 11 13 -130713 0 11 -130713 1
gene 4 12 13 504848 0 12 504848 1
gene 2 1 14 -491955 0 13 -491955 1
gene 2 2 14 151653 0 14 151653 1
gene 4 3 14 46761 0 15 46761 1
gene 4 4 14 21864 0 16 21864 1
gene 4 5 14 327345 0 17 327345 1
gene 3 6 14 -326487 0 18 -326487 0
gene 2 7 14 -196209 0 19 -196209 1
gene 1 8 14 92850 0 20 92850 0
gene 3 9 14 -544026 0 21 -544026 1
gene 1 10 14 516087 0 22 516087 1
gene 1 11 14 -751334 0 23 -751334 1
gene 3 12 14 -123864 0 24 -123864 1
gene 3 1 15 342366 0 25 342366 1
gene 3 2 15 -235353 0 26 -235353 1
gene 3 3 15 165102 0 27 165102 0
gene 3 4 15 12087 0 28 12087 1
gene 3 5 15 337788 0 29 337788 1
gene 1 6 15 -239301 0 30 -239301 1
gene 3 7 15 399713 0 31 399713 1
gene 3 8 15 800000 0 32 800000 1
gene 3 9 15 66408 0 33 66408 1
gene 3 10 15 224259 0 34 224259 1
gene 2 11 15 128172 0 35 128172 1
gene 4 12 15 285093 0 36 285093 1
gene 4 15 15 -217158 1 174 -217158 1
gene 3 8 121 104142 0 329 104142 1
gene 3 121 15 155376 0 330 155376 1
gene 2 5 121 -546508 0 438 -546508 0
gene 2 7 121 -227721 0 483 -227721 0
gene 4 4 235 -215520 0 666 -215520 1
gene 4 235 14 -217702 0 667 -217702 1
gene 1 1 235 177327 0 753 177327 1
gene 3 9 235 215301 0 1108 215301 1
gene 3 10 384 -265077 0 1126 -265077 1
gene 3 384 15 244815 0 1127 244815 1
gene 2 14 14 -120804 1 1197 -120804 1
gene 3 7 420 -213813 0 1239 -213813 0
gene 3 420 15 81465 0 1240 81465 0
gene 3 2 433 41883 0 1284 41883 1
gene 3 433 13 502656 0 1285 502656 1
gene 4 3 461 -503418 0 1352 -503418 1
gene 4 461 14 250149 0 1353 250149 1
gene 4 15 500 353631 1 1453 353631 1
gene 4 500 15 592802 0 1454 592802 1
gene 1 8 516 251676 0 1500 251676 1
gene 1 516 14 97029 0 1501 97029 1
gene 1 384 121 -117630 0 1548 -117630 1
gene 2 8 461 -411756 0 1965 -411756 1
gene 3 3 697 -156132 0 2038 -156132 1
gene 3 697 15 290511 0 2039 290511 1
gene 2 1 500 549674 0 2133 549674 1
gene 1 3 433 -77826 0 2628 -77826 1
gene 1 516 516 -395778 1 2664 -395778 1
gene 3 8 1018 -267528 0 2997 -267528 0
gene 3 1018 121 476166 0 2998 476166 0
gene 3 15 433 -144027 0 3156 -144027 1
gene 1 10 1130 -119001 0 3329 -119001 1
gene 1 1130 14 661320 0 3330 661320 1
gene 3 500 697 233235 0 3371 233235 1
gene 2 3 516 38487 0 3603 38487 0
gene 2 9 1323 -350610 0 3885 -350610 0
gene 2 1323 14 -51654 0 3886 -51654 1
gene 2 121 420 221354 0 3959 221354 1
gene 2 8 1393 210360 0 4093 210360 1
gene 2 1393 13 197880 0 4094 197880 1
gene 1 11 1479 -390270 0 4325 -390270 1
gene 1 1479 14 -66684 0 4326 -66684 1
gene 4 12 1531 -514785 0 4477 -514785 1
gene 4 1531 15 5892 0 4478 5892 1
gene 3 1393 433 -407306 0 4734 -407306 1
gene 2 1323 1683 -800000 0 4950 -800000 1
gene 2 1683 14 22843 0 4951 22843 1
gene 3 6 1735 -447057 0 5103 -447057 1
gene 3 1735 14 146868 0 5104 146868 1
gene 1 5 516 -270462 0 5346 -270462 1
gene 1 516 433 -409719 0 5443 -409719 1
gene 3 2 1875 -63450 0 5505 -63450 1
gene 3 1875 433 -100158 0 5506 -100158 1
gene 1 1683 461 -40707 0 5687 -40707 1
gene 1 516 121 -148872 0 5877 -148872 1
gene 3 3 2034 14883 0 5939 14883 1
gene 3 2034 697 -237963 0 5940 -237963 1
gene 3 5 1479 -172191 0 6157 -172191 1
gene 3 7 2142 745155 0 6248 745155 1
gene 3 2142 420 -551088 0 6249 -551088 1
gene 3 420 2172 -223815 0 6332 -223815 1
gene 3 2172 15 -193497 0 6333 -193497 1
gene 2 1735 1735 471675 1 6388 471675 1
gene 2 8 2206 350883 0 6436 350883 1
gene 2 2206 1393 468339 0 6437 468339 1
gene 2 121 2313 -701021 0 6747 -701021 1
gene 2 2313 420 -71289 0 6748 -71289 1
gene 2 9 2332 -511451 0 6797 -511451 1
gene 2 2332 1323 -486858 0 6798 -486858 1
gene 4 1323 2034 126780 0 6848 126780 1
gene 2 7 2368 -227697 0 6897 -227697 1
gene 2 2368 121 102012 0 6898 102012 1
gene 2 384 1531 25647 0 7018 25647 1
gene 2 2142 1018 -387519 0 7205 -387519 1
gene 3 2206 2034 -237819 0 7245 -237819 1
gene 2 7 2491 20952 0 7283 20952 1
gene 2 2491 2368 -258993 0 7284 -258993 1
gene 2 5 2512 169368 0 7337 169368 1
gene 2 2512 13 -410961 0 7338 -410961 1
gene 2 10 2530 323025 0 7387 323025 1
gene 2 2530 13 144177 0 7388 144177 1
gene 3 9 2547 -130794 0 7440 -130794 1
gene 3 2547 13 123306 0 7441 123306 1
gene 2 2530 1479 69435 0 7594 69435 1
gene 1 1479 2692 7443 0 7856 7443 0
gene 1 2692 14 -42357 0 7857 -42357 1
gene 3 4 1130 134394 0 7980 134394 1
gene 4 3 2786 -116706 0 8132 -116706 1
gene 4 2786 14 -142431 0 8133 -142431 1
gene 3 384 384 -245289 1 8429 -245289 1
gene 2 3 2915 55506 0 8516 55506 1
gene 2 2915 516 405183 0 8517 405183 1
gene 4 433 433 -334569 1 8562 -334569 1
gene 2 2547 1479 218841 0 8709 218841 0
gene 3 2206 1683 -338214 0 8777 -338214 1
gene 2 5 3042 -218835 0 8890 -218835 1
gene 2 3042 121 46776 0 8891 46776 1
gene 1 1479 3079 -145185 0 9004 -145185 1
gene 1 3079 2692 157221 0 9005 157221 1
gene 4 516 2547 -504318 0 9030 -504318 1
gene 3 1875 2915 300981 0 9219 300981 1
gene 2 2 420 -438681 0 9364 -438681 1
gene 2 1735 1531 32259 0 9549 32259 1
gene 4 9 697 -37917 0 9875 -37917 1
gene 4 12 2786 -31323 0 9948 -31323 1
gene 2 2547 3409 -49551 0 10007 -49551 1
gene 2 3409 1479 257184 0 10008 257184 1
gene 2 8 500 119592 0 10064 119592 1
gene 2 3 3527 61149 0 10362 61149 1
gene 2 3527 13 21963 0 10363 21963 1
gene 3 500 500 -396789 1 10410 -396789 1
gene 3 8 3620 1 0 10640 0 1
gene 3 3620 1018 -267528 0 10641 0 1
genomeend 56


/* Organism #57 Fitness: 220.000000 Time: 0 */
/* Position #57*/
#1 x: 51 y: 26
#2 x: 20 y: 24
#3 x: 45 y: 39
#4 x: 69 y: 78
#5 x: 17 y: 81
#6 x: 25 y: 61
genomestart 57
trait 1 43007.000000 16300.000000 6994.000000 28041.000000 57524.000000 37112.000000 87908.000000 80535.000000 trait 2 0.000000 43855.000000 0.000000 95786.000000 51940.000000 72099.000000 50358.000000 23911.000000 trait 3 0.000000 0.000000 0.000000 51304.000000 0.000000 13538.000000 70969.000000 30146.000000 trait 4 4.000000 0.000000 0.000000 36940.000000 0.000000 0.000000 43316.000000 37957.000000 node 1 4 1 3
node 2 4 1 1
node 3 1 1 1
node 4 1 1 1
node 5 1 1 1
node 6 2 1 1
node 7 4 1 1
node 8 4 1 1
node 9 2 1 1
node 10 1 1 1
node 11 2 1 1
node 12 4 1 1
node 13 3 0 2
node 14 1 0 2
node 15 3 0 2
node 121 1 0 0
node 235 1 0 0
node 384 1 0 0
node 420 1 0 0
node 433 1 0 0
node 461 1 0 0
node 500 1 0 0
node 516 1 0 0
node 697 3 0 0
node 1018 1 0 0
node 1130 1 0 0
node 1323 3 0 0
node 1393 1 0 0
node 1479 1 0 0
node 1531 4 0 0
node 1683 1 0 0
node 1735 1 0 0
node 1875 1 0 0
node 2034 1 0 0
node 2142 1 0 0
node 2172 1 0 0
node 2206 1 0 0
node 2313 1 0 0
node 2332 1 0 0
node 2368 3 0 0
node 2491 1 0 0
node 2512 1 0 0
node 2530 1 0 0
node 2547 1 0 0
node 2692 1 0 0
node 2786 1 0 0
node 2915 1 0 0
node 3042 1 0 0
node 3079 1 0 0
node 3409 3 0 0
node 3527 1 0 0
gene 2 1 13 -800000 0 1 -800000 1
gene 3 2 13 1071 0 2 1071 1
gene 2 3 13 82128 0 3 82128 0
gene 3 4 13 186894 0 4 186894 1
gene 2 5 13 -75528 0 5 -75528 0
gene 4 6 13 -436770 0 6 -436770 1
gene 3 7 13 327237 0 7 327237 1
gene 2 8 13 784182 0 8 784182 0
gene 3 9 13 -606524 0 9 -606524 1
gene 2 10 13 173364 0 10 173364 0
gene 2 11 13 -130713 0 11 -130713 1
gene 4 12 13 504848 0 12 504848 1
gene 2 1 14 -491955 0 13 -491955 1
gene 2 2 14 151653 0 14 151653 1
gene 4 3 14 46761 0 15 46761 1
gene 4 4 14 21864 0 16 21864 1
gene 4 5 14 327345 0 17 327345 1
gene 3 6 14 -326487 0 18 -326487 0
gene 2 7 14 -196209 0 19 -196209 1
gene 1 8 14 92850 0 20 92850 0
gene 3 9 14 -544026 0 21 -544026 1
gene 1 10 14 516087 0 22 516087 1
gene 1 11 14 -751334 0 23 -751334 1
gene 3 12 14 -123864 0 24 -123864 1
gene 3 1 15 342366 0 25 342366 1
gene 3 2 15 -235353 0 26 -235353 1
gene 3 3 15 165102 0 27 165102 0
gene 3 4 15 12087 0 28 12087 1
gene 3 5 15 337788 0 29 337788 1
gene 1 6 15 -239301 0 30 -239301 1
gene 3 7 15 399713 0 31 399713 1
gene 3 8 15 800000 0 32 800000 1
gene 3 9 15 66408 0 33 66408 1
gene 3 10 15 224259 0 34 224259 1
gene 2 11 15 128172 0 35 128172 1
gene 4 12 15 285093 0 36 285093 1
gene 4 15 15 -217158 1 174 -217158 1
gene 3 8 121 104142 0 329 104142 1
gene 3 121 15 155376 0 330 155376 1
gene 2 5 121 -546508 0 438 -546508 0
gene 2 7 121 -227721 0 483 -227721 0
gene 4 4 235 -215520 0 666 -215520 1
gene 4 235 14 -217702 0 667 -217702 1
gene 1 1 235 177327 0 753 177327 1
gene 3 9 235 215301 0 1108 215301 1
gene 3 10 384 -265077 0 1126 -265077 1
gene 3 384 15 244815 0 1127 244815 1
gene 2 14 14 -120804 1 1197 -120804 1
gene 3 7 420 -213813 0 1239 -213813 0
gene 3 420 15 81465 0 1240 81465 0
gene 3 2 433 41883 0 1284 41883 1
gene 3 433 13 502656 0 1285 502656 1
gene 4 3 461 -503418 0 1352 -503418 1
gene 4 461 14 250149 0 1353 250149 1
gene 4 15 500 353631 1 1453 353631 1
gene 4 500 15 592802 0 1454 592802 1
gene 1 8 516 251676 0 1500 251676 1
gene 1 516 14 97029 0 1501 97029 1
gene 1 384 121 -117630 0 1548 -117630 1
gene 2 8 461 -411756 0 1965 -411756 1
gene 3 3 697 -156132 0 2038 -156132 1
gene 3 697 15 290511 0 2039 290511 1
gene 2 1 500 549674 0 2133 549674 1
gene 1 3 433 -77826 0 2628 -77826 1
gene 1 516 516 -395778 1 2664 -395778 1
gene 3 8 1018 -267528 0 2997 -267528 1
gene 3 1018 121 476166 0 2998 476166 0
gene 3 15 433 -144027 0 3156 -144027 1
gene 1 10 1130 -119001 0 3329 -119001 1
gene 1 1130 14 661320 0 3330 661320 1
gene 3 500 697 233235 0 3371 233235 1
gene 2 3 516 38487 0 3603 38487 0
gene 2 9 1323 -350610 0 3885 -350610 0
gene 2 1323 14 -51654 0 3886 -51654 1
gene 2 121 420 221354 0 3959 221354 1
gene 2 8 1393 210360 0 4093 210360 1
gene 2 1393 13 197880 0 4094 197880 1
gene 1 11 1479 -390270 0 4325 -390270 1
gene 1 1479 14 -66684 0 4326 -66684 1
gene 4 12 1531 -514785 0 4477 -514785 1
gene 4 1531 15 5892 0 4478 5892 1
gene 3 1393 433 -407306 0 4734 -407306 1
gene 2 1323 1683 -800000 0 4950 -800000 1
gene 2 1683 14 22843 0 4951 22843 1
gene 3 6 1735 -447057 0 5103 -447057 1
gene 3 1735 14 146868 0 5104 146868 1
gene 1 5 516 -270462 0 5346 -270462 1
gene 1 516 433 -409719 0 5443 -409719 1
gene 3 2 1875 -63450 0 5505 -63450 1
gene 3 1875 433 -100158 0 5506 -100158 1
gene 1 1683 461 -40707 0 5687 -40707 1
gene 1 516 121 -148872 0 5877 -148872 1
gene 3 3 2034 14883 0 5939 14883 1
gene 3 2034 697 -237963 0 5940 -237963 1
gene 3 5 1479 -172191 0 6157 -172191 1
gene 3 7 2142 745155 0 6248 745155 1
gene 3 2142 420 -551088 0 6249 -551088 1
gene 3 420 2172 -223815 0 6332 -223815 1
gene 3 2172 15 -193497 0 6333 -193497 1
gene 2 1735 1735 471675 1 6388 471675 1
gene 2 8 2206 350883 0 6436 350883 1
gene 2 2206 1393 468339 0 6437 468339 1
gene 2 121 2313 -701021 0 6747 -701021 1
gene 2 2313 420 -71289 0 6748 -71289 1
gene 2 9 2332 -511451 0 6797 -511451 1
gene 2 2332 1323 -486858 0 6798 -486858 1
gene 4 1323 2034 126780 0 6848 126780 1
gene 2 7 2368 -227697 0 6897 -227697 1
gene 2 2368 121 102012 0 6898 102012 1
gene 2 384 1531 25647 0 7018 25647 1
gene 2 2142 1018 -387519 0 7205 -387519 1
gene 3 2206 2034 -237819 0 7245 -237819 1
gene 2 7 2491 20952 0 7283 20952 1
gene 2 2491 2368 -258993 0 7284 -258993 1
gene 2 5 2512 169368 0 7337 169368 1
gene 2 2512 13 -410961 0 7338 -410961 1
gene 2 10 2530 323025 0 7387 323025 1
gene 2 2530 13 144177 0 7388 144177 1
gene 3 9 2547 -130794 0 7440 -130794 1
gene 3 2547 13 123306 0 7441 123306 1
gene 2 2530 1479 69435 0 7594 69435 1
gene 1 1479 2692 7443 0 7856 7443 0
gene 1 2692 14 -42357 0 7857 -42357 1
gene 3 4 1130 134394 0 7980 134394 1
gene 4 3 2786 -116706 0 8132 -116706 1
gene 4 2786 14 -142431 0 8133 -142431 1
gene 3 384 384 -245289 1 8429 -245289 1
gene 2 3 2915 55506 0 8516 55506 1
gene 2 2915 516 405183 0 8517 405183 1
gene 4 433 433 -334569 1 8562 -334569 1
gene 2 2547 1479 218841 0 8709 218841 0
gene 3 2206 1683 -338214 0 8777 -338214 1
gene 2 5 3042 -218835 0 8890 -218835 1
gene 2 3042 121 46776 0 8891 46776 1
gene 1 1479 3079 -145185 0 9004 -145185 1
gene 1 3079 2692 157221 0 9005 157221 1
gene 4 516 2547 -504318 0 9030 -504318 1
gene 3 1875 2915 300981 0 9219 300981 1
gene 2 2 420 -438681 0 9364 -438681 1
gene 2 1735 1531 32259 0 9549 32259 1
gene 4 9 697 -37917 0 9875 -37917 1
gene 4 12 2786 -31323 0 9948 -31323 1
gene 2 2547 3409 -49551 0 10007 -49551 1
gene 2 3409 1479 257184 0 10008 257184 1
gene 2 8 500 119592 0 10064 119592 1
gene 2 3 3527 61149 0 10362 61149 1
gene 2 3527 13 21963 0 10363 21963 1
gene 3 500 500 -396789 1 10410 -396789 1
genomeend 57


/* Organism #60 Fitness: 210.000000 Time: 0 */
/* Position #60*/
#1 x: 32 y: 32
#2 x: 23 y: 22
#3 x: 65 y: 36
#4 x: 36 y: 64
#5 x: 21 y: 66
#6 x: 81 y: 71
genomestart 60
trait 1 71503.000000 52572.000000 0.000000 48265.000000 0.000000 0.000000 100000.000000 393.000000 trait 2 2.000000 61840.000000 0.000000 0.000000 0.000000 0.000000 0.000000 0.000000 trait 3 0.000000 0.000000 0.000000 51304.000000 0.000000 13538.000000 70969.000000 30146.000000 trait 4 88267.000000 0.000000 0.000000 73381.000000 0.000000 28166.000000 100000.000000 100000.000000 node 1 4 1 3
node 2 4 1 1
node 3 1 1 1
node 4 1 1 1
node 5 1 1 1
node 6 2 1 1
node 7 4 1 1
node 8 4 1 1
node 9 2 1 1
node 10 1 1 1
node 11 2 1 1
node 12 4 1 1
node 13 2 0 2
node 14 1 0 2
node 15 3 0 2
node 121 1 0 0
node 235 1 0 0
node 384 1 0 0
node 420 1 0 0
node 433 1 0 0
node 461 1 0 0
node 500 1 0 0
node 516 1 0 0
node 697 1 0 0
node 1018 1 0 0
node 1130 1 0 0
node 1323 3 0 0
node 1393 1 0 0
node 1479 1 0 0
node 1531 4 0 0
node 1683 1 0 0
node 1735 1 0 0
node 1875 1 0 0
node 1975 1 0 0
node 2022 1 0 0
node 2179 1 0 0
node 2295 1 0 0
node 2730 1 0 0
node 2767 1 0 0
node 2826 1 0 0
node 2977 1 0 0
node 3105 1 0 0
node 3118 1 0 0
node 3472 1 0 0
node 3578 1 0 0
node 3595 1 0 0
gene 2 1 13 -157080 0 1 -157080 1
gene 3 2 13 -180723 0 2 -180723 1
gene 2 3 13 276240 0 3 276240 1
gene 3 4 13 88998 0 4 88998 1
gene 2 5 13 -164130 0 5 -164130 1
gene 4 6 13 -712013 0 6 -712013 0
gene 3 7 13 -625977 0 7 -625977 1
gene 2 8 13 -64122 0 8 -64122 0
gene 3 9 13 -202029 0 9 -202029 1
gene 2 10 13 -216489 0 10 -216489 1
gene 2 11 13 16407 0 11 16407 1
gene 4 12 13 -152973 0 12 -152973 1
gene 2 1 14 196932 0 13 196932 1
gene 2 2 14 -419457 0 14 -419457 1
gene 4 3 14 -159549 0 15 -159549 1
gene 4 4 14 85128 0 16 85128 0
gene 4 5 14 763101 0 17 763101 1
gene 3 6 14 -283005 0 18 -283005 0
gene 2 7 14 116271 0 19 116271 1
gene 1 8 14 -54531 0 20 -54531 0
gene 3 9 14 388275 0 21 388275 1
gene 1 10 14 448869 0 22 448869 1
gene 1 11 14 119763 0 23 119763 1
gene 4 12 14 205815 0 24 205815 0
gene 3 1 15 -43677 0 25 -43677 1
gene 3 2 15 -193869 0 26 -193869 1
gene 3 3 15 -376362 0 27 -376362 0
gene 3 4 15 710948 0 28 710948 1
gene 4 5 15 100035 0 29 100035 1
gene 1 6 15 -141800 0 30 -141800 0
gene 3 7 15 250488 0 31 250488 0
gene 3 8 15 266973 0 32 266973 1
gene 3 9 15 -459177 0 33 -459177 1
gene 3 10 15 237681 0 34 237681 0
gene 2 11 15 -763062 0 35 -763062 1
gene 4 12 15 -135669 0 36 -135669 0
gene 4 15 15 -262892 1 174 -262892 0
gene 3 8 121 -240792 0 329 -240792 0
gene 3 121 15 -1479 0 330 -1479 1
gene 2 5 121 800000 0 438 800000 1
gene 2 7 121 -751754 0 483 -751754 1
gene 4 4 235 405057 0 666 405057 1
gene 4 235 14 -486 0 667 -486 1
gene 1 1 235 -417078 0 753 -417078 1
gene 1 9 235 276288 0 1108 276288 1
gene 3 10 384 -513687 0 1126 -513687 1
gene 3 384 15 -800000 0 1127 -800000 0
gene 2 14 14 -75639 1 1197 -75639 0
gene 3 7 420 -412644 0 1239 -412644 1
gene 3 420 15 467136 0 1240 467136 1
gene 3 2 433 -720593 0 1284 -720593 0
gene 3 433 13 -800000 0 1285 -800000 1
gene 4 3 461 84804 0 1352 84804 1
gene 4 461 14 -293445 0 1353 -293445 1
gene 4 15 500 239415 1 1453 239415 0
gene 4 500 15 128811 0 1454 128811 0
gene 1 8 516 336174 0 1500 336174 1
gene 1 516 14 -638319 0 1501 -638319 1
gene 1 384 121 298680 0 1548 298680 1
gene 2 8 461 202866 0 1965 202866 1
gene 3 3 697 -256548 0 2038 -256548 0
gene 2 697 15 184845 0 2039 184845 1
gene 2 1 500 -684333 0 2133 -684333 1
gene 1 3 433 -487223 0 2628 -487223 1
gene 1 516 516 -139473 1 2664 -139473 1
gene 3 8 1018 -204099 0 2997 -204099 0
gene 3 1018 121 360867 0 2998 360867 0
gene 3 15 433 650079 0 3156 650079 1
gene 1 10 1130 800000 0 3329 800000 1
gene 1 1130 14 474612 0 3330 474612 0
gene 3 500 697 -307119 0 3371 -307119 0
gene 2 3 516 296985 0 3603 296985 1
gene 2 9 1323 145515 0 3885 145515 1
gene 2 1323 14 -800000 0 3886 -800000 0
gene 2 121 420 119544 0 3959 119544 1
gene 2 8 1393 -158268 0 4093 -158268 1
gene 2 1393 13 648399 0 4094 648399 1
gene 1 11 1479 -240243 0 4325 -240243 1
gene 1 1479 14 -457302 0 4326 -457302 1
gene 4 12 1531 -201261 0 4477 -201261 1
gene 4 1531 15 -78870 0 4478 -78870 0
gene 3 1393 433 -686504 0 4734 -686504 1
gene 2 1323 1683 -686214 0 4950 -686214 1
gene 2 1683 14 -321927 0 4951 -321927 1
gene 3 6 1735 143196 0 5103 143196 1
gene 3 1735 14 -33981 0 5104 -33981 0
gene 1 5 516 107913 0 5346 107913 1
gene 1 516 433 -249432 0 5443 -249432 1
gene 3 2 1875 285255 0 5505 285255 1
gene 3 1875 433 144417 0 5506 144417 1
gene 1 1683 461 324606 0 5687 324606 1
gene 1 6 1975 3768 0 5780 3768 1
gene 1 1975 15 -433529 0 5781 -433529 1
gene 4 1531 2022 264162 0 5905 264162 1
gene 4 2022 15 -420630 0 5906 -420630 1
gene 3 121 1875 -258690 0 5987 -258690 1
gene 1 1683 1393 156123 0 6232 156123 1
gene 4 500 2179 -113196 0 6351 -113196 1
gene 4 2179 15 -72762 0 6352 -72762 1
gene 3 12 2179 576753 0 6539 576753 1
gene 1 1975 1975 -192921 1 6578 -192921 1
gene 2 14 2295 -39501 1 6699 -39501 1
gene 2 2295 14 331515 0 6700 331515 1
gene 4 4 433 -276543 0 7064 -276543 1
gene 3 12 235 -240594 0 7098 -240594 1
gene 1 384 384 -240357 1 7242 -240357 1
gene 2 500 500 -728292 1 7740 -728292 1
gene 3 8 2730 191112 0 7969 191112 0
gene 3 2730 1018 -23172 0 7970 -23172 1
gene 2 2730 516 331902 0 8040 331902 1
gene 4 6 2767 -10230 0 8075 -10230 0
gene 4 2767 13 5649 0 8076 5649 1
gene 3 13 15 274083 1 8122 274083 1
gene 4 12 2826 286641 0 8243 286641 1
gene 4 2826 14 -215034 0 8244 -215034 1
gene 3 384 1975 287916 0 8469 287916 1
gene 3 3 2977 401895 0 8686 401895 1
gene 3 2977 697 -426150 0 8687 -426150 1
gene 1 1130 3105 207741 0 9092 207741 1
gene 1 3105 14 230985 0 9093 230985 1
gene 4 15 3118 -63207 1 9132 -63207 1
gene 4 3118 500 800000 0 9133 800000 1
gene 4 3118 2295 333429 0 9282 333429 1
gene 3 10 121 -467895 0 9403 -467895 1
gene 4 500 2767 -650781 0 9643 -650781 1
gene 2 1393 1479 -185968 0 10119 -185968 1
gene 3 8 3472 104541 0 10190 104541 1
gene 3 3472 2730 -66492 0 10191 -66492 1
gene 3 2179 1875 -256549 0 10354 -256549 1
gene 4 6 3578 263491 0 10514 263491 1
gene 4 3578 2767 209886 0 10515 209886 1
gene 3 500 3595 289222 0 10559 289222 1
gene 3 3595 697 -199743 0 10560 -199743 1
genomeend 60


/* Organism #70 Fitness: 270.000000 Time: 0 */
/* Position #70*/
#1 x: 69 y: 26
#2 x: 72 y: 35
#3 x: 53 y: 31
#4 x: 51 y: 66
#5 x: 41 y: 76
#6 x: 22 y: 65
genomestart 70
trait 1 78708.000000 16300.000000 6994.000000 28041.000000 57524.000000 37112.000000 87908.000000 100000.000000 trait 2 30533.000000 24215.000000 70868.000000 0.000000 0.000000 0.000000 0.000000 18399.000000 trait 3 0.000000 0.000000 44883.000000 65858.000000 41337.000000 0.000000 100000.000000 41343.000000 trait 4 4.000000 0.000000 0.000000 36940.000000 0.000000 0.000000 0.000000 37957.000000 node 1 4 1 3
node 2 4 1 1
node 3 1 1 1
node 4 1 1 1
node 5 1 1 1
node 6 2 1 1
node 7 4 1 1
node 8 4 1 1
node 9 2 1 1
node 10 1 1 1
node 11 2 1 1
node 12 4 1 1
node 13 2 0 2
node 14 1 0 2
node 15 3 0 2
node 121 1 0 0
node 235 1 0 0
node 384 2 0 0
node 420 1 0 0
node 433 1 0 0
node 461 1 0 0
node 500 1 0 0
node 516 1 0 0
node 697 3 0 0
node 1018 1 0 0
node 1130 1 0 0
node 1323 3 0 0
node 1393 1 0 0
node 1479 1 0 0
node 1531 3 0 0
node 1683 1 0 0
node 1735 1 0 0
node 1875 1 0 0
node 2034 1 0 0
node 2142 1 0 0
node 2172 1 0 0
node 2206 1 0 0
node 2313 1 0 0
node 2332 1 0 0
node 2368 1 0 0
node 2491 1 0 0
node 2512 1 0 0
node 2530 1 0 0
node 2547 1 0 0
node 2692 1 0 0
node 2786 1 0 0
node 2912 1 0 0
node 3009 1 0 0
node 3108 1 0 0
node 3213 1 0 0
node 3249 1 0 0
node 3336 1 0 0
node 3356 1 0 0
node 3443 1 0 0
node 3469 1 0 0
node 3532 1 0 0
gene 2 1 13 130428 0 1 130428 1
gene 3 2 13 126816 0 2 126816 1
gene 2 3 13 -141636 0 3 -141636 1
gene 3 4 13 348864 0 4 348864 1
gene 2 5 13 -85206 0 5 -85206 1
gene 4 6 13 -159418 0 6 -159418 1
gene 3 7 13 -197773 0 7 -197773 1
gene 2 8 13 336249 0 8 336249 0
gene 3 9 13 -109980 0 9 -109980 1
gene 2 10 13 -417366 0 10 -417366 1
gene 2 11 13 197920 0 11 197920 1
gene 4 12 13 -32913 0 12 -32913 1
gene 2 1 14 -235135 0 13 -235135 1
gene 2 2 14 239269 0 14 239269 1
gene 4 3 14 21942 0 15 21942 1
gene 4 4 14 214656 0 16 214656 1
gene 4 5 14 -449944 0 17 -449944 1
gene 3 6 14 117213 0 18 117213 0
gene 2 7 14 -405994 0 19 -405994 1
gene 1 8 14 -42489 0 20 -42489 0
gene 3 9 14 31977 0 21 31977 1
gene 1 10 14 200214 0 22 200214 1
gene 1 11 14 -156492 0 23 -156492 1
gene 4 12 14 -211800 0 24 -211800 1
gene 3 1 15 360945 0 25 360945 1
gene 3 2 15 124542 0 26 124542 1
gene 3 3 15 137508 0 27 137508 1
gene 3 4 15 -283515 0 28 -283515 1
gene 3 5 15 465669 0 29 465669 1
gene 1 6 15 137934 0 30 137934 1
gene 3 7 15 789562 0 31 789562 1
gene 3 8 15 -58852 0 32 -58852 1
gene 3 9 15 -301803 0 33 -301803 1
gene 3 10 15 -56971 0 34 -56971 0
gene 2 11 15 -357612 0 35 -357612 1
gene 4 12 15 -110824 0 36 -110824 0
gene 4 15 15 104238 1 174 104238 1
gene 3 8 121 -40561 0 329 -40561 1
gene 3 121 15 -227488 0 330 -227488 1
gene 2 5 121 100359 0 438 100359 1
gene 2 7 121 -137986 0 483 -137986 0
gene 4 4 235 790362 0 666 790362 1
gene 4 235 14 86325 0 667 86325 1
gene 1 1 235 -43165 0 753 -43165 1
gene 3 9 235 165558 0 1108 165558 1
gene 3 10 384 510742 0 1126 510742 1
gene 3 384 15 449465 0 1127 449465 1
gene 2 14 14 648671 1 1197 648671 1
gene 3 7 420 142642 0 1239 142642 0
gene 3 420 15 142845 0 1240 142845 0
gene 3 2 433 -102013 0 1284 -102013 1
gene 3 433 13 169098 0 1285 169098 1
gene 4 3 461 -739482 0 1352 -739482 1
gene 4 461 14 199191 0 1353 199191 1
gene 4 15 500 -588735 1 1453 -588735 1
gene 4 500 15 -128851 0 1454 -128851 1
gene 1 8 516 412488 0 1500 412488 1
gene 1 516 14 -67231 0 1501 -67231 0
gene 1 384 121 333756 0 1548 333756 1
gene 2 8 461 150181 0 1965 150181 1
gene 3 3 697 36075 0 2038 36075 1
gene 3 697 15 635067 0 2039 635067 0
gene 2 1 500 -143338 0 2133 -143338 1
gene 1 3 433 -237274 0 2628 -237274 1
gene 1 516 516 110590 1 2664 110590 1
gene 3 8 1018 800000 0 2997 800000 1
gene 3 1018 121 22632 0 2998 22632 0
gene 3 15 433 282643 0 3156 282643 1
gene 2 10 1130 86004 0 3329 86004 1
gene 1 1130 14 -47481 0 3330 -47481 1
gene 3 500 697 3417 0 3371 3417 1
gene 2 3 516 677140 0 3603 677140 1
gene 2 9 1323 64767 0 3885 64767 0
gene 2 1323 14 63967 0 3886 63967 1
gene 2 121 420 -207354 0 3959 -207354 1
gene 2 8 1393 -148186 0 4093 -148186 1
gene 2 1393 13 133114 0 4094 133114 1
gene 1 11 1479 -194800 0 4325 -194800 1
gene 1 1479 14 -474166 0 4326 -474166 1
gene 4 12 1531 163347 0 4477 163347 1
gene 4 1531 15 -108333 0 4478 -108333 1
gene 3 1393 433 -800000 0 4734 -800000 1
gene 2 1323 1683 504333 0 4950 504333 1
gene 2 1683 14 100529 0 4951 100529 1
gene 3 6 1735 -504691 0 5103 -504691 1
gene 3 1735 14 800000 0 5104 800000 1
gene 1 5 516 292203 0 5346 292203 1
gene 1 516 433 174600 0 5443 174600 1
gene 3 2 1875 748281 0 5505 748281 1
gene 3 1875 433 -326548 0 5506 -326548 1
gene 1 1683 461 -342538 0 5687 -342538 1
gene 1 516 121 215005 0 5877 215005 1
gene 3 3 2034 -194691 0 5939 -194691 1
gene 3 2034 697 -256191 0 5940 -256191 1
gene 3 5 1479 -26685 0 6157 -26685 1
gene 3 7 2142 -409118 0 6248 -409118 1
gene 3 2142 420 385879 0 6249 385879 1
gene 3 420 2172 -610986 0 6332 -610986 1
gene 3 2172 15 150778 0 6333 150778 1
gene 2 1735 1735 -692109 1 6388 -692109 1
gene 2 8 2206 -202095 0 6436 -202095 1
gene 1 2206 1393 52363 0 6437 52363 1
gene 2 121 2313 -34987 0 6747 -34987 1
gene 2 2313 420 104778 0 6748 104778 1
gene 2 9 2332 -644818 0 6797 -644818 0
gene 2 2332 1323 705605 0 6798 705605 1
gene 4 1323 2034 -800000 0 6848 -800000 1
gene 2 7 2368 130614 0 6897 130614 1
gene 2 2368 121 130306 0 6898 130306 1
gene 2 384 1531 199482 0 7018 199482 1
gene 2 2142 1018 350646 0 7205 350646 1
gene 3 2206 2034 -337815 0 7245 -337815 1
gene 2 7 2491 -123885 0 7283 -123885 1
gene 2 2491 2368 504418 0 7284 504418 1
gene 2 5 2512 -105370 0 7337 -105370 1
gene 2 2512 13 -288273 0 7338 -288273 1
gene 2 10 2530 151060 0 7387 151060 1
gene 2 2530 13 -49176 0 7388 -49176 1
gene 3 9 2547 755450 0 7440 755450 1
gene 3 2547 13 -38151 0 7441 -38151 1
gene 2 2530 1479 -269313 0 7594 -269313 1
gene 1 1479 2692 -291813 0 7856 -291813 1
gene 1 2692 14 -118296 0 7857 -118296 1
gene 3 4 1130 -196710 0 7980 -196710 1
gene 4 3 2786 187459 0 8132 187459 1
gene 4 2786 14 -229833 0 8133 -229833 1
gene 4 2547 1735 -77394 0 8311 -77394 1
gene 3 2692 461 -339654 0 8358 -339654 1
gene 4 500 2912 -115369 0 8507 -115369 1
gene 1 2912 15 3025 0 8508 3025 1
gene 1 2912 1130 -368485 0 8750 -368485 1
gene 2 2142 3009 -107235 0 8799 -107235 1
gene 2 3009 1018 -410331 0 8800 -410331 1
gene 3 2034 2034 -124351 1 8851 -124351 1
gene 2 2512 3108 -345813 0 9104 -345813 1
gene 2 3108 13 -150537 0 9105 -150537 1
gene 1 2491 235 -319646 0 9236 -319646 1
gene 2 9 3213 -388846 0 9416 -388846 1
gene 2 3213 2332 -389811 0 9417 -389811 1
gene 1 516 3249 -632263 0 9516 -632263 1
gene 1 3249 14 -494809 0 9517 -494809 1
gene 2 1393 3336 -506338 0 9780 -506338 1
gene 2 3336 13 -339846 0 9781 -339846 1
gene 2 2530 3356 -51588 0 9835 -51588 1
gene 2 3356 1479 340197 0 9836 340197 1
gene 3 2034 3443 136806 1 10105 136806 1
gene 3 3443 2034 299493 0 10106 299493 1
gene 3 697 3469 85948 0 10184 85948 1
gene 3 3469 15 733101 0 10185 733101 1
gene 3 3009 3009 -14938 1 10235 -14938 1
gene 2 3009 3532 -182267 0 10378 -182267 1
gene 2 3532 1018 75037 0 10379 75037 1
gene 3 2332 420 47312 0 10622 47312 1
genomeend 70


/* Organism #78 Fitness: 220.000000 Time: 0 */
/* Position #78*/
#1 x: 35 y: 29
#2 x: 69 y: 25
#3 x: 31 y: 18
#4 x: 22 y: 66
#5 x: 39 y: 73
#6 x: 45 y: 66
genomestart 78
trait 1 78708.000000 16300.000000 6994.000000 28041.000000 57524.000000 37112.000000 87908.000000 100000.000000 trait 2 30533.000000 24215.000000 70868.000000 0.000000 0.000000 0.000000 0.000000 18399.000000 trait 3 0.000000 0.000000 44883.000000 65858.000000 41337.000000 0.000000 100000.000000 41343.000000 trait 4 4.000000 64968.000000 93005.000000 0.000000 0.000000 8807.000000 0.000000 0.000000 node 1 4 1 3
node 2 4 1 1
node 3 1 1 1
node 4 1 1 1
node 5 1 1 1
node 6 2 1 1
node 7 4 1 1
node 8 4 1 1
node 9 2 1 1
node 10 1 1 1
node 11 2 1 1
node 12 4 1 1
node 13 2 0 2
node 14 1 0 2
node 15 3 0 2
node 121 1 0 0
node 235 1 0 0
node 384 2 0 0
node 420 1 0 0
node 433 1 0 0
node 461 1 0 0
node 500 1 0 0
node 516 1 0 0
node 697 3 0 0
node 1018 1 0 0
node 1130 1 0 0
node 1323 3 0 0
node 1393 1 0 0
node 1479 1 0 0
node 1531 3 0 0
node 1683 1 0 0
node 1735 1 0 0
node 1875 1 0 0
node 2034 1 0 0
node 2142 1 0 0
node 2172 1 0 0
node 2206 1 0 0
node 2313 1 0 0
node 2332 1 0 0
node 2368 1 0 0
node 2491 1 0 0
node 2512 1 0 0
node 2530 1 0 0
node 2547 1 0 0
node 2692 1 0 0
node 2786 1 0 0
node 2912 1 0 0
node 3009 1 0 0
node 3108 1 0 0
node 3213 1 0 0
node 3249 1 0 0
node 3336 1 0 0
node 3356 3 0 0
node 3443 1 0 0
node 3469 1 0 0
node 3532 1 0 0
gene 2 1 13 254994 0 1 254994 1
gene 3 2 13 239844 0 2 239844 1
gene 2 3 13 245775 0 3 245775 1
gene 3 4 13 433431 0 4 433431 1
gene 2 5 13 26070 0 5 26070 0
gene 4 6 13 344481 0 6 344481 1
gene 3 7 13 -34677 0 7 -34677 1
gene 2 8 13 64200 0 8 64200 0
gene 3 9 13 -354834 0 9 -354834 1
gene 2 10 13 -410460 0 10 -410460 1
gene 2 11 13 331110 0 11 331110 1
gene 4 12 13 196923 0 12 196923 1
gene 2 1 14 -457104 0 13 -457104 1
gene 2 2 14 38697 0 14 38697 1
gene 4 3 14 -46959 0 15 -46959 0
gene 4 4 14 19476 0 16 19476 1
gene 4 5 14 -103785 0 17 -103785 1
gene 3 6 14 102258 0 18 102258 0
gene 2 7 14 245571 0 19 245571 1
gene 1 8 14 -218178 0 20 -218178 0
gene 3 9 14 302916 0 21 302916 1
gene 1 10 14 -123141 0 22 -123141 1
gene 1 11 14 65816 0 23 65816 1
gene 4 12 14 -392487 0 24 -392487 1
gene 3 1 15 -52359 0 25 -52359 1
gene 3 2 15 -535389 0 26 -535389 1
gene 3 3 15 711041 0 27 711041 1
gene 3 4 15 254586 0 28 254586 1
gene 3 5 15 174915 0 29 174915 1
gene 1 6 15 509247 0 30 509247 1
gene 3 7 15 -102051 0 31 -102051 1
gene 3 8 15 240936 0 32 240936 1
gene 3 9 15 -66819 0 33 -66819 1
gene 3 10 15 79128 0 34 79128 0
gene 2 11 15 -125514 0 35 -125514 1
gene 4 12 15 283185 0 36 283185 0
gene 4 15 15 502013 1 174 502013 1
gene 3 8 121 142227 0 329 142227 0
gene 3 121 15 -159030 0 330 -159030 1
gene 2 5 121 -328992 0 438 -328992 1
gene 2 7 121 176064 0 483 176064 0
gene 4 4 235 800000 0 666 800000 1
gene 4 235 14 -3951 0 667 -3951 1
gene 1 1 235 -327390 0 753 -327390 1
gene 3 9 235 -117672 0 1108 -117672 1
gene 3 10 384 -721449 0 1126 -721449 1
gene 3 384 15 377732 0 1127 377732 1
gene 2 14 14 635181 1 1197 635181 1
gene 3 7 420 -240459 0 1239 -240459 0
gene 3 420 15 -164205 0 1240 -164205 0
gene 3 2 433 414303 0 1284 414303 1
gene 3 433 13 -503103 0 1285 -503103 1
gene 4 3 461 -184704 0 1352 -184704 1
gene 4 461 14 538689 0 1353 538689 1
gene 4 15 500 -93468 1 1453 -93468 1
gene 4 500 15 -86709 0 1454 -86709 0
gene 1 8 516 412676 0 1500 412676 1
gene 1 516 14 118053 0 1501 118053 0
gene 1 384 121 78075 0 1548 78075 1
gene 2 8 461 -114597 0 1965 -114597 1
gene 3 3 697 -184164 0 2038 -184164 1
gene 3 697 15 697937 0 2039 697937 0
gene 2 1 500 53175 0 2133 53175 1
gene 1 3 433 -525321 0 2628 -525321 1
gene 1 516 516 308325 1 2664 308325 1
gene 3 8 1018 327836 0 2997 327836 1
gene 3 1018 121 -314151 0 2998 -314151 0
gene 3 15 433 -75588 0 3156 -75588 1
gene 2 10 1130 202470 0 3329 202470 1
gene 1 1130 14 -134349 0 3330 -134349 1
gene 3 500 697 -6159 0 3371 -6159 1
gene 2 3 516 710337 0 3603 710337 1
gene 2 9 1323 51423 0 3885 51423 0
gene 2 1323 14 163899 0 3886 163899 1
gene 2 121 420 -709605 0 3959 -709605 1
gene 2 8 1393 -204330 0 4093 -204330 1
gene 2 1393 13 49128 0 4094 49128 0
gene 1 11 1479 48081 0 4325 48081 1
gene 1 1479 14 -481881 0 4326 -481881 1
gene 4 12 1531 121386 0 4477 121386 1
gene 4 1531 15 195708 0 4478 195708 1
gene 3 1393 433 283548 0 4734 283548 1
gene 2 1323 1683 405242 0 4950 405242 1
gene 2 1683 14 99198 0 4951 99198 1
gene 3 6 1735 -710211 0 5103 -710211 1
gene 3 1735 14 489911 0 5104 489911 1
gene 1 5 516 -350544 0 5346 -350544 1
gene 1 516 433 292782 0 5443 292782 1
gene 3 2 1875 800000 0 5505 800000 1
gene 3 1875 433 -125643 0 5506 -125643 1
gene 1 1683 461 346542 0 5687 346542 1
gene 1 516 121 7278 0 5877 7278 1
gene 3 3 2034 -256890 0 5939 -256890 1
gene 3 2034 697 365463 0 5940 365463 1
gene 3 5 1479 -92541 0 6157 -92541 1
gene 3 7 2142 -216828 0 6248 -216828 1
gene 3 2142 420 94572 0 6249 94572 1
gene 3 420 2172 -7284 0 6332 -7284 1
gene 3 2172 15 -435942 0 6333 -435942 1
gene 2 1735 1735 -83103 1 6388 -83103 1
gene 2 8 2206 -30030 0 6436 -30030 1
gene 1 2206 1393 99654 0 6437 99654 1
gene 2 121 2313 143979 0 6747 143979 1
gene 2 2313 420 -292020 0 6748 -292020 1
gene 2 9 2332 -249702 0 6797 -249702 0
gene 2 2332 1323 252597 0 6798 252597 1
gene 4 1323 2034 -224106 0 6848 -224106 1
gene 2 7 2368 -439934 0 6897 -439934 1
gene 2 2368 121 131958 0 6898 131958 1
gene 2 384 1531 -41211 0 7018 -41211 1
gene 2 2142 1018 158853 0 7205 158853 1
gene 3 2206 2034 -433221 0 7245 -433221 1
gene 2 7 2491 -192072 0 7283 -192072 1
gene 2 2491 2368 -190875 0 7284 -190875 1
gene 2 5 2512 -243741 0 7337 -243741 1
gene 2 2512 13 800000 0 7338 800000 0
gene 2 10 2530 179514 0 7387 179514 1
gene 2 2530 13 -543435 0 7388 -543435 1
gene 3 9 2547 800000 0 7440 800000 1
gene 3 2547 13 23262 0 7441 23262 1
gene 2 2530 1479 -205230 0 7594 -205230 0
gene 1 1479 2692 -29214 0 7856 -29214 1
gene 1 2692 14 281772 0 7857 281772 1
gene 3 4 1130 -236214 0 7980 -236214 1
gene 4 3 2786 284469 0 8132 284469 1
gene 4 2786 14 -211308 0 8133 -211308 1
gene 4 2547 1735 -133128 0 8311 -133128 1
gene 3 2692 461 -58686 0 8358 -58686 1
gene 4 500 2912 69339 0 8507 69339 1
gene 1 2912 15 800000 0 8508 800000 1
gene 1 2912 1130 177249 0 8750 177249 1
gene 2 2142 3009 35484 0 8799 35484 1
gene 2 3009 1018 -175599 0 8800 -175599 0
gene 3 2034 2034 -279039 1 8851 -279039 1
gene 2 2512 3108 -464265 0 9104 -464265 1
gene 2 3108 13 -500508 0 9105 -500508 1
gene 1 2491 235 -212556 0 9236 -212556 1
gene 2 9 3213 -167406 0 9416 -167406 1
gene 2 3213 2332 -66720 0 9417 -66720 1
gene 1 516 3249 -800000 0 9516 -800000 1
gene 1 3249 14 -342957 0 9517 -342957 1
gene 2 1393 3336 164205 0 9780 164205 1
gene 2 3336 13 -252945 0 9781 -252945 1
gene 2 2530 3356 -777702 0 9835 -777702 1
gene 2 3356 1479 154185 0 9836 154185 1
gene 3 2034 3443 126055 1 10105 126055 1
gene 3 3443 2034 115266 0 10106 115266 1
gene 3 697 3469 -426224 0 10184 -426224 1
gene 3 3469 15 776954 0 10185 776954 1
gene 3 3009 3009 -489099 1 10235 -489099 1
gene 2 3009 3532 332017 0 10378 332017 1
gene 2 3532 1018 -66201 0 10379 -66201 1
genomeend 78


