/* Organism #11 Fitness: 270.000000 Time: 0 */
/* Position #11*/
#1 x: 27 y: 33
#2 x: 49 y: 18
#3 x: 47 y: 25
#4 x: 65 y: 73
#5 x: 26 y: 73
#6 x: 71 y: 62
genomestart 11
trait 1 43007.000000 16300.000000 6994.000000 28041.000000 57524.000000 37112.000000 87908.000000 80535.000000 trait 2 49209.000000 59812.000000 19254.000000 89259.000000 0.000000 0.000000 50358.000000 23911.000000 trait 3 0.000000 0.000000 0.000000 51304.000000 0.000000 13538.000000 70969.000000 30146.000000 trait 4 4.000000 0.000000 0.000000 36940.000000 0.000000 0.000000 43316.000000 37957.000000 node 1 4 1 3
node 2 4 1 1
node 3 1 1 1
node 4 1 1 1
node 5 1 1 1
node 6 2 1 1
node 7 4 1 1
node 8 4 1 1
node 9 2 1 1
node 10 1 1 1
node 11 2 1 1
node 12 4 1 1
node 13 2 0 2
node 14 1 0 2
node 15 3 0 2
node 121 1 0 0
node 235 1 0 0
node 384 1 0 0
node 420 1 0 0
node 433 1 0 0
node 461 1 0 0
node 500 1 0 0
node 516 1 0 0
node 697 3 0 0
node 1018 1 0 0
node 1130 1 0 0
node 1323 3 0 0
node 1393 1 0 0
node 1479 1 0 0
node 1531 4 0 0
node 1683 1 0 0
node 1735 2 0 0
node 1875 1 0 0
node 2034 1 0 0
node 2142 1 0 0
node 2172 1 0 0
node 2206 1 0 0
node 2313 1 0 0
node 2332 1 0 0
node 2368 3 0 0
node 2491 1 0 0
node 2512 1 0 0
node 2530 1 0 0
node 2547 1 0 0
node 2692 1 0 0
node 2786 1 0 0
node 2915 1 0 0
node 3042 1 0 0
node 3079 1 0 0
node 3409 1 0 0
node 3527 1 0 0
node 3557 1 0 0
node 3610 1 0 0
node 3642 1 0 0
node 3829 1 0 0
node 3902 1 0 0
node 3931 1 0 0
node 3989 1 0 0
gene 2 1 13 361626 0 1 361626 1
gene 3 2 13 -269736 0 2 -269736 1
gene 2 3 13 375 0 3 375 0
gene 3 4 13 268359 0 4 268359 1
gene 2 5 13 -452535 0 5 -452535 0
gene 4 6 13 -752811 0 6 -752811 1
gene 3 7 13 418029 0 7 418029 1
gene 2 8 13 -548136 0 8 -548136 0
gene 3 9 13 560180 0 9 560180 1
gene 2 10 13 243696 0 10 243696 0
gene 2 11 13 -800000 0 11 -800000 1
gene 4 12 13 310191 0 12 310191 1
gene 2 1 14 491520 0 13 491520 1
gene 2 2 14 -800000 0 14 -800000 1
gene 4 3 14 682344 0 15 682344 1
gene 4 4 14 -345926 0 16 -345926 1
gene 4 5 14 714338 0 17 714338 1
gene 3 6 14 479052 0 18 479052 0
gene 2 7 14 266954 0 19 266954 1
gene 1 8 14 -187845 0 20 -187845 0
gene 3 9 14 -217278 0 21 -217278 1
gene 1 10 14 189 0 22 189 1
gene 1 11 14 194373 0 23 194373 1
gene 3 12 14 -247956 0 24 -247956 1
gene 3 1 15 -304407 0 25 -304407 1
gene 3 2 15 230220 0 26 230220 1
gene 3 3 15 446763 0 27 446763 0
gene 3 4 15 623490 0 28 623490 1
gene 3 5 15 -497784 0 29 -497784 1
gene 1 6 15 -345255 0 30 -345255 1
gene 3 7 15 132489 0 31 132489 1
gene 3 8 15 683094 0 32 683094 1
gene 3 9 15 561684 0 33 561684 1
gene 3 10 15 -314210 0 34 -314210 1
gene 2 11 15 -757937 0 35 -757937 1
gene 4 12 15 -793679 0 36 -793679 1
gene 4 15 15 201177 1 174 201177 1
gene 3 8 121 -376433 0 329 -376433 1
gene 3 121 15 -102762 0 330 -102762 1
gene 2 5 121 -800000 0 438 -800000 0
gene 2 7 121 -577377 0 483 -577377 0
gene 4 4 235 589761 0 666 589761 1
gene 4 235 14 -427479 0 667 -427479 1
gene 1 1 235 -55698 0 753 -55698 1
gene 3 9 235 431460 0 1108 431460 1
gene 3 10 384 -399035 0 1126 -399035 1
gene 3 384 15 279557 0 1127 279557 1
gene 2 14 14 668589 1 1197 668589 1
gene 3 7 420 415395 0 1239 415395 0
gene 3 420 15 800000 0 1240 800000 0
gene 3 2 433 469461 0 1284 469461 1
gene 3 433 13 -403782 0 1285 -403782 1
gene 4 3 461 -150540 0 1352 -150540 1
gene 4 461 14 -549210 0 1353 -549210 1
gene 4 15 500 -187578 1 1453 -187578 1
gene 4 500 15 -336696 0 1454 -336696 1
gene 1 8 516 -800000 0 1500 -800000 1
gene 1 516 14 -755517 0 1501 -755517 1
gene 1 384 121 -507794 0 1548 -507794 0
gene 2 8 461 -2394 0 1965 -2394 1
gene 3 3 697 218673 0 2038 218673 1
gene 3 697 15 -296301 0 2039 -296301 1
gene 2 1 500 800000 0 2133 800000 1
gene 1 3 433 -195201 0 2628 -195201 1
gene 1 516 516 400572 1 2664 400572 1
gene 3 8 1018 -155826 0 2997 -155826 1
gene 3 1018 121 228348 0 2998 228348 0
gene 3 15 433 549236 0 3156 549236 0
gene 1 10 1130 316017 0 3329 316017 1
gene 1 1130 14 800000 0 3330 800000 1
gene 3 500 697 -162660 0 3371 -162660 1
gene 2 3 516 -260151 0 3603 -260151 0
gene 2 9 1323 -285486 0 3885 -285486 0
gene 2 1323 14 -544866 0 3886 -544866 0
gene 2 121 420 -159180 0 3959 -159180 1
gene 2 8 1393 265044 0 4093 265044 1
gene 2 1393 13 -354255 0 4094 -354255 1
gene 1 11 1479 251565 0 4325 251565 0
gene 1 1479 14 -184191 0 4326 -184191 1
gene 4 12 1531 -115032 0 4477 -115032 1
gene 4 1531 15 247479 0 4478 247479 1
gene 3 1393 433 593366 0 4734 593366 1
gene 2 1323 1683 719802 0 4950 719802 1
gene 2 1683 14 87735 0 4951 87735 1
gene 3 6 1735 -223344 0 5103 -223344 1
gene 3 1735 14 184587 0 5104 184587 1
gene 1 5 516 -762062 0 5346 -762062 1
gene 1 516 433 249276 0 5443 249276 1
gene 3 2 1875 330138 0 5505 330138 1
gene 3 1875 433 682728 0 5506 682728 1
gene 1 1683 461 -800000 0 5687 -800000 1
gene 1 516 121 -800000 0 5877 -800000 1
gene 3 3 2034 510489 0 5939 510489 1
gene 3 2034 697 478884 0 5940 478884 1
gene 3 5 1479 -687597 0 6157 -687597 1
gene 3 7 2142 -31047 0 6248 -31047 1
gene 3 2142 420 -693915 0 6249 -693915 1
gene 3 420 2172 -759341 0 6332 -759341 1
gene 3 2172 15 -564800 0 6333 -564800 1
gene 2 1735 1735 -585659 1 6388 -585659 1
gene 2 8 2206 381438 0 6436 381438 1
gene 2 2206 1393 -800000 0 6437 -800000 1
gene 2 121 2313 -800000 0 6747 -800000 1
gene 2 2313 420 -800000 0 6748 -800000 1
gene 2 9 2332 547995 0 6797 547995 1
gene 2 2332 1323 -109380 0 6798 -109380 1
gene 4 1323 2034 -147222 0 6848 -147222 0
gene 2 7 2368 -1017 0 6897 -1017 0
gene 2 2368 121 433599 0 6898 433599 1
gene 2 384 1531 800000 0 7018 800000 0
gene 2 2142 1018 -576018 0 7205 -576018 1
gene 3 2206 2034 -459981 0 7245 -459981 1
gene 2 7 2491 -559865 0 7283 -559865 1
gene 2 2491 2368 -31350 0 7284 -31350 1
gene 2 5 2512 -258786 0 7337 -258786 1
gene 2 2512 13 514428 0 7338 514428 1
gene 2 10 2530 138291 0 7387 138291 1
gene 2 2530 13 -800000 0 7388 -800000 1
gene 3 9 2547 -152553 0 7440 -152553 1
gene 3 2547 13 709407 0 7441 709407 1
gene 2 2530 1479 20145 0 7594 20145 1
gene 1 1479 2692 214014 0 7856 214014 0
gene 1 2692 14 -47190 0 7857 -47190 1
gene 3 4 1130 -555440 0 7980 -555440 1
gene 4 3 2786 -545783 0 8132 -545783 1
gene 4 2786 14 -49992 0 8133 -49992 1
gene 3 384 384 70320 1 8429 70320 1
gene 2 3 2915 476787 0 8516 476787 1
gene 2 2915 516 -74115 0 8517 -74115 1
gene 4 433 433 37128 1 8562 37128 1
gene 2 2547 1479 361830 0 8709 361830 0
gene 3 2206 1683 -216063 0 8777 -216063 1
gene 2 5 3042 -654908 0 8890 -654908 1
gene 2 3042 121 -253995 0 8891 -253995 1
gene 1 1479 3079 282741 0 9004 282741 1
gene 1 3079 2692 -264126 0 9005 -264126 1
gene 4 516 2547 -800000 0 9030 -800000 1
gene 3 1875 2915 423849 0 9219 423849 1
gene 2 2 420 69918 0 9364 69918 1
gene 2 1735 1531 -130824 0 9549 -130824 1
gene 4 9 697 -416964 0 9875 -416964 1
gene 4 12 2786 33252 0 9948 33252 1
gene 2 2547 3409 -215793 0 10007 -215793 1
gene 2 3409 1479 -10752 0 10008 -10752 1
gene 2 8 500 -580527 0 10064 -580527 1
gene 2 3 3527 209031 0 10362 209031 1
gene 2 3527 13 -85611 0 10363 -85611 1
gene 3 500 500 -144234 1 10410 -144234 1
gene 2 384 3557 -221850 0 10455 -221850 1
gene 2 3557 1531 -246900 0 10456 -246900 1
gene 1 2491 1018 -273927 0 10493 -273927 1
gene 2 7 3610 421782 0 10603 421782 1
gene 2 3610 2368 -22305 0 10604 -22305 1
gene 1 2142 2142 -120369 1 10644 -120369 1
gene 3 15 3642 -118956 0 10707 -118956 1
gene 3 3642 433 -181764 0 10708 -181764 1
gene 3 2313 15 266523 0 10762 266523 1
gene 2 2332 1875 405300 0 11004 405300 1
gene 1 11 3829 -26319 0 11269 -26319 1
gene 1 3829 1479 366279 0 11270 366279 1
gene 4 1531 3642 -202722 0 11366 -202722 1
gene 3 420 1683 -203964 0 11446 -203964 1
gene 2 1323 3902 -217509 0 11497 -217509 1
gene 2 3902 14 20844 0 11498 20844 1
gene 1 384 3931 36427 0 11580 36427 1
gene 1 3931 121 -516230 0 11581 -516230 1
gene 4 1323 3989 -143411 0 11758 -143411 1
gene 4 3989 2034 -29502 0 11759 -29502 1
genomeend 11


/* Organism #29 Fitness: 260.000000 Time: 0 */
/* Position #29*/
#1 x: 41 y: 37
#2 x: 80 y: 31
#3 x: 21 y: 20
#4 x: 49 y: 65
#5 x: 41 y: 68
#6 x: 55 y: 78
genomestart 29
trait 1 43007.000000 16300.000000 6994.000000 28041.000000 57524.000000 37112.000000 87908.000000 80535.000000 trait 2 0.000000 0.000000 100000.000000 95786.000000 51940.000000 0.000000 0.000000 62181.000000 trait 3 0.000000 0.000000 0.000000 51304.000000 0.000000 13538.000000 70969.000000 30146.000000 trait 4 4.000000 0.000000 79338.000000 27432.000000 0.000000 0.000000 61142.000000 0.000000 node 1 4 1 3
node 2 4 1 1
node 3 1 1 1
node 4 1 1 1
node 5 1 1 1
node 6 2 1 1
node 7 4 1 1
node 8 4 1 1
node 9 2 1 1
node 10 1 1 1
node 11 2 1 1
node 12 4 1 1
node 13 2 0 2
node 14 1 0 2
node 15 3 0 2
node 121 1 0 0
node 235 1 0 0
node 384 1 0 0
node 420 1 0 0
node 433 1 0 0
node 461 1 0 0
node 500 1 0 0
node 516 1 0 0
node 697 3 0 0
node 1018 1 0 0
node 1130 1 0 0
node 1323 3 0 0
node 1393 1 0 0
node 1479 1 0 0
node 1531 4 0 0
node 1683 1 0 0
node 1735 1 0 0
node 1875 1 0 0
node 2034 1 0 0
node 2142 1 0 0
node 2172 1 0 0
node 2206 1 0 0
node 2313 1 0 0
node 2332 1 0 0
node 2368 3 0 0
node 2491 1 0 0
node 2512 1 0 0
node 2530 1 0 0
node 2547 1 0 0
node 2692 1 0 0
node 2786 1 0 0
node 2915 1 0 0
node 3042 1 0 0
node 3079 1 0 0
node 3409 1 0 0
node 3542 1 0 0
node 3555 1 0 0
node 3590 1 0 0
node 3734 1 0 0
node 3847 1 0 0
node 3943 1 0 0
gene 2 1 13 -186732 0 1 -186732 1
gene 3 2 13 354180 0 2 354180 1
gene 2 3 13 -195249 0 3 -195249 1
gene 3 4 13 446445 0 4 446445 1
gene 2 5 13 -37443 0 5 -37443 0
gene 4 6 13 -800000 0 6 -800000 1
gene 3 7 13 -106455 0 7 -106455 1
gene 2 8 13 519135 0 8 519135 0
gene 3 9 13 -337821 0 9 -337821 1
gene 2 10 13 429969 0 10 429969 0
gene 2 11 13 -222717 0 11 -222717 1
gene 4 12 13 -229029 0 12 -229029 1
gene 2 1 14 239157 0 13 239157 1
gene 2 2 14 -151329 0 14 -151329 1
gene 4 3 14 -155211 0 15 -155211 1
gene 4 4 14 -157989 0 16 -157989 1
gene 4 5 14 -25113 0 17 -25113 1
gene 3 6 14 -575700 0 18 -575700 0
gene 2 7 14 -161802 0 19 -161802 1
gene 1 8 14 -272358 0 20 -272358 0
gene 3 9 14 674598 0 21 674598 1
gene 1 10 14 282618 0 22 282618 1
gene 1 11 14 430587 0 23 430587 1
gene 3 12 14 -249267 0 24 -249267 1
gene 3 1 15 143508 0 25 143508 1
gene 3 2 15 95733 0 26 95733 1
gene 3 3 15 334736 0 27 334736 0
gene 3 4 15 255921 0 28 255921 1
gene 3 5 15 -491091 0 29 -491091 1
gene 1 6 15 26919 0 30 26919 1
gene 3 7 15 -236076 0 31 -236076 1
gene 3 8 15 230748 0 32 230748 1
gene 3 9 15 -9408 0 33 -9408 1
gene 3 10 15 191157 0 34 191157 1
gene 2 11 15 -234516 0 35 -234516 1
gene 4 12 15 199851 0 36 199851 1
gene 4 15 15 -221337 1 174 -221337 1
gene 3 8 121 121149 0 329 121149 1
gene 3 121 15 -266973 0 330 -266973 1
gene 2 5 121 -79902 0 438 -79902 0
gene 2 7 121 33051 0 483 33051 0
gene 4 4 235 616488 0 666 616488 1
gene 4 235 14 -105582 0 667 -105582 1
gene 1 1 235 -609861 0 753 -609861 1
gene 3 9 235 9216 0 1108 9216 1
gene 3 10 384 -115389 0 1126 -115389 1
gene 3 384 15 -44472 0 1127 -44472 1
gene 2 14 14 516792 1 1197 516792 1
gene 3 7 420 34692 0 1239 34692 0
gene 3 420 15 251750 0 1240 251750 0
gene 3 2 433 377433 0 1284 377433 0
gene 3 433 13 -211149 0 1285 -211149 1
gene 4 3 461 534456 0 1352 534456 1
gene 4 461 14 -126174 0 1353 -126174 1
gene 4 15 500 -135636 1 1453 -135636 1
gene 4 500 15 800000 0 1454 800000 1
gene 1 8 516 707841 0 1500 707841 1
gene 1 516 14 144126 0 1501 144126 1
gene 1 384 121 -719415 0 1548 -719415 1
gene 2 8 461 293564 0 1965 293564 1
gene 3 3 697 -80187 0 2038 -80187 1
gene 3 697 15 313518 0 2039 313518 1
gene 2 1 500 -194067 0 2133 -194067 1
gene 1 3 433 -259131 0 2628 -259131 1
gene 1 516 516 -564353 1 2664 -564353 1
gene 3 8 1018 -76569 0 2997 -76569 1
gene 3 1018 121 -155712 0 2998 -155712 0
gene 3 15 433 -60402 0 3156 -60402 1
gene 1 10 1130 353250 0 3329 353250 1
gene 1 1130 14 -13380 0 3330 -13380 1
gene 3 500 697 207897 0 3371 207897 1
gene 2 3 516 -683801 0 3603 -683801 0
gene 2 9 1323 -223278 0 3885 -223278 0
gene 2 1323 14 321749 0 3886 321749 1
gene 2 121 420 -204024 0 3959 -204024 1
gene 2 8 1393 361620 0 4093 361620 1
gene 2 1393 13 -599195 0 4094 -599195 0
gene 1 11 1479 -78903 0 4325 -78903 1
gene 1 1479 14 -467193 0 4326 -467193 1
gene 1 12 1531 -210564 0 4477 -210564 1
gene 4 1531 15 97752 0 4478 97752 1
gene 3 1393 433 150972 0 4734 150972 1
gene 2 1323 1683 248247 0 4950 248247 1
gene 2 1683 14 -57894 0 4951 -57894 1
gene 3 6 1735 255687 0 5103 255687 1
gene 3 1735 14 -571941 0 5104 -571941 1
gene 1 5 516 -262203 0 5346 -262203 1
gene 1 516 433 -330750 0 5443 -330750 1
gene 1 2 1875 -428661 0 5505 -428661 1
gene 3 1875 433 -209568 0 5506 -209568 1
gene 1 1683 461 709256 0 5687 709256 1
gene 1 516 121 -498195 0 5877 -498195 1
gene 3 3 2034 -190206 0 5939 -190206 1
gene 3 2034 697 -306885 0 5940 -306885 1
gene 3 5 1479 294972 0 6157 294972 1
gene 3 7 2142 -355959 0 6248 -355959 1
gene 3 2142 420 491961 0 6249 491961 1
gene 3 420 2172 -191142 0 6332 -191142 1
gene 3 2172 15 -158799 0 6333 -158799 1
gene 2 1735 1735 230328 1 6388 230328 1
gene 2 8 2206 -100866 0 6436 -100866 1
gene 2 2206 1393 220755 0 6437 220755 1
gene 2 121 2313 -194424 0 6747 -194424 1
gene 2 2313 420 317079 0 6748 317079 1
gene 2 9 2332 619023 0 6797 619023 0
gene 2 2332 1323 800000 0 6798 800000 1
gene 4 1323 2034 181290 0 6848 181290 1
gene 2 7 2368 -287757 0 6897 -287757 1
gene 2 2368 121 146397 0 6898 146397 1
gene 2 384 1531 -667926 0 7018 -667926 1
gene 2 2142 1018 -9492 0 7205 -9492 1
gene 3 2206 2034 -102618 0 7245 -102618 1
gene 2 7 2491 -332073 0 7283 -332073 1
gene 2 2491 2368 -161007 0 7284 -161007 1
gene 2 5 2512 546660 0 7337 546660 1
gene 2 2512 13 -350313 0 7338 -350313 1
gene 2 10 2530 214851 0 7387 214851 1
gene 2 2530 13 730082 0 7388 730082 1
gene 3 9 2547 -479328 0 7440 -479328 0
gene 3 2547 13 164848 0 7441 164848 1
gene 2 2530 1479 -68826 0 7594 -68826 1
gene 1 1479 2692 94293 0 7856 94293 0
gene 1 2692 14 185244 0 7857 185244 1
gene 3 4 1130 -800000 0 7980 -800000 1
gene 4 3 2786 666066 0 8132 666066 0
gene 4 2786 14 -202641 0 8133 -202641 1
gene 3 384 384 316860 1 8429 316860 1
gene 2 3 2915 98826 0 8516 98826 1
gene 2 2915 516 -68118 0 8517 -68118 1
gene 4 433 433 -225729 1 8562 -225729 1
gene 2 2547 1479 -38055 0 8709 -38055 0
gene 3 2206 1683 18681 0 8777 18681 1
gene 2 5 3042 54936 0 8890 54936 1
gene 2 3042 121 292332 0 8891 292332 1
gene 1 1479 3079 -124605 0 9004 -124605 1
gene 1 3079 2692 -60516 0 9005 -60516 1
gene 4 516 2547 -387315 0 9030 -387315 0
gene 3 1875 2915 41988 0 9219 41988 1
gene 2 2 420 502380 0 9364 502380 1
gene 2 1735 1531 -167637 0 9549 -167637 1
gene 4 9 697 -99336 0 9875 -99336 1
gene 4 12 2786 -140286 0 9948 -140286 1
gene 2 2547 3409 209442 0 10007 209442 1
gene 2 3409 1479 10689 0 10008 10689 1
gene 2 2206 2206 -95454 1 10238 -95454 1
gene 3 1018 516 553472 0 10356 553472 1
gene 4 516 3542 503724 0 10405 503724 1
gene 4 3542 2547 -253611 0 10406 -253611 1
gene 2 9 3555 -188511 0 10451 -188511 1
gene 3 3555 2547 177264 0 10452 177264 1
gene 3 2206 2915 332844 0 10490 332844 1
gene 2 9 3590 50202 0 10547 50202 1
gene 2 3590 2332 -135417 0 10548 -135417 1
gene 1 1735 2692 489729 0 10681 489729 1
gene 3 2 3734 203758 0 11002 203758 1
gene 3 3734 433 96858 0 11003 96858 1
gene 4 3 3847 462148 0 11320 462148 1
gene 4 3847 2786 152985 0 11321 152985 1
gene 2 1393 3943 -9546 0 11617 -9546 1
gene 2 3943 13 -25170 0 11618 -25170 1
gene 1 3943 420 95068 0 11703 95068 1
genomeend 29


/* Organism #30 Fitness: 240.000000 Time: 0 */
/* Position #30*/
#1 x: 40 y: 35
#2 x: 75 y: 27
#3 x: 25 y: 20
#4 x: 57 y: 82
#5 x: 30 y: 83
#6 x: 59 y: 74
genomestart 30
trait 1 43007.000000 16300.000000 6994.000000 28041.000000 57524.000000 37112.000000 87908.000000 80535.000000 trait 2 0.000000 0.000000 37024.000000 100000.000000 47120.000000 75537.000000 50358.000000 78174.000000 trait 3 0.000000 0.000000 0.000000 51304.000000 0.000000 13538.000000 70969.000000 30146.000000 trait 4 4.000000 0.000000 0.000000 36940.000000 0.000000 0.000000 43316.000000 37957.000000 node 1 4 1 3
node 2 4 1 1
node 3 1 1 1
node 4 1 1 1
node 5 1 1 1
node 6 2 1 1
node 7 4 1 1
node 8 4 1 1
node 9 2 1 1
node 10 1 1 1
node 11 2 1 1
node 12 4 1 1
node 13 2 0 2
node 14 1 0 2
node 15 3 0 2
node 121 1 0 0
node 235 1 0 0
node 384 1 0 0
node 420 1 0 0
node 433 1 0 0
node 461 1 0 0
node 500 1 0 0
node 516 1 0 0
node 697 3 0 0
node 1018 1 0 0
node 1130 1 0 0
node 1323 3 0 0
node 1393 1 0 0
node 1479 1 0 0
node 1531 4 0 0
node 1683 1 0 0
node 1735 1 0 0
node 1875 1 0 0
node 2034 1 0 0
node 2142 1 0 0
node 2172 1 0 0
node 2206 1 0 0
node 2313 2 0 0
node 2332 1 0 0
node 2368 3 0 0
node 2491 1 0 0
node 2512 1 0 0
node 2530 1 0 0
node 2547 1 0 0
node 2692 1 0 0
node 2786 1 0 0
node 2915 3 0 0
node 3042 3 0 0
node 3079 1 0 0
node 3409 1 0 0
node 3511 1 0 0
node 3548 1 0 0
node 3653 1 0 0
node 3813 1 0 0
node 3930 1 0 0
node 3977 1 0 0
gene 2 1 13 -20028 0 1 -20028 1
gene 3 2 13 346506 0 2 346506 1
gene 2 3 13 -771509 0 3 -771509 1
gene 3 4 13 -275532 0 4 -275532 1
gene 2 5 13 329670 0 5 329670 0
gene 4 6 13 414714 0 6 414714 1
gene 3 7 13 -390801 0 7 -390801 1
gene 2 8 13 15831 0 8 15831 0
gene 3 9 13 -261624 0 9 -261624 1
gene 2 10 13 215193 0 10 215193 0
gene 2 11 13 779162 0 11 779162 1
gene 4 12 13 -178332 0 12 -178332 1
gene 2 1 14 -306 0 13 -306 1
gene 2 2 14 -188862 0 14 -188862 1
gene 4 3 14 252855 0 15 252855 1
gene 4 4 14 800000 0 16 800000 1
gene 4 5 14 257115 0 17 257115 1
gene 3 6 14 -1305 0 18 -1305 0
gene 2 7 14 -309930 0 19 -309930 1
gene 1 8 14 -391464 0 20 -391464 0
gene 3 9 14 -474210 0 21 -474210 1
gene 1 10 14 -651942 0 22 -651942 1
gene 1 11 14 312873 0 23 312873 1
gene 3 12 14 -63717 0 24 -63717 1
gene 3 1 15 590799 0 25 590799 1
gene 3 2 15 313842 0 26 313842 1
gene 3 3 15 304785 0 27 304785 0
gene 3 4 15 797798 0 28 797798 1
gene 3 5 15 -87285 0 29 -87285 1
gene 1 6 15 706034 0 30 706034 1
gene 3 7 15 -202941 0 31 -202941 1
gene 3 8 15 484074 0 32 484074 1
gene 3 9 15 353318 0 33 353318 1
gene 3 10 15 -571536 0 34 -571536 1
gene 2 11 15 170817 0 35 170817 1
gene 4 12 15 -124941 0 36 -124941 1
gene 4 15 15 -135834 1 174 -135834 1
gene 3 8 121 28386 0 329 28386 1
gene 3 121 15 -659456 0 330 -659456 1
gene 2 5 121 -355530 0 438 -355530 0
gene 2 7 121 -29523 0 483 -29523 0
gene 4 4 235 -78078 0 666 -78078 1
gene 4 235 14 -800000 0 667 -800000 1
gene 1 1 235 174168 0 753 174168 1
gene 3 9 235 197031 0 1108 197031 1
gene 3 10 384 -630564 0 1126 -630564 1
gene 3 384 15 -18273 0 1127 -18273 1
gene 2 14 14 116094 1 1197 116094 1
gene 3 7 420 -386424 0 1239 -386424 0
gene 3 420 15 -211764 0 1240 -211764 0
gene 3 2 433 450876 0 1284 450876 1
gene 3 433 13 672225 0 1285 672225 1
gene 4 3 461 -148965 0 1352 -148965 0
gene 4 461 14 800000 0 1353 800000 1
gene 4 15 500 -30474 1 1453 -30474 1
gene 4 500 15 -644877 0 1454 -644877 1
gene 1 8 516 244692 0 1500 244692 1
gene 1 516 14 187578 0 1501 187578 1
gene 1 384 121 228141 0 1548 228141 1
gene 2 8 461 166197 0 1965 166197 1
gene 3 3 697 -547419 0 2038 -547419 1
gene 3 697 15 -204627 0 2039 -204627 1
gene 2 1 500 51843 0 2133 51843 1
gene 1 3 433 694502 0 2628 694502 1
gene 1 516 516 133167 1 2664 133167 1
gene 3 8 1018 -209331 0 2997 -209331 1
gene 3 1018 121 -800000 0 2998 -800000 0
gene 3 15 433 380403 0 3156 380403 1
gene 1 10 1130 -266403 0 3329 -266403 1
gene 1 1130 14 261414 0 3330 261414 1
gene 3 500 697 417750 0 3371 417750 1
gene 2 3 516 -800000 0 3603 -800000 0
gene 2 9 1323 208212 0 3885 208212 0
gene 2 1323 14 -390177 0 3886 -390177 1
gene 2 121 420 -655602 0 3959 -655602 1
gene 2 8 1393 -181563 0 4093 -181563 1
gene 2 1393 13 -244620 0 4094 -244620 1
gene 1 11 1479 -642629 0 4325 -642629 1
gene 1 1479 14 -488406 0 4326 -488406 1
gene 4 12 1531 291198 0 4477 291198 1
gene 4 1531 15 -270374 0 4478 -270374 1
gene 3 1393 433 227661 0 4734 227661 1
gene 2 1323 1683 -412338 0 4950 -412338 1
gene 2 1683 14 92142 0 4951 92142 1
gene 3 6 1735 162180 0 5103 162180 1
gene 3 1735 14 -212556 0 5104 -212556 1
gene 1 5 516 371550 0 5346 371550 1
gene 1 516 433 -241797 0 5443 -241797 1
gene 3 2 1875 243876 0 5505 243876 1
gene 3 1875 433 211479 0 5506 211479 1
gene 1 1683 461 -639317 0 5687 -639317 1
gene 1 516 121 -222669 0 5877 -222669 1
gene 3 3 2034 -228531 0 5939 -228531 1
gene 3 2034 697 -161463 0 5940 -161463 1
gene 3 5 1479 -270036 0 6157 -270036 1
gene 3 7 2142 51246 0 6248 51246 1
gene 3 2142 420 -551984 0 6249 -551984 1
gene 3 420 2172 -451497 0 6332 -451497 1
gene 3 2172 15 544467 0 6333 544467 1
gene 2 1735 1735 -360693 1 6388 -360693 1
gene 2 8 2206 -256923 0 6436 -256923 0
gene 2 2206 1393 284772 0 6437 284772 1
gene 2 121 2313 465336 0 6747 465336 1
gene 2 2313 420 103452 0 6748 103452 1
gene 2 9 2332 -734495 0 6797 -734495 1
gene 2 2332 1323 506241 0 6798 506241 0
gene 4 1323 2034 -343245 0 6848 -343245 1
gene 2 7 2368 -780480 0 6897 -780480 1
gene 2 2368 121 178881 0 6898 178881 1
gene 2 384 1531 -707649 0 7018 -707649 1
gene 2 2142 1018 -304731 0 7205 -304731 1
gene 3 2206 2034 -28611 0 7245 -28611 1
gene 2 7 2491 144903 0 7283 144903 1
gene 2 2491 2368 -92604 0 7284 -92604 1
gene 2 5 2512 730388 0 7337 730388 1
gene 2 2512 13 87567 0 7338 87567 0
gene 2 10 2530 -800000 0 7387 -800000 1
gene 2 2530 13 443526 0 7388 443526 1
gene 3 9 2547 242349 0 7440 242349 1
gene 3 2547 13 -800000 0 7441 -800000 1
gene 2 2530 1479 -286536 0 7594 -286536 1
gene 1 1479 2692 235836 0 7856 235836 0
gene 1 2692 14 -228975 0 7857 -228975 1
gene 3 4 1130 124449 0 7980 124449 1
gene 4 3 2786 -462588 0 8132 -462588 1
gene 4 2786 14 -36009 0 8133 -36009 1
gene 3 384 384 149598 1 8429 149598 1
gene 2 3 2915 163461 0 8516 163461 1
gene 2 2915 516 441297 0 8517 441297 1
gene 4 433 433 219552 1 8562 219552 1
gene 2 2547 1479 60123 0 8709 60123 0
gene 3 2206 1683 121197 0 8777 121197 0
gene 2 5 3042 123792 0 8890 123792 1
gene 2 3042 121 197010 0 8891 197010 1
gene 1 1479 3079 -180273 0 9004 -180273 1
gene 1 3079 2692 -105462 0 9005 -105462 1
gene 4 516 2547 -23115 0 9030 -23115 1
gene 3 1875 2915 747033 0 9219 747033 1
gene 2 2 420 586452 0 9364 586452 1
gene 2 1735 1531 402942 0 9549 402942 1
gene 4 9 697 -541455 0 9875 -541455 1
gene 4 12 2786 -101961 0 9948 -101961 1
gene 2 2547 3409 800000 0 10007 800000 1
gene 2 3409 1479 14937 0 10008 14937 1
gene 2 8 500 44805 0 10064 44805 1
gene 3 2206 3511 800000 0 10310 800000 1
gene 3 3511 1683 -120846 0 10311 -120846 1
gene 2 2332 3548 -240411 0 10423 -240411 1
gene 2 3548 1323 66813 0 10424 66813 0
gene 2 3548 3653 -15957 0 10741 -15957 1
gene 2 3653 1323 472185 0 10742 472185 1
gene 4 1393 3042 -350626 0 10907 -350626 1
gene 4 3 3813 150468 0 11225 150468 1
gene 4 3813 461 -304416 0 11226 -304416 1
gene 2 11 697 243708 0 11389 243708 1
gene 3 121 13 -425507 0 11432 -425507 1
gene 3 1531 1130 -210188 0 11488 -210188 1
gene 1 2547 2142 59031 0 11526 59031 1
gene 2 2512 3930 -11598 0 11578 -11598 1
gene 2 3930 13 -413382 0 11579 -413382 1
gene 2 8 3977 233428 0 11724 233428 1
gene 2 3977 2206 -308022 0 11725 -308022 1
genomeend 30


/* Organism #32 Fitness: 260.000000 Time: 0 */
/* Position #32*/
#1 x: 48 y: 36
#2 x: 31 y: 33
#3 x: 54 y: 23
#4 x: 19 y: 68
#5 x: 38 y: 69
#6 x: 50 y: 68
genomestart 32
trait 1 43007.000000 16300.000000 6994.000000 28041.000000 57524.000000 37112.000000 87908.000000 80535.000000 trait 2 0.000000 0.000000 37024.000000 100000.000000 47120.000000 75537.000000 50358.000000 78174.000000 trait 3 0.000000 0.000000 0.000000 51304.000000 0.000000 13538.000000 70969.000000 30146.000000 trait 4 4.000000 0.000000 0.000000 36940.000000 0.000000 0.000000 43316.000000 37957.000000 node 1 4 1 3
node 2 4 1 1
node 3 1 1 1
node 4 1 1 1
node 5 1 1 1
node 6 2 1 1
node 7 4 1 1
node 8 4 1 1
node 9 2 1 1
node 10 1 1 1
node 11 2 1 1
node 12 4 1 1
node 13 2 0 2
node 14 1 0 2
node 15 3 0 2
node 121 1 0 0
node 235 1 0 0
node 384 1 0 0
node 420 1 0 0
node 433 1 0 0
node 461 1 0 0
node 500 1 0 0
node 516 1 0 0
node 697 3 0 0
node 1018 1 0 0
node 1130 1 0 0
node 1323 3 0 0
node 1393 1 0 0
node 1479 1 0 0
node 1531 4 0 0
node 1683 1 0 0
node 1735 1 0 0
node 1875 1 0 0
node 2034 1 0 0
node 2142 1 0 0
node 2172 1 0 0
node 2206 1 0 0
node 2313 2 0 0
node 2332 1 0 0
node 2368 3 0 0
node 2491 1 0 0
node 2512 1 0 0
node 2530 1 0 0
node 2547 1 0 0
node 2692 1 0 0
node 2786 1 0 0
node 2915 3 0 0
node 3042 3 0 0
node 3079 1 0 0
node 3409 1 0 0
node 3511 1 0 0
node 3548 1 0 0
node 3653 1 0 0
node 3813 1 0 0
node 3930 1 0 0
node 3977 1 0 0
gene 2 1 13 -319137 0 1 -319137 1
gene 3 2 13 358209 0 2 358209 1
gene 2 3 13 -752144 0 3 -752144 1
gene 3 4 13 -566976 0 4 -566976 1
gene 2 5 13 342126 0 5 342126 0
gene 4 6 13 508731 0 6 508731 1
gene 3 7 13 -319590 0 7 -319590 1
gene 2 8 13 4077 0 8 4077 0
gene 3 9 13 -213138 0 9 -213138 1
gene 2 10 13 416382 0 10 416382 0
gene 2 11 13 660065 0 11 660065 1
gene 4 12 13 -209769 0 12 -209769 1
gene 2 1 14 -87411 0 13 -87411 1
gene 2 2 14 -312471 0 14 -312471 1
gene 4 3 14 541473 0 15 541473 1
gene 4 4 14 746465 0 16 746465 1
gene 4 5 14 387894 0 17 387894 1
gene 3 6 14 201687 0 18 201687 0
gene 2 7 14 -73416 0 19 -73416 1
gene 1 8 14 -542979 0 20 -542979 0
gene 3 9 14 -619767 0 21 -619767 1
gene 1 10 14 -800000 0 22 -800000 1
gene 1 11 14 352227 0 23 352227 1
gene 3 12 14 -118797 0 24 -118797 1
gene 3 1 15 427899 0 25 427899 1
gene 3 2 15 300783 0 26 300783 1
gene 3 3 15 504210 0 27 504210 0
gene 3 4 15 745370 0 28 745370 1
gene 3 5 15 -19794 0 29 -19794 1
gene 1 6 15 773090 0 30 773090 1
gene 3 7 15 -388833 0 31 -388833 1
gene 3 8 15 739647 0 32 739647 1
gene 3 9 15 610082 0 33 610082 1
gene 3 10 15 -446229 0 34 -446229 1
gene 2 11 15 388635 0 35 388635 1
gene 4 12 15 90774 0 36 90774 1
gene 4 15 15 -403857 1 174 -403857 1
gene 3 8 121 -91914 0 329 -91914 1
gene 3 121 15 -693059 0 330 -693059 1
gene 2 5 121 -313752 0 438 -313752 0
gene 2 7 121 -19974 0 483 -19974 0
gene 4 4 235 15213 0 666 15213 1
gene 4 235 14 -627158 0 667 -627158 1
gene 1 1 235 116766 0 753 116766 1
gene 3 9 235 396522 0 1108 396522 1
gene 3 10 384 -642840 0 1126 -642840 1
gene 3 384 15 15471 0 1127 15471 1
gene 2 14 14 139713 1 1197 139713 1
gene 3 7 420 -187827 0 1239 -187827 0
gene 3 420 15 -182955 0 1240 -182955 0
gene 3 2 433 419856 0 1284 419856 1
gene 3 433 13 800000 0 1285 800000 1
gene 4 3 461 -4122 0 1352 -4122 0
gene 4 461 14 531824 0 1353 531824 1
gene 4 15 500 -305082 1 1453 -305082 1
gene 4 500 15 -613962 0 1454 -613962 1
gene 1 8 516 179154 0 1500 179154 1
gene 1 516 14 478107 0 1501 478107 1
gene 1 384 121 135645 0 1548 135645 1
gene 2 8 461 249075 0 1965 249075 1
gene 3 3 697 -502104 0 2038 -502104 1
gene 3 697 15 -294576 0 2039 -294576 1
gene 2 1 500 181320 0 2133 181320 1
gene 1 3 433 437258 0 2628 437258 1
gene 1 516 516 375177 1 2664 375177 1
gene 3 8 1018 -374211 0 2997 -374211 1
gene 3 1018 121 -657116 0 2998 -657116 0
gene 3 15 433 568269 0 3156 568269 1
gene 1 10 1130 -323154 0 3329 -323154 1
gene 1 1130 14 370548 0 3330 370548 1
gene 3 500 697 580722 0 3371 580722 1
gene 2 3 516 -800000 0 3603 -800000 0
gene 2 9 1323 129381 0 3885 129381 0
gene 2 1323 14 -485457 0 3886 -485457 1
gene 2 121 420 -633309 0 3959 -633309 1
gene 2 8 1393 -221247 0 4093 -221247 1
gene 2 1393 13 2379 0 4094 2379 1
gene 1 11 1479 -475553 0 4325 -475553 1
gene 1 1479 14 -655359 0 4326 -655359 1
gene 4 12 1531 397833 0 4477 397833 1
gene 4 1531 15 -290393 0 4478 -290393 1
gene 3 1393 433 190716 0 4734 190716 1
gene 2 1323 1683 -339069 0 4950 -339069 1
gene 2 1683 14 203748 0 4951 203748 1
gene 3 6 1735 -112722 0 5103 -112722 1
gene 3 1735 14 27942 0 5104 27942 1
gene 1 5 516 131724 0 5346 131724 1
gene 1 516 433 -258081 0 5443 -258081 1
gene 3 2 1875 133239 0 5505 133239 1
gene 3 1875 433 428250 0 5506 428250 1
gene 1 1683 461 -745775 0 5687 -745775 1
gene 1 516 121 -91932 0 5877 -91932 1
gene 3 3 2034 -446709 0 5939 -446709 1
gene 3 2034 697 50817 0 5940 50817 1
gene 3 5 1479 2058 0 6157 2058 1
gene 3 7 2142 -220035 0 6248 -220035 1
gene 3 2142 420 -629591 0 6249 -629591 1
gene 3 420 2172 -211914 0 6332 -211914 1
gene 3 2172 15 772659 0 6333 772659 1
gene 2 1735 1735 -474507 1 6388 -474507 1
gene 2 8 2206 -125730 0 6436 -125730 0
gene 2 2206 1393 112638 0 6437 112638 1
gene 2 121 2313 513771 0 6747 513771 1
gene 2 2313 420 323697 0 6748 323697 1
gene 2 9 2332 -800000 0 6797 -800000 1
gene 2 2332 1323 686691 0 6798 686691 0
gene 4 1323 2034 -153444 0 6848 -153444 1
gene 2 7 2368 -800000 0 6897 -800000 1
gene 2 2368 121 272829 0 6898 272829 1
gene 2 384 1531 -455559 0 7018 -455559 1
gene 2 2142 1018 -332277 0 7205 -332277 1
gene 3 2206 2034 129651 0 7245 129651 1
gene 2 7 2491 90150 0 7283 90150 1
gene 2 2491 2368 -266229 0 7284 -266229 1
gene 2 5 2512 800000 0 7337 800000 1
gene 2 2512 13 22893 0 7338 22893 0
gene 2 10 2530 -667052 0 7387 -667052 1
gene 2 2530 13 375582 0 7388 375582 1
gene 3 9 2547 429135 0 7440 429135 1
gene 3 2547 13 -525443 0 7441 -525443 1
gene 2 2530 1479 -59505 0 7594 -59505 1
gene 1 1479 2692 89571 0 7856 89571 0
gene 1 2692 14 -220443 0 7857 -220443 1
gene 3 4 1130 -119025 0 7980 -119025 1
gene 4 3 2786 -525459 0 8132 -525459 1
gene 4 2786 14 -149352 0 8133 -149352 1
gene 3 384 384 11709 1 8429 11709 1
gene 2 3 2915 222 0 8516 222 1
gene 2 2915 516 685485 0 8517 685485 1
gene 4 433 433 254598 1 8562 254598 1
gene 2 2547 1479 60123 0 8709 60123 0
gene 3 2206 1683 -89520 0 8777 -89520 0
gene 2 5 3042 123792 0 8890 123792 1
gene 2 3042 121 197010 0 8891 197010 1
gene 1 1479 3079 -165408 0 9004 -165408 1
gene 1 3079 2692 118182 0 9005 118182 1
gene 4 516 2547 81261 0 9030 81261 1
gene 3 1875 2915 800000 0 9219 800000 1
gene 2 2 420 522894 0 9364 522894 1
gene 2 1735 1531 402942 0 9549 402942 1
gene 4 9 697 -541455 0 9875 -541455 1
gene 4 12 2786 -265962 0 9948 -265962 1
gene 2 2547 3409 800000 0 10007 800000 1
gene 2 3409 1479 14937 0 10008 14937 1
gene 2 8 500 287337 0 10064 287337 1
gene 3 2206 3511 800000 0 10310 800000 1
gene 3 3511 1683 -269763 0 10311 -269763 1
gene 2 2332 3548 -188925 0 10423 -188925 1
gene 2 3548 1323 -237843 0 10424 -237843 0
gene 2 3548 3653 52737 0 10741 52737 1
gene 2 3653 1323 -298467 0 10742 -298467 1
gene 4 1393 3042 -350626 0 10907 -350626 1
gene 4 3 3813 -110514 0 11225 -110514 1
gene 4 3813 461 -349170 0 11226 -349170 1
gene 2 11 697 324561 0 11389 324561 1
gene 3 121 13 276492 0 11432 276492 1
gene 3 1531 1130 66604 0 11488 66604 1
gene 1 2547 2142 -217365 0 11526 -217365 1
gene 2 2512 3930 -11598 0 11578 -11598 1
gene 2 3930 13 -238500 0 11579 -238500 1
gene 2 8 3977 233428 0 11724 233428 1
gene 2 3977 2206 -17151 0 11725 -17151 1
genomeend 32


/* Organism #42 Fitness: 260.000000 Time: 0 */
/* Position #42*/
#1 x: 38 y: 31
#2 x: 81 y: 39
#3 x: 43 y: 36
#4 x: 38 y: 75
#5 x: 26 y: 64
#6 x: 82 y: 72
genomestart 42
trait 1 43007.000000 16300.000000 6994.000000 28041.000000 57524.000000 37112.000000 87908.000000 80535.000000 trait 2 0.000000 0.000000 100000.000000 95786.000000 51940.000000 0.000000 0.000000 62181.000000 trait 3 0.000000 0.000000 0.000000 51304.000000 0.000000 13538.000000 70969.000000 30146.000000 trait 4 4.000000 0.000000 79338.000000 27432.000000 0.000000 0.000000 61142.000000 0.000000 node 1 4 1 3
node 2 4 1 1
node 3 1 1 1
node 4 1 1 1
node 5 1 1 1
node 6 2 1 1
node 7 4 1 1
node 8 4 1 1
node 9 2 1 1
node 10 3 1 1
node 11 2 1 1
node 12 4 1 1
node 13 2 0 2
node 14 1 0 2
node 15 3 0 2
node 121 1 0 0
node 235 1 0 0
node 384 1 0 0
node 420 1 0 0
node 433 1 0 0
node 461 1 0 0
node 500 1 0 0
node 516 1 0 0
node 697 3 0 0
node 1018 1 0 0
node 1130 1 0 0
node 1323 3 0 0
node 1393 1 0 0
node 1479 1 0 0
node 1531 4 0 0
node 1683 1 0 0
node 1735 1 0 0
node 1875 1 0 0
node 2034 1 0 0
node 2142 1 0 0
node 2172 1 0 0
node 2206 1 0 0
node 2313 1 0 0
node 2332 1 0 0
node 2368 3 0 0
node 2491 1 0 0
node 2512 1 0 0
node 2530 1 0 0
node 2547 1 0 0
node 2692 1 0 0
node 2786 1 0 0
node 2915 1 0 0
node 3042 1 0 0
node 3079 1 0 0
node 3409 1 0 0
node 3542 1 0 0
node 3555 1 0 0
node 3590 1 0 0
node 3734 1 0 0
node 3877 1 0 0
node 4015 1 0 0
gene 2 1 13 -541152 0 1 -541152 1
gene 3 2 13 575942 0 2 575942 1
gene 2 3 13 -95700 0 3 -95700 1
gene 3 4 13 -88167 0 4 -88167 1
gene 2 5 13 -105576 0 5 -105576 0
gene 4 6 13 466560 0 6 466560 1
gene 3 7 13 230516 0 7 230516 1
gene 2 8 13 -619011 0 8 -619011 0
gene 3 9 13 -238713 0 9 -238713 1
gene 2 10 13 -95064 0 10 -95064 0
gene 2 11 13 626529 0 11 626529 1
gene 4 12 13 195548 0 12 195548 1
gene 2 1 14 800000 0 13 800000 1
gene 2 2 14 -299226 0 14 -299226 1
gene 4 3 14 -533547 0 15 -533547 1
gene 4 4 14 -63387 0 16 -63387 1
gene 4 5 14 -157176 0 17 -157176 1
gene 3 6 14 -31050 0 18 -31050 0
gene 2 7 14 184905 0 19 184905 1
gene 1 8 14 -197214 0 20 -197214 0
gene 3 9 14 409505 0 21 409505 1
gene 1 10 14 -61092 0 22 -61092 1
gene 1 11 14 728031 0 23 728031 1
gene 3 12 14 -290331 0 24 -290331 1
gene 3 1 15 -359730 0 25 -359730 1
gene 3 2 15 800000 0 26 800000 1
gene 3 3 15 219852 0 27 219852 0
gene 3 4 15 230052 0 28 230052 1
gene 3 5 15 38742 0 29 38742 1
gene 1 6 15 -225656 0 30 -225656 1
gene 3 7 15 -369162 0 31 -369162 1
gene 3 8 15 205710 0 32 205710 1
gene 3 9 15 -279210 0 33 -279210 1
gene 3 10 15 353031 0 34 353031 1
gene 2 11 15 -265344 0 35 -265344 1
gene 4 12 15 267855 0 36 267855 0
gene 4 15 15 -228204 1 174 -228204 1
gene 3 8 121 275301 0 329 275301 1
gene 3 121 15 348423 0 330 348423 1
gene 2 5 121 314469 0 438 314469 0
gene 2 7 121 -47367 0 483 -47367 0
gene 4 4 235 298125 0 666 298125 1
gene 4 235 14 -121875 0 667 -121875 1
gene 3 1 235 -792782 0 753 -792782 1
gene 3 9 235 624975 0 1108 624975 1
gene 3 10 384 -485505 0 1126 -485505 1
gene 3 384 15 159426 0 1127 159426 1
gene 2 14 14 669741 1 1197 669741 1
gene 3 7 420 -260757 0 1239 -260757 0
gene 3 420 15 159984 0 1240 159984 0
gene 3 2 433 47025 0 1284 47025 0
gene 3 433 13 -476505 0 1285 -476505 1
gene 4 3 461 656769 0 1352 656769 1
gene 4 461 14 -452181 0 1353 -452181 1
gene 4 15 500 -722310 1 1453 -722310 1
gene 4 500 15 -9996 0 1454 -9996 1
gene 1 8 516 62874 0 1500 62874 1
gene 1 516 14 1683 0 1501 1683 1
gene 1 384 121 -296154 0 1548 -296154 1
gene 2 8 461 -52026 0 1965 -52026 1
gene 3 3 697 -339807 0 2038 -339807 1
gene 3 697 15 353574 0 2039 353574 1
gene 2 1 500 -184524 0 2133 -184524 1
gene 1 3 433 108078 0 2628 108078 1
gene 1 516 516 369759 1 2664 369759 1
gene 3 8 1018 -119355 0 2997 -119355 1
gene 3 1018 121 -800000 0 2998 -800000 0
gene 3 15 433 -536334 0 3156 -536334 1
gene 1 10 1130 -375483 0 3329 -375483 1
gene 1 1130 14 -188772 0 3330 -188772 1
gene 3 500 697 127698 0 3371 127698 1
gene 2 3 516 -681521 0 3603 -681521 0
gene 2 9 1323 -385728 0 3885 -385728 0
gene 2 1323 14 128205 0 3886 128205 1
gene 2 121 420 -324285 0 3959 -324285 1
gene 2 8 1393 -334932 0 4093 -334932 1
gene 2 1393 13 -625700 0 4094 -625700 1
gene 1 11 1479 -177600 0 4325 -177600 1
gene 1 1479 14 137628 0 4326 137628 1
gene 1 12 1531 -765462 0 4477 -765462 1
gene 4 1531 15 -800000 0 4478 -800000 1
gene 3 1393 433 103728 0 4734 103728 1
gene 2 1323 1683 218310 0 4950 218310 1
gene 2 1683 14 -523553 0 4951 -523553 1
gene 3 6 1735 27981 0 5103 27981 1
gene 3 1735 14 238065 0 5104 238065 1
gene 1 5 516 32604 0 5346 32604 1
gene 1 516 433 141261 0 5443 141261 1
gene 3 2 1875 173685 0 5505 173685 1
gene 3 1875 433 -28353 0 5506 -28353 1
gene 1 1683 461 349578 0 5687 349578 1
gene 1 516 121 73137 0 5877 73137 1
gene 3 3 2034 -408216 0 5939 -408216 1
gene 3 2034 697 -163920 0 5940 -163920 1
gene 3 5 1479 -177894 0 6157 -177894 1
gene 3 7 2142 -335304 0 6248 -335304 1
gene 3 2142 420 -148017 0 6249 -148017 1
gene 3 420 2172 -216951 0 6332 -216951 1
gene 3 2172 15 166080 0 6333 166080 1
gene 2 1735 1735 -800000 1 6388 -800000 1
gene 2 8 2206 332810 0 6436 332810 1
gene 2 2206 1393 20006 0 6437 20006 1
gene 2 121 2313 -481272 0 6747 -481272 1
gene 2 2313 420 20520 0 6748 20520 1
gene 2 9 2332 -140733 0 6797 -140733 0
gene 2 2332 1323 170169 0 6798 170169 1
gene 4 1323 2034 -737784 0 6848 -737784 1
gene 2 7 2368 -236415 0 6897 -236415 1
gene 2 2368 121 -184749 0 6898 -184749 1
gene 2 384 1531 800000 0 7018 800000 1
gene 2 2142 1018 -510690 0 7205 -510690 1
gene 3 2206 2034 -663339 0 7245 -663339 1
gene 2 7 2491 649812 0 7283 649812 1
gene 2 2491 2368 414462 0 7284 414462 1
gene 2 5 2512 -84693 0 7337 -84693 1
gene 2 2512 13 -281676 0 7338 -281676 1
gene 2 10 2530 290466 0 7387 290466 1
gene 2 2530 13 -570813 0 7388 -570813 1
gene 3 9 2547 106353 0 7440 106353 0
gene 3 2547 13 57762 0 7441 57762 1
gene 2 2530 1479 -302217 0 7594 -302217 1
gene 1 1479 2692 77601 0 7856 77601 0
gene 1 2692 14 294186 0 7857 294186 1
gene 3 4 1130 261033 0 7980 261033 1
gene 4 3 2786 -720486 0 8132 -720486 1
gene 4 2786 14 135486 0 8133 135486 1
gene 3 384 384 765719 1 8429 765719 1
gene 2 3 2915 -560748 0 8516 -560748 1
gene 2 2915 516 -294282 0 8517 -294282 1
gene 4 433 433 216369 1 8562 216369 1
gene 2 2547 1479 -66837 0 8709 -66837 0
gene 3 2206 1683 262893 0 8777 262893 1
gene 2 5 3042 79098 0 8890 79098 1
gene 2 3042 121 315009 0 8891 315009 1
gene 1 1479 3079 -181275 0 9004 -181275 1
gene 1 3079 2692 132303 0 9005 132303 1
gene 4 516 2547 305922 0 9030 305922 0
gene 3 1875 2915 -144318 0 9219 -144318 1
gene 2 2 420 -247998 0 9364 -247998 0
gene 2 1735 1531 85344 0 9549 85344 1
gene 4 9 697 358395 0 9875 358395 1
gene 4 12 2786 72975 0 9948 72975 1
gene 2 2547 3409 -352626 0 10007 -352626 1
gene 2 3409 1479 800000 0 10008 800000 1
gene 2 2206 2206 -105474 1 10238 -105474 1
gene 3 1018 516 172569 0 10356 172569 1
gene 4 516 3542 38175 0 10405 38175 1
gene 4 3542 2547 24762 0 10406 24762 1
gene 2 9 3555 467916 0 10451 467916 1
gene 3 3555 2547 -364503 0 10452 -364503 1
gene 3 2206 2915 -56508 0 10490 -56508 1
gene 2 9 3590 30408 0 10547 30408 1
gene 2 3590 2332 414588 0 10548 414588 1
gene 1 1735 2692 -577341 0 10681 -577341 1
gene 3 2 3734 -121983 0 11002 -121983 1
gene 3 3734 433 -49896 0 11003 -49896 1
gene 4 12 3877 -591468 0 11410 -591468 1
gene 4 3877 15 184515 0 11411 184515 1
gene 2 2 4015 1 0 11839 0 1
gene 2 4015 420 -247998 0 11840 0 1
genomeend 42


/* Organism #46 Fitness: 250.000000 Time: 0 */
/* Position #46*/
#1 x: 38 y: 31
#2 x: 21 y: 22
#3 x: 49 y: 40
#4 x: 18 y: 65
#5 x: 46 y: 73
#6 x: 53 y: 63
genomestart 46
trait 1 78708.000000 100000.000000 6994.000000 99140.000000 79884.000000 87494.000000 87908.000000 100000.000000 trait 2 7350.000000 88783.000000 70868.000000 0.000000 0.000000 0.000000 54579.000000 18399.000000 trait 3 0.000000 0.000000 44883.000000 65858.000000 41337.000000 0.000000 100000.000000 41343.000000 trait 4 4.000000 0.000000 0.000000 36940.000000 0.000000 0.000000 0.000000 37957.000000 node 1 4 1 3
node 2 4 1 1
node 3 1 1 1
node 4 1 1 1
node 5 1 1 1
node 6 2 1 1
node 7 4 1 1
node 8 4 1 1
node 9 2 1 1
node 10 1 1 1
node 11 2 1 1
node 12 4 1 1
node 13 2 0 2
node 14 1 0 2
node 15 3 0 2
node 121 1 0 0
node 235 1 0 0
node 384 2 0 0
node 420 1 0 0
node 433 1 0 0
node 461 1 0 0
node 500 1 0 0
node 516 1 0 0
node 697 3 0 0
node 1018 1 0 0
node 1130 1 0 0
node 1323 3 0 0
node 1393 1 0 0
node 1479 1 0 0
node 1531 3 0 0
node 1683 1 0 0
node 1735 2 0 0
node 1875 1 0 0
node 2034 1 0 0
node 2142 1 0 0
node 2172 1 0 0
node 2206 1 0 0
node 2313 1 0 0
node 2332 1 0 0
node 2368 1 0 0
node 2491 1 0 0
node 2512 1 0 0
node 2530 1 0 0
node 2547 1 0 0
node 2692 1 0 0
node 2786 1 0 0
node 2912 1 0 0
node 3009 1 0 0
node 3108 1 0 0
node 3213 1 0 0
node 3249 1 0 0
node 3336 1 0 0
node 3356 1 0 0
node 3443 1 0 0
node 3469 1 0 0
node 3532 1 0 0
node 3658 1 0 0
node 3715 1 0 0
node 3733 1 0 0
node 3775 1 0 0
node 3831 1 0 0
gene 2 1 13 129111 0 1 129111 1
gene 3 2 13 -247059 0 2 -247059 1
gene 2 3 13 800000 0 3 800000 0
gene 3 4 13 -143670 0 4 -143670 1
gene 2 5 13 165189 0 5 165189 0
gene 4 6 13 146631 0 6 146631 1
gene 3 7 13 105735 0 7 105735 1
gene 2 8 13 -263391 0 8 -263391 0
gene 3 9 13 -228285 0 9 -228285 1
gene 2 10 13 -27189 0 10 -27189 1
gene 2 11 13 453327 0 11 453327 1
gene 4 12 13 571266 0 12 571266 1
gene 2 1 14 556599 0 13 556599 1
gene 2 2 14 300095 0 14 300095 1
gene 4 3 14 -620561 0 15 -620561 0
gene 4 4 14 633477 0 16 633477 1
gene 4 5 14 317310 0 17 317310 1
gene 3 6 14 730038 0 18 730038 0
gene 2 7 14 244887 0 19 244887 1
gene 1 8 14 -142302 0 20 -142302 0
gene 3 9 14 762951 0 21 762951 1
gene 1 10 14 219843 0 22 219843 0
gene 1 11 14 260013 0 23 260013 1
gene 4 12 14 -605262 0 24 -605262 1
gene 3 1 15 -113586 0 25 -113586 1
gene 3 2 15 260907 0 26 260907 1
gene 3 3 15 -407655 0 27 -407655 1
gene 3 4 15 -589272 0 28 -589272 1
gene 3 5 15 -594324 0 29 -594324 1
gene 1 6 15 147456 0 30 147456 1
gene 3 7 15 80574 0 31 80574 0
gene 3 8 15 -416412 0 32 -416412 1
gene 3 9 15 -800000 0 33 -800000 1
gene 3 10 15 212568 0 34 212568 0
gene 2 11 15 301599 0 35 301599 1
gene 4 12 15 457185 0 36 457185 0
gene 4 15 15 -237243 1 174 -237243 1
gene 3 8 121 -452295 0 329 -452295 0
gene 3 121 15 525780 0 330 525780 1
gene 2 5 121 -331053 0 438 -331053 1
gene 2 7 121 412815 0 483 412815 0
gene 4 4 235 173121 0 666 173121 1
gene 4 235 14 15567 0 667 15567 0
gene 1 1 235 -726863 0 753 -726863 1
gene 3 9 235 -800000 0 1108 -800000 1
gene 3 10 384 255312 0 1126 255312 1
gene 3 384 15 331050 0 1127 331050 1
gene 2 14 14 -175737 1 1197 -175737 1
gene 3 7 420 375618 0 1239 375618 0
gene 3 420 15 138810 0 1240 138810 0
gene 3 2 433 -202578 0 1284 -202578 1
gene 3 433 13 246918 0 1285 246918 1
gene 4 3 461 -368646 0 1352 -368646 1
gene 4 461 14 286977 0 1353 286977 1
gene 4 15 500 132231 1 1453 132231 1
gene 4 500 15 447794 0 1454 447794 0
gene 1 8 516 272934 0 1500 272934 1
gene 1 516 14 -336000 0 1501 -336000 0
gene 1 384 121 548280 0 1548 548280 1
gene 2 8 461 148806 0 1965 148806 1
gene 3 3 697 -64719 0 2038 -64719 1
gene 3 697 15 300033 0 2039 300033 0
gene 2 1 500 95193 0 2133 95193 1
gene 1 3 433 257220 0 2628 257220 1
gene 1 516 516 -458109 1 2664 -458109 1
gene 3 8 1018 -314781 0 2997 -314781 1
gene 3 1018 121 -244758 0 2998 -244758 0
gene 3 15 433 -404790 0 3156 -404790 1
gene 2 10 1130 764018 0 3329 764018 1
gene 1 1130 14 800000 0 3330 800000 1
gene 3 500 697 -77886 0 3371 -77886 1
gene 2 3 516 -646722 0 3603 -646722 1
gene 2 9 1323 -96177 0 3885 -96177 0
gene 2 1323 14 -189471 0 3886 -189471 1
gene 2 121 420 -262422 0 3959 -262422 1
gene 2 8 1393 80664 0 4093 80664 1
gene 2 1393 13 -370404 0 4094 -370404 0
gene 1 11 1479 -246783 0 4325 -246783 1
gene 1 1479 14 135042 0 4326 135042 1
gene 4 12 1531 -301662 0 4477 -301662 1
gene 4 1531 15 -523856 0 4478 -523856 1
gene 3 1393 433 -722016 0 4734 -722016 1
gene 2 1323 1683 -269940 0 4950 -269940 1
gene 2 1683 14 35724 0 4951 35724 1
gene 3 6 1735 -292986 0 5103 -292986 1
gene 3 1735 14 -255222 0 5104 -255222 1
gene 1 5 516 357528 0 5346 357528 1
gene 1 516 433 -791037 0 5443 -791037 1
gene 3 2 1875 659582 0 5505 659582 1
gene 3 1875 433 -60126 0 5506 -60126 1
gene 1 1683 461 800000 0 5687 800000 1
gene 1 516 121 21843 0 5877 21843 1
gene 3 3 2034 -135972 0 5939 -135972 1
gene 3 2034 697 -209163 0 5940 -209163 1
gene 3 5 1479 631451 0 6157 631451 1
gene 3 7 2142 496239 0 6248 496239 1
gene 3 2142 420 -601841 0 6249 -601841 1
gene 3 420 2172 337371 0 6332 337371 1
gene 3 2172 15 -164928 0 6333 -164928 1
gene 2 1735 1735 66717 1 6388 66717 1
gene 2 8 2206 671445 0 6436 671445 1
gene 1 2206 1393 -443820 0 6437 -443820 1
gene 2 121 2313 701117 0 6747 701117 1
gene 2 2313 420 165474 0 6748 165474 1
gene 2 9 2332 538587 0 6797 538587 0
gene 2 2332 1323 -177399 0 6798 -177399 1
gene 4 1323 2034 -365520 0 6848 -365520 1
gene 2 7 2368 -7617 0 6897 -7617 1
gene 2 2368 121 286196 0 6898 286196 1
gene 2 384 1531 435837 0 7018 435837 1
gene 2 2142 1018 -13233 0 7205 -13233 1
gene 3 2206 2034 -269100 0 7245 -269100 1
gene 2 7 2491 680009 0 7283 680009 1
gene 2 2491 2368 720075 0 7284 720075 1
gene 2 5 2512 626412 0 7337 626412 1
gene 2 2512 13 -597473 0 7338 -597473 0
gene 2 10 2530 -372177 0 7387 -372177 1
gene 2 2530 13 216090 0 7388 216090 1
gene 3 9 2547 -673683 0 7440 -673683 1
gene 3 2547 13 -575910 0 7441 -575910 1
gene 2 2530 1479 -455466 0 7594 -455466 0
gene 1 1479 2692 103602 0 7856 103602 1
gene 1 2692 14 -800000 0 7857 -800000 1
gene 3 4 1130 -269622 0 7980 -269622 1
gene 4 3 2786 370836 0 8132 370836 1
gene 4 2786 14 286743 0 8133 286743 0
gene 4 2547 1735 137295 0 8311 137295 1
gene 3 2692 461 65409 0 8358 65409 1
gene 4 500 2912 -446442 0 8507 -446442 1
gene 1 2912 15 -73782 0 8508 -73782 1
gene 1 2912 1130 639881 0 8750 639881 1
gene 2 2142 3009 -800000 0 8799 -800000 1
gene 2 3009 1018 -409191 0 8800 -409191 0
gene 3 2034 2034 -530634 1 8851 -530634 1
gene 2 2512 3108 212658 0 9104 212658 1
gene 2 3108 13 263517 0 9105 263517 1
gene 1 2491 235 -89688 0 9236 -89688 1
gene 2 9 3213 104601 0 9416 104601 1
gene 2 3213 2332 -258582 0 9417 -258582 1
gene 1 516 3249 58350 0 9516 58350 1
gene 1 3249 14 -198711 0 9517 -198711 1
gene 2 1393 3336 -322761 0 9780 -322761 1
gene 2 3336 13 70932 0 9781 70932 1
gene 2 2530 3356 800000 0 9835 800000 1
gene 2 3356 1479 800000 0 9836 800000 1
gene 3 2034 3443 643962 1 10105 643962 1
gene 3 3443 2034 23952 0 10106 23952 1
gene 3 697 3469 460512 0 10184 460512 1
gene 3 3469 15 -83520 0 10185 -83520 1
gene 3 3009 3009 6606 1 10235 6606 1
gene 2 3009 3532 -528930 0 10378 -528930 1
gene 2 3532 1018 270996 0 10379 270996 1
gene 1 10 3658 -283986 0 10754 -283986 1
gene 1 3658 14 207222 0 10755 207222 1
gene 2 1393 1323 542779 0 10793 542779 1
gene 4 2786 3715 -251493 0 10952 -251493 1
gene 4 3715 14 780437 0 10953 780437 1
gene 4 235 3733 546870 0 10999 546870 1
gene 4 3733 14 82299 0 11000 82299 1
gene 3 7 3775 -118173 0 11121 -118173 1
gene 3 3775 15 492429 0 11122 492429 1
gene 2 3 3831 -84621 0 11273 -84621 1
gene 2 3831 13 25140 0 11274 25140 1
gene 1 1735 3831 -154080 0 11390 -154080 1
gene 2 1531 1531 -129004 1 11626 -129004 1
genomeend 46


/* Organism #48 Fitness: 230.000000 Time: 0 */
/* Position #48*/
#1 x: 67 y: 24
#2 x: 36 y: 33
#3 x: 35 y: 38
#4 x: 84 y: 71
#5 x: 70 y: 80
#6 x: 32 y: 65
genomestart 48
trait 1 43007.000000 16300.000000 6994.000000 28041.000000 57524.000000 37112.000000 87908.000000 80535.000000 trait 2 0.000000 0.000000 100000.000000 95786.000000 51940.000000 0.000000 0.000000 62181.000000 trait 3 0.000000 0.000000 0.000000 51304.000000 0.000000 13538.000000 70969.000000 30146.000000 trait 4 4.000000 0.000000 79338.000000 27432.000000 0.000000 0.000000 61142.000000 0.000000 node 1 4 1 3
node 2 4 1 1
node 3 1 1 1
node 4 1 1 1
node 5 1 1 1
node 6 2 1 1
node 7 4 1 1
node 8 4 1 1
node 9 2 1 1
node 10 1 1 1
node 11 2 1 1
node 12 4 1 1
node 13 2 0 2
node 14 1 0 2
node 15 3 0 2
node 121 1 0 0
node 235 1 0 0
node 384 1 0 0
node 420 1 0 0
node 433 1 0 0
node 461 1 0 0
node 500 1 0 0
node 516 1 0 0
node 697 3 0 0
node 1018 1 0 0
node 1130 1 0 0
node 1323 3 0 0
node 1393 1 0 0
node 1479 1 0 0
node 1531 4 0 0
node 1683 1 0 0
node 1735 1 0 0
node 1875 1 0 0
node 2034 1 0 0
node 2142 1 0 0
node 2172 1 0 0
node 2206 1 0 0
node 2313 1 0 0
node 2332 1 0 0
node 2368 3 0 0
node 2491 1 0 0
node 2512 1 0 0
node 2530 1 0 0
node 2547 1 0 0
node 2692 1 0 0
node 2786 1 0 0
node 2915 4 0 0
node 3042 1 0 0
node 3079 1 0 0
node 3409 1 0 0
node 3542 1 0 0
node 3555 1 0 0
node 3590 1 0 0
node 3734 1 0 0
node 3877 1 0 0
node 3907 1 0 0
gene 2 1 13 -287049 0 1 -287049 1
gene 3 2 13 515267 0 2 515267 1
gene 2 3 13 -745958 0 3 -745958 1
gene 3 4 13 -410919 0 4 -410919 1
gene 2 5 13 -569550 0 5 -569550 0
gene 4 6 13 263766 0 6 263766 1
gene 3 7 13 126503 0 7 126503 1
gene 2 8 13 -343416 0 8 -343416 0
gene 3 9 13 -171941 0 9 -171941 1
gene 2 10 13 257898 0 10 257898 0
gene 2 11 13 -87258 0 11 -87258 1
gene 4 12 13 -33405 0 12 -33405 1
gene 2 1 14 314304 0 13 314304 1
gene 2 2 14 545147 0 14 545147 1
gene 4 3 14 127353 0 15 127353 1
gene 4 4 14 155640 0 16 155640 1
gene 4 5 14 243729 0 17 243729 1
gene 3 6 14 -228222 0 18 -228222 0
gene 2 7 14 -54531 0 19 -54531 1
gene 1 8 14 420498 0 20 420498 0
gene 3 9 14 744980 0 21 744980 1
gene 1 10 14 158121 0 22 158121 1
gene 1 11 14 592926 0 23 592926 1
gene 3 12 14 480177 0 24 480177 1
gene 3 1 15 63990 0 25 63990 1
gene 3 2 15 -8739 0 26 -8739 1
gene 3 3 15 94959 0 27 94959 0
gene 3 4 15 124038 0 28 124038 1
gene 3 5 15 588683 0 29 588683 1
gene 1 6 15 -199848 0 30 -199848 1
gene 3 7 15 -90036 0 31 -90036 1
gene 3 8 15 272784 0 32 272784 1
gene 3 9 15 -327513 0 33 -327513 1
gene 3 10 15 -35130 0 34 -35130 1
gene 2 11 15 -800000 0 35 -800000 1
gene 4 12 15 29553 0 36 29553 0
gene 2 15 15 103464 1 174 103464 1
gene 3 8 121 -161253 0 329 -161253 1
gene 3 121 15 -30561 0 330 -30561 1
gene 2 5 121 138165 0 438 138165 0
gene 2 7 121 -303114 0 483 -303114 0
gene 4 4 235 562451 0 666 562451 1
gene 4 235 14 339426 0 667 339426 1
gene 1 1 235 -584537 0 753 -584537 1
gene 3 9 235 45525 0 1108 45525 1
gene 3 10 384 72639 0 1126 72639 1
gene 3 384 15 416421 0 1127 416421 1
gene 2 14 14 -565110 1 1197 -565110 1
gene 3 7 420 -672660 0 1239 -672660 0
gene 3 420 15 137232 0 1240 137232 0
gene 3 2 433 -800000 0 1284 -800000 0
gene 3 433 13 162690 0 1285 162690 1
gene 4 3 461 298866 0 1352 298866 1
gene 4 461 14 21939 0 1353 21939 1
gene 4 15 500 -145599 1 1453 -145599 1
gene 4 500 15 -225669 0 1454 -225669 1
gene 1 8 516 -510546 0 1500 -510546 1
gene 1 516 14 -174426 0 1501 -174426 1
gene 1 384 121 -106452 0 1548 -106452 1
gene 2 8 461 -445344 0 1965 -445344 1
gene 3 3 697 -215085 0 2038 -215085 1
gene 3 697 15 426018 0 2039 426018 1
gene 2 1 500 -24937 0 2133 -24937 1
gene 1 3 433 -20583 0 2628 -20583 1
gene 1 516 516 -775583 1 2664 -775583 1
gene 3 8 1018 219174 0 2997 219174 1
gene 3 1018 121 -135846 0 2998 -135846 0
gene 3 15 433 -275934 0 3156 -275934 1
gene 1 10 1130 -256497 0 3329 -256497 1
gene 1 1130 14 -506367 0 3330 -506367 1
gene 3 500 697 427434 0 3371 427434 1
gene 2 3 516 42603 0 3603 42603 0
gene 2 9 1323 469902 0 3885 469902 0
gene 2 1323 14 -165435 0 3886 -165435 1
gene 2 121 420 633486 0 3959 633486 1
gene 2 8 1393 360885 0 4093 360885 1
gene 2 1393 13 -469490 0 4094 -469490 1
gene 1 11 1479 105870 0 4325 105870 1
gene 1 1479 14 197502 0 4326 197502 1
gene 1 12 1531 125538 0 4477 125538 1
gene 4 1531 15 -377541 0 4478 -377541 1
gene 3 1393 433 113682 0 4734 113682 1
gene 2 1323 1683 -800000 0 4950 -800000 1
gene 2 1683 14 -448241 0 4951 -448241 1
gene 3 6 1735 -265380 0 5103 -265380 1
gene 3 1735 14 89733 0 5104 89733 1
gene 1 5 516 -238296 0 5346 -238296 1
gene 1 516 433 -518583 0 5443 -518583 1
gene 3 2 1875 -800000 0 5505 -800000 1
gene 3 1875 433 -90213 0 5506 -90213 0
gene 1 1683 461 30435 0 5687 30435 1
gene 1 516 121 19089 0 5877 19089 1
gene 3 3 2034 -125436 0 5939 -125436 1
gene 3 2034 697 475914 0 5940 475914 1
gene 3 5 1479 99117 0 6157 99117 1
gene 3 7 2142 -268692 0 6248 -268692 1
gene 3 2142 420 -394812 0 6249 -394812 1
gene 3 420 2172 -204054 0 6332 -204054 1
gene 3 2172 15 -258423 0 6333 -258423 1
gene 2 1735 1735 -539450 1 6388 -539450 1
gene 2 8 2206 774998 0 6436 774998 1
gene 2 2206 1393 443963 0 6437 443963 1
gene 2 121 2313 276795 0 6747 276795 1
gene 2 2313 420 -197166 0 6748 -197166 1
gene 2 9 2332 -30867 0 6797 -30867 0
gene 2 2332 1323 76269 0 6798 76269 1
gene 4 1323 2034 347901 0 6848 347901 1
gene 2 7 2368 -537534 0 6897 -537534 1
gene 2 2368 121 -94548 0 6898 -94548 1
gene 2 384 1531 800000 0 7018 800000 1
gene 2 2142 1018 457446 0 7205 457446 1
gene 3 2206 2034 -499326 0 7245 -499326 1
gene 2 7 2491 455426 0 7283 455426 1
gene 2 2491 2368 -200406 0 7284 -200406 1
gene 2 5 2512 -215361 0 7337 -215361 1
gene 2 2512 13 -156768 0 7338 -156768 1
gene 2 10 2530 693854 0 7387 693854 1
gene 2 2530 13 461370 0 7388 461370 1
gene 3 9 2547 -595296 0 7440 -595296 0
gene 3 2547 13 -137658 0 7441 -137658 1
gene 2 2530 1479 56817 0 7594 56817 1
gene 1 1479 2692 -63558 0 7856 -63558 0
gene 1 2692 14 -276357 0 7857 -276357 1
gene 3 4 1130 40311 0 7980 40311 1
gene 4 3 2786 -271941 0 8132 -271941 1
gene 4 2786 14 -554328 0 8133 -554328 1
gene 3 384 384 -162690 1 8429 -162690 1
gene 2 3 2915 -351966 0 8516 -351966 1
gene 2 2915 516 326907 0 8517 326907 1
gene 4 433 433 -107769 1 8562 -107769 1
gene 2 2547 1479 151974 0 8709 151974 0
gene 3 2206 1683 -165231 0 8777 -165231 1
gene 2 5 3042 800000 0 8890 800000 1
gene 2 3042 121 -147683 0 8891 -147683 1
gene 1 1479 3079 -29991 0 9004 -29991 1
gene 1 3079 2692 143358 0 9005 143358 1
gene 4 516 2547 33483 0 9030 33483 0
gene 3 1875 2915 -125829 0 9219 -125829 1
gene 2 2 420 -457494 0 9364 -457494 1
gene 2 1735 1531 -186042 0 9549 -186042 1
gene 4 9 697 -70203 0 9875 -70203 1
gene 4 12 2786 576137 0 9948 576137 1
gene 2 2547 3409 -146115 0 10007 -146115 1
gene 2 3409 1479 -78783 0 10008 -78783 1
gene 2 2206 2206 675288 1 10238 675288 1
gene 3 1018 516 -160953 0 10356 -160953 1
gene 4 516 3542 -89853 0 10405 -89853 1
gene 4 3542 2547 122535 0 10406 122535 1
gene 2 9 3555 -265785 0 10451 -265785 1
gene 3 3555 2547 -97440 0 10452 -97440 1
gene 3 2206 2915 -79632 0 10490 -79632 1
gene 2 9 3590 276672 0 10547 276672 1
gene 2 3590 2332 74790 0 10548 74790 1
gene 1 1735 2692 -800000 0 10681 -800000 1
gene 3 2 3734 -117243 0 11002 -117243 1
gene 3 3734 433 -355773 0 11003 -355773 1
gene 4 12 3877 118819 0 11410 118819 1
gene 4 3877 15 217974 0 11411 217974 1
gene 3 1875 3907 178810 0 11512 178810 1
gene 3 3907 433 -76293 0 11513 -76293 1
gene 4 1531 2172 -19586 0 11674 -19586 1
gene 2 2 3542 -94171 0 11844 -94171 1
genomeend 48


/* Organism #62 Fitness: 340.000000 Time: 0 */
/* Position #62*/
#1 x: 76 y: 33
#2 x: 29 y: 23
#3 x: 19 y: 20
#4 x: 62 y: 64
#5 x: 36 y: 75
#6 x: 28 y: 67
genomestart 62
trait 1 78708.000000 100000.000000 6994.000000 0.000000 57524.000000 100000.000000 87908.000000 100000.000000 trait 2 30533.000000 24215.000000 70868.000000 0.000000 0.000000 0.000000 0.000000 18399.000000 trait 3 0.000000 0.000000 44883.000000 65858.000000 41337.000000 0.000000 100000.000000 41343.000000 trait 4 4.000000 0.000000 0.000000 36940.000000 0.000000 0.000000 0.000000 37957.000000 node 1 4 1 3
node 2 4 1 1
node 3 1 1 1
node 4 1 1 1
node 5 1 1 1
node 6 2 1 1
node 7 4 1 1
node 8 4 1 1
node 9 2 1 1
node 10 1 1 1
node 11 2 1 1
node 12 4 1 1
node 13 2 0 2
node 14 1 0 2
node 15 3 0 2
node 121 1 0 0
node 235 1 0 0
node 384 2 0 0
node 420 1 0 0
node 433 1 0 0
node 461 1 0 0
node 500 1 0 0
node 516 1 0 0
node 697 3 0 0
node 1018 1 0 0
node 1130 1 0 0
node 1323 3 0 0
node 1393 1 0 0
node 1479 1 0 0
node 1531 3 0 0
node 1683 1 0 0
node 1735 1 0 0
node 1875 1 0 0
node 2034 1 0 0
node 2142 1 0 0
node 2172 1 0 0
node 2206 1 0 0
node 2313 1 0 0
node 2332 1 0 0
node 2368 4 0 0
node 2491 1 0 0
node 2512 1 0 0
node 2530 1 0 0
node 2547 1 0 0
node 2692 1 0 0
node 2786 1 0 0
node 2912 1 0 0
node 3009 1 0 0
node 3108 1 0 0
node 3213 1 0 0
node 3249 1 0 0
node 3336 1 0 0
node 3356 1 0 0
node 3443 1 0 0
node 3469 1 0 0
node 3532 1 0 0
node 3792 1 0 0
node 3961 1 0 0
node 3974 1 0 0
node 3990 1 0 0
gene 2 1 13 -387656 0 1 -387656 1
gene 3 2 13 716669 0 2 716669 1
gene 2 3 13 229911 0 3 229911 1
gene 3 4 13 223848 0 4 223848 1
gene 2 5 13 -334101 0 5 -334101 0
gene 4 6 13 -592776 0 6 -592776 1
gene 3 7 13 -102352 0 7 -102352 1
gene 2 8 13 328254 0 8 328254 0
gene 3 9 13 -282951 0 9 -282951 1
gene 2 10 13 -732696 0 10 -732696 0
gene 2 11 13 55116 0 11 55116 1
gene 4 12 13 -752649 0 12 -752649 1
gene 2 1 14 -223365 0 13 -223365 1
gene 2 2 14 20433 0 14 20433 1
gene 4 3 14 65655 0 15 65655 0
gene 4 4 14 661857 0 16 661857 1
gene 4 5 14 535179 0 17 535179 1
gene 3 6 14 7314 0 18 7314 0
gene 2 7 14 -735813 0 19 -735813 1
gene 1 8 14 -33981 0 20 -33981 0
gene 3 9 14 -241155 0 21 -241155 1
gene 1 10 14 -115146 0 22 -115146 1
gene 1 11 14 37671 0 23 37671 1
gene 4 12 14 -125007 0 24 -125007 1
gene 3 1 15 44229 0 25 44229 1
gene 3 2 15 -756852 0 26 -756852 0
gene 3 3 15 -800000 0 27 -800000 1
gene 3 4 15 -800000 0 28 -800000 1
gene 3 5 15 -112290 0 29 -112290 1
gene 1 6 15 -333309 0 30 -333309 1
gene 3 7 15 24969 0 31 24969 1
gene 3 8 15 322995 0 32 322995 1
gene 3 9 15 421629 0 33 421629 1
gene 3 10 15 155127 0 34 155127 0
gene 2 11 15 -211860 0 35 -211860 1
gene 4 12 15 179571 0 36 179571 0
gene 4 15 15 -511107 1 174 -511107 1
gene 3 8 121 -800000 0 329 -800000 0
gene 3 121 15 -726144 0 330 -726144 1
gene 2 5 121 -75483 0 438 -75483 1
gene 2 7 121 65982 0 483 65982 0
gene 4 4 235 323523 0 666 323523 1
gene 4 235 14 -509625 0 667 -509625 1
gene 1 1 235 20160 0 753 20160 1
gene 3 9 235 -8937 0 1108 -8937 1
gene 3 10 384 -14982 0 1126 -14982 1
gene 3 384 15 526206 0 1127 526206 1
gene 2 14 14 800000 1 1197 800000 1
gene 3 7 420 -328488 0 1239 -328488 0
gene 3 420 15 260994 0 1240 260994 0
gene 3 2 433 225711 0 1284 225711 1
gene 3 433 13 296475 0 1285 296475 1
gene 4 3 461 -663833 0 1352 -663833 1
gene 4 461 14 -506652 0 1353 -506652 1
gene 4 15 500 -114999 1 1453 -114999 1
gene 4 500 15 505935 0 1454 505935 0
gene 1 8 516 73224 0 1500 73224 1
gene 1 516 14 -30291 0 1501 -30291 0
gene 1 384 121 800000 0 1548 800000 1
gene 2 8 461 -14347 0 1965 -14347 1
gene 3 3 697 -78798 0 2038 -78798 1
gene 3 697 15 512258 0 2039 512258 0
gene 2 1 500 -112395 0 2133 -112395 1
gene 1 3 433 -269631 0 2628 -269631 1
gene 1 516 516 -800000 1 2664 -800000 1
gene 3 8 1018 -294284 0 2997 -294284 1
gene 3 1018 121 279549 0 2998 279549 0
gene 3 15 433 696596 0 3156 696596 1
gene 2 10 1130 89106 0 3329 89106 1
gene 1 1130 14 800000 0 3330 800000 1
gene 3 500 697 398466 0 3371 398466 1
gene 2 3 516 177522 0 3603 177522 1
gene 2 9 1323 -170550 0 3885 -170550 0
gene 2 1323 14 271920 0 3886 271920 1
gene 2 121 420 -388773 0 3959 -388773 1
gene 2 8 1393 -45918 0 4093 -45918 1
gene 2 1393 13 -636564 0 4094 -636564 0
gene 1 11 1479 690377 0 4325 690377 1
gene 4 1479 14 -124221 0 4326 -124221 1
gene 4 12 1531 -708456 0 4477 -708456 1
gene 4 1531 15 -7353 0 4478 -7353 1
gene 3 1393 433 -54267 0 4734 -54267 1
gene 2 1323 1683 -201873 0 4950 -201873 1
gene 2 1683 14 -347379 0 4951 -347379 1
gene 3 6 1735 128895 0 5103 128895 1
gene 3 1735 14 -206199 0 5104 -206199 1
gene 1 5 516 -257115 0 5346 -257115 1
gene 1 516 433 198210 0 5443 198210 1
gene 3 2 1875 626564 0 5505 626564 1
gene 3 1875 433 -800000 0 5506 -800000 1
gene 1 1683 461 270111 0 5687 270111 1
gene 1 516 121 305961 0 5877 305961 1
gene 3 3 2034 -526730 0 5939 -526730 1
gene 3 2034 697 126156 0 5940 126156 1
gene 3 5 1479 103044 0 6157 103044 1
gene 3 7 2142 234675 0 6248 234675 1
gene 3 2142 420 21258 0 6249 21258 1
gene 3 420 2172 -796526 0 6332 -796526 1
gene 3 2172 15 27960 0 6333 27960 1
gene 2 1735 1735 800000 1 6388 800000 1
gene 2 8 2206 -162264 0 6436 -162264 1
gene 1 2206 1393 82044 0 6437 82044 0
gene 2 121 2313 402546 0 6747 402546 1
gene 2 2313 420 365559 0 6748 365559 1
gene 2 9 2332 -689304 0 6797 -689304 0
gene 2 2332 1323 -70515 0 6798 -70515 1
gene 4 1323 2034 233901 0 6848 233901 1
gene 2 7 2368 538389 0 6897 538389 1
gene 2 2368 121 57480 0 6898 57480 1
gene 2 384 1531 122577 0 7018 122577 1
gene 2 2142 1018 674531 0 7205 674531 1
gene 3 2206 2034 -449313 0 7245 -449313 1
gene 2 7 2491 -285741 0 7283 -285741 1
gene 2 2491 2368 134157 0 7284 134157 1
gene 2 5 2512 379740 0 7337 379740 1
gene 2 2512 13 276712 0 7338 276712 0
gene 2 10 2530 -191823 0 7387 -191823 1
gene 2 2530 13 -219189 0 7388 -219189 0
gene 3 9 2547 687797 0 7440 687797 1
gene 3 2547 13 800000 0 7441 800000 1
gene 2 2530 1479 -483218 0 7594 -483218 0
gene 1 1479 2692 -26091 0 7856 -26091 1
gene 1 2692 14 -161448 0 7857 -161448 1
gene 3 4 1130 -40251 0 7980 -40251 1
gene 4 3 2786 -230427 0 8132 -230427 1
gene 4 2786 14 -28479 0 8133 -28479 1
gene 4 2547 1735 108984 0 8311 108984 1
gene 3 2692 461 620925 0 8358 620925 1
gene 4 500 2912 348540 0 8507 348540 1
gene 1 2912 15 83991 0 8508 83991 1
gene 1 2912 1130 142029 0 8750 142029 1
gene 2 2142 3009 -343653 0 8799 -343653 1
gene 2 3009 1018 33630 0 8800 33630 0
gene 3 2034 2034 47310 1 8851 47310 1
gene 2 2512 3108 530313 0 9104 530313 1
gene 2 3108 13 -171606 0 9105 -171606 1
gene 1 2491 235 -124074 0 9236 -124074 1
gene 2 9 3213 -62913 0 9416 -62913 1
gene 2 3213 2332 484869 0 9417 484869 1
gene 1 516 3249 -189558 0 9516 -189558 1
gene 1 3249 14 -187698 0 9517 -187698 1
gene 2 1393 3336 268038 0 9780 268038 1
gene 2 3336 13 202683 0 9781 202683 1
gene 2 2530 3356 -470802 0 9835 -470802 1
gene 2 3356 1479 -89913 0 9836 -89913 1
gene 3 2034 3443 -134526 1 10105 -134526 1
gene 3 3443 2034 -220998 0 10106 -220998 1
gene 3 697 3469 130608 0 10184 130608 1
gene 3 3469 15 -507081 0 10185 -507081 1
gene 3 3009 3009 281688 1 10235 281688 1
gene 2 3009 3532 -14091 0 10378 -14091 1
gene 2 3532 1018 374001 0 10379 374001 1
gene 3 3108 2142 -233091 0 10666 -233091 1
gene 4 2313 3336 -220188 0 10820 -220188 1
gene 1 3009 516 -246078 0 10909 -246078 1
gene 1 2206 3792 -204117 0 11168 -204117 1
gene 1 3792 1393 168297 0 11169 168297 1
gene 3 2 3961 -52115 0 11675 -52115 1
gene 3 3961 15 -401073 0 11676 -401073 1
gene 2 10 3974 -171800 0 11714 -171800 1
gene 2 3974 13 -559167 0 11715 -559167 1
gene 2 2530 3990 -210434 0 11761 -210434 1
gene 2 3990 13 19434 0 11762 19434 1
genomeend 62


/* Organism #73 Fitness: 280.000000 Time: 0 */
/* Position #73*/
#1 x: 36 y: 24
#2 x: 15 y: 26
#3 x: 51 y: 36
#4 x: 82 y: 72
#5 x: 32 y: 78
#6 x: 71 y: 77
genomestart 73
trait 1 43007.000000 16300.000000 6994.000000 28041.000000 57524.000000 37112.000000 87908.000000 80535.000000 trait 2 0.000000 0.000000 37024.000000 100000.000000 47120.000000 75537.000000 50358.000000 78174.000000 trait 3 0.000000 0.000000 0.000000 51304.000000 0.000000 13538.000000 70969.000000 30146.000000 trait 4 4.000000 0.000000 0.000000 36940.000000 0.000000 0.000000 43316.000000 37957.000000 node 1 4 1 3
node 2 4 1 1
node 3 1 1 1
node 4 1 1 1
node 5 1 1 1
node 6 2 1 1
node 7 4 1 1
node 8 4 1 1
node 9 2 1 1
node 10 1 1 1
node 11 2 1 1
node 12 4 1 1
node 13 2 0 2
node 14 1 0 2
node 15 3 0 2
node 121 1 0 0
node 235 1 0 0
node 384 1 0 0
node 420 1 0 0
node 433 1 0 0
node 461 1 0 0
node 500 1 0 0
node 516 1 0 0
node 697 3 0 0
node 1018 1 0 0
node 1130 1 0 0
node 1323 3 0 0
node 1393 1 0 0
node 1479 1 0 0
node 1531 4 0 0
node 1683 1 0 0
node 1735 1 0 0
node 1875 1 0 0
node 2034 1 0 0
node 2142 1 0 0
node 2172 1 0 0
node 2206 1 0 0
node 2313 2 0 0
node 2332 1 0 0
node 2368 3 0 0
node 2491 1 0 0
node 2512 1 0 0
node 2530 1 0 0
node 2547 1 0 0
node 2692 1 0 0
node 2786 1 0 0
node 2915 3 0 0
node 3042 3 0 0
node 3079 1 0 0
node 3409 1 0 0
node 3511 1 0 0
node 3548 1 0 0
node 3653 1 0 0
node 3813 1 0 0
node 3930 1 0 0
node 3977 1 0 0
gene 2 1 13 183432 0 1 183432 1
gene 3 2 13 573474 0 2 573474 1
gene 2 3 13 -800000 0 3 -800000 1
gene 3 4 13 -524361 0 4 -524361 1
gene 2 5 13 514932 0 5 514932 0
gene 4 6 13 560778 0 6 560778 1
gene 3 7 13 -263445 0 7 -263445 1
gene 2 8 13 -228795 0 8 -228795 0
gene 3 9 13 -507051 0 9 -507051 1
gene 2 10 13 289428 0 10 289428 0
gene 2 11 13 737000 0 11 737000 1
gene 4 12 13 -323562 0 12 -323562 1
gene 2 1 14 -299379 0 13 -299379 1
gene 2 2 14 -308697 0 14 -308697 1
gene 4 3 14 452478 0 15 452478 1
gene 4 4 14 800000 0 16 800000 1
gene 4 5 14 1686 0 17 1686 1
gene 3 6 14 298326 0 18 298326 0
gene 2 7 14 -592518 0 19 -592518 1
gene 1 8 14 -108036 0 20 -108036 0
gene 3 9 14 -475368 0 21 -475368 1
gene 1 10 14 -659445 0 22 -659445 1
gene 1 11 14 225741 0 23 225741 1
gene 3 12 14 -63468 0 24 -63468 1
gene 3 1 15 740118 0 25 740118 1
gene 3 2 15 49416 0 26 49416 1
gene 3 3 15 108318 0 27 108318 0
gene 3 4 15 602699 0 28 602699 1
gene 3 5 15 -279444 0 29 -279444 1
gene 1 6 15 481082 0 30 481082 1
gene 3 7 15 -421164 0 31 -421164 1
gene 3 8 15 348999 0 32 348999 1
gene 3 9 15 551678 0 33 551678 1
gene 3 10 15 -448212 0 34 -448212 1
gene 2 11 15 -114615 0 35 -114615 1
gene 4 12 15 -153789 0 36 -153789 1
gene 4 15 15 151353 1 174 151353 1
gene 3 8 121 309309 0 329 309309 1
gene 3 121 15 -800000 0 330 -800000 1
gene 2 5 121 -481779 0 438 -481779 0
gene 2 7 121 243588 0 483 243588 0
gene 4 4 235 -317745 0 666 -317745 1
gene 4 235 14 -675230 0 667 -675230 1
gene 1 1 235 444483 0 753 444483 1
gene 3 9 235 -61584 0 1108 -61584 1
gene 3 10 384 -627690 0 1126 -627690 1
gene 3 384 15 -104307 0 1127 -104307 1
gene 2 14 14 317616 1 1197 317616 1
gene 3 7 420 -447540 0 1239 -447540 0
gene 3 420 15 85527 0 1240 85527 0
gene 3 2 433 525822 0 1284 525822 1
gene 3 433 13 533952 0 1285 533952 1
gene 4 3 461 -408996 0 1352 -408996 0
gene 4 461 14 800000 0 1353 800000 1
gene 4 15 500 4716 1 1453 4716 1
gene 4 500 15 -469530 0 1454 -469530 1
gene 1 8 516 -1620 0 1500 -1620 1
gene 1 516 14 70251 0 1501 70251 1
gene 1 384 121 412512 0 1548 412512 1
gene 2 8 461 -59031 0 1965 -59031 1
gene 3 3 697 -583740 0 2038 -583740 1
gene 3 697 15 57474 0 2039 57474 1
gene 2 1 500 257826 0 2133 257826 1
gene 1 3 433 572459 0 2628 572459 1
gene 1 516 516 -42165 1 2664 -42165 1
gene 3 8 1018 -19251 0 2997 -19251 1
gene 3 1018 121 -800000 0 2998 -800000 0
gene 3 15 433 365895 0 3156 365895 1
gene 1 10 1130 10773 0 3329 10773 1
gene 1 1130 14 84003 0 3330 84003 1
gene 3 500 697 420891 0 3371 420891 1
gene 2 3 516 -532298 0 3603 -532298 0
gene 2 9 1323 28107 0 3885 28107 0
gene 2 1323 14 -663108 0 3886 -663108 1
gene 2 121 420 -668226 0 3959 -668226 1
gene 2 8 1393 -381369 0 4093 -381369 1
gene 2 1393 13 -480489 0 4094 -480489 1
gene 1 11 1479 -757706 0 4325 -757706 1
gene 1 1479 14 -210201 0 4326 -210201 1
gene 4 12 1531 327579 0 4477 327579 1
gene 4 1531 15 -519749 0 4478 -519749 1
gene 3 1393 433 -48477 0 4734 -48477 1
gene 2 1323 1683 -667575 0 4950 -667575 1
gene 2 1683 14 138516 0 4951 138516 1
gene 3 6 1735 348057 0 5103 348057 1
gene 3 1735 14 -22050 0 5104 -22050 1
gene 1 5 516 228411 0 5346 228411 1
gene 1 516 433 -435477 0 5443 -435477 1
gene 3 2 1875 -27582 0 5505 -27582 1
gene 3 1875 433 122481 0 5506 122481 1
gene 1 1683 461 -731462 0 5687 -731462 1
gene 1 516 121 -63363 0 5877 -63363 1
gene 3 3 2034 -337032 0 5939 -337032 1
gene 3 2034 697 -196824 0 5940 -196824 1
gene 3 5 1479 -408060 0 6157 -408060 1
gene 3 7 2142 256932 0 6248 256932 1
gene 3 2142 420 -264461 0 6249 -264461 1
gene 3 420 2172 -206658 0 6332 -206658 1
gene 3 2172 15 318645 0 6333 318645 1
gene 2 1735 1735 -136620 1 6388 -136620 1
gene 2 8 2206 -221421 0 6436 -221421 0
gene 2 2206 1393 -4335 0 6437 -4335 1
gene 2 121 2313 495702 0 6747 495702 1
gene 2 2313 420 -174027 0 6748 -174027 1
gene 2 9 2332 -800000 0 6797 -800000 1
gene 2 2332 1323 213948 0 6798 213948 0
gene 4 1323 2034 -286245 0 6848 -286245 1
gene 2 7 2368 -762567 0 6897 -762567 1
gene 2 2368 121 103692 0 6898 103692 1
gene 2 384 1531 -521712 0 7018 -521712 1
gene 2 2142 1018 -563178 0 7205 -563178 1
gene 3 2206 2034 -23805 0 7245 -23805 1
gene 2 7 2491 -134436 0 7283 -134436 1
gene 2 2491 2368 -171600 0 7284 -171600 1
gene 2 5 2512 678311 0 7337 678311 1
gene 2 2512 13 -2229 0 7338 -2229 0
gene 2 10 2530 -800000 0 7387 -800000 1
gene 2 2530 13 622380 0 7388 622380 1
gene 3 9 2547 338904 0 7440 338904 1
gene 3 2547 13 -800000 0 7441 -800000 1
gene 2 2530 1479 -411216 0 7594 -411216 1
gene 1 1479 2692 299931 0 7856 299931 0
gene 1 2692 14 -364974 0 7857 -364974 1
gene 3 4 1130 404439 0 7980 404439 1
gene 4 3 2786 -632373 0 8132 -632373 1
gene 4 2786 14 33888 0 8133 33888 1
gene 3 384 384 -2073 1 8429 -2073 1
gene 2 3 2915 144669 0 8516 144669 1
gene 2 2915 516 701739 0 8517 701739 1
gene 4 433 433 157806 1 8562 157806 1
gene 2 2547 1479 -122907 0 8709 -122907 0
gene 3 2206 1683 121197 0 8777 121197 0
gene 2 5 3042 -111834 0 8890 -111834 1
gene 2 3042 121 160884 0 8891 160884 1
gene 1 1479 3079 -225684 0 9004 -225684 1
gene 1 3079 2692 -105462 0 9005 -105462 1
gene 4 516 2547 -260046 0 9030 -260046 1
gene 3 1875 2915 747033 0 9219 747033 1
gene 2 2 420 -231942 0 9364 -231942 1
gene 2 1735 1531 402942 0 9549 402942 1
gene 4 9 697 -541455 0 9875 -541455 1
gene 4 12 2786 -101961 0 9948 -101961 1
gene 2 2547 3409 800000 0 10007 800000 1
gene 2 3409 1479 -187521 0 10008 -187521 1
gene 2 8 500 44805 0 10064 44805 1
gene 3 2206 3511 800000 0 10310 800000 1
gene 3 3511 1683 -231240 0 10311 -231240 1
gene 2 2332 3548 -144858 0 10423 -144858 1
gene 2 3548 1323 66813 0 10424 66813 0
gene 2 3548 3653 -216828 0 10741 -216828 1
gene 2 3653 1323 260355 0 10742 260355 1
gene 4 1393 3042 -159621 0 10907 -159621 1
gene 4 3 3813 414348 0 11225 414348 1
gene 4 3813 461 -288996 0 11226 -288996 1
gene 2 11 697 138327 0 11389 138327 1
gene 3 121 13 -131129 0 11432 -131129 1
gene 3 1531 1130 -82521 0 11488 -82521 1
gene 1 2547 2142 232911 0 11526 232911 1
gene 2 2512 3930 4971 0 11578 4971 1
gene 2 3930 13 -413382 0 11579 -413382 1
gene 2 8 3977 215197 0 11724 215197 1
gene 2 3977 2206 -33480 0 11725 -33480 1
genomeend 73


/* Organism #78 Fitness: 260.000000 Time: 0 */
/* Position #78*/
#1 x: 22 y: 32
#2 x: 61 y: 39
#3 x: 23 y: 21
#4 x: 65 y: 85
#5 x: 49 y: 61
#6 x: 77 y: 75
genomestart 78
trait 1 43007.000000 100000.000000 0.000000 6894.000000 57524.000000 66909.000000 87908.000000 44283.000000 trait 2 0.000000 43855.000000 0.000000 95786.000000 51940.000000 72099.000000 50358.000000 23911.000000 trait 3 0.000000 0.000000 0.000000 100000.000000 0.000000 13538.000000 0.000000 30146.000000 trait 4 4.000000 0.000000 0.000000 36940.000000 0.000000 0.000000 43316.000000 37957.000000 node 1 4 1 3
node 2 4 1 1
node 3 1 1 1
node 4 1 1 1
node 5 1 1 1
node 6 2 1 1
node 7 4 1 1
node 8 4 1 1
node 9 2 1 1
node 10 1 1 1
node 11 2 1 1
node 12 4 1 1
node 13 2 0 2
node 14 1 0 2
node 15 3 0 2
node 121 1 0 0
node 235 1 0 0
node 384 1 0 0
node 420 1 0 0
node 433 1 0 0
node 461 1 0 0
node 500 1 0 0
node 516 1 0 0
node 697 3 0 0
node 1018 1 0 0
node 1130 1 0 0
node 1323 3 0 0
node 1393 1 0 0
node 1479 1 0 0
node 1531 4 0 0
node 1683 1 0 0
node 1735 1 0 0
node 1875 1 0 0
node 2034 1 0 0
node 2142 1 0 0
node 2172 1 0 0
node 2206 1 0 0
node 2313 1 0 0
node 2332 1 0 0
node 2368 3 0 0
node 2491 1 0 0
node 2512 1 0 0
node 2530 1 0 0
node 2547 1 0 0
node 2692 1 0 0
node 2786 1 0 0
node 2915 1 0 0
node 3042 1 0 0
node 3079 1 0 0
node 3409 1 0 0
node 3511 1 0 0
node 3548 1 0 0
node 3573 1 0 0
node 3618 1 0 0
node 3643 1 0 0
node 3681 1 0 0
node 3757 1 0 0
node 3916 1 0 0
gene 2 1 13 -227445 0 1 -227445 1
gene 3 2 13 -302307 0 2 -302307 1
gene 2 3 13 144822 0 3 144822 1
gene 3 4 13 277515 0 4 277515 1
gene 2 5 13 -62352 0 5 -62352 0
gene 4 6 13 -560168 0 6 -560168 1
gene 3 7 13 202260 0 7 202260 1
gene 2 8 13 -28875 0 8 -28875 0
gene 3 9 13 -214767 0 9 -214767 1
gene 2 10 13 -19305 0 10 -19305 0
gene 2 11 13 -185073 0 11 -185073 1
gene 4 12 13 -218688 0 12 -218688 1
gene 2 1 14 263481 0 13 263481 1
gene 2 2 14 1689 0 14 1689 1
gene 4 3 14 62073 0 15 62073 1
gene 4 4 14 327912 0 16 327912 1
gene 4 5 14 353709 0 17 353709 1
gene 3 6 14 -94032 0 18 -94032 0
gene 2 7 14 -271635 0 19 -271635 1
gene 1 8 14 240135 0 20 240135 0
gene 3 9 14 23169 0 21 23169 1
gene 1 10 14 123618 0 22 123618 0
gene 1 11 14 284241 0 23 284241 1
gene 3 12 14 254175 0 24 254175 1
gene 3 1 15 452532 0 25 452532 1
gene 3 2 15 -260175 0 26 -260175 1
gene 3 3 15 -44280 0 27 -44280 0
gene 3 4 15 -59751 0 28 -59751 1
gene 3 5 15 -198024 0 29 -198024 1
gene 1 6 15 -468713 0 30 -468713 1
gene 3 7 15 -191847 0 31 -191847 1
gene 3 8 15 115596 0 32 115596 1
gene 3 9 15 -14067 0 33 -14067 1
gene 3 10 15 285144 0 34 285144 1
gene 2 11 15 66813 0 35 66813 0
gene 4 12 15 -2022 0 36 -2022 1
gene 4 15 15 -389214 1 174 -389214 1
gene 3 8 121 -800000 0 329 -800000 1
gene 3 121 15 646071 0 330 646071 0
gene 2 5 121 -156456 0 438 -156456 0
gene 2 7 121 -251346 0 483 -251346 0
gene 4 4 235 664557 0 666 664557 1
gene 4 235 14 165192 0 667 165192 1
gene 1 1 235 174573 0 753 174573 1
gene 3 9 235 212070 0 1108 212070 1
gene 3 10 384 145812 0 1126 145812 1
gene 3 384 15 108690 0 1127 108690 1
gene 2 14 14 -429024 1 1197 -429024 1
gene 3 7 420 685037 0 1239 685037 0
gene 3 420 15 -220833 0 1240 -220833 0
gene 3 2 433 293481 0 1284 293481 0
gene 3 433 13 124440 0 1285 124440 1
gene 4 3 461 -12873 0 1352 -12873 1
gene 4 461 14 -261108 0 1353 -261108 1
gene 4 15 500 86871 1 1453 86871 1
gene 4 500 15 313437 0 1454 313437 1
gene 1 8 516 -24147 0 1500 -24147 1
gene 1 516 14 -6465 0 1501 -6465 1
gene 1 384 121 198057 0 1548 198057 1
gene 2 8 461 476031 0 1965 476031 1
gene 3 3 697 514178 0 2038 514178 1
gene 3 697 15 59223 0 2039 59223 1
gene 2 1 500 -495849 0 2133 -495849 1
gene 1 3 433 37596 0 2628 37596 1
gene 1 516 516 149517 1 2664 149517 1
gene 3 8 1018 286164 0 2997 286164 1
gene 3 1018 121 -68925 0 2998 -68925 0
gene 3 15 433 -37302 0 3156 -37302 1
gene 1 10 1130 4317 0 3329 4317 1
gene 1 1130 14 -372735 0 3330 -372735 1
gene 3 500 697 -96401 0 3371 -96401 1
gene 2 3 516 -429447 0 3603 -429447 0
gene 2 9 1323 -240834 0 3885 -240834 0
gene 2 1323 14 89697 0 3886 89697 1
gene 2 121 420 -120549 0 3959 -120549 1
gene 2 8 1393 -367026 0 4093 -367026 1
gene 2 1393 13 161886 0 4094 161886 1
gene 1 11 1479 333381 0 4325 333381 1
gene 1 1479 14 -248559 0 4326 -248559 1
gene 4 12 1531 60276 0 4477 60276 1
gene 4 1531 15 210087 0 4478 210087 1
gene 3 1393 433 -397854 0 4734 -397854 1
gene 2 1323 1683 -32769 0 4950 -32769 1
gene 2 1683 14 263568 0 4951 263568 1
gene 3 6 1735 -211968 0 5103 -211968 0
gene 3 1735 14 -295368 0 5104 -295368 1
gene 1 5 516 -104313 0 5346 -104313 1
gene 1 516 433 74586 0 5443 74586 1
gene 3 2 1875 513660 0 5505 513660 1
gene 3 1875 433 -450102 0 5506 -450102 1
gene 1 1683 461 -81291 0 5687 -81291 1
gene 1 516 121 413682 0 5877 413682 1
gene 3 3 2034 -285039 0 5939 -285039 1
gene 3 2034 697 45204 0 5940 45204 1
gene 3 5 1479 -800000 0 6157 -800000 1
gene 3 7 2142 -172230 0 6248 -172230 1
gene 3 2142 420 -209682 0 6249 -209682 1
gene 3 420 2172 32352 0 6332 32352 1
gene 3 2172 15 -89733 0 6333 -89733 1
gene 2 1735 1735 -190941 1 6388 -190941 1
gene 2 8 2206 6150 0 6436 6150 1
gene 2 2206 1393 -119364 0 6437 -119364 1
gene 2 121 2313 -55856 0 6747 -55856 1
gene 2 2313 420 339765 0 6748 339765 1
gene 2 9 2332 152325 0 6797 152325 1
gene 2 2332 1323 -47840 0 6798 -47840 0
gene 4 1323 2034 149625 0 6848 149625 1
gene 2 7 2368 175410 0 6897 175410 1
gene 2 2368 121 -22716 0 6898 -22716 1
gene 2 384 1531 -414273 0 7018 -414273 1
gene 2 2142 1018 -450732 0 7205 -450732 1
gene 3 2206 2034 47916 0 7245 47916 1
gene 2 7 2491 85569 0 7283 85569 0
gene 2 2491 2368 113346 0 7284 113346 1
gene 2 5 2512 366780 0 7337 366780 1
gene 2 2512 13 409968 0 7338 409968 1
gene 2 10 2530 257295 0 7387 257295 1
gene 2 2530 13 210339 0 7388 210339 1
gene 3 9 2547 -583656 0 7440 -583656 1
gene 3 2547 13 -66141 0 7441 -66141 1
gene 2 2530 1479 77493 0 7594 77493 1
gene 1 1479 2692 732939 0 7856 732939 0
gene 1 2692 14 158289 0 7857 158289 1
gene 3 4 1130 -624423 0 7980 -624423 1
gene 4 3 2786 180078 0 8132 180078 1
gene 4 2786 14 78705 0 8133 78705 1
gene 3 384 384 -180327 1 8429 -180327 1
gene 2 3 2915 -56427 0 8516 -56427 1
gene 2 2915 516 -281706 0 8517 -281706 1
gene 4 433 433 -91293 1 8562 -91293 1
gene 2 2547 1479 82596 0 8709 82596 0
gene 3 2206 1683 -239130 0 8777 -239130 0
gene 2 5 3042 34203 0 8890 34203 1
gene 2 3042 121 204084 0 8891 204084 1
gene 1 1479 3079 -57918 0 9004 -57918 1
gene 1 3079 2692 -239538 0 9005 -239538 1
gene 4 516 2547 510342 0 9030 510342 1
gene 3 1875 2915 167283 0 9219 167283 1
gene 2 2 420 -38829 0 9364 -38829 1
gene 2 1735 1531 -671307 0 9549 -671307 1
gene 4 9 697 147633 0 9875 147633 1
gene 4 12 2786 572367 0 9948 572367 1
gene 2 2547 3409 13221 0 10007 13221 1
gene 2 3409 1479 -81117 0 10008 -81117 1
gene 2 8 500 466419 0 10064 466419 1
gene 3 2206 3511 -294972 0 10310 -294972 1
gene 3 3511 1683 161052 0 10311 161052 1
gene 2 2332 3548 -435270 0 10423 -435270 1
gene 2 3548 1323 -169302 0 10424 -169302 1
gene 1 10 461 -282231 0 10464 -282231 1
gene 2 11 3573 -274755 0 10504 -274755 1
gene 2 3573 15 190920 0 10505 190920 1
gene 3 6 3618 -72381 0 10634 -72381 1
gene 3 3618 1735 78105 0 10635 78105 1
gene 2 7 3643 536745 0 10711 536745 1
gene 2 3643 2491 72144 0 10712 72144 1
gene 1 10 3681 -196296 0 10834 -196296 1
gene 1 3681 14 -108201 0 10835 -108201 1
gene 3 2 3757 -288213 0 11069 -288213 1
gene 3 3757 433 -50124 0 11070 -50124 1
gene 2 1130 235 -356811 0 11106 -356811 1
gene 2 1735 3079 165306 0 11155 165306 1
gene 2 1018 2530 -678574 0 11423 -678574 1
gene 3 121 3916 -550296 0 11535 -550296 1
gene 3 3916 15 -116469 0 11536 -116469 1
genomeend 78


