/* Organism #0 Fitness: 260.000000 Time: 0 */
/* Position #0*/
#1 x: 22 y: 31
#2 x: 43 y: 38
#3 x: 75 y: 18
#4 x: 48 y: 72
#5 x: 19 y: 72
#6 x: 82 y: 80
genomestart 0
node 1 1 1 3
node 2 1 1 1
node 3 4 1 1
node 4 2 1 1
node 5 3 1 1
node 6 1 1 1
node 7 1 1 1
node 8 3 1 1
node 9 2 1 1
node 10 2 1 1
node 11 4 1 1
node 12 1 1 1
node 13 3 0 2
node 14 1 0 2
node 15 1 0 2
gene 1 1 13 -661788 0 1 -661788 1
gene 2 2 13 214095 0 2 214095 1
gene 1 3 13 532175 0 3 532175 1
gene 4 4 13 -219698 0 4 -219698 1
gene 4 5 13 -38898 0 5 -38898 1
gene 3 6 13 -697031 0 6 -697031 1
gene 1 7 13 800000 0 7 800000 1
gene 2 8 13 -709856 0 8 -709856 1
gene 3 9 13 698765 0 9 698765 1
gene 2 10 13 -239903 0 10 -239903 1
gene 1 11 13 769881 0 11 769881 1
gene 2 12 13 8991 0 12 8991 1
gene 1 1 14 328047 0 13 328047 1
gene 4 2 14 84363 0 14 84363 1
gene 4 3 14 700997 0 15 700997 1
gene 4 4 14 -336582 0 16 -336582 1
gene 1 5 14 99720 0 17 99720 1
gene 4 6 14 800000 0 18 800000 1
gene 2 7 14 -84225 0 19 -84225 1
gene 2 8 14 3378 0 20 3378 1
gene 4 9 14 742175 0 21 742175 1
gene 2 10 14 -205548 0 22 -205548 1
gene 4 11 14 575304 0 23 575304 1
gene 3 12 14 -675269 0 24 -675269 1
gene 3 1 15 80383 0 25 80383 1
gene 2 2 15 276479 0 26 276479 1
gene 4 3 15 712778 0 27 712778 1
gene 4 4 15 -525125 0 28 -525125 1
gene 2 5 15 176685 0 29 176685 1
gene 4 6 15 276074 0 30 276074 1
gene 3 7 15 -800000 0 31 -800000 1
gene 3 8 15 -54420 0 32 -54420 1
gene 4 9 15 -97320 0 33 -97320 1
gene 4 10 15 143085 0 34 143085 1
gene 2 11 15 -800000 0 35 -800000 1
gene 2 12 15 -97761 0 36 -97761 1
gene 1 14 15 251310 0 48 251310 1
gene 1 14 13 375599 0 131 375599 1
gene 1 13 15 -411804 0 311 -411804 1
genomeend 0


/* Organism #1 Fitness: 380.000000 Time: 0 */
/* Position #1*/
#1 x: 22 y: 31
#2 x: 43 y: 38
#3 x: 75 y: 18
#4 x: 48 y: 72
#5 x: 19 y: 72
#6 x: 82 y: 80
genomestart 1
node 1 1 1 3
node 2 1 1 1
node 3 2 1 1
node 4 2 1 1
node 5 3 1 1
node 6 1 1 1
node 7 3 1 1
node 8 3 1 1
node 9 2 1 1
node 10 2 1 1
node 11 4 1 1
node 12 1 1 1
node 13 3 0 2
node 14 2 0 2
node 15 2 0 2
gene 2 1 13 580179 0 1 580179 1
gene 2 2 13 -185835 0 2 -185835 1
gene 1 3 13 452163 0 3 452163 1
gene 4 4 13 -85911 0 4 -85911 1
gene 4 5 13 -567618 0 5 -567618 1
gene 3 6 13 -526656 0 6 -526656 1
gene 1 7 13 800000 0 7 800000 1
gene 1 8 13 -800000 0 8 -800000 1
gene 3 9 13 42363 0 9 42363 1
gene 2 10 13 664541 0 10 664541 1
gene 1 11 13 181176 0 11 181176 1
gene 2 12 13 -370440 0 12 -370440 1
gene 1 1 14 125097 0 13 125097 1
gene 4 2 14 -175397 0 14 -175397 1
gene 4 3 14 -485159 0 15 -485159 1
gene 4 4 14 191806 0 16 191806 1
gene 1 5 14 231459 0 17 231459 1
gene 4 6 14 67314 0 18 67314 1
gene 2 7 14 -239973 0 19 -239973 1
gene 2 8 14 260370 0 20 260370 1
gene 4 9 14 60645 0 21 60645 1
gene 2 10 14 -800000 0 22 -800000 1
gene 4 11 14 438006 0 23 438006 1
gene 3 12 14 42063 0 24 42063 1
gene 3 1 15 470445 0 25 470445 1
gene 2 2 15 67251 0 26 67251 1
gene 4 3 15 -260802 0 27 -260802 1
gene 4 4 15 170043 0 28 170043 1
gene 2 5 15 -254060 0 29 -254060 1
gene 4 6 15 -297140 0 30 -297140 1
gene 3 7 15 -800000 0 31 -800000 1
gene 3 8 15 -244113 0 32 -244113 1
gene 4 9 15 545544 0 33 545544 1
gene 4 10 15 -494241 0 34 -494241 1
gene 2 11 15 62637 0 35 62637 1
gene 2 12 15 -324989 0 36 -324989 1
gene 4 14 15 23781 0 48 23781 1
gene 1 14 13 -208602 0 131 -208602 1
gene 1 14 14 80460 1 215 80460 1
gene 1 13 15 175218 0 320 175218 1
genomeend 1


/* Organism #2 Fitness: 320.000000 Time: 0 */
/* Position #2*/
#1 x: 71 y: 23
#2 x: 36 y: 20
#3 x: 53 y: 27
#4 x: 46 y: 85
#5 x: 31 y: 60
#6 x: 66 y: 62
genomestart 2
node 1 1 1 3
node 2 1 1 1
node 3 2 1 1
node 4 2 1 1
node 5 3 1 1
node 6 1 1 1
node 7 3 1 1
node 8 3 1 1
node 9 2 1 1
node 10 2 1 1
node 11 4 1 1
node 12 1 1 1
node 13 3 0 2
node 14 2 0 2
node 15 2 0 2
gene 2 1 13 770460 0 1 770460 1
gene 2 2 13 -322350 0 2 -322350 1
gene 1 3 13 342903 0 3 342903 1
gene 4 4 13 -108321 0 4 -108321 1
gene 4 5 13 -379722 0 5 -379722 1
gene 3 6 13 -273792 0 6 -273792 1
gene 1 7 13 800000 0 7 800000 1
gene 1 8 13 -651840 0 8 -651840 1
gene 3 9 13 -75 0 9 -75 1
gene 2 10 13 514727 0 10 514727 1
gene 1 11 13 -6108 0 11 -6108 1
gene 2 12 13 -466779 0 12 -466779 1
gene 1 1 14 -149115 0 13 -149115 1
gene 4 2 14 -391229 0 14 -391229 1
gene 4 3 14 -398921 0 15 -398921 1
gene 4 4 14 472714 0 16 472714 1
gene 1 5 14 87813 0 17 87813 1
gene 4 6 14 99669 0 18 99669 1
gene 2 7 14 -140352 0 19 -140352 1
gene 2 8 14 -1446 0 20 -1446 1
gene 4 9 14 -147984 0 21 -147984 1
gene 2 10 14 -761169 0 22 -761169 1
gene 4 11 14 355764 0 23 355764 1
gene 3 12 14 -132363 0 24 -132363 1
gene 3 1 15 372471 0 25 372471 1
gene 2 2 15 9582 0 26 9582 1
gene 4 3 15 -248160 0 27 -248160 1
gene 4 4 15 92292 0 28 92292 1
gene 2 5 15 -488441 0 29 -488441 1
gene 4 6 15 -354176 0 30 -354176 1
gene 3 7 15 -716151 0 31 -716151 1
gene 3 8 15 -425529 0 32 -425529 1
gene 4 9 15 358365 0 33 358365 1
gene 4 10 15 -546648 0 34 -546648 1
gene 2 11 15 -155313 0 35 -155313 1
gene 2 12 15 -456707 0 36 -456707 1
gene 4 14 15 23781 0 48 23781 1
gene 1 14 13 192531 0 131 192531 1
gene 1 14 14 155202 1 215 155202 1
gene 1 13 15 68843 0 320 68843 1
genomeend 2


/* Organism #3 Fitness: 260.000000 Time: 0 */
/* Position #3*/
#1 x: 71 y: 23
#2 x: 36 y: 20
#3 x: 53 y: 27
#4 x: 46 y: 85
#5 x: 31 y: 60
#6 x: 66 y: 62
genomestart 3
node 1 1 1 3
node 2 4 1 1
node 3 2 1 1
node 4 2 1 1
node 5 3 1 1
node 6 1 1 1
node 7 3 1 1
node 8 3 1 1
node 9 4 1 1
node 10 2 1 1
node 11 4 1 1
node 12 1 1 1
node 13 3 0 2
node 14 1 0 2
node 15 2 0 2
gene 2 1 13 -692261 0 1 -692261 1
gene 2 2 13 -627171 0 2 -627171 1
gene 1 3 13 394407 0 3 394407 1
gene 4 4 13 -620606 0 4 -620606 1
gene 4 5 13 -704963 0 5 -704963 1
gene 3 6 13 -95502 0 6 -95502 1
gene 1 7 13 -336776 0 7 -336776 1
gene 1 8 13 -543051 0 8 -543051 1
gene 3 9 13 684170 0 9 684170 1
gene 3 10 13 215421 0 10 215421 1
gene 1 11 13 -800000 0 11 -800000 1
gene 2 12 13 -311310 0 12 -311310 1
gene 1 1 14 -176757 0 13 -176757 1
gene 4 2 14 -607275 0 14 -607275 1
gene 4 3 14 -296799 0 15 -296799 1
gene 4 4 14 -800000 0 16 -800000 1
gene 1 5 14 -122265 0 17 -122265 1
gene 4 6 14 725406 0 18 725406 1
gene 2 7 14 -145239 0 19 -145239 1
gene 2 8 14 -239937 0 20 -239937 1
gene 4 9 14 44892 0 21 44892 1
gene 2 10 14 -800000 0 22 -800000 1
gene 4 11 14 397881 0 23 397881 1
gene 3 12 14 709635 0 24 709635 1
gene 3 1 15 -525092 0 25 -525092 1
gene 2 2 15 31080 0 26 31080 1
gene 4 3 15 386145 0 27 386145 1
gene 4 4 15 -531945 0 28 -531945 1
gene 2 5 15 -445532 0 29 -445532 1
gene 4 6 15 553619 0 30 553619 1
gene 3 7 15 196131 0 31 196131 1
gene 3 8 15 -800000 0 32 -800000 1
gene 4 9 15 459594 0 33 459594 1
gene 4 10 15 -308337 0 34 -308337 1
gene 2 11 15 172062 0 35 172062 1
gene 2 12 15 524901 0 36 524901 1
gene 3 14 15 115944 0 48 115944 1
gene 1 14 13 173835 0 131 173835 1
gene 1 14 14 72864 1 215 72864 1
gene 1 13 13 -656064 1 253 -656064 1
genomeend 3


/* Organism #16 Fitness: 260.000000 Time: 0 */
/* Position #16*/
#1 x: 24 y: 36
#2 x: 34 y: 33
#3 x: 51 y: 15
#4 x: 48 y: 77
#5 x: 40 y: 60
#6 x: 84 y: 81
genomestart 16
node 1 3 1 3
node 2 2 1 1
node 3 2 1 1
node 4 2 1 1
node 5 3 1 1
node 6 1 1 1
node 7 4 1 1
node 8 1 1 1
node 9 2 1 1
node 10 2 1 1
node 11 1 1 1
node 12 1 1 1
node 13 4 0 2
node 14 1 0 2
node 15 1 0 2
gene 3 1 13 -497937 0 1 -497937 1
gene 2 2 13 -800000 0 2 -800000 1
gene 1 3 13 187458 0 3 187458 1
gene 4 4 13 741668 0 4 741668 1
gene 4 5 13 -577392 0 5 -577392 1
gene 3 6 13 213981 0 6 213981 1
gene 1 7 13 -295047 0 7 -295047 1
gene 1 8 13 -406541 0 8 -406541 1
gene 3 9 13 150237 0 9 150237 1
gene 2 10 13 -290214 0 10 -290214 1
gene 1 11 13 -240501 0 11 -240501 1
gene 2 12 13 306933 0 12 306933 1
gene 1 1 14 102198 0 13 102198 1
gene 4 2 14 -224976 0 14 -224976 1
gene 4 3 14 -179250 0 15 -179250 1
gene 4 4 14 389241 0 16 389241 1
gene 2 5 14 -147861 0 17 -147861 1
gene 4 6 14 272160 0 18 272160 1
gene 2 7 14 -476484 0 19 -476484 1
gene 2 8 14 276435 0 20 276435 1
gene 4 9 14 800000 0 21 800000 1
gene 2 10 14 375870 0 22 375870 1
gene 4 11 14 -586965 0 23 -586965 1
gene 3 12 14 508293 0 24 508293 1
gene 1 1 15 652062 0 25 652062 1
gene 2 2 15 -800000 0 26 -800000 1
gene 4 3 15 775649 0 27 775649 1
gene 4 4 15 -778110 0 28 -778110 1
gene 2 5 15 -539169 0 29 -539169 1
gene 2 6 15 -359799 0 30 -359799 1
gene 3 7 15 671892 0 31 671892 1
gene 3 8 15 -42476 0 32 -42476 1
gene 4 9 15 517343 0 33 517343 1
gene 3 10 15 -472953 0 34 -472953 1
gene 4 11 15 -32469 0 35 -32469 1
gene 2 12 15 -3573 0 36 -3573 1
gene 4 14 15 -311094 0 48 -311094 1
gene 2 14 13 665982 0 73 665982 1
gene 1 15 15 -182694 1 93 -182694 1
gene 3 14 14 -166956 1 150 -166956 1
gene 3 15 13 7383 0 226 7383 1
genomeend 16


/* Organism #22 Fitness: 260.000000 Time: 0 */
/* Position #22*/
#1 x: 40 y: 22
#2 x: 64 y: 39
#3 x: 48 y: 32
#4 x: 58 y: 78
#5 x: 16 y: 78
#6 x: 69 y: 72
genomestart 22
node 1 3 1 3
node 2 2 1 1
node 3 1 1 1
node 4 2 1 1
node 5 3 1 1
node 6 4 1 1
node 7 4 1 1
node 8 1 1 1
node 9 2 1 1
node 10 2 1 1
node 11 1 1 1
node 12 1 1 1
node 13 4 0 2
node 14 1 0 2
node 15 1 0 2
gene 3 1 13 -320314 0 1 -320314 1
gene 2 2 13 250551 0 2 250551 1
gene 1 3 13 -343419 0 3 -343419 1
gene 4 4 13 -220173 0 4 -220173 1
gene 4 5 13 -213285 0 5 -213285 1
gene 3 6 13 800000 0 6 800000 1
gene 1 7 13 91386 0 7 91386 1
gene 1 8 13 322263 0 8 322263 1
gene 3 9 13 -37812 0 9 -37812 1
gene 2 10 13 263856 0 10 263856 1
gene 1 11 13 216843 0 11 216843 1
gene 2 12 13 453948 0 12 453948 1
gene 1 1 14 222942 0 13 222942 1
gene 4 2 14 423279 0 14 423279 1
gene 4 3 14 -488577 0 15 -488577 1
gene 4 4 14 27369 0 16 27369 1
gene 2 5 14 -9 0 17 -9 1
gene 4 6 14 -421296 0 18 -421296 1
gene 2 7 14 658439 0 19 658439 1
gene 4 8 14 -800000 0 20 -800000 1
gene 4 9 14 -12227 0 21 -12227 1
gene 2 10 14 -265514 0 22 -265514 1
gene 4 11 14 54708 0 23 54708 1
gene 3 12 14 273141 0 24 273141 1
gene 1 1 15 295239 0 25 295239 1
gene 2 2 15 196440 0 26 196440 1
gene 4 3 15 -673020 0 27 -673020 1
gene 4 4 15 -152078 0 28 -152078 1
gene 2 5 15 -430488 0 29 -430488 1
gene 2 6 15 -688035 0 30 -688035 1
gene 3 7 15 587883 0 31 587883 1
gene 3 8 15 -728036 0 32 -728036 1
gene 4 9 15 1926 0 33 1926 1
gene 3 10 15 -112455 0 34 -112455 1
gene 4 11 15 -520938 0 35 -520938 1
gene 2 12 15 35895 0 36 35895 1
gene 1 14 15 136173 0 48 136173 1
gene 2 14 13 -9411 0 73 -9411 1
gene 1 15 15 437541 1 93 437541 1
gene 3 14 14 238506 1 150 238506 1
gene 2 15 13 -306969 0 226 -306969 1
gene 1 13 13 153012 1 287 153012 1
genomeend 22


/* Organism #26 Fitness: 300.000000 Time: 0 */
/* Position #26*/
#1 x: 57 y: 17
#2 x: 16 y: 36
#3 x: 75 y: 21
#4 x: 63 y: 75
#5 x: 50 y: 67
#6 x: 70 y: 82
genomestart 26
node 1 2 1 3
node 2 4 1 1
node 3 4 1 1
node 4 1 1 1
node 5 4 1 1
node 6 4 1 1
node 7 4 1 1
node 8 3 1 1
node 9 4 1 1
node 10 4 1 1
node 11 3 1 1
node 12 2 1 1
node 13 1 0 2
node 14 3 0 2
node 15 3 0 2
gene 1 1 13 -134613 0 1 -134613 1
gene 1 2 13 594621 0 2 594621 1
gene 4 3 13 213309 0 3 213309 1
gene 3 4 13 -528081 0 4 -528081 1
gene 3 5 13 -215742 0 5 -215742 1
gene 1 6 13 696380 0 6 696380 1
gene 2 7 13 147924 0 7 147924 1
gene 1 8 13 -114504 0 8 -114504 1
gene 1 9 13 -520404 0 9 -520404 1
gene 1 10 13 35970 0 10 35970 1
gene 4 11 13 -4770 0 11 -4770 1
gene 1 12 13 611474 0 12 611474 1
gene 2 1 14 330921 0 13 330921 1
gene 1 2 14 348048 0 14 348048 1
gene 2 3 14 800000 0 15 800000 1
gene 3 4 14 800000 0 16 800000 1
gene 4 5 14 31251 0 17 31251 1
gene 3 6 14 800000 0 18 800000 1
gene 1 7 14 -173754 0 19 -173754 1
gene 4 8 14 -315027 0 20 -315027 1
gene 4 9 14 73941 0 21 73941 1
gene 3 10 14 208470 0 22 208470 1
gene 3 11 14 -800000 0 23 -800000 1
gene 4 12 14 38061 0 24 38061 1
gene 3 1 15 -4095 0 25 -4095 1
gene 3 2 15 -215625 0 26 -215625 1
gene 3 3 15 764531 0 27 764531 1
gene 4 4 15 -194751 0 28 -194751 1
gene 1 5 15 102945 0 29 102945 1
gene 1 6 15 432072 0 30 432072 1
gene 4 7 15 213555 0 31 213555 1
gene 3 8 15 -3267 0 32 -3267 1
gene 2 9 15 434796 0 33 434796 1
gene 4 10 15 195810 0 34 195810 1
gene 4 11 15 -493938 0 35 -493938 1
gene 4 12 15 -292785 0 36 -292785 1
gene 2 15 15 -125433 1 85 -125433 1
gene 1 15 13 -17415 0 110 -17415 1
gene 1 13 14 180126 0 122 180126 1
gene 1 15 14 -200214 0 211 -200214 1
genomeend 26


/* Organism #42 Fitness: 300.000000 Time: 0 */
/* Position #42*/
#1 x: 17 y: 39
#2 x: 82 y: 34
#3 x: 21 y: 27
#4 x: 55 y: 73
#5 x: 30 y: 75
#6 x: 79 y: 72
genomestart 42
node 1 1 1 3
node 2 1 1 1
node 3 2 1 1
node 4 2 1 1
node 5 3 1 1
node 6 1 1 1
node 7 1 1 1
node 8 3 1 1
node 9 2 1 1
node 10 2 1 1
node 11 4 1 1
node 12 4 1 1
node 13 3 0 2
node 14 1 0 2
node 15 3 0 2
gene 1 1 13 -198375 0 1 -198375 1
gene 2 2 13 -648990 0 2 -648990 1
gene 1 3 13 800000 0 3 800000 1
gene 1 4 13 1905 0 4 1905 1
gene 4 5 13 -692403 0 5 -692403 1
gene 3 6 13 7956 0 6 7956 1
gene 1 7 13 800000 0 7 800000 1
gene 1 8 13 -158088 0 8 -158088 1
gene 3 9 13 -519642 0 9 -519642 1
gene 2 10 13 -294714 0 10 -294714 1
gene 1 11 13 706947 0 11 706947 1
gene 2 12 13 -195216 0 12 -195216 1
gene 1 1 14 37911 0 13 37911 1
gene 4 2 14 292623 0 14 292623 1
gene 4 3 14 56460 0 15 56460 1
gene 4 4 14 -168210 0 16 -168210 1
gene 1 5 14 396444 0 17 396444 1
gene 4 6 14 78351 0 18 78351 1
gene 2 7 14 -800000 0 19 -800000 1
gene 2 8 14 -518205 0 20 -518205 1
gene 4 9 14 253389 0 21 253389 1
gene 2 10 14 108657 0 22 108657 1
gene 4 11 14 35742 0 23 35742 1
gene 3 12 14 212451 0 24 212451 1
gene 3 1 15 -657788 0 25 -657788 1
gene 3 2 15 664635 0 26 664635 1
gene 4 3 15 -161325 0 27 -161325 1
gene 4 4 15 -338907 0 28 -338907 1
gene 2 5 15 -23265 0 29 -23265 1
gene 4 6 15 82425 0 30 82425 1
gene 3 7 15 -800000 0 31 -800000 1
gene 3 8 15 -255933 0 32 -255933 1
gene 4 9 15 -93195 0 33 -93195 1
gene 4 10 15 -63708 0 34 -63708 1
gene 2 11 15 124791 0 35 124791 1
gene 2 12 15 -39111 0 36 -39111 1
gene 2 14 15 300048 0 48 300048 1
gene 1 14 13 -199224 0 131 -199224 1
gene 2 15 13 397236 0 329 397236 1
genomeend 42


/* Organism #48 Fitness: 380.000000 Time: 0 */
/* Position #48*/
#1 x: 20 y: 20
#2 x: 64 y: 17
#3 x: 72 y: 15
#4 x: 68 y: 69
#5 x: 50 y: 72
#6 x: 83 y: 85
genomestart 48
node 1 1 1 3
node 2 4 1 1
node 3 2 1 1
node 4 2 1 1
node 5 3 1 1
node 6 1 1 1
node 7 1 1 1
node 8 3 1 1
node 9 2 1 1
node 10 2 1 1
node 11 4 1 1
node 12 1 1 1
node 13 3 0 2
node 14 1 0 2
node 15 2 0 2
gene 2 1 13 -689810 0 1 -689810 1
gene 2 2 13 -101661 0 2 -101661 1
gene 1 3 13 191184 0 3 191184 1
gene 4 4 13 64824 0 4 64824 1
gene 4 5 13 317898 0 5 317898 1
gene 3 6 13 -154443 0 6 -154443 1
gene 1 7 13 -19452 0 7 -19452 1
gene 1 8 13 3135 0 8 3135 1
gene 3 9 13 517914 0 9 517914 1
gene 3 10 13 800000 0 10 800000 1
gene 1 11 13 644925 0 11 644925 1
gene 2 12 13 -113816 0 12 -113816 1
gene 1 1 14 800000 0 13 800000 1
gene 4 2 14 -367419 0 14 -367419 1
gene 4 3 14 -274394 0 15 -274394 1
gene 4 4 14 -198732 0 16 -198732 1
gene 1 5 14 -633942 0 17 -633942 1
gene 4 6 14 420392 0 18 420392 1
gene 2 7 14 197958 0 19 197958 1
gene 2 8 14 -203544 0 20 -203544 1
gene 4 9 14 -34656 0 21 -34656 1
gene 2 10 14 274866 0 22 274866 1
gene 4 11 14 -348192 0 23 -348192 1
gene 3 12 14 -377160 0 24 -377160 1
gene 3 1 15 321549 0 25 321549 1
gene 2 2 15 388623 0 26 388623 1
gene 4 3 15 -330840 0 27 -330840 1
gene 4 4 15 800000 0 28 800000 1
gene 2 5 15 -278700 0 29 -278700 1
gene 4 6 15 -236028 0 30 -236028 1
gene 3 7 15 -329988 0 31 -329988 1
gene 3 8 15 -759932 0 32 -759932 1
gene 4 9 15 -600767 0 33 -600767 1
gene 4 10 15 502641 0 34 502641 1
gene 2 11 15 490041 0 35 490041 1
gene 2 12 15 -155388 0 36 -155388 1
gene 4 14 15 114651 0 48 114651 1
gene 1 14 13 551496 0 131 551496 1
gene 1 14 14 -159312 1 215 -159312 1
gene 1 13 13 5262 1 253 5262 1
gene 4 15 13 462759 0 273 462759 1
genomeend 48


/* Organism #56 Fitness: 300.000000 Time: 0 */
/* Position #56*/
#1 x: 17 y: 37
#2 x: 77 y: 36
#3 x: 43 y: 26
#4 x: 58 y: 77
#5 x: 77 y: 74
#6 x: 47 y: 64
genomestart 56
node 1 3 1 3
node 2 1 1 1
node 3 2 1 1
node 4 3 1 1
node 5 3 1 1
node 6 1 1 1
node 7 3 1 1
node 8 3 1 1
node 9 2 1 1
node 10 2 1 1
node 11 4 1 1
node 12 1 1 1
node 13 3 0 2
node 14 1 0 2
node 15 1 0 2
gene 1 1 13 -119097 0 1 -119097 1
gene 2 2 13 -321213 0 2 -321213 1
gene 1 3 13 105966 0 3 105966 1
gene 4 4 13 -496491 0 4 -496491 1
gene 4 5 13 -542733 0 5 -542733 1
gene 3 6 13 86934 0 6 86934 1
gene 2 7 13 353304 0 7 353304 1
gene 1 8 13 -636563 0 8 -636563 1
gene 3 9 13 85884 0 9 85884 1
gene 2 10 13 309969 0 10 309969 1
gene 1 11 13 -200454 0 11 -200454 1
gene 2 12 13 -87735 0 12 -87735 1
gene 1 1 14 228066 0 13 228066 1
gene 4 2 14 250470 0 14 250470 1
gene 4 3 14 -512502 0 15 -512502 1
gene 4 4 14 -659277 0 16 -659277 1
gene 1 5 14 -162834 0 17 -162834 1
gene 4 6 14 444338 0 18 444338 1
gene 2 7 14 -149820 0 19 -149820 1
gene 2 8 14 367685 0 20 367685 1
gene 4 9 14 31749 0 21 31749 1
gene 2 10 14 -41943 0 22 -41943 1
gene 4 11 14 -564027 0 23 -564027 1
gene 3 12 14 60171 0 24 60171 1
gene 3 1 15 -766832 0 25 -766832 1
gene 2 2 15 247711 0 26 247711 1
gene 4 3 15 -647565 0 27 -647565 1
gene 4 4 15 44325 0 28 44325 1
gene 2 5 15 -97713 0 29 -97713 1
gene 4 6 15 412958 0 30 412958 1
gene 3 7 15 229910 0 31 229910 1
gene 3 8 15 -394671 0 32 -394671 1
gene 4 9 15 260289 0 33 260289 1
gene 4 10 15 84573 0 34 84573 1
gene 2 11 15 89571 0 35 89571 1
gene 2 12 15 -212460 0 36 -212460 1
gene 2 14 15 -591764 0 48 -591764 1
gene 1 14 13 257952 0 131 257952 1
gene 4 15 15 273105 1 331 273105 1
genomeend 56


/* Organism #66 Fitness: 320.000000 Time: 0 */
/* Position #66*/
#1 x: 35 y: 37
#2 x: 78 y: 22
#3 x: 71 y: 34
#4 x: 76 y: 85
#5 x: 76 y: 73
#6 x: 24 y: 64
genomestart 66
node 1 3 1 3
node 2 1 1 1
node 3 2 1 1
node 4 4 1 1
node 5 3 1 1
node 6 2 1 1
node 7 3 1 1
node 8 3 1 1
node 9 2 1 1
node 10 2 1 1
node 11 4 1 1
node 12 1 1 1
node 13 3 0 2
node 14 1 0 2
node 15 1 0 2
gene 1 1 13 -309741 0 1 -309741 1
gene 2 2 13 212661 0 2 212661 1
gene 1 3 13 -277998 0 3 -277998 1
gene 4 4 13 178218 0 4 178218 1
gene 4 5 13 -427938 0 5 -427938 1
gene 3 6 13 -553641 0 6 -553641 1
gene 2 7 13 -56760 0 7 -56760 1
gene 1 8 13 -133245 0 8 -133245 1
gene 3 9 13 -233196 0 9 -233196 1
gene 2 10 13 175728 0 10 175728 1
gene 1 11 13 -644405 0 11 -644405 1
gene 2 12 13 -240762 0 12 -240762 1
gene 1 1 14 349452 0 13 349452 1
gene 4 2 14 426045 0 14 426045 1
gene 4 3 14 143769 0 15 143769 1
gene 4 4 14 -639116 0 16 -639116 1
gene 1 5 14 -416346 0 17 -416346 1
gene 4 6 14 219224 0 18 219224 1
gene 2 7 14 692961 0 19 692961 1
gene 2 8 14 332792 0 20 332792 1
gene 4 9 14 242472 0 21 242472 1
gene 2 10 14 436827 0 22 436827 1
gene 4 11 14 -201720 0 23 -201720 1
gene 3 12 14 -744278 0 24 -744278 1
gene 3 1 15 -399072 0 25 -399072 1
gene 2 2 15 -12162 0 26 -12162 1
gene 4 3 15 -422594 0 27 -422594 1
gene 4 4 15 800000 0 28 800000 1
gene 2 5 15 138954 0 29 138954 1
gene 4 6 15 -202128 0 30 -202128 1
gene 3 7 15 232848 0 31 232848 1
gene 3 8 15 -171831 0 32 -171831 1
gene 4 9 15 257946 0 33 257946 1
gene 4 10 15 -606609 0 34 -606609 1
gene 2 11 15 -68379 0 35 -68379 1
gene 2 12 15 -177075 0 36 -177075 1
gene 2 14 15 -530724 0 48 -530724 1
gene 1 14 13 -306330 0 131 -306330 1
genomeend 66


/* Organism #76 Fitness: 300.000000 Time: 0 */
/* Position #76*/
#1 x: 73 y: 27
#2 x: 40 y: 25
#3 x: 52 y: 37
#4 x: 51 y: 62
#5 x: 22 y: 85
#6 x: 15 y: 67
genomestart 76
node 1 1 1 3
node 2 3 1 1
node 3 2 1 1
node 4 2 1 1
node 5 4 1 1
node 6 1 1 1
node 7 4 1 1
node 8 1 1 1
node 9 2 1 1
node 10 2 1 1
node 11 4 1 1
node 12 1 1 1
node 13 4 0 2
node 14 1 0 2
node 15 1 0 2
gene 3 1 13 -90969 0 1 -90969 1
gene 2 2 13 47451 0 2 47451 1
gene 1 3 13 -226227 0 3 -226227 1
gene 4 4 13 800000 0 4 800000 1
gene 1 5 13 -800000 0 5 -800000 1
gene 3 6 13 -438390 0 6 -438390 1
gene 4 7 13 586542 0 7 586542 1
gene 1 8 13 -439041 0 8 -439041 1
gene 3 9 13 -360765 0 9 -360765 1
gene 2 10 13 -411345 0 10 -411345 1
gene 1 11 13 -671013 0 11 -671013 1
gene 2 12 13 540759 0 12 540759 1
gene 1 1 14 344321 0 13 344321 1
gene 4 2 14 -142623 0 14 -142623 1
gene 4 3 14 -657738 0 15 -657738 1
gene 4 4 14 -663966 0 16 -663966 1
gene 2 5 14 -64308 0 17 -64308 1
gene 4 6 14 -571346 0 18 -571346 1
gene 2 7 14 -36272 0 19 -36272 1
gene 2 8 14 -96435 0 20 -96435 1
gene 4 9 14 130537 0 21 130537 1
gene 2 10 14 114057 0 22 114057 1
gene 4 11 14 611348 0 23 611348 1
gene 3 12 14 601439 0 24 601439 1
gene 1 1 15 281022 0 25 281022 1
gene 2 2 15 -386571 0 26 -386571 1
gene 4 3 15 270846 0 27 270846 1
gene 4 4 15 43056 0 28 43056 1
gene 2 5 15 608766 0 29 608766 1
gene 2 6 15 158292 0 30 158292 1
gene 3 7 15 -364866 0 31 -364866 1
gene 3 8 15 -201567 0 32 -201567 1
gene 4 9 15 386270 0 33 386270 1
gene 3 10 15 490857 0 34 490857 1
gene 4 11 15 -462690 0 35 -462690 1
gene 2 12 15 248994 0 36 248994 1
gene 4 14 15 31134 0 48 31134 1
gene 2 14 13 411291 0 73 411291 1
gene 1 15 15 487724 1 93 487724 1
gene 3 14 14 -174618 1 150 -174618 1
gene 4 13 13 -300420 1 244 -300420 1
gene 3 13 15 125895 0 249 125895 1
gene 4 15 14 -115707 1 291 -115707 1
genomeend 76


/* Organism #78 Fitness: 280.000000 Time: 0 */
/* Position #78*/
#1 x: 52 y: 39
#2 x: 69 y: 16
#3 x: 44 y: 39
#4 x: 15 y: 80
#5 x: 83 y: 75
#6 x: 78 y: 61
genomestart 78
node 1 3 1 3
node 2 2 1 1
node 3 2 1 1
node 4 2 1 1
node 5 3 1 1
node 6 1 1 1
node 7 4 1 1
node 8 1 1 1
node 9 2 1 1
node 10 2 1 1
node 11 1 1 1
node 12 1 1 1
node 13 4 0 2
node 14 1 0 2
node 15 1 0 2
gene 3 1 13 -279429 0 1 -279429 1
gene 2 2 13 -503870 0 2 -503870 1
gene 1 3 13 -203523 0 3 -203523 1
gene 4 4 13 393716 0 4 393716 1
gene 4 5 13 -496539 0 5 -496539 1
gene 3 6 13 648705 0 6 648705 1
gene 1 7 13 -83073 0 7 -83073 1
gene 1 8 13 -495251 0 8 -495251 1
gene 3 9 13 -150651 0 9 -150651 1
gene 2 10 13 -259089 0 10 -259089 1
gene 1 11 13 -122178 0 11 -122178 1
gene 2 12 13 790416 0 12 790416 1
gene 1 1 14 254826 0 13 254826 1
gene 4 2 14 -446253 0 14 -446253 1
gene 4 3 14 -225930 0 15 -225930 1
gene 4 4 14 -102909 0 16 -102909 1
gene 2 5 14 -135642 0 17 -135642 1
gene 4 6 14 85407 0 18 85407 1
gene 2 7 14 523281 0 19 523281 1
gene 2 8 14 255525 0 20 255525 1
gene 4 9 14 618671 0 21 618671 1
gene 2 10 14 299889 0 22 299889 1
gene 4 11 14 -738737 0 23 -738737 1
gene 3 12 14 206148 0 24 206148 1
gene 1 1 15 800000 0 25 800000 1
gene 2 2 15 -745685 0 26 -745685 1
gene 4 3 15 -196653 0 27 -196653 1
gene 4 4 15 -2565 0 28 -2565 1
gene 2 5 15 -584685 0 29 -584685 1
gene 2 6 15 73071 0 30 73071 1
gene 3 7 15 229788 0 31 229788 1
gene 3 8 15 -176550 0 32 -176550 1
gene 4 9 15 800000 0 33 800000 1
gene 3 10 15 246630 0 34 246630 1
gene 4 11 15 -79563 0 35 -79563 1
gene 2 12 15 169899 0 36 169899 1
gene 4 14 15 -102699 0 48 -102699 1
gene 2 14 13 -12504 0 73 -12504 1
gene 1 15 15 -581952 1 93 -581952 1
gene 3 14 14 -244998 1 150 -244998 1
gene 3 15 13 32514 0 226 32514 1
genomeend 78


