/* Organism #2 Fitness: 260.000000 Time: 0 */
/* Position #2*/
#1 x: 49 y: 25
#2 x: 15 y: 38
#3 x: 33 y: 15
#4 x: 42 y: 69
#5 x: 85 y: 81
#6 x: 21 y: 69
genomestart 2
trait 1 1.000000 0.000000 0.000000 0.000000 0.000000 0.000000 0.000000 0.000000 trait 2 2.000000 0.000000 0.000000 0.000000 0.000000 0.000000 0.000000 0.000000 trait 3 24073.000000 0.000000 0.000000 0.000000 44304.000000 84965.000000 0.000000 0.000000 trait 4 4.000000 0.000000 0.000000 0.000000 0.000000 0.000000 0.000000 82309.000000 node 1 1 1 3
node 2 3 1 1
node 3 3 1 1
node 4 2 1 1
node 5 4 1 1
node 6 3 1 1
node 7 1 1 1
node 8 3 1 1
node 9 4 1 1
node 10 2 1 1
node 11 3 1 1
node 12 2 1 1
node 13 3 0 2
node 14 4 0 2
node 15 3 0 2
node 21 4 0 0
node 92 1 0 0
node 122 1 0 0
node 148 1 0 0
node 287 1 0 0
node 387 1 0 0
node 403 1 0 0
node 417 1 0 0
node 489 1 0 0
node 504 1 0 0
node 558 1 0 0
node 615 1 0 0
node 895 1 0 0
node 969 1 0 0
node 1013 3 0 0
node 1075 1 0 0
node 1177 1 0 0
node 1213 1 0 0
node 1229 1 0 0
gene 4 1 13 -800000 0 1 -800000 1
gene 1 2 13 744680 0 2 744680 1
gene 3 3 13 -44952 0 3 -44952 0
gene 3 4 13 -555768 0 4 -555768 0
gene 4 5 13 -800000 0 5 -800000 0
gene 1 6 13 -256503 0 6 -256503 1
gene 1 7 13 -437117 0 7 -437117 1
gene 2 8 13 -640152 0 8 -640152 1
gene 1 9 13 -101985 0 9 -101985 0
gene 2 10 13 800000 0 10 800000 1
gene 1 11 13 466590 0 11 466590 1
gene 3 12 13 -154563 0 12 -154563 0
gene 1 1 14 800000 0 13 800000 1
gene 4 2 14 231393 0 14 231393 1
gene 4 3 14 633753 0 15 633753 1
gene 1 4 14 -528072 0 16 -528072 1
gene 2 5 14 85080 0 17 85080 1
gene 4 6 14 -218199 0 18 -218199 1
gene 2 7 14 -238518 0 19 -238518 1
gene 1 8 14 584085 0 20 584085 1
gene 1 9 14 11463 0 21 11463 0
gene 4 10 14 561312 0 22 561312 0
gene 4 11 14 220662 0 23 220662 1
gene 3 12 14 402552 0 24 402552 1
gene 2 1 15 -568524 0 25 -568524 1
gene 4 2 15 147864 0 26 147864 1
gene 1 3 15 -800000 0 27 -800000 1
gene 3 4 15 19830 0 28 19830 1
gene 2 5 15 -154734 0 29 -154734 1
gene 3 6 15 110905 0 30 110905 0
gene 4 7 15 528980 0 31 528980 0
gene 4 8 15 253254 0 32 253254 1
gene 4 9 15 -176373 0 33 -176373 0
gene 2 10 15 800000 0 34 800000 0
gene 2 11 15 420525 0 35 420525 0
gene 2 12 15 607220 0 36 607220 1
gene 1 9 21 400883 0 49 400883 1
gene 1 21 13 800000 0 50 800000 0
gene 3 6 92 -11762 0 235 -11762 1
gene 3 92 15 800000 0 236 800000 1
gene 4 5 122 478308 0 332 478308 1
gene 4 122 13 -72483 0 333 -72483 1
gene 2 11 148 -116337 0 403 -116337 0
gene 2 148 15 -100590 0 404 -100590 1
gene 3 9 148 529637 0 557 529637 0
gene 2 92 122 740021 0 768 740021 0
gene 2 10 287 -471663 0 834 -471663 1
gene 2 287 15 -123342 0 835 -123342 1
gene 3 21 287 -784256 0 900 -784256 1
gene 2 3 287 800000 0 1053 800000 0
gene 3 1 122 399264 0 1085 399264 1
gene 2 11 387 102180 0 1138 102180 1
gene 2 387 148 325398 0 1139 325398 0
gene 3 12 403 -391709 0 1185 -391709 1
gene 3 403 13 407427 0 1186 407427 1
gene 4 10 417 369861 0 1231 369861 1
gene 4 417 14 228216 0 1232 228216 1
gene 2 3 489 -5043 0 1426 -5043 1
gene 2 489 287 130614 0 1427 130614 1
gene 4 9 504 -104675 0 1465 -104675 1
gene 4 504 15 310586 0 1466 310586 1
gene 2 92 558 -225939 0 1629 -225939 1
gene 2 558 122 800000 0 1630 800000 1
gene 2 417 417 35955 1 1661 35955 1
gene 3 504 92 -496056 0 1702 -496056 1
gene 3 9 615 -199275 0 1803 -199275 1
gene 3 615 148 182619 0 1804 182619 1
gene 2 10 489 449829 0 1859 449829 1
gene 4 417 558 -59151 0 1967 -59151 0
gene 1 1 558 138627 0 2066 138627 1
gene 1 21 895 -800000 0 2645 -800000 1
gene 1 895 13 800000 0 2646 800000 1
gene 3 558 21 188794 0 2753 188794 1
gene 3 504 13 -206790 0 2834 -206790 1
gene 2 387 969 -276192 0 2868 -276192 1
gene 2 969 148 450057 0 2869 450057 1
gene 4 417 1013 -66882 0 2985 -66882 1
gene 4 1013 558 -185385 0 2986 -185385 1
gene 1 387 895 154407 0 3029 154407 1
gene 4 895 969 83526 0 3073 83526 1
gene 3 4 1075 162484 0 3174 162484 1
gene 3 1075 13 351312 0 3175 351312 1
gene 1 11 122 282219 0 3431 282219 1
gene 1 9 1177 289822 0 3467 289822 1
gene 1 1177 14 219867 0 3468 219867 1
gene 3 3 1213 170517 0 3566 170517 1
gene 3 1213 13 22080 0 3567 22080 1
gene 4 7 1229 282372 0 3610 282372 1
gene 4 1229 15 -155601 0 3611 -155601 1
genomeend 2


/* Organism #8 Fitness: 280.000000 Time: 0 */
/* Position #8*/
#1 x: 22 y: 17
#2 x: 65 y: 23
#3 x: 36 y: 16
#4 x: 49 y: 75
#5 x: 67 y: 75
#6 x: 85 y: 60
genomestart 8
trait 1 0.000000 0.000000 0.000000 78208.000000 0.000000 72506.000000 0.000000 0.000000 trait 2 2.000000 0.000000 0.000000 0.000000 0.000000 0.000000 0.000000 0.000000 trait 3 24073.000000 0.000000 0.000000 14803.000000 44304.000000 100000.000000 0.000000 0.000000 trait 4 4.000000 0.000000 0.000000 0.000000 0.000000 0.000000 0.000000 82309.000000 node 1 1 1 3
node 2 3 1 1
node 3 3 1 1
node 4 2 1 1
node 5 4 1 1
node 6 1 1 1
node 7 1 1 1
node 8 3 1 1
node 9 1 1 1
node 10 2 1 1
node 11 4 1 1
node 12 2 1 1
node 13 3 0 2
node 14 4 0 2
node 15 3 0 2
node 21 2 0 0
node 92 1 0 0
node 122 1 0 0
node 148 1 0 0
node 287 1 0 0
node 387 1 0 0
node 403 1 0 0
node 417 1 0 0
node 489 1 0 0
node 504 4 0 0
node 558 1 0 0
node 615 1 0 0
node 895 1 0 0
node 980 1 0 0
node 1048 1 0 0
node 1089 1 0 0
node 1175 1 0 0
node 1235 1 0 0
node 1249 1 0 0
gene 4 1 13 -247467 0 1 -247467 1
gene 1 2 13 329400 0 2 329400 1
gene 3 3 13 -800000 0 3 -800000 1
gene 3 4 13 -549804 0 4 -549804 1
gene 4 5 13 -207399 0 5 -207399 0
gene 1 6 13 -72063 0 6 -72063 0
gene 1 7 13 -727526 0 7 -727526 1
gene 2 8 13 342153 0 8 342153 1
gene 1 9 13 255621 0 9 255621 0
gene 2 10 13 -433974 0 10 -433974 1
gene 1 11 13 -350013 0 11 -350013 1
gene 3 12 13 -467412 0 12 -467412 0
gene 1 1 14 -489069 0 13 -489069 1
gene 4 2 14 140691 0 14 140691 1
gene 4 3 14 45006 0 15 45006 1
gene 1 4 14 -24720 0 16 -24720 1
gene 2 5 14 -139227 0 17 -139227 1
gene 4 6 14 327216 0 18 327216 1
gene 2 7 14 21513 0 19 21513 1
gene 1 8 14 -800000 0 20 -800000 1
gene 1 9 14 -481809 0 21 -481809 1
gene 4 10 14 312567 0 22 312567 0
gene 4 11 14 -126945 0 23 -126945 1
gene 3 12 14 -318018 0 24 -318018 1
gene 2 1 15 16926 0 25 16926 1
gene 4 2 15 616254 0 26 616254 1
gene 1 3 15 400740 0 27 400740 1
gene 3 4 15 46872 0 28 46872 1
gene 2 5 15 132279 0 29 132279 1
gene 3 6 15 158491 0 30 158491 0
gene 4 7 15 378777 0 31 378777 1
gene 4 8 15 110358 0 32 110358 1
gene 4 9 15 -3603 0 33 -3603 0
gene 2 10 15 235395 0 34 235395 0
gene 2 11 15 -280644 0 35 -280644 0
gene 2 12 15 264000 0 36 264000 1
gene 1 9 21 -173187 0 49 -173187 1
gene 1 21 13 -522974 0 50 -522974 0
gene 3 6 92 -76113 0 235 -76113 1
gene 3 92 15 -694098 0 236 -694098 0
gene 4 5 122 -319398 0 332 -319398 1
gene 4 122 13 88653 0 333 88653 1
gene 2 11 148 322197 0 403 322197 0
gene 2 148 15 -428160 0 404 -428160 1
gene 3 9 148 422723 0 557 422723 0
gene 2 92 122 -42075 0 768 -42075 0
gene 2 10 287 -800000 0 834 -800000 1
gene 2 287 15 -424407 0 835 -424407 0
gene 3 21 287 667584 0 900 667584 1
gene 2 3 287 -12054 0 1053 -12054 0
gene 3 1 122 713568 0 1085 713568 1
gene 2 11 387 29313 0 1138 29313 1
gene 2 387 148 329316 0 1139 329316 1
gene 3 12 403 261201 0 1185 261201 1
gene 3 403 13 330144 0 1186 330144 1
gene 4 10 417 554054 0 1231 554054 1
gene 4 417 14 -339201 0 1232 -339201 1
gene 2 3 489 -257661 0 1426 -257661 1
gene 2 489 287 -378390 0 1427 -378390 1
gene 4 9 504 -521271 0 1465 -521271 1
gene 4 504 15 -574587 0 1466 -574587 1
gene 2 92 558 31041 0 1629 31041 1
gene 2 558 122 -97707 0 1630 -97707 1
gene 2 417 417 -42663 1 1661 -42663 1
gene 3 504 92 115242 0 1702 115242 1
gene 3 9 615 -267702 0 1803 -267702 0
gene 3 615 148 114420 0 1804 114420 1
gene 1 10 489 392253 0 1859 392253 1
gene 4 417 558 -181569 0 1967 -181569 0
gene 1 1 558 -461739 0 2066 -461739 1
gene 1 21 895 -579773 0 2645 -579773 1
gene 1 895 13 -299163 0 2646 -299163 1
gene 1 387 287 -12504 0 2860 -12504 1
gene 4 417 980 49960 0 2899 49960 0
gene 4 980 558 -33969 0 2900 -33969 1
gene 2 980 148 -184902 0 3018 -184902 1
gene 3 4 21 -223767 0 3048 -223767 1
gene 2 287 1048 478711 0 3096 478711 1
gene 2 1048 15 -255786 0 3097 -255786 1
gene 1 6 1089 -39576 0 3214 -39576 1
gene 1 1089 13 -195948 0 3215 -195948 1
gene 4 122 122 -209163 1 3335 -209163 1
gene 3 9 1175 -130649 0 3461 -130649 1
gene 3 1175 615 -459885 0 3462 -459885 1
gene 2 7 92 -221933 0 3539 -221933 1
gene 4 417 1235 1 0 3624 0 1
gene 4 1235 980 49960 0 3625 0 1
gene 3 92 1249 1 0 3661 0 1
gene 3 1249 15 -694098 0 3662 0 1
genomeend 8


/* Organism #18 Fitness: 310.000000 Time: 0 */
/* Position #18*/
#1 x: 35 y: 33
#2 x: 23 y: 37
#3 x: 48 y: 22
#4 x: 42 y: 82
#5 x: 19 y: 85
#6 x: 31 y: 64
genomestart 18
trait 1 40009.000000 0.000000 0.000000 0.000000 0.000000 0.000000 83802.000000 34590.000000 trait 2 2.000000 0.000000 0.000000 0.000000 0.000000 0.000000 0.000000 0.000000 trait 3 100000.000000 0.000000 0.000000 70706.000000 44304.000000 84965.000000 41453.000000 0.000000 trait 4 4.000000 0.000000 0.000000 0.000000 0.000000 0.000000 0.000000 82309.000000 node 1 1 1 3
node 2 3 1 1
node 3 3 1 1
node 4 2 1 1
node 5 4 1 1
node 6 1 1 1
node 7 1 1 1
node 8 3 1 1
node 9 1 1 1
node 10 2 1 1
node 11 4 1 1
node 12 2 1 1
node 13 3 0 2
node 14 4 0 2
node 15 2 0 2
node 21 4 0 0
node 92 1 0 0
node 122 4 0 0
node 148 1 0 0
node 287 1 0 0
node 387 1 0 0
node 403 1 0 0
node 417 1 0 0
node 489 1 0 0
node 504 1 0 0
node 558 1 0 0
node 615 1 0 0
node 895 1 0 0
node 1002 2 0 0
node 1034 1 0 0
node 1085 1 0 0
gene 4 1 13 309636 0 1 309636 1
gene 1 2 13 34617 0 2 34617 0
gene 3 3 13 22848 0 3 22848 1
gene 3 4 13 -774876 0 4 -774876 1
gene 4 5 13 -800000 0 5 -800000 0
gene 1 6 13 -417147 0 6 -417147 1
gene 1 7 13 269365 0 7 269365 0
gene 2 8 13 -111294 0 8 -111294 1
gene 1 9 13 200955 0 9 200955 1
gene 2 10 13 681176 0 10 681176 1
gene 1 11 13 11568 0 11 11568 1
gene 3 12 13 720729 0 12 720729 0
gene 1 1 14 751322 0 13 751322 1
gene 4 2 14 -362601 0 14 -362601 1
gene 4 3 14 379748 0 15 379748 1
gene 1 4 14 683171 0 16 683171 1
gene 2 5 14 -60678 0 17 -60678 1
gene 4 6 14 -800000 0 18 -800000 1
gene 2 7 14 -479049 0 19 -479049 0
gene 1 8 14 -774503 0 20 -774503 1
gene 1 9 14 512852 0 21 512852 1
gene 4 10 14 672629 0 22 672629 1
gene 4 11 14 -88176 0 23 -88176 1
gene 3 12 14 -800000 0 24 -800000 1
gene 2 1 15 284244 0 25 284244 1
gene 4 2 15 -227895 0 26 -227895 1
gene 1 3 15 375189 0 27 375189 1
gene 3 4 15 -686747 0 28 -686747 1
gene 2 5 15 800000 0 29 800000 1
gene 3 6 15 314730 0 30 314730 0
gene 4 7 15 408372 0 31 408372 1
gene 4 8 15 -200724 0 32 -200724 1
gene 4 9 15 107352 0 33 107352 1
gene 2 10 15 763371 0 34 763371 0
gene 2 11 15 339138 0 35 339138 0
gene 2 12 15 147237 0 36 147237 1
gene 1 9 21 -105384 0 49 -105384 1
gene 1 21 13 685692 0 50 685692 1
gene 3 6 92 -332822 0 235 -332822 1
gene 3 92 15 195245 0 236 195245 1
gene 4 5 122 283920 0 332 283920 1
gene 4 122 13 -566133 0 333 -566133 1
gene 2 11 148 -98916 0 403 -98916 0
gene 2 148 15 -670128 0 404 -670128 0
gene 3 9 148 -610113 0 557 -610113 0
gene 2 92 122 326754 0 768 326754 0
gene 2 10 287 47895 0 834 47895 1
gene 2 287 15 -529838 0 835 -529838 1
gene 3 21 287 214188 0 900 214188 1
gene 2 3 287 530426 0 1053 530426 0
gene 3 1 122 224328 0 1085 224328 1
gene 2 11 387 -664245 0 1138 -664245 1
gene 2 387 148 800000 0 1139 800000 1
gene 3 12 403 272736 0 1185 272736 1
gene 3 403 13 -611409 0 1186 -611409 1
gene 4 10 417 148909 0 1231 148909 1
gene 4 417 14 646431 0 1232 646431 1
gene 2 3 489 -387096 0 1426 -387096 1
gene 2 489 287 -558390 0 1427 -558390 1
gene 4 9 504 -272618 0 1465 -272618 1
gene 4 504 15 500495 0 1466 500495 1
gene 2 92 558 74649 0 1629 74649 1
gene 2 558 122 657660 0 1630 657660 1
gene 4 417 417 -704796 1 1661 -704796 1
gene 3 504 92 588084 0 1702 588084 1
gene 3 9 615 -800000 0 1803 -800000 1
gene 3 615 148 -291981 0 1804 -291981 1
gene 2 10 489 -9165 0 1859 -9165 1
gene 4 417 558 640524 0 1967 640524 1
gene 1 1 558 13113 0 2066 13113 1
gene 1 21 895 106305 0 2645 106305 1
gene 1 895 13 -32847 0 2646 -32847 1
gene 3 558 21 182472 0 2753 182472 1
gene 3 10 21 -175392 0 2794 -175392 1
gene 2 148 1002 -636509 0 2952 -636509 1
gene 2 1002 15 -396531 0 2953 -396531 1
gene 2 7 1034 -462377 0 3057 -462377 1
gene 2 1034 14 -419570 0 3058 -419570 1
gene 1 7 1085 248196 0 3202 248196 1
gene 1 1085 13 277962 0 3203 277962 1
gene 4 21 21 -432564 1 3304 -432564 1
gene 2 1034 615 -240696 0 3486 -240696 1
genomeend 18


/* Organism #23 Fitness: 220.000000 Time: 0 */
/* Position #23*/
#1 x: 52 y: 21
#2 x: 24 y: 26
#3 x: 64 y: 17
#4 x: 19 y: 60
#5 x: 68 y: 78
#6 x: 79 y: 67
genomestart 23
trait 1 1.000000 0.000000 0.000000 0.000000 22478.000000 82485.000000 7536.000000 0.000000 trait 2 2.000000 0.000000 0.000000 0.000000 0.000000 0.000000 0.000000 0.000000 trait 3 24073.000000 0.000000 0.000000 0.000000 44304.000000 84965.000000 0.000000 0.000000 trait 4 30267.000000 0.000000 0.000000 0.000000 12691.000000 0.000000 36386.000000 0.000000 node 1 1 1 3
node 2 3 1 1
node 3 3 1 1
node 4 2 1 1
node 5 4 1 1
node 6 1 1 1
node 7 3 1 1
node 8 3 1 1
node 9 1 1 1
node 10 2 1 1
node 11 4 1 1
node 12 2 1 1
node 13 3 0 2
node 14 4 0 2
node 15 3 0 2
node 21 4 0 0
node 92 1 0 0
node 122 1 0 0
node 148 1 0 0
node 287 1 0 0
node 387 1 0 0
node 403 1 0 0
node 417 1 0 0
node 489 1 0 0
node 504 1 0 0
node 573 1 0 0
node 664 1 0 0
node 761 1 0 0
node 823 1 0 0
node 846 1 0 0
node 993 1 0 0
node 1053 1 0 0
node 1148 4 0 0
node 1211 1 0 0
gene 4 1 13 -798105 0 1 -798105 1
gene 3 2 13 550323 0 2 550323 1
gene 3 3 13 170523 0 3 170523 1
gene 3 4 13 755433 0 4 755433 1
gene 4 5 13 634584 0 5 634584 0
gene 1 6 13 -800000 0 6 -800000 1
gene 1 7 13 654792 0 7 654792 1
gene 2 8 13 349044 0 8 349044 1
gene 1 9 13 -59256 0 9 -59256 0
gene 2 10 13 17376 0 10 17376 0
gene 1 11 13 -85998 0 11 -85998 1
gene 3 12 13 -454692 0 12 -454692 0
gene 3 1 14 -74748 0 13 -74748 1
gene 4 2 14 140589 0 14 140589 1
gene 4 3 14 42762 0 15 42762 1
gene 1 4 14 47772 0 16 47772 1
gene 2 5 14 187323 0 17 187323 1
gene 4 6 14 510249 0 18 510249 1
gene 2 7 14 184242 0 19 184242 1
gene 1 8 14 359316 0 20 359316 1
gene 1 9 14 433341 0 21 433341 1
gene 4 10 14 693093 0 22 693093 0
gene 4 11 14 -381240 0 23 -381240 0
gene 1 12 14 51099 0 24 51099 0
gene 2 1 15 183708 0 25 183708 1
gene 4 2 15 -800000 0 26 -800000 1
gene 1 3 15 -800000 0 27 -800000 1
gene 3 4 15 206861 0 28 206861 1
gene 2 5 15 -129810 0 29 -129810 1
gene 3 6 15 -88743 0 30 -88743 0
gene 2 7 15 39627 0 31 39627 1
gene 4 8 15 -399639 0 32 -399639 1
gene 4 9 15 -671259 0 33 -671259 0
gene 2 10 15 310461 0 34 310461 0
gene 2 11 15 -505167 0 35 -505167 0
gene 2 12 15 -375858 0 36 -375858 1
gene 4 9 21 -384402 0 49 -384402 0
gene 1 21 13 704748 0 50 704748 0
gene 3 6 92 432024 0 235 432024 1
gene 3 92 15 145368 0 236 145368 1
gene 4 5 122 -35373 0 332 -35373 1
gene 4 122 13 567414 0 333 567414 1
gene 2 11 148 355890 0 403 355890 0
gene 2 148 15 303408 0 404 303408 1
gene 3 9 148 -307641 0 557 -307641 1
gene 2 92 122 -230090 0 768 -230090 1
gene 2 10 287 -226404 0 834 -226404 1
gene 2 287 15 800000 0 835 800000 1
gene 3 21 287 -197505 0 900 -197505 1
gene 2 3 287 140787 0 1053 140787 0
gene 3 1 122 -800000 0 1085 -800000 1
gene 2 11 387 -556947 0 1138 -556947 1
gene 2 387 148 323160 0 1139 323160 1
gene 3 12 403 -71982 0 1185 -71982 1
gene 3 403 13 117639 0 1186 117639 0
gene 4 10 417 -800000 0 1231 -800000 1
gene 4 417 14 59268 0 1232 59268 1
gene 2 3 489 -495053 0 1426 -495053 1
gene 2 489 287 -622913 0 1427 -622913 1
gene 4 9 504 -316518 0 1465 -316518 1
gene 4 504 15 -488406 0 1466 -488406 0
gene 3 403 573 600159 0 1680 600159 0
gene 3 573 13 228723 0 1681 228723 1
gene 3 403 664 247641 0 1944 247641 1
gene 3 664 573 -493046 0 1945 -493046 1
gene 3 403 403 -575340 1 2179 -575340 1
gene 1 21 761 285399 0 2220 285399 1
gene 1 761 13 33699 0 2221 33699 1
gene 3 403 21 -232572 0 2307 -232572 1
gene 3 12 823 359703 0 2416 359703 1
gene 3 823 14 -342735 0 2417 -342735 1
gene 4 504 846 -542289 0 2497 -542289 1
gene 4 846 15 -429363 0 2498 -429363 1
gene 2 573 92 722753 0 2714 722753 1
gene 4 11 993 277779 0 2928 277779 1
gene 4 993 14 198168 0 2929 198168 0
gene 4 9 1053 -54441 0 3107 -54441 1
gene 4 1053 21 -677694 0 3108 -677694 1
gene 4 993 1148 -741941 0 3382 -741941 1
gene 4 1148 14 -188985 0 3383 -188985 1
gene 3 1148 21 -193518 0 3428 -193518 1
gene 2 10 1211 -287378 0 3562 -287378 1
gene 2 1211 13 84627 0 3563 84627 1
genomeend 23


/* Organism #24 Fitness: 230.000000 Time: 0 */
/* Position #24*/
#1 x: 49 y: 15
#2 x: 76 y: 31
#3 x: 20 y: 40
#4 x: 71 y: 67
#5 x: 49 y: 66
#6 x: 44 y: 85
genomestart 24
trait 1 1.000000 0.000000 0.000000 0.000000 22478.000000 82485.000000 7536.000000 0.000000 trait 2 2.000000 0.000000 0.000000 0.000000 0.000000 0.000000 0.000000 0.000000 trait 3 24073.000000 0.000000 0.000000 0.000000 44304.000000 84965.000000 0.000000 0.000000 trait 4 30267.000000 0.000000 0.000000 0.000000 12691.000000 0.000000 36386.000000 0.000000 node 1 1 1 3
node 2 3 1 1
node 3 3 1 1
node 4 2 1 1
node 5 4 1 1
node 6 1 1 1
node 7 3 1 1
node 8 3 1 1
node 9 1 1 1
node 10 2 1 1
node 11 4 1 1
node 12 2 1 1
node 13 3 0 2
node 14 4 0 2
node 15 3 0 2
node 21 4 0 0
node 92 1 0 0
node 122 1 0 0
node 148 1 0 0
node 287 1 0 0
node 387 1 0 0
node 403 1 0 0
node 417 1 0 0
node 489 1 0 0
node 504 1 0 0
node 573 1 0 0
node 664 1 0 0
node 761 1 0 0
node 823 1 0 0
node 846 1 0 0
node 993 1 0 0
node 1053 1 0 0
node 1148 1 0 0
node 1211 1 0 0
gene 4 1 13 -710352 0 1 -710352 1
gene 3 2 13 555705 0 2 555705 1
gene 3 3 13 114534 0 3 114534 1
gene 3 4 13 445266 0 4 445266 1
gene 4 5 13 531969 0 5 531969 0
gene 1 6 13 -800000 0 6 -800000 1
gene 1 7 13 525378 0 7 525378 1
gene 2 8 13 4791 0 8 4791 1
gene 1 9 13 -492252 0 9 -492252 0
gene 2 10 13 -112722 0 10 -112722 0
gene 1 11 13 -214488 0 11 -214488 1
gene 3 12 13 -114858 0 12 -114858 0
gene 3 1 14 -236415 0 13 -236415 1
gene 4 2 14 400320 0 14 400320 1
gene 4 3 14 188193 0 15 188193 1
gene 1 4 14 -209838 0 16 -209838 1
gene 2 5 14 410670 0 17 410670 1
gene 4 6 14 45636 0 18 45636 1
gene 2 7 14 -13209 0 19 -13209 1
gene 1 8 14 229704 0 20 229704 1
gene 1 9 14 304455 0 21 304455 1
gene 4 10 14 800000 0 22 800000 0
gene 4 11 14 -414063 0 23 -414063 0
gene 1 12 14 345636 0 24 345636 0
gene 2 1 15 -91653 0 25 -91653 1
gene 4 2 15 -441512 0 26 -441512 1
gene 1 3 15 -800000 0 27 -800000 1
gene 3 4 15 441020 0 28 441020 1
gene 2 5 15 -31548 0 29 -31548 1
gene 3 6 15 200376 0 30 200376 0
gene 2 7 15 6654 0 31 6654 1
gene 4 8 15 -464175 0 32 -464175 1
gene 4 9 15 -480987 0 33 -480987 0
gene 2 10 15 128526 0 34 128526 0
gene 2 11 15 -189861 0 35 -189861 0
gene 2 12 15 -726375 0 36 -726375 1
gene 4 9 21 -42276 0 49 -42276 0
gene 1 21 13 591432 0 50 591432 0
gene 3 6 92 62913 0 235 62913 1
gene 3 92 15 100275 0 236 100275 1
gene 4 5 122 -448689 0 332 -448689 1
gene 4 122 13 104706 0 333 104706 1
gene 2 11 148 235770 0 403 235770 0
gene 2 148 15 -11757 0 404 -11757 1
gene 3 9 148 -606705 0 557 -606705 1
gene 2 92 122 -593084 0 768 -593084 1
gene 2 10 287 -363276 0 834 -363276 1
gene 2 287 15 583448 0 835 583448 1
gene 3 21 287 111507 0 900 111507 1
gene 2 3 287 264222 0 1053 264222 0
gene 3 1 122 -359447 0 1085 -359447 1
gene 2 11 387 -490197 0 1138 -490197 1
gene 2 387 148 -132837 0 1139 -132837 1
gene 3 12 403 -20103 0 1185 -20103 1
gene 3 403 13 282669 0 1186 282669 0
gene 4 10 417 -612561 0 1231 -612561 1
gene 4 417 14 297153 0 1232 297153 1
gene 2 3 489 -800000 0 1426 -800000 1
gene 2 489 287 -780791 0 1427 -780791 1
gene 4 9 504 -90834 0 1465 -90834 1
gene 4 504 15 -594528 0 1466 -594528 0
gene 3 403 573 551412 0 1680 551412 0
gene 3 573 13 -157239 0 1681 -157239 1
gene 3 403 664 337131 0 1944 337131 1
gene 3 664 573 -800000 0 1945 -800000 1
gene 3 403 403 -247899 1 2179 -247899 1
gene 1 21 761 369858 0 2220 369858 1
gene 1 761 13 349344 0 2221 349344 1
gene 3 403 21 -44841 0 2307 -44841 1
gene 3 12 823 -59763 0 2416 -59763 1
gene 3 823 14 -396159 0 2417 -396159 1
gene 4 504 846 -375516 0 2497 -375516 1
gene 4 846 15 -53361 0 2498 -53361 1
gene 2 573 92 524645 0 2714 524645 1
gene 4 11 993 528969 0 2928 528969 1
gene 4 993 14 34212 0 2929 34212 0
gene 4 9 1053 141051 0 3107 141051 1
gene 4 1053 21 -631956 0 3108 -631956 1
gene 4 993 1148 -367565 0 3382 -367565 1
gene 4 1148 14 -164724 0 3383 -164724 1
gene 3 1148 21 157029 0 3428 157029 1
gene 2 10 1211 -239237 0 3562 -239237 1
gene 2 1211 13 -135240 0 3563 -135240 1
genomeend 24


/* Organism #25 Fitness: 260.000000 Time: 0 */
/* Position #25*/
#1 x: 49 y: 15
#2 x: 76 y: 31
#3 x: 20 y: 40
#4 x: 71 y: 67
#5 x: 49 y: 66
#6 x: 44 y: 85
genomestart 25
trait 1 1.000000 0.000000 0.000000 0.000000 22478.000000 82485.000000 7536.000000 0.000000 trait 2 2.000000 0.000000 0.000000 0.000000 0.000000 0.000000 0.000000 0.000000 trait 3 24073.000000 0.000000 0.000000 0.000000 44304.000000 84965.000000 0.000000 0.000000 trait 4 30267.000000 0.000000 0.000000 0.000000 12691.000000 0.000000 36386.000000 0.000000 node 1 1 1 3
node 2 3 1 1
node 3 3 1 1
node 4 2 1 1
node 5 4 1 1
node 6 1 1 1
node 7 3 1 1
node 8 3 1 1
node 9 1 1 1
node 10 2 1 1
node 11 4 1 1
node 12 2 1 1
node 13 3 0 2
node 14 4 0 2
node 15 3 0 2
node 21 4 0 0
node 92 1 0 0
node 122 1 0 0
node 148 1 0 0
node 287 1 0 0
node 387 1 0 0
node 403 1 0 0
node 417 1 0 0
node 489 1 0 0
node 504 1 0 0
node 573 1 0 0
node 664 1 0 0
node 761 1 0 0
node 823 1 0 0
node 846 1 0 0
node 993 1 0 0
node 1053 1 0 0
node 1148 1 0 0
node 1211 1 0 0
gene 4 1 13 -640392 0 1 -640392 1
gene 3 2 13 221496 0 2 221496 1
gene 3 3 13 -51792 0 3 -51792 1
gene 3 4 13 576861 0 4 576861 1
gene 4 5 13 344934 0 5 344934 0
gene 1 6 13 -741974 0 6 -741974 1
gene 1 7 13 629304 0 7 629304 1
gene 2 8 13 13191 0 8 13191 1
gene 1 9 13 -227589 0 9 -227589 0
gene 2 10 13 -187242 0 10 -187242 0
gene 1 11 13 -4110 0 11 -4110 1
gene 3 12 13 -398688 0 12 -398688 0
gene 3 1 14 68265 0 13 68265 1
gene 4 2 14 -28314 0 14 -28314 1
gene 4 3 14 41883 0 15 41883 1
gene 1 4 14 -10605 0 16 -10605 1
gene 2 5 14 385479 0 17 385479 1
gene 4 6 14 138381 0 18 138381 1
gene 2 7 14 215484 0 19 215484 1
gene 1 8 14 652533 0 20 652533 1
gene 1 9 14 -42822 0 21 -42822 1
gene 4 10 14 496314 0 22 496314 0
gene 4 11 14 -530925 0 23 -530925 0
gene 1 12 14 168579 0 24 168579 0
gene 2 1 15 108594 0 25 108594 1
gene 4 2 15 -761567 0 26 -761567 1
gene 1 3 15 -585347 0 27 -585347 1
gene 3 4 15 74867 0 28 74867 1
gene 2 5 15 -356508 0 29 -356508 1
gene 3 6 15 136176 0 30 136176 0
gene 2 7 15 116751 0 31 116751 1
gene 4 8 15 -153828 0 32 -153828 1
gene 4 9 15 -381822 0 33 -381822 0
gene 2 10 15 24549 0 34 24549 0
gene 2 11 15 -78183 0 35 -78183 0
gene 2 12 15 -400419 0 36 -400419 1
gene 4 9 21 -304305 0 49 -304305 0
gene 1 21 13 171138 0 50 171138 0
gene 3 6 92 66291 0 235 66291 1
gene 3 92 15 403938 0 236 403938 1
gene 4 5 122 -284055 0 332 -284055 1
gene 4 122 13 201774 0 333 201774 1
gene 2 11 148 129270 0 403 129270 0
gene 2 148 15 -227430 0 404 -227430 1
gene 3 9 148 -509586 0 557 -509586 1
gene 2 92 122 -564803 0 768 -564803 1
gene 2 10 287 -124653 0 834 -124653 1
gene 2 287 15 585884 0 835 585884 1
gene 3 21 287 -6090 0 900 -6090 1
gene 2 3 287 278145 0 1053 278145 0
gene 3 1 122 -491270 0 1085 -491270 1
gene 2 11 387 -322812 0 1138 -322812 1
gene 2 387 148 -184512 0 1139 -184512 1
gene 3 12 403 34686 0 1185 34686 1
gene 3 403 13 -6033 0 1186 -6033 0
gene 4 10 417 -654315 0 1231 -654315 1
gene 4 417 14 398664 0 1232 398664 1
gene 2 3 489 -800000 0 1426 -800000 1
gene 2 489 287 -761999 0 1427 -761999 1
gene 4 9 504 -226023 0 1465 -226023 1
gene 4 504 15 -800000 0 1466 -800000 0
gene 3 403 573 192600 0 1680 192600 0
gene 3 573 13 -216657 0 1681 -216657 1
gene 3 403 664 75444 0 1944 75444 1
gene 3 664 573 -428978 0 1945 -428978 1
gene 3 403 403 -278973 1 2179 -278973 1
gene 1 21 761 281385 0 2220 281385 1
gene 1 761 13 262215 0 2221 262215 1
gene 3 403 21 248823 0 2307 248823 1
gene 3 12 823 182112 0 2416 182112 1
gene 3 823 14 -515604 0 2417 -515604 1
gene 4 504 846 132297 0 2497 132297 1
gene 4 846 15 -150444 0 2498 -150444 1
gene 2 573 92 800000 0 2714 800000 1
gene 4 11 993 514011 0 2928 514011 1
gene 4 993 14 198168 0 2929 198168 0
gene 4 9 1053 360837 0 3107 360837 1
gene 4 1053 21 115380 0 3108 115380 1
gene 4 993 1148 -232578 0 3382 -232578 1
gene 4 1148 14 -492375 0 3383 -492375 1
gene 3 1148 21 157029 0 3428 157029 1
gene 2 10 1211 -276560 0 3562 -276560 1
gene 2 1211 13 -183387 0 3563 -183387 1
genomeend 25


/* Organism #32 Fitness: 220.000000 Time: 0 */
/* Position #32*/
#1 x: 35 y: 31
#2 x: 68 y: 35
#3 x: 20 y: 22
#4 x: 42 y: 75
#5 x: 37 y: 77
#6 x: 51 y: 70
genomestart 32
trait 1 1.000000 0.000000 0.000000 0.000000 0.000000 0.000000 0.000000 0.000000 trait 2 2.000000 0.000000 0.000000 0.000000 0.000000 0.000000 0.000000 0.000000 trait 3 24073.000000 0.000000 0.000000 0.000000 44304.000000 84965.000000 0.000000 0.000000 trait 4 4.000000 0.000000 0.000000 0.000000 0.000000 0.000000 0.000000 82309.000000 node 1 1 1 3
node 2 3 1 1
node 3 3 1 1
node 4 2 1 1
node 5 4 1 1
node 6 1 1 1
node 7 1 1 1
node 8 3 1 1
node 9 1 1 1
node 10 2 1 1
node 11 4 1 1
node 12 2 1 1
node 13 3 0 2
node 14 4 0 2
node 15 3 0 2
node 21 4 0 0
node 92 1 0 0
node 122 1 0 0
node 148 1 0 0
node 287 1 0 0
node 387 1 0 0
node 403 1 0 0
node 417 1 0 0
node 489 1 0 0
node 504 1 0 0
node 558 1 0 0
node 615 1 0 0
node 896 1 0 0
node 965 1 0 0
node 1086 1 0 0
node 1118 1 0 0
node 1156 1 0 0
node 1257 1 0 0
gene 4 1 13 543903 0 1 543903 1
gene 1 2 13 152895 0 2 152895 1
gene 3 3 13 418443 0 3 418443 0
gene 3 4 13 -195834 0 4 -195834 1
gene 4 5 13 435653 0 5 435653 0
gene 1 6 13 -1008 0 6 -1008 1
gene 1 7 13 -265692 0 7 -265692 1
gene 2 8 13 71760 0 8 71760 1
gene 1 9 13 -111435 0 9 -111435 0
gene 2 10 13 245895 0 10 245895 1
gene 1 11 13 -558641 0 11 -558641 1
gene 4 12 13 302343 0 12 302343 0
gene 3 1 14 -341262 0 13 -341262 1
gene 4 2 14 -10083 0 14 -10083 1
gene 4 3 14 54483 0 15 54483 1
gene 1 4 14 437736 0 16 437736 1
gene 2 5 14 385668 0 17 385668 1
gene 4 6 14 458364 0 18 458364 0
gene 2 7 14 644859 0 19 644859 1
gene 1 8 14 -796163 0 20 -796163 0
gene 1 9 14 -721296 0 21 -721296 1
gene 4 10 14 -772902 0 22 -772902 0
gene 4 11 14 -44330 0 23 -44330 1
gene 3 12 14 -343425 0 24 -343425 1
gene 2 1 15 175989 0 25 175989 1
gene 1 2 15 456108 0 26 456108 1
gene 1 3 15 -698237 0 27 -698237 1
gene 3 4 15 -283413 0 28 -283413 0
gene 2 5 15 365655 0 29 365655 1
gene 3 6 15 310257 0 30 310257 0
gene 4 7 15 641544 0 31 641544 1
gene 4 8 15 -52944 0 32 -52944 1
gene 4 9 15 150861 0 33 150861 0
gene 2 10 15 176010 0 34 176010 0
gene 2 11 15 -176301 0 35 -176301 0
gene 2 12 15 58272 0 36 58272 1
gene 1 9 21 -133080 0 49 -133080 1
gene 1 21 13 -726 0 50 -726 1
gene 3 6 92 -13338 0 235 -13338 1
gene 3 92 15 222507 0 236 222507 0
gene 4 5 122 -315801 0 332 -315801 1
gene 4 122 13 34242 0 333 34242 1
gene 2 11 148 -154743 0 403 -154743 0
gene 2 148 15 -334902 0 404 -334902 1
gene 3 9 148 -337671 0 557 -337671 0
gene 2 92 122 617414 0 768 617414 0
gene 2 10 287 -800000 0 834 -800000 1
gene 2 287 15 283473 0 835 283473 1
gene 3 21 287 -800000 0 900 -800000 1
gene 2 3 287 342216 0 1053 342216 0
gene 3 1 122 -29118 0 1085 -29118 1
gene 2 11 387 -567696 0 1138 -567696 0
gene 2 387 148 747021 0 1139 747021 1
gene 3 12 403 9768 0 1185 9768 1
gene 3 403 13 -95712 0 1186 -95712 1
gene 4 10 417 97866 0 1231 97866 1
gene 4 417 14 276471 0 1232 276471 1
gene 1 3 489 645342 0 1426 645342 1
gene 2 489 287 253089 0 1427 253089 1
gene 4 9 504 322812 0 1465 322812 1
gene 4 504 15 -9183 0 1466 -9183 1
gene 2 92 558 -244137 0 1629 -244137 1
gene 2 558 122 -120420 0 1630 -120420 1
gene 2 417 417 138297 1 1661 138297 1
gene 3 504 92 317157 0 1702 317157 1
gene 3 9 615 239574 0 1803 239574 1
gene 3 615 148 -13830 0 1804 -13830 1
gene 2 10 489 27978 0 1859 27978 1
gene 4 417 558 347649 0 1967 347649 1
gene 4 7 417 -131886 0 2089 -131886 1
gene 1 387 122 153189 0 2278 153189 1
gene 2 403 558 -321564 0 2449 -321564 1
gene 1 8 896 -269886 0 2648 -269886 1
gene 1 896 14 -104547 0 2649 -104547 1
gene 3 21 615 -73509 0 2754 -73509 1
gene 3 92 965 -156587 0 2855 -156587 1
gene 3 965 15 -192525 0 2856 -192525 1
gene 4 12 965 -63333 0 2972 -63333 1
gene 3 3 1086 -81615 0 3206 -81615 1
gene 3 1086 13 -21048 0 3207 -21048 1
gene 4 2 896 -140127 0 3264 -140127 1
gene 3 4 1118 54532 0 3296 54532 1
gene 3 1118 15 -242736 0 3297 -242736 1
gene 4 148 896 218739 0 3347 218739 1
gene 2 11 1156 454468 0 3400 454468 1
gene 2 1156 387 -19989 0 3401 -19989 1
gene 3 1156 489 303108 0 3450 303108 1
gene 4 6 1257 1 0 3681 0 1
gene 4 1257 14 458364 0 3682 0 1
genomeend 32


/* Organism #34 Fitness: 240.000000 Time: 0 */
/* Position #34*/
#1 x: 35 y: 31
#2 x: 45 y: 34
#3 x: 56 y: 30
#4 x: 34 y: 85
#5 x: 37 y: 75
#6 x: 58 y: 61
genomestart 34
trait 1 1.000000 0.000000 0.000000 0.000000 22478.000000 82485.000000 7536.000000 0.000000 trait 2 2.000000 0.000000 0.000000 0.000000 0.000000 0.000000 0.000000 0.000000 trait 3 24073.000000 0.000000 0.000000 0.000000 44304.000000 84965.000000 0.000000 0.000000 trait 4 30267.000000 0.000000 0.000000 0.000000 12691.000000 0.000000 36386.000000 0.000000 node 1 1 1 3
node 2 3 1 1
node 3 3 1 1
node 4 2 1 1
node 5 4 1 1
node 6 1 1 1
node 7 3 1 1
node 8 3 1 1
node 9 1 1 1
node 10 2 1 1
node 11 4 1 1
node 12 2 1 1
node 13 3 0 2
node 14 4 0 2
node 15 3 0 2
node 21 4 0 0
node 92 1 0 0
node 122 1 0 0
node 148 1 0 0
node 287 1 0 0
node 387 1 0 0
node 403 1 0 0
node 417 1 0 0
node 489 1 0 0
node 504 1 0 0
node 573 1 0 0
node 664 1 0 0
node 761 1 0 0
node 823 1 0 0
node 846 1 0 0
node 993 1 0 0
node 1053 1 0 0
node 1148 1 0 0
gene 4 1 13 -358200 0 1 -358200 1
gene 3 2 13 619857 0 2 619857 1
gene 3 3 13 -131205 0 3 -131205 1
gene 3 4 13 799344 0 4 799344 1
gene 4 5 13 323571 0 5 323571 0
gene 1 6 13 -691004 0 6 -691004 1
gene 1 7 13 276357 0 7 276357 1
gene 2 8 13 -309996 0 8 -309996 1
gene 1 9 13 -147495 0 9 -147495 0
gene 2 10 13 66906 0 10 66906 1
gene 1 11 13 -132840 0 11 -132840 1
gene 3 12 13 -220173 0 12 -220173 0
gene 3 1 14 -408534 0 13 -408534 1
gene 4 2 14 -45960 0 14 -45960 1
gene 4 3 14 128871 0 15 128871 1
gene 1 4 14 130455 0 16 130455 1
gene 2 5 14 -3264 0 17 -3264 1
gene 4 6 14 348534 0 18 348534 1
gene 2 7 14 73686 0 19 73686 1
gene 1 8 14 453726 0 20 453726 1
gene 1 9 14 -179652 0 21 -179652 1
gene 4 10 14 721103 0 22 721103 0
gene 4 11 14 -123066 0 23 -123066 0
gene 1 12 14 -113964 0 24 -113964 0
gene 2 1 15 -8166 0 25 -8166 1
gene 4 2 15 -654476 0 26 -654476 1
gene 1 3 15 -800000 0 27 -800000 1
gene 3 4 15 450530 0 28 450530 1
gene 2 5 15 134625 0 29 134625 1
gene 3 6 15 389919 0 30 389919 0
gene 4 7 15 -42189 0 31 -42189 1
gene 4 8 15 202932 0 32 202932 1
gene 4 9 15 -286311 0 33 -286311 0
gene 2 10 15 52608 0 34 52608 0
gene 2 11 15 101460 0 35 101460 0
gene 2 12 15 -44793 0 36 -44793 1
gene 4 9 21 -55896 0 49 -55896 0
gene 1 21 13 -31860 0 50 -31860 0
gene 3 6 92 324126 0 235 324126 1
gene 3 92 15 -27591 0 236 -27591 1
gene 4 5 122 -268878 0 332 -268878 1
gene 4 122 13 28818 0 333 28818 1
gene 2 11 148 -7101 0 403 -7101 0
gene 2 148 15 283257 0 404 283257 1
gene 3 9 148 -101463 0 557 -101463 1
gene 2 92 122 -679046 0 768 -679046 1
gene 2 10 287 42174 0 834 42174 1
gene 2 287 15 566879 0 835 566879 1
gene 3 21 287 166788 0 900 166788 1
gene 2 3 287 20754 0 1053 20754 0
gene 3 1 122 -442910 0 1085 -442910 1
gene 2 11 387 134880 0 1138 134880 1
gene 2 387 148 -213264 0 1139 -213264 1
gene 3 12 403 266751 0 1185 266751 1
gene 3 403 13 95241 0 1186 95241 0
gene 4 10 417 -370575 0 1231 -370575 1
gene 4 417 14 70398 0 1232 70398 1
gene 2 3 489 -531008 0 1426 -531008 1
gene 2 489 287 -800000 0 1427 -800000 1
gene 4 9 504 -539619 0 1465 -539619 1
gene 4 504 15 -310416 0 1466 -310416 0
gene 3 403 573 518328 0 1680 518328 0
gene 3 573 13 -195000 0 1681 -195000 1
gene 3 403 664 341589 0 1944 341589 1
gene 3 664 573 -800000 0 1945 -800000 1
gene 3 403 403 -282510 1 2179 -282510 1
gene 1 21 761 226284 0 2220 226284 1
gene 1 761 13 501840 0 2221 501840 1
gene 3 403 21 59916 0 2307 59916 1
gene 3 12 823 260052 0 2416 260052 1
gene 3 823 14 -219627 0 2417 -219627 1
gene 4 504 846 -800000 0 2497 -800000 1
gene 4 846 15 -564660 0 2498 -564660 1
gene 2 573 92 665159 0 2714 665159 1
gene 4 11 993 157599 0 2928 157599 1
gene 4 993 14 210786 0 2929 210786 0
gene 4 9 1053 -41739 0 3107 -41739 1
gene 4 1053 21 177900 0 3108 177900 1
gene 4 993 1148 -236907 0 3382 -236907 1
gene 4 1148 14 403818 0 3383 403818 1
gene 3 1148 21 58694 0 3428 58694 1
gene 2 148 489 66706 0 3685 66706 1
genomeend 34


/* Organism #42 Fitness: 220.000000 Time: 0 */
/* Position #42*/
#1 x: 28 y: 23
#2 x: 40 y: 21
#3 x: 82 y: 18
#4 x: 77 y: 81
#5 x: 31 y: 60
#6 x: 15 y: 63
genomestart 42
trait 1 0.000000 0.000000 0.000000 78208.000000 0.000000 72506.000000 0.000000 0.000000 trait 2 2.000000 0.000000 0.000000 0.000000 0.000000 0.000000 0.000000 0.000000 trait 3 24073.000000 0.000000 0.000000 0.000000 44304.000000 84965.000000 0.000000 0.000000 trait 4 55659.000000 0.000000 0.000000 0.000000 0.000000 0.000000 0.000000 100000.000000 node 1 1 1 3
node 2 3 1 1
node 3 1 1 1
node 4 2 1 1
node 5 4 1 1
node 6 1 1 1
node 7 1 1 1
node 8 3 1 1
node 9 1 1 1
node 10 2 1 1
node 11 4 1 1
node 12 2 1 1
node 13 3 0 2
node 14 4 0 2
node 15 3 0 2
node 21 4 0 0
node 92 1 0 0
node 122 1 0 0
node 148 1 0 0
node 287 1 0 0
node 387 1 0 0
node 403 3 0 0
node 417 1 0 0
node 489 1 0 0
node 504 1 0 0
node 558 1 0 0
node 615 1 0 0
node 895 1 0 0
node 980 1 0 0
node 1017 1 0 0
node 1028 1 0 0
node 1217 1 0 0
node 1263 1 0 0
gene 4 1 13 -6720 0 1 -6720 1
gene 1 2 13 374315 0 2 374315 1
gene 3 3 13 517193 0 3 517193 1
gene 3 4 13 268362 0 4 268362 1
gene 4 5 13 -295854 0 5 -295854 0
gene 1 6 13 -434322 0 6 -434322 1
gene 1 7 13 -62559 0 7 -62559 1
gene 2 8 13 -102351 0 8 -102351 0
gene 1 9 13 455661 0 9 455661 0
gene 2 10 13 800000 0 10 800000 1
gene 1 11 13 -800000 0 11 -800000 1
gene 3 12 13 382431 0 12 382431 0
gene 1 1 14 -206844 0 13 -206844 1
gene 4 2 14 -470648 0 14 -470648 0
gene 4 3 14 280107 0 15 280107 1
gene 1 4 14 -266079 0 16 -266079 1
gene 2 5 14 96342 0 17 96342 1
gene 4 6 14 -572852 0 18 -572852 1
gene 2 7 14 2058 0 19 2058 1
gene 1 8 14 -3444 0 20 -3444 1
gene 1 9 14 -600069 0 21 -600069 1
gene 4 10 14 -101328 0 22 -101328 0
gene 4 11 14 -11613 0 23 -11613 1
gene 3 12 14 -46998 0 24 -46998 1
gene 2 1 15 621245 0 25 621245 1
gene 4 2 15 -76149 0 26 -76149 1
gene 1 3 15 -463680 0 27 -463680 1
gene 3 4 15 245088 0 28 245088 0
gene 2 5 15 130920 0 29 130920 1
gene 3 6 15 410361 0 30 410361 0
gene 4 7 15 284763 0 31 284763 1
gene 4 8 15 -229884 0 32 -229884 0
gene 4 9 15 368505 0 33 368505 0
gene 2 10 15 235680 0 34 235680 0
gene 2 11 15 -651471 0 35 -651471 0
gene 2 12 15 169575 0 36 169575 1
gene 1 9 21 -10410 0 49 -10410 1
gene 1 21 13 190668 0 50 190668 0
gene 3 6 92 -12933 0 235 -12933 1
gene 3 92 15 716033 0 236 716033 1
gene 4 5 122 86958 0 332 86958 1
gene 4 122 13 -78597 0 333 -78597 1
gene 2 11 148 -201615 0 403 -201615 0
gene 2 148 15 389091 0 404 389091 1
gene 3 9 148 126054 0 557 126054 0
gene 2 92 122 87678 0 768 87678 0
gene 2 10 287 529134 0 834 529134 1
gene 2 287 15 446991 0 835 446991 1
gene 3 21 287 96165 0 900 96165 1
gene 2 3 287 -555789 0 1053 -555789 0
gene 3 1 122 -495894 0 1085 -495894 1
gene 2 11 387 -35058 0 1138 -35058 1
gene 2 387 148 331026 0 1139 331026 1
gene 3 12 403 -322586 0 1185 -322586 1
gene 3 403 13 -649851 0 1186 -649851 1
gene 4 10 417 342369 0 1231 342369 1
gene 4 417 14 -472103 0 1232 -472103 1
gene 2 3 489 -297555 0 1426 -297555 1
gene 2 489 287 -202620 0 1427 -202620 1
gene 4 9 504 -384834 0 1465 -384834 1
gene 4 504 15 -114726 0 1466 -114726 1
gene 2 92 558 -344130 0 1629 -344130 1
gene 2 558 122 583332 0 1630 583332 1
gene 2 417 417 442701 1 1661 442701 1
gene 3 504 92 57789 0 1702 57789 1
gene 3 9 615 732231 0 1803 732231 1
gene 3 615 148 208518 0 1804 208518 1
gene 2 10 489 10623 0 1859 10623 1
gene 4 417 558 -238101 0 1967 -238101 0
gene 1 1 558 -366168 0 2066 -366168 1
gene 1 21 895 89364 0 2645 89364 1
gene 1 895 13 39921 0 2646 39921 1
gene 1 387 287 339948 0 2860 339948 1
gene 4 417 980 -110919 0 2899 -110919 1
gene 2 980 558 -83346 0 2900 -83346 1
gene 2 8 1017 -24990 0 2994 -24990 1
gene 2 1017 13 -254676 0 2995 -254676 1
gene 4 8 1028 -570717 0 3034 -570717 1
gene 4 1028 15 -218625 0 3035 -218625 1
gene 1 5 417 -778251 0 3195 -778251 1
gene 1 8 287 -120481 0 3247 -120481 1
gene 3 1028 980 469926 0 3341 469926 1
gene 4 2 1217 26050 0 3580 26050 1
gene 4 1217 14 -739562 0 3581 -739562 1
gene 3 4 1263 1 0 3695 0 1
gene 3 1263 15 245088 0 3696 0 1
genomeend 42


/* Organism #50 Fitness: 230.000000 Time: 0 */
/* Position #50*/
#1 x: 84 y: 21
#2 x: 47 y: 40
#3 x: 66 y: 32
#4 x: 63 y: 66
#5 x: 30 y: 82
#6 x: 74 y: 66
genomestart 50
trait 1 43007.000000 16300.000000 0.000000 0.000000 0.000000 0.000000 87908.000000 0.000000 trait 2 35105.000000 0.000000 59935.000000 0.000000 0.000000 0.000000 0.000000 0.000000 trait 3 0.000000 0.000000 0.000000 0.000000 0.000000 13538.000000 70969.000000 0.000000 trait 4 4.000000 0.000000 0.000000 0.000000 0.000000 0.000000 0.000000 0.000000 node 1 4 1 3
node 2 3 1 1
node 3 1 1 1
node 4 1 1 1
node 5 1 1 1
node 6 2 1 1
node 7 4 1 1
node 8 4 1 1
node 9 2 1 1
node 10 1 1 1
node 11 2 1 1
node 12 4 1 1
node 13 2 0 2
node 14 1 0 2
node 15 3 0 2
node 121 1 0 0
node 235 1 0 0
node 384 1 0 0
node 420 1 0 0
node 433 1 0 0
node 461 1 0 0
node 500 1 0 0
node 516 2 0 0
node 611 1 0 0
node 671 1 0 0
node 684 1 0 0
node 844 1 0 0
node 900 1 0 0
node 934 1 0 0
node 946 1 0 0
node 1038 1 0 0
node 1093 1 0 0
gene 2 1 13 -133362 0 1 -133362 1
gene 3 2 13 -258819 0 2 -258819 0
gene 2 3 13 -800000 0 3 -800000 1
gene 3 4 13 308981 0 4 308981 1
gene 2 5 13 111813 0 5 111813 1
gene 4 6 13 147519 0 6 147519 1
gene 3 7 13 379586 0 7 379586 1
gene 2 8 13 -563184 0 8 -563184 1
gene 3 9 13 541730 0 9 541730 1
gene 2 10 13 -176637 0 10 -176637 1
gene 2 11 13 244563 0 11 244563 1
gene 4 12 13 257862 0 12 257862 1
gene 2 1 14 400464 0 13 400464 1
gene 4 2 14 124356 0 14 124356 1
gene 4 3 14 494742 0 15 494742 0
gene 4 4 14 274470 0 16 274470 0
gene 4 5 14 30831 0 17 30831 1
gene 3 6 14 -265692 0 18 -265692 1
gene 2 7 14 92631 0 19 92631 0
gene 1 8 14 -15276 0 20 -15276 1
gene 2 9 14 448056 0 21 448056 0
gene 1 10 14 -351048 0 22 -351048 1
gene 1 11 14 42174 0 23 42174 1
gene 4 12 14 -79587 0 24 -79587 1
gene 3 1 15 -753087 0 25 -753087 1
gene 3 2 15 413229 0 26 413229 1
gene 3 3 15 -317691 0 27 -317691 1
gene 1 4 15 164556 0 28 164556 1
gene 3 5 15 278286 0 29 278286 1
gene 1 6 15 -592038 0 30 -592038 1
gene 3 7 15 291741 0 31 291741 0
gene 3 8 15 -280251 0 32 -280251 0
gene 3 9 15 91662 0 33 91662 1
gene 3 10 15 -67092 0 34 -67092 0
gene 2 11 15 97014 0 35 97014 1
gene 4 12 15 498330 0 36 498330 1
gene 4 15 15 514095 1 174 514095 1
gene 3 8 121 113766 0 329 113766 1
gene 3 121 15 313803 0 330 313803 1
gene 2 5 121 -90093 0 438 -90093 0
gene 2 7 121 -36069 0 483 -36069 1
gene 4 4 235 347712 0 666 347712 1
gene 4 235 14 -429111 0 667 -429111 0
gene 3 1 235 132363 0 753 132363 1
gene 1 9 235 -179634 0 1108 -179634 1
gene 3 10 384 -182991 0 1126 -182991 1
gene 3 384 15 66813 0 1127 66813 1
gene 2 14 14 -86043 1 1197 -86043 1
gene 3 7 420 -246843 0 1239 -246843 1
gene 3 420 15 -127926 0 1240 -127926 1
gene 1 2 433 -131505 0 1284 -131505 1
gene 3 433 13 -522897 0 1285 -522897 1
gene 4 3 461 156975 0 1352 156975 0
gene 4 461 14 -153294 0 1353 -153294 1
gene 4 15 500 -541685 1 1453 -541685 1
gene 4 500 15 352677 0 1454 352677 1
gene 1 8 516 186063 0 1500 186063 0
gene 1 516 14 207792 0 1501 207792 1
gene 1 384 121 -205269 0 1548 -205269 1
gene 3 384 611 584739 0 1791 584739 0
gene 3 611 15 251463 0 1792 251463 1
gene 4 3 671 -45300 0 1960 -45300 1
gene 4 671 461 273873 0 1961 273873 1
gene 2 7 684 182898 0 1997 182898 1
gene 2 684 14 -35361 0 1998 -35361 1
gene 1 684 516 -227334 0 2167 -227334 1
gene 4 235 844 -192165 0 2493 -192165 1
gene 4 844 14 -483087 0 2494 -483087 1
gene 2 10 121 42246 0 2605 42246 1
gene 2 9 900 -237630 0 2659 -237630 1
gene 2 900 14 -108540 0 2660 -108540 1
gene 3 384 934 -335610 0 2767 -335610 1
gene 3 934 611 -108876 0 2768 -108876 0
gene 2 5 946 -609075 0 2806 -609075 1
gene 2 946 121 -613521 0 2807 -613521 1
gene 1 8 1038 -274436 0 3069 -274436 1
gene 1 1038 516 -46326 0 3070 -46326 1
gene 3 934 1093 -85671 0 3223 -85671 1
gene 3 1093 611 -429027 0 3224 -429027 1
genomeend 50


/* Organism #54 Fitness: 370.000000 Time: 0 */
/* Position #54*/
#1 x: 59 y: 15
#2 x: 43 y: 16
#3 x: 79 y: 26
#4 x: 18 y: 64
#5 x: 50 y: 83
#6 x: 28 y: 80
genomestart 54
trait 1 1.000000 0.000000 0.000000 0.000000 0.000000 0.000000 0.000000 0.000000 trait 2 0.000000 0.000000 0.000000 95034.000000 0.000000 0.000000 0.000000 0.000000 trait 3 24073.000000 0.000000 0.000000 0.000000 44304.000000 84965.000000 0.000000 0.000000 trait 4 30267.000000 0.000000 0.000000 0.000000 12691.000000 0.000000 36386.000000 0.000000 node 1 1 1 3
node 2 3 1 1
node 3 3 1 1
node 4 2 1 1
node 5 4 1 1
node 6 1 1 1
node 7 3 1 1
node 8 3 1 1
node 9 1 1 1
node 10 2 1 1
node 11 4 1 1
node 12 2 1 1
node 13 3 0 2
node 14 4 0 2
node 15 3 0 2
node 21 4 0 0
node 92 1 0 0
node 122 1 0 0
node 148 1 0 0
node 287 1 0 0
node 387 1 0 0
node 403 1 0 0
node 417 1 0 0
node 489 1 0 0
node 504 1 0 0
node 573 1 0 0
node 664 1 0 0
node 761 1 0 0
node 823 1 0 0
node 846 1 0 0
node 993 1 0 0
node 1091 1 0 0
node 1138 1 0 0
node 1157 1 0 0
node 1188 1 0 0
gene 4 1 13 -557894 0 1 -557894 1
gene 3 2 13 -800000 0 2 -800000 0
gene 3 3 13 194835 0 3 194835 1
gene 3 4 13 215328 0 4 215328 1
gene 4 5 13 121892 0 5 121892 0
gene 1 6 13 -800000 0 6 -800000 1
gene 1 7 13 286896 0 7 286896 1
gene 2 8 13 -273819 0 8 -273819 1
gene 1 9 13 -204882 0 9 -204882 0
gene 2 10 13 -144558 0 10 -144558 1
gene 1 11 13 -192933 0 11 -192933 1
gene 3 12 13 231969 0 12 231969 0
gene 3 1 14 457467 0 13 457467 1
gene 4 2 14 -255357 0 14 -255357 1
gene 4 3 14 -138888 0 15 -138888 1
gene 1 4 14 -373917 0 16 -373917 1
gene 2 5 14 234711 0 17 234711 1
gene 4 6 14 -117891 0 18 -117891 1
gene 2 7 14 188580 0 19 188580 0
gene 1 8 14 800000 0 20 800000 1
gene 1 9 14 538479 0 21 538479 1
gene 4 10 14 55728 0 22 55728 0
gene 4 11 14 -177297 0 23 -177297 0
gene 1 12 14 -150714 0 24 -150714 0
gene 2 1 15 -632733 0 25 -632733 1
gene 4 2 15 -721793 0 26 -721793 1
gene 1 3 15 -1238 0 27 -1238 1
gene 3 4 15 800000 0 28 800000 1
gene 2 5 15 267030 0 29 267030 1
gene 3 6 15 -332391 0 30 -332391 0
gene 4 7 15 -140787 0 31 -140787 1
gene 4 8 15 134952 0 32 134952 1
gene 4 9 15 396396 0 33 396396 0
gene 2 10 15 -339138 0 34 -339138 0
gene 2 11 15 247740 0 35 247740 0
gene 2 12 15 -525822 0 36 -525822 1
gene 4 9 21 752019 0 49 752019 1
gene 1 21 13 800000 0 50 800000 0
gene 3 6 92 691859 0 235 691859 1
gene 3 92 15 446574 0 236 446574 1
gene 4 5 122 -415898 0 332 -415898 1
gene 4 122 13 130701 0 333 130701 1
gene 2 11 148 800000 0 403 800000 0
gene 2 148 15 -181485 0 404 -181485 1
gene 3 9 148 19944 0 557 19944 1
gene 2 92 122 -285882 0 768 -285882 1
gene 2 10 287 -411579 0 834 -411579 1
gene 2 287 15 -800000 0 835 -800000 1
gene 3 21 287 388950 0 900 388950 1
gene 2 3 287 345084 0 1053 345084 0
gene 3 1 122 -673946 0 1085 -673946 1
gene 2 11 387 -340206 0 1138 -340206 1
gene 2 387 148 512871 0 1139 512871 1
gene 3 12 403 263688 0 1185 263688 1
gene 3 403 13 22989 0 1186 22989 0
gene 4 10 417 -199896 0 1231 -199896 1
gene 4 417 14 -255126 0 1232 -255126 1
gene 2 3 489 271569 0 1426 271569 1
gene 2 489 287 -91872 0 1427 -91872 1
gene 4 9 504 123735 0 1465 123735 0
gene 4 504 15 -494862 0 1466 -494862 0
gene 3 403 573 354714 0 1680 354714 0
gene 3 573 13 -153774 0 1681 -153774 1
gene 3 403 664 -198261 0 1944 -198261 1
gene 3 664 573 29301 0 1945 29301 1
gene 3 403 403 -43080 1 2179 -43080 1
gene 1 21 761 -299295 0 2220 -299295 1
gene 1 761 13 -15237 0 2221 -15237 1
gene 3 403 21 19722 0 2307 19722 0
gene 3 12 823 -594090 0 2416 -594090 1
gene 3 823 14 -217749 0 2417 -217749 1
gene 4 504 846 17706 0 2497 17706 1
gene 4 846 15 67935 0 2498 67935 1
gene 2 573 92 433137 0 2714 433137 1
gene 4 11 993 -683720 0 2928 -683720 1
gene 4 993 14 227847 0 2929 227847 1
gene 4 9 1091 -86874 0 3218 -86874 1
gene 4 1091 504 346767 0 3219 346767 1
gene 1 664 993 -68511 0 3299 -68511 1
gene 3 403 1138 -166544 0 3351 -166544 1
gene 3 1138 21 684135 0 3352 684135 1
gene 2 7 1157 375565 0 3403 375565 1
gene 2 1157 14 495018 0 3404 495018 1
gene 3 9 846 -51207 0 3451 -51207 1
gene 3 2 1188 -49823 0 3503 -49823 1
gene 3 1188 13 -709130 0 3504 -709130 1
genomeend 54


/* Organism #60 Fitness: 240.000000 Time: 0 */
/* Position #60*/
#1 x: 49 y: 27
#2 x: 32 y: 26
#3 x: 30 y: 19
#4 x: 77 y: 78
#5 x: 81 y: 82
#6 x: 18 y: 70
genomestart 60
trait 1 1.000000 0.000000 0.000000 0.000000 0.000000 0.000000 0.000000 0.000000 trait 2 2.000000 0.000000 0.000000 0.000000 35768.000000 0.000000 22072.000000 0.000000 trait 3 4400.000000 0.000000 0.000000 0.000000 45014.000000 84965.000000 0.000000 0.000000 trait 4 42429.000000 60904.000000 7516.000000 0.000000 94599.000000 75868.000000 706.000000 79555.000000 node 1 1 1 3
node 2 3 1 1
node 3 3 1 1
node 4 2 1 1
node 5 4 1 1
node 6 1 1 1
node 7 1 1 1
node 8 3 1 1
node 9 1 1 1
node 10 2 1 1
node 11 4 1 1
node 12 2 1 1
node 13 3 0 2
node 14 4 0 2
node 15 3 0 2
node 21 4 0 0
node 92 3 0 0
node 122 1 0 0
node 148 1 0 0
node 287 1 0 0
node 387 1 0 0
node 403 1 0 0
node 417 1 0 0
node 489 1 0 0
node 504 4 0 0
node 558 1 0 0
node 615 1 0 0
node 895 1 0 0
node 907 1 0 0
node 1005 1 0 0
node 1207 1 0 0
gene 4 1 13 -800000 0 1 -800000 1
gene 1 2 13 -386085 0 2 -386085 1
gene 3 3 13 16713 0 3 16713 1
gene 3 4 13 346995 0 4 346995 1
gene 4 5 13 -399681 0 5 -399681 0
gene 1 6 13 52020 0 6 52020 1
gene 1 7 13 279573 0 7 279573 1
gene 2 8 13 758042 0 8 758042 1
gene 1 9 13 756750 0 9 756750 0
gene 2 10 13 -263154 0 10 -263154 1
gene 1 11 13 -81081 0 11 -81081 1
gene 3 12 13 578292 0 12 578292 0
gene 1 1 14 -283269 0 13 -283269 1
gene 4 2 14 195213 0 14 195213 1
gene 4 3 14 -377598 0 15 -377598 1
gene 1 4 14 678951 0 16 678951 1
gene 2 5 14 89391 0 17 89391 1
gene 4 6 14 86127 0 18 86127 1
gene 2 7 14 217680 0 19 217680 1
gene 1 8 14 109083 0 20 109083 1
gene 1 9 14 276117 0 21 276117 1
gene 4 10 14 -69519 0 22 -69519 0
gene 4 11 14 -81281 0 23 -81281 1
gene 3 12 14 128880 0 24 128880 1
gene 2 1 15 446277 0 25 446277 1
gene 4 2 15 -361770 0 26 -361770 1
gene 1 3 15 -422247 0 27 -422247 1
gene 3 4 15 -715764 0 28 -715764 1
gene 2 5 15 -261330 0 29 -261330 1
gene 3 6 15 -255195 0 30 -255195 0
gene 4 7 15 20583 0 31 20583 1
gene 4 8 15 800000 0 32 800000 1
gene 4 9 15 -26178 0 33 -26178 0
gene 2 10 15 -40470 0 34 -40470 0
gene 2 11 15 44985 0 35 44985 0
gene 2 12 15 80454 0 36 80454 1
gene 1 9 21 170037 0 49 170037 1
gene 1 21 13 -361368 0 50 -361368 0
gene 3 6 92 590994 0 235 590994 1
gene 3 92 15 -371589 0 236 -371589 1
gene 4 5 122 -446313 0 332 -446313 1
gene 4 122 13 606545 0 333 606545 1
gene 2 11 148 230001 0 403 230001 0
gene 2 148 15 -43935 0 404 -43935 1
gene 3 9 148 -281832 0 557 -281832 0
gene 2 92 122 324120 0 768 324120 0
gene 2 10 287 -161040 0 834 -161040 1
gene 2 287 15 263151 0 835 263151 1
gene 3 21 287 254154 0 900 254154 1
gene 2 3 287 13464 0 1053 13464 0
gene 3 1 122 86610 0 1085 86610 1
gene 2 11 387 365442 0 1138 365442 1
gene 2 387 148 -440763 0 1139 -440763 1
gene 3 12 403 -578136 0 1185 -578136 1
gene 3 403 13 792771 0 1186 792771 1
gene 4 10 417 -419709 0 1231 -419709 1
gene 4 417 14 -225390 0 1232 -225390 1
gene 2 3 489 -241269 0 1426 -241269 0
gene 4 489 287 181749 0 1427 181749 1
gene 4 9 504 -421791 0 1465 -421791 1
gene 4 504 15 -755832 0 1466 -755832 1
gene 2 92 558 471375 0 1629 471375 0
gene 2 558 122 -5010 0 1630 -5010 1
gene 2 417 417 -204564 1 1661 -204564 1
gene 3 504 92 -434328 0 1702 -434328 1
gene 3 9 615 192411 0 1803 192411 1
gene 3 615 148 -147699 0 1804 -147699 1
gene 2 10 489 -66009 0 1859 -66009 1
gene 4 417 558 265365 0 1967 265365 1
gene 1 1 558 22020 0 2066 22020 1
gene 1 21 895 -486483 0 2645 -486483 1
gene 1 895 13 -16965 0 2646 -16965 1
gene 2 3 907 -85317 0 2682 -85317 1
gene 2 907 489 15666 0 2683 15666 1
gene 1 5 387 10008 0 2720 10008 1
gene 2 92 1005 -102393 0 2960 -102393 0
gene 2 1005 558 32928 0 2961 32928 1
gene 2 92 1207 319113 0 3550 319113 1
gene 2 1207 1005 -16656 0 3551 -16656 1
gene 4 14 14 -50336 1 3709 -50336 1
genomeend 60


