/* Organism #18 Fitness: 260.000000 Time: 0 */
/* Position #18*/
#1 x: 59 y: 22
#2 x: 63 y: 27
#3 x: 43 y: 23
#4 x: 35 y: 81
#5 x: 61 y: 82
#6 x: 29 y: 85
genomestart 18
trait 1 100000.000000 16300.000000 0.000000 0.000000 45600.000000 0.000000 0.000000 0.000000 trait 2 2.000000 0.000000 0.000000 0.000000 83586.000000 0.000000 76024.000000 27694.000000 trait 3 0.000000 0.000000 0.000000 0.000000 0.000000 13538.000000 70969.000000 0.000000 trait 4 17399.000000 0.000000 11440.000000 97211.000000 0.000000 0.000000 2888.000000 37957.000000 node 1 4 1 3
node 2 4 1 1
node 3 1 1 1
node 4 1 1 1
node 5 1 1 1
node 6 2 1 1
node 7 4 1 1
node 8 4 1 1
node 9 2 1 1
node 10 1 1 1
node 11 1 1 1
node 12 4 1 1
node 13 2 0 2
node 14 1 0 2
node 15 3 0 2
node 121 1 0 0
node 235 1 0 0
node 384 1 0 0
node 420 1 0 0
node 433 1 0 0
node 461 1 0 0
node 500 1 0 0
node 516 1 0 0
node 697 3 0 0
node 1018 2 0 0
node 1130 1 0 0
node 1323 1 0 0
node 1393 1 0 0
node 1479 1 0 0
node 1531 1 0 0
node 1732 1 0 0
node 1844 1 0 0
node 2023 1 0 0
node 2035 1 0 0
node 2054 1 0 0
node 2076 1 0 0
node 2174 1 0 0
node 2292 1 0 0
node 2306 1 0 0
node 2374 1 0 0
node 2473 1 0 0
node 2483 1 0 0
node 2495 1 0 0
node 2517 1 0 0
node 2532 1 0 0
node 2550 1 0 0
node 2617 1 0 0
gene 2 1 13 -258954 0 1 -258954 1
gene 3 2 13 189222 0 2 189222 1
gene 2 3 13 -556148 0 3 -556148 1
gene 3 4 13 406395 0 4 406395 1
gene 2 5 13 84678 0 5 84678 1
gene 4 6 13 -273513 0 6 -273513 1
gene 3 7 13 28842 0 7 28842 1
gene 2 8 13 -577413 0 8 -577413 0
gene 3 9 13 -49494 0 9 -49494 1
gene 2 10 13 -404808 0 10 -404808 1
gene 2 11 13 224478 0 11 224478 0
gene 4 12 13 -34443 0 12 -34443 0
gene 4 1 14 -540360 0 13 -540360 1
gene 2 2 14 -253620 0 14 -253620 0
gene 4 3 14 -416874 0 15 -416874 1
gene 4 4 14 246411 0 16 246411 0
gene 4 5 14 73989 0 17 73989 1
gene 3 6 14 -264654 0 18 -264654 1
gene 2 7 14 -200517 0 19 -200517 1
gene 1 8 14 -424421 0 20 -424421 0
gene 2 9 14 -44973 0 21 -44973 0
gene 1 10 14 -108410 0 22 -108410 0
gene 1 11 14 -150618 0 23 -150618 0
gene 4 12 14 372663 0 24 372663 1
gene 3 1 15 343029 0 25 343029 1
gene 3 2 15 -318669 0 26 -318669 0
gene 3 3 15 -184830 0 27 -184830 0
gene 3 4 15 436713 0 28 436713 1
gene 3 5 15 339879 0 29 339879 1
gene 1 6 15 207351 0 30 207351 1
gene 3 7 15 366435 0 31 366435 0
gene 3 8 15 -289605 0 32 -289605 1
gene 3 9 15 -87366 0 33 -87366 1
gene 3 10 15 -402006 0 34 -402006 0
gene 2 11 15 -5091 0 35 -5091 1
gene 4 12 15 365847 0 36 365847 0
gene 4 15 15 370941 1 174 370941 0
gene 3 8 121 398265 0 329 398265 0
gene 3 121 15 -174711 0 330 -174711 1
gene 2 5 121 -88566 0 438 -88566 1
gene 2 7 121 780536 0 483 780536 0
gene 4 4 235 567266 0 666 567266 1
gene 4 235 14 -290928 0 667 -290928 1
gene 1 1 235 -497051 0 753 -497051 1
gene 1 9 235 -360695 0 1108 -360695 1
gene 3 10 384 -38454 0 1126 -38454 0
gene 3 384 15 -29718 0 1127 -29718 0
gene 2 14 14 -553992 1 1197 -553992 1
gene 3 7 420 -781214 0 1239 -781214 1
gene 3 420 15 373362 0 1240 373362 1
gene 3 2 433 -404378 0 1284 -404378 1
gene 3 433 13 649248 0 1285 649248 1
gene 4 3 461 523409 0 1352 523409 1
gene 4 461 14 -142281 0 1353 -142281 0
gene 4 15 500 341925 1 1453 341925 0
gene 4 500 15 -798936 0 1454 -798936 1
gene 1 8 516 615882 0 1500 615882 1
gene 1 516 14 -800000 0 1501 -800000 1
gene 1 384 121 -120150 0 1548 -120150 0
gene 2 8 461 -719586 0 1965 -719586 1
gene 3 3 697 -129483 0 2038 -129483 1
gene 3 697 15 746372 0 2039 746372 1
gene 2 1 500 -433677 0 2133 -433677 1
gene 1 3 433 542555 0 2628 542555 1
gene 1 516 516 -371157 1 2664 -371157 1
gene 3 8 1018 -146937 0 2997 -146937 0
gene 3 1018 121 -471828 0 2998 -471828 0
gene 3 15 433 410166 0 3156 410166 1
gene 1 10 1130 -58224 0 3329 -58224 0
gene 1 1130 14 -239388 0 3330 -239388 1
gene 3 500 697 -244239 0 3371 -244239 1
gene 2 3 516 251868 0 3603 251868 1
gene 2 9 1323 -48105 0 3885 -48105 1
gene 2 1323 14 428052 0 3886 428052 1
gene 2 121 420 44064 0 3959 44064 0
gene 2 8 1393 800000 0 4093 800000 1
gene 2 1393 13 94623 0 4094 94623 0
gene 1 11 1479 86322 0 4325 86322 1
gene 4 1479 14 317019 0 4326 317019 1
gene 4 12 1531 -110121 0 4477 -110121 1
gene 4 1531 15 -800000 0 4478 -800000 1
gene 2 1323 420 104376 0 4676 104376 1
gene 3 500 1479 -247716 0 4897 -247716 0
gene 4 461 461 502785 1 4980 502785 1
gene 2 121 1732 289488 0 5095 289488 1
gene 1 1732 420 23175 0 5096 23175 1
gene 1 384 500 773225 0 5133 773225 1
gene 2 15 14 -156999 0 5180 -156999 0
gene 4 6 1130 104379 0 5368 104379 1
gene 3 10 1844 157107 0 5409 157107 1
gene 3 1844 384 -561225 0 5410 -561225 1
gene 2 2 2023 150930 0 5908 150930 1
gene 1 2023 14 -248463 0 5909 -248463 1
gene 2 1393 2035 682431 0 5942 682431 0
gene 2 2035 13 120813 0 5943 120813 1
gene 4 461 2054 300831 0 5995 300831 0
gene 4 2054 14 800000 0 5996 800000 1
gene 4 461 2076 -229386 0 6055 -229386 1
gene 4 2076 2054 -110979 0 6056 -110979 1
gene 2 11 2174 -67998 0 6336 -67998 1
gene 2 2174 13 -145692 0 6337 -145692 1
gene 2 1393 2292 608202 0 6690 608202 1
gene 2 2292 2035 500606 0 6691 500606 1
gene 4 12 2306 30015 0 6730 30015 1
gene 4 2306 13 122043 0 6731 122043 1
gene 2 15 2374 378480 0 6914 378480 1
gene 2 2374 14 164505 0 6915 164505 1
gene 3 8 2473 1 0 7222 1 1
gene 3 2473 1018 124401 0 7223 124401 1
gene 4 15 2483 -277775 1 7256 -277775 1
gene 4 2483 500 60531 0 7257 60531 1
gene 2 7 2495 266818 0 7294 266818 1
gene 2 2495 121 723392 0 7295 723392 1
gene 1 10 2517 246463 0 7349 246463 1
gene 1 2517 1130 -47961 0 7350 -47961 1
gene 3 500 2532 239968 0 7393 239968 1
gene 3 2532 1479 298965 0 7394 298965 1
gene 3 2 2550 298441 0 7448 298441 1
gene 3 2550 15 -289926 0 7449 -289926 1
gene 1 384 2617 1 0 7641 0 1
gene 1 2617 121 -120150 0 7642 0 1
gene 4 7 2517 -51917 0 7675 -51917 1
genomeend 18


/* Organism #22 Fitness: 220.000000 Time: 0 */
/* Position #22*/
#1 x: 61 y: 30
#2 x: 61 y: 39
#3 x: 17 y: 21
#4 x: 65 y: 64
#5 x: 78 y: 69
#6 x: 51 y: 61
genomestart 22
trait 1 43007.000000 0.000000 0.000000 0.000000 0.000000 0.000000 87908.000000 0.000000 trait 2 0.000000 94809.000000 34350.000000 0.000000 0.000000 0.000000 0.000000 0.000000 trait 3 0.000000 0.000000 0.000000 51304.000000 0.000000 13538.000000 70969.000000 30146.000000 trait 4 4.000000 0.000000 0.000000 36940.000000 0.000000 0.000000 43316.000000 37957.000000 node 1 4 1 3
node 2 4 1 1
node 3 1 1 1
node 4 1 1 1
node 5 1 1 1
node 6 2 1 1
node 7 4 1 1
node 8 4 1 1
node 9 2 1 1
node 10 1 1 1
node 11 2 1 1
node 12 1 1 1
node 13 2 0 2
node 14 1 0 2
node 15 3 0 2
node 121 1 0 0
node 235 1 0 0
node 384 1 0 0
node 420 1 0 0
node 433 1 0 0
node 461 1 0 0
node 500 1 0 0
node 516 1 0 0
node 697 1 0 0
node 1018 1 0 0
node 1130 1 0 0
node 1323 3 0 0
node 1393 3 0 0
node 1479 1 0 0
node 1531 4 0 0
node 1683 1 0 0
node 1735 1 0 0
node 1875 1 0 0
node 1975 1 0 0
node 2022 1 0 0
node 2179 1 0 0
node 2295 1 0 0
node 2545 1 0 0
node 2604 1 0 0
gene 2 1 13 272829 0 1 272829 1
gene 3 2 13 -14355 0 2 -14355 1
gene 2 3 13 478508 0 3 478508 1
gene 3 4 13 680874 0 4 680874 1
gene 2 5 13 -29973 0 5 -29973 1
gene 4 6 13 348306 0 6 348306 1
gene 3 7 13 -44787 0 7 -44787 1
gene 2 8 13 -154176 0 8 -154176 1
gene 3 9 13 -25793 0 9 -25793 1
gene 2 10 13 612896 0 10 612896 1
gene 2 11 13 -248397 0 11 -248397 1
gene 4 12 13 223644 0 12 223644 1
gene 2 1 14 -258792 0 13 -258792 1
gene 2 2 14 276423 0 14 276423 1
gene 4 3 14 505442 0 15 505442 1
gene 4 4 14 293069 0 16 293069 1
gene 4 5 14 -90387 0 17 -90387 1
gene 3 6 14 455337 0 18 455337 1
gene 2 7 14 -792845 0 19 -792845 1
gene 1 8 14 235503 0 20 235503 0
gene 3 9 14 -528486 0 21 -528486 1
gene 1 10 14 -131652 0 22 -131652 1
gene 1 11 14 -175335 0 23 -175335 1
gene 4 12 14 -107325 0 24 -107325 1
gene 3 1 15 -800000 0 25 -800000 1
gene 3 2 15 100371 0 26 100371 1
gene 3 3 15 166134 0 27 166134 1
gene 3 4 15 -628074 0 28 -628074 1
gene 3 5 15 161718 0 29 161718 1
gene 1 6 15 88071 0 30 88071 0
gene 3 7 15 298956 0 31 298956 0
gene 3 8 15 -118728 0 32 -118728 1
gene 3 9 15 77607 0 33 77607 1
gene 3 10 15 -495900 0 34 -495900 0
gene 2 11 15 288894 0 35 288894 1
gene 4 12 15 198276 0 36 198276 1
gene 4 15 15 119406 1 174 119406 0
gene 3 8 121 -137355 0 329 -137355 0
gene 3 121 15 -551362 0 330 -551362 1
gene 2 5 121 -145433 0 438 -145433 1
gene 2 7 121 -152802 0 483 -152802 1
gene 4 4 235 -416475 0 666 -416475 1
gene 4 235 14 -313908 0 667 -313908 1
gene 1 1 235 272745 0 753 272745 1
gene 1 9 235 -232956 0 1108 -232956 1
gene 3 10 384 351885 0 1126 351885 1
gene 3 384 15 -158244 0 1127 -158244 0
gene 2 14 14 24384 1 1197 24384 0
gene 3 7 420 161526 0 1239 161526 1
gene 3 420 15 7601 0 1240 7601 1
gene 3 2 433 360168 0 1284 360168 0
gene 3 433 13 -165564 0 1285 -165564 1
gene 4 3 461 -449019 0 1352 -449019 1
gene 4 461 14 -74319 0 1353 -74319 1
gene 4 15 500 106695 1 1453 106695 1
gene 4 500 15 253077 0 1454 253077 0
gene 1 8 516 264807 0 1500 264807 1
gene 1 516 14 -710366 0 1501 -710366 0
gene 4 384 121 25734 0 1548 25734 1
gene 2 8 461 -451980 0 1965 -451980 1
gene 3 3 697 -20598 0 2038 -20598 1
gene 2 697 15 364089 0 2039 364089 1
gene 2 1 500 -652316 0 2133 -652316 1
gene 1 3 433 -174819 0 2628 -174819 1
gene 1 516 516 217245 1 2664 217245 1
gene 3 8 1018 546036 0 2997 546036 1
gene 3 1018 121 356814 0 2998 356814 1
gene 3 15 433 340724 0 3156 340724 1
gene 1 10 1130 -144441 0 3329 -144441 1
gene 1 1130 14 -294030 0 3330 -294030 1
gene 3 500 697 -425789 0 3371 -425789 1
gene 2 3 516 703239 0 3603 703239 0
gene 2 9 1323 -154938 0 3885 -154938 1
gene 2 1323 14 748488 0 3886 748488 0
gene 2 121 420 -540387 0 3959 -540387 1
gene 2 8 1393 553482 0 4093 553482 1
gene 2 1393 13 -365508 0 4094 -365508 1
gene 1 11 1479 -651837 0 4325 -651837 1
gene 1 1479 14 -60144 0 4326 -60144 1
gene 4 12 1531 346410 0 4477 346410 1
gene 4 1531 15 420240 0 4478 420240 0
gene 3 1393 433 -182934 0 4734 -182934 1
gene 2 1323 1683 -800000 0 4950 -800000 1
gene 2 1683 14 23877 0 4951 23877 1
gene 3 6 1735 79014 0 5103 79014 1
gene 3 1735 14 386574 0 5104 386574 1
gene 1 5 516 782031 0 5346 782031 1
gene 1 516 433 83487 0 5443 83487 1
gene 3 2 1875 -126954 0 5505 -126954 1
gene 3 1875 433 -389241 0 5506 -389241 1
gene 1 1683 461 529005 0 5687 529005 1
gene 1 6 1975 155205 0 5780 155205 1
gene 1 1975 15 -50100 0 5781 -50100 1
gene 4 1531 2022 65367 0 5905 65367 1
gene 4 2022 15 689544 0 5906 689544 1
gene 3 121 1875 -81441 0 5987 -81441 1
gene 1 1683 1393 -63348 0 6232 -63348 1
gene 4 500 2179 -120867 0 6351 -120867 1
gene 4 2179 15 -241899 0 6352 -241899 1
gene 3 12 2179 -178866 0 6539 -178866 1
gene 1 1975 1975 152706 1 6578 152706 1
gene 2 14 2295 610587 1 6699 610587 1
gene 2 2295 14 -30558 0 6700 -30558 1
gene 4 4 433 -341484 0 7064 -341484 1
gene 1 516 2545 -141153 0 7435 -141153 1
gene 1 2545 14 -13980 0 7436 -13980 1
gene 2 3 2604 -266867 0 7606 -266867 1
gene 2 2604 516 298182 0 7607 298182 1
gene 3 2179 2545 16828 0 7677 16828 1
genomeend 22


/* Organism #24 Fitness: 240.000000 Time: 0 */
/* Position #24*/
#1 x: 42 y: 36
#2 x: 38 y: 25
#3 x: 56 y: 19
#4 x: 43 y: 84
#5 x: 30 y: 82
#6 x: 81 y: 67
genomestart 24
trait 1 43007.000000 16300.000000 6994.000000 28041.000000 57524.000000 37112.000000 87908.000000 80535.000000 trait 2 2.000000 0.000000 0.000000 0.000000 0.000000 0.000000 0.000000 0.000000 trait 3 0.000000 0.000000 0.000000 51304.000000 0.000000 13538.000000 70969.000000 30146.000000 trait 4 4.000000 0.000000 0.000000 36940.000000 0.000000 0.000000 43316.000000 37957.000000 node 1 4 1 3
node 2 4 1 1
node 3 1 1 1
node 4 1 1 1
node 5 1 1 1
node 6 2 1 1
node 7 4 1 1
node 8 4 1 1
node 9 2 1 1
node 10 1 1 1
node 11 2 1 1
node 12 4 1 1
node 13 2 0 2
node 14 2 0 2
node 15 3 0 2
node 121 1 0 0
node 235 1 0 0
node 384 1 0 0
node 420 1 0 0
node 433 1 0 0
node 461 1 0 0
node 500 1 0 0
node 516 1 0 0
node 697 3 0 0
node 1018 1 0 0
node 1130 1 0 0
node 1323 3 0 0
node 1393 1 0 0
node 1479 1 0 0
node 1531 4 0 0
node 1683 1 0 0
node 1735 1 0 0
node 1875 1 0 0
node 2034 1 0 0
node 2142 1 0 0
node 2172 1 0 0
node 2206 1 0 0
node 2313 1 0 0
node 2332 1 0 0
node 2368 1 0 0
node 2491 1 0 0
node 2512 1 0 0
node 2530 1 0 0
node 2547 1 0 0
gene 2 1 13 313215 0 1 313215 1
gene 3 2 13 -487479 0 2 -487479 1
gene 2 3 13 -518232 0 3 -518232 1
gene 3 4 13 215052 0 4 215052 1
gene 2 5 13 -637946 0 5 -637946 0
gene 4 6 13 200364 0 6 200364 1
gene 3 7 13 623958 0 7 623958 1
gene 2 8 13 731030 0 8 731030 0
gene 3 9 13 -800000 0 9 -800000 0
gene 2 10 13 -39465 0 10 -39465 0
gene 2 11 13 485112 0 11 485112 1
gene 4 12 13 404280 0 12 404280 1
gene 2 1 14 537575 0 13 537575 1
gene 2 2 14 224808 0 14 224808 1
gene 4 3 14 800000 0 15 800000 1
gene 4 4 14 276546 0 16 276546 0
gene 4 5 14 99717 0 17 99717 1
gene 3 6 14 173130 0 18 173130 0
gene 2 7 14 800000 0 19 800000 1
gene 1 8 14 635190 0 20 635190 0
gene 3 9 14 432150 0 21 432150 1
gene 1 10 14 264717 0 22 264717 1
gene 1 11 14 -593414 0 23 -593414 1
gene 4 12 14 -48307 0 24 -48307 1
gene 3 1 15 580058 0 25 580058 1
gene 3 2 15 -598128 0 26 -598128 1
gene 3 3 15 -800000 0 27 -800000 0
gene 3 4 15 624266 0 28 624266 1
gene 3 5 15 -800000 0 29 -800000 1
gene 1 6 15 -33117 0 30 -33117 1
gene 3 7 15 -215079 0 31 -215079 0
gene 3 8 15 -209106 0 32 -209106 1
gene 3 9 15 -154407 0 33 -154407 1
gene 3 10 15 -62577 0 34 -62577 0
gene 2 11 15 800000 0 35 800000 1
gene 4 12 15 -500250 0 36 -500250 0
gene 4 15 15 309633 1 174 309633 0
gene 3 8 121 305385 0 329 305385 0
gene 3 121 15 596118 0 330 596118 1
gene 2 5 121 -168912 0 438 -168912 1
gene 2 7 121 -702501 0 483 -702501 0
gene 4 4 235 -101463 0 666 -101463 1
gene 4 235 14 -800000 0 667 -800000 1
gene 1 1 235 -120969 0 753 -120969 1
gene 3 9 235 -287025 0 1108 -287025 1
gene 3 10 384 -138717 0 1126 -138717 1
gene 3 384 15 -636746 0 1127 -636746 0
gene 2 14 14 -704586 1 1197 -704586 1
gene 3 7 420 73137 0 1239 73137 0
gene 3 420 15 -272055 0 1240 -272055 0
gene 3 2 433 -151266 0 1284 -151266 0
gene 3 433 13 -48927 0 1285 -48927 1
gene 4 3 461 -714599 0 1352 -714599 1
gene 4 461 14 432173 0 1353 432173 1
gene 4 15 500 -179838 1 1453 -179838 1
gene 4 500 15 -15465 0 1454 -15465 1
gene 1 8 516 -25791 0 1500 -25791 1
gene 1 516 14 247452 0 1501 247452 1
gene 1 384 121 541260 0 1548 541260 1
gene 2 8 461 -250011 0 1965 -250011 1
gene 1 3 697 51423 0 2038 51423 0
gene 3 697 15 800000 0 2039 800000 1
gene 2 1 500 714575 0 2133 714575 1
gene 1 3 433 -609926 0 2628 -609926 1
gene 1 516 516 573192 1 2664 573192 1
gene 3 8 1018 732432 0 2997 732432 1
gene 3 1018 121 351605 0 2998 351605 0
gene 3 15 433 57267 0 3156 57267 1
gene 1 10 1130 304587 0 3329 304587 1
gene 1 1130 14 198552 0 3330 198552 1
gene 3 500 697 -24948 0 3371 -24948 1
gene 2 3 516 -15789 0 3603 -15789 1
gene 2 9 1323 -106200 0 3885 -106200 0
gene 2 1323 14 -409254 0 3886 -409254 0
gene 2 121 420 628007 0 3959 628007 0
gene 2 8 1393 130797 0 4093 130797 0
gene 2 1393 13 -268182 0 4094 -268182 1
gene 1 11 1479 -16728 0 4325 -16728 1
gene 1 1479 14 287472 0 4326 287472 1
gene 4 12 1531 763323 0 4477 763323 1
gene 4 1531 15 270654 0 4478 270654 1
gene 3 1393 433 156486 0 4734 156486 1
gene 2 1323 1683 469728 0 4950 469728 1
gene 2 1683 14 -80535 0 4951 -80535 1
gene 3 6 1735 -174021 0 5103 -174021 1
gene 3 1735 14 232599 0 5104 232599 1
gene 1 5 516 88002 0 5346 88002 1
gene 1 516 433 -800000 0 5443 -800000 1
gene 3 2 1875 203010 0 5505 203010 1
gene 3 1875 433 152415 0 5506 152415 1
gene 1 1683 461 -14970 0 5687 -14970 1
gene 1 516 121 289263 0 5877 289263 1
gene 3 3 2034 85743 0 5939 85743 1
gene 3 2034 697 370113 0 5940 370113 1
gene 3 5 1479 600746 0 6157 600746 1
gene 3 7 2142 -102783 0 6248 -102783 1
gene 3 2142 420 6747 0 6249 6747 1
gene 3 420 2172 800000 0 6332 800000 1
gene 3 2172 15 -80013 0 6333 -80013 1
gene 2 1735 1735 239835 1 6388 239835 1
gene 2 8 2206 -267105 0 6436 -267105 1
gene 2 2206 1393 53844 0 6437 53844 1
gene 2 121 2313 -15678 0 6747 -15678 1
gene 2 2313 420 265143 0 6748 265143 1
gene 2 9 2332 -534216 0 6797 -534216 1
gene 2 2332 1323 -567504 0 6798 -567504 1
gene 4 1323 2034 -287790 0 6848 -287790 1
gene 2 7 2368 -23801 0 6897 -23801 0
gene 2 2368 121 -186066 0 6898 -186066 1
gene 2 384 1531 -233397 0 7018 -233397 1
gene 2 2142 1018 218688 0 7205 218688 1
gene 3 2206 2034 -44079 0 7245 -44079 1
gene 2 7 2491 198121 0 7283 198121 1
gene 2 2491 2368 29529 0 7284 29529 1
gene 2 5 2512 190711 0 7337 190711 1
gene 2 2512 13 -800000 0 7338 -800000 1
gene 2 10 2530 -294059 0 7387 -294059 1
gene 2 2530 13 -800000 0 7388 -800000 1
gene 3 9 2547 -262253 0 7440 -262253 1
gene 3 2547 13 -800000 0 7441 -800000 1
gene 2 2034 1479 -49239 0 7646 -49239 1
genomeend 24


/* Organism #26 Fitness: 250.000000 Time: 0 */
/* Position #26*/
#1 x: 48 y: 33
#2 x: 38 y: 20
#3 x: 71 y: 25
#4 x: 62 y: 62
#5 x: 40 y: 73
#6 x: 66 y: 64
genomestart 26
trait 1 43007.000000 16300.000000 0.000000 0.000000 0.000000 0.000000 87908.000000 0.000000 trait 2 2.000000 0.000000 0.000000 0.000000 0.000000 0.000000 0.000000 0.000000 trait 3 0.000000 0.000000 0.000000 51304.000000 0.000000 13538.000000 70969.000000 30146.000000 trait 4 4.000000 0.000000 0.000000 36940.000000 0.000000 0.000000 43316.000000 37957.000000 node 1 4 1 3
node 2 4 1 1
node 3 1 1 1
node 4 1 1 1
node 5 1 1 1
node 6 2 1 1
node 7 4 1 1
node 8 4 1 1
node 9 2 1 1
node 10 1 1 1
node 11 2 1 1
node 12 4 1 1
node 13 2 0 2
node 14 1 0 2
node 15 3 0 2
node 121 1 0 0
node 235 1 0 0
node 384 1 0 0
node 420 1 0 0
node 433 1 0 0
node 461 1 0 0
node 500 1 0 0
node 516 1 0 0
node 697 1 0 0
node 1018 1 0 0
node 1130 1 0 0
node 1323 3 0 0
node 1393 1 0 0
node 1479 1 0 0
node 1531 4 0 0
node 1683 1 0 0
node 1735 1 0 0
node 1875 1 0 0
node 1975 1 0 0
node 2022 1 0 0
node 2179 4 0 0
node 2295 1 0 0
node 2391 1 0 0
node 2427 1 0 0
node 2522 1 0 0
node 2627 1 0 0
gene 2 1 13 -30186 0 1 -30186 1
gene 3 2 13 800000 0 2 800000 1
gene 2 3 13 689261 0 3 689261 1
gene 3 4 13 -106842 0 4 -106842 1
gene 2 5 13 191334 0 5 191334 1
gene 4 6 13 -161145 0 6 -161145 1
gene 3 7 13 -800000 0 7 -800000 1
gene 2 8 13 -30432 0 8 -30432 0
gene 3 9 13 -225939 0 9 -225939 1
gene 2 10 13 95364 0 10 95364 1
gene 2 11 13 -91389 0 11 -91389 1
gene 4 12 13 88413 0 12 88413 1
gene 2 1 14 225390 0 13 225390 1
gene 2 2 14 235185 0 14 235185 1
gene 4 3 14 -259074 0 15 -259074 1
gene 4 4 14 -59370 0 16 -59370 0
gene 4 5 14 535191 0 17 535191 1
gene 3 6 14 511170 0 18 511170 0
gene 2 7 14 89715 0 19 89715 1
gene 1 8 14 36078 0 20 36078 0
gene 3 9 14 -20988 0 21 -20988 1
gene 1 10 14 -264609 0 22 -264609 1
gene 1 11 14 189927 0 23 189927 1
gene 4 12 14 138885 0 24 138885 1
gene 3 1 15 122676 0 25 122676 1
gene 3 2 15 563643 0 26 563643 1
gene 3 3 15 653040 0 27 653040 0
gene 3 4 15 -362001 0 28 -362001 1
gene 3 5 15 108036 0 29 108036 1
gene 1 6 15 663612 0 30 663612 0
gene 3 7 15 -370509 0 31 -370509 0
gene 3 8 15 -235260 0 32 -235260 1
gene 3 9 15 -145416 0 33 -145416 0
gene 3 10 15 -261228 0 34 -261228 0
gene 2 11 15 -362472 0 35 -362472 1
gene 4 12 15 184140 0 36 184140 0
gene 4 15 15 82980 1 174 82980 0
gene 3 8 121 -421950 0 329 -421950 0
gene 3 121 15 -37995 0 330 -37995 1
gene 2 5 121 -643004 0 438 -643004 1
gene 2 7 121 -23967 0 483 -23967 1
gene 4 4 235 -206748 0 666 -206748 1
gene 4 235 14 -229932 0 667 -229932 1
gene 1 1 235 -793376 0 753 -793376 1
gene 1 9 235 453947 0 1108 453947 1
gene 3 10 384 -273945 0 1126 -273945 1
gene 3 384 15 431814 0 1127 431814 0
gene 2 14 14 59247 1 1197 59247 0
gene 3 7 420 -369987 0 1239 -369987 1
gene 3 420 15 -273828 0 1240 -273828 1
gene 3 2 433 -416166 0 1284 -416166 0
gene 3 433 13 800000 0 1285 800000 1
gene 4 3 461 -325586 0 1352 -325586 1
gene 4 461 14 800000 0 1353 800000 1
gene 4 15 500 47661 1 1453 47661 1
gene 4 500 15 235911 0 1454 235911 0
gene 1 8 516 -177237 0 1500 -177237 1
gene 1 516 14 9141 0 1501 9141 1
gene 1 384 121 -675222 0 1548 -675222 1
gene 2 8 461 439872 0 1965 439872 1
gene 3 3 697 -199350 0 2038 -199350 1
gene 2 697 15 -401688 0 2039 -401688 1
gene 2 1 500 -235932 0 2133 -235932 1
gene 1 3 433 -59463 0 2628 -59463 1
gene 1 516 516 -227967 1 2664 -227967 1
gene 3 8 1018 -61362 0 2997 -61362 1
gene 3 1018 121 -217533 0 2998 -217533 0
gene 3 15 433 415410 0 3156 415410 1
gene 1 10 1130 78633 0 3329 78633 1
gene 1 1130 14 -544251 0 3330 -544251 1
gene 3 500 697 -524171 0 3371 -524171 1
gene 2 3 516 82311 0 3603 82311 1
gene 2 9 1323 141459 0 3885 141459 1
gene 2 1323 14 -800000 0 3886 -800000 0
gene 2 121 420 501153 0 3959 501153 1
gene 2 8 1393 6474 0 4093 6474 1
gene 2 1393 13 -106392 0 4094 -106392 1
gene 1 11 1479 -444664 0 4325 -444664 1
gene 1 1479 14 261156 0 4326 261156 1
gene 4 12 1531 800000 0 4477 800000 1
gene 4 1531 15 492204 0 4478 492204 0
gene 3 1393 433 -23856 0 4734 -23856 1
gene 2 1323 1683 -498909 0 4950 -498909 1
gene 2 1683 14 455193 0 4951 455193 1
gene 3 6 1735 -539391 0 5103 -539391 1
gene 3 1735 14 46716 0 5104 46716 0
gene 1 5 516 252627 0 5346 252627 1
gene 1 516 433 -294732 0 5443 -294732 1
gene 3 2 1875 -322851 0 5505 -322851 1
gene 3 1875 433 5931 0 5506 5931 1
gene 1 1683 461 -45078 0 5687 -45078 1
gene 1 6 1975 -800000 0 5780 -800000 0
gene 1 1975 15 -14733 0 5781 -14733 1
gene 4 1531 2022 -261732 0 5905 -261732 0
gene 4 2022 15 124116 0 5906 124116 0
gene 3 121 1875 464952 0 5987 464952 1
gene 1 1683 1393 -36102 0 6232 -36102 1
gene 4 500 2179 233022 0 6351 233022 1
gene 4 2179 15 127167 0 6352 127167 1
gene 3 12 2179 -108525 0 6539 -108525 1
gene 1 1975 1975 192474 1 6578 192474 1
gene 2 14 2295 -223470 1 6699 -223470 1
gene 2 2295 14 61365 0 6700 61365 1
gene 2 9 2391 10102 0 6965 10102 1
gene 3 2391 15 646554 0 6966 646554 1
gene 2 1130 235 -102888 0 7024 -102888 1
gene 1 6 2427 2857 0 7074 2857 1
gene 1 2427 1975 128238 0 7075 128238 1
gene 4 1018 1479 -126509 0 7217 -126509 1
gene 4 1531 2522 -121445 0 7365 -121445 1
gene 4 2522 2022 70563 0 7366 70563 1
gene 3 420 420 140928 1 7403 140928 1
gene 1 1531 2179 -84469 0 7456 -84469 1
gene 3 9 461 92357 0 7649 92357 1
gene 4 2022 2627 1 0 7679 0 1
gene 4 2627 15 124116 0 7680 0 1
genomeend 26


/* Organism #28 Fitness: 450.000000 Time: 0 */
/* Position #28*/
#1 x: 74 y: 15
#2 x: 32 y: 20
#3 x: 58 y: 28
#4 x: 80 y: 76
#5 x: 82 y: 76
#6 x: 22 y: 78
genomestart 28
trait 1 43007.000000 16300.000000 0.000000 0.000000 0.000000 0.000000 87908.000000 0.000000 trait 2 2.000000 0.000000 0.000000 0.000000 0.000000 0.000000 0.000000 0.000000 trait 3 0.000000 0.000000 0.000000 51304.000000 0.000000 13538.000000 70969.000000 30146.000000 trait 4 4.000000 0.000000 0.000000 36940.000000 0.000000 0.000000 43316.000000 37957.000000 node 1 4 1 3
node 2 4 1 1
node 3 1 1 1
node 4 1 1 1
node 5 1 1 1
node 6 2 1 1
node 7 4 1 1
node 8 4 1 1
node 9 2 1 1
node 10 1 1 1
node 11 2 1 1
node 12 4 1 1
node 13 2 0 2
node 14 1 0 2
node 15 3 0 2
node 121 1 0 0
node 235 1 0 0
node 384 1 0 0
node 420 1 0 0
node 433 1 0 0
node 461 1 0 0
node 500 1 0 0
node 516 1 0 0
node 697 1 0 0
node 1018 1 0 0
node 1130 1 0 0
node 1323 3 0 0
node 1393 1 0 0
node 1479 1 0 0
node 1531 4 0 0
node 1683 1 0 0
node 1735 1 0 0
node 1875 1 0 0
node 1975 1 0 0
node 2022 1 0 0
node 2179 4 0 0
node 2295 1 0 0
node 2391 1 0 0
node 2427 1 0 0
node 2522 1 0 0
node 2628 1 0 0
gene 2 1 13 -30186 0 1 -30186 1
gene 3 2 13 800000 0 2 800000 1
gene 2 3 13 689261 0 3 689261 1
gene 3 4 13 -106842 0 4 -106842 1
gene 2 5 13 191334 0 5 191334 1
gene 4 6 13 -161145 0 6 -161145 1
gene 3 7 13 -800000 0 7 -800000 1
gene 2 8 13 -30432 0 8 -30432 0
gene 3 9 13 -225939 0 9 -225939 1
gene 2 10 13 95364 0 10 95364 1
gene 2 11 13 -91389 0 11 -91389 1
gene 4 12 13 88413 0 12 88413 1
gene 2 1 14 225390 0 13 225390 1
gene 2 2 14 235185 0 14 235185 1
gene 4 3 14 -259074 0 15 -259074 1
gene 4 4 14 -59370 0 16 -59370 0
gene 4 5 14 535191 0 17 535191 1
gene 3 6 14 511170 0 18 511170 0
gene 2 7 14 89715 0 19 89715 1
gene 1 8 14 36078 0 20 36078 0
gene 3 9 14 -20988 0 21 -20988 1
gene 1 10 14 -264609 0 22 -264609 1
gene 1 11 14 189927 0 23 189927 1
gene 4 12 14 138885 0 24 138885 1
gene 3 1 15 122676 0 25 122676 1
gene 3 2 15 563643 0 26 563643 1
gene 3 3 15 653040 0 27 653040 0
gene 3 4 15 -362001 0 28 -362001 1
gene 3 5 15 108036 0 29 108036 1
gene 1 6 15 663612 0 30 663612 0
gene 3 7 15 -370509 0 31 -370509 0
gene 3 8 15 -235260 0 32 -235260 1
gene 3 9 15 -145416 0 33 -145416 0
gene 3 10 15 -261228 0 34 -261228 0
gene 2 11 15 -362472 0 35 -362472 1
gene 4 12 15 184140 0 36 184140 0
gene 4 15 15 82980 1 174 82980 0
gene 3 8 121 -421950 0 329 -421950 0
gene 3 121 15 -37995 0 330 -37995 1
gene 2 5 121 -643004 0 438 -643004 1
gene 2 7 121 -23967 0 483 -23967 1
gene 4 4 235 -206748 0 666 -206748 1
gene 4 235 14 -229932 0 667 -229932 1
gene 1 1 235 -793376 0 753 -793376 1
gene 1 9 235 453947 0 1108 453947 1
gene 3 10 384 -273945 0 1126 -273945 1
gene 3 384 15 431814 0 1127 431814 0
gene 2 14 14 59247 1 1197 59247 0
gene 3 7 420 -369987 0 1239 -369987 1
gene 3 420 15 -273828 0 1240 -273828 1
gene 3 2 433 -416166 0 1284 -416166 0
gene 3 433 13 800000 0 1285 800000 1
gene 4 3 461 -325586 0 1352 -325586 1
gene 4 461 14 800000 0 1353 800000 1
gene 4 15 500 47661 1 1453 47661 1
gene 4 500 15 235911 0 1454 235911 0
gene 1 8 516 -177237 0 1500 -177237 1
gene 1 516 14 9141 0 1501 9141 1
gene 1 384 121 -675222 0 1548 -675222 1
gene 2 8 461 439872 0 1965 439872 1
gene 3 3 697 -199350 0 2038 -199350 1
gene 2 697 15 -401688 0 2039 -401688 1
gene 2 1 500 -235932 0 2133 -235932 1
gene 1 3 433 -59463 0 2628 -59463 1
gene 1 516 516 -227967 1 2664 -227967 1
gene 3 8 1018 -61362 0 2997 -61362 1
gene 3 1018 121 -217533 0 2998 -217533 0
gene 3 15 433 415410 0 3156 415410 1
gene 1 10 1130 78633 0 3329 78633 1
gene 1 1130 14 -544251 0 3330 -544251 1
gene 3 500 697 -524171 0 3371 -524171 1
gene 2 3 516 82311 0 3603 82311 1
gene 2 9 1323 141459 0 3885 141459 1
gene 2 1323 14 -800000 0 3886 -800000 0
gene 2 121 420 501153 0 3959 501153 1
gene 2 8 1393 6474 0 4093 6474 1
gene 2 1393 13 -106392 0 4094 -106392 1
gene 1 11 1479 -444664 0 4325 -444664 1
gene 1 1479 14 261156 0 4326 261156 1
gene 4 12 1531 800000 0 4477 800000 1
gene 4 1531 15 492204 0 4478 492204 0
gene 3 1393 433 -23856 0 4734 -23856 1
gene 2 1323 1683 -498909 0 4950 -498909 1
gene 2 1683 14 455193 0 4951 455193 1
gene 3 6 1735 -539391 0 5103 -539391 1
gene 3 1735 14 46716 0 5104 46716 0
gene 1 5 516 252627 0 5346 252627 1
gene 1 516 433 -294732 0 5443 -294732 1
gene 3 2 1875 -322851 0 5505 -322851 1
gene 3 1875 433 5931 0 5506 5931 1
gene 1 1683 461 -45078 0 5687 -45078 1
gene 1 6 1975 -800000 0 5780 -800000 0
gene 1 1975 15 -14733 0 5781 -14733 1
gene 4 1531 2022 -261732 0 5905 -261732 0
gene 4 2022 15 124116 0 5906 124116 1
gene 3 121 1875 464952 0 5987 464952 1
gene 1 1683 1393 -36102 0 6232 -36102 1
gene 4 500 2179 233022 0 6351 233022 1
gene 4 2179 15 127167 0 6352 127167 1
gene 3 12 2179 -108525 0 6539 -108525 1
gene 1 1975 1975 192474 1 6578 192474 1
gene 2 14 2295 -223470 1 6699 -223470 1
gene 2 2295 14 61365 0 6700 61365 1
gene 2 9 2391 10102 0 6965 10102 1
gene 3 2391 15 646554 0 6966 646554 1
gene 2 1130 235 -102888 0 7024 -102888 1
gene 1 6 2427 2857 0 7074 2857 0
gene 1 2427 1975 128238 0 7075 128238 1
gene 4 1018 1479 -126509 0 7217 -126509 1
gene 4 1531 2522 -121445 0 7365 -121445 1
gene 4 2522 2022 70563 0 7366 70563 1
gene 3 420 420 140928 1 7403 140928 1
gene 1 1531 2179 -84469 0 7456 -84469 1
gene 3 9 461 92357 0 7649 92357 1
gene 1 6 2628 1 0 7681 0 1
gene 1 2628 2427 2857 0 7682 0 1
genomeend 28


/* Organism #48 Fitness: 220.000000 Time: 0 */
/* Position #48*/
#1 x: 24 y: 28
#2 x: 51 y: 25
#3 x: 68 y: 32
#4 x: 39 y: 71
#5 x: 34 y: 80
#6 x: 26 y: 85
genomestart 48
trait 1 100000.000000 16300.000000 0.000000 0.000000 45600.000000 0.000000 0.000000 0.000000 trait 2 2.000000 0.000000 0.000000 0.000000 83586.000000 0.000000 76024.000000 27694.000000 trait 3 0.000000 0.000000 0.000000 0.000000 0.000000 13538.000000 70969.000000 0.000000 trait 4 17399.000000 0.000000 11440.000000 97211.000000 0.000000 0.000000 2888.000000 37957.000000 node 1 4 1 3
node 2 4 1 1
node 3 1 1 1
node 4 1 1 1
node 5 1 1 1
node 6 2 1 1
node 7 4 1 1
node 8 4 1 1
node 9 2 1 1
node 10 1 1 1
node 11 1 1 1
node 12 4 1 1
node 13 2 0 2
node 14 1 0 2
node 15 3 0 2
node 121 1 0 0
node 235 1 0 0
node 384 1 0 0
node 420 1 0 0
node 433 1 0 0
node 461 1 0 0
node 500 1 0 0
node 516 1 0 0
node 697 1 0 0
node 1018 2 0 0
node 1130 1 0 0
node 1323 1 0 0
node 1393 1 0 0
node 1479 1 0 0
node 1531 1 0 0
node 1732 1 0 0
node 1844 1 0 0
node 2023 1 0 0
node 2035 1 0 0
node 2054 1 0 0
node 2076 1 0 0
node 2174 1 0 0
node 2292 1 0 0
node 2306 1 0 0
node 2374 1 0 0
node 2502 1 0 0
node 2593 1 0 0
gene 2 1 13 -286347 0 1 -286347 1
gene 3 2 13 546839 0 2 546839 1
gene 2 3 13 -269775 0 3 -269775 1
gene 3 4 13 143439 0 4 143439 1
gene 2 5 13 425424 0 5 425424 1
gene 4 6 13 -153171 0 6 -153171 1
gene 3 7 13 -259920 0 7 -259920 1
gene 2 8 13 -352712 0 8 -352712 0
gene 3 9 13 -338101 0 9 -338101 1
gene 2 10 13 -665459 0 10 -665459 1
gene 2 11 13 -564 0 11 -564 0
gene 4 12 13 -120509 0 12 -120509 0
gene 4 1 14 262224 0 13 262224 1
gene 2 2 14 -391709 0 14 -391709 0
gene 4 3 14 44714 0 15 44714 1
gene 4 4 14 -269238 0 16 -269238 0
gene 4 5 14 87279 0 17 87279 1
gene 3 6 14 -654772 0 18 -654772 1
gene 2 7 14 233700 0 19 233700 1
gene 1 8 14 -236370 0 20 -236370 1
gene 2 9 14 -47466 0 21 -47466 0
gene 1 10 14 339037 0 22 339037 0
gene 1 11 14 -633715 0 23 -633715 0
gene 4 12 14 -53112 0 24 -53112 1
gene 3 1 15 172101 0 25 172101 1
gene 3 2 15 -680562 0 26 -680562 1
gene 3 3 15 641754 0 27 641754 0
gene 3 4 15 171160 0 28 171160 1
gene 3 5 15 106006 0 29 106006 1
gene 1 6 15 -788963 0 30 -788963 1
gene 3 7 15 267417 0 31 267417 0
gene 3 8 15 74076 0 32 74076 1
gene 3 9 15 -750626 0 33 -750626 1
gene 3 10 15 127518 0 34 127518 0
gene 2 11 15 8439 0 35 8439 1
gene 4 12 15 540306 0 36 540306 0
gene 4 15 15 95493 1 174 95493 0
gene 3 8 121 173422 0 329 173422 0
gene 3 121 15 -52590 0 330 -52590 1
gene 2 5 121 -52893 0 438 -52893 1
gene 2 7 121 145011 0 483 145011 1
gene 4 4 235 388950 0 666 388950 1
gene 4 235 14 -534609 0 667 -534609 1
gene 1 1 235 -152649 0 753 -152649 1
gene 1 9 235 -691286 0 1108 -691286 1
gene 3 10 384 -15021 0 1126 -15021 1
gene 3 384 15 195786 0 1127 195786 0
gene 2 14 14 -153979 1 1197 -153979 1
gene 3 7 420 -419396 0 1239 -419396 1
gene 3 420 15 76611 0 1240 76611 1
gene 3 2 433 139092 0 1284 139092 1
gene 3 433 13 93487 0 1285 93487 1
gene 4 3 461 -43881 0 1352 -43881 1
gene 4 461 14 186798 0 1353 186798 0
gene 4 15 500 -420007 1 1453 -420007 1
gene 4 500 15 -800000 0 1454 -800000 1
gene 1 8 516 224010 0 1500 224010 1
gene 1 516 14 -130710 0 1501 -130710 1
gene 1 384 121 -271611 0 1548 -271611 0
gene 2 8 461 -800000 0 1965 -800000 1
gene 3 3 697 -13539 0 2038 -13539 1
gene 3 697 15 800000 0 2039 800000 1
gene 2 1 500 15108 0 2133 15108 1
gene 4 3 433 197901 0 2628 197901 1
gene 1 516 516 -627186 1 2664 -627186 1
gene 3 8 1018 181041 0 2997 181041 1
gene 3 1018 121 -216790 0 2998 -216790 1
gene 3 15 433 348759 0 3156 348759 1
gene 1 10 1130 89287 0 3329 89287 1
gene 1 1130 14 337480 0 3330 337480 1
gene 3 500 697 126429 0 3371 126429 1
gene 2 3 516 240345 0 3603 240345 1
gene 2 9 1323 -177154 0 3885 -177154 1
gene 2 1323 14 295957 0 3886 295957 1
gene 2 121 420 -624288 0 3959 -624288 1
gene 2 8 1393 302451 0 4093 302451 1
gene 2 1393 13 -192837 0 4094 -192837 0
gene 1 11 1479 -5106 0 4325 -5106 1
gene 4 1479 14 -69378 0 4326 -69378 1
gene 4 12 1531 -189888 0 4477 -189888 1
gene 4 1531 15 -26682 0 4478 -26682 1
gene 2 1323 420 -24210 0 4676 -24210 1
gene 3 500 1479 266658 0 4897 266658 1
gene 4 461 461 425295 1 4980 425295 1
gene 2 121 1732 -1557 0 5095 -1557 1
gene 1 1732 420 252687 0 5096 252687 1
gene 1 384 500 -197457 0 5133 -197457 1
gene 2 15 14 -770338 0 5180 -770338 0
gene 4 6 1130 18087 0 5368 18087 1
gene 3 10 1844 28395 0 5409 28395 1
gene 3 1844 384 -170244 0 5410 -170244 1
gene 2 2 2023 135780 0 5908 135780 1
gene 1 2023 14 569641 0 5909 569641 1
gene 2 1393 2035 444015 0 5942 444015 0
gene 2 2035 13 -203368 0 5943 -203368 1
gene 4 461 2054 -260683 0 5995 -260683 1
gene 4 2054 14 -118086 0 5996 -118086 1
gene 4 461 2076 -338158 0 6055 -338158 1
gene 4 2076 2054 271995 0 6056 271995 1
gene 2 11 2174 -476608 0 6336 -476608 1
gene 2 2174 13 71150 0 6337 71150 1
gene 2 1393 2292 56158 0 6690 56158 1
gene 2 2292 2035 -109122 0 6691 -109122 1
gene 4 12 2306 62337 0 6730 62337 1
gene 4 2306 13 -133419 0 6731 -133419 1
gene 2 15 2374 -186681 0 6914 -186681 1
gene 2 2374 14 6513 0 6915 6513 1
gene 4 500 2502 287452 0 7309 287452 1
gene 4 2502 15 -91236 0 7310 -91236 1
gene 4 15 461 15777 0 7483 15777 1
gene 3 433 433 238524 1 7529 238524 1
gene 1 384 2593 240855 0 7577 240855 1
gene 1 2593 121 192435 0 7578 192435 1
gene 4 1844 2023 72031 0 7696 72031 1
genomeend 48


/* Organism #50 Fitness: 250.000000 Time: 0 */
/* Position #50*/
#1 x: 83 y: 33
#2 x: 29 y: 15
#3 x: 75 y: 33
#4 x: 17 y: 64
#5 x: 80 y: 77
#6 x: 78 y: 73
genomestart 50
trait 1 100000.000000 16300.000000 0.000000 0.000000 45600.000000 0.000000 0.000000 0.000000 trait 2 2.000000 0.000000 0.000000 0.000000 83586.000000 0.000000 76024.000000 27694.000000 trait 3 0.000000 0.000000 0.000000 0.000000 0.000000 13538.000000 70969.000000 0.000000 trait 4 17399.000000 0.000000 11440.000000 97211.000000 0.000000 0.000000 2888.000000 37957.000000 node 1 4 1 3
node 2 4 1 1
node 3 1 1 1
node 4 1 1 1
node 5 1 1 1
node 6 2 1 1
node 7 4 1 1
node 8 4 1 1
node 9 2 1 1
node 10 1 1 1
node 11 1 1 1
node 12 4 1 1
node 13 2 0 2
node 14 1 0 2
node 15 3 0 2
node 121 1 0 0
node 235 1 0 0
node 384 1 0 0
node 420 1 0 0
node 433 1 0 0
node 461 1 0 0
node 500 1 0 0
node 516 1 0 0
node 697 1 0 0
node 1018 2 0 0
node 1130 1 0 0
node 1323 1 0 0
node 1393 1 0 0
node 1479 1 0 0
node 1531 1 0 0
node 1732 1 0 0
node 1844 1 0 0
node 2023 1 0 0
node 2035 1 0 0
node 2054 1 0 0
node 2076 1 0 0
node 2174 1 0 0
node 2292 1 0 0
node 2306 1 0 0
node 2374 1 0 0
node 2502 1 0 0
node 2593 1 0 0
gene 2 1 13 -286347 0 1 -286347 1
gene 3 2 13 546839 0 2 546839 1
gene 2 3 13 -269775 0 3 -269775 1
gene 3 4 13 143439 0 4 143439 1
gene 2 5 13 425424 0 5 425424 1
gene 4 6 13 -153171 0 6 -153171 1
gene 3 7 13 -259920 0 7 -259920 1
gene 2 8 13 -352712 0 8 -352712 0
gene 3 9 13 -338101 0 9 -338101 1
gene 2 10 13 -665459 0 10 -665459 1
gene 2 11 13 -564 0 11 -564 0
gene 4 12 13 -120509 0 12 -120509 0
gene 4 1 14 262224 0 13 262224 1
gene 2 2 14 -391709 0 14 -391709 0
gene 4 3 14 44714 0 15 44714 1
gene 4 4 14 -269238 0 16 -269238 0
gene 4 5 14 87279 0 17 87279 1
gene 3 6 14 -654772 0 18 -654772 1
gene 2 7 14 233700 0 19 233700 1
gene 1 8 14 -236370 0 20 -236370 1
gene 2 9 14 -47466 0 21 -47466 0
gene 1 10 14 339037 0 22 339037 0
gene 1 11 14 -633715 0 23 -633715 0
gene 4 12 14 -53112 0 24 -53112 1
gene 3 1 15 172101 0 25 172101 1
gene 3 2 15 -680562 0 26 -680562 1
gene 3 3 15 641754 0 27 641754 0
gene 3 4 15 171160 0 28 171160 1
gene 3 5 15 106006 0 29 106006 1
gene 1 6 15 -788963 0 30 -788963 1
gene 3 7 15 267417 0 31 267417 0
gene 3 8 15 74076 0 32 74076 1
gene 3 9 15 -750626 0 33 -750626 1
gene 3 10 15 127518 0 34 127518 0
gene 2 11 15 8439 0 35 8439 1
gene 4 12 15 540306 0 36 540306 0
gene 4 15 15 95493 1 174 95493 0
gene 3 8 121 173422 0 329 173422 0
gene 3 121 15 -52590 0 330 -52590 1
gene 2 5 121 -52893 0 438 -52893 1
gene 2 7 121 145011 0 483 145011 1
gene 4 4 235 388950 0 666 388950 1
gene 4 235 14 -534609 0 667 -534609 1
gene 1 1 235 -152649 0 753 -152649 1
gene 1 9 235 -691286 0 1108 -691286 1
gene 3 10 384 -15021 0 1126 -15021 1
gene 3 384 15 195786 0 1127 195786 0
gene 2 14 14 -153979 1 1197 -153979 1
gene 3 7 420 -419396 0 1239 -419396 1
gene 3 420 15 76611 0 1240 76611 1
gene 3 2 433 139092 0 1284 139092 1
gene 3 433 13 93487 0 1285 93487 1
gene 4 3 461 -43881 0 1352 -43881 1
gene 4 461 14 186798 0 1353 186798 0
gene 4 15 500 -420007 1 1453 -420007 1
gene 4 500 15 -800000 0 1454 -800000 1
gene 1 8 516 224010 0 1500 224010 1
gene 1 516 14 -130710 0 1501 -130710 1
gene 1 384 121 -271611 0 1548 -271611 0
gene 2 8 461 -800000 0 1965 -800000 1
gene 3 3 697 -13539 0 2038 -13539 1
gene 3 697 15 800000 0 2039 800000 1
gene 2 1 500 15108 0 2133 15108 1
gene 4 3 433 197901 0 2628 197901 1
gene 1 516 516 -627186 1 2664 -627186 1
gene 3 8 1018 181041 0 2997 181041 1
gene 3 1018 121 -216790 0 2998 -216790 1
gene 3 15 433 348759 0 3156 348759 1
gene 1 10 1130 89287 0 3329 89287 1
gene 1 1130 14 337480 0 3330 337480 1
gene 3 500 697 126429 0 3371 126429 1
gene 2 3 516 240345 0 3603 240345 1
gene 2 9 1323 -177154 0 3885 -177154 1
gene 2 1323 14 295957 0 3886 295957 1
gene 2 121 420 -624288 0 3959 -624288 1
gene 2 8 1393 302451 0 4093 302451 1
gene 2 1393 13 -192837 0 4094 -192837 0
gene 1 11 1479 -5106 0 4325 -5106 1
gene 4 1479 14 -69378 0 4326 -69378 1
gene 4 12 1531 -189888 0 4477 -189888 1
gene 4 1531 15 -26682 0 4478 -26682 1
gene 2 1323 420 -24210 0 4676 -24210 1
gene 3 500 1479 266658 0 4897 266658 1
gene 4 461 461 425295 1 4980 425295 1
gene 2 121 1732 -1557 0 5095 -1557 1
gene 1 1732 420 252687 0 5096 252687 1
gene 1 384 500 -197457 0 5133 -197457 1
gene 2 15 14 -770338 0 5180 -770338 0
gene 4 6 1130 18087 0 5368 18087 1
gene 3 10 1844 28395 0 5409 28395 1
gene 3 1844 384 -170244 0 5410 -170244 1
gene 2 2 2023 135780 0 5908 135780 1
gene 1 2023 14 569641 0 5909 569641 1
gene 2 1393 2035 444015 0 5942 444015 0
gene 2 2035 13 -203368 0 5943 -203368 1
gene 4 461 2054 -260683 0 5995 -260683 1
gene 4 2054 14 -118086 0 5996 -118086 1
gene 4 461 2076 -338158 0 6055 -338158 1
gene 4 2076 2054 271995 0 6056 271995 1
gene 2 11 2174 -476608 0 6336 -476608 1
gene 2 2174 13 71150 0 6337 71150 1
gene 2 1393 2292 56158 0 6690 56158 1
gene 2 2292 2035 -109122 0 6691 -109122 1
gene 4 12 2306 62337 0 6730 62337 1
gene 4 2306 13 -133419 0 6731 -133419 1
gene 2 15 2374 -186681 0 6914 -186681 1
gene 2 2374 14 6513 0 6915 6513 1
gene 4 500 2502 287452 0 7309 287452 1
gene 4 2502 15 -91236 0 7310 -91236 1
gene 4 15 461 15777 0 7483 15777 1
gene 3 433 433 238524 1 7529 238524 1
gene 1 384 2593 240855 0 7577 240855 1
gene 1 2593 121 192435 0 7578 192435 1
gene 4 4 1130 72433 0 7697 72433 1
genomeend 50


/* Organism #54 Fitness: 260.000000 Time: 0 */
/* Position #54*/
#1 x: 60 y: 30
#2 x: 18 y: 19
#3 x: 62 y: 40
#4 x: 26 y: 62
#5 x: 54 y: 64
#6 x: 79 y: 63
genomestart 54
trait 1 43007.000000 16300.000000 0.000000 0.000000 0.000000 0.000000 87908.000000 0.000000 trait 2 2.000000 0.000000 0.000000 0.000000 0.000000 0.000000 0.000000 0.000000 trait 3 0.000000 0.000000 0.000000 51304.000000 0.000000 13538.000000 70969.000000 30146.000000 trait 4 4.000000 0.000000 98573.000000 36940.000000 20285.000000 0.000000 24295.000000 0.000000 node 1 4 1 3
node 2 4 1 1
node 3 1 1 1
node 4 1 1 1
node 5 1 1 1
node 6 2 1 1
node 7 4 1 1
node 8 4 1 1
node 9 2 1 1
node 10 1 1 1
node 11 2 1 1
node 12 4 1 1
node 13 2 0 2
node 14 1 0 2
node 15 3 0 2
node 121 1 0 0
node 235 1 0 0
node 384 1 0 0
node 420 1 0 0
node 433 1 0 0
node 461 1 0 0
node 500 1 0 0
node 516 1 0 0
node 697 1 0 0
node 1018 1 0 0
node 1130 1 0 0
node 1323 3 0 0
node 1393 1 0 0
node 1479 1 0 0
node 1531 4 0 0
node 1683 1 0 0
node 1735 1 0 0
node 1875 1 0 0
node 1975 1 0 0
node 2022 1 0 0
node 2179 1 0 0
node 2261 1 0 0
node 2302 1 0 0
node 2334 1 0 0
node 2442 1 0 0
node 2464 1 0 0
node 2581 1 0 0
node 2633 1 0 0
gene 2 1 13 -182151 0 1 -182151 1
gene 3 2 13 611501 0 2 611501 1
gene 2 3 13 71420 0 3 71420 0
gene 3 4 13 -637613 0 4 -637613 1
gene 2 5 13 800000 0 5 800000 1
gene 4 6 13 -238092 0 6 -238092 1
gene 3 7 13 272142 0 7 272142 1
gene 2 8 13 -311784 0 8 -311784 0
gene 3 9 13 800000 0 9 800000 1
gene 2 10 13 -203895 0 10 -203895 1
gene 2 11 13 190818 0 11 190818 1
gene 4 12 13 192678 0 12 192678 1
gene 2 1 14 7637 0 13 7637 1
gene 2 2 14 -128391 0 14 -128391 1
gene 4 3 14 -665229 0 15 -665229 1
gene 4 4 14 -59154 0 16 -59154 0
gene 4 5 14 211527 0 17 211527 1
gene 3 6 14 317496 0 18 317496 0
gene 2 7 14 -480954 0 19 -480954 1
gene 1 8 14 14466 0 20 14466 0
gene 3 9 14 -148353 0 21 -148353 1
gene 1 10 14 545576 0 22 545576 1
gene 1 11 14 -492924 0 23 -492924 1
gene 4 12 14 -467880 0 24 -467880 1
gene 3 1 15 -319959 0 25 -319959 1
gene 3 2 15 139002 0 26 139002 1
gene 3 3 15 179955 0 27 179955 0
gene 3 4 15 143151 0 28 143151 1
gene 3 5 15 -414852 0 29 -414852 1
gene 1 6 15 -272202 0 30 -272202 0
gene 3 7 15 129390 0 31 129390 0
gene 3 8 15 -460857 0 32 -460857 1
gene 3 9 15 -32877 0 33 -32877 1
gene 3 10 15 25293 0 34 25293 0
gene 2 11 15 -472586 0 35 -472586 1
gene 4 12 15 359250 0 36 359250 0
gene 4 15 15 338169 1 174 338169 0
gene 3 8 121 -66009 0 329 -66009 0
gene 3 121 15 -440064 0 330 -440064 1
gene 2 5 121 -8331 0 438 -8331 1
gene 2 7 121 314454 0 483 314454 1
gene 4 4 235 481827 0 666 481827 1
gene 4 235 14 37176 0 667 37176 1
gene 1 1 235 -93540 0 753 -93540 1
gene 1 9 235 -298644 0 1108 -298644 1
gene 3 10 384 77469 0 1126 77469 1
gene 3 384 15 -279609 0 1127 -279609 0
gene 2 14 14 -241026 1 1197 -241026 1
gene 3 7 420 -256035 0 1239 -256035 1
gene 3 420 15 -546579 0 1240 -546579 1
gene 3 2 433 67566 0 1284 67566 0
gene 3 433 13 499875 0 1285 499875 0
gene 4 3 461 65802 0 1352 65802 1
gene 4 461 14 188799 0 1353 188799 1
gene 4 15 500 372555 1 1453 372555 1
gene 4 500 15 11913 0 1454 11913 0
gene 1 8 516 -204639 0 1500 -204639 0
gene 1 516 14 89796 0 1501 89796 1
gene 1 384 121 236790 0 1548 236790 1
gene 2 8 461 -103341 0 1965 -103341 1
gene 3 3 697 -222291 0 2038 -222291 1
gene 2 697 15 -132930 0 2039 -132930 0
gene 2 1 500 -311244 0 2133 -311244 1
gene 1 3 433 345300 0 2628 345300 1
gene 1 516 516 -279387 1 2664 -279387 1
gene 3 8 1018 286137 0 2997 286137 1
gene 3 1018 121 -190419 0 2998 -190419 0
gene 3 15 433 -264825 0 3156 -264825 1
gene 1 10 1130 800000 0 3329 800000 1
gene 1 1130 14 -593457 0 3330 -593457 1
gene 3 500 697 182832 0 3371 182832 1
gene 2 3 516 262980 0 3603 262980 1
gene 2 9 1323 209568 0 3885 209568 1
gene 2 1323 14 -59826 0 3886 -59826 0
gene 2 121 420 -503721 0 3959 -503721 1
gene 2 8 1393 158169 0 4093 158169 1
gene 2 1393 13 785559 0 4094 785559 1
gene 1 11 1479 189675 0 4325 189675 1
gene 1 1479 14 -258837 0 4326 -258837 1
gene 4 12 1531 96927 0 4477 96927 1
gene 4 1531 15 -552729 0 4478 -552729 0
gene 3 1393 433 -654 0 4734 -654 1
gene 2 1323 1683 269427 0 4950 269427 1
gene 2 1683 14 -705099 0 4951 -705099 0
gene 3 6 1735 -300309 0 5103 -300309 1
gene 3 1735 14 241881 0 5104 241881 0
gene 1 5 516 48186 0 5346 48186 1
gene 1 516 433 42576 0 5443 42576 1
gene 3 2 1875 -202125 0 5505 -202125 1
gene 3 1875 433 104754 0 5506 104754 1
gene 1 1683 461 222501 0 5687 222501 1
gene 1 6 1975 184941 0 5780 184941 1
gene 1 1975 15 92568 0 5781 92568 1
gene 4 1531 2022 -258336 0 5905 -258336 1
gene 4 2022 15 -190380 0 5906 -190380 1
gene 3 121 1875 -147834 0 5987 -147834 0
gene 1 1683 1393 -221889 0 6232 -221889 1
gene 4 500 2179 612977 0 6351 612977 1
gene 4 2179 15 -282738 0 6352 -282738 1
gene 2 3 2261 -292938 0 6595 -292938 1
gene 2 2261 13 -51666 0 6596 -51666 1
gene 2 2179 2179 192639 1 6640 192639 1
gene 2 697 2302 773277 0 6716 773277 1
gene 2 2302 15 63390 0 6717 63390 1
gene 3 433 2334 -417063 0 6803 -417063 1
gene 3 2334 13 -109206 0 6804 -109206 1
gene 1 1323 516 -89532 0 6933 -89532 1
gene 3 121 2442 -106137 0 7121 -106137 1
gene 3 2442 1875 296010 0 7122 296010 1
gene 2 1683 2464 184308 0 7197 184308 1
gene 2 2464 14 -278421 0 7198 -278421 1
gene 2 1 461 230451 0 7315 230451 1
gene 1 8 2581 43275 0 7547 43275 1
gene 1 2581 516 -227748 0 7548 -227748 0
gene 1 2581 2633 1 0 7699 0 1
gene 1 2633 516 -227748 0 7700 0 1
genomeend 54


/* Organism #58 Fitness: 290.000000 Time: 0 */
/* Position #58*/
#1 x: 24 y: 32
#2 x: 28 y: 21
#3 x: 83 y: 29
#4 x: 45 y: 79
#5 x: 50 y: 79
#6 x: 45 y: 80
genomestart 58
trait 1 43007.000000 16300.000000 6994.000000 28041.000000 57524.000000 37112.000000 87908.000000 80535.000000 trait 2 2.000000 0.000000 0.000000 0.000000 0.000000 0.000000 0.000000 0.000000 trait 3 0.000000 0.000000 0.000000 51304.000000 0.000000 13538.000000 70969.000000 30146.000000 trait 4 4.000000 0.000000 0.000000 36940.000000 0.000000 0.000000 43316.000000 37957.000000 node 1 4 1 3
node 2 4 1 1
node 3 1 1 1
node 4 1 1 1
node 5 1 1 1
node 6 2 1 1
node 7 4 1 1
node 8 4 1 1
node 9 2 1 1
node 10 1 1 1
node 11 2 1 1
node 12 4 1 1
node 13 2 0 2
node 14 1 0 2
node 15 3 0 2
node 121 1 0 0
node 235 1 0 0
node 384 1 0 0
node 420 1 0 0
node 433 1 0 0
node 461 1 0 0
node 500 1 0 0
node 516 1 0 0
node 697 3 0 0
node 1018 1 0 0
node 1130 1 0 0
node 1323 3 0 0
node 1393 1 0 0
node 1479 1 0 0
node 1531 4 0 0
node 1683 1 0 0
node 1735 1 0 0
node 1875 1 0 0
node 2034 1 0 0
node 2142 1 0 0
node 2172 1 0 0
node 2206 1 0 0
node 2313 1 0 0
node 2332 1 0 0
node 2368 1 0 0
node 2491 1 0 0
node 2512 1 0 0
node 2530 1 0 0
node 2547 1 0 0
gene 2 1 13 -42519 0 1 -42519 1
gene 3 2 13 664040 0 2 664040 1
gene 2 3 13 131772 0 3 131772 1
gene 3 4 13 678726 0 4 678726 1
gene 2 5 13 -608003 0 5 -608003 0
gene 4 6 13 -148554 0 6 -148554 1
gene 3 7 13 -70554 0 7 -70554 1
gene 2 8 13 800000 0 8 800000 0
gene 3 9 13 -800000 0 9 -800000 0
gene 2 10 13 -400950 0 10 -400950 0
gene 2 11 13 47850 0 11 47850 1
gene 4 12 13 396507 0 12 396507 1
gene 2 1 14 646619 0 13 646619 1
gene 2 2 14 527277 0 14 527277 1
gene 4 3 14 -218781 0 15 -218781 1
gene 4 4 14 72678 0 16 72678 0
gene 4 5 14 485361 0 17 485361 1
gene 3 6 14 110055 0 18 110055 0
gene 2 7 14 49692 0 19 49692 1
gene 1 8 14 142782 0 20 142782 0
gene 3 9 14 574395 0 21 574395 1
gene 1 10 14 327585 0 22 327585 1
gene 1 11 14 -518444 0 23 -518444 1
gene 4 12 14 -156330 0 24 -156330 1
gene 3 1 15 489801 0 25 489801 1
gene 3 2 15 -774558 0 26 -774558 1
gene 3 3 15 -382941 0 27 -382941 0
gene 3 4 15 800000 0 28 800000 1
gene 3 5 15 -204012 0 29 -204012 1
gene 1 6 15 -269478 0 30 -269478 1
gene 3 7 15 -524784 0 31 -524784 0
gene 3 8 15 -156276 0 32 -156276 1
gene 3 9 15 -395217 0 33 -395217 1
gene 3 10 15 -490272 0 34 -490272 0
gene 2 11 15 35496 0 35 35496 1
gene 4 12 15 -405558 0 36 -405558 0
gene 4 15 15 16398 1 174 16398 0
gene 3 8 121 512448 0 329 512448 0
gene 3 121 15 675756 0 330 675756 1
gene 2 5 121 -409623 0 438 -409623 1
gene 2 7 121 -328308 0 483 -328308 0
gene 4 4 235 184818 0 666 184818 1
gene 4 235 14 -800000 0 667 -800000 1
gene 1 1 235 -300654 0 753 -300654 1
gene 3 9 235 -13518 0 1108 -13518 1
gene 3 10 384 -168860 0 1126 -168860 1
gene 3 384 15 -800000 0 1127 -800000 0
gene 2 14 14 289353 1 1197 289353 1
gene 3 7 420 -597948 0 1239 -597948 0
gene 3 420 15 488913 0 1240 488913 0
gene 3 2 433 -104055 0 1284 -104055 0
gene 3 433 13 256395 0 1285 256395 1
gene 4 3 461 147519 0 1352 147519 1
gene 4 461 14 -112540 0 1353 -112540 1
gene 4 15 500 61917 1 1453 61917 1
gene 4 500 15 -464466 0 1454 -464466 1
gene 1 8 516 -59064 0 1500 -59064 1
gene 1 516 14 202818 0 1501 202818 1
gene 1 384 121 -409644 0 1548 -409644 1
gene 2 8 461 53886 0 1965 53886 1
gene 3 3 697 105780 0 2038 105780 0
gene 3 697 15 601430 0 2039 601430 1
gene 2 1 500 569486 0 2133 569486 1
gene 1 3 433 -800000 0 2628 -800000 1
gene 1 516 516 -190218 1 2664 -190218 1
gene 3 8 1018 344949 0 2997 344949 1
gene 3 1018 121 383333 0 2998 383333 0
gene 3 15 433 364956 0 3156 364956 1
gene 1 10 1130 137856 0 3329 137856 1
gene 1 1130 14 -220488 0 3330 -220488 1
gene 3 500 697 -221622 0 3371 -221622 1
gene 2 3 516 -85062 0 3603 -85062 1
gene 2 9 1323 -235074 0 3885 -235074 0
gene 2 1323 14 -500862 0 3886 -500862 0
gene 2 121 420 -110919 0 3959 -110919 0
gene 2 8 1393 225231 0 4093 225231 0
gene 2 1393 13 314841 0 4094 314841 1
gene 1 11 1479 30300 0 4325 30300 1
gene 1 1479 14 75741 0 4326 75741 1
gene 4 12 1531 574434 0 4477 574434 1
gene 4 1531 15 -800000 0 4478 -800000 1
gene 3 1393 433 213402 0 4734 213402 1
gene 2 1323 1683 -134175 0 4950 -134175 1
gene 2 1683 14 324414 0 4951 324414 1
gene 3 6 1735 179181 0 5103 179181 1
gene 3 1735 14 77202 0 5104 77202 1
gene 1 5 516 460935 0 5346 460935 1
gene 1 516 433 -512757 0 5443 -512757 1
gene 3 2 1875 -218772 0 5505 -218772 1
gene 3 1875 433 368310 0 5506 368310 1
gene 1 1683 461 547281 0 5687 547281 1
gene 1 516 121 -249747 0 5877 -249747 1
gene 3 3 2034 -32205 0 5939 -32205 1
gene 3 2034 697 419757 0 5940 419757 1
gene 3 5 1479 702639 0 6157 702639 1
gene 3 7 2142 -17838 0 6248 -17838 1
gene 3 2142 420 -6117 0 6249 -6117 1
gene 3 420 2172 -371415 0 6332 -371415 1
gene 3 2172 15 167289 0 6333 167289 1
gene 2 1735 1735 132378 1 6388 132378 1
gene 2 8 2206 81102 0 6436 81102 1
gene 2 2206 1393 -240744 0 6437 -240744 1
gene 2 121 2313 -7263 0 6747 -7263 1
gene 2 2313 420 720786 0 6748 720786 1
gene 2 9 2332 58539 0 6797 58539 1
gene 2 2332 1323 -193704 0 6798 -193704 1
gene 4 1323 2034 -402306 0 6848 -402306 1
gene 2 7 2368 173635 0 6897 173635 0
gene 2 2368 121 295887 0 6898 295887 1
gene 2 384 1531 -55665 0 7018 -55665 1
gene 2 2142 1018 197805 0 7205 197805 1
gene 3 2206 2034 -118212 0 7245 -118212 1
gene 2 7 2491 226750 0 7283 226750 1
gene 2 2491 2368 204358 0 7284 204358 1
gene 2 5 2512 -401586 0 7337 -401586 1
gene 2 2512 13 213417 0 7338 213417 1
gene 2 10 2530 -242504 0 7387 -242504 1
gene 2 2530 13 -800000 0 7388 -800000 1
gene 3 9 2547 33778 0 7440 33778 1
gene 3 2547 13 -113859 0 7441 -113859 1
gene 2 2530 1479 197182 0 7594 197182 1
gene 3 1130 1130 896 1 7703 896 1
genomeend 58


/* Organism #72 Fitness: 280.000000 Time: 0 */
/* Position #72*/
#1 x: 51 y: 21
#2 x: 22 y: 15
#3 x: 73 y: 20
#4 x: 34 y: 62
#5 x: 71 y: 62
#6 x: 56 y: 84
genomestart 72
trait 1 43007.000000 16300.000000 6994.000000 28041.000000 57524.000000 37112.000000 87908.000000 80535.000000 trait 2 2.000000 0.000000 0.000000 0.000000 0.000000 0.000000 0.000000 0.000000 trait 3 0.000000 0.000000 0.000000 51304.000000 0.000000 13538.000000 70969.000000 30146.000000 trait 4 4.000000 0.000000 0.000000 36940.000000 0.000000 0.000000 43316.000000 37957.000000 node 1 4 1 3
node 2 4 1 1
node 3 1 1 1
node 4 1 1 1
node 5 1 1 1
node 6 2 1 1
node 7 4 1 1
node 8 4 1 1
node 9 2 1 1
node 10 1 1 1
node 11 2 1 1
node 12 4 1 1
node 13 2 0 2
node 14 1 0 2
node 15 3 0 2
node 121 1 0 0
node 235 1 0 0
node 384 1 0 0
node 420 1 0 0
node 433 1 0 0
node 461 1 0 0
node 500 1 0 0
node 516 1 0 0
node 697 3 0 0
node 1018 1 0 0
node 1130 1 0 0
node 1323 3 0 0
node 1393 1 0 0
node 1479 1 0 0
node 1531 4 0 0
node 1683 1 0 0
node 1735 1 0 0
node 1875 1 0 0
node 2034 1 0 0
node 2142 1 0 0
node 2172 1 0 0
node 2206 1 0 0
node 2313 1 0 0
node 2332 1 0 0
node 2368 1 0 0
node 2412 1 0 0
node 2430 1 0 0
node 2481 1 0 0
node 2494 1 0 0
gene 2 1 13 655089 0 1 655089 1
gene 3 2 13 800000 0 2 800000 1
gene 2 3 13 -78357 0 3 -78357 1
gene 3 4 13 174120 0 4 174120 1
gene 2 5 13 66000 0 5 66000 1
gene 4 6 13 -800000 0 6 -800000 1
gene 3 7 13 -274572 0 7 -274572 1
gene 2 8 13 667811 0 8 667811 0
gene 3 9 13 -416399 0 9 -416399 1
gene 2 10 13 42972 0 10 42972 1
gene 2 11 13 80748 0 11 80748 1
gene 4 12 13 176256 0 12 176256 1
gene 2 1 14 40509 0 13 40509 1
gene 2 2 14 -266415 0 14 -266415 1
gene 4 3 14 -247764 0 15 -247764 1
gene 4 4 14 -131787 0 16 -131787 0
gene 4 5 14 200682 0 17 200682 1
gene 3 6 14 -96222 0 18 -96222 0
gene 2 7 14 -187890 0 19 -187890 1
gene 1 8 14 -238185 0 20 -238185 0
gene 3 9 14 168828 0 21 168828 1
gene 1 10 14 24804 0 22 24804 1
gene 1 11 14 296205 0 23 296205 1
gene 4 12 14 597725 0 24 597725 1
gene 3 1 15 461775 0 25 461775 1
gene 3 2 15 528381 0 26 528381 1
gene 3 3 15 109833 0 27 109833 0
gene 3 4 15 146733 0 28 146733 1
gene 3 5 15 -351990 0 29 -351990 1
gene 1 6 15 -755634 0 30 -755634 1
gene 3 7 15 -130248 0 31 -130248 0
gene 3 8 15 287382 0 32 287382 0
gene 3 9 15 121197 0 33 121197 0
gene 3 10 15 -37896 0 34 -37896 0
gene 2 11 15 353591 0 35 353591 1
gene 4 12 15 -278136 0 36 -278136 0
gene 4 15 15 127599 1 174 127599 0
gene 3 8 121 -73032 0 329 -73032 0
gene 3 121 15 -12096 0 330 -12096 1
gene 2 5 121 230865 0 438 230865 1
gene 2 7 121 -4362 0 483 -4362 0
gene 4 4 235 -220203 0 666 -220203 1
gene 4 235 14 -800000 0 667 -800000 1
gene 1 1 235 -86253 0 753 -86253 1
gene 1 9 235 -800000 0 1108 -800000 1
gene 3 10 384 -288146 0 1126 -288146 1
gene 3 384 15 -377960 0 1127 -377960 0
gene 2 14 14 40080 1 1197 40080 1
gene 3 7 420 -336555 0 1239 -336555 0
gene 3 420 15 186267 0 1240 186267 0
gene 3 2 433 533370 0 1284 533370 0
gene 3 433 13 306936 0 1285 306936 1
gene 4 3 461 -398160 0 1352 -398160 1
gene 4 461 14 99642 0 1353 99642 1
gene 4 15 500 -27996 1 1453 -27996 1
gene 4 500 15 -657800 0 1454 -657800 1
gene 1 8 516 -311013 0 1500 -311013 1
gene 1 516 14 453951 0 1501 453951 1
gene 1 384 121 16791 0 1548 16791 1
gene 2 8 461 -153207 0 1965 -153207 1
gene 3 3 697 96117 0 2038 96117 0
gene 3 697 15 -139200 0 2039 -139200 1
gene 2 1 500 800000 0 2133 800000 1
gene 1 3 433 -580832 0 2628 -580832 1
gene 1 516 516 -517389 1 2664 -517389 1
gene 3 8 1018 112917 0 2997 112917 1
gene 3 1018 121 -160168 0 2998 -160168 0
gene 3 15 433 282774 0 3156 282774 1
gene 1 10 1130 -800000 0 3329 -800000 1
gene 1 1130 14 -232590 0 3330 -232590 1
gene 3 500 697 -402903 0 3371 -402903 1
gene 2 3 516 280059 0 3603 280059 1
gene 2 9 1323 -57756 0 3885 -57756 0
gene 2 1323 14 282825 0 3886 282825 0
gene 2 121 420 190512 0 3959 190512 0
gene 2 8 1393 78747 0 4093 78747 0
gene 2 1393 13 13869 0 4094 13869 1
gene 1 11 1479 186354 0 4325 186354 1
gene 1 1479 14 298818 0 4326 298818 1
gene 4 12 1531 592506 0 4477 592506 1
gene 4 1531 15 -501945 0 4478 -501945 1
gene 3 1393 433 59028 0 4734 59028 1
gene 2 1323 1683 66813 0 4950 66813 1
gene 2 1683 14 47550 0 4951 47550 1
gene 3 6 1735 -419655 0 5103 -419655 1
gene 3 1735 14 -232812 0 5104 -232812 1
gene 1 5 516 10386 0 5346 10386 1
gene 1 516 433 -225723 0 5443 -225723 1
gene 3 2 1875 134694 0 5505 134694 1
gene 3 1875 433 -245874 0 5506 -245874 1
gene 1 1683 461 -143949 0 5687 -143949 1
gene 1 516 121 521847 0 5877 521847 1
gene 3 3 2034 95718 0 5939 95718 1
gene 3 2034 697 -54279 0 5940 -54279 1
gene 3 5 1479 196668 0 6157 196668 1
gene 3 7 2142 548362 0 6248 548362 1
gene 3 2142 420 -134823 0 6249 -134823 1
gene 3 420 2172 150906 0 6332 150906 1
gene 3 2172 15 -108735 0 6333 -108735 1
gene 2 1735 1735 -18528 1 6388 -18528 1
gene 2 8 2206 -169758 0 6436 -169758 0
gene 2 2206 1393 -119523 0 6437 -119523 1
gene 2 121 2313 61108 0 6747 61108 0
gene 2 2313 420 465345 0 6748 465345 1
gene 2 9 2332 58752 0 6797 58752 1
gene 2 2332 1323 -151986 0 6798 -151986 1
gene 4 1323 2034 322828 0 6848 322828 1
gene 2 7 2368 351640 0 6897 351640 1
gene 2 2368 121 -40452 0 6898 -40452 1
gene 3 8 2412 -70239 0 7028 -70239 1
gene 3 2412 15 326976 0 7029 326976 1
gene 2 8 2430 -378087 0 7088 -378087 1
gene 2 2430 2206 572736 0 7089 572736 1
gene 2 121 2481 -149126 0 7252 -149126 1
gene 2 2481 2313 133821 0 7253 133821 1
gene 3 9 2494 264028 0 7292 264028 1
gene 3 2494 15 -166743 0 7293 -166743 1
gene 2 1479 384 203832 0 7389 203832 1
gene 2 121 2142 128166 0 7445 128166 1
genomeend 72


/* Organism #78 Fitness: 220.000000 Time: 0 */
/* Position #78*/
#1 x: 79 y: 33
#2 x: 52 y: 22
#3 x: 38 y: 30
#4 x: 79 y: 77
#5 x: 82 y: 66
#6 x: 78 y: 79
genomestart 78
trait 1 43007.000000 0.000000 0.000000 0.000000 0.000000 0.000000 87908.000000 0.000000 trait 2 0.000000 94809.000000 34350.000000 0.000000 0.000000 0.000000 0.000000 0.000000 trait 3 0.000000 0.000000 0.000000 51304.000000 0.000000 13538.000000 70969.000000 30146.000000 trait 4 4.000000 0.000000 0.000000 36940.000000 0.000000 0.000000 43316.000000 37957.000000 node 1 4 1 3
node 2 4 1 1
node 3 1 1 1
node 4 1 1 1
node 5 1 1 1
node 6 2 1 1
node 7 4 1 1
node 8 4 1 1
node 9 2 1 1
node 10 4 1 1
node 11 2 1 1
node 12 4 1 1
node 13 2 0 2
node 14 1 0 2
node 15 3 0 2
node 121 1 0 0
node 235 1 0 0
node 384 1 0 0
node 420 1 0 0
node 433 1 0 0
node 461 1 0 0
node 500 1 0 0
node 516 1 0 0
node 697 1 0 0
node 1018 1 0 0
node 1130 1 0 0
node 1323 3 0 0
node 1393 3 0 0
node 1479 1 0 0
node 1531 4 0 0
node 1683 1 0 0
node 1735 1 0 0
node 1875 1 0 0
node 1975 1 0 0
node 2022 1 0 0
node 2179 1 0 0
node 2295 1 0 0
node 2545 1 0 0
node 2573 1 0 0
gene 2 1 13 399789 0 1 399789 1
gene 3 2 13 25791 0 2 25791 1
gene 2 3 13 -137157 0 3 -137157 1
gene 3 4 13 69939 0 4 69939 1
gene 2 5 13 20463 0 5 20463 1
gene 4 6 13 -168015 0 6 -168015 1
gene 3 7 13 21357 0 7 21357 1
gene 2 8 13 -800000 0 8 -800000 1
gene 3 9 13 109779 0 9 109779 1
gene 2 10 13 756281 0 10 756281 1
gene 2 11 13 87675 0 11 87675 1
gene 4 12 13 -566819 0 12 -566819 1
gene 2 1 14 -133719 0 13 -133719 1
gene 2 2 14 495015 0 14 495015 1
gene 4 3 14 127605 0 15 127605 1
gene 4 4 14 463133 0 16 463133 1
gene 4 5 14 -174954 0 17 -174954 1
gene 3 6 14 368772 0 18 368772 1
gene 2 7 14 -176793 0 19 -176793 1
gene 1 8 14 243726 0 20 243726 0
gene 3 9 14 -216798 0 21 -216798 1
gene 1 10 14 211842 0 22 211842 1
gene 1 11 14 303018 0 23 303018 1
gene 4 12 14 -93846 0 24 -93846 1
gene 3 1 15 -800000 0 25 -800000 1
gene 3 2 15 -187587 0 26 -187587 1
gene 3 3 15 -54936 0 27 -54936 1
gene 3 4 15 -800000 0 28 -800000 1
gene 3 5 15 -668313 0 29 -668313 1
gene 1 6 15 -104337 0 30 -104337 0
gene 3 7 15 -200949 0 31 -200949 0
gene 3 8 15 82011 0 32 82011 1
gene 3 9 15 -350415 0 33 -350415 1
gene 3 10 15 -580725 0 34 -580725 0
gene 2 11 15 -519738 0 35 -519738 1
gene 4 12 15 -280611 0 36 -280611 1
gene 4 15 15 727683 1 174 727683 0
gene 3 8 121 -395688 0 329 -395688 0
gene 3 121 15 -254956 0 330 -254956 1
gene 2 5 121 -269783 0 438 -269783 1
gene 2 7 121 555720 0 483 555720 1
gene 4 4 235 -197580 0 666 -197580 1
gene 4 235 14 445212 0 667 445212 1
gene 1 1 235 -1197 0 753 -1197 1
gene 1 9 235 -265026 0 1108 -265026 1
gene 3 10 384 -13950 0 1126 -13950 1
gene 3 384 15 31992 0 1127 31992 0
gene 2 14 14 -20409 1 1197 -20409 0
gene 3 7 420 -800000 0 1239 -800000 1
gene 3 420 15 -33282 0 1240 -33282 1
gene 3 2 433 -800000 0 1284 -800000 0
gene 3 433 13 -306747 0 1285 -306747 1
gene 4 3 461 -14817 0 1352 -14817 1
gene 4 461 14 579714 0 1353 579714 1
gene 4 15 500 -232581 1 1453 -232581 1
gene 4 500 15 -116460 0 1454 -116460 0
gene 1 8 516 -176184 0 1500 -176184 1
gene 1 516 14 -294233 0 1501 -294233 0
gene 4 384 121 -233895 0 1548 -233895 1
gene 2 8 461 26487 0 1965 26487 0
gene 3 3 697 164097 0 2038 164097 1
gene 2 697 15 -60792 0 2039 -60792 1
gene 2 1 500 -314415 0 2133 -314415 1
gene 1 3 433 -196062 0 2628 -196062 1
gene 1 516 516 100151 1 2664 100151 1
gene 3 8 1018 -126672 0 2997 -126672 1
gene 3 1018 121 239430 0 2998 239430 1
gene 3 15 433 800000 0 3156 800000 1
gene 1 10 1130 -67284 0 3329 -67284 1
gene 1 1130 14 284712 0 3330 284712 1
gene 3 500 697 -67761 0 3371 -67761 1
gene 2 3 516 -159975 0 3603 -159975 1
gene 2 9 1323 225135 0 3885 225135 1
gene 2 1323 14 56466 0 3886 56466 0
gene 2 121 420 -120690 0 3959 -120690 1
gene 2 8 1393 -499317 0 4093 -499317 1
gene 2 1393 13 -52605 0 4094 -52605 1
gene 1 11 1479 222873 0 4325 222873 1
gene 1 1479 14 -489174 0 4326 -489174 1
gene 4 12 1531 -3834 0 4477 -3834 1
gene 4 1531 15 -88842 0 4478 -88842 0
gene 3 1393 433 -36057 0 4734 -36057 1
gene 2 1323 1683 165825 0 4950 165825 1
gene 2 1683 14 -480171 0 4951 -480171 1
gene 3 6 1735 -251901 0 5103 -251901 1
gene 3 1735 14 -474705 0 5104 -474705 1
gene 1 5 516 800000 0 5346 800000 1
gene 1 516 433 244392 0 5443 244392 1
gene 3 2 1875 -68808 0 5505 -68808 1
gene 3 1875 433 187689 0 5506 187689 1
gene 1 1683 461 170958 0 5687 170958 1
gene 1 6 1975 -367980 0 5780 -367980 1
gene 1 1975 15 20187 0 5781 20187 1
gene 4 1531 2022 236724 0 5905 236724 1
gene 4 2022 15 800000 0 5906 800000 1
gene 3 121 1875 251376 0 5987 251376 1
gene 1 1683 1393 183741 0 6232 183741 1
gene 4 500 2179 721542 0 6351 721542 1
gene 4 2179 15 200172 0 6352 200172 1
gene 3 12 2179 680325 0 6539 680325 1
gene 1 1975 1975 -117057 1 6578 -117057 1
gene 2 14 2295 -281055 1 6699 -281055 1
gene 2 2295 14 -455031 0 6700 -455031 1
gene 4 4 433 138516 0 7064 138516 1
gene 1 516 2545 -109392 0 7435 -109392 1
gene 1 2545 14 -298803 0 7436 -298803 1
gene 2 8 2573 -138219 0 7531 -138219 1
gene 2 2573 461 492246 0 7532 492246 1
genomeend 78


