/* Organism #5 Fitness: 220.000000 Time: 0 */
/* Position #5*/
#1 x: 27 y: 20
#2 x: 55 y: 31
#3 x: 15 y: 39
#4 x: 44 y: 65
#5 x: 31 y: 69
#6 x: 84 y: 72
genomestart 5
trait 1 1.000000 0.000000 0.000000 0.000000 0.000000 0.000000 0.000000 0.000000 trait 2 2.000000 0.000000 0.000000 0.000000 0.000000 0.000000 0.000000 0.000000 trait 3 3.000000 0.000000 0.000000 0.000000 0.000000 0.000000 0.000000 0.000000 trait 4 4.000000 0.000000 0.000000 0.000000 0.000000 0.000000 0.000000 0.000000 node 1 1 1 3
node 2 2 1 1
node 3 2 1 1
node 4 4 1 1
node 5 3 1 1
node 6 3 1 1
node 7 4 1 1
node 8 4 1 1
node 9 3 1 1
node 10 2 1 1
node 11 2 1 1
node 12 3 1 1
node 13 2 0 2
node 14 3 0 2
node 15 4 0 2
node 62 1 0 0
node 79 1 0 0
gene 3 1 13 176642 0 1 176642 1
gene 2 2 13 213309 0 2 213309 1
gene 2 3 13 -57453 0 3 -57453 1
gene 4 4 13 -28174 0 4 -28174 1
gene 4 5 13 85782 0 5 85782 1
gene 3 6 13 -326721 0 6 -326721 1
gene 2 7 13 217377 0 7 217377 1
gene 1 8 13 -59736 0 8 -59736 1
gene 3 9 13 -337800 0 9 -337800 0
gene 3 10 13 -30615 0 10 -30615 1
gene 3 11 13 -212487 0 11 -212487 1
gene 4 12 13 -238274 0 12 -238274 1
gene 1 1 14 -48042 0 13 -48042 1
gene 2 2 14 -154314 0 14 -154314 1
gene 4 3 14 131220 0 15 131220 1
gene 4 4 14 176627 0 16 176627 1
gene 2 5 14 -206893 0 17 -206893 1
gene 4 6 14 -9111 0 18 -9111 1
gene 3 7 14 948 0 19 948 0
gene 1 8 14 -34006 0 20 -34006 1
gene 1 9 14 -300759 0 21 -300759 1
gene 1 10 14 -55593 0 22 -55593 1
gene 3 11 14 307059 0 23 307059 1
gene 1 12 14 -262441 0 24 -262441 1
gene 1 1 15 -32807 0 25 -32807 1
gene 1 2 15 62016 0 26 62016 1
gene 3 3 15 159312 0 27 159312 1
gene 4 4 15 -188784 0 28 -188784 1
gene 1 5 15 -288121 0 29 -288121 1
gene 3 6 15 193410 0 30 193410 1
gene 1 7 15 144216 0 31 144216 1
gene 3 8 15 -10089 0 32 -10089 1
gene 4 9 15 281811 0 33 281811 1
gene 2 10 15 -241811 0 34 -241811 1
gene 2 11 15 -117993 0 35 -117993 1
gene 2 12 15 -139116 0 36 -139116 1
gene 2 14 13 -77361 0 131 -77361 1
gene 3 9 62 1 0 167 0 1
gene 3 62 13 -337800 0 168 0 1
gene 3 7 79 1 0 214 0 1
gene 3 79 14 948 0 215 0 1
genomeend 5


/* Organism #6 Fitness: 380.000000 Time: 0 */
/* Position #6*/
#1 x: 66 y: 28
#2 x: 17 y: 21
#3 x: 80 y: 29
#4 x: 18 y: 79
#5 x: 24 y: 81
#6 x: 15 y: 78
genomestart 6
trait 1 1.000000 0.000000 0.000000 0.000000 0.000000 0.000000 0.000000 0.000000 trait 2 2.000000 0.000000 0.000000 0.000000 0.000000 0.000000 0.000000 0.000000 trait 3 3.000000 0.000000 0.000000 0.000000 0.000000 0.000000 0.000000 0.000000 trait 4 4.000000 0.000000 0.000000 0.000000 0.000000 0.000000 0.000000 0.000000 node 1 1 1 3
node 2 2 1 1
node 3 2 1 1
node 4 4 1 1
node 5 3 1 1
node 6 3 1 1
node 7 4 1 1
node 8 4 1 1
node 9 3 1 1
node 10 2 1 1
node 11 2 1 1
node 12 3 1 1
node 13 2 0 2
node 14 3 0 2
node 15 4 0 2
node 62 1 0 0
gene 3 1 13 176642 0 1 176642 1
gene 2 2 13 213309 0 2 213309 1
gene 2 3 13 -57453 0 3 -57453 1
gene 4 4 13 -28174 0 4 -28174 1
gene 4 5 13 85782 0 5 85782 1
gene 3 6 13 -326721 0 6 -326721 1
gene 2 7 13 217377 0 7 217377 1
gene 1 8 13 -59736 0 8 -59736 1
gene 3 9 13 -337800 0 9 -337800 0
gene 3 10 13 -30615 0 10 -30615 1
gene 3 11 13 -212487 0 11 -212487 1
gene 4 12 13 -238274 0 12 -238274 1
gene 1 1 14 -48042 0 13 -48042 1
gene 2 2 14 -154314 0 14 -154314 1
gene 4 3 14 131220 0 15 131220 1
gene 4 4 14 176627 0 16 176627 1
gene 2 5 14 -206893 0 17 -206893 1
gene 4 6 14 -9111 0 18 -9111 1
gene 3 7 14 948 0 19 948 1
gene 1 8 14 -34006 0 20 -34006 1
gene 1 9 14 -300759 0 21 -300759 1
gene 1 10 14 -55593 0 22 -55593 1
gene 3 11 14 307059 0 23 307059 1
gene 1 12 14 -262441 0 24 -262441 1
gene 1 1 15 -32807 0 25 -32807 1
gene 1 2 15 62016 0 26 62016 1
gene 3 3 15 159312 0 27 159312 1
gene 4 4 15 -188784 0 28 -188784 1
gene 1 5 15 -288121 0 29 -288121 1
gene 3 6 15 193410 0 30 193410 1
gene 1 7 15 144216 0 31 144216 1
gene 3 8 15 -10089 0 32 -10089 1
gene 4 9 15 281811 0 33 281811 1
gene 2 10 15 -241811 0 34 -241811 1
gene 2 11 15 -117993 0 35 -117993 1
gene 2 12 15 -139116 0 36 -139116 1
gene 2 14 13 -77361 0 131 -77361 1
gene 3 9 62 1 0 167 0 1
gene 3 62 13 -337800 0 168 0 1
gene 4 2 62 16476 0 216 16476 1
genomeend 6


/* Organism #14 Fitness: 420.000000 Time: 0 */
/* Position #14*/
#1 x: 47 y: 37
#2 x: 19 y: 24
#3 x: 72 y: 39
#4 x: 43 y: 84
#5 x: 39 y: 60
#6 x: 21 y: 76
genomestart 14
trait 1 1.000000 0.000000 0.000000 0.000000 0.000000 0.000000 0.000000 0.000000 trait 2 2.000000 0.000000 0.000000 0.000000 0.000000 0.000000 0.000000 0.000000 trait 3 3.000000 0.000000 0.000000 0.000000 0.000000 0.000000 0.000000 0.000000 trait 4 4.000000 0.000000 0.000000 0.000000 0.000000 0.000000 0.000000 0.000000 node 1 2 1 3
node 2 1 1 1
node 3 2 1 1
node 4 1 1 1
node 5 3 1 1
node 6 4 1 1
node 7 1 1 1
node 8 2 1 1
node 9 4 1 1
node 10 2 1 1
node 11 1 1 1
node 12 4 1 1
node 13 1 0 2
node 14 2 0 2
node 15 3 0 2
node 30 1 0 0
gene 4 1 13 -596993 0 1 -596993 1
gene 2 2 13 -263060 0 2 -263060 1
gene 2 3 13 -52620 0 3 -52620 1
gene 4 4 13 234109 0 4 234109 1
gene 1 5 13 -139011 0 5 -139011 1
gene 4 6 13 -345609 0 6 -345609 1
gene 2 7 13 144909 0 7 144909 1
gene 4 8 13 515661 0 8 515661 1
gene 2 9 13 192558 0 9 192558 1
gene 2 10 13 362634 0 10 362634 1
gene 3 11 13 273756 0 11 273756 1
gene 1 12 13 -101301 0 12 -101301 1
gene 4 1 14 -255195 0 13 -255195 1
gene 2 2 14 259173 0 14 259173 1
gene 2 3 14 1869 0 15 1869 1
gene 3 4 14 307650 0 16 307650 1
gene 2 5 14 -337201 0 17 -337201 1
gene 4 6 14 -152694 0 18 -152694 1
gene 1 7 14 61436 0 19 61436 1
gene 1 8 14 -170689 0 20 -170689 1
gene 1 9 14 102718 0 21 102718 1
gene 2 10 14 111324 0 22 111324 1
gene 4 11 14 427263 0 23 427263 1
gene 4 12 14 153822 0 24 153822 1
gene 3 1 15 146289 0 25 146289 1
gene 2 2 15 165351 0 26 165351 1
gene 3 3 15 -129258 0 27 -129258 1
gene 2 4 15 -88242 0 28 -88242 0
gene 1 5 15 95120 0 29 95120 1
gene 3 6 15 -111086 0 30 -111086 1
gene 1 7 15 -176151 0 31 -176151 1
gene 4 8 15 197079 0 32 197079 1
gene 1 9 15 -63615 0 33 -63615 1
gene 1 10 15 181797 0 34 181797 1
gene 2 11 15 -102315 0 35 -102315 1
gene 1 12 15 -191848 0 36 -191848 1
gene 2 4 30 -246764 0 75 -246764 1
gene 2 30 15 66543 0 76 66543 1
gene 1 1 30 -266485 0 149 -266485 1
genomeend 14


/* Organism #15 Fitness: 230.000000 Time: 0 */
/* Position #15*/
#1 x: 47 y: 37
#2 x: 19 y: 24
#3 x: 72 y: 39
#4 x: 43 y: 84
#5 x: 39 y: 60
#6 x: 21 y: 76
genomestart 15
trait 1 1.000000 0.000000 0.000000 0.000000 0.000000 0.000000 0.000000 0.000000 trait 2 2.000000 0.000000 0.000000 0.000000 0.000000 0.000000 0.000000 0.000000 trait 3 3.000000 0.000000 0.000000 0.000000 0.000000 0.000000 0.000000 0.000000 trait 4 4.000000 0.000000 0.000000 0.000000 0.000000 0.000000 0.000000 0.000000 node 1 2 1 3
node 2 1 1 1
node 3 2 1 1
node 4 1 1 1
node 5 3 1 1
node 6 4 1 1
node 7 1 1 1
node 8 2 1 1
node 9 4 1 1
node 10 2 1 1
node 11 1 1 1
node 12 4 1 1
node 13 1 0 2
node 14 2 0 2
node 15 3 0 2
node 30 1 0 0
gene 4 1 13 -625982 0 1 -625982 1
gene 2 2 13 -71219 0 2 -71219 1
gene 2 3 13 -254832 0 3 -254832 1
gene 4 4 13 420448 0 4 420448 1
gene 1 5 13 -44445 0 5 -44445 1
gene 4 6 13 -346131 0 6 -346131 1
gene 2 7 13 -217545 0 7 -217545 1
gene 4 8 13 705615 0 8 705615 1
gene 2 9 13 172002 0 9 172002 1
gene 2 10 13 269112 0 10 269112 1
gene 3 11 13 -148512 0 11 -148512 1
gene 1 12 13 -20271 0 12 -20271 1
gene 4 1 14 -155451 0 13 -155451 1
gene 2 2 14 6702 0 14 6702 1
gene 2 3 14 271863 0 15 271863 1
gene 3 4 14 44775 0 16 44775 1
gene 2 5 14 -212074 0 17 -212074 1
gene 4 6 14 58083 0 18 58083 1
gene 1 7 14 24507 0 19 24507 1
gene 1 8 14 -292303 0 20 -292303 1
gene 1 9 14 92878 0 21 92878 1
gene 2 10 14 74532 0 22 74532 1
gene 4 11 14 676842 0 23 676842 1
gene 4 12 14 80808 0 24 80808 1
gene 3 1 15 405898 0 25 405898 1
gene 2 2 15 209854 0 26 209854 1
gene 3 3 15 -131865 0 27 -131865 1
gene 2 4 15 -154134 0 28 -154134 0
gene 1 5 15 354572 0 29 354572 1
gene 3 6 15 -222749 0 30 -222749 1
gene 1 7 15 -496209 0 31 -496209 1
gene 4 8 15 -242241 0 32 -242241 1
gene 1 9 15 148820 0 33 148820 1
gene 1 10 15 -117208 0 34 -117208 1
gene 2 11 15 83832 0 35 83832 1
gene 1 12 15 -569500 0 36 -569500 1
gene 2 4 30 -274454 0 75 -274454 1
gene 2 30 15 -604729 0 76 -604729 1
gene 1 1 30 -277564 0 149 -277564 1
genomeend 15


/* Organism #24 Fitness: 210.000000 Time: 0 */
/* Position #24*/
#1 x: 81 y: 23
#2 x: 62 y: 39
#3 x: 17 y: 32
#4 x: 47 y: 65
#5 x: 56 y: 76
#6 x: 83 y: 60
genomestart 24
trait 1 1.000000 0.000000 0.000000 0.000000 0.000000 0.000000 0.000000 0.000000 trait 2 2.000000 0.000000 0.000000 0.000000 0.000000 0.000000 0.000000 0.000000 trait 3 3.000000 0.000000 0.000000 0.000000 0.000000 0.000000 0.000000 0.000000 trait 4 4.000000 0.000000 0.000000 0.000000 0.000000 0.000000 0.000000 0.000000 node 1 1 1 3
node 2 1 1 1
node 3 1 1 1
node 4 3 1 1
node 5 2 1 1
node 6 3 1 1
node 7 4 1 1
node 8 4 1 1
node 9 3 1 1
node 10 1 1 1
node 11 2 1 1
node 12 2 1 1
node 13 4 0 2
node 14 2 0 2
node 15 4 0 2
node 16 1 0 0
node 82 1 0 0
gene 4 1 13 174618 0 1 174618 1
gene 4 2 13 -117853 0 2 -117853 1
gene 2 3 13 -260527 0 3 -260527 1
gene 2 4 13 -74678 0 4 -74678 1
gene 1 5 13 -188425 0 5 -188425 1
gene 1 6 13 333610 0 6 333610 1
gene 1 7 13 218009 0 7 218009 1
gene 2 8 13 -113362 0 8 -113362 1
gene 1 9 13 -253924 0 9 -253924 1
gene 3 10 13 -140767 0 10 -140767 1
gene 2 11 13 -61243 0 11 -61243 1
gene 1 12 13 -28643 0 12 -28643 1
gene 2 1 14 202249 0 13 202249 1
gene 4 2 14 326816 0 14 326816 1
gene 2 3 14 -168946 0 15 -168946 1
gene 4 4 14 -51726 0 16 -51726 1
gene 4 5 14 367977 0 17 367977 0
gene 1 6 14 151097 0 18 151097 1
gene 3 7 14 111744 0 19 111744 1
gene 3 8 14 -26524 0 20 -26524 1
gene 3 9 14 332749 0 21 332749 1
gene 1 10 14 117545 0 22 117545 1
gene 4 11 14 279588 0 23 279588 1
gene 3 12 14 55720 0 24 55720 0
gene 1 1 15 201755 0 25 201755 1
gene 3 2 15 -133358 0 26 -133358 1
gene 1 3 15 176035 0 27 176035 1
gene 2 4 15 -214576 0 28 -214576 1
gene 4 5 15 -1993 0 29 -1993 1
gene 4 6 15 15303 0 30 15303 1
gene 3 7 15 201322 0 31 201322 1
gene 4 8 15 43870 0 32 43870 1
gene 3 9 15 154052 0 33 154052 1
gene 2 10 15 203337 0 34 203337 1
gene 1 11 15 144453 0 35 144453 1
gene 4 12 15 229402 0 36 229402 1
gene 3 12 16 -190907 0 38 -190907 1
gene 3 16 14 224872 0 39 224872 1
gene 4 13 13 -83310 1 80 -83310 1
gene 4 5 82 1 0 224 0 1
gene 4 82 14 367977 0 225 0 1
genomeend 24


/* Organism #25 Fitness: 240.000000 Time: 0 */
/* Position #25*/
#1 x: 81 y: 23
#2 x: 62 y: 39
#3 x: 17 y: 32
#4 x: 47 y: 65
#5 x: 56 y: 76
#6 x: 83 y: 60
genomestart 25
trait 1 1.000000 0.000000 0.000000 0.000000 0.000000 0.000000 0.000000 0.000000 trait 2 2.000000 0.000000 0.000000 0.000000 0.000000 0.000000 0.000000 0.000000 trait 3 3.000000 0.000000 0.000000 0.000000 0.000000 0.000000 0.000000 0.000000 trait 4 4.000000 0.000000 0.000000 0.000000 0.000000 0.000000 0.000000 0.000000 node 1 2 1 3
node 2 1 1 1
node 3 1 1 1
node 4 4 1 1
node 5 3 1 1
node 6 1 1 1
node 7 4 1 1
node 8 3 1 1
node 9 4 1 1
node 10 3 1 1
node 11 2 1 1
node 12 1 1 1
node 13 2 0 2
node 14 3 0 2
node 15 2 0 2
node 38 1 0 0
gene 4 1 13 -420149 0 1 -420149 1
gene 1 2 13 558632 0 2 558632 1
gene 4 3 13 -766636 0 3 -766636 0
gene 2 4 13 -128799 0 4 -128799 1
gene 2 5 13 106974 0 5 106974 1
gene 1 6 13 -190842 0 6 -190842 1
gene 4 7 13 23641 0 7 23641 1
gene 1 8 13 165648 0 8 165648 1
gene 2 9 13 528455 0 9 528455 1
gene 1 10 13 -115301 0 10 -115301 1
gene 1 11 13 61567 0 11 61567 1
gene 3 12 13 -69046 0 12 -69046 1
gene 1 1 14 279241 0 13 279241 1
gene 3 2 14 -5276 0 14 -5276 1
gene 1 3 14 -517089 0 15 -517089 1
gene 3 4 14 -259666 0 16 -259666 1
gene 2 5 14 -104258 0 17 -104258 1
gene 2 6 14 -318854 0 18 -318854 1
gene 4 7 14 -71298 0 19 -71298 1
gene 2 8 14 390638 0 20 390638 1
gene 1 9 14 -111147 0 21 -111147 1
gene 1 10 14 -215869 0 22 -215869 1
gene 3 11 14 369812 0 23 369812 1
gene 4 12 14 -664816 0 24 -664816 1
gene 4 1 15 518014 0 25 518014 1
gene 3 2 15 -94948 0 26 -94948 1
gene 2 3 15 145582 0 27 145582 1
gene 2 4 15 -446781 0 28 -446781 1
gene 4 5 15 536713 0 29 536713 1
gene 1 6 15 538352 0 30 538352 1
gene 1 7 15 285240 0 31 285240 1
gene 1 8 15 154479 0 32 154479 1
gene 1 9 15 73530 0 33 73530 1
gene 2 10 15 -86558 0 34 -86558 1
gene 4 11 15 -80475 0 35 -80475 1
gene 2 12 15 28563 0 36 28563 1
gene 4 3 38 -56664 0 94 -56664 1
gene 4 38 13 -701821 0 95 -701821 1
genomeend 25


/* Organism #34 Fitness: 250.000000 Time: 0 */
/* Position #34*/
#1 x: 68 y: 36
#2 x: 50 y: 15
#3 x: 75 y: 32
#4 x: 42 y: 70
#5 x: 52 y: 61
#6 x: 46 y: 67
genomestart 34
trait 1 1.000000 0.000000 0.000000 0.000000 0.000000 0.000000 0.000000 0.000000 trait 2 2.000000 0.000000 0.000000 0.000000 0.000000 0.000000 0.000000 0.000000 trait 3 3.000000 0.000000 0.000000 0.000000 0.000000 0.000000 0.000000 0.000000 trait 4 4.000000 0.000000 0.000000 0.000000 0.000000 0.000000 0.000000 0.000000 node 1 2 1 3
node 2 2 1 1
node 3 1 1 1
node 4 2 1 1
node 5 2 1 1
node 6 2 1 1
node 7 1 1 1
node 8 1 1 1
node 9 4 1 1
node 10 1 1 1
node 11 4 1 1
node 12 2 1 1
node 13 4 0 2
node 14 4 0 2
node 15 1 0 2
node 22 1 0 0
gene 4 1 13 241673 0 1 241673 1
gene 2 2 13 186550 0 2 186550 1
gene 1 3 13 -73805 0 3 -73805 1
gene 3 4 13 -208200 0 4 -208200 1
gene 1 5 13 -99303 0 5 -99303 1
gene 3 6 13 237464 0 6 237464 1
gene 4 7 13 -376183 0 7 -376183 1
gene 2 8 13 42869 0 8 42869 1
gene 2 9 13 -80502 0 9 -80502 1
gene 3 10 13 -357721 0 10 -357721 1
gene 2 11 13 370619 0 11 370619 1
gene 4 12 13 -304999 0 12 -304999 1
gene 1 1 14 -151237 0 13 -151237 1
gene 4 2 14 -224974 0 14 -224974 1
gene 4 3 14 -251642 0 15 -251642 1
gene 2 4 14 338559 0 16 338559 1
gene 1 5 14 63660 0 17 63660 1
gene 2 6 14 105887 0 18 105887 0
gene 2 7 14 403124 0 19 403124 1
gene 4 8 14 -496445 0 20 -496445 1
gene 3 9 14 -436548 0 21 -436548 1
gene 2 10 14 -225019 0 22 -225019 1
gene 4 11 14 -109476 0 23 -109476 1
gene 2 12 14 58700 0 24 58700 1
gene 4 1 15 140375 0 25 140375 1
gene 1 2 15 -75695 0 26 -75695 1
gene 4 3 15 115485 0 27 115485 1
gene 3 4 15 379236 0 28 379236 1
gene 3 5 15 -147643 0 29 -147643 1
gene 1 6 15 106505 0 30 106505 1
gene 2 7 15 8652 0 31 8652 1
gene 3 8 15 -548060 0 32 -548060 1
gene 2 9 15 -138153 0 33 -138153 1
gene 3 10 15 -59103 0 34 -59103 1
gene 2 11 15 -241506 0 35 -241506 1
gene 2 12 15 241299 0 36 241299 1
gene 2 6 22 258154 0 55 258154 1
gene 2 22 14 -356923 0 56 -356923 1
gene 3 22 15 -148586 0 127 -148586 1
genomeend 34


/* Organism #43 Fitness: 240.000000 Time: 0 */
/* Position #43*/
#1 x: 31 y: 17
#2 x: 60 y: 35
#3 x: 19 y: 22
#4 x: 48 y: 78
#5 x: 20 y: 81
#6 x: 65 y: 62
genomestart 43
trait 1 1.000000 0.000000 0.000000 0.000000 0.000000 0.000000 0.000000 0.000000 trait 2 2.000000 0.000000 0.000000 0.000000 0.000000 0.000000 0.000000 0.000000 trait 3 3.000000 0.000000 0.000000 0.000000 0.000000 0.000000 0.000000 0.000000 trait 4 4.000000 35314.000000 91148.000000 0.000000 47573.000000 0.000000 0.000000 6132.000000 node 1 2 1 3
node 2 1 1 1
node 3 2 1 1
node 4 1 1 1
node 5 3 1 1
node 6 4 1 1
node 7 1 1 1
node 8 2 1 1
node 9 4 1 1
node 10 2 1 1
node 11 1 1 1
node 12 4 1 1
node 13 1 0 2
node 14 2 0 2
node 15 3 0 2
node 30 1 0 0
gene 4 1 13 239133 0 1 239133 1
gene 2 2 13 -537914 0 2 -537914 1
gene 2 3 13 120624 0 3 120624 1
gene 4 4 13 -209840 0 4 -209840 1
gene 1 5 13 -179979 0 5 -179979 1
gene 4 6 13 -112594 0 6 -112594 1
gene 2 7 13 -42888 0 7 -42888 1
gene 4 8 13 93720 0 8 93720 1
gene 2 9 13 215532 0 9 215532 1
gene 2 10 13 298074 0 10 298074 1
gene 3 11 13 -147399 0 11 -147399 1
gene 1 12 13 419199 0 12 419199 1
gene 4 1 14 -649090 0 13 -649090 1
gene 2 2 14 9465 0 14 9465 1
gene 2 3 14 -3800 0 15 -3800 1
gene 3 4 14 114756 0 16 114756 1
gene 2 5 14 -44557 0 17 -44557 1
gene 4 6 14 -115272 0 18 -115272 1
gene 1 7 14 171527 0 19 171527 1
gene 1 8 14 -45562 0 20 -45562 1
gene 3 9 14 388042 0 21 388042 1
gene 2 10 14 193875 0 22 193875 1
gene 4 11 14 83376 0 23 83376 1
gene 4 12 14 502017 0 24 502017 1
gene 3 1 15 -30371 0 25 -30371 1
gene 2 2 15 450178 0 26 450178 1
gene 3 3 15 -118170 0 27 -118170 1
gene 2 4 15 -320314 0 28 -320314 0
gene 1 5 15 255599 0 29 255599 1
gene 3 6 15 135687 0 30 135687 1
gene 1 7 15 -438246 0 31 -438246 1
gene 4 8 15 91365 0 32 91365 1
gene 1 9 15 164754 0 33 164754 1
gene 1 10 15 223094 0 34 223094 1
gene 2 11 15 -322299 0 35 -322299 1
gene 1 12 15 95217 0 36 95217 1
gene 2 4 30 -143918 0 75 -143918 1
gene 2 30 15 -371032 0 76 -371032 1
gene 1 1 30 57875 0 149 57875 1
genomeend 43


/* Organism #44 Fitness: 290.000000 Time: 0 */
/* Position #44*/
#1 x: 35 y: 21
#2 x: 85 y: 29
#3 x: 71 y: 39
#4 x: 73 y: 69
#5 x: 42 y: 84
#6 x: 69 y: 79
genomestart 44
trait 1 1.000000 0.000000 0.000000 0.000000 0.000000 0.000000 0.000000 0.000000 trait 2 2.000000 0.000000 0.000000 0.000000 0.000000 0.000000 0.000000 0.000000 trait 3 3.000000 0.000000 0.000000 0.000000 0.000000 0.000000 0.000000 0.000000 trait 4 4.000000 0.000000 0.000000 0.000000 0.000000 0.000000 0.000000 0.000000 node 1 2 1 3
node 2 1 1 1
node 3 2 1 1
node 4 1 1 1
node 5 3 1 1
node 6 4 1 1
node 7 1 1 1
node 8 2 1 1
node 9 4 1 1
node 10 2 1 1
node 11 1 1 1
node 12 4 1 1
node 13 1 0 2
node 14 2 0 2
node 15 3 0 2
node 30 1 0 0
node 88 1 0 0
gene 4 1 13 -103970 0 1 -103970 1
gene 2 2 13 -438539 0 2 -438539 1
gene 2 3 13 -37722 0 3 -37722 1
gene 4 4 13 -312578 0 4 -312578 1
gene 1 5 13 -76095 0 5 -76095 1
gene 4 6 13 -162871 0 6 -162871 1
gene 2 7 13 -11649 0 7 -11649 1
gene 4 8 13 81858 0 8 81858 1
gene 2 9 13 13314 0 9 13314 1
gene 2 10 13 458871 0 10 458871 1
gene 3 11 13 -128517 0 11 -128517 1
gene 1 12 13 301239 0 12 301239 1
gene 4 1 14 -431245 0 13 -431245 1
gene 2 2 14 -252549 0 14 -252549 1
gene 2 3 14 -239483 0 15 -239483 1
gene 3 4 14 260379 0 16 260379 1
gene 2 5 14 105596 0 17 105596 1
gene 4 6 14 115833 0 18 115833 1
gene 1 7 14 -121396 0 19 -121396 1
gene 1 8 14 -36265 0 20 -36265 0
gene 3 9 14 346114 0 21 346114 1
gene 2 10 14 115971 0 22 115971 1
gene 4 11 14 202026 0 23 202026 1
gene 4 12 14 326952 0 24 326952 1
gene 3 1 15 -30371 0 25 -30371 1
gene 2 2 15 184144 0 26 184144 1
gene 3 3 15 -159255 0 27 -159255 1
gene 2 4 15 -211336 0 28 -211336 0
gene 1 5 15 -10066 0 29 -10066 1
gene 3 6 15 -528311 0 30 -528311 1
gene 1 7 15 -278829 0 31 -278829 1
gene 4 8 15 -133941 0 32 -133941 1
gene 1 9 15 -85105 0 33 -85105 1
gene 1 10 15 -16441 0 34 -16441 1
gene 2 11 15 -169470 0 35 -169470 1
gene 1 12 15 131853 0 36 131853 1
gene 2 4 30 -196223 0 75 -196223 1
gene 2 30 15 -371032 0 76 -371032 1
gene 1 1 30 57875 0 149 57875 1
gene 1 8 88 1 0 240 0 1
gene 1 88 14 -36265 0 241 0 1
genomeend 44


/* Organism #56 Fitness: 280.000000 Time: 0 */
/* Position #56*/
#1 x: 54 y: 39
#2 x: 72 y: 28
#3 x: 15 y: 30
#4 x: 19 y: 60
#5 x: 15 y: 69
#6 x: 85 y: 69
genomestart 56
trait 1 1.000000 0.000000 0.000000 0.000000 0.000000 0.000000 0.000000 0.000000 trait 2 2.000000 0.000000 0.000000 0.000000 0.000000 0.000000 0.000000 0.000000 trait 3 3.000000 0.000000 0.000000 0.000000 0.000000 0.000000 0.000000 0.000000 trait 4 4.000000 0.000000 0.000000 0.000000 0.000000 0.000000 0.000000 0.000000 node 1 4 1 3
node 2 3 1 1
node 3 2 1 1
node 4 1 1 1
node 5 3 1 1
node 6 3 1 1
node 7 1 1 1
node 8 1 1 1
node 9 1 1 1
node 10 3 1 1
node 11 2 1 1
node 12 1 1 1
node 13 4 0 2
node 14 1 0 2
node 15 1 0 2
gene 4 1 13 -98330 0 1 -98330 1
gene 2 2 13 395833 0 2 395833 1
gene 2 3 13 -339573 0 3 -339573 1
gene 2 4 13 -154257 0 4 -154257 1
gene 3 5 13 180261 0 5 180261 1
gene 1 6 13 274836 0 6 274836 1
gene 4 7 13 396076 0 7 396076 1
gene 2 8 13 294608 0 8 294608 1
gene 1 9 13 -427876 0 9 -427876 1
gene 3 10 13 -262290 0 10 -262290 1
gene 1 11 13 -267132 0 11 -267132 1
gene 1 12 13 -145698 0 12 -145698 1
gene 2 1 14 42364 0 13 42364 1
gene 3 2 14 -641963 0 14 -641963 1
gene 2 3 14 -7848 0 15 -7848 1
gene 4 4 14 31089 0 16 31089 1
gene 3 5 14 -317930 0 17 -317930 1
gene 2 6 14 -474248 0 18 -474248 1
gene 1 7 14 -40099 0 19 -40099 1
gene 3 8 14 245193 0 20 245193 1
gene 3 9 14 436174 0 21 436174 1
gene 4 10 14 -192158 0 22 -192158 1
gene 4 11 14 -343017 0 23 -343017 1
gene 3 12 14 429940 0 24 429940 1
gene 4 1 15 -87951 0 25 -87951 1
gene 3 2 15 -92710 0 26 -92710 1
gene 3 3 15 177675 0 27 177675 1
gene 2 4 15 151586 0 28 151586 1
gene 2 5 15 260680 0 29 260680 1
gene 2 6 15 105846 0 30 105846 1
gene 4 7 15 -264432 0 31 -264432 1
gene 4 8 15 24393 0 32 24393 1
gene 1 9 15 -179722 0 33 -179722 1
gene 1 10 15 68562 0 34 68562 1
gene 1 11 15 -490689 0 35 -490689 1
gene 4 12 15 -184935 0 36 -184935 1
gene 1 13 15 -6519 0 250 -6519 1
genomeend 56


/* Organism #57 Fitness: 270.000000 Time: 0 */
/* Position #57*/
#1 x: 54 y: 39
#2 x: 72 y: 28
#3 x: 15 y: 30
#4 x: 19 y: 60
#5 x: 15 y: 69
#6 x: 85 y: 69
genomestart 57
trait 1 1.000000 0.000000 0.000000 0.000000 0.000000 0.000000 0.000000 0.000000 trait 2 2.000000 0.000000 0.000000 0.000000 0.000000 0.000000 0.000000 0.000000 trait 3 3.000000 0.000000 0.000000 0.000000 0.000000 0.000000 0.000000 0.000000 trait 4 4.000000 0.000000 0.000000 0.000000 0.000000 0.000000 0.000000 0.000000 node 1 1 1 3
node 2 1 1 1
node 3 2 1 1
node 4 3 1 1
node 5 3 1 1
node 6 4 1 1
node 7 2 1 1
node 8 3 1 1
node 9 4 1 1
node 10 1 1 1
node 11 2 1 1
node 12 2 1 1
node 13 2 0 2
node 14 1 0 2
node 15 1 0 2
gene 3 1 13 -336315 0 1 -336315 1
gene 4 2 13 -540165 0 2 -540165 1
gene 4 3 13 -192528 0 3 -192528 1
gene 1 4 13 6401 0 4 6401 1
gene 4 5 13 -484408 0 5 -484408 1
gene 2 6 13 97781 0 6 97781 1
gene 4 7 13 209856 0 7 209856 1
gene 4 8 13 408422 0 8 408422 1
gene 3 9 13 511785 0 9 511785 1
gene 2 10 13 617962 0 10 617962 1
gene 1 11 13 280290 0 11 280290 1
gene 2 12 13 -17255 0 12 -17255 1
gene 4 1 14 -76017 0 13 -76017 1
gene 4 2 14 560485 0 14 560485 1
gene 3 3 14 800000 0 15 800000 1
gene 2 4 14 -363471 0 16 -363471 1
gene 3 5 14 234615 0 17 234615 1
gene 4 6 14 -342202 0 18 -342202 1
gene 3 7 14 40863 0 19 40863 1
gene 4 8 14 -502766 0 20 -502766 1
gene 3 9 14 687387 0 21 687387 1
gene 2 10 14 -302872 0 22 -302872 1
gene 3 11 14 -192643 0 23 -192643 1
gene 3 12 14 136973 0 24 136973 1
gene 2 1 15 -241757 0 25 -241757 1
gene 1 2 15 104298 0 26 104298 1
gene 3 3 15 160621 0 27 160621 1
gene 1 4 15 -60265 0 28 -60265 1
gene 1 5 15 64224 0 29 64224 1
gene 3 6 15 -89844 0 30 -89844 1
gene 2 7 15 -179910 0 31 -179910 1
gene 4 8 15 -41737 0 32 -41737 1
gene 1 9 15 -192354 0 33 -192354 1
gene 2 10 15 -125925 0 34 -125925 1
gene 3 11 15 -29840 0 35 -29840 1
gene 2 12 15 295887 0 36 295887 1
genomeend 57


/* Organism #64 Fitness: 230.000000 Time: 0 */
/* Position #64*/
#1 x: 32 y: 37
#2 x: 40 y: 27
#3 x: 68 y: 18
#4 x: 64 y: 83
#5 x: 15 y: 61
#6 x: 22 y: 70
genomestart 64
trait 1 96059.000000 0.000000 0.000000 0.000000 0.000000 0.000000 0.000000 61701.000000 trait 2 2.000000 0.000000 0.000000 0.000000 0.000000 0.000000 0.000000 0.000000 trait 3 3.000000 0.000000 0.000000 0.000000 0.000000 0.000000 0.000000 0.000000 trait 4 4.000000 0.000000 0.000000 0.000000 0.000000 0.000000 0.000000 0.000000 node 1 2 1 3
node 2 2 1 1
node 3 2 1 1
node 4 4 1 1
node 5 3 1 1
node 6 1 1 1
node 7 4 1 1
node 8 4 1 1
node 9 1 1 1
node 10 4 1 1
node 11 4 1 1
node 12 2 1 1
node 13 1 0 2
node 14 1 0 2
node 15 2 0 2
node 34 1 0 0
gene 4 1 13 135996 0 1 135996 1
gene 4 2 13 239303 0 2 239303 1
gene 4 3 13 229170 0 3 229170 1
gene 4 4 13 179811 0 4 179811 0
gene 4 5 13 -517022 0 5 -517022 1
gene 4 6 13 92755 0 6 92755 1
gene 4 7 13 134548 0 7 134548 1
gene 4 8 13 -217509 0 8 -217509 1
gene 3 9 13 -502473 0 9 -502473 1
gene 2 10 13 -213162 0 10 -213162 1
gene 4 11 13 -81129 0 11 -81129 1
gene 3 12 13 39640 0 12 39640 1
gene 3 1 14 190116 0 13 190116 1
gene 1 2 14 175401 0 14 175401 1
gene 3 3 14 -372481 0 15 -372481 1
gene 2 4 14 -157536 0 16 -157536 1
gene 4 5 14 102232 0 17 102232 1
gene 4 6 14 -498354 0 18 -498354 1
gene 3 7 14 127161 0 19 127161 1
gene 3 8 14 -378427 0 20 -378427 1
gene 3 9 14 75888 0 21 75888 1
gene 1 10 14 184737 0 22 184737 1
gene 1 11 14 277734 0 23 277734 1
gene 3 12 14 -276598 0 24 -276598 1
gene 2 1 15 344156 0 25 344156 1
gene 1 2 15 365246 0 26 365246 1
gene 2 3 15 225723 0 27 225723 1
gene 1 4 15 41807 0 28 41807 1
gene 3 5 15 -23214 0 29 -23214 1
gene 1 6 15 526993 0 30 526993 1
gene 2 7 15 127065 0 31 127065 1
gene 4 8 15 63081 0 32 63081 1
gene 1 9 15 500960 0 33 500960 1
gene 4 10 15 354693 0 34 354693 1
gene 1 11 15 158841 0 35 158841 1
gene 2 12 15 -31009 0 36 -31009 1
gene 4 4 34 133567 0 85 133567 1
gene 4 34 13 218695 0 86 218695 1
genomeend 64


/* Organism #66 Fitness: 210.000000 Time: 0 */
/* Position #66*/
#1 x: 69 y: 17
#2 x: 54 y: 35
#3 x: 74 y: 32
#4 x: 56 y: 75
#5 x: 20 y: 76
#6 x: 68 y: 63
genomestart 66
trait 1 1.000000 0.000000 0.000000 0.000000 0.000000 0.000000 0.000000 0.000000 trait 2 2.000000 0.000000 0.000000 0.000000 0.000000 0.000000 0.000000 0.000000 trait 3 3.000000 0.000000 0.000000 0.000000 0.000000 0.000000 0.000000 0.000000 trait 4 4.000000 0.000000 0.000000 0.000000 0.000000 0.000000 0.000000 0.000000 node 1 3 1 3
node 2 2 1 1
node 3 1 1 1
node 4 4 1 1
node 5 2 1 1
node 6 1 1 1
node 7 1 1 1
node 8 2 1 1
node 9 3 1 1
node 10 4 1 1
node 11 4 1 1
node 12 1 1 1
node 13 1 0 2
node 14 3 0 2
node 15 1 0 2
node 24 1 0 0
gene 1 1 13 410999 0 1 410999 1
gene 2 2 13 -410296 0 2 -410296 1
gene 3 3 13 -157718 0 3 -157718 1
gene 1 4 13 -276078 0 4 -276078 1
gene 4 5 13 153582 0 5 153582 1
gene 2 6 13 -263289 0 6 -263289 1
gene 3 7 13 -144491 0 7 -144491 1
gene 4 8 13 86054 0 8 86054 1
gene 4 9 13 -412118 0 9 -412118 1
gene 2 10 13 441918 0 10 441918 1
gene 3 11 13 -389733 0 11 -389733 1
gene 4 12 13 109457 0 12 109457 1
gene 2 1 14 -98400 0 13 -98400 1
gene 3 2 14 -225328 0 14 -225328 1
gene 4 3 14 -90464 0 15 -90464 1
gene 2 4 14 -226521 0 16 -226521 1
gene 2 5 14 -425532 0 17 -425532 1
gene 2 6 14 115171 0 18 115171 1
gene 3 7 14 -103642 0 19 -103642 1
gene 2 8 14 -316220 0 20 -316220 1
gene 2 9 14 305157 0 21 305157 1
gene 4 10 14 -504978 0 22 -504978 1
gene 3 11 14 419290 0 23 419290 1
gene 1 12 14 452846 0 24 452846 1
gene 4 1 15 -719275 0 25 -719275 1
gene 1 2 15 124147 0 26 124147 1
gene 2 3 15 370983 0 27 370983 1
gene 4 4 15 -329840 0 28 -329840 1
gene 1 5 15 28730 0 29 28730 1
gene 1 6 15 -32416 0 30 -32416 1
gene 1 7 15 297563 0 31 297563 1
gene 3 8 15 89427 0 32 89427 0
gene 1 9 15 2520 0 33 2520 1
gene 1 10 15 54582 0 34 54582 1
gene 4 11 15 -417450 0 35 -417450 1
gene 1 12 15 -39693 0 36 -39693 1
gene 3 8 24 30399 0 59 30399 1
gene 3 24 15 69876 0 60 69876 1
genomeend 66


