/* Organism #5 Fitness: 270.000000 Time: 0 */
/* Position #5*/
#1 x: 31 y: 15
#2 x: 49 y: 31
#3 x: 68 y: 22
#4 x: 49 y: 84
#5 x: 47 y: 69
#6 x: 82 y: 66
genomestart 5
trait 1 78708.000000 100000.000000 6994.000000 0.000000 57524.000000 100000.000000 87908.000000 100000.000000 trait 2 100000.000000 88783.000000 70868.000000 0.000000 20550.000000 0.000000 54579.000000 18399.000000 trait 3 0.000000 0.000000 44883.000000 65858.000000 41337.000000 0.000000 100000.000000 41343.000000 trait 4 4.000000 0.000000 0.000000 36940.000000 0.000000 0.000000 0.000000 37957.000000 node 1 4 1 3
node 2 4 1 1
node 3 1 1 1
node 4 1 1 1
node 5 1 1 1
node 6 2 1 1
node 7 4 1 1
node 8 4 1 1
node 9 2 1 1
node 10 1 1 1
node 11 2 1 1
node 12 4 1 1
node 13 2 0 2
node 14 1 0 2
node 15 3 0 2
node 121 1 0 0
node 235 1 0 0
node 384 2 0 0
node 420 1 0 0
node 433 1 0 0
node 461 1 0 0
node 500 1 0 0
node 516 1 0 0
node 697 3 0 0
node 1018 1 0 0
node 1130 1 0 0
node 1323 3 0 0
node 1393 1 0 0
node 1479 1 0 0
node 1531 3 0 0
node 1683 1 0 0
node 1735 2 0 0
node 1875 1 0 0
node 2034 1 0 0
node 2142 1 0 0
node 2172 1 0 0
node 2206 1 0 0
node 2313 1 0 0
node 2332 1 0 0
node 2368 1 0 0
node 2491 1 0 0
node 2512 1 0 0
node 2530 1 0 0
node 2547 1 0 0
node 2692 1 0 0
node 2786 1 0 0
node 2912 1 0 0
node 3009 1 0 0
node 3108 1 0 0
node 3213 1 0 0
node 3249 1 0 0
node 3336 1 0 0
node 3356 1 0 0
node 3443 1 0 0
node 3469 1 0 0
node 3532 1 0 0
node 3658 1 0 0
node 3715 1 0 0
node 3733 1 0 0
node 3835 1 0 0
node 3869 1 0 0
gene 2 1 13 -270633 0 1 -270633 1
gene 3 2 13 -31017 0 2 -31017 1
gene 2 3 13 -234396 0 3 -234396 1
gene 3 4 13 -72315 0 4 -72315 1
gene 2 5 13 -106263 0 5 -106263 0
gene 4 6 13 349383 0 6 349383 1
gene 3 7 13 55101 0 7 55101 1
gene 2 8 13 117912 0 8 117912 0
gene 3 9 13 -224961 0 9 -224961 1
gene 2 10 13 -457356 0 10 -457356 1
gene 2 11 13 505853 0 11 505853 1
gene 4 12 13 571383 0 12 571383 1
gene 2 1 14 800000 0 13 800000 1
gene 2 2 14 -643761 0 14 -643761 1
gene 4 3 14 -800000 0 15 -800000 0
gene 4 4 14 -313605 0 16 -313605 1
gene 4 5 14 57723 0 17 57723 1
gene 3 6 14 -473904 0 18 -473904 0
gene 2 7 14 -800000 0 19 -800000 1
gene 1 8 14 274032 0 20 274032 0
gene 3 9 14 731781 0 21 731781 1
gene 1 10 14 800000 0 22 800000 0
gene 1 11 14 453315 0 23 453315 1
gene 4 12 14 209661 0 24 209661 1
gene 3 1 15 -417468 0 25 -417468 1
gene 3 2 15 588840 0 26 588840 1
gene 3 3 15 202953 0 27 202953 1
gene 3 4 15 -715212 0 28 -715212 1
gene 3 5 15 419022 0 29 419022 1
gene 1 6 15 432999 0 30 432999 1
gene 3 7 15 188847 0 31 188847 1
gene 3 8 15 314760 0 32 314760 1
gene 3 9 15 -564677 0 33 -564677 1
gene 3 10 15 321498 0 34 321498 0
gene 2 11 15 83883 0 35 83883 1
gene 4 12 15 295506 0 36 295506 0
gene 4 15 15 -429723 1 174 -429723 1
gene 3 8 121 140148 0 329 140148 0
gene 3 121 15 721602 0 330 721602 0
gene 2 5 121 191889 0 438 191889 1
gene 2 7 121 -403824 0 483 -403824 0
gene 4 4 235 296442 0 666 296442 1
gene 4 235 14 428859 0 667 428859 0
gene 1 1 235 -716093 0 753 -716093 1
gene 3 9 235 345447 0 1108 345447 1
gene 3 10 384 -224928 0 1126 -224928 1
gene 3 384 15 -47391 0 1127 -47391 1
gene 2 14 14 -433266 1 1197 -433266 1
gene 3 7 420 -377910 0 1239 -377910 0
gene 3 420 15 83457 0 1240 83457 0
gene 3 2 433 -179613 0 1284 -179613 1
gene 3 433 13 -279984 0 1285 -279984 1
gene 4 3 461 6672 0 1352 6672 1
gene 4 461 14 -160545 0 1353 -160545 1
gene 4 15 500 -154188 1 1453 -154188 1
gene 4 500 15 800000 0 1454 800000 0
gene 1 8 516 800000 0 1500 800000 1
gene 1 516 14 334548 0 1501 334548 0
gene 1 384 121 526539 0 1548 526539 1
gene 2 8 461 -471672 0 1965 -471672 1
gene 3 3 697 -277833 0 2038 -277833 1
gene 3 697 15 -265302 0 2039 -265302 0
gene 2 1 500 -163095 0 2133 -163095 1
gene 1 3 433 -66897 0 2628 -66897 1
gene 1 516 516 307548 1 2664 307548 1
gene 3 8 1018 -294693 0 2997 -294693 1
gene 3 1018 121 -547212 0 2998 -547212 0
gene 3 15 433 800000 0 3156 800000 1
gene 2 10 1130 172398 0 3329 172398 1
gene 1 1130 14 -65502 0 3330 -65502 1
gene 3 500 697 -363213 0 3371 -363213 1
gene 2 3 516 194037 0 3603 194037 1
gene 2 9 1323 161424 0 3885 161424 0
gene 2 1323 14 544275 0 3886 544275 1
gene 2 121 420 -186672 0 3959 -186672 1
gene 2 8 1393 383670 0 4093 383670 1
gene 2 1393 13 -201597 0 4094 -201597 0
gene 1 11 1479 -387075 0 4325 -387075 1
gene 1 1479 14 25251 0 4326 25251 1
gene 4 12 1531 -201492 0 4477 -201492 1
gene 4 1531 15 -24921 0 4478 -24921 1
gene 3 1393 433 -121458 0 4734 -121458 1
gene 2 1323 1683 750845 0 4950 750845 1
gene 2 1683 14 -114709 0 4951 -114709 1
gene 3 6 1735 -800000 0 5103 -800000 1
gene 3 1735 14 36159 0 5104 36159 1
gene 1 5 516 175824 0 5346 175824 1
gene 1 516 433 -83850 0 5443 -83850 1
gene 3 2 1875 103739 0 5505 103739 1
gene 3 1875 433 274746 0 5506 274746 1
gene 1 1683 461 -775680 0 5687 -775680 1
gene 1 516 121 189012 0 5877 189012 1
gene 3 3 2034 590760 0 5939 590760 1
gene 3 2034 697 -214908 0 5940 -214908 1
gene 3 5 1479 -454770 0 6157 -454770 1
gene 3 7 2142 -229377 0 6248 -229377 1
gene 3 2142 420 -800000 0 6249 -800000 1
gene 3 420 2172 -57135 0 6332 -57135 1
gene 3 2172 15 -68031 0 6333 -68031 1
gene 2 1735 1735 381357 1 6388 381357 1
gene 2 8 2206 -425313 0 6436 -425313 1
gene 1 2206 1393 -297576 0 6437 -297576 1
gene 2 121 2313 283860 0 6747 283860 1
gene 2 2313 420 800000 0 6748 800000 1
gene 2 9 2332 162981 0 6797 162981 0
gene 2 2332 1323 616332 0 6798 616332 1
gene 4 1323 2034 -711896 0 6848 -711896 1
gene 2 7 2368 250218 0 6897 250218 1
gene 2 2368 121 273228 0 6898 273228 1
gene 2 384 1531 -435468 0 7018 -435468 1
gene 2 2142 1018 -236472 0 7205 -236472 1
gene 3 2206 2034 307241 0 7245 307241 1
gene 2 7 2491 -522753 0 7283 -522753 1
gene 2 2491 2368 400770 0 7284 400770 1
gene 2 5 2512 -38454 0 7337 -38454 1
gene 2 2512 13 -525890 0 7338 -525890 0
gene 2 10 2530 518325 0 7387 518325 1
gene 2 2530 13 -800000 0 7388 -800000 1
gene 3 9 2547 -293976 0 7440 -293976 1
gene 3 2547 13 -800000 0 7441 -800000 1
gene 2 2530 1479 603408 0 7594 603408 0
gene 1 1479 2692 95016 0 7856 95016 1
gene 1 2692 14 -399936 0 7857 -399936 1
gene 3 4 1130 36267 0 7980 36267 1
gene 4 3 2786 -288792 0 8132 -288792 1
gene 4 2786 14 -43608 0 8133 -43608 0
gene 4 2547 1735 116178 0 8311 116178 1
gene 3 2692 461 478593 0 8358 478593 1
gene 4 500 2912 -404529 0 8507 -404529 1
gene 1 2912 15 -612684 0 8508 -612684 1
gene 1 2912 1130 276204 0 8750 276204 1
gene 2 2142 3009 61830 0 8799 61830 1
gene 2 3009 1018 -200148 0 8800 -200148 0
gene 3 2034 2034 389229 1 8851 389229 1
gene 2 2512 3108 87717 0 9104 87717 1
gene 2 3108 13 562713 0 9105 562713 1
gene 1 2491 235 156657 0 9236 156657 1
gene 2 9 3213 -134601 0 9416 -134601 1
gene 2 3213 2332 -230829 0 9417 -230829 1
gene 1 516 3249 -212085 0 9516 -212085 1
gene 1 3249 14 -270543 0 9517 -270543 1
gene 2 1393 3336 -81408 0 9780 -81408 1
gene 2 3336 13 323481 0 9781 323481 1
gene 2 2530 3356 -539472 0 9835 -539472 1
gene 2 3356 1479 -475284 0 9836 -475284 1
gene 3 2034 3443 -298017 1 10105 -298017 1
gene 3 3443 2034 192360 0 10106 192360 1
gene 3 697 3469 262413 0 10184 262413 1
gene 3 3469 15 -76626 0 10185 -76626 1
gene 3 3009 3009 44472 1 10235 44472 1
gene 2 3009 3532 -522707 0 10378 -522707 1
gene 2 3532 1018 -643137 0 10379 -643137 1
gene 1 10 3658 -178272 0 10754 -178272 1
gene 1 3658 14 -101622 0 10755 -101622 1
gene 2 1393 1323 -555492 0 10793 -555492 0
gene 4 2786 3715 -234429 0 10952 -234429 1
gene 4 3715 14 -362568 0 10953 -362568 1
gene 4 235 3733 227955 0 10999 227955 1
gene 4 3733 14 198591 0 11000 198591 1
gene 4 3715 2912 436230 0 11218 436230 1
gene 2 1393 3835 216796 0 11287 216796 1
gene 2 3835 1323 -114477 0 11288 -114477 1
gene 3 121 3869 -125624 0 11385 -125624 1
gene 3 3869 15 800000 0 11386 800000 1
genomeend 5


/* Organism #6 Fitness: 210.000000 Time: 0 */
/* Position #6*/
#1 x: 19 y: 30
#2 x: 79 y: 23
#3 x: 49 y: 38
#4 x: 30 y: 80
#5 x: 48 y: 83
#6 x: 29 y: 76
genomestart 6
trait 1 78708.000000 100000.000000 6994.000000 0.000000 57524.000000 100000.000000 87908.000000 100000.000000 trait 2 7350.000000 88783.000000 70868.000000 0.000000 0.000000 0.000000 54579.000000 18399.000000 trait 3 0.000000 0.000000 44883.000000 65858.000000 41337.000000 0.000000 100000.000000 41343.000000 trait 4 4.000000 0.000000 0.000000 36940.000000 0.000000 0.000000 0.000000 37957.000000 node 1 4 1 3
node 2 4 1 1
node 3 1 1 1
node 4 1 1 1
node 5 1 1 1
node 6 2 1 1
node 7 4 1 1
node 8 4 1 1
node 9 2 1 1
node 10 1 1 1
node 11 2 1 1
node 12 4 1 1
node 13 2 0 2
node 14 1 0 2
node 15 3 0 2
node 121 1 0 0
node 235 1 0 0
node 384 2 0 0
node 420 1 0 0
node 433 1 0 0
node 461 1 0 0
node 500 1 0 0
node 516 1 0 0
node 697 3 0 0
node 1018 1 0 0
node 1130 1 0 0
node 1323 3 0 0
node 1393 1 0 0
node 1479 1 0 0
node 1531 3 0 0
node 1683 1 0 0
node 1735 2 0 0
node 1875 1 0 0
node 2034 1 0 0
node 2142 1 0 0
node 2172 1 0 0
node 2206 1 0 0
node 2313 1 0 0
node 2332 1 0 0
node 2368 1 0 0
node 2491 1 0 0
node 2512 1 0 0
node 2530 1 0 0
node 2547 1 0 0
node 2692 1 0 0
node 2786 1 0 0
node 2912 1 0 0
node 3009 1 0 0
node 3108 1 0 0
node 3213 1 0 0
node 3249 1 0 0
node 3336 1 0 0
node 3356 1 0 0
node 3443 1 0 0
node 3469 1 0 0
node 3532 1 0 0
node 3658 1 0 0
node 3715 1 0 0
node 3733 1 0 0
node 3835 1 0 0
node 3869 1 0 0
gene 2 1 13 -235974 0 1 -235974 1
gene 3 2 13 -27237 0 2 -27237 1
gene 2 3 13 -118143 0 3 -118143 1
gene 3 4 13 -190185 0 4 -190185 1
gene 2 5 13 -74208 0 5 -74208 0
gene 4 6 13 227193 0 6 227193 1
gene 3 7 13 56406 0 7 56406 1
gene 2 8 13 43473 0 8 43473 0
gene 3 9 13 19590 0 9 19590 1
gene 2 10 13 -192486 0 10 -192486 1
gene 2 11 13 251420 0 11 251420 1
gene 4 12 13 627936 0 12 627936 1
gene 2 1 14 523494 0 13 523494 1
gene 2 2 14 -443772 0 14 -443772 1
gene 4 3 14 -734682 0 15 -734682 0
gene 4 4 14 -62955 0 16 -62955 1
gene 4 5 14 -77880 0 17 -77880 1
gene 3 6 14 -440487 0 18 -440487 0
gene 2 7 14 -664271 0 19 -664271 1
gene 1 8 14 215661 0 20 215661 0
gene 3 9 14 588642 0 21 588642 1
gene 1 10 14 800000 0 22 800000 0
gene 1 11 14 321384 0 23 321384 1
gene 4 12 14 -31158 0 24 -31158 1
gene 3 1 15 -299115 0 25 -299115 1
gene 3 2 15 364959 0 26 364959 1
gene 3 3 15 140217 0 27 140217 1
gene 3 4 15 -580281 0 28 -580281 1
gene 3 5 15 344592 0 29 344592 1
gene 1 6 15 218826 0 30 218826 1
gene 3 7 15 397206 0 31 397206 1
gene 3 8 15 574821 0 32 574821 1
gene 3 9 15 -571358 0 33 -571358 1
gene 3 10 15 254631 0 34 254631 0
gene 2 11 15 -43068 0 35 -43068 1
gene 4 12 15 361425 0 36 361425 0
gene 4 15 15 -342516 1 174 -342516 1
gene 3 8 121 418260 0 329 418260 0
gene 3 121 15 627480 0 330 627480 0
gene 2 5 121 255306 0 438 255306 1
gene 2 7 121 -156729 0 483 -156729 0
gene 4 4 235 539052 0 666 539052 1
gene 4 235 14 374994 0 667 374994 0
gene 1 1 235 -513743 0 753 -513743 1
gene 3 9 235 135507 0 1108 135507 1
gene 3 10 384 74301 0 1126 74301 1
gene 3 384 15 -21975 0 1127 -21975 1
gene 2 14 14 -268308 1 1197 -268308 1
gene 3 7 420 -305397 0 1239 -305397 0
gene 3 420 15 85422 0 1240 85422 0
gene 3 2 433 -159444 0 1284 -159444 1
gene 3 433 13 -531228 0 1285 -531228 1
gene 4 3 461 -88986 0 1352 -88986 1
gene 4 461 14 51549 0 1353 51549 1
gene 4 15 500 -251502 1 1453 -251502 1
gene 4 500 15 800000 0 1454 800000 0
gene 1 8 516 672254 0 1500 672254 1
gene 1 516 14 517005 0 1501 517005 0
gene 1 384 121 470763 0 1548 470763 1
gene 2 8 461 -367311 0 1965 -367311 1
gene 3 3 697 -91827 0 2038 -91827 1
gene 3 697 15 34623 0 2039 34623 0
gene 2 1 500 128271 0 2133 128271 1
gene 1 3 433 220218 0 2628 220218 1
gene 1 516 516 462534 1 2664 462534 1
gene 3 8 1018 -286569 0 2997 -286569 1
gene 3 1018 121 -452703 0 2998 -452703 0
gene 3 15 433 800000 0 3156 800000 1
gene 2 10 1130 -9852 0 3329 -9852 1
gene 1 1130 14 96165 0 3330 96165 1
gene 3 500 697 -148491 0 3371 -148491 1
gene 2 3 516 124386 0 3603 124386 1
gene 2 9 1323 56133 0 3885 56133 0
gene 2 1323 14 382770 0 3886 382770 1
gene 2 121 420 101061 0 3959 101061 1
gene 2 8 1393 189903 0 4093 189903 1
gene 2 1393 13 -351606 0 4094 -351606 0
gene 1 11 1479 -201654 0 4325 -201654 1
gene 1 1479 14 233205 0 4326 233205 1
gene 4 12 1531 -232257 0 4477 -232257 1
gene 4 1531 15 -140808 0 4478 -140808 1
gene 3 1393 433 -29730 0 4734 -29730 1
gene 2 1323 1683 800000 0 4950 800000 1
gene 2 1683 14 -378481 0 4951 -378481 1
gene 3 6 1735 -800000 0 5103 -800000 1
gene 3 1735 14 47562 0 5104 47562 1
gene 1 5 516 18948 0 5346 18948 1
gene 1 516 433 4644 0 5443 4644 1
gene 3 2 1875 274805 0 5505 274805 1
gene 3 1875 433 199125 0 5506 199125 1
gene 1 1683 461 -630891 0 5687 -630891 1
gene 1 516 121 235788 0 5877 235788 1
gene 3 3 2034 379908 0 5939 379908 1
gene 3 2034 697 -251589 0 5940 -251589 1
gene 3 5 1479 -272733 0 6157 -272733 1
gene 3 7 2142 37407 0 6248 37407 1
gene 3 2142 420 -800000 0 6249 -800000 1
gene 3 420 2172 123027 0 6332 123027 1
gene 3 2172 15 -338763 0 6333 -338763 1
gene 2 1735 1735 254853 1 6388 254853 1
gene 2 8 2206 -477726 0 6436 -477726 1
gene 1 2206 1393 -556326 0 6437 -556326 1
gene 2 121 2313 146403 0 6747 146403 1
gene 2 2313 420 781455 0 6748 781455 1
gene 2 9 2332 103506 0 6797 103506 0
gene 2 2332 1323 578565 0 6798 578565 1
gene 4 1323 2034 -686345 0 6848 -686345 1
gene 2 7 2368 347970 0 6897 347970 1
gene 2 2368 121 212460 0 6898 212460 1
gene 2 384 1531 -518730 0 7018 -518730 1
gene 2 2142 1018 -415230 0 7205 -415230 1
gene 3 2206 2034 499067 0 7245 499067 1
gene 2 7 2491 -243684 0 7283 -243684 1
gene 2 2491 2368 290910 0 7284 290910 1
gene 2 5 2512 -243921 0 7337 -243921 1
gene 2 2512 13 -639944 0 7338 -639944 0
gene 2 10 2530 378618 0 7387 378618 1
gene 2 2530 13 -686742 0 7388 -686742 1
gene 3 9 2547 -193980 0 7440 -193980 1
gene 3 2547 13 -800000 0 7441 -800000 1
gene 2 2530 1479 399885 0 7594 399885 0
gene 1 1479 2692 123990 0 7856 123990 1
gene 1 2692 14 -117795 0 7857 -117795 1
gene 3 4 1130 120573 0 7980 120573 1
gene 4 3 2786 -175716 0 8132 -175716 1
gene 4 2786 14 167817 0 8133 167817 0
gene 4 2547 1735 197427 0 8311 197427 1
gene 3 2692 461 288330 0 8358 288330 1
gene 4 500 2912 -165072 0 8507 -165072 1
gene 1 2912 15 -359718 0 8508 -359718 1
gene 1 2912 1130 114960 0 8750 114960 1
gene 2 2142 3009 -212739 0 8799 -212739 1
gene 2 3009 1018 -200148 0 8800 -200148 0
gene 3 2034 2034 178953 1 8851 178953 1
gene 2 2512 3108 -77919 0 9104 -77919 1
gene 2 3108 13 402780 0 9105 402780 1
gene 1 2491 235 33534 0 9236 33534 1
gene 2 9 3213 -134601 0 9416 -134601 1
gene 2 3213 2332 -171894 0 9417 -171894 1
gene 1 516 3249 -212085 0 9516 -212085 1
gene 1 3249 14 -270543 0 9517 -270543 1
gene 2 1393 3336 152613 0 9780 152613 1
gene 2 3336 13 34200 0 9781 34200 1
gene 2 2530 3356 -539472 0 9835 -539472 1
gene 2 3356 1479 -475284 0 9836 -475284 1
gene 3 2034 3443 -22758 1 10105 -22758 1
gene 3 3443 2034 244623 0 10106 244623 1
gene 3 697 3469 87273 0 10184 87273 1
gene 3 3469 15 -76626 0 10185 -76626 1
gene 3 3009 3009 44472 1 10235 44472 1
gene 2 3009 3532 -522707 0 10378 -522707 1
gene 2 3532 1018 -621774 0 10379 -621774 1
gene 1 10 3658 -117411 0 10754 -117411 1
gene 1 3658 14 16497 0 10755 16497 1
gene 2 1393 1323 -272415 0 10793 -272415 0
gene 4 2786 3715 -31623 0 10952 -31623 1
gene 4 3715 14 -362568 0 10953 -362568 1
gene 4 235 3733 251712 0 10999 251712 1
gene 4 3733 14 198591 0 11000 198591 1
gene 4 3715 2912 205527 0 11218 205527 1
gene 2 1393 3835 248224 0 11287 248224 1
gene 2 3835 1323 -114477 0 11288 -114477 1
gene 3 121 3869 1 0 11385 0 1
gene 3 3869 15 627480 0 11386 0 1
gene 4 3715 3715 14752 1 11429 14752 1
genomeend 6


/* Organism #8 Fitness: 250.000000 Time: 0 */
/* Position #8*/
#1 x: 68 y: 33
#2 x: 80 y: 23
#3 x: 25 y: 28
#4 x: 52 y: 71
#5 x: 15 y: 65
#6 x: 26 y: 63
genomestart 8
trait 1 43007.000000 16300.000000 6994.000000 28041.000000 57524.000000 37112.000000 87908.000000 80535.000000 trait 2 53934.000000 43855.000000 93604.000000 100000.000000 47120.000000 72099.000000 50358.000000 78174.000000 trait 3 0.000000 0.000000 0.000000 51304.000000 0.000000 13538.000000 70969.000000 30146.000000 trait 4 4.000000 0.000000 0.000000 36940.000000 0.000000 0.000000 43316.000000 37957.000000 node 1 4 1 3
node 2 4 1 1
node 3 1 1 1
node 4 1 1 1
node 5 1 1 1
node 6 2 1 1
node 7 4 1 1
node 8 4 1 1
node 9 2 1 1
node 10 1 1 1
node 11 2 1 1
node 12 4 1 1
node 13 2 0 2
node 14 1 0 2
node 15 3 0 2
node 121 1 0 0
node 235 1 0 0
node 384 1 0 0
node 420 1 0 0
node 433 1 0 0
node 461 1 0 0
node 500 1 0 0
node 516 1 0 0
node 697 3 0 0
node 1018 1 0 0
node 1130 1 0 0
node 1323 3 0 0
node 1393 1 0 0
node 1479 1 0 0
node 1531 4 0 0
node 1683 1 0 0
node 1735 1 0 0
node 1875 1 0 0
node 2034 1 0 0
node 2142 1 0 0
node 2172 1 0 0
node 2206 1 0 0
node 2313 2 0 0
node 2332 1 0 0
node 2368 3 0 0
node 2491 1 0 0
node 2512 1 0 0
node 2530 1 0 0
node 2547 1 0 0
node 2692 1 0 0
node 2786 1 0 0
node 2915 3 0 0
node 3042 3 0 0
node 3079 1 0 0
node 3409 1 0 0
node 3511 1 0 0
node 3548 1 0 0
node 3653 1 0 0
node 3813 1 0 0
gene 2 1 13 65718 0 1 65718 1
gene 3 2 13 226413 0 2 226413 1
gene 2 3 13 -800000 0 3 -800000 1
gene 3 4 13 336048 0 4 336048 1
gene 2 5 13 176580 0 5 176580 0
gene 4 6 13 293916 0 6 293916 1
gene 3 7 13 -152490 0 7 -152490 1
gene 2 8 13 -16998 0 8 -16998 0
gene 3 9 13 -222270 0 9 -222270 1
gene 2 10 13 269832 0 10 269832 0
gene 2 11 13 800000 0 11 800000 1
gene 4 12 13 130896 0 12 130896 1
gene 2 1 14 32907 0 13 32907 1
gene 2 2 14 -13413 0 14 -13413 1
gene 4 3 14 343158 0 15 343158 1
gene 4 4 14 545688 0 16 545688 1
gene 4 5 14 -251883 0 17 -251883 1
gene 3 6 14 4302 0 18 4302 0
gene 2 7 14 -431967 0 19 -431967 1
gene 1 8 14 -391464 0 20 -391464 0
gene 3 9 14 -227268 0 21 -227268 1
gene 1 10 14 -359685 0 22 -359685 1
gene 1 11 14 -183873 0 23 -183873 1
gene 3 12 14 -213876 0 24 -213876 1
gene 3 1 15 424287 0 25 424287 1
gene 3 2 15 484419 0 26 484419 1
gene 3 3 15 350772 0 27 350772 0
gene 3 4 15 800000 0 28 800000 1
gene 3 5 15 -320379 0 29 -320379 1
gene 1 6 15 667466 0 30 667466 1
gene 3 7 15 1452 0 31 1452 1
gene 3 8 15 229482 0 32 229482 1
gene 3 9 15 800000 0 33 800000 1
gene 3 10 15 -394599 0 34 -394599 1
gene 2 11 15 41244 0 35 41244 1
gene 4 12 15 -23448 0 36 -23448 1
gene 4 15 15 -40116 1 174 -40116 1
gene 3 8 121 75153 0 329 75153 1
gene 3 121 15 -594092 0 330 -594092 1
gene 2 5 121 -599259 0 438 -599259 0
gene 2 7 121 143934 0 483 143934 0
gene 4 4 235 -27093 0 666 -27093 1
gene 4 235 14 -780042 0 667 -780042 1
gene 1 1 235 135771 0 753 135771 1
gene 3 9 235 -88743 0 1108 -88743 1
gene 3 10 384 -654006 0 1126 -654006 1
gene 3 384 15 154074 0 1127 154074 1
gene 2 14 14 89196 1 1197 89196 1
gene 3 7 420 110163 0 1239 110163 0
gene 3 420 15 -213855 0 1240 -213855 0
gene 3 2 433 691587 0 1284 691587 1
gene 3 433 13 680571 0 1285 680571 1
gene 4 3 461 -38448 0 1352 -38448 0
gene 4 461 14 672096 0 1353 672096 1
gene 4 15 500 -800000 1 1453 -800000 1
gene 4 500 15 -375750 0 1454 -375750 1
gene 1 8 516 -91617 0 1500 -91617 1
gene 1 516 14 180108 0 1501 180108 1
gene 1 384 121 800000 0 1548 800000 1
gene 2 8 461 230955 0 1965 230955 1
gene 3 3 697 -476997 0 2038 -476997 1
gene 3 697 15 -443262 0 2039 -443262 1
gene 2 1 500 552797 0 2133 552797 1
gene 1 3 433 800000 0 2628 800000 1
gene 1 516 516 -313266 1 2664 -313266 1
gene 3 8 1018 254868 0 2997 254868 1
gene 3 1018 121 -614445 0 2998 -614445 0
gene 3 15 433 -665565 0 3156 -665565 1
gene 1 10 1130 -511598 0 3329 -511598 1
gene 1 1130 14 -579021 0 3330 -579021 1
gene 3 500 697 57675 0 3371 57675 1
gene 2 3 516 -800000 0 3603 -800000 0
gene 2 9 1323 -800000 0 3885 -800000 0
gene 2 1323 14 96564 0 3886 96564 1
gene 2 121 420 -481290 0 3959 -481290 1
gene 2 8 1393 497682 0 4093 497682 1
gene 2 1393 13 -276015 0 4094 -276015 1
gene 1 11 1479 -800000 0 4325 -800000 1
gene 1 1479 14 -647919 0 4326 -647919 1
gene 4 12 1531 759 0 4477 759 1
gene 4 1531 15 -458687 0 4478 -458687 1
gene 3 1393 433 559968 0 4734 559968 1
gene 2 1323 1683 -345756 0 4950 -345756 1
gene 2 1683 14 27024 0 4951 27024 1
gene 3 6 1735 66624 0 5103 66624 1
gene 3 1735 14 -242463 0 5104 -242463 1
gene 1 5 516 324972 0 5346 324972 1
gene 1 516 433 -487212 0 5443 -487212 1
gene 3 2 1875 303870 0 5505 303870 1
gene 3 1875 433 -800000 0 5506 -800000 1
gene 1 1683 461 -800000 0 5687 -800000 1
gene 1 516 121 295497 0 5877 295497 1
gene 3 3 2034 -438078 0 5939 -438078 1
gene 3 2034 697 3867 0 5940 3867 1
gene 3 5 1479 -800000 0 6157 -800000 1
gene 3 7 2142 -128118 0 6248 -128118 1
gene 3 2142 420 -800000 0 6249 -800000 1
gene 3 420 2172 -584274 0 6332 -584274 1
gene 3 2172 15 584901 0 6333 584901 1
gene 2 1735 1735 -800000 1 6388 -800000 1
gene 2 8 2206 -225447 0 6436 -225447 1
gene 2 2206 1393 -295169 0 6437 -295169 1
gene 2 121 2313 248820 0 6747 248820 1
gene 2 2313 420 40062 0 6748 40062 1
gene 2 9 2332 -800000 0 6797 -800000 1
gene 2 2332 1323 572841 0 6798 572841 0
gene 4 1323 2034 -382851 0 6848 -382851 1
gene 2 7 2368 -369696 0 6897 -369696 1
gene 2 2368 121 163725 0 6898 163725 1
gene 2 384 1531 -536409 0 7018 -536409 1
gene 2 2142 1018 194187 0 7205 194187 1
gene 3 2206 2034 -335541 0 7245 -335541 1
gene 2 7 2491 268215 0 7283 268215 1
gene 2 2491 2368 -334230 0 7284 -334230 1
gene 2 5 2512 780264 0 7337 780264 1
gene 2 2512 13 -41130 0 7338 -41130 1
gene 2 10 2530 -734327 0 7387 -734327 1
gene 2 2530 13 -800000 0 7388 -800000 1
gene 3 9 2547 64893 0 7440 64893 1
gene 3 2547 13 -720366 0 7441 -720366 1
gene 2 2530 1479 -43467 0 7594 -43467 1
gene 1 1479 2692 274965 0 7856 274965 0
gene 1 2692 14 -141690 0 7857 -141690 1
gene 3 4 1130 339357 0 7980 339357 1
gene 4 3 2786 -231396 0 8132 -231396 1
gene 4 2786 14 -129522 0 8133 -129522 1
gene 3 384 384 241518 1 8429 241518 1
gene 2 3 2915 50334 0 8516 50334 1
gene 2 2915 516 599571 0 8517 599571 1
gene 4 433 433 -190455 1 8562 -190455 1
gene 2 2547 1479 31545 0 8709 31545 0
gene 3 2206 1683 223494 0 8777 223494 0
gene 2 5 3042 -39243 0 8890 -39243 1
gene 2 3042 121 -386598 0 8891 -386598 1
gene 1 1479 3079 -75330 0 9004 -75330 1
gene 1 3079 2692 25770 0 9005 25770 1
gene 4 516 2547 -51387 0 9030 -51387 1
gene 3 1875 2915 283716 0 9219 283716 1
gene 2 2 420 33705 0 9364 33705 1
gene 2 1735 1531 648225 0 9549 648225 1
gene 4 9 697 -291153 0 9875 -291153 1
gene 4 12 2786 -332385 0 9948 -332385 1
gene 2 2547 3409 578196 0 10007 578196 1
gene 2 3409 1479 -729075 0 10008 -729075 1
gene 2 8 500 23415 0 10064 23415 1
gene 3 2206 3511 288465 0 10310 288465 1
gene 3 3511 1683 406434 0 10311 406434 1
gene 2 2332 3548 -18588 0 10423 -18588 1
gene 2 3548 1323 -142629 0 10424 -142629 0
gene 2 3548 3653 -147378 0 10741 -147378 1
gene 2 3653 1323 219852 0 10742 219852 1
gene 4 1393 3042 -419218 0 10907 -419218 1
gene 4 3 3813 184533 0 11225 184533 1
gene 4 3813 461 -14961 0 11226 -14961 1
gene 2 11 697 24029 0 11389 24029 1
gene 3 121 13 67729 0 11432 67729 1
genomeend 8


/* Organism #10 Fitness: 220.000000 Time: 0 */
/* Position #10*/
#1 x: 49 y: 21
#2 x: 37 y: 37
#3 x: 58 y: 27
#4 x: 53 y: 76
#5 x: 66 y: 76
#6 x: 64 y: 76
genomestart 10
trait 1 78708.000000 100000.000000 6994.000000 0.000000 57524.000000 100000.000000 87908.000000 100000.000000 trait 2 30533.000000 24215.000000 70868.000000 0.000000 0.000000 0.000000 0.000000 18399.000000 trait 3 0.000000 0.000000 44883.000000 65858.000000 41337.000000 0.000000 100000.000000 41343.000000 trait 4 4.000000 0.000000 0.000000 36940.000000 0.000000 0.000000 0.000000 37957.000000 node 1 4 1 3
node 2 4 1 1
node 3 1 1 1
node 4 1 1 1
node 5 1 1 1
node 6 2 1 1
node 7 4 1 1
node 8 4 1 1
node 9 2 1 1
node 10 1 1 1
node 11 2 1 1
node 12 4 1 1
node 13 2 0 2
node 14 1 0 2
node 15 3 0 2
node 121 1 0 0
node 235 1 0 0
node 384 2 0 0
node 420 1 0 0
node 433 1 0 0
node 461 1 0 0
node 500 1 0 0
node 516 1 0 0
node 697 3 0 0
node 1018 1 0 0
node 1130 1 0 0
node 1323 3 0 0
node 1393 1 0 0
node 1479 1 0 0
node 1531 3 0 0
node 1683 1 0 0
node 1735 1 0 0
node 1875 1 0 0
node 2034 1 0 0
node 2142 1 0 0
node 2172 1 0 0
node 2206 1 0 0
node 2313 1 0 0
node 2332 1 0 0
node 2368 4 0 0
node 2491 1 0 0
node 2512 1 0 0
node 2530 1 0 0
node 2547 1 0 0
node 2692 1 0 0
node 2786 1 0 0
node 2912 1 0 0
node 3009 1 0 0
node 3108 1 0 0
node 3213 1 0 0
node 3249 1 0 0
node 3336 1 0 0
node 3356 1 0 0
node 3443 1 0 0
node 3469 1 0 0
node 3532 1 0 0
node 3792 1 0 0
gene 2 1 13 -800000 0 1 -800000 1
gene 3 2 13 800000 0 2 800000 1
gene 2 3 13 451518 0 3 451518 1
gene 3 4 13 541520 0 4 541520 1
gene 2 5 13 -569598 0 5 -569598 0
gene 4 6 13 447270 0 6 447270 1
gene 3 7 13 -396949 0 7 -396949 1
gene 2 8 13 -731163 0 8 -731163 0
gene 3 9 13 -195423 0 9 -195423 1
gene 2 10 13 21855 0 10 21855 1
gene 2 11 13 14391 0 11 14391 1
gene 4 12 13 -204330 0 12 -204330 1
gene 2 1 14 -622668 0 13 -622668 1
gene 2 2 14 201189 0 14 201189 1
gene 4 3 14 423708 0 15 423708 0
gene 4 4 14 550692 0 16 550692 1
gene 4 5 14 -776307 0 17 -776307 1
gene 3 6 14 -46851 0 18 -46851 0
gene 2 7 14 -157662 0 19 -157662 1
gene 1 8 14 -387279 0 20 -387279 0
gene 3 9 14 -476643 0 21 -476643 1
gene 1 10 14 -429969 0 22 -429969 1
gene 1 11 14 -376479 0 23 -376479 1
gene 4 12 14 -66678 0 24 -66678 1
gene 3 1 15 -299109 0 25 -299109 1
gene 3 2 15 -595413 0 26 -595413 1
gene 3 3 15 -505072 0 27 -505072 1
gene 3 4 15 -800000 0 28 -800000 1
gene 3 5 15 220238 0 29 220238 1
gene 1 6 15 -434220 0 30 -434220 1
gene 3 7 15 -433473 0 31 -433473 1
gene 3 8 15 102039 0 32 102039 1
gene 3 9 15 68220 0 33 68220 1
gene 3 10 15 -800000 0 34 -800000 0
gene 2 11 15 -554597 0 35 -554597 1
gene 4 12 15 -204822 0 36 -204822 0
gene 4 15 15 -327597 1 174 -327597 1
gene 3 8 121 -181806 0 329 -181806 0
gene 3 121 15 -465531 0 330 -465531 1
gene 2 5 121 27846 0 438 27846 1
gene 2 7 121 -660083 0 483 -660083 0
gene 4 4 235 562112 0 666 562112 1
gene 4 235 14 5754 0 667 5754 1
gene 1 1 235 296499 0 753 296499 1
gene 3 9 235 99117 0 1108 99117 1
gene 3 10 384 -581900 0 1126 -581900 1
gene 3 384 15 159465 0 1127 159465 1
gene 2 14 14 771864 1 1197 771864 1
gene 3 7 420 -703878 0 1239 -703878 0
gene 3 420 15 -167376 0 1240 -167376 0
gene 3 2 433 -411639 0 1284 -411639 1
gene 3 433 13 34344 0 1285 34344 1
gene 4 3 461 -618137 0 1352 -618137 1
gene 4 461 14 -483906 0 1353 -483906 1
gene 4 15 500 84516 1 1453 84516 1
gene 4 500 15 467223 0 1454 467223 0
gene 1 8 516 -69876 0 1500 -69876 1
gene 1 516 14 342831 0 1501 342831 0
gene 1 384 121 52932 0 1548 52932 1
gene 2 8 461 462857 0 1965 462857 1
gene 3 3 697 21369 0 2038 21369 1
gene 3 697 15 538121 0 2039 538121 0
gene 2 1 500 -592914 0 2133 -592914 1
gene 1 3 433 -99030 0 2628 -99030 1
gene 1 516 516 -800000 1 2664 -800000 1
gene 3 8 1018 -613776 0 2997 -613776 1
gene 3 1018 121 -394722 0 2998 -394722 0
gene 3 15 433 631418 0 3156 631418 1
gene 2 10 1130 374994 0 3329 374994 1
gene 1 1130 14 392283 0 3330 392283 1
gene 3 500 697 -215571 0 3371 -215571 1
gene 2 3 516 -674076 0 3603 -674076 1
gene 2 9 1323 44544 0 3885 44544 0
gene 2 1323 14 -281850 0 3886 -281850 1
gene 2 121 420 -630845 0 3959 -630845 1
gene 2 8 1393 27039 0 4093 27039 1
gene 2 1393 13 -311439 0 4094 -311439 0
gene 1 11 1479 160833 0 4325 160833 1
gene 4 1479 14 272100 0 4326 272100 1
gene 4 12 1531 -236670 0 4477 -236670 1
gene 4 1531 15 105255 0 4478 105255 1
gene 3 1393 433 -289941 0 4734 -289941 1
gene 2 1323 1683 -73344 0 4950 -73344 1
gene 2 1683 14 -344190 0 4951 -344190 1
gene 3 6 1735 -322245 0 5103 -322245 1
gene 3 1735 14 -343680 0 5104 -343680 1
gene 1 5 516 -85053 0 5346 -85053 1
gene 1 516 433 -168147 0 5443 -168147 1
gene 3 2 1875 396059 0 5505 396059 1
gene 3 1875 433 -718104 0 5506 -718104 1
gene 1 1683 461 -477558 0 5687 -477558 1
gene 1 516 121 -609000 0 5877 -609000 1
gene 3 3 2034 -526640 0 5939 -526640 1
gene 3 2034 697 237936 0 5940 237936 1
gene 3 5 1479 503046 0 6157 503046 1
gene 3 7 2142 -800000 0 6248 -800000 1
gene 3 2142 420 596957 0 6249 596957 1
gene 3 420 2172 -554753 0 6332 -554753 1
gene 3 2172 15 142665 0 6333 142665 1
gene 2 1735 1735 434976 1 6388 434976 1
gene 2 8 2206 -51138 0 6436 -51138 1
gene 1 2206 1393 303696 0 6437 303696 0
gene 2 121 2313 548400 0 6747 548400 1
gene 2 2313 420 687981 0 6748 687981 1
gene 2 9 2332 -190980 0 6797 -190980 0
gene 2 2332 1323 -222717 0 6798 -222717 1
gene 4 1323 2034 -264878 0 6848 -264878 1
gene 2 7 2368 536526 0 6897 536526 1
gene 2 2368 121 800000 0 6898 800000 1
gene 2 384 1531 -297423 0 7018 -297423 1
gene 2 2142 1018 546833 0 7205 546833 1
gene 3 2206 2034 -491457 0 7245 -491457 1
gene 2 7 2491 281310 0 7283 281310 1
gene 2 2491 2368 301623 0 7284 301623 1
gene 2 5 2512 245976 0 7337 245976 1
gene 2 2512 13 93253 0 7338 93253 0
gene 2 10 2530 -17259 0 7387 -17259 1
gene 2 2530 13 -29337 0 7388 -29337 1
gene 3 9 2547 501314 0 7440 501314 1
gene 3 2547 13 800000 0 7441 800000 1
gene 2 2530 1479 -633584 0 7594 -633584 0
gene 1 1479 2692 621330 0 7856 621330 1
gene 1 2692 14 -198990 0 7857 -198990 1
gene 3 4 1130 207363 0 7980 207363 1
gene 4 3 2786 25308 0 8132 25308 1
gene 4 2786 14 154152 0 8133 154152 1
gene 4 2547 1735 -8511 0 8311 -8511 1
gene 3 2692 461 573807 0 8358 573807 1
gene 4 500 2912 262293 0 8507 262293 1
gene 1 2912 15 -99939 0 8508 -99939 1
gene 1 2912 1130 -81324 0 8750 -81324 1
gene 2 2142 3009 -797466 0 8799 -797466 1
gene 2 3009 1018 271878 0 8800 271878 0
gene 3 2034 2034 -297012 1 8851 -297012 1
gene 2 2512 3108 169365 0 9104 169365 1
gene 2 3108 13 291645 0 9105 291645 1
gene 1 2491 235 -156855 0 9236 -156855 1
gene 2 9 3213 96453 0 9416 96453 1
gene 2 3213 2332 98694 0 9417 98694 1
gene 1 516 3249 -467499 0 9516 -467499 1
gene 1 3249 14 -128100 0 9517 -128100 1
gene 2 1393 3336 -800000 0 9780 -800000 1
gene 2 3336 13 194325 0 9781 194325 1
gene 2 2530 3356 -213525 0 9835 -213525 1
gene 2 3356 1479 -87633 0 9836 -87633 1
gene 3 2034 3443 -223941 1 10105 -223941 1
gene 3 3443 2034 428229 0 10106 428229 1
gene 3 697 3469 383148 0 10184 383148 1
gene 3 3469 15 -213093 0 10185 -213093 1
gene 3 3009 3009 275787 1 10235 275787 1
gene 2 3009 3532 -230253 0 10378 -230253 1
gene 2 3532 1018 131598 0 10379 131598 1
gene 3 3108 2142 800000 0 10666 800000 1
gene 4 2313 3336 -425040 0 10820 -425040 1
gene 1 3009 516 -229734 0 10909 -229734 1
gene 1 2206 3792 203493 0 11168 203493 1
gene 1 3792 1393 -20118 0 11169 -20118 1
genomeend 10


/* Organism #16 Fitness: 310.000000 Time: 0 */
/* Position #16*/
#1 x: 40 y: 21
#2 x: 81 y: 18
#3 x: 37 y: 24
#4 x: 53 y: 81
#5 x: 78 y: 69
#6 x: 68 y: 68
genomestart 16
trait 1 43007.000000 16300.000000 6994.000000 28041.000000 57524.000000 37112.000000 87908.000000 80535.000000 trait 2 0.000000 0.000000 100000.000000 95786.000000 51940.000000 0.000000 0.000000 62181.000000 trait 3 0.000000 0.000000 0.000000 51304.000000 0.000000 13538.000000 70969.000000 30146.000000 trait 4 4.000000 0.000000 79338.000000 27432.000000 0.000000 0.000000 61142.000000 0.000000 node 1 4 1 3
node 2 4 1 1
node 3 1 1 1
node 4 1 1 1
node 5 1 1 1
node 6 2 1 1
node 7 4 1 1
node 8 4 1 1
node 9 2 1 1
node 10 1 1 1
node 11 2 1 1
node 12 4 1 1
node 13 2 0 2
node 14 1 0 2
node 15 3 0 2
node 121 1 0 0
node 235 1 0 0
node 384 1 0 0
node 420 1 0 0
node 433 1 0 0
node 461 1 0 0
node 500 1 0 0
node 516 1 0 0
node 697 3 0 0
node 1018 1 0 0
node 1130 1 0 0
node 1323 3 0 0
node 1393 1 0 0
node 1479 1 0 0
node 1531 4 0 0
node 1683 1 0 0
node 1735 1 0 0
node 1875 1 0 0
node 2034 1 0 0
node 2142 1 0 0
node 2172 1 0 0
node 2206 1 0 0
node 2313 1 0 0
node 2332 1 0 0
node 2368 3 0 0
node 2491 1 0 0
node 2512 1 0 0
node 2530 1 0 0
node 2547 1 0 0
node 2692 1 0 0
node 2786 1 0 0
node 2915 1 0 0
node 3042 1 0 0
node 3079 1 0 0
node 3409 1 0 0
node 3542 1 0 0
node 3555 1 0 0
node 3590 1 0 0
node 3734 1 0 0
node 3847 1 0 0
node 3873 1 0 0
gene 2 1 13 -316755 0 1 -316755 1
gene 3 2 13 641513 0 2 641513 1
gene 2 3 13 -239517 0 3 -239517 1
gene 3 4 13 28371 0 4 28371 1
gene 2 5 13 84600 0 5 84600 0
gene 4 6 13 -663711 0 6 -663711 1
gene 3 7 13 602483 0 7 602483 1
gene 2 8 13 215379 0 8 215379 0
gene 3 9 13 -561251 0 9 -561251 1
gene 2 10 13 8865 0 10 8865 0
gene 2 11 13 251439 0 11 251439 1
gene 4 12 13 77060 0 12 77060 1
gene 2 1 14 -71253 0 13 -71253 1
gene 2 2 14 800000 0 14 800000 1
gene 4 3 14 -174162 0 15 -174162 1
gene 4 4 14 710390 0 16 710390 1
gene 4 5 14 380616 0 17 380616 1
gene 3 6 14 -313611 0 18 -313611 0
gene 2 7 14 445068 0 19 445068 1
gene 1 8 14 347094 0 20 347094 0
gene 3 9 14 608382 0 21 608382 1
gene 1 10 14 54264 0 22 54264 1
gene 1 11 14 2304 0 23 2304 1
gene 3 12 14 -267660 0 24 -267660 1
gene 3 1 15 246099 0 25 246099 1
gene 3 2 15 576680 0 26 576680 1
gene 3 3 15 313158 0 27 313158 0
gene 3 4 15 157380 0 28 157380 1
gene 3 5 15 522024 0 29 522024 1
gene 1 6 15 -294827 0 30 -294827 1
gene 3 7 15 -232569 0 31 -232569 1
gene 3 8 15 -166464 0 32 -166464 1
gene 3 9 15 177930 0 33 177930 1
gene 3 10 15 81360 0 34 81360 1
gene 2 11 15 189825 0 35 189825 1
gene 4 12 15 -332772 0 36 -332772 1
gene 4 15 15 262410 1 174 262410 1
gene 3 8 121 -161004 0 329 -161004 0
gene 3 121 15 -170538 0 330 -170538 1
gene 2 5 121 111543 0 438 111543 0
gene 2 7 121 182910 0 483 182910 0
gene 4 4 235 298116 0 666 298116 1
gene 4 235 14 -169119 0 667 -169119 1
gene 1 1 235 -708522 0 753 -708522 1
gene 3 9 235 -48672 0 1108 -48672 1
gene 3 10 384 149736 0 1126 149736 1
gene 3 384 15 -49488 0 1127 -49488 1
gene 2 14 14 241923 1 1197 241923 1
gene 3 7 420 65061 0 1239 65061 0
gene 3 420 15 710561 0 1240 710561 0
gene 3 2 433 -800000 0 1284 -800000 0
gene 3 433 13 473124 0 1285 473124 1
gene 4 3 461 -59520 0 1352 -59520 1
gene 4 461 14 766374 0 1353 766374 1
gene 4 15 500 -800000 1 1453 -800000 1
gene 4 500 15 -358665 0 1454 -358665 1
gene 1 8 516 78294 0 1500 78294 1
gene 1 516 14 -246081 0 1501 -246081 1
gene 1 384 121 -320136 0 1548 -320136 1
gene 2 8 461 459855 0 1965 459855 1
gene 3 3 697 -342276 0 2038 -342276 1
gene 3 697 15 147003 0 2039 147003 1
gene 2 1 500 348335 0 2133 348335 1
gene 1 3 433 262269 0 2628 262269 1
gene 1 516 516 -506930 1 2664 -506930 1
gene 3 8 1018 119730 0 2997 119730 1
gene 3 1018 121 -698097 0 2998 -698097 0
gene 3 15 433 -530892 0 3156 -530892 1
gene 1 10 1130 -384996 0 3329 -384996 1
gene 1 1130 14 800000 0 3330 800000 1
gene 3 500 697 359829 0 3371 359829 1
gene 2 3 516 -800000 0 3603 -800000 0
gene 2 9 1323 -194253 0 3885 -194253 0
gene 2 1323 14 582740 0 3886 582740 1
gene 2 121 420 -176859 0 3959 -176859 1
gene 2 8 1393 -84054 0 4093 -84054 1
gene 2 1393 13 -544526 0 4094 -544526 1
gene 1 11 1479 -80607 0 4325 -80607 1
gene 1 1479 14 -269991 0 4326 -269991 1
gene 1 12 1531 -172857 0 4477 -172857 1
gene 4 1531 15 -379086 0 4478 -379086 1
gene 3 1393 433 78687 0 4734 78687 1
gene 2 1323 1683 141786 0 4950 141786 1
gene 2 1683 14 -520856 0 4951 -520856 1
gene 3 6 1735 -123657 0 5103 -123657 1
gene 3 1735 14 -301881 0 5104 -301881 1
gene 1 5 516 -271506 0 5346 -271506 1
gene 1 516 433 -328665 0 5443 -328665 1
gene 3 2 1875 58452 0 5505 58452 1
gene 3 1875 433 -30603 0 5506 -30603 1
gene 1 1683 461 506916 0 5687 506916 1
gene 1 516 121 157467 0 5877 157467 1
gene 3 3 2034 -108375 0 5939 -108375 1
gene 3 2034 697 566340 0 5940 566340 1
gene 3 5 1479 -302691 0 6157 -302691 1
gene 3 7 2142 131688 0 6248 131688 1
gene 3 2142 420 528024 0 6249 528024 1
gene 3 420 2172 173004 0 6332 173004 1
gene 3 2172 15 557039 0 6333 557039 1
gene 2 1735 1735 -473616 1 6388 -473616 1
gene 2 8 2206 568512 0 6436 568512 1
gene 2 2206 1393 691637 0 6437 691637 1
gene 2 121 2313 -800000 0 6747 -800000 1
gene 2 2313 420 -17550 0 6748 -17550 1
gene 2 9 2332 -60930 0 6797 -60930 0
gene 2 2332 1323 365793 0 6798 365793 1
gene 4 1323 2034 80937 0 6848 80937 1
gene 2 7 2368 -186720 0 6897 -186720 1
gene 2 2368 121 436245 0 6898 436245 1
gene 2 384 1531 376830 0 7018 376830 1
gene 2 2142 1018 -105021 0 7205 -105021 1
gene 3 2206 2034 4287 0 7245 4287 1
gene 2 7 2491 452729 0 7283 452729 1
gene 2 2491 2368 -61476 0 7284 -61476 1
gene 2 5 2512 12333 0 7337 12333 1
gene 2 2512 13 -227070 0 7338 -227070 1
gene 2 10 2530 796518 0 7387 796518 1
gene 2 2530 13 -543270 0 7388 -543270 1
gene 3 9 2547 -194871 0 7440 -194871 0
gene 3 2547 13 -517199 0 7441 -517199 1
gene 2 2530 1479 5823 0 7594 5823 1
gene 1 1479 2692 -412911 0 7856 -412911 0
gene 1 2692 14 -353562 0 7857 -353562 1
gene 3 4 1130 -800000 0 7980 -800000 1
gene 4 3 2786 11667 0 8132 11667 0
gene 4 2786 14 -39645 0 8133 -39645 1
gene 3 384 384 132282 1 8429 132282 1
gene 2 3 2915 592593 0 8516 592593 1
gene 2 2915 516 -691431 0 8517 -691431 1
gene 4 433 433 -61617 1 8562 -61617 1
gene 2 2547 1479 239985 0 8709 239985 0
gene 3 2206 1683 -231489 0 8777 -231489 1
gene 2 5 3042 323031 0 8890 323031 1
gene 2 3042 121 -676581 0 8891 -676581 1
gene 1 1479 3079 -800000 0 9004 -800000 1
gene 1 3079 2692 -161148 0 9005 -161148 1
gene 4 516 2547 25326 0 9030 25326 0
gene 3 1875 2915 76497 0 9219 76497 1
gene 2 2 420 -89823 0 9364 -89823 1
gene 2 1735 1531 -95547 0 9549 -95547 1
gene 4 9 697 386685 0 9875 386685 1
gene 4 12 2786 750035 0 9948 750035 1
gene 2 2547 3409 -153696 0 10007 -153696 1
gene 2 3409 1479 -243798 0 10008 -243798 1
gene 2 2206 2206 42396 1 10238 42396 1
gene 3 1018 516 628663 0 10356 628663 1
gene 4 516 3542 112494 0 10405 112494 1
gene 4 3542 2547 -307125 0 10406 -307125 1
gene 2 9 3555 -366006 0 10451 -366006 1
gene 3 3555 2547 -25818 0 10452 -25818 1
gene 3 2206 2915 -40170 0 10490 -40170 1
gene 2 9 3590 59793 0 10547 59793 1
gene 2 3590 2332 66003 0 10548 66003 1
gene 1 1735 2692 70116 0 10681 70116 1
gene 3 2 3734 239245 0 11002 239245 1
gene 3 3734 433 -206877 0 11003 -206877 1
gene 4 3 3847 116311 0 11320 116311 1
gene 4 3847 2786 13707 0 11321 13707 1
gene 3 8 3873 1 0 11398 1 1
gene 3 3873 121 65850 0 11399 65850 1
genomeend 16


/* Organism #24 Fitness: 270.000000 Time: 0 */
/* Position #24*/
#1 x: 51 y: 30
#2 x: 66 y: 20
#3 x: 41 y: 40
#4 x: 61 y: 63
#5 x: 56 y: 65
#6 x: 29 y: 79
genomestart 24
trait 1 70953.000000 16300.000000 24688.000000 28041.000000 37643.000000 0.000000 100000.000000 31227.000000 trait 2 30533.000000 24215.000000 70868.000000 0.000000 0.000000 0.000000 0.000000 18399.000000 trait 3 0.000000 83419.000000 0.000000 65858.000000 0.000000 0.000000 100000.000000 41343.000000 trait 4 26570.000000 0.000000 0.000000 0.000000 0.000000 76740.000000 67190.000000 100000.000000 node 1 4 1 3
node 2 4 1 1
node 3 1 1 1
node 4 1 1 1
node 5 1 1 1
node 6 2 1 1
node 7 4 1 1
node 8 4 1 1
node 9 2 1 1
node 10 1 1 1
node 11 2 1 1
node 12 4 1 1
node 13 2 0 2
node 14 1 0 2
node 15 3 0 2
node 121 1 0 0
node 235 1 0 0
node 384 1 0 0
node 420 1 0 0
node 433 1 0 0
node 461 1 0 0
node 500 1 0 0
node 516 1 0 0
node 697 3 0 0
node 1018 1 0 0
node 1130 1 0 0
node 1323 3 0 0
node 1393 1 0 0
node 1479 1 0 0
node 1531 3 0 0
node 1683 1 0 0
node 1735 1 0 0
node 1875 1 0 0
node 2034 1 0 0
node 2142 1 0 0
node 2172 1 0 0
node 2206 1 0 0
node 2313 1 0 0
node 2332 1 0 0
node 2368 4 0 0
node 2491 1 0 0
node 2512 1 0 0
node 2530 1 0 0
node 2547 1 0 0
node 2692 1 0 0
node 2786 1 0 0
node 2912 1 0 0
node 3009 1 0 0
node 3109 1 0 0
node 3157 1 0 0
node 3182 1 0 0
node 3270 1 0 0
node 3412 1 0 0
node 3599 1 0 0
node 3705 1 0 0
node 3728 1 0 0
node 3814 1 0 0
gene 2 1 13 -351278 0 1 -351278 1
gene 3 2 13 -329453 0 2 -329453 1
gene 2 3 13 -15426 0 3 -15426 1
gene 3 4 13 -576665 0 4 -576665 1
gene 2 5 13 -467862 0 5 -467862 0
gene 4 6 13 656814 0 6 656814 1
gene 3 7 13 39597 0 7 39597 1
gene 2 8 13 275421 0 8 275421 0
gene 3 9 13 -456714 0 9 -456714 1
gene 2 10 13 150999 0 10 150999 0
gene 2 11 13 -418215 0 11 -418215 1
gene 4 12 13 53625 0 12 53625 1
gene 2 1 14 177831 0 13 177831 1
gene 2 2 14 -800000 0 14 -800000 1
gene 4 3 14 133797 0 15 133797 0
gene 4 4 14 128264 0 16 128264 0
gene 4 5 14 -480468 0 17 -480468 1
gene 3 6 14 64191 0 18 64191 0
gene 2 7 14 800000 0 19 800000 1
gene 3 8 14 -20043 0 20 -20043 0
gene 3 9 14 -637643 0 21 -637643 1
gene 1 10 14 734960 0 22 734960 0
gene 1 11 14 351636 0 23 351636 1
gene 4 12 14 -409395 0 24 -409395 1
gene 3 1 15 -98380 0 25 -98380 1
gene 3 2 15 331032 0 26 331032 1
gene 3 3 15 -58524 0 27 -58524 0
gene 3 4 15 800000 0 28 800000 1
gene 3 5 15 621206 0 29 621206 1
gene 1 6 15 -384333 0 30 -384333 1
gene 3 7 15 438438 0 31 438438 1
gene 3 8 15 800000 0 32 800000 1
gene 3 9 15 293033 0 33 293033 1
gene 3 10 15 -89959 0 34 -89959 0
gene 2 11 15 -515361 0 35 -515361 0
gene 4 12 15 -33747 0 36 -33747 0
gene 4 15 15 124094 1 174 124094 0
gene 3 8 121 3243 0 329 3243 0
gene 3 121 15 -800000 0 330 -800000 1
gene 2 5 121 466812 0 438 466812 1
gene 2 7 121 -60999 0 483 -60999 0
gene 4 4 235 -604719 0 666 -604719 1
gene 4 235 14 340179 0 667 340179 1
gene 1 1 235 800000 0 753 800000 1
gene 3 9 235 165123 0 1108 165123 1
gene 3 10 384 37176 0 1126 37176 1
gene 3 384 15 502389 0 1127 502389 1
gene 2 14 14 -373358 1 1197 -373358 1
gene 3 7 420 135750 0 1239 135750 0
gene 3 420 15 -589815 0 1240 -589815 0
gene 3 2 433 303999 0 1284 303999 1
gene 3 433 13 -667239 0 1285 -667239 1
gene 4 3 461 57840 0 1352 57840 1
gene 4 461 14 -606678 0 1353 -606678 1
gene 4 15 500 641199 1 1453 641199 1
gene 4 500 15 208221 0 1454 208221 0
gene 1 8 516 -167508 0 1500 -167508 1
gene 1 516 14 -465516 0 1501 -465516 1
gene 1 384 121 711836 0 1548 711836 1
gene 2 8 461 285387 0 1965 285387 1
gene 3 3 697 -800000 0 2038 -800000 0
gene 3 697 15 -113457 0 2039 -113457 1
gene 2 1 500 -800000 0 2133 -800000 1
gene 1 3 433 700698 0 2628 700698 1
gene 1 516 516 -778269 1 2664 -778269 0
gene 3 8 1018 -187491 0 2997 -187491 1
gene 3 1018 121 790355 0 2998 790355 0
gene 3 15 433 209067 0 3156 209067 1
gene 1 10 1130 54594 0 3329 54594 1
gene 1 1130 14 -800000 0 3330 -800000 1
gene 3 500 697 -376536 0 3371 -376536 1
gene 2 3 516 396555 0 3603 396555 1
gene 2 9 1323 -82416 0 3885 -82416 0
gene 2 1323 14 -685286 0 3886 -685286 0
gene 2 121 420 -57120 0 3959 -57120 1
gene 2 8 1393 625563 0 4093 625563 1
gene 2 1393 13 -108075 0 4094 -108075 1
gene 1 11 1479 70839 0 4325 70839 1
gene 1 1479 14 169703 0 4326 169703 1
gene 4 12 1531 453281 0 4477 453281 1
gene 4 1531 15 -620873 0 4478 -620873 1
gene 3 1393 433 27141 0 4734 27141 1
gene 2 1323 1683 205566 0 4950 205566 1
gene 2 1683 14 -415992 0 4951 -415992 1
gene 3 6 1735 509384 0 5103 509384 1
gene 3 1735 14 -213003 0 5104 -213003 0
gene 1 5 516 -783722 0 5346 -783722 1
gene 1 516 433 -32829 0 5443 -32829 1
gene 3 2 1875 800000 0 5505 800000 1
gene 3 1875 433 118860 0 5506 118860 1
gene 1 1683 461 353421 0 5687 353421 1
gene 1 516 121 -596598 0 5877 -596598 1
gene 3 3 2034 -262953 0 5939 -262953 1
gene 3 2034 697 -236459 0 5940 -236459 1
gene 3 5 1479 -390837 0 6157 -390837 1
gene 3 7 2142 599607 0 6248 599607 1
gene 3 2142 420 180097 0 6249 180097 1
gene 3 420 2172 -38127 0 6332 -38127 1
gene 3 2172 15 355110 0 6333 355110 1
gene 2 1735 1735 -251074 1 6388 -251074 1
gene 2 8 2206 -191545 0 6436 -191545 1
gene 2 2206 1393 719889 0 6437 719889 1
gene 2 121 2313 104724 0 6747 104724 1
gene 2 2313 420 492375 0 6748 492375 1
gene 2 9 2332 -226083 0 6797 -226083 1
gene 2 2332 1323 -240573 0 6798 -240573 1
gene 4 1323 2034 10647 0 6848 10647 1
gene 2 7 2368 551388 0 6897 551388 1
gene 2 2368 121 -362690 0 6898 -362690 1
gene 2 384 1531 308133 0 7018 308133 1
gene 2 2142 1018 -784835 0 7205 -784835 0
gene 3 2206 2034 -293252 0 7245 -293252 1
gene 2 7 2491 -318297 0 7283 -318297 1
gene 2 2491 2368 -52593 0 7284 -52593 1
gene 2 5 2512 -564125 0 7337 -564125 1
gene 2 2512 13 365055 0 7338 365055 1
gene 2 10 2530 -485754 0 7387 -485754 1
gene 2 2530 13 6282 0 7388 6282 1
gene 3 9 2547 -262989 0 7440 -262989 1
gene 3 2547 13 -67452 0 7441 -67452 1
gene 2 2530 1479 -273081 0 7594 -273081 1
gene 1 1479 2692 -235089 0 7856 -235089 1
gene 1 2692 14 196845 0 7857 196845 1
gene 3 4 1130 293301 0 7980 293301 1
gene 4 3 2786 640875 0 8132 640875 1
gene 4 2786 14 681066 0 8133 681066 1
gene 4 2547 1735 -235076 0 8311 -235076 1
gene 3 2692 461 -458100 0 8358 -458100 1
gene 4 500 2912 -475488 0 8507 -475488 1
gene 1 2912 15 27726 0 8508 27726 0
gene 1 2912 1130 4185 0 8750 4185 1
gene 2 2142 3009 -42081 0 8799 -42081 0
gene 2 3009 1018 -281928 0 8800 -281928 1
gene 3 2034 2034 -244248 1 8851 -244248 1
gene 3 3 3109 36138 0 9107 36138 1
gene 3 3109 697 -240231 0 9108 -240231 1
gene 1 2912 3157 -133473 0 9248 -133473 1
gene 1 3157 15 -244143 0 9249 -244143 1
gene 3 2530 121 -364215 0 9284 -364215 0
gene 1 516 3182 -663168 1 9328 -663168 1
gene 1 3182 516 280878 0 9329 280878 1
gene 1 2491 1531 -472872 0 9377 -472872 1
gene 3 2530 3270 -150399 0 9577 -150399 1
gene 3 3270 121 151848 0 9578 151848 1
gene 4 2512 2512 -68547 1 9707 -68547 1
gene 4 1683 1393 315684 0 9807 315684 1
gene 2 2142 3412 152343 0 10015 152343 1
gene 2 3412 3009 228912 0 10016 228912 1
gene 1 1 2034 191520 0 10265 191520 1
gene 1 3412 3412 -90462 1 10366 -90462 1
gene 2 500 2332 142254 0 10431 142254 1
gene 3 1735 3599 31926 0 10574 31926 0
gene 3 3599 14 -7245 0 10575 -7245 1
gene 3 1735 3705 -94557 0 10921 -94557 1
gene 3 3705 3599 -307862 0 10922 -307862 1
gene 1 10 3728 68676 0 10984 68676 1
gene 1 3728 14 284805 0 10985 284805 1
gene 3 5 235 -121290 0 11141 -121290 1
gene 2 11 3814 100269 0 11227 100269 1
gene 2 3814 15 89343 0 11228 89343 1
genomeend 24


/* Organism #32 Fitness: 260.000000 Time: 0 */
/* Position #32*/
#1 x: 44 y: 16
#2 x: 82 y: 29
#3 x: 61 y: 39
#4 x: 22 y: 84
#5 x: 40 y: 71
#6 x: 79 y: 61
genomestart 32
trait 1 78708.000000 100000.000000 6994.000000 0.000000 57524.000000 100000.000000 87908.000000 100000.000000 trait 2 7350.000000 88783.000000 70868.000000 0.000000 0.000000 0.000000 54579.000000 18399.000000 trait 3 0.000000 0.000000 44883.000000 65858.000000 41337.000000 0.000000 100000.000000 41343.000000 trait 4 4.000000 0.000000 0.000000 36940.000000 0.000000 0.000000 0.000000 37957.000000 node 1 4 1 3
node 2 4 1 1
node 3 1 1 1
node 4 1 1 1
node 5 1 1 1
node 6 2 1 1
node 7 4 1 1
node 8 4 1 1
node 9 2 1 1
node 10 1 1 1
node 11 2 1 1
node 12 4 1 1
node 13 2 0 2
node 14 1 0 2
node 15 3 0 2
node 121 1 0 0
node 235 1 0 0
node 384 2 0 0
node 420 1 0 0
node 433 1 0 0
node 461 1 0 0
node 500 1 0 0
node 516 1 0 0
node 697 3 0 0
node 1018 1 0 0
node 1130 1 0 0
node 1323 3 0 0
node 1393 1 0 0
node 1479 1 0 0
node 1531 3 0 0
node 1683 1 0 0
node 1735 2 0 0
node 1875 1 0 0
node 2034 1 0 0
node 2142 1 0 0
node 2172 1 0 0
node 2206 1 0 0
node 2313 1 0 0
node 2332 1 0 0
node 2368 1 0 0
node 2491 1 0 0
node 2512 1 0 0
node 2530 1 0 0
node 2547 1 0 0
node 2692 1 0 0
node 2786 1 0 0
node 2912 1 0 0
node 3009 1 0 0
node 3108 1 0 0
node 3213 1 0 0
node 3249 1 0 0
node 3336 1 0 0
node 3356 1 0 0
node 3443 1 0 0
node 3469 1 0 0
node 3532 1 0 0
node 3658 1 0 0
node 3715 1 0 0
node 3733 1 0 0
node 3775 1 0 0
node 3831 1 0 0
gene 2 1 13 -131475 0 1 -131475 1
gene 3 2 13 209679 0 2 209679 1
gene 2 3 13 -125940 0 3 -125940 0
gene 3 4 13 -500109 0 4 -500109 1
gene 2 5 13 -606923 0 5 -606923 0
gene 4 6 13 -364400 0 6 -364400 1
gene 3 7 13 -168024 0 7 -168024 1
gene 2 8 13 -357786 0 8 -357786 0
gene 3 9 13 -17085 0 9 -17085 1
gene 2 10 13 320481 0 10 320481 1
gene 2 11 13 85587 0 11 85587 1
gene 4 12 13 237132 0 12 237132 1
gene 2 1 14 -800000 0 13 -800000 1
gene 2 2 14 -593457 0 14 -593457 1
gene 4 3 14 -252582 0 15 -252582 0
gene 4 4 14 -240108 0 16 -240108 1
gene 4 5 14 800000 0 17 800000 1
gene 3 6 14 69843 0 18 69843 0
gene 2 7 14 -611055 0 19 -611055 1
gene 1 8 14 142503 0 20 142503 0
gene 3 9 14 786681 0 21 786681 1
gene 1 10 14 -241119 0 22 -241119 0
gene 1 11 14 423 0 23 423 1
gene 4 12 14 -302253 0 24 -302253 1
gene 3 1 15 -114756 0 25 -114756 1
gene 3 2 15 133092 0 26 133092 1
gene 3 3 15 -628185 0 27 -628185 1
gene 3 4 15 -359094 0 28 -359094 1
gene 3 5 15 337596 0 29 337596 1
gene 1 6 15 501342 0 30 501342 1
gene 3 7 15 592425 0 31 592425 0
gene 3 8 15 800000 0 32 800000 1
gene 3 9 15 -601490 0 33 -601490 1
gene 3 10 15 740346 0 34 740346 0
gene 2 11 15 507255 0 35 507255 1
gene 4 12 15 372735 0 36 372735 0
gene 4 15 15 -302673 1 174 -302673 1
gene 3 8 121 166995 0 329 166995 0
gene 3 121 15 -416166 0 330 -416166 1
gene 2 5 121 -211629 0 438 -211629 1
gene 2 7 121 507090 0 483 507090 0
gene 4 4 235 786695 0 666 786695 1
gene 4 235 14 800000 0 667 800000 0
gene 1 1 235 131517 0 753 131517 1
gene 3 9 235 -409935 0 1108 -409935 1
gene 3 10 384 380577 0 1126 380577 1
gene 3 384 15 -11844 0 1127 -11844 1
gene 2 14 14 -39651 1 1197 -39651 1
gene 3 7 420 -800000 0 1239 -800000 0
gene 3 420 15 297513 0 1240 297513 0
gene 3 2 433 150489 0 1284 150489 1
gene 3 433 13 51159 0 1285 51159 1
gene 4 3 461 -184374 0 1352 -184374 1
gene 4 461 14 -503709 0 1353 -503709 1
gene 4 15 500 -679197 1 1453 -679197 1
gene 4 500 15 205173 0 1454 205173 0
gene 1 8 516 339399 0 1500 339399 1
gene 1 516 14 -86097 0 1501 -86097 0
gene 1 384 121 -280872 0 1548 -280872 1
gene 2 8 461 66561 0 1965 66561 1
gene 3 3 697 382143 0 2038 382143 1
gene 3 697 15 604890 0 2039 604890 0
gene 2 1 500 456750 0 2133 456750 1
gene 1 3 433 205257 0 2628 205257 1
gene 1 516 516 -654102 1 2664 -654102 1
gene 3 8 1018 -333732 0 2997 -333732 1
gene 3 1018 121 -157350 0 2998 -157350 0
gene 3 15 433 -800000 0 3156 -800000 1
gene 2 10 1130 -196548 0 3329 -196548 1
gene 1 1130 14 800000 0 3330 800000 1
gene 3 500 697 -40245 0 3371 -40245 1
gene 2 3 516 -123 0 3603 -123 1
gene 2 9 1323 -99114 0 3885 -99114 0
gene 2 1323 14 -174744 0 3886 -174744 1
gene 2 121 420 -609993 0 3959 -609993 1
gene 2 8 1393 -467304 0 4093 -467304 1
gene 2 1393 13 350916 0 4094 350916 0
gene 1 11 1479 -382359 0 4325 -382359 1
gene 1 1479 14 800000 0 4326 800000 1
gene 4 12 1531 -505941 0 4477 -505941 1
gene 4 1531 15 80478 0 4478 80478 1
gene 3 1393 433 201759 0 4734 201759 1
gene 2 1323 1683 800000 0 4950 800000 1
gene 2 1683 14 -417864 0 4951 -417864 1
gene 3 6 1735 -669470 0 5103 -669470 1
gene 3 1735 14 441509 0 5104 441509 1
gene 1 5 516 800000 0 5346 800000 1
gene 1 516 433 -136053 0 5443 -136053 1
gene 3 2 1875 579452 0 5505 579452 1
gene 3 1875 433 -593280 0 5506 -593280 1
gene 1 1683 461 369663 0 5687 369663 1
gene 1 516 121 -198177 0 5877 -198177 1
gene 3 3 2034 -407964 0 5939 -407964 1
gene 3 2034 697 -19863 0 5940 -19863 1
gene 3 5 1479 -207699 0 6157 -207699 1
gene 3 7 2142 246318 0 6248 246318 1
gene 3 2142 420 183354 0 6249 183354 1
gene 3 420 2172 -307875 0 6332 -307875 1
gene 3 2172 15 -206985 0 6333 -206985 1
gene 2 1735 1735 -343359 1 6388 -343359 1
gene 2 8 2206 800000 0 6436 800000 1
gene 1 2206 1393 444702 0 6437 444702 1
gene 2 121 2313 142659 0 6747 142659 1
gene 2 2313 420 423267 0 6748 423267 1
gene 2 9 2332 250599 0 6797 250599 0
gene 2 2332 1323 177504 0 6798 177504 1
gene 4 1323 2034 -439112 0 6848 -439112 1
gene 2 7 2368 296640 0 6897 296640 1
gene 2 2368 121 1317 0 6898 1317 1
gene 2 384 1531 614843 0 7018 614843 1
gene 2 2142 1018 -410013 0 7205 -410013 1
gene 3 2206 2034 -130143 0 7245 -130143 1
gene 2 7 2491 800000 0 7283 800000 1
gene 2 2491 2368 52794 0 7284 52794 1
gene 2 5 2512 -220461 0 7337 -220461 1
gene 2 2512 13 -797219 0 7338 -797219 0
gene 2 10 2530 535080 0 7387 535080 1
gene 2 2530 13 -227853 0 7388 -227853 1
gene 3 9 2547 -689598 0 7440 -689598 1
gene 3 2547 13 -229131 0 7441 -229131 1
gene 2 2530 1479 -45537 0 7594 -45537 0
gene 1 1479 2692 -237717 0 7856 -237717 1
gene 1 2692 14 -287229 0 7857 -287229 1
gene 3 4 1130 138468 0 7980 138468 1
gene 4 3 2786 -354753 0 8132 -354753 1
gene 4 2786 14 -188946 0 8133 -188946 0
gene 4 2547 1735 800000 0 8311 800000 1
gene 3 2692 461 -800000 0 8358 -800000 1
gene 4 500 2912 -609675 0 8507 -609675 1
gene 1 2912 15 -611553 0 8508 -611553 1
gene 1 2912 1130 215145 0 8750 215145 1
gene 2 2142 3009 -191028 0 8799 -191028 1
gene 2 3009 1018 -86055 0 8800 -86055 0
gene 3 2034 2034 -297375 1 8851 -297375 1
gene 2 2512 3108 -717606 0 9104 -717606 1
gene 2 3108 13 646854 0 9105 646854 1
gene 1 2491 235 6468 0 9236 6468 1
gene 2 9 3213 157587 0 9416 157587 1
gene 2 3213 2332 338379 0 9417 338379 1
gene 1 516 3249 -633762 0 9516 -633762 1
gene 1 3249 14 217545 0 9517 217545 1
gene 2 1393 3336 -25911 0 9780 -25911 1
gene 2 3336 13 -38823 0 9781 -38823 1
gene 2 2530 3356 495585 0 9835 495585 1
gene 2 3356 1479 686493 0 9836 686493 1
gene 3 2034 3443 254946 1 10105 254946 1
gene 3 3443 2034 -75990 0 10106 -75990 1
gene 3 697 3469 -201204 0 10184 -201204 1
gene 3 3469 15 -246519 0 10185 -246519 1
gene 3 3009 3009 230658 1 10235 230658 1
gene 2 3009 3532 -93885 0 10378 -93885 1
gene 2 3532 1018 -549615 0 10379 -549615 1
gene 1 10 3658 -66759 0 10754 -66759 1
gene 1 3658 14 203205 0 10755 203205 1
gene 2 1393 1323 -278120 0 10793 -278120 1
gene 4 2786 3715 80565 0 10952 80565 1
gene 4 3715 14 726051 0 10953 726051 1
gene 4 235 3733 177751 0 10999 177751 1
gene 4 3733 14 -282906 0 11000 -282906 1
gene 3 7 3775 109327 0 11121 109327 1
gene 3 3775 15 115149 0 11122 115149 1
gene 2 3 3831 -563750 0 11273 -563750 1
gene 2 3831 13 359094 0 11274 359094 1
gene 1 3443 14 29558 0 11370 29558 1
genomeend 32


/* Organism #33 Fitness: 220.000000 Time: 0 */
/* Position #33*/
#1 x: 44 y: 16
#2 x: 82 y: 29
#3 x: 61 y: 39
#4 x: 22 y: 84
#5 x: 40 y: 71
#6 x: 79 y: 61
genomestart 33
trait 1 43007.000000 16300.000000 6994.000000 28041.000000 57524.000000 37112.000000 87908.000000 80535.000000 trait 2 0.000000 0.000000 100000.000000 95786.000000 51940.000000 0.000000 0.000000 62181.000000 trait 3 0.000000 0.000000 0.000000 51304.000000 0.000000 13538.000000 70969.000000 30146.000000 trait 4 4.000000 0.000000 79338.000000 27432.000000 0.000000 0.000000 61142.000000 0.000000 node 1 4 1 3
node 2 4 1 1
node 3 1 1 1
node 4 1 1 1
node 5 1 1 1
node 6 2 1 1
node 7 4 1 1
node 8 4 1 1
node 9 2 1 1
node 10 1 1 1
node 11 2 1 1
node 12 4 1 1
node 13 2 0 2
node 14 1 0 2
node 15 3 0 2
node 121 1 0 0
node 235 1 0 0
node 384 1 0 0
node 420 1 0 0
node 433 1 0 0
node 461 1 0 0
node 500 1 0 0
node 516 1 0 0
node 697 3 0 0
node 1018 1 0 0
node 1130 1 0 0
node 1323 3 0 0
node 1393 1 0 0
node 1479 1 0 0
node 1531 4 0 0
node 1683 1 0 0
node 1735 1 0 0
node 1875 1 0 0
node 2034 1 0 0
node 2142 1 0 0
node 2172 1 0 0
node 2206 1 0 0
node 2313 1 0 0
node 2332 1 0 0
node 2368 3 0 0
node 2491 1 0 0
node 2512 1 0 0
node 2530 1 0 0
node 2547 1 0 0
node 2692 1 0 0
node 2786 1 0 0
node 2915 1 0 0
node 3042 1 0 0
node 3079 1 0 0
node 3409 1 0 0
node 3542 1 0 0
node 3555 1 0 0
node 3590 1 0 0
node 3734 1 0 0
node 3877 1 0 0
gene 2 1 13 209946 0 1 209946 1
gene 3 2 13 800000 0 2 800000 1
gene 2 3 13 -296496 0 3 -296496 1
gene 3 4 13 203658 0 4 203658 1
gene 2 5 13 399810 0 5 399810 0
gene 4 6 13 218679 0 6 218679 1
gene 3 7 13 800000 0 7 800000 1
gene 2 8 13 391014 0 8 391014 0
gene 3 9 13 -505229 0 9 -505229 1
gene 2 10 13 54636 0 10 54636 0
gene 2 11 13 -22974 0 11 -22974 1
gene 4 12 13 124823 0 12 124823 1
gene 2 1 14 243210 0 13 243210 1
gene 2 2 14 650345 0 14 650345 1
gene 4 3 14 -127713 0 15 -127713 1
gene 4 4 14 222137 0 16 222137 1
gene 4 5 14 389949 0 17 389949 1
gene 3 6 14 41280 0 18 41280 0
gene 2 7 14 460266 0 19 460266 1
gene 1 8 14 306705 0 20 306705 0
gene 3 9 14 663774 0 21 663774 1
gene 1 10 14 398409 0 22 398409 1
gene 1 11 14 -185622 0 23 -185622 1
gene 3 12 14 -9927 0 24 -9927 1
gene 3 1 15 -127368 0 25 -127368 1
gene 3 2 15 800000 0 26 800000 1
gene 3 3 15 314136 0 27 314136 0
gene 3 4 15 273843 0 28 273843 1
gene 3 5 15 667227 0 29 667227 1
gene 1 6 15 -234638 0 30 -234638 1
gene 3 7 15 -63960 0 31 -63960 1
gene 3 8 15 316758 0 32 316758 1
gene 3 9 15 -267636 0 33 -267636 1
gene 3 10 15 222999 0 34 222999 1
gene 2 11 15 30543 0 35 30543 1
gene 4 12 15 -225609 0 36 -225609 0
gene 4 15 15 132327 1 174 132327 1
gene 3 8 121 -356628 0 329 -356628 1
gene 3 121 15 -162894 0 330 -162894 1
gene 2 5 121 -38775 0 438 -38775 0
gene 2 7 121 40395 0 483 40395 0
gene 4 4 235 545250 0 666 545250 1
gene 4 235 14 188124 0 667 188124 1
gene 1 1 235 -647340 0 753 -647340 1
gene 3 9 235 99240 0 1108 99240 1
gene 3 10 384 308130 0 1126 308130 1
gene 3 384 15 229659 0 1127 229659 1
gene 2 14 14 118158 1 1197 118158 1
gene 3 7 420 -213114 0 1239 -213114 0
gene 3 420 15 193083 0 1240 193083 0
gene 3 2 433 -689217 0 1284 -689217 0
gene 3 433 13 -89646 0 1285 -89646 1
gene 4 3 461 79776 0 1352 79776 1
gene 4 461 14 485862 0 1353 485862 1
gene 4 15 500 -166209 1 1453 -166209 1
gene 4 500 15 -800000 0 1454 -800000 1
gene 1 8 516 193182 0 1500 193182 1
gene 1 516 14 -255432 0 1501 -255432 1
gene 1 384 121 77673 0 1548 77673 1
gene 2 8 461 136128 0 1965 136128 1
gene 3 3 697 -435501 0 2038 -435501 1
gene 3 697 15 257532 0 2039 257532 1
gene 2 1 500 285158 0 2133 285158 1
gene 1 3 433 271260 0 2628 271260 1
gene 1 516 516 -800000 1 2664 -800000 1
gene 3 8 1018 238587 0 2997 238587 1
gene 3 1018 121 -634938 0 2998 -634938 0
gene 3 15 433 -381741 0 3156 -381741 1
gene 1 10 1130 -95172 0 3329 -95172 1
gene 1 1130 14 490485 0 3330 490485 1
gene 3 500 697 567813 0 3371 567813 1
gene 2 3 516 -600416 0 3603 -600416 0
gene 2 9 1323 -87366 0 3885 -87366 0
gene 2 1323 14 800000 0 3886 800000 1
gene 2 121 420 259602 0 3959 259602 1
gene 2 8 1393 157743 0 4093 157743 1
gene 2 1393 13 -800000 0 4094 -800000 1
gene 1 11 1479 -283458 0 4325 -283458 1
gene 1 1479 14 107463 0 4326 107463 1
gene 1 12 1531 -363660 0 4477 -363660 1
gene 4 1531 15 -16263 0 4478 -16263 1
gene 3 1393 433 -351462 0 4734 -351462 1
gene 2 1323 1683 -335274 0 4950 -335274 1
gene 2 1683 14 -513803 0 4951 -513803 1
gene 3 6 1735 -269361 0 5103 -269361 1
gene 3 1735 14 136749 0 5104 136749 1
gene 1 5 516 -42984 0 5346 -42984 1
gene 1 516 433 -534936 0 5443 -534936 1
gene 3 2 1875 -374538 0 5505 -374538 1
gene 3 1875 433 -162795 0 5506 -162795 1
gene 1 1683 461 309963 0 5687 309963 1
gene 1 516 121 -330 0 5877 -330 1
gene 3 3 2034 152982 0 5939 152982 1
gene 3 2034 697 313050 0 5940 313050 1
gene 3 5 1479 -310833 0 6157 -310833 1
gene 3 7 2142 -1302 0 6248 -1302 1
gene 3 2142 420 280326 0 6249 280326 1
gene 3 420 2172 493080 0 6332 493080 1
gene 3 2172 15 517751 0 6333 517751 1
gene 2 1735 1735 -629460 1 6388 -629460 1
gene 2 8 2206 696102 0 6436 696102 1
gene 2 2206 1393 800000 0 6437 800000 1
gene 2 121 2313 -800000 0 6747 -800000 1
gene 2 2313 420 46275 0 6748 46275 1
gene 2 9 2332 -84966 0 6797 -84966 0
gene 2 2332 1323 365601 0 6798 365601 1
gene 4 1323 2034 133803 0 6848 133803 1
gene 2 7 2368 -50442 0 6897 -50442 1
gene 2 2368 121 421713 0 6898 421713 1
gene 2 384 1531 714555 0 7018 714555 1
gene 2 2142 1018 -313044 0 7205 -313044 1
gene 3 2206 2034 -101538 0 7245 -101538 1
gene 2 7 2491 657971 0 7283 657971 1
gene 2 2491 2368 -72579 0 7284 -72579 1
gene 2 5 2512 21411 0 7337 21411 1
gene 2 2512 13 33930 0 7338 33930 1
gene 2 10 2530 405192 0 7387 405192 1
gene 2 2530 13 -214668 0 7388 -214668 1
gene 3 9 2547 -351402 0 7440 -351402 0
gene 3 2547 13 -430403 0 7441 -430403 1
gene 2 2530 1479 354636 0 7594 354636 1
gene 1 1479 2692 -147948 0 7856 -147948 0
gene 1 2692 14 -344913 0 7857 -344913 1
gene 3 4 1130 -800000 0 7980 -800000 1
gene 4 3 2786 200763 0 8132 200763 1
gene 4 2786 14 52809 0 8133 52809 1
gene 3 384 384 -158106 1 8429 -158106 1
gene 2 3 2915 392619 0 8516 392619 1
gene 2 2915 516 -150939 0 8517 -150939 1
gene 4 433 433 231438 1 8562 231438 1
gene 2 2547 1479 238857 0 8709 238857 0
gene 3 2206 1683 -224394 0 8777 -224394 1
gene 2 5 3042 544671 0 8890 544671 1
gene 2 3042 121 -800000 0 8891 -800000 1
gene 1 1479 3079 -724407 0 9004 -724407 1
gene 1 3079 2692 -226725 0 9005 -226725 1
gene 4 516 2547 -251178 0 9030 -251178 0
gene 3 1875 2915 254442 0 9219 254442 1
gene 2 2 420 71949 0 9364 71949 1
gene 2 1735 1531 300141 0 9549 300141 1
gene 4 9 697 489540 0 9875 489540 1
gene 4 12 2786 800000 0 9948 800000 1
gene 2 2547 3409 -303468 0 10007 -303468 1
gene 2 3409 1479 -250173 0 10008 -250173 1
gene 2 2206 2206 414510 1 10238 414510 1
gene 3 1018 516 335236 0 10356 335236 1
gene 4 516 3542 22464 0 10405 22464 1
gene 4 3542 2547 -215931 0 10406 -215931 1
gene 2 9 3555 -551649 0 10451 -551649 1
gene 3 3555 2547 -425814 0 10452 -425814 1
gene 3 2206 2915 -168816 0 10490 -168816 1
gene 2 9 3590 -240924 0 10547 -240924 1
gene 2 3590 2332 -132216 0 10548 -132216 1
gene 1 1735 2692 -549551 0 10681 -549551 1
gene 3 2 3734 201076 0 11002 201076 1
gene 3 3734 433 -483654 0 11003 -483654 1
gene 4 12 3877 1 0 11410 0 1
gene 4 3877 15 -225609 0 11411 0 1
gene 1 1531 1531 8430 1 11450 8430 1
genomeend 33


/* Organism #42 Fitness: 210.000000 Time: 0 */
/* Position #42*/
#1 x: 32 y: 28
#2 x: 17 y: 22
#3 x: 38 y: 40
#4 x: 82 y: 67
#5 x: 71 y: 78
#6 x: 64 y: 70
genomestart 42
trait 1 43007.000000 16300.000000 6994.000000 28041.000000 57524.000000 37112.000000 87908.000000 80535.000000 trait 2 0.000000 43855.000000 80776.000000 57306.000000 51940.000000 72099.000000 71226.000000 23911.000000 trait 3 0.000000 0.000000 0.000000 51304.000000 0.000000 13538.000000 70969.000000 30146.000000 trait 4 4.000000 0.000000 0.000000 36940.000000 0.000000 0.000000 43316.000000 37957.000000 node 1 4 1 3
node 2 4 1 1
node 3 1 1 1
node 4 1 1 1
node 5 1 1 1
node 6 2 1 1
node 7 4 1 1
node 8 4 1 1
node 9 2 1 1
node 10 1 1 1
node 11 2 1 1
node 12 4 1 1
node 13 2 0 2
node 14 1 0 2
node 15 3 0 2
node 121 1 0 0
node 235 1 0 0
node 384 1 0 0
node 420 1 0 0
node 433 1 0 0
node 461 1 0 0
node 500 1 0 0
node 516 1 0 0
node 697 3 0 0
node 1018 1 0 0
node 1130 1 0 0
node 1323 3 0 0
node 1393 1 0 0
node 1479 1 0 0
node 1531 4 0 0
node 1683 1 0 0
node 1735 1 0 0
node 1875 1 0 0
node 2034 1 0 0
node 2142 1 0 0
node 2172 1 0 0
node 2206 1 0 0
node 2313 1 0 0
node 2332 1 0 0
node 2368 3 0 0
node 2491 1 0 0
node 2512 1 0 0
node 2530 1 0 0
node 2547 1 0 0
node 2692 1 0 0
node 2786 1 0 0
node 2915 1 0 0
node 3042 1 0 0
node 3079 1 0 0
node 3409 1 0 0
node 3527 1 0 0
node 3557 1 0 0
node 3610 1 0 0
node 3642 1 0 0
gene 2 1 13 -186348 0 1 -186348 1
gene 3 2 13 -167784 0 2 -167784 1
gene 2 3 13 -187527 0 3 -187527 0
gene 3 4 13 -99180 0 4 -99180 1
gene 2 5 13 -151242 0 5 -151242 0
gene 4 6 13 168771 0 6 168771 1
gene 3 7 13 -113934 0 7 -113934 1
gene 2 8 13 -681650 0 8 -681650 0
gene 3 9 13 254796 0 9 254796 1
gene 2 10 13 -20424 0 10 -20424 0
gene 2 11 13 205152 0 11 205152 1
gene 4 12 13 -26904 0 12 -26904 1
gene 2 1 14 -295608 0 13 -295608 1
gene 2 2 14 -139128 0 14 -139128 1
gene 4 3 14 70902 0 15 70902 1
gene 4 4 14 64071 0 16 64071 1
gene 4 5 14 800000 0 17 800000 1
gene 3 6 14 -608948 0 18 -608948 0
gene 2 7 14 -199749 0 19 -199749 1
gene 1 8 14 -387192 0 20 -387192 0
gene 3 9 14 -16359 0 21 -16359 1
gene 1 10 14 156420 0 22 156420 1
gene 1 11 14 246468 0 23 246468 1
gene 3 12 14 332415 0 24 332415 1
gene 3 1 15 -800000 0 25 -800000 1
gene 3 2 15 -248778 0 26 -248778 1
gene 3 3 15 107733 0 27 107733 0
gene 3 4 15 79629 0 28 79629 1
gene 3 5 15 255138 0 29 255138 1
gene 1 6 15 -128223 0 30 -128223 1
gene 3 7 15 194526 0 31 194526 1
gene 3 8 15 -210414 0 32 -210414 1
gene 3 9 15 113634 0 33 113634 1
gene 3 10 15 -164757 0 34 -164757 1
gene 2 11 15 248178 0 35 248178 1
gene 4 12 15 173553 0 36 173553 1
gene 4 15 15 -709812 1 174 -709812 1
gene 3 8 121 -488250 0 329 -488250 1
gene 3 121 15 379893 0 330 379893 1
gene 2 5 121 180516 0 438 180516 0
gene 2 7 121 46509 0 483 46509 0
gene 4 4 235 -75438 0 666 -75438 1
gene 4 235 14 -15114 0 667 -15114 1
gene 1 1 235 602157 0 753 602157 1
gene 3 9 235 800000 0 1108 800000 1
gene 3 10 384 228915 0 1126 228915 1
gene 3 384 15 -133155 0 1127 -133155 1
gene 2 14 14 -800000 1 1197 -800000 1
gene 3 7 420 -21762 0 1239 -21762 0
gene 3 420 15 303543 0 1240 303543 0
gene 3 2 433 81801 0 1284 81801 1
gene 3 433 13 68430 0 1285 68430 1
gene 4 3 461 298383 0 1352 298383 1
gene 4 461 14 -450336 0 1353 -450336 1
gene 4 15 500 318336 1 1453 318336 1
gene 4 500 15 -59580 0 1454 -59580 1
gene 1 8 516 -489240 0 1500 -489240 1
gene 1 516 14 -371571 0 1501 -371571 1
gene 1 384 121 123534 0 1548 123534 1
gene 2 8 461 16683 0 1965 16683 1
gene 3 3 697 777209 0 2038 777209 1
gene 3 697 15 915 0 2039 915 1
gene 2 1 500 194508 0 2133 194508 1
gene 1 3 433 265392 0 2628 265392 1
gene 1 516 516 238182 1 2664 238182 1
gene 3 8 1018 -132717 0 2997 -132717 1
gene 3 1018 121 -366519 0 2998 -366519 0
gene 3 15 433 -59844 0 3156 -59844 0
gene 1 10 1130 8691 0 3329 8691 1
gene 1 1130 14 -732021 0 3330 -732021 1
gene 3 500 697 -106884 0 3371 -106884 1
gene 2 3 516 -496800 0 3603 -496800 0
gene 2 9 1323 90981 0 3885 90981 0
gene 2 1323 14 430425 0 3886 430425 1
gene 2 121 420 25839 0 3959 25839 1
gene 2 8 1393 258786 0 4093 258786 1
gene 2 1393 13 294327 0 4094 294327 1
gene 1 11 1479 319227 0 4325 319227 1
gene 1 1479 14 6465 0 4326 6465 1
gene 4 12 1531 427317 0 4477 427317 1
gene 4 1531 15 -161985 0 4478 -161985 1
gene 3 1393 433 -446406 0 4734 -446406 1
gene 2 1323 1683 -226692 0 4950 -226692 1
gene 2 1683 14 785259 0 4951 785259 1
gene 3 6 1735 325158 0 5103 325158 1
gene 3 1735 14 170418 0 5104 170418 1
gene 1 5 516 -314253 0 5346 -314253 1
gene 1 516 433 336090 0 5443 336090 1
gene 3 2 1875 -251529 0 5505 -251529 1
gene 3 1875 433 -136875 0 5506 -136875 1
gene 1 1683 461 -203922 0 5687 -203922 1
gene 1 516 121 -535691 0 5877 -535691 1
gene 3 3 2034 171735 0 5939 171735 1
gene 3 2034 697 2082 0 5940 2082 1
gene 3 5 1479 20502 0 6157 20502 1
gene 3 7 2142 232038 0 6248 232038 1
gene 3 2142 420 -205503 0 6249 -205503 1
gene 3 420 2172 47208 0 6332 47208 1
gene 3 2172 15 -22557 0 6333 -22557 1
gene 2 1735 1735 -35160 1 6388 -35160 1
gene 2 8 2206 -76281 0 6436 -76281 1
gene 2 2206 1393 116145 0 6437 116145 1
gene 2 121 2313 -140040 0 6747 -140040 1
gene 2 2313 420 -337449 0 6748 -337449 1
gene 2 9 2332 -104757 0 6797 -104757 1
gene 2 2332 1323 474669 0 6798 474669 1
gene 4 1323 2034 -290049 0 6848 -290049 1
gene 2 7 2368 226713 0 6897 226713 0
gene 2 2368 121 378204 0 6898 378204 1
gene 2 384 1531 -248277 0 7018 -248277 0
gene 2 2142 1018 -491922 0 7205 -491922 1
gene 3 2206 2034 -396135 0 7245 -396135 1
gene 2 7 2491 52770 0 7283 52770 1
gene 2 2491 2368 215118 0 7284 215118 1
gene 2 5 2512 -753864 0 7337 -753864 1
gene 2 2512 13 -223461 0 7338 -223461 1
gene 2 10 2530 150012 0 7387 150012 1
gene 2 2530 13 90729 0 7388 90729 1
gene 3 9 2547 -344133 0 7440 -344133 1
gene 3 2547 13 -157074 0 7441 -157074 1
gene 2 2530 1479 -81903 0 7594 -81903 1
gene 1 1479 2692 259437 0 7856 259437 0
gene 1 2692 14 76080 0 7857 76080 1
gene 3 4 1130 -283593 0 7980 -283593 1
gene 4 3 2786 375252 0 8132 375252 1
gene 4 2786 14 523743 0 8133 523743 1
gene 3 384 384 -195807 1 8429 -195807 1
gene 2 3 2915 289245 0 8516 289245 1
gene 2 2915 516 5256 0 8517 5256 1
gene 4 433 433 -389016 1 8562 -389016 1
gene 2 2547 1479 -185511 0 8709 -185511 0
gene 3 2206 1683 223818 0 8777 223818 1
gene 2 5 3042 129528 0 8890 129528 1
gene 2 3042 121 68304 0 8891 68304 1
gene 1 1479 3079 -67911 0 9004 -67911 1
gene 1 3079 2692 460062 0 9005 460062 1
gene 4 516 2547 -12114 0 9030 -12114 1
gene 3 1875 2915 -126249 0 9219 -126249 1
gene 2 2 420 -109233 0 9364 -109233 1
gene 2 1735 1531 -198663 0 9549 -198663 1
gene 4 9 697 -105273 0 9875 -105273 1
gene 4 12 2786 190539 0 9948 190539 1
gene 2 2547 3409 758322 0 10007 758322 1
gene 2 3409 1479 -93018 0 10008 -93018 1
gene 2 8 500 9972 0 10064 9972 1
gene 2 3 3527 -117525 0 10362 -117525 1
gene 2 3527 13 224316 0 10363 224316 1
gene 3 500 500 -609828 1 10410 -609828 1
gene 2 384 3557 161727 0 10455 161727 1
gene 2 3557 1531 186192 0 10456 186192 1
gene 1 2491 1018 177585 0 10493 177585 1
gene 2 7 3610 -58271 0 10603 -58271 1
gene 2 3610 2368 193914 0 10604 193914 1
gene 1 2142 2142 -244782 1 10644 -244782 1
gene 3 15 3642 -491030 0 10707 -491030 1
gene 3 3642 433 -483321 0 10708 -483321 1
gene 3 2313 15 42006 0 10762 42006 1
gene 2 2332 1875 205473 0 11004 205473 1
gene 4 384 2034 112578 0 11224 112578 1
gene 4 11 2368 -20877 0 11462 -20877 1
genomeend 42


/* Organism #54 Fitness: 310.000000 Time: 0 */
/* Position #54*/
#1 x: 28 y: 15
#2 x: 19 y: 21
#3 x: 43 y: 39
#4 x: 66 y: 71
#5 x: 74 y: 61
#6 x: 18 y: 68
genomestart 54
trait 1 78708.000000 100000.000000 6994.000000 0.000000 57524.000000 100000.000000 87908.000000 100000.000000 trait 2 7350.000000 88783.000000 70868.000000 0.000000 0.000000 0.000000 54579.000000 18399.000000 trait 3 0.000000 0.000000 44883.000000 65858.000000 41337.000000 0.000000 100000.000000 41343.000000 trait 4 4.000000 0.000000 0.000000 36940.000000 0.000000 0.000000 0.000000 37957.000000 node 1 4 1 3
node 2 4 1 1
node 3 1 1 1
node 4 1 1 1
node 5 1 1 1
node 6 2 1 1
node 7 4 1 1
node 8 4 1 1
node 9 2 1 1
node 10 1 1 1
node 11 2 1 1
node 12 4 1 1
node 13 2 0 2
node 14 1 0 2
node 15 3 0 2
node 121 1 0 0
node 235 1 0 0
node 384 2 0 0
node 420 1 0 0
node 433 1 0 0
node 461 1 0 0
node 500 3 0 0
node 516 1 0 0
node 697 3 0 0
node 1018 1 0 0
node 1130 1 0 0
node 1323 3 0 0
node 1393 1 0 0
node 1479 1 0 0
node 1531 3 0 0
node 1683 1 0 0
node 1735 2 0 0
node 1875 1 0 0
node 2034 1 0 0
node 2142 1 0 0
node 2172 1 0 0
node 2206 1 0 0
node 2313 1 0 0
node 2332 1 0 0
node 2368 1 0 0
node 2491 1 0 0
node 2512 1 0 0
node 2530 1 0 0
node 2547 1 0 0
node 2692 1 0 0
node 2786 1 0 0
node 2912 1 0 0
node 3009 1 0 0
node 3108 1 0 0
node 3213 1 0 0
node 3249 1 0 0
node 3336 1 0 0
node 3356 1 0 0
node 3443 1 0 0
node 3469 1 0 0
node 3532 1 0 0
node 3658 1 0 0
node 3715 1 0 0
node 3733 1 0 0
node 3775 1 0 0
gene 2 1 13 -217527 0 1 -217527 1
gene 3 2 13 282213 0 2 282213 1
gene 2 3 13 704091 0 3 704091 1
gene 3 4 13 -722955 0 4 -722955 1
gene 2 5 13 -800000 0 5 -800000 0
gene 4 6 13 -256440 0 6 -256440 1
gene 3 7 13 296598 0 7 296598 1
gene 2 8 13 -415131 0 8 -415131 0
gene 3 9 13 514365 0 9 514365 1
gene 2 10 13 -745590 0 10 -745590 1
gene 2 11 13 211761 0 11 211761 1
gene 4 12 13 76149 0 12 76149 1
gene 2 1 14 426342 0 13 426342 1
gene 2 2 14 -43980 0 14 -43980 1
gene 4 3 14 -309048 0 15 -309048 0
gene 4 4 14 389814 0 16 389814 1
gene 4 5 14 33162 0 17 33162 1
gene 3 6 14 581079 0 18 581079 0
gene 2 7 14 -81840 0 19 -81840 1
gene 1 8 14 -64002 0 20 -64002 0
gene 3 9 14 34635 0 21 34635 1
gene 1 10 14 235052 0 22 235052 0
gene 1 11 14 -780207 0 23 -780207 1
gene 4 12 14 16251 0 24 16251 1
gene 3 1 15 254424 0 25 254424 1
gene 3 2 15 -277635 0 26 -277635 1
gene 3 3 15 -618621 0 27 -618621 1
gene 3 4 15 -410340 0 28 -410340 1
gene 3 5 15 243093 0 29 243093 1
gene 1 6 15 433965 0 30 433965 1
gene 3 7 15 -475350 0 31 -475350 0
gene 3 8 15 624824 0 32 624824 1
gene 3 9 15 -597452 0 33 -597452 1
gene 3 10 15 -450420 0 34 -450420 0
gene 2 11 15 407409 0 35 407409 1
gene 4 12 15 428319 0 36 428319 0
gene 4 15 15 170409 1 174 170409 1
gene 3 8 121 326562 0 329 326562 0
gene 3 121 15 -153981 0 330 -153981 1
gene 2 5 121 172866 0 438 172866 1
gene 3 7 121 800000 0 483 800000 0
gene 4 4 235 442181 0 666 442181 1
gene 4 235 14 -320733 0 667 -320733 0
gene 1 1 235 -714344 0 753 -714344 1
gene 3 9 235 484497 0 1108 484497 1
gene 3 10 384 -109686 0 1126 -109686 1
gene 3 384 15 -96852 0 1127 -96852 1
gene 2 14 14 112341 1 1197 112341 1
gene 3 7 420 -768938 0 1239 -768938 0
gene 3 420 15 -313314 0 1240 -313314 0
gene 3 2 433 -24204 0 1284 -24204 1
gene 3 433 13 -396435 0 1285 -396435 1
gene 4 3 461 -800000 0 1352 -800000 1
gene 4 461 14 -156078 0 1353 -156078 1
gene 4 15 500 133650 1 1453 133650 1
gene 4 500 15 404397 0 1454 404397 0
gene 1 8 516 -410286 0 1500 -410286 1
gene 1 516 14 340017 0 1501 340017 0
gene 1 384 121 -107442 0 1548 -107442 1
gene 2 8 461 422184 0 1965 422184 1
gene 3 3 697 -94404 0 2038 -94404 1
gene 3 697 15 130038 0 2039 130038 0
gene 2 1 500 -550917 0 2133 -550917 1
gene 1 3 433 -81372 0 2628 -81372 1
gene 1 516 516 172656 1 2664 172656 1
gene 3 8 1018 -185673 0 2997 -185673 1
gene 3 1018 121 101337 0 2998 101337 0
gene 3 15 433 -800000 0 3156 -800000 1
gene 2 10 1130 -153543 0 3329 -153543 1
gene 1 1130 14 351537 0 3330 351537 1
gene 3 500 697 170280 0 3371 170280 1
gene 2 3 516 124122 0 3603 124122 1
gene 2 9 1323 -269124 0 3885 -269124 0
gene 2 1323 14 -506907 0 3886 -506907 1
gene 2 121 420 -800000 0 3959 -800000 1
gene 2 8 1393 -179553 0 4093 -179553 1
gene 2 1393 13 347727 0 4094 347727 0
gene 1 11 1479 91659 0 4325 91659 1
gene 1 1479 14 120168 0 4326 120168 1
gene 4 12 1531 -30483 0 4477 -30483 1
gene 4 1531 15 96903 0 4478 96903 1
gene 3 1393 433 -199857 0 4734 -199857 1
gene 2 1323 1683 237783 0 4950 237783 1
gene 2 1683 14 -43305 0 4951 -43305 1
gene 3 6 1735 151590 0 5103 151590 1
gene 3 1735 14 800000 0 5104 800000 1
gene 1 5 516 196605 0 5346 196605 1
gene 1 516 433 -536778 0 5443 -536778 1
gene 3 2 1875 -535254 0 5505 -535254 1
gene 3 1875 433 148839 0 5506 148839 1
gene 1 1683 461 3072 0 5687 3072 1
gene 1 516 121 -389196 0 5877 -389196 1
gene 3 3 2034 6801 0 5939 6801 1
gene 3 2034 697 -144669 0 5940 -144669 1
gene 3 5 1479 -328014 0 6157 -328014 1
gene 3 7 2142 -82467 0 6248 -82467 1
gene 3 2142 420 106449 0 6249 106449 1
gene 3 420 2172 -556752 0 6332 -556752 1
gene 3 2172 15 -800000 0 6333 -800000 1
gene 2 1735 1735 505401 1 6388 505401 1
gene 2 8 2206 301920 0 6436 301920 1
gene 1 2206 1393 -132027 0 6437 -132027 1
gene 2 121 2313 -367206 0 6747 -367206 1
gene 2 2313 420 -319971 0 6748 -319971 1
gene 2 9 2332 317616 0 6797 317616 0
gene 2 2332 1323 292224 0 6798 292224 1
gene 4 1323 2034 -121932 0 6848 -121932 1
gene 2 7 2368 84789 0 6897 84789 1
gene 2 2368 121 -243150 0 6898 -243150 1
gene 2 384 1531 -494460 0 7018 -494460 1
gene 2 2142 1018 46653 0 7205 46653 1
gene 3 2206 2034 251217 0 7245 251217 1
gene 2 7 2491 586854 0 7283 586854 1
gene 2 2491 2368 -97380 0 7284 -97380 1
gene 2 5 2512 41931 0 7337 41931 1
gene 2 2512 13 -712799 0 7338 -712799 0
gene 2 10 2530 800000 0 7387 800000 1
gene 2 2530 13 -191343 0 7388 -191343 1
gene 3 9 2547 -265293 0 7440 -265293 1
gene 3 2547 13 75561 0 7441 75561 1
gene 2 2530 1479 595014 0 7594 595014 0
gene 1 1479 2692 -192072 0 7856 -192072 1
gene 1 2692 14 -264429 0 7857 -264429 1
gene 3 4 1130 257100 0 7980 257100 1
gene 4 3 2786 -79320 0 8132 -79320 1
gene 4 2786 14 46899 0 8133 46899 0
gene 4 2547 1735 79770 0 8311 79770 1
gene 3 2692 461 -661124 0 8358 -661124 1
gene 4 500 2912 -401526 0 8507 -401526 1
gene 1 2912 15 340818 0 8508 340818 1
gene 1 2912 1130 162645 0 8750 162645 1
gene 2 2142 3009 -95769 0 8799 -95769 1
gene 2 3009 1018 -21990 0 8800 -21990 0
gene 3 2034 2034 460713 1 8851 460713 1
gene 2 2512 3108 -472764 0 9104 -472764 1
gene 2 3108 13 -179823 0 9105 -179823 1
gene 1 2491 235 -265725 0 9236 -265725 1
gene 2 9 3213 166323 0 9416 166323 1
gene 2 3213 2332 -1050 0 9417 -1050 1
gene 1 516 3249 -267555 0 9516 -267555 1
gene 1 3249 14 -698132 0 9517 -698132 1
gene 2 1393 3336 621318 0 9780 621318 1
gene 2 3336 13 -226848 0 9781 -226848 1
gene 2 2530 3356 144258 0 9835 144258 1
gene 2 3356 1479 -322416 0 9836 -322416 1
gene 3 2034 3443 95406 1 10105 95406 1
gene 3 3443 2034 -521991 0 10106 -521991 1
gene 3 697 3469 -52254 0 10184 -52254 1
gene 3 3469 15 -70995 0 10185 -70995 1
gene 3 3009 3009 207651 1 10235 207651 1
gene 2 3009 3532 35445 0 10378 35445 1
gene 2 3532 1018 -187866 0 10379 -187866 1
gene 1 10 3658 239448 0 10754 239448 1
gene 1 3658 14 497709 0 10755 497709 1
gene 2 1393 1323 -43292 0 10793 -43292 1
gene 4 2786 3715 -60600 0 10952 -60600 1
gene 4 3715 14 441423 0 10953 441423 1
gene 4 235 3733 333844 0 10999 333844 1
gene 4 3733 14 -321624 0 11000 -321624 1
gene 3 7 3775 438082 0 11121 438082 1
gene 3 3775 15 230673 0 11122 230673 1
gene 2 461 384 2193 0 11374 2193 1
genomeend 54


/* Organism #63 Fitness: 210.000000 Time: 0 */
/* Position #63*/
#1 x: 41 y: 35
#2 x: 28 y: 18
#3 x: 19 y: 38
#4 x: 82 y: 73
#5 x: 53 y: 80
#6 x: 36 y: 67
genomestart 63
trait 1 43007.000000 16300.000000 6994.000000 28041.000000 57524.000000 37112.000000 87908.000000 80535.000000 trait 2 0.000000 43855.000000 0.000000 95786.000000 51940.000000 72099.000000 50358.000000 23911.000000 trait 3 0.000000 0.000000 0.000000 0.000000 0.000000 13538.000000 98382.000000 84848.000000 trait 4 4.000000 0.000000 0.000000 36940.000000 0.000000 0.000000 43316.000000 37957.000000 node 1 4 1 3
node 2 4 1 1
node 3 1 1 1
node 4 1 1 1
node 5 1 1 1
node 6 2 1 1
node 7 4 1 1
node 8 4 1 1
node 9 2 1 1
node 10 1 1 1
node 11 2 1 1
node 12 4 1 1
node 13 2 0 2
node 14 1 0 2
node 15 3 0 2
node 121 1 0 0
node 235 1 0 0
node 384 1 0 0
node 420 1 0 0
node 433 1 0 0
node 461 1 0 0
node 500 1 0 0
node 516 1 0 0
node 697 3 0 0
node 1018 1 0 0
node 1130 1 0 0
node 1323 3 0 0
node 1393 1 0 0
node 1479 1 0 0
node 1531 4 0 0
node 1683 1 0 0
node 1735 1 0 0
node 1875 1 0 0
node 2034 1 0 0
node 2142 1 0 0
node 2172 1 0 0
node 2206 1 0 0
node 2313 1 0 0
node 2332 1 0 0
node 2368 3 0 0
node 2491 1 0 0
node 2512 1 0 0
node 2530 1 0 0
node 2547 1 0 0
node 2692 1 0 0
node 2786 1 0 0
node 2915 1 0 0
node 3042 1 0 0
node 3079 1 0 0
node 3409 1 0 0
node 3527 1 0 0
node 3557 1 0 0
node 3610 1 0 0
node 3642 1 0 0
node 3859 1 0 0
gene 2 1 13 -286434 0 1 -286434 1
gene 3 2 13 226812 0 2 226812 1
gene 2 3 13 -179112 0 3 -179112 0
gene 3 4 13 461046 0 4 461046 1
gene 2 5 13 -220107 0 5 -220107 0
gene 4 6 13 -152097 0 6 -152097 1
gene 3 7 13 -33381 0 7 -33381 1
gene 2 8 13 116358 0 8 116358 0
gene 3 9 13 -44328 0 9 -44328 1
gene 2 10 13 99456 0 10 99456 0
gene 2 11 13 -591990 0 11 -591990 1
gene 4 12 13 88527 0 12 88527 1
gene 2 1 14 -210900 0 13 -210900 1
gene 2 2 14 168741 0 14 168741 1
gene 4 3 14 194721 0 15 194721 1
gene 4 4 14 -800000 0 16 -800000 1
gene 4 5 14 370145 0 17 370145 1
gene 3 6 14 -648837 0 18 -648837 0
gene 2 7 14 -238848 0 19 -238848 1
gene 1 8 14 257784 0 20 257784 0
gene 3 9 14 289539 0 21 289539 1
gene 1 10 14 -139236 0 22 -139236 1
gene 1 11 14 -153177 0 23 -153177 1
gene 3 12 14 224037 0 24 224037 1
gene 3 1 15 -68673 0 25 -68673 1
gene 3 2 15 359997 0 26 359997 1
gene 3 3 15 129117 0 27 129117 0
gene 3 4 15 -18567 0 28 -18567 1
gene 3 5 15 -201123 0 29 -201123 1
gene 1 6 15 92091 0 30 92091 1
gene 3 7 15 62850 0 31 62850 1
gene 3 8 15 -96480 0 32 -96480 1
gene 3 9 15 -1269 0 33 -1269 1
gene 3 10 15 71742 0 34 71742 1
gene 2 11 15 -298701 0 35 -298701 1
gene 4 12 15 -800000 0 36 -800000 1
gene 4 15 15 -103512 1 174 -103512 1
gene 3 8 121 -238602 0 329 -238602 1
gene 3 121 15 181170 0 330 181170 1
gene 2 5 121 -26877 0 438 -26877 0
gene 2 7 121 -303168 0 483 -303168 0
gene 4 4 235 -240987 0 666 -240987 1
gene 4 235 14 98985 0 667 98985 1
gene 1 1 235 -206814 0 753 -206814 1
gene 3 9 235 347001 0 1108 347001 1
gene 3 10 384 -326763 0 1126 -326763 1
gene 3 384 15 45465 0 1127 45465 1
gene 2 14 14 418704 1 1197 418704 1
gene 3 7 420 -636137 0 1239 -636137 0
gene 3 420 15 263436 0 1240 263436 0
gene 3 2 433 5682 0 1284 5682 1
gene 3 433 13 -86205 0 1285 -86205 1
gene 4 3 461 132579 0 1352 132579 1
gene 4 461 14 86322 0 1353 86322 1
gene 4 15 500 -51801 1 1453 -51801 1
gene 4 500 15 -113352 0 1454 -113352 1
gene 1 8 516 -401163 0 1500 -401163 1
gene 1 516 14 87087 0 1501 87087 1
gene 1 384 121 202821 0 1548 202821 1
gene 2 8 461 150198 0 1965 150198 1
gene 3 3 697 65178 0 2038 65178 1
gene 3 697 15 418911 0 2039 418911 1
gene 2 1 500 523229 0 2133 523229 1
gene 1 3 433 -187068 0 2628 -187068 1
gene 1 516 516 -164970 1 2664 -164970 1
gene 3 8 1018 800000 0 2997 800000 1
gene 3 1018 121 -71520 0 2998 -71520 0
gene 3 15 433 -159972 0 3156 -159972 0
gene 1 10 1130 291582 0 3329 291582 1
gene 1 1130 14 -366786 0 3330 -366786 1
gene 3 500 697 524796 0 3371 524796 1
gene 2 3 516 -590013 0 3603 -590013 0
gene 2 9 1323 47061 0 3885 47061 0
gene 2 1323 14 -36444 0 3886 -36444 1
gene 2 121 420 126513 0 3959 126513 1
gene 2 8 1393 -209652 0 4093 -209652 1
gene 2 1393 13 585969 0 4094 585969 1
gene 1 11 1479 -231033 0 4325 -231033 1
gene 1 1479 14 41622 0 4326 41622 1
gene 4 12 1531 281313 0 4477 281313 1
gene 4 1531 15 -53709 0 4478 -53709 1
gene 3 1393 433 -284328 0 4734 -284328 1
gene 2 1323 1683 -223854 0 4950 -223854 1
gene 2 1683 14 559647 0 4951 559647 1
gene 3 6 1735 -220263 0 5103 -220263 1
gene 3 1735 14 134355 0 5104 134355 1
gene 1 5 516 -172434 0 5346 -172434 1
gene 1 516 433 -90636 0 5443 -90636 1
gene 3 2 1875 154095 0 5505 154095 1
gene 3 1875 433 -198063 0 5506 -198063 1
gene 1 1683 461 205515 0 5687 205515 1
gene 1 516 121 346245 0 5877 346245 1
gene 3 3 2034 483063 0 5939 483063 1
gene 3 2034 697 -229818 0 5940 -229818 1
gene 3 5 1479 -184524 0 6157 -184524 1
gene 3 7 2142 -39288 0 6248 -39288 1
gene 3 2142 420 176760 0 6249 176760 1
gene 3 420 2172 51228 0 6332 51228 1
gene 3 2172 15 547389 0 6333 547389 0
gene 2 1735 1735 203349 1 6388 203349 1
gene 2 8 2206 -210114 0 6436 -210114 1
gene 2 2206 1393 -148743 0 6437 -148743 1
gene 2 121 2313 -380772 0 6747 -380772 1
gene 2 2313 420 212943 0 6748 212943 1
gene 2 9 2332 -162306 0 6797 -162306 1
gene 2 2332 1323 -24318 0 6798 -24318 1
gene 4 1323 2034 -165903 0 6848 -165903 1
gene 2 7 2368 256788 0 6897 256788 0
gene 2 2368 121 -193107 0 6898 -193107 1
gene 2 384 1531 747081 0 7018 747081 0
gene 2 2142 1018 -442776 0 7205 -442776 1
gene 3 2206 2034 -98697 0 7245 -98697 1
gene 2 7 2491 282093 0 7283 282093 1
gene 2 2491 2368 -136950 0 7284 -136950 1
gene 2 5 2512 -38328 0 7337 -38328 1
gene 2 2512 13 -13983 0 7338 -13983 1
gene 2 10 2530 -157341 0 7387 -157341 1
gene 1 2530 13 -150081 0 7388 -150081 1
gene 3 9 2547 -19665 0 7440 -19665 1
gene 3 2547 13 -570066 0 7441 -570066 1
gene 2 2530 1479 63255 0 7594 63255 1
gene 1 1479 2692 10392 0 7856 10392 0
gene 1 2692 14 368601 0 7857 368601 1
gene 3 4 1130 171906 0 7980 171906 1
gene 4 3 2786 -134184 0 8132 -134184 1
gene 4 2786 14 -18723 0 8133 -18723 1
gene 3 384 384 572724 1 8429 572724 1
gene 2 3 2915 284142 0 8516 284142 1
gene 2 2915 516 -80469 0 8517 -80469 1
gene 4 433 433 124887 1 8562 124887 1
gene 2 2547 1479 -53385 0 8709 -53385 0
gene 3 2206 1683 -421323 0 8777 -421323 1
gene 2 5 3042 236559 0 8890 236559 1
gene 2 3042 121 -23892 0 8891 -23892 1
gene 1 1479 3079 247758 0 9004 247758 1
gene 1 3079 2692 -202695 0 9005 -202695 1
gene 4 516 2547 -209715 0 9030 -209715 1
gene 3 1875 2915 -230646 0 9219 -230646 1
gene 2 2 420 -88575 0 9364 -88575 1
gene 2 1735 1531 96909 0 9549 96909 1
gene 4 9 697 -15777 0 9875 -15777 1
gene 4 12 2786 -262056 0 9948 -262056 1
gene 2 2547 3409 -3612 0 10007 -3612 1
gene 2 3409 1479 -68268 0 10008 -68268 1
gene 2 8 500 299031 0 10064 299031 1
gene 2 3 3527 399906 0 10362 399906 1
gene 2 3527 13 93990 0 10363 93990 1
gene 3 500 500 -607020 1 10410 -607020 1
gene 2 384 3557 -171522 0 10455 -171522 1
gene 2 3557 1531 175134 0 10456 175134 1
gene 1 2491 1018 416148 0 10493 416148 1
gene 2 7 3610 -14528 0 10603 -14528 1
gene 2 3610 2368 228225 0 10604 228225 1
gene 1 2142 2142 13707 1 10644 13707 1
gene 3 15 3642 -674357 0 10707 -674357 1
gene 3 3642 433 204795 0 10708 204795 1
gene 3 2313 15 -633022 0 10762 -633022 1
gene 2 2332 1875 58371 0 11004 58371 1
gene 3 2172 3859 181320 0 11354 181320 1
gene 3 3859 15 -70017 0 11355 -70017 1
gene 3 516 2034 67804 0 11404 67804 1
genomeend 63


/* Organism #66 Fitness: 350.000000 Time: 0 */
/* Position #66*/
#1 x: 64 y: 32
#2 x: 57 y: 22
#3 x: 32 y: 26
#4 x: 85 y: 67
#5 x: 59 y: 65
#6 x: 71 y: 85
genomestart 66
trait 1 43007.000000 16300.000000 6994.000000 28041.000000 57524.000000 37112.000000 87908.000000 80535.000000 trait 2 0.000000 0.000000 100000.000000 95786.000000 51940.000000 0.000000 0.000000 62181.000000 trait 3 0.000000 0.000000 0.000000 51304.000000 0.000000 13538.000000 70969.000000 30146.000000 trait 4 4.000000 0.000000 79338.000000 27432.000000 0.000000 0.000000 61142.000000 0.000000 node 1 4 1 3
node 2 4 1 1
node 3 1 1 1
node 4 1 1 1
node 5 1 1 1
node 6 2 1 1
node 7 4 1 1
node 8 4 1 1
node 9 2 1 1
node 10 1 1 1
node 11 2 1 1
node 12 4 1 1
node 13 2 0 2
node 14 1 0 2
node 15 3 0 2
node 121 1 0 0
node 235 1 0 0
node 384 1 0 0
node 420 1 0 0
node 433 1 0 0
node 461 1 0 0
node 500 1 0 0
node 516 1 0 0
node 697 3 0 0
node 1018 1 0 0
node 1130 1 0 0
node 1323 3 0 0
node 1393 1 0 0
node 1479 1 0 0
node 1531 4 0 0
node 1683 1 0 0
node 1735 1 0 0
node 1875 1 0 0
node 2034 1 0 0
node 2142 1 0 0
node 2172 1 0 0
node 2206 1 0 0
node 2313 1 0 0
node 2332 1 0 0
node 2368 3 0 0
node 2491 1 0 0
node 2512 1 0 0
node 2530 1 0 0
node 2547 1 0 0
node 2692 1 0 0
node 2786 1 0 0
node 2915 1 0 0
node 3042 1 0 0
node 3079 1 0 0
node 3409 1 0 0
node 3542 1 0 0
node 3555 1 0 0
node 3590 1 0 0
node 3734 1 0 0
node 3877 1 0 0
gene 2 1 13 -280833 0 1 -280833 1
gene 3 2 13 800000 0 2 800000 1
gene 2 3 13 -242970 0 3 -242970 1
gene 3 4 13 45078 0 4 45078 1
gene 2 5 13 423969 0 5 423969 0
gene 4 6 13 218679 0 6 218679 1
gene 3 7 13 800000 0 7 800000 1
gene 2 8 13 302685 0 8 302685 0
gene 3 9 13 -613034 0 9 -613034 1
gene 2 10 13 38610 0 10 38610 0
gene 2 11 13 199272 0 11 199272 1
gene 4 12 13 217277 0 12 217277 1
gene 2 1 14 318069 0 13 318069 1
gene 2 2 14 800000 0 14 800000 1
gene 4 3 14 -385533 0 15 -385533 1
gene 4 4 14 295475 0 16 295475 1
gene 4 5 14 382899 0 17 382899 1
gene 3 6 14 193029 0 18 193029 0
gene 2 7 14 326925 0 19 326925 1
gene 1 8 14 97380 0 20 97380 0
gene 3 9 14 663774 0 21 663774 1
gene 1 10 14 401580 0 22 401580 1
gene 1 11 14 204387 0 23 204387 1
gene 3 12 14 -293481 0 24 -293481 1
gene 3 1 15 114330 0 25 114330 1
gene 3 2 15 800000 0 26 800000 1
gene 3 3 15 314136 0 27 314136 0
gene 3 4 15 529671 0 28 529671 1
gene 3 5 15 537840 0 29 537840 1
gene 1 6 15 49987 0 30 49987 1
gene 3 7 15 -202161 0 31 -202161 1
gene 3 8 15 107967 0 32 107967 1
gene 3 9 15 -222534 0 33 -222534 1
gene 3 10 15 490422 0 34 490422 1
gene 2 11 15 -75546 0 35 -75546 1
gene 4 12 15 -102450 0 36 -102450 0
gene 4 15 15 192414 1 174 192414 1
gene 3 8 121 -147495 0 329 -147495 1
gene 3 121 15 -449961 0 330 -449961 1
gene 2 5 121 -173184 0 438 -173184 0
gene 2 7 121 136155 0 483 136155 0
gene 4 4 235 690996 0 666 690996 1
gene 4 235 14 188124 0 667 188124 1
gene 1 1 235 -800000 0 753 -800000 1
gene 3 9 235 -87186 0 1108 -87186 1
gene 3 10 384 171264 0 1126 171264 1
gene 3 384 15 332685 0 1127 332685 1
gene 2 14 14 -179808 1 1197 -179808 1
gene 3 7 420 -508383 0 1239 -508383 0
gene 3 420 15 193083 0 1240 193083 0
gene 3 2 433 -427611 0 1284 -427611 0
gene 3 433 13 121122 0 1285 121122 1
gene 4 3 461 -209802 0 1352 -209802 1
gene 4 461 14 428160 0 1353 428160 1
gene 4 15 500 -427032 1 1453 -427032 1
gene 4 500 15 -518993 0 1454 -518993 1
gene 1 8 516 58827 0 1500 58827 1
gene 1 516 14 -454770 0 1501 -454770 1
gene 1 384 121 201993 0 1548 201993 1
gene 2 8 461 -125202 0 1965 -125202 1
gene 3 3 697 -278781 0 2038 -278781 1
gene 3 697 15 -15789 0 2039 -15789 1
gene 2 1 500 21161 0 2133 21161 1
gene 1 3 433 18594 0 2628 18594 1
gene 1 516 516 -800000 1 2664 -800000 1
gene 3 8 1018 94647 0 2997 94647 1
gene 3 1018 121 -800000 0 2998 -800000 0
gene 3 15 433 -649989 0 3156 -649989 1
gene 1 10 1130 -94362 0 3329 -94362 1
gene 1 1130 14 587631 0 3330 587631 1
gene 3 500 697 795042 0 3371 795042 1
gene 2 3 516 -686825 0 3603 -686825 0
gene 2 9 1323 92916 0 3885 92916 0
gene 2 1323 14 649367 0 3886 649367 1
gene 2 121 420 485397 0 3959 485397 1
gene 2 8 1393 221541 0 4093 221541 1
gene 2 1393 13 -800000 0 4094 -800000 1
gene 1 11 1479 -306783 0 4325 -306783 1
gene 1 1479 14 107463 0 4326 107463 1
gene 1 12 1531 -363660 0 4477 -363660 1
gene 4 1531 15 -160263 0 4478 -160263 1
gene 3 1393 433 -73638 0 4734 -73638 1
gene 2 1323 1683 -147651 0 4950 -147651 1
gene 2 1683 14 -240059 0 4951 -240059 1
gene 3 6 1735 -11217 0 5103 -11217 1
gene 3 1735 14 168615 0 5104 168615 1
gene 1 5 516 -189132 0 5346 -189132 1
gene 1 516 433 -520356 0 5443 -520356 1
gene 3 2 1875 -374538 0 5505 -374538 1
gene 3 1875 433 -108258 0 5506 -108258 1
gene 1 1683 461 233637 0 5687 233637 1
gene 1 516 121 -220698 0 5877 -220698 1
gene 3 3 2034 201123 0 5939 201123 1
gene 3 2034 697 176784 0 5940 176784 1
gene 3 5 1479 -310833 0 6157 -310833 1
gene 3 7 2142 64728 0 6248 64728 1
gene 3 2142 420 149739 0 6249 149739 1
gene 3 420 2172 493080 0 6332 493080 1
gene 3 2172 15 675104 0 6333 675104 1
gene 2 1735 1735 -800000 1 6388 -800000 1
gene 2 8 2206 800000 0 6436 800000 1
gene 2 2206 1393 800000 0 6437 800000 1
gene 2 121 2313 -800000 0 6747 -800000 1
gene 2 2313 420 -121821 0 6748 -121821 1
gene 2 9 2332 -286620 0 6797 -286620 0
gene 2 2332 1323 114492 0 6798 114492 1
gene 4 1323 2034 -20532 0 6848 -20532 1
gene 2 7 2368 -50442 0 6897 -50442 1
gene 2 2368 121 234819 0 6898 234819 1
gene 2 384 1531 800000 0 7018 800000 1
gene 2 2142 1018 -31509 0 7205 -31509 1
gene 3 2206 2034 -101538 0 7245 -101538 1
gene 2 7 2491 413537 0 7283 413537 1
gene 2 2491 2368 -108702 0 7284 -108702 1
gene 2 5 2512 105429 0 7337 105429 1
gene 2 2512 13 90930 0 7338 90930 1
gene 2 10 2530 622218 0 7387 622218 1
gene 2 2530 13 -417372 0 7388 -417372 1
gene 3 9 2547 11439 0 7440 11439 0
gene 3 2547 13 -371117 0 7441 -371117 1
gene 2 2530 1479 545094 0 7594 545094 1
gene 1 1479 2692 -50796 0 7856 -50796 0
gene 1 2692 14 -210456 0 7857 -210456 1
gene 3 4 1130 296454 0 7980 296454 1
gene 4 3 2786 495279 0 8132 495279 1
gene 4 2786 14 169236 0 8133 169236 1
gene 3 384 384 -132684 1 8429 -132684 1
gene 2 3 2915 -34965 0 8516 -34965 1
gene 2 2915 516 -326808 0 8517 -326808 1
gene 4 433 433 231438 1 8562 231438 1
gene 2 2547 1479 -13146 0 8709 -13146 0
gene 3 2206 1683 279180 0 8777 279180 1
gene 2 5 3042 677340 0 8890 677340 1
gene 2 3042 121 -519128 0 8891 -519128 1
gene 1 1479 3079 -598056 0 9004 -598056 1
gene 1 3079 2692 -338154 0 9005 -338154 1
gene 4 516 2547 39636 0 9030 39636 0
gene 3 1875 2915 14532 0 9219 14532 1
gene 2 2 420 334488 0 9364 334488 1
gene 2 1735 1531 62088 0 9549 62088 1
gene 4 9 697 4767 0 9875 4767 1
gene 4 12 2786 790808 0 9948 790808 1
gene 2 2547 3409 -69738 0 10007 -69738 1
gene 2 3409 1479 -250173 0 10008 -250173 1
gene 2 2206 2206 414510 1 10238 414510 1
gene 3 1018 516 547174 0 10356 547174 1
gene 4 516 3542 -115623 0 10405 -115623 1
gene 4 3542 2547 -175857 0 10406 -175857 1
gene 2 9 3555 253644 0 10451 253644 1
gene 3 3555 2547 -165597 0 10452 -165597 1
gene 3 2206 2915 -243783 0 10490 -243783 1
gene 2 9 3590 -57528 0 10547 -57528 1
gene 2 3590 2332 -210339 0 10548 -210339 1
gene 1 1735 2692 -532361 0 10681 -532361 1
gene 3 2 3734 201076 0 11002 201076 1
gene 3 3734 433 -483654 0 11003 -483654 1
gene 4 12 3877 -97871 0 11410 -97871 1
gene 4 3877 15 -108516 0 11411 -108516 1
genomeend 66


/* Organism #70 Fitness: 250.000000 Time: 0 */
/* Position #70*/
#1 x: 30 y: 37
#2 x: 32 y: 23
#3 x: 71 y: 36
#4 x: 70 y: 62
#5 x: 47 y: 84
#6 x: 16 y: 64
genomestart 70
trait 1 43007.000000 16300.000000 6994.000000 28041.000000 57524.000000 37112.000000 87908.000000 80535.000000 trait 2 30533.000000 24215.000000 70868.000000 0.000000 0.000000 0.000000 0.000000 18399.000000 trait 3 0.000000 83419.000000 0.000000 65858.000000 0.000000 0.000000 100000.000000 41343.000000 trait 4 26570.000000 0.000000 0.000000 0.000000 0.000000 76740.000000 67190.000000 100000.000000 node 1 4 1 3
node 2 4 1 1
node 3 1 1 1
node 4 1 1 1
node 5 1 1 1
node 6 2 1 1
node 7 4 1 1
node 8 4 1 1
node 9 2 1 1
node 10 1 1 1
node 11 2 1 1
node 12 4 1 1
node 13 2 0 2
node 14 1 0 2
node 15 3 0 2
node 121 1 0 0
node 235 1 0 0
node 384 1 0 0
node 420 1 0 0
node 433 1 0 0
node 461 1 0 0
node 500 1 0 0
node 516 1 0 0
node 697 3 0 0
node 1018 1 0 0
node 1130 1 0 0
node 1323 3 0 0
node 1393 1 0 0
node 1479 1 0 0
node 1531 3 0 0
node 1683 1 0 0
node 1735 1 0 0
node 1875 1 0 0
node 2034 1 0 0
node 2142 1 0 0
node 2172 1 0 0
node 2206 3 0 0
node 2313 1 0 0
node 2332 1 0 0
node 2368 4 0 0
node 2491 1 0 0
node 2512 1 0 0
node 2530 1 0 0
node 2547 1 0 0
node 2692 1 0 0
node 2786 1 0 0
node 2912 1 0 0
node 3009 1 0 0
node 3109 1 0 0
node 3157 1 0 0
node 3182 1 0 0
node 3270 1 0 0
node 3412 1 0 0
node 3599 1 0 0
node 3705 1 0 0
node 3728 1 0 0
node 3814 1 0 0
node 3833 1 0 0
gene 2 1 13 -665255 0 1 -665255 1
gene 1 2 13 -600911 0 2 -600911 1
gene 2 3 13 83733 0 3 83733 1
gene 3 4 13 -390462 0 4 -390462 1
gene 2 5 13 -800000 0 5 -800000 0
gene 4 6 13 651888 0 6 651888 1
gene 3 7 13 -154743 0 7 -154743 1
gene 2 8 13 118479 0 8 118479 0
gene 3 9 13 -414512 0 9 -414512 1
gene 2 10 13 -58494 0 10 -58494 0
gene 2 11 13 -594870 0 11 -594870 1
gene 4 12 13 458838 0 12 458838 1
gene 2 1 14 39792 0 13 39792 1
gene 2 2 14 -325035 0 14 -325035 1
gene 4 3 14 -182718 0 15 -182718 0
gene 4 4 14 449744 0 16 449744 0
gene 4 5 14 -526352 0 17 -526352 1
gene 3 6 14 320733 0 18 320733 0
gene 2 7 14 432114 0 19 432114 1
gene 3 8 14 800000 0 20 800000 0
gene 3 9 14 96339 0 21 96339 1
gene 1 10 14 676559 0 22 676559 0
gene 1 11 14 -164082 0 23 -164082 1
gene 4 12 14 458127 0 24 458127 1
gene 3 1 15 -355537 0 25 -355537 1
gene 3 2 15 -24714 0 26 -24714 1
gene 3 3 15 95121 0 27 95121 0
gene 3 4 15 220851 0 28 220851 1
gene 3 5 15 -407385 0 29 -407385 1
gene 1 6 15 -450726 0 30 -450726 0
gene 3 7 15 -77700 0 31 -77700 1
gene 3 8 15 35883 0 32 35883 1
gene 3 9 15 684701 0 33 684701 1
gene 3 10 15 211277 0 34 211277 0
gene 2 11 15 -8145 0 35 -8145 0
gene 4 12 15 -264048 0 36 -264048 0
gene 4 15 15 240777 1 174 240777 0
gene 3 8 121 -111366 0 329 -111366 0
gene 3 121 15 -298176 0 330 -298176 1
gene 2 5 121 32037 0 438 32037 1
gene 2 7 121 252885 0 483 252885 0
gene 4 4 235 -275073 0 666 -275073 1
gene 4 235 14 440832 0 667 440832 1
gene 1 1 235 800000 0 753 800000 1
gene 3 9 235 -261552 0 1108 -261552 1
gene 3 10 384 800000 0 1126 800000 1
gene 3 384 15 -305571 0 1127 -305571 1
gene 2 14 14 -115802 1 1197 -115802 1
gene 3 7 420 -140460 0 1239 -140460 0
gene 3 420 15 43791 0 1240 43791 0
gene 3 2 433 280323 0 1284 280323 1
gene 3 433 13 -183219 0 1285 -183219 1
gene 4 3 461 391974 0 1352 391974 1
gene 4 461 14 -500927 0 1353 -500927 1
gene 4 15 500 430125 1 1453 430125 1
gene 4 500 15 52494 0 1454 52494 0
gene 1 8 516 237504 0 1500 237504 1
gene 1 516 14 43875 0 1501 43875 1
gene 1 384 121 800000 0 1548 800000 1
gene 2 8 461 -112926 0 1965 -112926 1
gene 3 3 697 -107859 0 2038 -107859 0
gene 3 697 15 -640773 0 2039 -640773 1
gene 2 1 500 -281871 0 2133 -281871 1
gene 1 3 433 619655 0 2628 619655 1
gene 1 516 516 85530 1 2664 85530 0
gene 3 8 1018 -800000 0 2997 -800000 1
gene 3 1018 121 613406 0 2998 613406 0
gene 3 15 433 -340827 0 3156 -340827 1
gene 1 10 1130 -47958 0 3329 -47958 1
gene 1 1130 14 -290276 0 3330 -290276 1
gene 3 500 697 23949 0 3371 23949 1
gene 2 3 516 -405267 0 3603 -405267 1
gene 2 9 1323 -8646 0 3885 -8646 0
gene 2 1323 14 -551753 0 3886 -551753 0
gene 2 121 420 62283 0 3959 62283 1
gene 2 8 1393 46263 0 4093 46263 1
gene 2 1393 13 -349899 0 4094 -349899 1
gene 1 11 1479 -54726 0 4325 -54726 1
gene 1 1479 14 111483 0 4326 111483 1
gene 4 12 1531 615431 0 4477 615431 1
gene 4 1531 15 -785321 0 4478 -785321 1
gene 3 1393 433 -111663 0 4734 -111663 1
gene 2 1323 1683 -133824 0 4950 -133824 1
gene 2 1683 14 800000 0 4951 800000 1
gene 3 6 1735 650138 0 5103 650138 1
gene 3 1735 14 -209637 0 5104 -209637 0
gene 1 5 516 -393645 0 5346 -393645 1
gene 1 516 433 -605081 0 5443 -605081 1
gene 3 2 1875 82467 0 5505 82467 1
gene 3 1875 433 -133569 0 5506 -133569 1
gene 1 1683 461 215388 0 5687 215388 1
gene 1 516 121 275208 0 5877 275208 1
gene 3 3 2034 -456261 0 5939 -456261 1
gene 3 2034 697 580788 0 5940 580788 1
gene 3 5 1479 88983 0 6157 88983 1
gene 3 7 2142 -800000 0 6248 -800000 1
gene 3 2142 420 -90197 0 6249 -90197 1
gene 3 420 2172 -258717 0 6332 -258717 1
gene 3 2172 15 458475 0 6333 458475 1
gene 2 1735 1735 295242 1 6388 295242 1
gene 2 8 2206 713849 0 6436 713849 1
gene 2 2206 1393 -62673 0 6437 -62673 1
gene 2 121 2313 -208050 0 6747 -208050 1
gene 2 2313 420 113742 0 6748 113742 1
gene 2 9 2332 184017 0 6797 184017 1
gene 2 2332 1323 -373590 0 6798 -373590 1
gene 4 1323 2034 556545 0 6848 556545 1
gene 2 7 2368 -15216 0 6897 -15216 1
gene 2 2368 121 -800000 0 6898 -800000 1
gene 2 384 1531 111063 0 7018 111063 1
gene 2 2142 1018 -485198 0 7205 -485198 0
gene 3 2206 2034 134970 0 7245 134970 1
gene 2 7 2491 -59139 0 7283 -59139 1
gene 2 2491 2368 278364 0 7284 278364 1
gene 2 5 2512 134292 0 7337 134292 1
gene 2 2512 13 524076 0 7338 524076 1
gene 2 10 2530 -149823 0 7387 -149823 1
gene 2 2530 13 -173817 0 7388 -173817 1
gene 3 9 2547 180609 0 7440 180609 1
gene 3 2547 13 -314568 0 7441 -314568 1
gene 2 2530 1479 -641009 0 7594 -641009 1
gene 1 1479 2692 421329 0 7856 421329 1
gene 1 2692 14 -161193 0 7857 -161193 1
gene 3 4 1130 169407 0 7980 169407 1
gene 4 3 2786 692337 0 8132 692337 1
gene 4 2786 14 142725 0 8133 142725 1
gene 4 2547 1735 -800000 0 8311 -800000 1
gene 3 2692 461 -603255 0 8358 -603255 1
gene 4 500 2912 -183912 0 8507 -183912 1
gene 1 2912 15 51075 0 8508 51075 0
gene 1 2912 1130 709416 0 8750 709416 1
gene 2 2142 3009 -259905 0 8799 -259905 0
gene 2 3009 1018 -297279 0 8800 -297279 1
gene 3 2034 2034 145275 1 8851 145275 1
gene 3 3 3109 -421260 0 9107 -421260 1
gene 3 3109 697 -194718 0 9108 -194718 1
gene 1 2912 3157 100851 0 9248 100851 1
gene 1 3157 15 246 0 9249 246 1
gene 3 2530 121 84750 0 9284 84750 0
gene 1 516 3182 111708 1 9328 111708 1
gene 1 3182 516 106743 0 9329 106743 1
gene 1 2491 1531 114477 0 9377 114477 1
gene 3 2530 3270 -230811 0 9577 -230811 1
gene 3 3270 121 -98526 0 9578 -98526 1
gene 4 2512 2512 273693 1 9707 273693 1
gene 4 1683 1393 -128541 0 9807 -128541 1
gene 2 2142 3412 69534 0 10015 69534 1
gene 2 3412 3009 496521 0 10016 496521 1
gene 1 1 2034 240138 0 10265 240138 1
gene 1 3412 3412 140898 1 10366 140898 1
gene 2 500 2332 -313218 0 10431 -313218 1
gene 3 1735 3599 -14409 0 10574 -14409 0
gene 3 3599 14 215352 0 10575 215352 1
gene 3 1735 3705 245706 0 10921 245706 1
gene 3 3705 3599 -189992 0 10922 -189992 1
gene 1 10 3728 -263304 0 10984 -263304 1
gene 1 3728 14 322815 0 10985 322815 1
gene 3 5 235 -21 0 11141 -21 1
gene 2 11 3814 388305 0 11227 388305 1
gene 2 3814 15 -571083 0 11228 -571083 1
gene 1 6 3833 422935 0 11277 422935 1
gene 1 3833 15 -422136 0 11278 -422136 1
genomeend 70


