/* Organism #2 Fitness: 360.000000 Time: 0 */
/* Position #2*/
#1 x: 57 y: 17
#2 x: 50 y: 20
#3 x: 53 y: 26
#4 x: 16 y: 74
#5 x: 51 y: 75
#6 x: 45 y: 76
genomestart 2
node 1 3 1 3
node 2 2 1 1
node 3 1 1 1
node 4 1 1 1
node 5 3 1 1
node 6 4 1 1
node 7 4 1 1
node 8 1 1 1
node 9 2 1 1
node 10 2 1 1
node 11 1 1 1
node 12 1 1 1
node 13 4 0 2
node 14 1 0 2
node 15 1 0 2
gene 3 1 13 20607 0 1 20607 1
gene 2 2 13 247809 0 2 247809 1
gene 1 3 13 -468725 0 3 -468725 1
gene 4 4 13 -226827 0 4 -226827 1
gene 4 5 13 110862 0 5 110862 1
gene 3 6 13 -314274 0 6 -314274 1
gene 1 7 13 150654 0 7 150654 1
gene 1 8 13 -459054 0 8 -459054 1
gene 3 9 13 800000 0 9 800000 1
gene 2 10 13 190470 0 10 190470 1
gene 1 11 13 -403119 0 11 -403119 1
gene 2 12 13 -338859 0 12 -338859 1
gene 1 1 14 -800000 0 13 -800000 1
gene 4 2 14 663447 0 14 663447 1
gene 4 3 14 -279537 0 15 -279537 1
gene 4 4 14 -30021 0 16 -30021 1
gene 2 5 14 -32634 0 17 -32634 1
gene 4 6 14 200496 0 18 200496 1
gene 2 7 14 -354894 0 19 -354894 1
gene 4 8 14 341832 0 20 341832 1
gene 4 9 14 -291171 0 21 -291171 1
gene 2 10 14 -800000 0 22 -800000 1
gene 4 11 14 255047 0 23 255047 1
gene 3 12 14 800000 0 24 800000 1
gene 1 1 15 266097 0 25 266097 1
gene 2 2 15 89313 0 26 89313 1
gene 4 3 15 -191448 0 27 -191448 1
gene 4 4 15 -684462 0 28 -684462 1
gene 2 5 15 800000 0 29 800000 1
gene 2 6 15 351270 0 30 351270 1
gene 3 7 15 -337340 0 31 -337340 1
gene 3 8 15 800000 0 32 800000 1
gene 4 9 15 46908 0 33 46908 1
gene 3 10 15 200363 0 34 200363 1
gene 4 11 15 -173028 0 35 -173028 1
gene 1 12 15 -239085 0 36 -239085 1
gene 1 14 15 343704 0 48 343704 1
gene 2 14 13 175383 0 73 175383 1
gene 1 15 15 290673 1 93 290673 1
gene 3 14 14 531936 1 150 531936 1
gene 2 15 13 287091 0 226 287091 1
gene 1 13 13 -468117 1 287 -468117 1
genomeend 2


/* Organism #6 Fitness: 340.000000 Time: 0 */
/* Position #6*/
#1 x: 28 y: 31
#2 x: 25 y: 25
#3 x: 16 y: 26
#4 x: 49 y: 66
#5 x: 27 y: 67
#6 x: 67 y: 60
genomestart 6
node 1 4 1 3
node 2 2 1 1
node 3 2 1 1
node 4 2 1 1
node 5 1 1 1
node 6 1 1 1
node 7 1 1 1
node 8 1 1 1
node 9 2 1 1
node 10 3 1 1
node 11 4 1 1
node 12 3 1 1
node 13 4 0 2
node 14 1 0 2
node 15 1 0 2
gene 3 1 13 -150480 0 1 -150480 1
gene 2 2 13 498060 0 2 498060 1
gene 3 3 13 508993 0 3 508993 1
gene 4 4 13 -516167 0 4 -516167 1
gene 4 5 13 261237 0 5 261237 1
gene 3 6 13 -159591 0 6 -159591 1
gene 3 7 13 464226 0 7 464226 1
gene 1 8 13 -291569 0 8 -291569 1
gene 3 9 13 316050 0 9 316050 1
gene 2 10 13 -314952 0 10 -314952 1
gene 1 11 13 -59556 0 11 -59556 1
gene 2 12 13 283113 0 12 283113 1
gene 1 1 14 -194745 0 13 -194745 1
gene 4 2 14 177459 0 14 177459 1
gene 4 3 14 -347709 0 15 -347709 1
gene 4 4 14 177582 0 16 177582 1
gene 2 5 14 21699 0 17 21699 1
gene 4 6 14 314130 0 18 314130 1
gene 2 7 14 -350202 0 19 -350202 1
gene 4 8 14 44391 0 20 44391 1
gene 4 9 14 13728 0 21 13728 1
gene 1 10 14 -297294 0 22 -297294 1
gene 4 11 14 -81297 0 23 -81297 1
gene 3 12 14 -691653 0 24 -691653 1
gene 1 1 15 247035 0 25 247035 1
gene 3 2 15 -800000 0 26 -800000 1
gene 4 3 15 68400 0 27 68400 1
gene 4 4 15 -142296 0 28 -142296 1
gene 2 5 15 -499730 0 29 -499730 1
gene 3 6 15 785702 0 30 785702 1
gene 3 7 15 288036 0 31 288036 1
gene 3 8 15 -72432 0 32 -72432 1
gene 4 9 15 -800000 0 33 -800000 1
gene 3 10 15 10803 0 34 10803 1
gene 4 11 15 800000 0 35 800000 1
gene 2 12 15 800000 0 36 800000 1
gene 4 14 15 225339 0 48 225339 1
gene 2 14 13 -418440 0 73 -418440 1
gene 1 15 15 93894 1 93 93894 1
gene 3 14 14 103599 1 150 103599 1
gene 4 13 13 280740 1 244 280740 1
gene 3 13 15 22437 0 249 22437 1
gene 4 15 14 239478 1 291 239478 1
gene 2 15 13 -282498 1 315 -282498 1
gene 4 13 14 -122562 1 382 -122562 1
genomeend 6


/* Organism #8 Fitness: 320.000000 Time: 0 */
/* Position #8*/
#1 x: 77 y: 33
#2 x: 68 y: 16
#3 x: 51 y: 31
#4 x: 85 y: 79
#5 x: 19 y: 77
#6 x: 52 y: 66
genomestart 8
node 1 1 1 3
node 2 3 1 1
node 3 2 1 1
node 4 2 1 1
node 5 4 1 1
node 6 1 1 1
node 7 4 1 1
node 8 1 1 1
node 9 2 1 1
node 10 4 1 1
node 11 4 1 1
node 12 1 1 1
node 13 4 0 2
node 14 1 0 2
node 15 3 0 2
node 36 1 0 0
gene 3 1 13 29583 0 1 29583 1
gene 1 2 13 321942 0 2 321942 1
gene 1 3 13 -437838 0 3 -437838 1
gene 4 4 13 -800000 0 4 -800000 1
gene 1 5 13 529335 0 5 529335 1
gene 3 6 13 -615770 0 6 -615770 1
gene 4 7 13 -175389 0 7 -175389 1
gene 1 8 13 -800000 0 8 -800000 0
gene 3 9 13 -303951 0 9 -303951 1
gene 2 10 13 -293451 0 10 -293451 1
gene 1 11 13 165579 0 11 165579 1
gene 2 12 13 611082 0 12 611082 1
gene 1 1 14 800000 0 13 800000 1
gene 4 2 14 -93174 0 14 -93174 1
gene 4 3 14 -684713 0 15 -684713 1
gene 4 4 14 235386 0 16 235386 1
gene 2 5 14 -160263 0 17 -160263 1
gene 4 6 14 -800000 0 18 -800000 1
gene 2 7 14 1662 0 19 1662 1
gene 2 8 14 352962 0 20 352962 1
gene 4 9 14 -485436 0 21 -485436 1
gene 2 10 14 314997 0 22 314997 1
gene 4 11 14 -381900 0 23 -381900 1
gene 3 12 14 -168579 0 24 -168579 1
gene 3 1 15 185925 0 25 185925 1
gene 2 2 15 761595 0 26 761595 1
gene 4 3 15 800000 0 27 800000 1
gene 4 4 15 -321381 0 28 -321381 1
gene 2 5 15 -232113 0 29 -232113 1
gene 1 6 15 -79410 0 30 -79410 1
gene 3 7 15 44484 0 31 44484 1
gene 3 8 15 -25002 0 32 -25002 1
gene 4 9 15 -594293 0 33 -594293 1
gene 3 10 15 567957 0 34 567957 1
gene 2 11 15 -661839 0 35 -661839 1
gene 2 12 15 92010 0 36 92010 1
gene 4 14 15 -458298 0 48 -458298 1
gene 2 14 13 -38958 0 73 -38958 1
gene 1 15 15 -376245 1 93 -376245 1
gene 3 14 14 249312 1 150 249312 1
gene 3 13 13 -487926 1 244 -487926 1
gene 3 13 15 69447 0 249 69447 1
gene 4 15 14 128685 1 291 128685 1
gene 1 8 36 235195 0 392 235195 1
gene 1 36 13 -733110 0 393 -733110 1
gene 4 36 14 -20129 0 396 -20129 1
genomeend 8


/* Organism #10 Fitness: 320.000000 Time: 0 */
/* Position #10*/
#1 x: 69 y: 24
#2 x: 77 y: 40
#3 x: 17 y: 39
#4 x: 18 y: 77
#5 x: 17 y: 69
#6 x: 71 y: 68
genomestart 10
node 1 1 1 3
node 2 2 1 1
node 3 2 1 1
node 4 2 1 1
node 5 1 1 1
node 6 2 1 1
node 7 1 1 1
node 8 1 1 1
node 9 2 1 1
node 10 3 1 1
node 11 4 1 1
node 12 3 1 1
node 13 4 0 2
node 14 1 0 2
node 15 1 0 2
gene 3 1 13 40023 0 1 40023 1
gene 2 2 13 522636 0 2 522636 1
gene 3 3 13 -576092 0 3 -576092 1
gene 4 4 13 -584024 0 4 -584024 1
gene 4 5 13 -629774 0 5 -629774 1
gene 3 6 13 236778 0 6 236778 1
gene 3 7 13 227826 0 7 227826 1
gene 1 8 13 -650042 0 8 -650042 1
gene 3 9 13 426192 0 9 426192 1
gene 2 10 13 -800000 0 10 -800000 1
gene 1 11 13 161982 0 11 161982 1
gene 2 12 13 -212862 0 12 -212862 1
gene 1 1 14 -42198 0 13 -42198 1
gene 4 2 14 -481119 0 14 -481119 1
gene 4 3 14 163803 0 15 163803 1
gene 4 4 14 661674 0 16 661674 1
gene 2 5 14 357747 0 17 357747 1
gene 4 6 14 -781055 0 18 -781055 1
gene 2 7 14 249996 0 19 249996 1
gene 4 8 14 497646 0 20 497646 1
gene 4 9 14 600708 0 21 600708 1
gene 1 10 14 204627 0 22 204627 1
gene 4 11 14 -327891 0 23 -327891 1
gene 3 12 14 -389525 0 24 -389525 1
gene 1 1 15 675144 0 25 675144 1
gene 3 2 15 106650 0 26 106650 1
gene 4 3 15 800000 0 27 800000 1
gene 4 4 15 -518214 0 28 -518214 1
gene 2 5 15 -432677 0 29 -432677 1
gene 3 6 15 -2013 0 30 -2013 1
gene 3 7 15 22914 0 31 22914 1
gene 3 8 15 -251370 0 32 -251370 1
gene 4 9 15 -800000 0 33 -800000 1
gene 3 10 15 496212 0 34 496212 1
gene 4 11 15 526695 0 35 526695 1
gene 2 12 15 -363936 0 36 -363936 1
gene 4 14 15 -197576 0 48 -197576 1
gene 2 14 13 -566796 0 73 -566796 1
gene 1 15 15 150801 1 93 150801 1
gene 3 14 14 31323 1 150 31323 1
gene 4 13 13 -74613 1 244 -74613 1
gene 3 13 15 264252 0 249 264252 1
gene 4 15 14 127215 1 291 127215 1
gene 2 15 13 -193392 1 315 -193392 1
gene 4 13 14 135012 1 382 135012 1
genomeend 10


/* Organism #28 Fitness: 320.000000 Time: 0 */
/* Position #28*/
#1 x: 20 y: 28
#2 x: 74 y: 25
#3 x: 30 y: 38
#4 x: 45 y: 83
#5 x: 43 y: 83
#6 x: 42 y: 68
genomestart 28
node 1 3 1 3
node 2 2 1 1
node 3 1 1 1
node 4 1 1 1
node 5 3 1 1
node 6 4 1 1
node 7 4 1 1
node 8 4 1 1
node 9 2 1 1
node 10 2 1 1
node 11 1 1 1
node 12 1 1 1
node 13 4 0 2
node 14 1 0 2
node 15 1 0 2
gene 3 1 13 173697 0 1 173697 1
gene 2 2 13 344034 0 2 344034 1
gene 1 3 13 -800000 0 3 -800000 1
gene 4 4 13 -742952 0 4 -742952 1
gene 4 5 13 -598076 0 5 -598076 1
gene 3 6 13 102984 0 6 102984 1
gene 1 7 13 -29352 0 7 -29352 1
gene 1 8 13 -113223 0 8 -113223 1
gene 3 9 13 232827 0 9 232827 1
gene 2 10 13 -276471 0 10 -276471 1
gene 1 11 13 408933 0 11 408933 1
gene 2 12 13 110364 0 12 110364 1
gene 1 1 14 -208656 0 13 -208656 1
gene 4 2 14 251397 0 14 251397 1
gene 4 3 14 231495 0 15 231495 1
gene 4 4 14 -686313 0 16 -686313 1
gene 2 5 14 297018 0 17 297018 1
gene 4 6 14 -100752 0 18 -100752 1
gene 2 7 14 487791 0 19 487791 1
gene 4 8 14 256449 0 20 256449 1
gene 4 9 14 491625 0 21 491625 1
gene 2 10 14 -789639 0 22 -789639 1
gene 4 11 14 -256119 0 23 -256119 1
gene 3 12 14 398105 0 24 398105 1
gene 1 1 15 -791754 0 25 -791754 1
gene 2 2 15 146916 0 26 146916 1
gene 4 3 15 8862 0 27 8862 1
gene 4 4 15 237669 0 28 237669 1
gene 2 5 15 -547896 0 29 -547896 1
gene 2 6 15 -54042 0 30 -54042 1
gene 3 7 15 -800000 0 31 -800000 1
gene 3 8 15 800000 0 32 800000 1
gene 4 9 15 -404796 0 33 -404796 1
gene 3 10 15 508307 0 34 508307 1
gene 4 11 15 82953 0 35 82953 1
gene 1 12 15 439227 0 36 439227 1
gene 1 14 15 15459 0 48 15459 1
gene 2 14 13 73944 0 73 73944 1
gene 1 15 15 -2304 1 93 -2304 1
gene 3 14 14 800000 1 150 800000 1
gene 2 15 13 -176700 0 226 -176700 1
gene 1 13 13 -800000 1 287 -800000 1
genomeend 28


/* Organism #38 Fitness: 280.000000 Time: 0 */
/* Position #38*/
#1 x: 79 y: 39
#2 x: 51 y: 29
#3 x: 62 y: 26
#4 x: 53 y: 60
#5 x: 53 y: 76
#6 x: 59 y: 72
genomestart 38
node 1 1 1 3
node 2 2 1 1
node 3 2 1 1
node 4 2 1 1
node 5 1 1 1
node 6 2 1 1
node 7 1 1 1
node 8 1 1 1
node 9 2 1 1
node 10 3 1 1
node 11 4 1 1
node 12 3 1 1
node 13 4 0 2
node 14 1 0 2
node 15 1 0 2
gene 3 1 13 60510 0 1 60510 1
gene 2 2 13 381258 0 2 381258 1
gene 3 3 13 161493 0 3 161493 1
gene 4 4 13 -529046 0 4 -529046 1
gene 4 5 13 37506 0 5 37506 1
gene 3 6 13 -250344 0 6 -250344 1
gene 3 7 13 373329 0 7 373329 1
gene 1 8 13 -332858 0 8 -332858 1
gene 3 9 13 526695 0 9 526695 1
gene 2 10 13 -800000 0 10 -800000 1
gene 1 11 13 149247 0 11 149247 1
gene 2 12 13 169692 0 12 169692 1
gene 1 1 14 -226515 0 13 -226515 1
gene 4 2 14 -367332 0 14 -367332 1
gene 4 3 14 -205617 0 15 -205617 1
gene 4 4 14 395481 0 16 395481 1
gene 2 5 14 222783 0 17 222783 1
gene 4 6 14 -560819 0 18 -560819 1
gene 2 7 14 403839 0 19 403839 1
gene 4 8 14 283128 0 20 283128 1
gene 4 9 14 800000 0 21 800000 1
gene 1 10 14 -129840 0 22 -129840 1
gene 4 11 14 -630027 0 23 -630027 1
gene 3 12 14 163212 0 24 163212 1
gene 1 1 15 250164 0 25 250164 1
gene 3 2 15 24408 0 26 24408 1
gene 4 3 15 800000 0 27 800000 1
gene 4 4 15 -363591 0 28 -363591 1
gene 2 5 15 -365372 0 29 -365372 1
gene 3 6 15 190257 0 30 190257 1
gene 3 7 15 289866 0 31 289866 1
gene 3 8 15 30495 0 32 30495 1
gene 4 9 15 -800000 0 33 -800000 1
gene 3 10 15 263553 0 34 263553 1
gene 4 11 15 595161 0 35 595161 1
gene 2 12 15 -122553 0 36 -122553 1
gene 4 14 15 -341201 0 48 -341201 1
gene 2 14 13 33945 0 73 33945 1
gene 1 15 15 150801 1 93 150801 1
gene 3 14 14 -440025 1 150 -440025 1
gene 4 13 13 -217209 1 244 -217209 1
gene 3 13 15 303393 0 249 303393 1
gene 4 15 14 -189585 1 291 -189585 1
gene 2 15 13 -187068 1 315 -187068 1
gene 4 13 14 26607 1 382 26607 1
genomeend 38


/* Organism #42 Fitness: 340.000000 Time: 0 */
/* Position #42*/
#1 x: 55 y: 25
#2 x: 57 y: 30
#3 x: 52 y: 23
#4 x: 39 y: 63
#5 x: 49 y: 76
#6 x: 61 y: 71
genomestart 42
node 1 3 1 3
node 2 2 1 1
node 3 2 1 1
node 4 2 1 1
node 5 1 1 1
node 6 4 1 1
node 7 1 1 1
node 8 1 1 1
node 9 3 1 1
node 10 3 1 1
node 11 4 1 1
node 12 1 1 1
node 13 4 0 2
node 14 1 0 2
node 15 1 0 2
gene 1 1 13 -56385 0 1 -56385 1
gene 2 2 13 551528 0 2 551528 1
gene 1 3 13 -575508 0 3 -575508 1
gene 4 4 13 213858 0 4 213858 1
gene 4 5 13 -177255 0 5 -177255 1
gene 3 6 13 -8658 0 6 -8658 1
gene 4 7 13 -343122 0 7 -343122 1
gene 1 8 13 -46251 0 8 -46251 1
gene 3 9 13 -182010 0 9 -182010 1
gene 2 10 13 -205728 0 10 -205728 1
gene 1 11 13 -273201 0 11 -273201 1
gene 2 12 13 43881 0 12 43881 1
gene 1 1 14 719079 0 13 719079 1
gene 4 2 14 -800000 0 14 -800000 1
gene 4 3 14 -204165 0 15 -204165 1
gene 4 4 14 -48399 0 16 -48399 1
gene 2 5 14 160755 0 17 160755 1
gene 4 6 14 -124659 0 18 -124659 1
gene 2 7 14 42042 0 19 42042 1
gene 4 8 14 -227727 0 20 -227727 1
gene 4 9 14 -742283 0 21 -742283 1
gene 2 10 14 33933 0 22 33933 1
gene 3 11 14 216282 0 23 216282 1
gene 3 12 14 -752957 0 24 -752957 1
gene 1 1 15 255237 0 25 255237 1
gene 1 2 15 -391398 0 26 -391398 1
gene 4 3 15 -800000 0 27 -800000 1
gene 4 4 15 201864 0 28 201864 1
gene 2 5 15 27351 0 29 27351 1
gene 2 6 15 468978 0 30 468978 1
gene 3 7 15 667878 0 31 667878 1
gene 3 8 15 -200922 0 32 -200922 1
gene 4 9 15 -59493 0 33 -59493 1
gene 4 10 15 -150600 0 34 -150600 1
gene 4 11 15 -657512 0 35 -657512 1
gene 2 12 15 -114963 0 36 -114963 1
gene 4 14 15 49272 0 48 49272 1
gene 2 14 13 -118056 0 73 -118056 1
gene 1 15 15 671448 1 93 671448 1
gene 3 14 14 69033 1 150 69033 1
gene 4 13 13 361821 1 244 361821 1
gene 3 13 15 321960 0 249 321960 1
gene 4 15 14 289278 1 291 289278 1
gene 2 15 13 -78252 1 315 -78252 1
genomeend 42


/* Organism #54 Fitness: 380.000000 Time: 0 */
/* Position #54*/
#1 x: 34 y: 36
#2 x: 64 y: 20
#3 x: 22 y: 16
#4 x: 17 y: 67
#5 x: 51 y: 85
#6 x: 64 y: 77
genomestart 54
node 1 1 1 3
node 2 3 1 1
node 3 2 1 1
node 4 2 1 1
node 5 4 1 1
node 6 1 1 1
node 7 4 1 1
node 8 1 1 1
node 9 2 1 1
node 10 4 1 1
node 11 4 1 1
node 12 1 1 1
node 13 4 0 2
node 14 1 0 2
node 15 3 0 2
node 36 1 0 0
gene 3 1 13 -514263 0 1 -514263 1
gene 1 2 13 -118368 0 2 -118368 1
gene 1 3 13 -15219 0 3 -15219 1
gene 4 4 13 -586655 0 4 -586655 1
gene 1 5 13 -148929 0 5 -148929 1
gene 3 6 13 -744842 0 6 -744842 1
gene 4 7 13 -210000 0 7 -210000 1
gene 1 8 13 307716 0 8 307716 0
gene 3 9 13 -83391 0 9 -83391 1
gene 2 10 13 203913 0 10 203913 1
gene 1 11 13 36768 0 11 36768 1
gene 2 12 13 800000 0 12 800000 1
gene 1 1 14 641030 0 13 641030 1
gene 4 2 14 268512 0 14 268512 1
gene 4 3 14 -516794 0 15 -516794 1
gene 4 4 14 165738 0 16 165738 1
gene 2 5 14 204888 0 17 204888 1
gene 4 6 14 -800000 0 18 -800000 1
gene 2 7 14 192405 0 19 192405 1
gene 2 8 14 -193026 0 20 -193026 1
gene 4 9 14 -220323 0 21 -220323 1
gene 2 10 14 -390066 0 22 -390066 1
gene 4 11 14 188376 0 23 188376 1
gene 3 12 14 -380001 0 24 -380001 1
gene 3 1 15 136848 0 25 136848 1
gene 2 2 15 449106 0 26 449106 1
gene 4 3 15 -121083 0 27 -121083 1
gene 4 4 15 -800000 0 28 -800000 1
gene 2 5 15 -205347 0 29 -205347 1
gene 1 6 15 178791 0 30 178791 1
gene 3 7 15 237522 0 31 237522 1
gene 3 8 15 769413 0 32 769413 1
gene 4 9 15 -464168 0 33 -464168 1
gene 3 10 15 -28458 0 34 -28458 1
gene 2 11 15 -6672 0 35 -6672 1
gene 2 12 15 -181401 0 36 -181401 1
gene 4 14 15 -209856 0 48 -209856 1
gene 2 14 13 -235290 0 73 -235290 1
gene 1 15 15 200352 1 93 200352 1
gene 3 14 14 479667 1 150 479667 1
gene 3 13 13 131652 1 244 131652 1
gene 3 13 15 -265938 0 249 -265938 1
gene 4 15 14 -263352 1 291 -263352 1
gene 1 8 36 475074 0 392 475074 1
gene 1 36 13 -800000 0 393 -800000 1
genomeend 54


/* Organism #55 Fitness: 320.000000 Time: 0 */
/* Position #55*/
#1 x: 34 y: 36
#2 x: 64 y: 20
#3 x: 22 y: 16
#4 x: 17 y: 67
#5 x: 51 y: 85
#6 x: 64 y: 77
genomestart 55
node 1 3 1 3
node 2 2 1 1
node 3 2 1 1
node 4 2 1 1
node 5 1 1 1
node 6 1 1 1
node 7 1 1 1
node 8 1 1 1
node 9 3 1 1
node 10 3 1 1
node 11 4 1 1
node 12 1 1 1
node 13 4 0 2
node 14 1 0 2
node 15 1 0 2
gene 1 1 13 160872 0 1 160872 1
gene 2 2 13 -121020 0 2 -121020 1
gene 1 3 13 -23280 0 3 -23280 1
gene 4 4 13 -25803 0 4 -25803 1
gene 4 5 13 -400512 0 5 -400512 1
gene 3 6 13 -719117 0 6 -719117 1
gene 4 7 13 252204 0 7 252204 1
gene 1 8 13 -171768 0 8 -171768 1
gene 3 9 13 508020 0 9 508020 1
gene 2 10 13 -381639 0 10 -381639 1
gene 1 11 13 122694 0 11 122694 1
gene 2 12 13 -364257 0 12 -364257 1
gene 1 1 14 151200 0 13 151200 1
gene 4 2 14 -168186 0 14 -168186 1
gene 4 3 14 -235113 0 15 -235113 1
gene 4 4 14 -196530 0 16 -196530 1
gene 2 5 14 -436482 0 17 -436482 1
gene 4 6 14 403140 0 18 403140 1
gene 2 7 14 -224352 0 19 -224352 1
gene 4 8 14 -93474 0 20 -93474 1
gene 4 9 14 -488030 0 21 -488030 1
gene 2 10 14 -120576 0 22 -120576 1
gene 3 11 14 -114492 0 23 -114492 1
gene 3 12 14 -712163 0 24 -712163 1
gene 1 1 15 -243816 0 25 -243816 1
gene 1 2 15 229749 0 26 229749 1
gene 4 3 15 34335 0 27 34335 1
gene 4 4 15 342756 0 28 342756 1
gene 2 5 15 510963 0 29 510963 1
gene 2 6 15 184575 0 30 184575 1
gene 3 7 15 181692 0 31 181692 1
gene 3 8 15 -617943 0 32 -617943 1
gene 4 9 15 -71091 0 33 -71091 1
gene 4 10 15 158478 0 34 158478 1
gene 4 11 15 -800000 0 35 -800000 1
gene 2 12 15 -694908 0 36 -694908 1
gene 4 14 15 -201393 0 48 -201393 1
gene 2 14 13 -474515 0 73 -474515 1
gene 1 15 15 207030 1 93 207030 1
gene 3 14 14 451551 1 150 451551 1
gene 4 13 13 -57387 1 244 -57387 1
gene 3 13 15 -22680 0 249 -22680 1
gene 4 15 14 -459315 1 291 -459315 1
gene 2 15 13 498876 1 315 498876 1
genomeend 55


/* Organism #58 Fitness: 300.000000 Time: 0 */
/* Position #58*/
#1 x: 29 y: 16
#2 x: 85 y: 28
#3 x: 63 y: 32
#4 x: 76 y: 68
#5 x: 25 y: 68
#6 x: 63 y: 84
genomestart 58
node 1 1 1 3
node 2 1 1 1
node 3 4 1 1
node 4 2 1 1
node 5 3 1 1
node 6 4 1 1
node 7 2 1 1
node 8 3 1 1
node 9 4 1 1
node 10 3 1 1
node 11 3 1 1
node 12 1 1 1
node 13 3 0 2
node 14 2 0 2
node 15 1 0 2
gene 1 1 13 140955 0 1 140955 1
gene 2 2 13 61779 0 2 61779 1
gene 4 3 13 -135900 0 3 -135900 1
gene 4 4 13 -94269 0 4 -94269 1
gene 4 5 13 800000 0 5 800000 1
gene 3 6 13 -627860 0 6 -627860 1
gene 1 7 13 79673 0 7 79673 1
gene 3 8 13 800000 0 8 800000 1
gene 3 9 13 -800000 0 9 -800000 1
gene 2 10 13 33903 0 10 33903 1
gene 1 11 13 281964 0 11 281964 1
gene 2 12 13 800000 0 12 800000 1
gene 1 1 14 497121 0 13 497121 1
gene 4 2 14 -85063 0 14 -85063 1
gene 4 3 14 -369780 0 15 -369780 1
gene 4 4 14 256251 0 16 256251 1
gene 1 5 14 797093 0 17 797093 1
gene 4 6 14 -545481 0 18 -545481 1
gene 2 7 14 608445 0 19 608445 1
gene 2 8 14 -165723 0 20 -165723 1
gene 4 9 14 14313 0 21 14313 1
gene 2 10 14 -176733 0 22 -176733 1
gene 4 11 14 596427 0 23 596427 1
gene 1 12 14 -233019 0 24 -233019 1
gene 3 1 15 -196293 0 25 -196293 1
gene 2 2 15 -369441 0 26 -369441 1
gene 4 3 15 -202680 0 27 -202680 1
gene 4 4 15 134586 0 28 134586 1
gene 2 5 15 -737463 0 29 -737463 1
gene 4 6 15 304413 0 30 304413 1
gene 3 7 15 229242 0 31 229242 1
gene 3 8 15 381045 0 32 381045 1
gene 4 9 15 275973 0 33 275973 1
gene 4 10 15 -208545 0 34 -208545 1
gene 2 11 15 79686 0 35 79686 1
gene 3 12 15 118437 0 36 118437 1
gene 1 14 15 646476 0 48 646476 1
gene 1 14 13 -102720 0 131 -102720 1
gene 1 13 15 206448 0 311 206448 1
gene 2 13 13 212970 1 379 212970 1
genomeend 58


/* Organism #76 Fitness: 400.000000 Time: 0 */
/* Position #76*/
#1 x: 72 y: 28
#2 x: 54 y: 40
#3 x: 64 y: 21
#4 x: 77 y: 80
#5 x: 57 y: 80
#6 x: 45 y: 63
genomestart 76
node 1 1 1 3
node 2 3 1 1
node 3 2 1 1
node 4 2 1 1
node 5 4 1 1
node 6 1 1 1
node 7 4 1 1
node 8 1 1 1
node 9 2 1 1
node 10 4 1 1
node 11 4 1 1
node 12 1 1 1
node 13 4 0 2
node 14 1 0 2
node 15 3 0 2
node 36 1 0 0
gene 3 1 13 -632397 0 1 -632397 1
gene 1 2 13 306195 0 2 306195 1
gene 1 3 13 -432885 0 3 -432885 1
gene 4 4 13 -800000 0 4 -800000 1
gene 1 5 13 -378567 0 5 -378567 1
gene 3 6 13 -555740 0 6 -555740 1
gene 4 7 13 -690141 0 7 -690141 1
gene 1 8 13 -55200 0 8 -55200 0
gene 3 9 13 122496 0 9 122496 1
gene 2 10 13 301689 0 10 301689 1
gene 1 11 13 -161433 0 11 -161433 1
gene 2 12 13 604695 0 12 604695 1
gene 1 1 14 556352 0 13 556352 1
gene 4 2 14 -66120 0 14 -66120 1
gene 4 3 14 -766601 0 15 -766601 1
gene 4 4 14 361185 0 16 361185 1
gene 2 5 14 195210 0 17 195210 1
gene 4 6 14 -625046 0 18 -625046 1
gene 2 7 14 641715 0 19 641715 1
gene 2 8 14 -435165 0 20 -435165 1
gene 4 9 14 -232473 0 21 -232473 1
gene 2 10 14 179013 0 22 179013 1
gene 4 11 14 -4635 0 23 -4635 1
gene 3 12 14 -349872 0 24 -349872 1
gene 3 1 15 178722 0 25 178722 1
gene 2 2 15 751500 0 26 751500 1
gene 4 3 15 -189261 0 27 -189261 1
gene 4 4 15 -610785 0 28 -610785 1
gene 2 5 15 -346287 0 29 -346287 1
gene 1 6 15 204432 0 30 204432 1
gene 3 7 15 -311811 0 31 -311811 1
gene 3 8 15 391008 0 32 391008 1
gene 4 9 15 -334535 0 33 -334535 1
gene 3 10 15 -87366 0 34 -87366 1
gene 2 11 15 429063 0 35 429063 1
gene 2 12 15 -239895 0 36 -239895 1
gene 4 14 15 -277686 0 48 -277686 1
gene 2 14 13 -245760 0 73 -245760 1
gene 1 15 15 -88638 1 93 -88638 1
gene 3 14 14 54987 1 150 54987 1
gene 3 13 13 -570486 1 244 -570486 1
gene 3 13 15 -412899 0 249 -412899 1
gene 4 15 14 -338103 1 291 -338103 1
gene 1 8 36 252918 0 392 252918 1
gene 1 36 13 -800000 0 393 -800000 1
genomeend 76


/* Organism #77 Fitness: 320.000000 Time: 0 */
/* Position #77*/
#1 x: 72 y: 28
#2 x: 54 y: 40
#3 x: 64 y: 21
#4 x: 77 y: 80
#5 x: 57 y: 80
#6 x: 45 y: 63
genomestart 77
node 1 1 1 3
node 2 3 1 1
node 3 2 1 1
node 4 2 1 1
node 5 4 1 1
node 6 1 1 1
node 7 4 1 1
node 8 1 1 1
node 9 2 1 1
node 10 4 1 1
node 11 4 1 1
node 12 1 1 1
node 13 4 0 2
node 14 1 0 2
node 15 1 0 2
gene 3 1 13 515787 0 1 515787 1
gene 3 2 13 -530373 0 2 -530373 1
gene 1 3 13 226992 0 3 226992 1
gene 4 4 13 -103497 0 4 -103497 1
gene 1 5 13 -224658 0 5 -224658 1
gene 3 6 13 -256806 0 6 -256806 1
gene 4 7 13 -145497 0 7 -145497 1
gene 1 8 13 -135672 0 8 -135672 1
gene 3 9 13 18930 0 9 18930 1
gene 2 10 13 -224328 0 10 -224328 1
gene 1 11 13 -627 0 11 -627 1
gene 1 12 13 -682116 0 12 -682116 1
gene 1 1 14 -640128 0 13 -640128 1
gene 4 2 14 379500 0 14 379500 1
gene 4 3 14 -20472 0 15 -20472 1
gene 4 4 14 -247086 0 16 -247086 1
gene 2 5 14 318951 0 17 318951 1
gene 4 6 14 -428729 0 18 -428729 1
gene 2 7 14 422502 0 19 422502 1
gene 2 8 14 120105 0 20 120105 1
gene 4 9 14 295437 0 21 295437 1
gene 2 10 14 -800000 0 22 -800000 1
gene 4 11 14 -42507 0 23 -42507 1
gene 3 12 14 -108693 0 24 -108693 1
gene 3 1 15 -62415 0 25 -62415 1
gene 2 2 15 -581720 0 26 -581720 1
gene 4 3 15 793914 0 27 793914 1
gene 4 4 15 434571 0 28 434571 1
gene 2 5 15 -335697 0 29 -335697 1
gene 1 6 15 64725 0 30 64725 1
gene 3 7 15 -14679 0 31 -14679 1
gene 3 8 15 -84063 0 32 -84063 1
gene 4 9 15 473931 0 33 473931 1
gene 3 10 15 486540 0 34 486540 1
gene 2 11 15 -73587 0 35 -73587 1
gene 2 12 15 261333 0 36 261333 1
gene 4 14 15 -146859 0 48 -146859 1
gene 2 14 13 136542 0 73 136542 1
gene 1 15 15 -186660 1 93 -186660 1
gene 3 14 14 -82641 1 150 -82641 1
gene 4 13 13 -224664 1 244 -224664 1
gene 3 13 15 -116280 0 249 -116280 1
gene 4 15 14 -202431 1 291 -202431 1
genomeend 77


