/* Organism #97 Fitness: 163.000000 Time: 0 */
/* Position #97*/
#1 x: 32 y: 32
#2 x: 36 y: 15
#3 x: 27 y: 16
#4 x: 56 y: 82
#5 x: 76 y: 82
#6 x: 74 y: 68
genomestart 97
node 1 4 1 3
node 2 2 1 1
node 3 1 1 1
node 4 3 1 1
node 5 1 1 1
node 6 2 1 1
node 7 2 1 1
node 8 1 1 1
node 9 3 1 1
node 10 2 1 1
node 11 4 1 1
node 12 1 1 1
node 13 3 0 2
node 14 2 0 2
node 15 3 0 2
node 16 4 0 2
gene 4 1 13 95975 0 1 95975 1
gene 2 2 13 -23967 0 2 -23967 1
gene 2 3 13 169913 0 3 169913 1
gene 1 4 13 -254439 0 4 -254439 1
gene 4 5 13 344412 0 5 344412 1
gene 2 6 13 -94839 0 6 -94839 1
gene 2 7 13 -4927 0 7 -4927 1
gene 2 8 13 238652 0 8 238652 1
gene 2 9 13 -236484 0 9 -236484 1
gene 2 10 13 -279606 0 10 -279606 1
gene 2 11 13 -40141 0 11 -40141 1
gene 4 12 13 36774 0 12 36774 1
gene 1 1 14 22035 0 13 22035 1
gene 3 2 14 -257480 0 14 -257480 1
gene 1 3 14 -387651 0 15 -387651 1
gene 2 4 14 78544 0 16 78544 1
gene 3 5 14 352458 0 17 352458 1
gene 3 6 14 -16037 0 18 -16037 1
gene 4 7 14 -67587 0 19 -67587 1
gene 3 8 14 -261090 0 20 -261090 1
gene 2 9 14 309807 0 21 309807 1
gene 3 10 14 -299404 0 22 -299404 1
gene 1 11 14 -503803 0 23 -503803 1
gene 4 12 14 183773 0 24 183773 1
gene 4 1 15 -261765 0 25 -261765 1
gene 1 2 15 -217671 0 26 -217671 1
gene 1 3 15 -252556 0 27 -252556 1
gene 4 4 15 -227775 0 28 -227775 1
gene 2 5 15 -211441 0 29 -211441 1
gene 2 6 15 131406 0 30 131406 1
gene 4 7 15 251201 0 31 251201 1
gene 2 8 15 -213219 0 32 -213219 1
gene 4 9 15 -114668 0 33 -114668 1
gene 4 10 15 14205 0 34 14205 1
gene 2 11 15 177497 0 35 177497 1
gene 1 12 15 -153840 0 36 -153840 1
gene 2 1 16 240693 0 37 240693 1
gene 3 2 16 21916 0 38 21916 1
gene 3 3 16 230210 0 39 230210 1
gene 2 4 16 87930 0 40 87930 1
gene 1 5 16 -282771 0 41 -282771 1
gene 2 6 16 -208481 0 42 -208481 1
gene 1 7 16 -176631 0 43 -176631 1
gene 2 8 16 -250482 0 44 -250482 1
gene 4 9 16 144621 0 45 144621 1
gene 3 10 16 -144945 0 46 -144945 1
gene 4 11 16 -163932 0 47 -163932 1
gene 1 12 16 89311 0 48 89311 1
genomeend 97


