/* Organism #8 Fitness: 220.000000 Time: 0 */
/* Position #8*/
#1 x: 42 y: 25
#2 x: 55 y: 24
#3 x: 71 y: 35
#4 x: 84 y: 65
#5 x: 47 y: 82
#6 x: 47 y: 69
genomestart 8
trait 1 1.000000 0.000000 0.000000 0.000000 22478.000000 82485.000000 7536.000000 0.000000 trait 2 2.000000 0.000000 0.000000 0.000000 0.000000 0.000000 0.000000 0.000000 trait 3 24073.000000 41695.000000 15431.000000 0.000000 52362.000000 100000.000000 0.000000 0.000000 trait 4 30267.000000 0.000000 0.000000 0.000000 12691.000000 0.000000 36386.000000 0.000000 node 1 1 1 3
node 2 3 1 1
node 3 3 1 1
node 4 2 1 1
node 5 4 1 1
node 6 1 1 1
node 7 3 1 1
node 8 3 1 1
node 9 1 1 1
node 10 2 1 1
node 11 4 1 1
node 12 2 1 1
node 13 3 0 2
node 14 4 0 2
node 15 4 0 2
node 21 4 0 0
node 92 1 0 0
node 122 1 0 0
node 148 1 0 0
node 287 1 0 0
node 387 1 0 0
node 403 1 0 0
node 417 1 0 0
node 489 1 0 0
node 504 1 0 0
node 573 1 0 0
node 664 1 0 0
node 761 1 0 0
node 823 1 0 0
node 846 1 0 0
node 993 1 0 0
node 1053 1 0 0
node 1148 1 0 0
node 1211 1 0 0
node 1289 4 0 0
node 1308 1 0 0
node 1326 1 0 0
node 1442 1 0 0
node 1553 1 0 0
node 1588 1 0 0
node 1602 1 0 0
node 1670 1 0 0
node 1729 1 0 0
node 1884 1 0 0
node 1898 1 0 0
node 1955 1 0 0
node 1995 1 0 0
node 2012 1 0 0
node 2064 1 0 0
node 2115 1 0 0
node 2156 1 0 0
node 2173 1 0 0
node 2270 1 0 0
node 2285 1 0 0
gene 4 1 13 800000 0 1 800000 1
gene 3 2 13 678702 0 2 678702 0
gene 3 3 13 -340680 0 3 -340680 1
gene 3 4 13 -743579 0 4 -743579 1
gene 4 5 13 -658745 0 5 -658745 0
gene 1 6 13 -615687 0 6 -615687 1
gene 1 7 13 476763 0 7 476763 1
gene 2 8 13 39117 0 8 39117 1
gene 1 9 13 -800000 0 9 -800000 0
gene 2 10 13 316425 0 10 316425 0
gene 1 11 13 404388 0 11 404388 1
gene 3 12 13 -206421 0 12 -206421 0
gene 3 1 14 -768354 0 13 -768354 1
gene 4 2 14 -312033 0 14 -312033 1
gene 4 3 14 -544293 0 15 -544293 1
gene 1 4 14 -397757 0 16 -397757 1
gene 2 5 14 -252921 0 17 -252921 1
gene 4 6 14 190371 0 18 190371 1
gene 2 7 14 169971 0 19 169971 1
gene 1 8 14 -146349 0 20 -146349 1
gene 1 9 14 399513 0 21 399513 1
gene 4 10 14 -194427 0 22 -194427 0
gene 4 11 14 329022 0 23 329022 0
gene 1 12 14 -595703 0 24 -595703 0
gene 2 1 15 -438135 0 25 -438135 1
gene 4 2 15 -538877 0 26 -538877 1
gene 1 3 15 -283761 0 27 -283761 1
gene 3 4 15 505062 0 28 505062 1
gene 2 5 15 28335 0 29 28335 1
gene 3 6 15 -452211 0 30 -452211 0
gene 2 7 15 51129 0 31 51129 1
gene 4 8 15 715926 0 32 715926 1
gene 4 9 15 141783 0 33 141783 0
gene 2 10 15 -750470 0 34 -750470 0
gene 2 11 15 105276 0 35 105276 0
gene 2 12 15 218871 0 36 218871 0
gene 4 9 21 47256 0 49 47256 0
gene 1 21 13 52773 0 50 52773 0
gene 3 6 92 -228018 0 235 -228018 1
gene 3 92 15 697562 0 236 697562 1
gene 4 5 122 337905 0 332 337905 1
gene 4 122 13 70767 0 333 70767 1
gene 2 11 148 310491 0 403 310491 0
gene 2 148 15 -58293 0 404 -58293 1
gene 3 9 148 -398898 0 557 -398898 0
gene 2 92 122 -419507 0 768 -419507 0
gene 2 10 287 -402882 0 834 -402882 1
gene 2 287 15 763407 0 835 763407 1
gene 3 21 287 -106482 0 900 -106482 1
gene 2 3 287 -680357 0 1053 -680357 0
gene 3 1 122 -800000 0 1085 -800000 1
gene 2 11 387 557885 0 1138 557885 1
gene 2 387 148 -48497 0 1139 -48497 0
gene 3 12 403 306417 0 1185 306417 0
gene 3 403 13 788055 0 1186 788055 0
gene 4 10 417 -157593 0 1231 -157593 1
gene 4 417 14 606617 0 1232 606617 1
gene 2 3 489 432573 0 1426 432573 1
gene 2 489 287 108750 0 1427 108750 1
gene 4 9 504 -489228 0 1465 -489228 0
gene 4 504 15 462912 0 1466 462912 0
gene 3 403 573 -470078 0 1680 -470078 0
gene 3 573 13 -684545 0 1681 -684545 1
gene 3 403 664 -698529 0 1944 -698529 1
gene 3 664 573 511257 0 1945 511257 1
gene 3 403 403 440741 1 2179 440741 1
gene 1 21 761 -200067 0 2220 -200067 1
gene 1 761 13 -277034 0 2221 -277034 0
gene 3 403 21 495651 0 2307 495651 1
gene 3 12 823 599601 0 2416 599601 0
gene 3 823 14 -77484 0 2417 -77484 0
gene 4 504 846 -106707 0 2497 -106707 1
gene 4 846 15 -188808 0 2498 -188808 1
gene 2 573 92 -800000 0 2714 -800000 1
gene 4 11 993 368181 0 2928 368181 0
gene 4 993 14 -434271 0 2929 -434271 0
gene 4 9 1053 -41721 0 3107 -41721 1
gene 4 1053 21 534744 0 3108 534744 0
gene 4 993 1148 -661964 0 3382 -661964 1
gene 4 1148 14 -477023 0 3383 -477023 0
gene 3 1148 21 247053 0 3428 247053 1
gene 2 10 1211 -228366 0 3562 -228366 0
gene 2 1211 13 26202 0 3563 26202 0
gene 2 387 1289 516231 0 3776 516231 0
gene 2 1289 148 34764 0 3777 34764 1
gene 4 9 1308 61641 0 3841 61641 1
gene 4 1308 504 90168 0 3842 90168 0
gene 3 12 1326 -221678 0 3895 -221678 1
gene 3 1326 403 -73965 0 3896 -73965 0
gene 1 761 1442 114387 0 4224 114387 1
gene 1 1442 13 151161 0 4225 151161 1
gene 4 1148 1553 -130842 0 4540 -130842 1
gene 4 1553 14 -283893 0 4541 -283893 1
gene 2 387 1588 518802 0 4659 518802 0
gene 2 1588 1289 159756 0 4660 159756 1
gene 3 9 1602 19188 0 4709 19188 1
gene 3 1602 148 178074 0 4710 178074 1
gene 3 1602 993 -222387 0 4813 -222387 1
gene 3 823 1670 -60795 0 4911 -60795 1
gene 3 1670 14 333855 0 4912 333855 1
gene 1 9 1553 -420564 0 5052 -420564 1
gene 3 12 1729 505683 0 5085 505683 1
gene 3 1729 823 -33543 0 5086 -33543 1
gene 4 504 761 756396 0 5195 756396 1
gene 4 12 1211 473994 0 5293 473994 0
gene 4 1602 489 245103 0 5425 245103 1
gene 2 12 1884 149916 0 5539 149916 1
gene 2 1884 15 529671 0 5540 529671 1
gene 2 387 1898 499719 0 5578 499719 1
gene 2 1898 1588 143310 0 5579 143310 1
gene 2 148 664 9421 0 5629 9421 1
gene 4 1053 1053 123063 1 5676 123063 1
gene 4 11 1955 49476 0 5729 49476 1
gene 4 1955 993 -476586 0 5730 -476586 1
gene 1 1602 664 -293978 0 5785 -293978 1
gene 2 1211 1995 49080 0 5833 49080 1
gene 2 1995 13 -202695 0 5834 -202695 1
gene 2 10 2012 -136083 0 5880 -136083 1
gene 2 2012 1211 -31938 0 5881 -31938 1
gene 4 1053 2064 -433019 0 6023 -433019 1
gene 4 2064 21 15762 0 6024 15762 1
gene 1 1326 1729 81117 0 6073 81117 1
gene 3 2 2115 146038 0 6161 146038 1
gene 3 2115 13 -420216 0 6162 -420216 1
gene 4 1308 2156 -8376 0 6290 -8376 1
gene 4 2156 504 148455 0 6291 148455 1
gene 3 1326 2173 -339993 0 6334 -339993 1
gene 3 2173 403 -22815 0 6335 -22815 1
gene 4 1670 1289 -163272 0 6391 -163272 1
gene 3 993 993 -15129 1 6585 -15129 1
gene 4 12 2270 1 0 6624 0 1
gene 4 2270 1211 473994 0 6625 0 1
gene 2 92 2285 1 0 6666 0 1
gene 2 2285 122 -419507 0 6667 0 1
genomeend 8


/* Organism #9 Fitness: 220.000000 Time: 0 */
/* Position #9*/
#1 x: 42 y: 25
#2 x: 55 y: 24
#3 x: 71 y: 35
#4 x: 84 y: 65
#5 x: 47 y: 82
#6 x: 47 y: 69
genomestart 9
trait 1 43007.000000 16300.000000 0.000000 0.000000 0.000000 0.000000 87908.000000 0.000000 trait 2 2.000000 0.000000 0.000000 0.000000 0.000000 0.000000 0.000000 0.000000 trait 3 28689.000000 0.000000 0.000000 51304.000000 0.000000 0.000000 100000.000000 0.000000 trait 4 4.000000 0.000000 0.000000 0.000000 0.000000 0.000000 0.000000 37957.000000 node 1 4 1 3
node 2 4 1 1
node 3 1 1 1
node 4 1 1 1
node 5 1 1 1
node 6 2 1 1
node 7 4 1 1
node 8 4 1 1
node 9 2 1 1
node 10 1 1 1
node 11 2 1 1
node 12 4 1 1
node 13 2 0 2
node 14 1 0 2
node 15 3 0 2
node 121 1 0 0
node 235 1 0 0
node 384 1 0 0
node 420 1 0 0
node 433 1 0 0
node 461 1 0 0
node 500 1 0 0
node 516 1 0 0
node 697 1 0 0
node 1018 1 0 0
node 1130 1 0 0
node 1323 1 0 0
node 1393 1 0 0
node 1479 1 0 0
node 1531 1 0 0
node 1683 1 0 0
node 1734 1 0 0
node 1953 1 0 0
node 1976 1 0 0
node 1994 1 0 0
node 2272 1 0 0
node 2286 1 0 0
gene 2 1 13 491481 0 1 491481 1
gene 3 2 13 -407967 0 2 -407967 1
gene 2 3 13 100392 0 3 100392 1
gene 3 4 13 138276 0 4 138276 1
gene 2 5 13 800000 0 5 800000 1
gene 4 6 13 -300201 0 6 -300201 1
gene 3 7 13 364680 0 7 364680 1
gene 2 8 13 -606071 0 8 -606071 0
gene 3 9 13 39456 0 9 39456 0
gene 2 10 13 -413610 0 10 -413610 1
gene 2 11 13 504441 0 11 504441 1
gene 4 12 13 263274 0 12 263274 1
gene 2 1 14 800000 0 13 800000 1
gene 2 2 14 800000 0 14 800000 1
gene 4 3 14 68664 0 15 68664 1
gene 4 4 14 800000 0 16 800000 0
gene 4 5 14 589377 0 17 589377 1
gene 3 6 14 -2721 0 18 -2721 1
gene 2 7 14 -35802 0 19 -35802 1
gene 1 8 14 129948 0 20 129948 0
gene 2 9 14 430317 0 21 430317 0
gene 1 10 14 -259377 0 22 -259377 0
gene 1 11 14 96252 0 23 96252 0
gene 4 12 14 -151830 0 24 -151830 1
gene 3 1 15 -53925 0 25 -53925 1
gene 3 2 15 -202326 0 26 -202326 1
gene 3 3 15 -76695 0 27 -76695 0
gene 3 4 15 419526 0 28 419526 1
gene 3 5 15 -232602 0 29 -232602 1
gene 1 6 15 200349 0 30 200349 1
gene 3 7 15 382017 0 31 382017 0
gene 3 8 15 133092 0 32 133092 1
gene 3 9 15 800000 0 33 800000 1
gene 3 10 15 412449 0 34 412449 0
gene 2 11 15 -226116 0 35 -226116 1
gene 4 12 15 -108579 0 36 -108579 0
gene 4 15 15 -181926 1 174 -181926 0
gene 3 8 121 298515 0 329 298515 0
gene 3 121 15 -53037 0 330 -53037 1
gene 2 5 121 -602412 0 438 -602412 1
gene 2 7 121 -452766 0 483 -452766 1
gene 4 4 235 -140493 0 666 -140493 1
gene 4 235 14 119430 0 667 119430 1
gene 1 1 235 -32760 0 753 -32760 1
gene 1 9 235 -260559 0 1108 -260559 1
gene 3 10 384 -521999 0 1126 -521999 1
gene 3 384 15 -370101 0 1127 -370101 0
gene 2 14 14 267477 1 1197 267477 1
gene 3 7 420 -800000 0 1239 -800000 1
gene 3 420 15 435231 0 1240 435231 1
gene 3 2 433 100152 0 1284 100152 0
gene 3 433 13 220032 0 1285 220032 1
gene 4 3 461 -8211 0 1352 -8211 1
gene 4 461 14 33822 0 1353 33822 1
gene 4 15 500 -235413 1 1453 -235413 1
gene 4 500 15 -352782 0 1454 -352782 1
gene 1 8 516 206958 0 1500 206958 1
gene 1 516 14 -154086 0 1501 -154086 1
gene 1 384 121 126954 0 1548 126954 1
gene 2 8 461 82902 0 1965 82902 0
gene 3 3 697 749162 0 2038 749162 1
gene 3 697 15 -800000 0 2039 -800000 1
gene 2 1 500 139311 0 2133 139311 1
gene 1 3 433 -257760 0 2628 -257760 1
gene 2 516 516 -149076 1 2664 -149076 1
gene 3 8 1018 -483909 0 2997 -483909 1
gene 3 1018 121 -48816 0 2998 -48816 0
gene 3 15 433 341286 0 3156 341286 0
gene 1 10 1130 -251553 0 3329 -251553 1
gene 1 1130 14 -252471 0 3330 -252471 0
gene 3 500 697 234405 0 3371 234405 1
gene 1 3 516 569739 0 3603 569739 1
gene 2 9 1323 -458580 0 3885 -458580 0
gene 2 1323 14 49134 0 3886 49134 0
gene 2 121 420 194400 0 3959 194400 1
gene 2 8 1393 9732 0 4093 9732 1
gene 2 1393 13 175008 0 4094 175008 1
gene 1 11 1479 421818 0 4325 421818 1
gene 1 1479 14 366579 0 4326 366579 1
gene 4 12 1531 151194 0 4477 151194 1
gene 4 1531 15 290127 0 4478 290127 1
gene 3 1393 433 362046 0 4734 362046 1
gene 2 1323 1683 -135117 0 4950 -135117 1
gene 2 1683 14 178296 0 4951 178296 1
gene 2 9 1734 -800000 0 5099 -800000 1
gene 2 1734 1323 -240108 0 5100 -240108 1
gene 1 5 1531 -324339 0 5504 -324339 1
gene 2 1323 461 -490467 0 5534 -490467 1
gene 2 1734 1734 542529 1 5573 542529 1
gene 4 2 1683 211314 0 5674 211314 1
gene 1 1130 1953 105750 0 5725 105750 1
gene 1 1953 14 194250 0 5726 194250 1
gene 3 2 1976 254676 0 5782 254676 1
gene 3 1976 433 -295824 0 5783 -295824 1
gene 2 8 1994 -491775 0 5831 -491775 1
gene 2 1994 461 285924 0 5832 285924 1
gene 4 384 1323 -152295 0 6182 -152295 1
gene 2 3 420 -164323 0 6444 -164323 1
gene 1 7 1393 -73607 0 6586 -73607 1
gene 3 9 2272 1 0 6629 0 1
gene 3 2272 13 39456 0 6630 0 1
gene 3 15 2286 1 0 6668 0 1
gene 3 2286 433 341286 0 6669 0 1
genomeend 9


/* Organism #10 Fitness: 200.000000 Time: 0 */
/* Position #10*/
#1 x: 38 y: 21
#2 x: 46 y: 37
#3 x: 56 y: 29
#4 x: 65 y: 84
#5 x: 85 y: 85
#6 x: 55 y: 76
genomestart 10
trait 1 43007.000000 16300.000000 0.000000 0.000000 0.000000 0.000000 87908.000000 0.000000 trait 2 2.000000 0.000000 0.000000 0.000000 0.000000 0.000000 0.000000 0.000000 trait 3 28689.000000 0.000000 0.000000 51304.000000 0.000000 0.000000 100000.000000 0.000000 trait 4 4.000000 0.000000 0.000000 0.000000 0.000000 0.000000 0.000000 37957.000000 node 1 4 1 3
node 2 4 1 1
node 3 1 1 1
node 4 1 1 1
node 5 1 1 1
node 6 2 1 1
node 7 4 1 1
node 8 4 1 1
node 9 2 1 1
node 10 1 1 1
node 11 2 1 1
node 12 4 1 1
node 13 2 0 2
node 14 1 0 2
node 15 3 0 2
node 121 1 0 0
node 235 1 0 0
node 384 1 0 0
node 420 1 0 0
node 433 1 0 0
node 461 1 0 0
node 500 1 0 0
node 516 1 0 0
node 697 1 0 0
node 1018 1 0 0
node 1130 1 0 0
node 1323 1 0 0
node 1393 1 0 0
node 1479 1 0 0
node 1531 1 0 0
node 1683 1 0 0
node 1734 1 0 0
node 1953 1 0 0
node 1976 1 0 0
node 1994 1 0 0
node 2272 1 0 0
gene 2 1 13 491481 0 1 491481 1
gene 3 2 13 -407967 0 2 -407967 1
gene 2 3 13 100392 0 3 100392 1
gene 3 4 13 138276 0 4 138276 1
gene 2 5 13 800000 0 5 800000 1
gene 4 6 13 -300201 0 6 -300201 1
gene 3 7 13 364680 0 7 364680 1
gene 2 8 13 -606071 0 8 -606071 0
gene 3 9 13 39456 0 9 39456 0
gene 2 10 13 -413610 0 10 -413610 1
gene 2 11 13 504441 0 11 504441 1
gene 4 12 13 263274 0 12 263274 1
gene 2 1 14 800000 0 13 800000 1
gene 2 2 14 800000 0 14 800000 1
gene 4 3 14 68664 0 15 68664 1
gene 4 4 14 800000 0 16 800000 0
gene 4 5 14 589377 0 17 589377 1
gene 3 6 14 -2721 0 18 -2721 1
gene 2 7 14 -35802 0 19 -35802 1
gene 1 8 14 129948 0 20 129948 0
gene 2 9 14 430317 0 21 430317 0
gene 1 10 14 -259377 0 22 -259377 0
gene 1 11 14 96252 0 23 96252 0
gene 4 12 14 -151830 0 24 -151830 1
gene 3 1 15 -53925 0 25 -53925 1
gene 3 2 15 -202326 0 26 -202326 1
gene 3 3 15 -76695 0 27 -76695 0
gene 3 4 15 419526 0 28 419526 1
gene 3 5 15 -232602 0 29 -232602 1
gene 1 6 15 200349 0 30 200349 1
gene 3 7 15 382017 0 31 382017 0
gene 3 8 15 133092 0 32 133092 1
gene 3 9 15 800000 0 33 800000 1
gene 3 10 15 412449 0 34 412449 0
gene 2 11 15 -226116 0 35 -226116 1
gene 4 12 15 -108579 0 36 -108579 0
gene 4 15 15 -181926 1 174 -181926 0
gene 3 8 121 298515 0 329 298515 0
gene 3 121 15 -53037 0 330 -53037 1
gene 2 5 121 -602412 0 438 -602412 1
gene 2 7 121 -452766 0 483 -452766 1
gene 4 4 235 -140493 0 666 -140493 1
gene 4 235 14 119430 0 667 119430 1
gene 1 1 235 -32760 0 753 -32760 1
gene 1 9 235 -260559 0 1108 -260559 1
gene 3 10 384 -521999 0 1126 -521999 1
gene 3 384 15 -370101 0 1127 -370101 0
gene 2 14 14 267477 1 1197 267477 1
gene 3 7 420 -800000 0 1239 -800000 1
gene 3 420 15 435231 0 1240 435231 1
gene 3 2 433 100152 0 1284 100152 0
gene 3 433 13 220032 0 1285 220032 1
gene 4 3 461 -8211 0 1352 -8211 1
gene 4 461 14 33822 0 1353 33822 1
gene 4 15 500 -235413 1 1453 -235413 1
gene 4 500 15 -352782 0 1454 -352782 1
gene 1 8 516 206958 0 1500 206958 1
gene 1 516 14 -154086 0 1501 -154086 1
gene 1 384 121 126954 0 1548 126954 1
gene 2 8 461 82902 0 1965 82902 0
gene 3 3 697 749162 0 2038 749162 1
gene 3 697 15 -800000 0 2039 -800000 1
gene 2 1 500 139311 0 2133 139311 1
gene 1 3 433 -257760 0 2628 -257760 1
gene 2 516 516 -149076 1 2664 -149076 1
gene 3 8 1018 -483909 0 2997 -483909 1
gene 3 1018 121 -48816 0 2998 -48816 0
gene 3 15 433 341286 0 3156 341286 1
gene 1 10 1130 -251553 0 3329 -251553 1
gene 1 1130 14 -252471 0 3330 -252471 0
gene 3 500 697 234405 0 3371 234405 1
gene 1 3 516 569739 0 3603 569739 1
gene 2 9 1323 -458580 0 3885 -458580 0
gene 2 1323 14 49134 0 3886 49134 0
gene 2 121 420 194400 0 3959 194400 1
gene 2 8 1393 9732 0 4093 9732 1
gene 2 1393 13 175008 0 4094 175008 1
gene 1 11 1479 421818 0 4325 421818 1
gene 1 1479 14 366579 0 4326 366579 1
gene 4 12 1531 151194 0 4477 151194 1
gene 4 1531 15 290127 0 4478 290127 1
gene 3 1393 433 362046 0 4734 362046 1
gene 2 1323 1683 -135117 0 4950 -135117 1
gene 2 1683 14 178296 0 4951 178296 1
gene 2 9 1734 -800000 0 5099 -800000 1
gene 2 1734 1323 -240108 0 5100 -240108 1
gene 1 5 1531 -324339 0 5504 -324339 1
gene 2 1323 461 -490467 0 5534 -490467 1
gene 2 1734 1734 542529 1 5573 542529 1
gene 4 2 1683 211314 0 5674 211314 1
gene 1 1130 1953 105750 0 5725 105750 1
gene 1 1953 14 194250 0 5726 194250 1
gene 3 2 1976 254676 0 5782 254676 1
gene 3 1976 433 -295824 0 5783 -295824 1
gene 2 8 1994 -491775 0 5831 -491775 1
gene 2 1994 461 285924 0 5832 285924 1
gene 4 384 1323 -152295 0 6182 -152295 1
gene 2 3 420 -164323 0 6444 -164323 1
gene 1 7 1393 -73607 0 6586 -73607 1
gene 3 9 2272 1 0 6629 0 1
gene 3 2272 13 39456 0 6630 0 1
gene 4 10 433 -40107 0 6670 -40107 1
genomeend 10


/* Organism #13 Fitness: 190.000000 Time: 0 */
/* Position #13*/
#1 x: 68 y: 33
#2 x: 83 y: 22
#3 x: 64 y: 36
#4 x: 29 y: 71
#5 x: 48 y: 73
#6 x: 79 y: 80
genomestart 13
trait 1 32344.000000 0.000000 0.000000 0.000000 0.000000 0.000000 100000.000000 0.000000 trait 2 2.000000 0.000000 0.000000 0.000000 0.000000 0.000000 0.000000 0.000000 trait 3 0.000000 0.000000 0.000000 0.000000 0.000000 13538.000000 70969.000000 0.000000 trait 4 4.000000 0.000000 0.000000 0.000000 0.000000 0.000000 0.000000 37957.000000 node 1 4 1 3
node 2 4 1 1
node 3 1 1 1
node 4 1 1 1
node 5 1 1 1
node 6 2 1 1
node 7 4 1 1
node 8 4 1 1
node 9 2 1 1
node 10 1 1 1
node 11 2 1 1
node 12 4 1 1
node 13 2 0 2
node 14 1 0 2
node 15 3 0 2
node 121 1 0 0
node 235 1 0 0
node 384 1 0 0
node 420 1 0 0
node 433 1 0 0
node 461 1 0 0
node 500 1 0 0
node 516 1 0 0
node 697 1 0 0
node 1018 1 0 0
node 1130 3 0 0
node 1323 1 0 0
node 1393 1 0 0
node 1479 1 0 0
node 1531 1 0 0
node 1853 1 0 0
node 2038 1 0 0
node 2121 1 0 0
node 2259 1 0 0
node 2273 1 0 0
gene 2 1 13 -247263 0 1 -247263 1
gene 3 2 13 232218 0 2 232218 1
gene 2 3 13 143925 0 3 143925 1
gene 3 4 13 619905 0 4 619905 1
gene 2 5 13 -8934 0 5 -8934 1
gene 4 6 13 -76776 0 6 -76776 1
gene 3 7 13 -91707 0 7 -91707 1
gene 2 8 13 -582726 0 8 -582726 1
gene 3 9 13 45477 0 9 45477 0
gene 2 10 13 -88869 0 10 -88869 1
gene 2 11 13 -242526 0 11 -242526 1
gene 4 12 13 -300510 0 12 -300510 1
gene 2 1 14 208266 0 13 208266 1
gene 2 2 14 -191223 0 14 -191223 1
gene 4 3 14 58674 0 15 58674 1
gene 4 4 14 -208236 0 16 -208236 0
gene 4 5 14 422838 0 17 422838 1
gene 3 6 14 -186576 0 18 -186576 1
gene 2 7 14 -320625 0 19 -320625 1
gene 1 8 14 29766 0 20 29766 0
gene 2 9 14 157317 0 21 157317 0
gene 1 10 14 260550 0 22 260550 0
gene 1 11 14 -202065 0 23 -202065 0
gene 4 12 14 228756 0 24 228756 1
gene 3 1 15 73713 0 25 73713 1
gene 3 2 15 114387 0 26 114387 1
gene 3 3 15 198567 0 27 198567 0
gene 3 4 15 37299 0 28 37299 1
gene 3 5 15 -462195 0 29 -462195 1
gene 1 6 15 -800000 0 30 -800000 1
gene 3 7 15 -702227 0 31 -702227 0
gene 3 8 15 40671 0 32 40671 1
gene 3 9 15 -336021 0 33 -336021 0
gene 3 10 15 -365286 0 34 -365286 1
gene 2 11 15 -449910 0 35 -449910 1
gene 4 12 15 -128556 0 36 -128556 1
gene 4 15 15 -152814 1 174 -152814 0
gene 3 8 121 -127722 0 329 -127722 0
gene 3 121 15 589566 0 330 589566 1
gene 2 5 121 5457 0 438 5457 1
gene 2 7 121 152937 0 483 152937 1
gene 4 4 235 376004 0 666 376004 1
gene 4 235 14 -252624 0 667 -252624 1
gene 1 1 235 800000 0 753 800000 1
gene 1 9 235 176442 0 1108 176442 1
gene 3 10 384 -400869 0 1126 -400869 0
gene 3 384 15 183711 0 1127 183711 0
gene 2 14 14 438588 1 1197 438588 1
gene 3 7 420 283920 0 1239 283920 1
gene 3 420 15 -161103 0 1240 -161103 1
gene 3 2 433 366468 0 1284 366468 1
gene 3 433 13 118476 0 1285 118476 1
gene 4 3 461 405993 0 1352 405993 1
gene 4 461 14 148443 0 1353 148443 1
gene 4 15 500 82041 1 1453 82041 1
gene 4 500 15 -254664 0 1454 -254664 1
gene 1 8 516 313902 0 1500 313902 1
gene 1 516 14 -180345 0 1501 -180345 1
gene 1 384 121 -15927 0 1548 -15927 1
gene 2 8 461 -386313 0 1965 -386313 1
gene 3 3 697 -232959 0 2038 -232959 1
gene 3 697 15 162024 0 2039 162024 1
gene 2 1 500 450111 0 2133 450111 1
gene 1 3 433 145599 0 2628 145599 1
gene 1 516 516 745179 1 2664 745179 1
gene 3 8 1018 19290 0 2997 19290 1
gene 2 1018 121 -52452 0 2998 -52452 0
gene 3 15 433 -299601 0 3156 -299601 1
gene 1 10 1130 130050 0 3329 130050 1
gene 1 1130 14 -443097 0 3330 -443097 1
gene 3 500 697 -183342 0 3371 -183342 1
gene 2 3 516 385419 0 3603 385419 1
gene 1 9 1323 -451173 0 3885 -451173 1
gene 2 1323 14 91428 0 3886 91428 0
gene 2 121 420 -687 0 3959 -687 1
gene 2 8 1393 -56412 0 4093 -56412 1
gene 2 1393 13 248706 0 4094 248706 1
gene 1 11 1479 223560 0 4325 223560 1
gene 1 1479 14 6021 0 4326 6021 0
gene 4 12 1531 -615852 0 4477 -615852 1
gene 4 1531 15 -326667 0 4478 -326667 1
gene 2 1323 420 -764097 0 4676 -764097 1
gene 3 500 1479 800000 0 4897 800000 1
gene 4 461 461 -507546 1 4980 -507546 1
gene 4 461 697 -145587 0 5076 -145587 1
gene 3 9 1853 -392439 0 5434 -392439 1
gene 3 1853 15 158193 0 5435 158193 1
gene 3 516 1479 167835 0 5581 167835 1
gene 1 11 433 94350 0 5915 94350 1
gene 1 1479 2038 81765 0 5948 81765 1
gene 1 2038 14 78753 0 5949 78753 1
gene 3 10 1393 -134520 0 6134 -134520 1
gene 3 9 2121 -142731 0 6176 -142731 1
gene 3 2121 13 -43914 0 6177 -43914 1
gene 2 1853 1853 -181561 1 6470 -181561 1
gene 2 1323 2259 58369 0 6591 58369 1
gene 2 2259 14 -120354 0 6592 -120354 1
gene 3 10 2273 -193946 0 6633 -193946 1
gene 3 2273 384 -50934 0 6634 -50934 1
genomeend 13


/* Organism #26 Fitness: 210.000000 Time: 0 */
/* Position #26*/
#1 x: 47 y: 39
#2 x: 49 y: 24
#3 x: 65 y: 33
#4 x: 62 y: 61
#5 x: 39 y: 62
#6 x: 51 y: 85
genomestart 26
trait 1 32344.000000 0.000000 0.000000 0.000000 0.000000 0.000000 100000.000000 0.000000 trait 2 2.000000 0.000000 0.000000 0.000000 0.000000 0.000000 0.000000 0.000000 trait 3 0.000000 0.000000 0.000000 0.000000 0.000000 13538.000000 70969.000000 0.000000 trait 4 4.000000 0.000000 0.000000 0.000000 0.000000 0.000000 0.000000 37957.000000 node 1 4 1 3
node 2 4 1 1
node 3 1 1 1
node 4 1 1 1
node 5 1 1 1
node 6 2 1 1
node 7 4 1 1
node 8 4 1 1
node 9 2 1 1
node 10 1 1 1
node 11 2 1 1
node 12 4 1 1
node 13 2 0 2
node 14 1 0 2
node 15 3 0 2
node 121 1 0 0
node 235 1 0 0
node 384 1 0 0
node 420 1 0 0
node 433 1 0 0
node 461 1 0 0
node 500 1 0 0
node 516 1 0 0
node 697 1 0 0
node 1018 1 0 0
node 1130 3 0 0
node 1323 1 0 0
node 1393 1 0 0
node 1479 1 0 0
node 1531 1 0 0
node 1853 1 0 0
node 2038 1 0 0
node 2155 1 0 0
node 2164 1 0 0
node 2200 1 0 0
node 2216 1 0 0
node 2290 1 0 0
gene 2 1 13 -310167 0 1 -310167 1
gene 3 2 13 428484 0 2 428484 1
gene 2 3 13 -516813 0 3 -516813 1
gene 4 4 13 702006 0 4 702006 1
gene 2 5 13 -117720 0 5 -117720 1
gene 4 6 13 263862 0 6 263862 1
gene 3 7 13 227763 0 7 227763 1
gene 2 8 13 -329499 0 8 -329499 1
gene 3 9 13 15711 0 9 15711 1
gene 2 10 13 248334 0 10 248334 1
gene 2 11 13 305535 0 11 305535 1
gene 4 12 13 111549 0 12 111549 1
gene 2 1 14 -599105 0 13 -599105 1
gene 2 2 14 -171855 0 14 -171855 1
gene 4 3 14 56637 0 15 56637 1
gene 4 4 14 -557421 0 16 -557421 0
gene 4 5 14 -83382 0 17 -83382 1
gene 3 6 14 493257 0 18 493257 1
gene 2 7 14 146196 0 19 146196 1
gene 1 8 14 628044 0 20 628044 0
gene 2 9 14 -198009 0 21 -198009 0
gene 1 10 14 199998 0 22 199998 0
gene 1 11 14 -251472 0 23 -251472 0
gene 4 12 14 -336056 0 24 -336056 1
gene 3 1 15 274659 0 25 274659 1
gene 3 2 15 -367218 0 26 -367218 1
gene 3 3 15 302382 0 27 302382 0
gene 3 4 15 -277959 0 28 -277959 1
gene 3 5 15 -213945 0 29 -213945 1
gene 1 6 15 281784 0 30 281784 1
gene 3 7 15 206715 0 31 206715 0
gene 3 8 15 -22923 0 32 -22923 1
gene 3 9 15 -38901 0 33 -38901 0
gene 3 10 15 -351705 0 34 -351705 1
gene 2 11 15 -271470 0 35 -271470 1
gene 4 12 15 153162 0 36 153162 1
gene 4 15 15 -262731 1 174 -262731 0
gene 3 8 121 463515 0 329 463515 0
gene 3 121 15 -387513 0 330 -387513 1
gene 2 5 121 800000 0 438 800000 1
gene 2 7 121 -47970 0 483 -47970 1
gene 4 4 235 300921 0 666 300921 1
gene 4 235 14 105012 0 667 105012 1
gene 1 1 235 -212964 0 753 -212964 1
gene 1 9 235 258717 0 1108 258717 1
gene 3 10 384 -679262 0 1126 -679262 1
gene 3 384 15 -118401 0 1127 -118401 0
gene 2 14 14 -44754 1 1197 -44754 0
gene 3 7 420 551421 0 1239 551421 1
gene 3 420 15 542216 0 1240 542216 1
gene 3 2 433 134820 0 1284 134820 1
gene 3 433 13 496995 0 1285 496995 0
gene 4 3 461 -5628 0 1352 -5628 1
gene 4 461 14 -311667 0 1353 -311667 1
gene 4 15 500 356418 1 1453 356418 1
gene 4 500 15 -750291 0 1454 -750291 1
gene 1 8 516 128988 0 1500 128988 1
gene 1 516 14 -379158 0 1501 -379158 1
gene 1 384 121 -100905 0 1548 -100905 1
gene 2 8 461 -509688 0 1965 -509688 1
gene 3 3 697 -353982 0 2038 -353982 1
gene 3 697 15 638928 0 2039 638928 1
gene 2 1 500 86127 0 2133 86127 1
gene 1 3 433 -406446 0 2628 -406446 1
gene 1 516 516 379569 1 2664 379569 1
gene 3 8 1018 157905 0 2997 157905 1
gene 2 1018 121 -150237 0 2998 -150237 0
gene 3 15 433 64926 0 3156 64926 1
gene 1 10 1130 66182 0 3329 66182 1
gene 1 1130 14 -527976 0 3330 -527976 1
gene 3 500 697 575073 0 3371 575073 0
gene 2 3 516 800000 0 3603 800000 1
gene 1 9 1323 796449 0 3885 796449 1
gene 2 1323 14 -569961 0 3886 -569961 1
gene 2 121 420 -149331 0 3959 -149331 1
gene 2 8 1393 -143757 0 4093 -143757 1
gene 2 1393 13 -325440 0 4094 -325440 1
gene 1 11 1479 436770 0 4325 436770 1
gene 1 1479 14 522744 0 4326 522744 0
gene 4 12 1531 -68388 0 4477 -68388 1
gene 4 1531 15 -22764 0 4478 -22764 1
gene 2 1323 420 -484518 0 4676 -484518 1
gene 3 500 1479 -70905 0 4897 -70905 1
gene 4 461 461 636408 1 4980 636408 1
gene 4 461 697 -9306 0 5076 -9306 1
gene 3 9 1853 56691 0 5434 56691 1
gene 3 1853 15 -194271 0 5435 -194271 1
gene 3 516 1479 -577905 0 5581 -577905 1
gene 1 11 433 -207450 0 5915 -207450 1
gene 1 1479 2038 -201348 0 5948 -201348 1
gene 1 2038 14 23292 0 5949 23292 1
gene 3 10 1393 460606 0 6134 460606 0
gene 3 10 2155 -246117 0 6287 -246117 1
gene 3 2155 1393 135561 0 6288 135561 1
gene 3 433 2164 104124 0 6310 104124 1
gene 3 2164 13 290979 0 6311 290979 1
gene 2 14 2200 -28230 1 6415 -28230 1
gene 2 2200 14 -25302 0 6416 -25302 0
gene 2 2200 2216 304987 0 6461 304987 1
gene 2 2216 14 -553152 0 6462 -553152 1
gene 3 500 2290 1 0 6683 0 1
gene 3 2290 697 575073 0 6684 0 1
genomeend 26


/* Organism #44 Fitness: 280.000000 Time: 0 */
/* Position #44*/
#1 x: 57 y: 36
#2 x: 37 y: 23
#3 x: 71 y: 15
#4 x: 48 y: 61
#5 x: 30 y: 62
#6 x: 44 y: 65
genomestart 44
trait 1 43007.000000 16300.000000 0.000000 0.000000 0.000000 0.000000 87908.000000 0.000000 trait 2 2.000000 0.000000 0.000000 0.000000 0.000000 0.000000 0.000000 0.000000 trait 3 0.000000 0.000000 0.000000 51304.000000 0.000000 13538.000000 70969.000000 30146.000000 trait 4 4.000000 0.000000 0.000000 36940.000000 0.000000 0.000000 43316.000000 37957.000000 node 1 4 1 3
node 2 4 1 1
node 3 1 1 1
node 4 1 1 1
node 5 1 1 1
node 6 2 1 1
node 7 4 1 1
node 8 4 1 1
node 9 2 1 1
node 10 1 1 1
node 11 2 1 1
node 12 4 1 1
node 13 2 0 2
node 14 1 0 2
node 15 3 0 2
node 121 1 0 0
node 235 1 0 0
node 384 1 0 0
node 420 1 0 0
node 433 1 0 0
node 461 1 0 0
node 500 1 0 0
node 516 1 0 0
node 697 1 0 0
node 1018 1 0 0
node 1130 1 0 0
node 1323 3 0 0
node 1393 1 0 0
node 1479 1 0 0
node 1531 4 0 0
node 1683 1 0 0
node 1735 1 0 0
node 1875 1 0 0
node 1975 1 0 0
node 2022 1 0 0
node 2179 1 0 0
node 2295 1 0 0
gene 2 1 13 151851 0 1 151851 1
gene 3 2 13 232719 0 2 232719 1
gene 2 3 13 800000 0 3 800000 1
gene 3 4 13 145836 0 4 145836 1
gene 2 5 13 303381 0 5 303381 1
gene 4 6 13 117642 0 6 117642 1
gene 3 7 13 56394 0 7 56394 1
gene 2 8 13 22041 0 8 22041 0
gene 3 9 13 -800000 0 9 -800000 1
gene 2 10 13 -110574 0 10 -110574 1
gene 2 11 13 -63834 0 11 -63834 1
gene 4 12 13 -183735 0 12 -183735 1
gene 2 1 14 329447 0 13 329447 1
gene 2 2 14 -37353 0 14 -37353 1
gene 4 3 14 267576 0 15 267576 1
gene 4 4 14 -208392 0 16 -208392 0
gene 4 5 14 435132 0 17 435132 1
gene 3 6 14 -140616 0 18 -140616 0
gene 2 7 14 114873 0 19 114873 1
gene 1 8 14 610947 0 20 610947 0
gene 3 9 14 -555087 0 21 -555087 1
gene 1 10 14 114486 0 22 114486 1
gene 1 11 14 -38451 0 23 -38451 1
gene 4 12 14 -108705 0 24 -108705 1
gene 3 1 15 -775014 0 25 -775014 1
gene 3 2 15 226482 0 26 226482 1
gene 3 3 15 499293 0 27 499293 0
gene 3 4 15 299123 0 28 299123 1
gene 3 5 15 -111327 0 29 -111327 1
gene 1 6 15 267420 0 30 267420 0
gene 3 7 15 -651266 0 31 -651266 0
gene 3 8 15 10764 0 32 10764 1
gene 3 9 15 232683 0 33 232683 1
gene 3 10 15 -312468 0 34 -312468 0
gene 2 11 15 -191280 0 35 -191280 1
gene 4 12 15 -380046 0 36 -380046 0
gene 4 15 15 177714 1 174 177714 0
gene 3 8 121 -438066 0 329 -438066 0
gene 3 121 15 731294 0 330 731294 1
gene 2 5 121 -800000 0 438 -800000 1
gene 2 7 121 -348108 0 483 -348108 1
gene 4 4 235 -194346 0 666 -194346 1
gene 4 235 14 -266442 0 667 -266442 1
gene 1 1 235 -577722 0 753 -577722 1
gene 1 9 235 -72076 0 1108 -72076 1
gene 3 10 384 -245072 0 1126 -245072 1
gene 3 384 15 203877 0 1127 203877 0
gene 2 14 14 208071 1 1197 208071 0
gene 3 7 420 -251406 0 1239 -251406 1
gene 3 420 15 261777 0 1240 261777 1
gene 3 2 433 -27225 0 1284 -27225 0
gene 3 433 13 277749 0 1285 277749 1
gene 4 3 461 -458511 0 1352 -458511 1
gene 4 461 14 531647 0 1353 531647 1
gene 4 15 500 242727 1 1453 242727 1
gene 4 500 15 113799 0 1454 113799 0
gene 1 8 516 96069 0 1500 96069 1
gene 1 516 14 -479640 0 1501 -479640 1
gene 1 384 121 274686 0 1548 274686 1
gene 2 8 461 486654 0 1965 486654 1
gene 3 3 697 -389121 0 2038 -389121 1
gene 2 697 15 -246057 0 2039 -246057 1
gene 2 1 500 145515 0 2133 145515 1
gene 1 3 433 -141198 0 2628 -141198 1
gene 1 516 516 620852 1 2664 620852 1
gene 3 8 1018 -137373 0 2997 -137373 1
gene 3 1018 121 181506 0 2998 181506 0
gene 3 15 433 318377 0 3156 318377 1
gene 1 10 1130 440337 0 3329 440337 1
gene 1 1130 14 198342 0 3330 198342 1
gene 3 500 697 -538203 0 3371 -538203 1
gene 2 3 516 -142230 0 3603 -142230 1
gene 2 9 1323 218934 0 3885 218934 1
gene 2 1323 14 426666 0 3886 426666 0
gene 2 121 420 754799 0 3959 754799 1
gene 2 8 1393 -669354 0 4093 -669354 1
gene 2 1393 13 159423 0 4094 159423 1
gene 1 11 1479 110963 0 4325 110963 1
gene 1 1479 14 276993 0 4326 276993 1
gene 4 12 1531 -55167 0 4477 -55167 1
gene 4 1531 15 166605 0 4478 166605 0
gene 3 1393 433 -231357 0 4734 -231357 1
gene 2 1323 1683 100779 0 4950 100779 1
gene 2 1683 14 -61542 0 4951 -61542 1
gene 3 6 1735 -200772 0 5103 -200772 1
gene 3 1735 14 200586 0 5104 200586 0
gene 1 5 516 -13224 0 5346 -13224 1
gene 1 516 433 48009 0 5443 48009 1
gene 3 2 1875 -206643 0 5505 -206643 1
gene 3 1875 433 -486351 0 5506 -486351 1
gene 1 1683 461 122556 0 5687 122556 1
gene 1 6 1975 -24897 0 5780 -24897 1
gene 1 1975 15 68031 0 5781 68031 1
gene 4 1531 2022 352179 0 5905 352179 1
gene 4 2022 15 -3885 0 5906 -3885 1
gene 3 121 1875 -798967 0 5987 -798967 1
gene 1 1683 1393 -212571 0 6232 -212571 1
gene 4 500 2179 43176 0 6351 43176 1
gene 4 2179 15 -309 0 6352 -309 1
gene 3 12 2179 912 0 6539 912 1
gene 1 1975 1975 -141949 1 6578 -141949 1
gene 2 14 2295 1 1 6699 0 1
gene 2 2295 14 208071 0 6700 0 1
genomeend 44


/* Organism #56 Fitness: 210.000000 Time: 0 */
/* Position #56*/
#1 x: 82 y: 32
#2 x: 25 y: 15
#3 x: 80 y: 37
#4 x: 18 y: 74
#5 x: 79 y: 66
#6 x: 45 y: 78
genomestart 56
trait 1 43007.000000 16300.000000 6994.000000 28041.000000 57524.000000 37112.000000 87908.000000 80535.000000 trait 2 2.000000 0.000000 0.000000 0.000000 0.000000 0.000000 0.000000 0.000000 trait 3 0.000000 0.000000 0.000000 51304.000000 0.000000 13538.000000 70969.000000 30146.000000 trait 4 4.000000 0.000000 0.000000 36940.000000 0.000000 0.000000 43316.000000 37957.000000 node 1 4 1 3
node 2 4 1 1
node 3 1 1 1
node 4 1 1 1
node 5 1 1 1
node 6 2 1 1
node 7 4 1 1
node 8 4 1 1
node 9 2 1 1
node 10 1 1 1
node 11 2 1 1
node 12 4 1 1
node 13 2 0 2
node 14 1 0 2
node 15 3 0 2
node 121 1 0 0
node 235 1 0 0
node 384 1 0 0
node 420 1 0 0
node 433 1 0 0
node 461 1 0 0
node 500 1 0 0
node 516 1 0 0
node 697 3 0 0
node 1018 1 0 0
node 1130 1 0 0
node 1323 3 0 0
node 1393 1 0 0
node 1479 1 0 0
node 1531 4 0 0
node 1683 1 0 0
node 1735 1 0 0
node 1875 1 0 0
node 2034 1 0 0
node 2142 1 0 0
node 2172 1 0 0
node 2206 1 0 0
gene 2 1 13 140676 0 1 140676 1
gene 3 2 13 300498 0 2 300498 1
gene 2 3 13 -24393 0 3 -24393 1
gene 3 4 13 521340 0 4 521340 1
gene 2 5 13 -644564 0 5 -644564 1
gene 4 6 13 -514710 0 6 -514710 1
gene 3 7 13 187068 0 7 187068 1
gene 2 8 13 800000 0 8 800000 0
gene 3 9 13 -211322 0 9 -211322 1
gene 2 10 13 -198807 0 10 -198807 1
gene 2 11 13 565050 0 11 565050 1
gene 4 12 13 -362517 0 12 -362517 1
gene 2 1 14 645896 0 13 645896 1
gene 2 2 14 745439 0 14 745439 1
gene 4 3 14 299436 0 15 299436 1
gene 4 4 14 -154371 0 16 -154371 0
gene 4 5 14 194187 0 17 194187 1
gene 3 6 14 180477 0 18 180477 0
gene 2 7 14 203832 0 19 203832 1
gene 1 8 14 -95640 0 20 -95640 0
gene 3 9 14 126789 0 21 126789 1
gene 1 10 14 442344 0 22 442344 1
gene 1 11 14 -687929 0 23 -687929 1
gene 4 12 14 310430 0 24 310430 1
gene 3 1 15 25518 0 25 25518 1
gene 3 2 15 -297888 0 26 -297888 1
gene 3 3 15 -431817 0 27 -431817 0
gene 3 4 15 305334 0 28 305334 1
gene 3 5 15 -319758 0 29 -319758 1
gene 1 6 15 142572 0 30 142572 1
gene 3 7 15 -311166 0 31 -311166 0
gene 3 8 15 362430 0 32 362430 1
gene 3 9 15 62622 0 33 62622 1
gene 3 10 15 -99909 0 34 -99909 0
gene 2 11 15 729281 0 35 729281 1
gene 4 12 15 -198369 0 36 -198369 0
gene 4 15 15 113808 1 174 113808 0
gene 3 8 121 199413 0 329 199413 0
gene 3 121 15 55413 0 330 55413 1
gene 2 5 121 -40623 0 438 -40623 1
gene 2 7 121 190308 0 483 190308 1
gene 4 4 235 -241857 0 666 -241857 1
gene 4 235 14 -800000 0 667 -800000 1
gene 1 1 235 -25548 0 753 -25548 1
gene 1 9 235 -397326 0 1108 -397326 1
gene 3 10 384 -800000 0 1126 -800000 1
gene 3 384 15 -298475 0 1127 -298475 0
gene 2 14 14 -314304 1 1197 -314304 1
gene 3 7 420 -90408 0 1239 -90408 0
gene 3 420 15 317658 0 1240 317658 0
gene 3 2 433 -560406 0 1284 -560406 0
gene 3 433 13 559023 0 1285 559023 1
gene 4 3 461 -515112 0 1352 -515112 1
gene 4 461 14 120692 0 1353 120692 1
gene 4 15 500 736547 1 1453 736547 1
gene 4 500 15 -218799 0 1454 -218799 1
gene 1 8 516 -195135 0 1500 -195135 1
gene 1 516 14 63579 0 1501 63579 1
gene 1 384 121 -416193 0 1548 -416193 1
gene 2 8 461 -219318 0 1965 -219318 1
gene 3 3 697 -106479 0 2038 -106479 0
gene 3 697 15 800000 0 2039 800000 1
gene 2 1 500 760424 0 2133 760424 1
gene 1 3 433 -800000 0 2628 -800000 1
gene 1 516 516 -437238 1 2664 -437238 1
gene 3 8 1018 245250 0 2997 245250 1
gene 3 1018 121 800000 0 2998 800000 0
gene 3 15 433 -178080 0 3156 -178080 1
gene 1 10 1130 -314391 0 3329 -314391 1
gene 1 1130 14 156015 0 3330 156015 1
gene 3 500 697 19077 0 3371 19077 1
gene 2 3 516 311877 0 3603 311877 1
gene 2 9 1323 54147 0 3885 54147 1
gene 2 1323 14 -190947 0 3886 -190947 0
gene 2 121 420 508320 0 3959 508320 1
gene 2 8 1393 -755841 0 4093 -755841 0
gene 2 1393 13 22098 0 4094 22098 1
gene 1 11 1479 347214 0 4325 347214 1
gene 1 1479 14 -53223 0 4326 -53223 1
gene 4 12 1531 242592 0 4477 242592 1
gene 4 1531 15 -338067 0 4478 -338067 1
gene 3 1393 433 -4509 0 4734 -4509 1
gene 2 1323 1683 -30045 0 4950 -30045 1
gene 2 1683 14 161148 0 4951 161148 1
gene 3 6 1735 -159735 0 5103 -159735 1
gene 3 1735 14 278661 0 5104 278661 1
gene 1 5 516 355677 0 5346 355677 1
gene 1 516 433 -133641 0 5443 -133641 1
gene 3 2 1875 143229 0 5505 143229 1
gene 3 1875 433 -159543 0 5506 -159543 1
gene 1 1683 461 503730 0 5687 503730 1
gene 1 516 121 143916 0 5877 143916 1
gene 3 3 2034 -191547 0 5939 -191547 1
gene 3 2034 697 234846 0 5940 234846 1
gene 3 5 1479 293046 0 6157 293046 1
gene 3 7 2142 234673 0 6248 234673 1
gene 3 2142 420 -192582 0 6249 -192582 1
gene 3 420 2172 604576 0 6332 604576 1
gene 3 2172 15 -268170 0 6333 -268170 1
gene 2 1735 1735 -375854 1 6388 -375854 1
gene 2 8 2206 -8385 0 6436 -8385 1
gene 2 2206 1393 -567780 0 6437 -567780 1
genomeend 56


/* Organism #58 Fitness: 260.000000 Time: 0 */
/* Position #58*/
#1 x: 35 y: 25
#2 x: 40 y: 39
#3 x: 71 y: 38
#4 x: 21 y: 83
#5 x: 75 y: 64
#6 x: 23 y: 81
genomestart 58
trait 1 32344.000000 0.000000 0.000000 0.000000 0.000000 0.000000 100000.000000 0.000000 trait 2 0.000000 0.000000 0.000000 0.000000 0.000000 88925.000000 0.000000 72288.000000 trait 3 0.000000 0.000000 0.000000 0.000000 0.000000 13538.000000 70969.000000 0.000000 trait 4 4.000000 0.000000 0.000000 0.000000 0.000000 0.000000 0.000000 37957.000000 node 1 4 1 3
node 2 4 1 1
node 3 1 1 1
node 4 1 1 1
node 5 1 1 1
node 6 2 1 1
node 7 4 1 1
node 8 4 1 1
node 9 2 1 1
node 10 1 1 1
node 11 2 1 1
node 12 4 1 1
node 13 1 0 2
node 14 1 0 2
node 15 3 0 2
node 121 1 0 0
node 235 1 0 0
node 384 1 0 0
node 420 1 0 0
node 433 1 0 0
node 461 1 0 0
node 500 1 0 0
node 516 1 0 0
node 697 1 0 0
node 1018 1 0 0
node 1130 3 0 0
node 1323 1 0 0
node 1393 1 0 0
node 1479 1 0 0
node 1531 1 0 0
node 1853 1 0 0
node 2038 1 0 0
node 2121 1 0 0
node 2297 1 0 0
gene 2 1 13 -505440 0 1 -505440 1
gene 3 2 13 373977 0 2 373977 1
gene 2 3 13 -527904 0 3 -527904 1
gene 3 4 13 74715 0 4 74715 0
gene 3 5 13 110157 0 5 110157 1
gene 4 6 13 71445 0 6 71445 1
gene 3 7 13 -325536 0 7 -325536 1
gene 2 8 13 -412215 0 8 -412215 1
gene 3 9 13 437619 0 9 437619 0
gene 2 10 13 164109 0 10 164109 1
gene 2 11 13 -116814 0 11 -116814 1
gene 4 12 13 -270435 0 12 -270435 1
gene 2 1 14 -351153 0 13 -351153 1
gene 2 2 14 -7596 0 14 -7596 1
gene 4 3 14 148107 0 15 148107 1
gene 4 4 14 -508569 0 16 -508569 0
gene 4 5 14 674817 0 17 674817 1
gene 3 6 14 447537 0 18 447537 1
gene 2 7 14 -583071 0 19 -583071 1
gene 1 8 14 -508764 0 20 -508764 0
gene 2 9 14 576438 0 21 576438 0
gene 1 10 14 -38160 0 22 -38160 0
gene 1 11 14 -547035 0 23 -547035 0
gene 4 12 14 -203241 0 24 -203241 1
gene 3 1 15 -219825 0 25 -219825 1
gene 3 2 15 110934 0 26 110934 1
gene 3 3 15 -208452 0 27 -208452 0
gene 3 4 15 -242838 0 28 -242838 1
gene 3 5 15 -460512 0 29 -460512 1
gene 1 6 15 -800000 0 30 -800000 1
gene 3 7 15 -800000 0 31 -800000 0
gene 3 8 15 -77637 0 32 -77637 1
gene 3 9 15 -347685 0 33 -347685 0
gene 3 10 15 159504 0 34 159504 1
gene 2 11 15 -800000 0 35 -800000 1
gene 4 12 15 800000 0 36 800000 1
gene 4 15 15 -186192 1 174 -186192 0
gene 3 8 121 -473667 0 329 -473667 0
gene 3 121 15 -84813 0 330 -84813 1
gene 2 5 121 -620934 0 438 -620934 1
gene 2 7 121 -204138 0 483 -204138 1
gene 4 4 235 644750 0 666 644750 1
gene 4 235 14 22848 0 667 22848 1
gene 1 1 235 -105828 0 753 -105828 1
gene 1 9 235 -309546 0 1108 -309546 1
gene 3 10 384 151023 0 1126 151023 1
gene 3 384 15 -41913 0 1127 -41913 0
gene 2 14 14 167022 1 1197 167022 1
gene 3 7 420 -377730 0 1239 -377730 1
gene 3 420 15 -65211 0 1240 -65211 1
gene 3 2 433 69342 0 1284 69342 1
gene 3 433 13 -182700 0 1285 -182700 1
gene 4 3 461 535866 0 1352 535866 1
gene 4 461 14 -113916 0 1353 -113916 1
gene 4 15 500 -13023 1 1453 -13023 1
gene 4 500 15 -106215 0 1454 -106215 1
gene 1 8 516 478179 0 1500 478179 1
gene 1 516 14 -249972 0 1501 -249972 1
gene 1 384 121 355602 0 1548 355602 1
gene 2 8 461 -551301 0 1965 -551301 1
gene 3 3 697 332088 0 2038 332088 1
gene 3 697 15 -264897 0 2039 -264897 1
gene 2 1 500 561402 0 2133 561402 1
gene 1 3 433 29145 0 2628 29145 1
gene 1 516 516 369990 1 2664 369990 1
gene 3 8 1018 -293775 0 2997 -293775 1
gene 2 1018 121 524379 0 2998 524379 0
gene 3 15 433 -347682 0 3156 -347682 1
gene 1 10 1130 -416448 0 3329 -416448 1
gene 1 1130 14 -800000 0 3330 -800000 1
gene 3 500 697 226437 0 3371 226437 1
gene 2 3 516 -385422 0 3603 -385422 1
gene 1 9 1323 -468300 0 3885 -468300 1
gene 2 1323 14 -77760 0 3886 -77760 1
gene 2 121 420 -348072 0 3959 -348072 1
gene 2 8 1393 -249198 0 4093 -249198 1
gene 2 1393 13 14343 0 4094 14343 1
gene 1 11 1479 -96579 0 4325 -96579 1
gene 1 1479 14 -198378 0 4326 -198378 0
gene 4 12 1531 -690471 0 4477 -690471 1
gene 4 1531 15 10107 0 4478 10107 1
gene 2 1323 420 47652 0 4676 47652 1
gene 3 500 1479 800000 0 4897 800000 1
gene 4 461 461 -426624 1 4980 -426624 1
gene 4 461 697 69567 0 5076 69567 1
gene 3 9 1853 -77697 0 5434 -77697 1
gene 3 1853 15 265851 0 5435 265851 1
gene 3 516 1479 -123531 0 5581 -123531 1
gene 1 11 433 136020 0 5915 136020 1
gene 1 1479 2038 -149346 0 5948 -149346 1
gene 1 2038 14 -73356 0 5949 -73356 1
gene 3 10 1393 137625 0 6134 137625 1
gene 3 9 2121 162687 0 6176 162687 1
gene 3 2121 13 -340074 0 6177 -340074 1
gene 2 1853 1853 -172782 1 6470 -172782 1
gene 3 4 2297 1 0 6705 0 1
gene 3 2297 13 74715 0 6706 0 1
genomeend 58


/* Organism #64 Fitness: 280.000000 Time: 0 */
/* Position #64*/
#1 x: 29 y: 33
#2 x: 44 y: 32
#3 x: 74 y: 37
#4 x: 34 y: 74
#5 x: 83 y: 66
#6 x: 79 y: 81
genomestart 64
trait 1 43007.000000 16300.000000 0.000000 0.000000 0.000000 0.000000 87908.000000 0.000000 trait 2 2.000000 0.000000 0.000000 0.000000 0.000000 0.000000 0.000000 0.000000 trait 3 0.000000 0.000000 0.000000 51304.000000 0.000000 13538.000000 70969.000000 30146.000000 trait 4 4.000000 0.000000 27937.000000 36940.000000 20285.000000 0.000000 24295.000000 37957.000000 node 1 4 1 3
node 2 4 1 1
node 3 1 1 1
node 4 1 1 1
node 5 1 1 1
node 6 2 1 1
node 7 4 1 1
node 8 4 1 1
node 9 2 1 1
node 10 1 1 1
node 11 2 1 1
node 12 4 1 1
node 13 2 0 2
node 14 1 0 2
node 15 3 0 2
node 121 1 0 0
node 235 1 0 0
node 384 1 0 0
node 420 1 0 0
node 433 1 0 0
node 461 1 0 0
node 500 1 0 0
node 516 1 0 0
node 697 1 0 0
node 1018 1 0 0
node 1130 1 0 0
node 1323 3 0 0
node 1393 1 0 0
node 1479 1 0 0
node 1531 4 0 0
node 1683 1 0 0
node 1735 1 0 0
node 1875 1 0 0
node 1975 1 0 0
node 2022 1 0 0
node 2179 1 0 0
node 2261 1 0 0
gene 2 1 13 223410 0 1 223410 1
gene 3 2 13 649992 0 2 649992 1
gene 2 3 13 575147 0 3 575147 0
gene 3 4 13 -235677 0 4 -235677 1
gene 2 5 13 -353034 0 5 -353034 1
gene 4 6 13 -240141 0 6 -240141 1
gene 3 7 13 80904 0 7 80904 1
gene 2 8 13 -305961 0 8 -305961 0
gene 3 9 13 -800000 0 9 -800000 1
gene 2 10 13 -399084 0 10 -399084 1
gene 2 11 13 103008 0 11 103008 1
gene 4 12 13 88359 0 12 88359 1
gene 2 1 14 413561 0 13 413561 1
gene 2 2 14 125841 0 14 125841 1
gene 4 3 14 -56067 0 15 -56067 1
gene 4 4 14 -87762 0 16 -87762 0
gene 4 5 14 -193815 0 17 -193815 1
gene 3 6 14 -461099 0 18 -461099 0
gene 2 7 14 -476847 0 19 -476847 1
gene 1 8 14 94020 0 20 94020 0
gene 3 9 14 260946 0 21 260946 1
gene 1 10 14 217938 0 22 217938 1
gene 1 11 14 -19137 0 23 -19137 1
gene 4 12 14 548237 0 24 548237 1
gene 3 1 15 -485865 0 25 -485865 1
gene 3 2 15 -109803 0 26 -109803 1
gene 3 3 15 339237 0 27 339237 0
gene 3 4 15 -131182 0 28 -131182 1
gene 3 5 15 -101073 0 29 -101073 1
gene 1 6 15 271104 0 30 271104 0
gene 3 7 15 -800000 0 31 -800000 0
gene 3 8 15 -437652 0 32 -437652 1
gene 3 9 15 521415 0 33 521415 1
gene 3 10 15 -794406 0 34 -794406 0
gene 2 11 15 -569628 0 35 -569628 1
gene 4 12 15 -326838 0 36 -326838 0
gene 4 15 15 147855 1 174 147855 0
gene 3 8 121 -382806 0 329 -382806 0
gene 3 121 15 -120528 0 330 -120528 1
gene 2 5 121 85170 0 438 85170 1
gene 2 7 121 -65382 0 483 -65382 1
gene 4 4 235 343809 0 666 343809 1
gene 4 235 14 760731 0 667 760731 1
gene 1 1 235 427947 0 753 427947 1
gene 1 9 235 411425 0 1108 411425 1
gene 3 10 384 -480707 0 1126 -480707 1
gene 3 384 15 -246387 0 1127 -246387 0
gene 2 14 14 226947 1 1197 226947 1
gene 3 7 420 -224229 0 1239 -224229 1
gene 3 420 15 385842 0 1240 385842 1
gene 3 2 433 -2004 0 1284 -2004 0
gene 3 433 13 -177204 0 1285 -177204 1
gene 4 3 461 -42243 0 1352 -42243 1
gene 4 461 14 30615 0 1353 30615 1
gene 4 15 500 -159342 1 1453 -159342 1
gene 4 500 15 -221596 0 1454 -221596 0
gene 1 8 516 -232686 0 1500 -232686 1
gene 1 516 14 347985 0 1501 347985 1
gene 1 384 121 -83247 0 1548 -83247 1
gene 2 8 461 114759 0 1965 114759 1
gene 3 3 697 -337137 0 2038 -337137 1
gene 2 697 15 149217 0 2039 149217 1
gene 2 1 500 370431 0 2133 370431 1
gene 1 3 433 23931 0 2628 23931 1
gene 1 516 516 -128641 1 2664 -128641 1
gene 3 8 1018 -68490 0 2997 -68490 1
gene 3 1018 121 197379 0 2998 197379 0
gene 3 15 433 181053 0 3156 181053 1
gene 1 10 1130 367863 0 3329 367863 1
gene 1 1130 14 228687 0 3330 228687 1
gene 3 500 697 17715 0 3371 17715 1
gene 2 3 516 279186 0 3603 279186 1
gene 2 9 1323 -77577 0 3885 -77577 1
gene 2 1323 14 137622 0 3886 137622 0
gene 2 121 420 645341 0 3959 645341 1
gene 2 8 1393 -529790 0 4093 -529790 1
gene 2 1393 13 232254 0 4094 232254 1
gene 1 11 1479 512606 0 4325 512606 1
gene 1 1479 14 392091 0 4326 392091 1
gene 4 12 1531 62076 0 4477 62076 1
gene 4 1531 15 228924 0 4478 228924 0
gene 3 1393 433 117573 0 4734 117573 1
gene 2 1323 1683 120648 0 4950 120648 1
gene 2 1683 14 -152274 0 4951 -152274 1
gene 3 6 1735 -164040 0 5103 -164040 1
gene 3 1735 14 326709 0 5104 326709 0
gene 1 5 516 -173352 0 5346 -173352 1
gene 1 516 433 276255 0 5443 276255 1
gene 3 2 1875 70197 0 5505 70197 1
gene 3 1875 433 371544 0 5506 371544 1
gene 1 1683 461 -252342 0 5687 -252342 1
gene 1 6 1975 573309 0 5780 573309 1
gene 1 1975 15 88530 0 5781 88530 1
gene 4 1531 2022 -377433 0 5905 -377433 1
gene 4 2022 15 101865 0 5906 101865 1
gene 3 121 1875 -582781 0 5987 -582781 1
gene 1 1683 1393 -78681 0 6232 -78681 1
gene 4 500 2179 107808 0 6351 107808 1
gene 4 2179 15 800000 0 6352 800000 1
gene 2 3 2261 159706 0 6595 159706 1
gene 2 2261 13 348338 0 6596 348338 1
gene 2 2179 2179 -298188 1 6640 -298188 1
genomeend 64


/* Organism #66 Fitness: 190.000000 Time: 0 */
/* Position #66*/
#1 x: 48 y: 38
#2 x: 61 y: 16
#3 x: 19 y: 17
#4 x: 57 y: 64
#5 x: 80 y: 83
#6 x: 21 y: 78
genomestart 66
trait 1 32344.000000 0.000000 0.000000 0.000000 70720.000000 0.000000 11469.000000 61968.000000 trait 2 2.000000 0.000000 0.000000 0.000000 0.000000 0.000000 0.000000 0.000000 trait 3 60901.000000 0.000000 66673.000000 0.000000 0.000000 61121.000000 100000.000000 0.000000 trait 4 4.000000 0.000000 0.000000 0.000000 0.000000 0.000000 0.000000 37957.000000 node 1 4 1 3
node 2 3 1 1
node 3 1 1 1
node 4 1 1 1
node 5 1 1 1
node 6 2 1 1
node 7 2 1 1
node 8 4 1 1
node 9 2 1 1
node 10 1 1 1
node 11 2 1 1
node 12 4 1 1
node 13 2 0 2
node 14 1 0 2
node 15 3 0 2
node 121 1 0 0
node 235 1 0 0
node 384 1 0 0
node 420 1 0 0
node 433 1 0 0
node 461 1 0 0
node 500 1 0 0
node 516 1 0 0
node 697 1 0 0
node 1018 1 0 0
node 1130 3 0 0
node 1323 1 0 0
node 1393 1 0 0
node 1479 1 0 0
node 1531 1 0 0
node 1853 1 0 0
node 1975 1 0 0
node 2192 1 0 0
node 2209 1 0 0
node 2230 1 0 0
gene 2 1 13 -86778 0 1 -86778 1
gene 3 2 13 -513999 0 2 -513999 1
gene 2 3 13 78486 0 3 78486 1
gene 3 4 13 800000 0 4 800000 1
gene 2 5 13 635418 0 5 635418 1
gene 4 6 13 20640 0 6 20640 1
gene 3 7 13 171195 0 7 171195 1
gene 2 8 13 350130 0 8 350130 1
gene 3 9 13 82104 0 9 82104 1
gene 2 10 13 755103 0 10 755103 1
gene 2 11 13 -201645 0 11 -201645 1
gene 4 12 13 508095 0 12 508095 1
gene 2 1 14 -150693 0 13 -150693 1
gene 2 2 14 118173 0 14 118173 1
gene 4 3 14 -146154 0 15 -146154 1
gene 4 4 14 -73902 0 16 -73902 0
gene 4 5 14 -250692 0 17 -250692 1
gene 3 6 14 -218952 0 18 -218952 1
gene 2 7 14 -64353 0 19 -64353 1
gene 1 8 14 63102 0 20 63102 0
gene 2 9 14 -128802 0 21 -128802 0
gene 1 10 14 -195840 0 22 -195840 0
gene 1 11 14 -318387 0 23 -318387 0
gene 4 12 14 36282 0 24 36282 1
gene 3 1 15 129384 0 25 129384 1
gene 3 2 15 555132 0 26 555132 1
gene 3 3 15 -523905 0 27 -523905 0
gene 3 4 15 -120759 0 28 -120759 1
gene 3 5 15 200337 0 29 200337 1
gene 1 6 15 -800000 0 30 -800000 0
gene 3 7 15 458793 0 31 458793 0
gene 3 8 15 -178758 0 32 -178758 0
gene 3 9 15 800000 0 33 800000 0
gene 3 10 15 800000 0 34 800000 1
gene 2 11 15 25503 0 35 25503 0
gene 4 12 15 222009 0 36 222009 1
gene 4 15 15 -440874 1 174 -440874 0
gene 3 8 121 425130 0 329 425130 0
gene 3 121 15 21531 0 330 21531 1
gene 2 5 121 288363 0 438 288363 1
gene 2 7 121 287250 0 483 287250 1
gene 4 4 235 483203 0 666 483203 1
gene 4 235 14 -262701 0 667 -262701 1
gene 1 1 235 -800000 0 753 -800000 1
gene 1 9 235 -358002 0 1108 -358002 1
gene 3 10 384 -800000 0 1126 -800000 1
gene 3 384 15 100371 0 1127 100371 0
gene 2 14 14 -328752 1 1197 -328752 1
gene 3 7 420 169203 0 1239 169203 1
gene 3 420 15 -15369 0 1240 -15369 1
gene 3 2 433 -90510 0 1284 -90510 1
gene 3 433 13 -49116 0 1285 -49116 1
gene 4 3 461 -800000 0 1352 -800000 0
gene 4 461 14 79644 0 1353 79644 1
gene 4 15 500 -520277 1 1453 -520277 1
gene 4 500 15 -331665 0 1454 -331665 1
gene 1 8 516 -246534 0 1500 -246534 1
gene 1 516 14 230748 0 1501 230748 1
gene 1 384 121 -214254 0 1548 -214254 1
gene 2 8 461 -327261 0 1965 -327261 1
gene 3 3 697 -230697 0 2038 -230697 1
gene 3 697 15 18741 0 2039 18741 1
gene 2 1 500 482931 0 2133 482931 1
gene 1 3 433 -24675 0 2628 -24675 1
gene 1 516 516 148296 1 2664 148296 1
gene 3 8 1018 11178 0 2997 11178 1
gene 2 1018 121 -542361 0 2998 -542361 0
gene 3 15 433 -679794 0 3156 -679794 1
gene 1 10 1130 133131 0 3329 133131 1
gene 1 1130 14 -133446 0 3330 -133446 1
gene 3 500 697 241989 0 3371 241989 1
gene 2 3 516 -80481 0 3603 -80481 1
gene 1 9 1323 -223821 0 3885 -223821 1
gene 2 1323 14 217584 0 3886 217584 1
gene 2 121 420 -191379 0 3959 -191379 1
gene 2 8 1393 -239826 0 4093 -239826 1
gene 2 1393 13 -675738 0 4094 -675738 1
gene 1 11 1479 243291 0 4325 243291 1
gene 1 1479 14 -354285 0 4326 -354285 1
gene 4 12 1531 -174084 0 4477 -174084 1
gene 4 1531 15 -191109 0 4478 -191109 1
gene 2 1323 420 -80853 0 4676 -80853 1
gene 3 500 1479 -237183 0 4897 -237183 1
gene 4 461 461 -266580 1 4980 -266580 1
gene 4 461 697 394548 0 5076 394548 1
gene 3 9 1853 800000 0 5434 800000 1
gene 3 1853 15 -412317 0 5435 -412317 1
gene 3 516 1479 -210744 0 5581 -210744 1
gene 3 420 235 95172 0 5757 95172 1
gene 1 6 1975 417636 0 5780 417636 1
gene 1 1975 15 -127446 0 5781 -127446 1
gene 4 1 433 175920 0 6041 175920 1
gene 4 1531 433 -517380 0 6357 -517380 1
gene 2 11 2192 -27639 0 6396 -27639 1
gene 2 2192 15 -221340 0 6397 -221340 1
gene 4 3 2209 165222 0 6445 165222 1
gene 4 2209 461 -716453 0 6446 -716453 1
gene 3 8 2230 -26895 0 6506 -26895 1
gene 3 2230 15 106245 0 6507 106245 1
gene 2 9 516 -149608 0 6646 -149608 1
genomeend 66


/* Organism #77 Fitness: 250.000000 Time: 0 */
/* Position #77*/
#1 x: 55 y: 18
#2 x: 64 y: 33
#3 x: 52 y: 22
#4 x: 81 y: 65
#5 x: 65 y: 72
#6 x: 63 y: 62
genomestart 77
trait 1 32344.000000 0.000000 0.000000 0.000000 0.000000 0.000000 100000.000000 0.000000 trait 2 2.000000 0.000000 0.000000 0.000000 0.000000 0.000000 0.000000 0.000000 trait 3 0.000000 0.000000 0.000000 0.000000 0.000000 13538.000000 70969.000000 0.000000 trait 4 4.000000 0.000000 0.000000 0.000000 0.000000 0.000000 0.000000 37957.000000 node 1 4 1 3
node 2 4 1 1
node 3 1 1 1
node 4 1 1 1
node 5 1 1 1
node 6 2 1 1
node 7 4 1 1
node 8 4 1 1
node 9 2 1 1
node 10 1 1 1
node 11 2 1 1
node 12 4 1 1
node 13 2 0 2
node 14 1 0 2
node 15 3 0 2
node 121 1 0 0
node 235 1 0 0
node 384 1 0 0
node 420 1 0 0
node 433 1 0 0
node 461 1 0 0
node 500 1 0 0
node 516 1 0 0
node 697 1 0 0
node 1018 1 0 0
node 1130 3 0 0
node 1323 1 0 0
node 1393 1 0 0
node 1479 1 0 0
node 1531 1 0 0
node 1853 1 0 0
node 2038 1 0 0
node 2155 1 0 0
node 2164 1 0 0
node 2200 1 0 0
node 2216 1 0 0
gene 2 1 13 -398673 0 1 -398673 1
gene 3 2 13 734715 0 2 734715 1
gene 2 3 13 -800000 0 3 -800000 1
gene 4 4 13 800000 0 4 800000 1
gene 2 5 13 -296802 0 5 -296802 1
gene 4 6 13 500292 0 6 500292 1
gene 3 7 13 354084 0 7 354084 1
gene 2 8 13 -295743 0 8 -295743 1
gene 3 9 13 224058 0 9 224058 1
gene 2 10 13 413256 0 10 413256 1
gene 2 11 13 557175 0 11 557175 1
gene 4 12 13 -165942 0 12 -165942 1
gene 2 1 14 -693401 0 13 -693401 1
gene 2 2 14 205323 0 14 205323 1
gene 4 3 14 163173 0 15 163173 1
gene 4 4 14 -439782 0 16 -439782 0
gene 4 5 14 60474 0 17 60474 1
gene 3 6 14 456342 0 18 456342 1
gene 2 7 14 -85770 0 19 -85770 1
gene 1 8 14 233487 0 20 233487 0
gene 2 9 14 174096 0 21 174096 0
gene 1 10 14 797430 0 22 797430 0
gene 1 11 14 -402864 0 23 -402864 0
gene 4 12 14 -56579 0 24 -56579 1
gene 3 1 15 456924 0 25 456924 1
gene 3 2 15 12561 0 26 12561 1
gene 3 3 15 91563 0 27 91563 0
gene 3 4 15 -800000 0 28 -800000 1
gene 3 5 15 -645369 0 29 -645369 1
gene 1 6 15 -192486 0 30 -192486 1
gene 3 7 15 -137814 0 31 -137814 0
gene 3 8 15 -365691 0 32 -365691 1
gene 3 9 15 -594462 0 33 -594462 0
gene 3 10 15 -623727 0 34 -623727 1
gene 2 11 15 -662367 0 35 -662367 1
gene 4 12 15 408861 0 36 408861 1
gene 4 15 15 -256749 1 174 -256749 0
gene 3 8 121 674987 0 329 674987 0
gene 3 121 15 -286605 0 330 -286605 1
gene 2 5 121 800000 0 438 800000 1
gene 2 7 121 -170283 0 483 -170283 1
gene 4 4 235 447696 0 666 447696 1
gene 4 235 14 627546 0 667 627546 1
gene 1 1 235 -651189 0 753 -651189 1
gene 1 9 235 -535164 0 1108 -535164 1
gene 3 10 384 -465788 0 1126 -465788 1
gene 3 384 15 -318060 0 1127 -318060 0
gene 2 14 14 -422460 1 1197 -422460 0
gene 3 7 420 285900 0 1239 285900 1
gene 3 420 15 392051 0 1240 392051 1
gene 3 2 433 241677 0 1284 241677 1
gene 3 433 13 25833 0 1285 25833 0
gene 4 3 461 -564363 0 1352 -564363 1
gene 4 461 14 301644 0 1353 301644 1
gene 4 15 500 194043 1 1453 194043 1
gene 4 500 15 -559191 0 1454 -559191 1
gene 1 8 516 -108387 0 1500 -108387 1
gene 1 516 14 -567633 0 1501 -567633 1
gene 1 384 121 284802 0 1548 284802 1
gene 2 8 461 79179 0 1965 79179 1
gene 3 3 697 243426 0 2038 243426 1
gene 3 697 15 273189 0 2039 273189 1
gene 2 1 500 422940 0 2133 422940 1
gene 1 3 433 -21549 0 2628 -21549 1
gene 1 516 516 397197 1 2664 397197 1
gene 3 8 1018 418899 0 2997 418899 1
gene 2 1018 121 -173781 0 2998 -173781 0
gene 3 15 433 665397 0 3156 665397 1
gene 1 10 1130 474245 0 3329 474245 1
gene 1 1130 14 -800000 0 3330 -800000 1
gene 3 500 697 290577 0 3371 290577 1
gene 2 3 516 800000 0 3603 800000 1
gene 1 9 1323 681744 0 3885 681744 1
gene 2 1323 14 -734157 0 3886 -734157 1
gene 2 121 420 156123 0 3959 156123 1
gene 2 8 1393 343800 0 4093 343800 1
gene 2 1393 13 -255009 0 4094 -255009 1
gene 1 11 1479 800000 0 4325 800000 1
gene 1 1479 14 74010 0 4326 74010 0
gene 4 12 1531 361239 0 4477 361239 1
gene 4 1531 15 224397 0 4478 224397 1
gene 2 1323 420 -425172 0 4676 -425172 1
gene 3 500 1479 1194 0 4897 1194 1
gene 4 461 461 534210 1 4980 534210 1
gene 4 461 697 -347409 0 5076 -347409 1
gene 3 9 1853 167043 0 5434 167043 1
gene 3 1853 15 -46002 0 5435 -46002 1
gene 3 516 1479 82317 0 5581 82317 1
gene 1 11 433 150021 0 5915 150021 1
gene 1 1479 2038 -139455 0 5948 -139455 1
gene 1 2038 14 186930 0 5949 186930 1
gene 3 10 1393 185797 0 6134 185797 0
gene 3 10 2155 -185787 0 6287 -185787 1
gene 3 2155 1393 -164157 0 6288 -164157 1
gene 3 433 2164 211701 0 6310 211701 1
gene 3 2164 13 378813 0 6311 378813 1
gene 2 14 2200 333246 1 6415 333246 1
gene 2 2200 14 2238 0 6416 2238 0
gene 2 2200 2216 297141 0 6461 297141 1
gene 2 2216 14 -568779 0 6462 -568779 1
genomeend 77


/* Organism #78 Fitness: 190.000000 Time: 0 */
/* Position #78*/
#1 x: 66 y: 36
#2 x: 27 y: 36
#3 x: 78 y: 28
#4 x: 82 y: 64
#5 x: 59 y: 63
#6 x: 21 y: 62
genomestart 78
trait 1 32344.000000 0.000000 0.000000 0.000000 0.000000 0.000000 100000.000000 0.000000 trait 2 2.000000 0.000000 0.000000 0.000000 0.000000 0.000000 0.000000 0.000000 trait 3 0.000000 0.000000 0.000000 0.000000 0.000000 13538.000000 70969.000000 0.000000 trait 4 4.000000 0.000000 0.000000 0.000000 0.000000 0.000000 0.000000 37957.000000 node 1 4 1 3
node 2 4 1 1
node 3 1 1 1
node 4 1 1 1
node 5 1 1 1
node 6 2 1 1
node 7 4 1 1
node 8 4 1 1
node 9 2 1 1
node 10 1 1 1
node 11 2 1 1
node 12 4 1 1
node 13 2 0 2
node 14 1 0 2
node 15 3 0 2
node 121 1 0 0
node 235 1 0 0
node 384 1 0 0
node 420 1 0 0
node 433 1 0 0
node 461 1 0 0
node 500 1 0 0
node 516 1 0 0
node 697 1 0 0
node 1018 1 0 0
node 1130 3 0 0
node 1323 1 0 0
node 1393 1 0 0
node 1479 1 0 0
node 1531 1 0 0
node 1853 1 0 0
node 2038 1 0 0
node 2155 1 0 0
node 2164 1 0 0
node 2200 1 0 0
node 2216 1 0 0
gene 2 1 13 -212247 0 1 -212247 1
gene 3 2 13 362877 0 2 362877 1
gene 2 3 13 -800000 0 3 -800000 1
gene 4 4 13 800000 0 4 800000 1
gene 2 5 13 -47571 0 5 -47571 1
gene 4 6 13 389397 0 6 389397 1
gene 3 7 13 135717 0 7 135717 1
gene 2 8 13 -245715 0 8 -245715 1
gene 3 9 13 -220809 0 9 -220809 1
gene 2 10 13 550581 0 10 550581 1
gene 2 11 13 305871 0 11 305871 1
gene 4 12 13 24411 0 12 24411 1
gene 2 1 14 -11595 0 13 -11595 1
gene 2 2 14 137322 0 14 137322 1
gene 4 3 14 -86127 0 15 -86127 1
gene 4 4 14 -13602 0 16 -13602 0
gene 4 5 14 -148374 0 17 -148374 1
gene 3 6 14 31551 0 18 31551 1
gene 2 7 14 215460 0 19 215460 1
gene 1 8 14 749379 0 20 749379 0
gene 2 9 14 -125829 0 21 -125829 0
gene 1 10 14 -71502 0 22 -71502 0
gene 1 11 14 -19563 0 23 -19563 0
gene 4 12 14 -466406 0 24 -466406 1
gene 3 1 15 239856 0 25 239856 1
gene 3 2 15 -241962 0 26 -241962 1
gene 3 3 15 -75393 0 27 -75393 0
gene 3 4 15 -355065 0 28 -355065 1
gene 3 5 15 -514704 0 29 -514704 1
gene 1 6 15 235185 0 30 235185 1
gene 3 7 15 -61149 0 31 -61149 0
gene 3 8 15 -382176 0 32 -382176 1
gene 3 9 15 -223002 0 33 -223002 0
gene 3 10 15 -245997 0 34 -245997 1
gene 2 11 15 -768471 0 35 -768471 1
gene 4 12 15 -288546 0 36 -288546 1
gene 4 15 15 -169629 1 174 -169629 0
gene 3 8 121 800000 0 329 800000 0
gene 3 121 15 -44583 0 330 -44583 1
gene 2 5 121 493493 0 438 493493 1
gene 2 7 121 -461595 0 483 -461595 1
gene 4 4 235 700830 0 666 700830 1
gene 4 235 14 400575 0 667 400575 1
gene 1 1 235 -608034 0 753 -608034 1
gene 1 9 235 -30096 0 1108 -30096 1
gene 3 10 384 183813 0 1126 183813 1
gene 3 384 15 -168519 0 1127 -168519 0
gene 2 14 14 -153771 1 1197 -153771 0
gene 3 7 420 208140 0 1239 208140 1
gene 3 420 15 397421 0 1240 397421 1
gene 3 2 433 -19875 0 1284 -19875 1
gene 3 433 13 498423 0 1285 498423 0
gene 4 3 461 -301473 0 1352 -301473 1
gene 4 461 14 260106 0 1353 260106 1
gene 4 15 500 -96630 1 1453 -96630 1
gene 4 500 15 -225819 0 1454 -225819 1
gene 1 8 516 -208029 0 1500 -208029 1
gene 1 516 14 -131637 0 1501 -131637 1
gene 1 384 121 287520 0 1548 287520 1
gene 2 8 461 -149361 0 1965 -149361 1
gene 3 3 697 304638 0 2038 304638 1
gene 3 697 15 779028 0 2039 779028 1
gene 2 1 500 221280 0 2133 221280 1
gene 1 3 433 -572553 0 2628 -572553 1
gene 1 516 516 554622 1 2664 554622 1
gene 3 8 1018 259233 0 2997 259233 1
gene 2 1018 121 -363906 0 2998 -363906 0
gene 3 15 433 248982 0 3156 248982 1
gene 1 10 1130 355271 0 3329 355271 1
gene 1 1130 14 -800000 0 3330 -800000 1
gene 3 500 697 390177 0 3371 390177 1
gene 2 3 516 735377 0 3603 735377 1
gene 1 9 1323 698325 0 3885 698325 1
gene 2 1323 14 -757137 0 3886 -757137 1
gene 2 121 420 -247926 0 3959 -247926 1
gene 2 8 1393 59442 0 4093 59442 1
gene 2 1393 13 -622782 0 4094 -622782 1
gene 1 11 1479 542448 0 4325 542448 1
gene 1 1479 14 302757 0 4326 302757 0
gene 4 12 1531 -6885 0 4477 -6885 1
gene 4 1531 15 -146712 0 4478 -146712 1
gene 2 1323 420 -225120 0 4676 -225120 1
gene 3 500 1479 -214422 0 4897 -214422 1
gene 4 461 461 366846 1 4980 366846 1
gene 4 461 697 -234723 0 5076 -234723 1
gene 3 9 1853 214167 0 5434 214167 1
gene 3 1853 15 -473145 0 5435 -473145 1
gene 3 516 1479 -38499 0 5581 -38499 1
gene 1 11 433 -28419 0 5915 -28419 1
gene 1 1479 2038 -17043 0 5948 -17043 1
gene 1 2038 14 8844 0 5949 8844 1
gene 3 10 1393 73251 0 6134 73251 0
gene 3 10 2155 -517998 0 6287 -517998 1
gene 3 2155 1393 196587 0 6288 196587 1
gene 3 433 2164 211701 0 6310 211701 1
gene 3 2164 13 105378 0 6311 105378 1
gene 2 14 2200 372471 1 6415 372471 1
gene 2 2200 14 19500 0 6416 19500 0
gene 2 2200 2216 -107643 0 6461 -107643 1
gene 2 2216 14 -466197 0 6462 -466197 1
genomeend 78


