/* Organism #8 Fitness: 360.000000 Time: 0 */
/* Position #8*/
#1 x: 79 y: 24
#2 x: 41 y: 37
#3 x: 34 y: 35
#4 x: 29 y: 73
#5 x: 20 y: 78
#6 x: 44 y: 75
genomestart 8
trait 1 1.000000 0.000000 0.000000 0.000000 0.000000 0.000000 0.000000 0.000000 trait 2 2.000000 55156.000000 0.000000 0.000000 42816.000000 0.000000 63577.000000 0.000000 trait 3 3.000000 0.000000 0.000000 0.000000 0.000000 0.000000 0.000000 0.000000 trait 4 73910.000000 58593.000000 0.000000 0.000000 0.000000 0.000000 0.000000 0.000000 node 1 3 1 3
node 2 2 1 1
node 3 4 1 1
node 4 2 1 1
node 5 4 1 1
node 6 3 1 1
node 7 2 1 1
node 8 1 1 1
node 9 4 1 1
node 10 1 1 1
node 11 1 1 1
node 12 4 1 1
node 13 3 0 2
node 14 1 0 2
node 15 4 0 2
node 71 1 0 0
node 289 1 0 0
node 317 1 0 0
node 368 1 0 0
node 381 3 0 0
node 394 1 0 0
node 405 1 0 0
node 439 1 0 0
node 640 1 0 0
node 671 1 0 0
node 680 1 0 0
node 765 1 0 0
node 869 1 0 0
node 901 1 0 0
node 918 1 0 0
node 1005 1 0 0
node 1036 1 0 0
node 1086 1 0 0
node 1105 1 0 0
node 1136 1 0 0
node 1154 1 0 0
gene 4 1 13 -113457 0 1 -113457 1
gene 3 2 13 231 0 2 231 1
gene 2 3 13 402294 0 3 402294 0
gene 4 4 13 124857 0 4 124857 1
gene 2 5 13 260637 0 5 260637 1
gene 3 6 13 42087 0 6 42087 1
gene 1 7 13 -180552 0 7 -180552 1
gene 1 8 13 -539189 0 8 -539189 1
gene 1 9 13 -16428 0 9 -16428 1
gene 2 10 13 -800000 0 10 -800000 1
gene 3 11 13 -461601 0 11 -461601 1
gene 3 12 13 -389301 0 12 -389301 0
gene 1 1 14 374810 0 13 374810 1
gene 1 2 14 15048 0 14 15048 0
gene 3 3 14 -1656 0 15 -1656 0
gene 1 4 14 800000 0 16 800000 1
gene 1 5 14 182184 0 17 182184 1
gene 1 6 14 241225 0 18 241225 1
gene 1 7 14 61668 0 19 61668 1
gene 2 8 14 285549 0 20 285549 1
gene 2 9 14 -667958 0 21 -667958 0
gene 1 10 14 -497925 0 22 -497925 1
gene 3 11 14 -113649 0 23 -113649 0
gene 2 12 14 -248331 0 24 -248331 1
gene 3 1 15 2043 0 25 2043 1
gene 2 2 15 134217 0 26 134217 0
gene 4 3 15 275844 0 27 275844 0
gene 2 4 15 -110352 0 28 -110352 1
gene 2 5 15 127506 0 29 127506 1
gene 1 6 15 617025 0 30 617025 1
gene 4 7 15 -482016 0 31 -482016 1
gene 2 8 15 -157848 0 32 -157848 0
gene 2 9 15 617310 0 33 617310 1
gene 1 10 15 195885 0 34 195885 1
gene 3 11 15 455181 0 35 455181 0
gene 1 12 15 354177 0 36 354177 1
gene 4 3 71 67584 0 201 67584 0
gene 3 71 14 62022 0 202 62022 0
gene 1 13 13 -86778 1 248 -86778 1
gene 2 13 15 281886 0 413 281886 0
gene 4 10 71 494430 0 454 494430 1
gene 1 7 71 -620153 0 542 -620153 1
gene 4 8 71 245403 0 717 245403 1
gene 4 71 71 800000 1 769 800000 1
gene 4 3 289 30534 0 858 30534 0
gene 4 289 15 -226059 0 859 -226059 1
gene 3 289 14 387606 0 897 387606 0
gene 4 3 317 175671 0 942 175671 1
gene 4 317 289 34173 0 943 34173 0
gene 2 8 368 -228252 0 1081 -228252 1
gene 2 368 15 644565 0 1082 644565 1
gene 1 2 381 -130038 0 1117 -130038 1
gene 1 381 14 59751 0 1118 59751 1
gene 4 3 394 -156227 0 1159 -156227 0
gene 4 394 71 -269859 0 1160 -269859 1
gene 3 11 405 -570717 0 1197 -570717 0
gene 3 405 14 -245190 0 1198 -245190 1
gene 4 14 405 77622 1 1256 77622 0
gene 4 3 439 360333 0 1305 360333 1
gene 4 439 394 64128 0 1306 64128 1
gene 4 14 381 111096 1 1807 111096 1
gene 4 6 381 -328902 0 1838 -328902 1
gene 3 11 640 241050 0 1930 241050 1
gene 3 640 15 3255 0 1931 3255 1
gene 2 2 671 225525 0 2020 225525 1
gene 2 671 15 352173 0 2021 352173 1
gene 3 12 680 -800000 0 2055 -800000 1
gene 3 680 13 -800000 0 2056 -800000 1
gene 3 11 765 141451 0 2314 141451 1
gene 3 765 405 -210330 0 2315 -210330 0
gene 4 12 439 -266248 0 2384 -266248 1
gene 4 317 869 -394413 0 2615 -394413 1
gene 4 869 289 -26076 0 2616 -26076 1
gene 4 14 901 -392474 1 2715 -392474 1
gene 4 901 405 -354813 0 2716 -354813 1
gene 3 765 918 335323 0 2768 335323 1
gene 3 918 405 -637902 0 2769 -637902 0
gene 2 71 901 67001 0 2867 67001 1
gene 3 918 1005 120184 0 3018 120184 1
gene 3 1005 405 -110925 0 3019 -110925 1
gene 3 289 1036 202098 0 3115 202098 1
gene 3 1036 14 406941 0 3116 406941 1
gene 2 13 1086 1 0 3247 0 1
gene 2 1086 15 281886 0 3248 0 1
gene 3 71 1105 1 0 3300 0 1
gene 3 1105 14 62022 0 3301 0 1
gene 3 381 1105 76648 0 3340 76648 1
gene 2 9 1136 1 0 3399 0 1
gene 2 1136 14 -667958 0 3400 0 1
gene 2 3 1154 1 0 3445 0 1
gene 2 1154 13 402294 0 3446 0 1
genomeend 8


/* Organism #16 Fitness: 380.000000 Time: 0 */
/* Position #16*/
#1 x: 28 y: 34
#2 x: 24 y: 31
#3 x: 76 y: 39
#4 x: 36 y: 74
#5 x: 61 y: 84
#6 x: 27 y: 69
genomestart 16
trait 1 1.000000 0.000000 0.000000 0.000000 0.000000 0.000000 0.000000 0.000000 trait 2 2.000000 0.000000 86530.000000 0.000000 0.000000 0.000000 40839.000000 0.000000 trait 3 3.000000 0.000000 0.000000 0.000000 0.000000 0.000000 0.000000 0.000000 trait 4 87559.000000 0.000000 0.000000 0.000000 0.000000 0.000000 48508.000000 17450.000000 node 1 4 1 3
node 2 2 1 1
node 3 2 1 1
node 4 2 1 1
node 5 1 1 1
node 6 1 1 1
node 7 3 1 1
node 8 1 1 1
node 9 1 1 1
node 10 4 1 1
node 11 4 1 1
node 12 1 1 1
node 13 3 0 2
node 14 1 0 2
node 15 2 0 2
node 92 1 0 0
node 121 1 0 0
node 183 1 0 0
node 238 1 0 0
node 293 1 0 0
node 409 2 0 0
node 471 1 0 0
node 524 1 0 0
node 617 1 0 0
node 634 1 0 0
node 652 1 0 0
node 701 1 0 0
node 737 4 0 0
node 851 1 0 0
node 917 1 0 0
node 1047 1 0 0
node 1120 1 0 0
node 1132 1 0 0
node 1158 1 0 0
gene 4 1 13 332373 0 1 332373 1
gene 1 2 13 -407700 0 2 -407700 0
gene 2 3 13 4041 0 3 4041 1
gene 1 4 13 208017 0 4 208017 0
gene 1 5 13 70098 0 5 70098 0
gene 2 6 13 97746 0 6 97746 0
gene 3 7 13 -262262 0 7 -262262 1
gene 4 8 13 -792773 0 8 -792773 1
gene 3 9 13 -800000 0 9 -800000 1
gene 3 10 13 -389826 0 10 -389826 1
gene 1 11 13 603156 0 11 603156 1
gene 2 12 13 -59838 0 12 -59838 1
gene 1 1 14 -112761 0 13 -112761 1
gene 2 2 14 174411 0 14 174411 1
gene 1 3 14 -63747 0 15 -63747 1
gene 3 4 14 -96425 0 16 -96425 0
gene 4 5 14 -271503 0 17 -271503 1
gene 4 6 14 95655 0 18 95655 1
gene 2 7 14 -311157 0 19 -311157 0
gene 3 8 14 -184247 0 20 -184247 0
gene 2 9 14 -294423 0 21 -294423 0
gene 1 10 14 354486 0 22 354486 1
gene 3 11 14 593846 0 23 593846 0
gene 2 12 14 406128 0 24 406128 1
gene 3 1 15 -443790 0 25 -443790 1
gene 4 2 15 281226 0 26 281226 0
gene 3 3 15 -119118 0 27 -119118 1
gene 4 4 15 325770 0 28 325770 1
gene 1 5 15 -219750 0 29 -219750 0
gene 1 6 15 663677 0 30 663677 1
gene 2 7 15 387750 0 31 387750 0
gene 1 8 15 -509618 0 32 -509618 0
gene 4 9 15 362915 0 33 362915 1
gene 2 10 15 462654 0 34 462654 1
gene 4 11 15 678008 0 35 678008 1
gene 1 12 15 290988 0 36 290988 0
gene 3 14 15 -52326 0 66 -52326 1
gene 3 14 13 702140 0 95 702140 1
gene 3 8 92 -800000 0 253 -800000 0
gene 3 92 14 744078 0 254 744078 0
gene 2 92 92 481691 1 305 481691 1
gene 1 4 121 190074 0 333 190074 1
gene 1 121 13 731217 0 334 731217 1
gene 1 5 183 -529070 0 512 -529070 1
gene 1 183 13 -492723 0 513 -492723 1
gene 1 2 238 -170070 0 693 -170070 0
gene 1 238 13 -43830 0 694 -43830 1
gene 1 13 13 565849 1 827 565849 1
gene 2 7 293 -175680 0 869 -175680 1
gene 2 293 15 90918 0 870 90918 1
gene 3 15 13 14802 0 1133 14802 1
gene 2 9 409 -91805 0 1210 -91805 1
gene 2 409 14 -153864 0 1211 -153864 1
gene 2 92 121 -458852 0 1278 -458852 0
gene 2 409 293 -465438 0 1355 -465438 1
gene 1 12 471 570154 0 1399 570154 1
gene 1 471 15 -750180 0 1400 -750180 1
gene 3 11 524 10017 0 1569 10017 1
gene 3 524 14 47214 0 1570 47214 1
gene 4 6 471 -758313 0 1663 -758313 1
gene 4 409 15 115398 0 1765 115398 1
gene 1 5 617 -181470 0 1859 -181470 1
gene 1 617 15 76668 0 1860 76668 1
gene 1 2 634 -800000 0 1910 -800000 1
gene 1 634 238 -728688 0 1911 -728688 1
gene 2 92 652 -255939 0 1968 -255939 1
gene 2 652 121 -39780 0 1969 -39780 1
gene 2 6 701 -231627 0 2113 -231627 1
gene 2 701 13 23562 0 2114 23562 1
gene 3 92 737 -214655 0 2224 -214655 1
gene 3 737 14 -140562 0 2225 -140562 1
gene 2 121 617 -169386 0 2527 -169386 0
gene 4 2 851 290202 0 2565 290202 1
gene 4 851 15 92280 0 2566 92280 1
gene 3 15 183 -79546 0 2710 -79546 1
gene 1 8 917 -218025 0 2764 -218025 1
gene 1 917 15 -765269 0 2765 -765269 1
gene 2 15 15 -148475 1 2930 -148475 1
gene 4 5 121 -248934 0 3095 -248934 1
gene 3 4 1047 -160463 0 3145 -160463 1
gene 3 1047 14 -89438 0 3146 -89438 1
gene 2 121 1120 1 0 3348 0 1
gene 2 1120 617 -169386 0 3349 0 1
gene 2 7 1132 1 0 3387 0 1
gene 2 1132 14 -311157 0 3388 0 1
gene 3 8 1158 1 0 3456 0 1
gene 3 1158 92 -800000 0 3457 0 1
genomeend 16


/* Organism #18 Fitness: 420.000000 Time: 0 */
/* Position #18*/
#1 x: 35 y: 29
#2 x: 61 y: 25
#3 x: 26 y: 22
#4 x: 73 y: 84
#5 x: 27 y: 66
#6 x: 63 y: 70
genomestart 18
trait 1 1.000000 0.000000 0.000000 0.000000 0.000000 0.000000 0.000000 0.000000 trait 2 2.000000 0.000000 0.000000 0.000000 0.000000 0.000000 0.000000 0.000000 trait 3 3.000000 0.000000 0.000000 0.000000 0.000000 0.000000 0.000000 0.000000 trait 4 4.000000 0.000000 0.000000 0.000000 0.000000 0.000000 0.000000 0.000000 node 1 4 1 3
node 2 2 1 1
node 3 4 1 1
node 4 2 1 1
node 5 4 1 1
node 6 3 1 1
node 7 2 1 1
node 8 1 1 1
node 9 4 1 1
node 10 1 1 1
node 11 1 1 1
node 12 4 1 1
node 13 3 0 2
node 14 1 0 2
node 15 4 0 2
node 71 1 0 0
node 289 1 0 0
node 317 1 0 0
node 368 1 0 0
node 381 1 0 0
node 394 1 0 0
node 473 1 0 0
node 490 1 0 0
node 568 1 0 0
node 647 1 0 0
node 686 1 0 0
node 704 1 0 0
node 760 1 0 0
node 834 1 0 0
node 877 1 0 0
node 886 1 0 0
node 948 1 0 0
node 996 1 0 0
node 1018 1 0 0
node 1030 1 0 0
node 1107 1 0 0
gene 4 1 13 -125052 0 1 -125052 1
gene 3 2 13 -244620 0 2 -244620 1
gene 2 3 13 1545 0 3 1545 0
gene 4 4 13 -800000 0 4 -800000 1
gene 2 5 13 -241752 0 5 -241752 0
gene 3 6 13 -273201 0 6 -273201 1
gene 1 7 13 -384024 0 7 -384024 0
gene 1 8 13 -274419 0 8 -274419 1
gene 1 9 13 -23211 0 9 -23211 1
gene 2 10 13 11556 0 10 11556 1
gene 3 11 13 -196917 0 11 -196917 1
gene 3 12 13 152635 0 12 152635 1
gene 1 1 14 548757 0 13 548757 1
gene 1 2 14 39924 0 14 39924 0
gene 3 3 14 -402009 0 15 -402009 0
gene 1 4 14 143730 0 16 143730 0
gene 1 5 14 36705 0 17 36705 1
gene 1 6 14 64822 0 18 64822 1
gene 1 7 14 -153783 0 19 -153783 1
gene 2 8 14 -104079 0 20 -104079 1
gene 2 9 14 -308688 0 21 -308688 1
gene 1 10 14 429054 0 22 429054 0
gene 3 11 14 -69147 0 23 -69147 1
gene 2 12 14 -310312 0 24 -310312 0
gene 3 1 15 150990 0 25 150990 1
gene 2 2 15 113622 0 26 113622 1
gene 4 3 15 -529853 0 27 -529853 0
gene 2 4 15 -304959 0 28 -304959 0
gene 2 5 15 -287562 0 29 -287562 1
gene 1 6 15 169992 0 30 169992 1
gene 4 7 15 126567 0 31 126567 0
gene 2 8 15 116832 0 32 116832 0
gene 2 9 15 -80712 0 33 -80712 1
gene 1 10 15 18147 0 34 18147 1
gene 3 11 15 -363477 0 35 -363477 1
gene 1 12 15 524085 0 36 524085 1
gene 4 3 71 -242580 0 201 -242580 0
gene 3 71 14 -123878 0 202 -123878 0
gene 1 13 13 -209181 1 248 -209181 1
gene 2 13 15 -431445 0 413 -431445 1
gene 4 10 71 355236 0 454 355236 1
gene 1 7 71 373395 0 542 373395 0
gene 4 8 71 -36483 0 717 -36483 1
gene 4 71 71 -367692 1 769 -367692 0
gene 4 3 289 -800000 0 858 -800000 0
gene 4 289 15 -163185 0 859 -163185 1
gene 3 289 14 -253930 0 897 -253930 1
gene 4 3 317 91281 0 942 91281 0
gene 4 317 289 -213870 0 943 -213870 1
gene 2 8 368 113997 0 1081 113997 1
gene 2 368 15 331080 0 1082 331080 1
gene 1 2 381 66288 0 1117 66288 1
gene 2 381 14 -77736 0 1118 -77736 1
gene 4 3 394 -12917 0 1159 -12917 1
gene 4 394 71 -122592 0 1160 -122592 1
gene 4 1 394 -105921 0 1362 -105921 1
gene 2 3 473 -9096 0 1405 -9096 1
gene 2 473 13 -511578 0 1406 -511578 1
gene 1 10 490 -408009 0 1456 -408009 1
gene 1 490 14 -180096 0 1457 -180096 1
gene 3 13 289 352821 0 1591 352821 1
gene 4 71 568 -90186 1 1699 -90186 1
gene 4 568 71 -363114 0 1700 -363114 0
gene 3 568 15 -237445 0 1754 -237445 1
gene 3 289 394 213597 0 1809 213597 0
gene 4 568 647 -65817 0 1948 -65817 1
gene 4 647 71 -370551 0 1949 -370551 1
gene 1 7 686 -613296 0 2069 -613296 1
gene 1 686 71 -59943 0 2070 -59943 1
gene 3 71 704 71292 0 2122 71292 1
gene 3 704 14 -212481 0 2123 -212481 1
gene 3 289 760 197319 0 2296 197319 1
gene 3 760 394 -738423 0 2297 -738423 1
gene 4 368 394 562695 0 2326 562695 1
gene 2 10 289 -542623 0 2376 -542623 1
gene 4 3 834 -638160 0 2518 -638160 1
gene 4 834 317 -116880 0 2519 -116880 1
gene 2 12 877 -200874 0 2634 -200874 1
gene 2 877 14 -516510 0 2635 -516510 1
gene 2 4 886 101335 0 2665 101335 1
gene 2 886 15 60066 0 2666 60066 1
gene 2 5 948 51409 0 2855 51409 0
gene 2 948 13 202896 0 2856 202896 1
gene 2 877 877 144564 1 2903 144564 1
gene 1 7 996 277531 0 2996 277531 1
gene 1 996 13 -317121 0 2997 -317121 1
gene 4 7 1018 1 0 3054 1 1
gene 4 1018 15 541097 0 3055 541097 1
gene 1 4 1030 153780 0 3100 153780 1
gene 1 1030 14 -45588 0 3101 -45588 1
gene 3 568 568 245286 1 3154 245286 1
gene 2 5 1107 1 0 3308 0 1
gene 2 1107 948 51409 0 3309 0 1
gene 4 686 686 54854 1 3352 54854 1
gene 3 996 490 -69421 0 3408 -69421 1
genomeend 18


/* Organism #22 Fitness: 380.000000 Time: 0 */
/* Position #22*/
#1 x: 32 y: 19
#2 x: 33 y: 29
#3 x: 75 y: 31
#4 x: 32 y: 71
#5 x: 28 y: 83
#6 x: 56 y: 62
genomestart 22
trait 1 39938.000000 0.000000 93746.000000 0.000000 0.000000 0.000000 45623.000000 0.000000 trait 2 2.000000 0.000000 0.000000 0.000000 0.000000 0.000000 0.000000 0.000000 trait 3 3.000000 0.000000 0.000000 0.000000 0.000000 0.000000 0.000000 0.000000 trait 4 73910.000000 58593.000000 0.000000 0.000000 0.000000 0.000000 0.000000 0.000000 node 1 4 1 3
node 2 2 1 1
node 3 4 1 1
node 4 2 1 1
node 5 4 1 1
node 6 3 1 1
node 7 2 1 1
node 8 1 1 1
node 9 4 1 1
node 10 1 1 1
node 11 1 1 1
node 12 4 1 1
node 13 3 0 2
node 14 1 0 2
node 15 4 0 2
node 71 1 0 0
node 289 1 0 0
node 317 1 0 0
node 368 1 0 0
node 381 3 0 0
node 394 1 0 0
node 405 1 0 0
node 439 2 0 0
node 665 1 0 0
node 706 1 0 0
node 739 1 0 0
node 804 1 0 0
node 860 1 0 0
node 881 3 0 0
node 1110 1 0 0
node 1159 1 0 0
gene 4 1 13 72576 0 1 72576 1
gene 3 2 13 -204405 0 2 -204405 1
gene 2 3 13 282153 0 3 282153 1
gene 4 4 13 -411042 0 4 -411042 1
gene 2 5 13 -110886 0 5 -110886 1
gene 3 6 13 351024 0 6 351024 1
gene 1 7 13 -58863 0 7 -58863 1
gene 1 8 13 -466767 0 8 -466767 1
gene 1 9 13 37923 0 9 37923 1
gene 2 10 13 -623705 0 10 -623705 0
gene 3 11 13 -349989 0 11 -349989 1
gene 3 12 13 194592 0 12 194592 1
gene 1 1 14 800000 0 13 800000 1
gene 1 2 14 500247 0 14 500247 0
gene 3 3 14 566394 0 15 566394 0
gene 1 4 14 270879 0 16 270879 1
gene 1 5 14 -65757 0 17 -65757 1
gene 1 6 14 -393105 0 18 -393105 1
gene 1 7 14 246474 0 19 246474 1
gene 2 8 14 333792 0 20 333792 1
gene 2 9 14 486850 0 21 486850 1
gene 1 10 14 123954 0 22 123954 1
gene 3 11 14 256917 0 23 256917 0
gene 2 12 14 229761 0 24 229761 1
gene 3 1 15 81345 0 25 81345 1
gene 2 2 15 89127 0 26 89127 1
gene 4 3 15 800000 0 27 800000 0
gene 2 4 15 -55899 0 28 -55899 1
gene 2 5 15 -292938 0 29 -292938 1
gene 1 6 15 -218943 0 30 -218943 1
gene 4 7 15 90906 0 31 90906 1
gene 2 8 15 -351834 0 32 -351834 0
gene 2 9 15 107904 0 33 107904 1
gene 1 10 15 -123447 0 34 -123447 1
gene 3 11 15 -342192 0 35 -342192 0
gene 1 12 15 -156123 0 36 -156123 1
gene 4 3 71 666029 0 201 666029 0
gene 3 71 14 300507 0 202 300507 1
gene 1 13 13 -586796 1 248 -586796 1
gene 2 13 15 -559980 0 413 -559980 1
gene 4 10 71 350070 0 454 350070 1
gene 1 7 71 569223 0 542 569223 1
gene 4 8 71 120222 0 717 120222 1
gene 4 71 71 -459294 1 769 -459294 1
gene 4 3 289 -410913 0 858 -410913 0
gene 4 289 15 -121416 0 859 -121416 0
gene 3 289 14 800000 0 897 800000 0
gene 4 3 317 -247614 0 942 -247614 1
gene 4 317 289 359082 0 943 359082 1
gene 2 8 368 -345738 0 1081 -345738 1
gene 2 368 15 709290 0 1082 709290 1
gene 1 2 381 361827 0 1117 361827 1
gene 1 381 14 -262752 0 1118 -262752 1
gene 4 3 394 -133002 0 1159 -133002 0
gene 4 394 71 -118371 0 1160 -118371 1
gene 3 11 405 -208833 0 1197 -208833 1
gene 3 405 14 -25899 0 1198 -25899 1
gene 4 14 405 103698 1 1256 103698 0
gene 4 3 439 -315426 0 1305 -315426 1
gene 4 439 394 -316032 0 1306 -316032 1
gene 4 14 381 -309737 1 1807 -309737 0
gene 4 6 381 -266463 0 1838 -266463 0
gene 4 6 665 -18741 0 2003 -18741 1
gene 4 665 381 509343 0 2004 509343 1
gene 4 14 706 162993 1 2128 162993 1
gene 4 706 381 -257007 0 2129 -257007 1
gene 1 12 289 -99606 0 2180 -99606 1
gene 2 10 739 42699 0 2229 42699 1
gene 2 739 13 -280377 0 2230 -280377 1
gene 4 405 381 -29226 0 2321 -29226 1
gene 3 665 665 161154 1 2364 161154 1
gene 4 14 804 133966 1 2425 133966 1
gene 4 804 405 -267378 0 2426 -267378 1
gene 3 3 706 -462357 0 2537 -462357 1
gene 3 289 860 127929 0 2588 127929 1
gene 3 860 14 -182865 0 2589 -182865 1
gene 3 11 881 221752 0 2650 221752 1
gene 3 881 15 85059 0 2651 85059 1
gene 2 5 439 -178176 0 2695 -178176 1
gene 1 289 739 -543375 0 2846 -543375 1
gene 3 665 804 5289 0 2893 5289 1
gene 1 394 394 -138756 1 3028 -138756 1
gene 4 289 1110 1 0 3317 1 0
gene 4 1110 15 -200805 0 3318 -200805 1
gene 3 12 881 91297 0 3359 91297 1
gene 4 289 1159 1 0 3459 0 1
gene 4 1159 1110 1 0 3460 0 1
genomeend 22


/* Organism #32 Fitness: 340.000000 Time: 0 */
/* Position #32*/
#1 x: 85 y: 18
#2 x: 73 y: 39
#3 x: 35 y: 25
#4 x: 32 y: 77
#5 x: 21 y: 73
#6 x: 36 y: 78
genomestart 32
trait 1 1.000000 0.000000 0.000000 0.000000 0.000000 0.000000 0.000000 0.000000 trait 2 2.000000 0.000000 0.000000 0.000000 0.000000 0.000000 0.000000 0.000000 trait 3 3.000000 0.000000 0.000000 0.000000 0.000000 0.000000 0.000000 0.000000 trait 4 73910.000000 58593.000000 0.000000 0.000000 0.000000 0.000000 0.000000 0.000000 node 1 4 1 3
node 2 2 1 1
node 3 4 1 1
node 4 2 1 1
node 5 4 1 1
node 6 3 1 1
node 7 2 1 1
node 8 1 1 1
node 9 4 1 1
node 10 1 1 1
node 11 1 1 1
node 12 4 1 1
node 13 3 0 2
node 14 1 0 2
node 15 4 0 2
node 71 1 0 0
node 289 1 0 0
node 317 1 0 0
node 368 1 0 0
node 381 3 0 0
node 394 1 0 0
node 405 3 0 0
node 439 1 0 0
node 640 1 0 0
node 671 1 0 0
node 680 1 0 0
node 924 1 0 0
node 1133 1 0 0
node 1160 1 0 0
gene 4 1 13 32082 0 1 32082 1
gene 3 2 13 -108090 0 2 -108090 1
gene 2 3 13 -428460 0 3 -428460 1
gene 4 4 13 -128160 0 4 -128160 1
gene 2 5 13 -311256 0 5 -311256 1
gene 3 6 13 -362931 0 6 -362931 1
gene 1 7 13 117513 0 7 117513 1
gene 1 8 13 -325248 0 8 -325248 0
gene 1 9 13 800000 0 9 800000 1
gene 2 10 13 332301 0 10 332301 1
gene 3 11 13 -183192 0 11 -183192 1
gene 3 12 13 -260253 0 12 -260253 0
gene 1 1 14 282174 0 13 282174 1
gene 1 2 14 778076 0 14 778076 0
gene 1 3 14 562572 0 15 562572 0
gene 1 4 14 -553656 0 16 -553656 1
gene 1 5 14 478505 0 17 478505 1
gene 1 6 14 -50151 0 18 -50151 1
gene 1 7 14 -221511 0 19 -221511 1
gene 2 8 14 376785 0 20 376785 1
gene 2 9 14 289902 0 21 289902 1
gene 1 10 14 23448 0 22 23448 1
gene 3 11 14 67572 0 23 67572 0
gene 2 12 14 -10689 0 24 -10689 1
gene 3 1 15 279744 0 25 279744 1
gene 2 2 15 223719 0 26 223719 0
gene 4 3 15 -800000 0 27 -800000 0
gene 2 4 15 -273081 0 28 -273081 1
gene 2 5 15 590579 0 29 590579 1
gene 1 6 15 168678 0 30 168678 1
gene 4 7 15 -59211 0 31 -59211 1
gene 2 8 15 78270 0 32 78270 0
gene 2 9 15 -192408 0 33 -192408 1
gene 1 10 15 -25128 0 34 -25128 1
gene 3 11 15 239001 0 35 239001 0
gene 1 12 15 139629 0 36 139629 1
gene 4 3 71 -260181 0 201 -260181 0
gene 3 71 14 84789 0 202 84789 1
gene 1 13 13 -232254 1 248 -232254 1
gene 2 13 15 -800000 0 413 -800000 1
gene 4 10 71 -287028 0 454 -287028 1
gene 1 7 71 311631 0 542 311631 1
gene 4 8 71 -5201 0 717 -5201 1
gene 4 71 71 -791739 1 769 -791739 1
gene 4 3 289 800000 0 858 800000 0
gene 4 289 15 -693761 0 859 -693761 1
gene 3 289 14 -113289 0 897 -113289 1
gene 4 3 317 -97833 0 942 -97833 1
gene 4 317 289 -120192 0 943 -120192 1
gene 2 8 368 -410154 0 1081 -410154 1
gene 2 368 15 -146907 0 1082 -146907 1
gene 1 2 381 393978 0 1117 393978 1
gene 1 381 14 459969 0 1118 459969 1
gene 4 3 394 800000 0 1159 800000 0
gene 2 394 71 17178 0 1160 17178 1
gene 3 11 405 -229047 0 1197 -229047 1
gene 3 405 14 -266394 0 1198 -266394 0
gene 4 14 405 -10860 1 1256 -10860 1
gene 4 3 439 800000 0 1305 800000 1
gene 4 439 394 144174 0 1306 144174 1
gene 4 14 381 -307824 1 1807 -307824 1
gene 4 6 381 -73998 0 1838 -73998 1
gene 3 11 640 324282 0 1930 324282 1
gene 3 640 15 -582039 0 1931 -582039 1
gene 2 2 671 -169374 0 2020 -169374 1
gene 2 671 15 -256386 0 2021 -256386 1
gene 3 12 680 263001 0 2055 263001 1
gene 3 680 13 -270045 0 2056 -270045 1
gene 2 317 317 -171258 1 2557 -171258 1
gene 4 11 680 234777 0 2743 234777 1
gene 3 405 924 87774 0 2784 87774 1
gene 3 924 14 -69579 0 2785 -69579 1
gene 3 289 289 -132981 1 2988 -132981 1
gene 2 368 368 603649 1 3048 603649 0
gene 1 6 680 -301925 0 3240 -301925 1
gene 1 8 1133 1 0 3390 0 1
gene 1 1133 13 -325248 0 3391 0 1
gene 2 368 1160 1 1 3466 0 1
gene 2 1160 368 603649 0 3467 0 1
genomeend 32


/* Organism #34 Fitness: 380.000000 Time: 0 */
/* Position #34*/
#1 x: 27 y: 37
#2 x: 75 y: 30
#3 x: 29 y: 17
#4 x: 26 y: 76
#5 x: 63 y: 65
#6 x: 75 y: 62
genomestart 34
trait 1 1.000000 0.000000 0.000000 0.000000 0.000000 0.000000 0.000000 0.000000 trait 2 2.000000 0.000000 0.000000 0.000000 0.000000 0.000000 0.000000 0.000000 trait 3 3.000000 0.000000 0.000000 0.000000 0.000000 0.000000 0.000000 0.000000 trait 4 73910.000000 58593.000000 0.000000 0.000000 0.000000 0.000000 0.000000 0.000000 node 1 4 1 3
node 2 2 1 1
node 3 4 1 1
node 4 2 1 1
node 5 4 1 1
node 6 3 1 1
node 7 2 1 1
node 8 1 1 1
node 9 4 1 1
node 10 1 1 1
node 11 1 1 1
node 12 4 1 1
node 13 3 0 2
node 14 1 0 2
node 15 4 0 2
node 71 1 0 0
node 289 1 0 0
node 317 1 0 0
node 368 1 0 0
node 381 3 0 0
node 394 1 0 0
node 405 1 0 0
node 439 1 0 0
node 640 1 0 0
node 671 1 0 0
node 680 1 0 0
node 924 1 0 0
node 1011 1 0 0
node 1030 1 0 0
node 1105 1 0 0
node 1161 1 0 0
gene 4 1 13 630435 0 1 630435 1
gene 3 2 13 262035 0 2 262035 1
gene 2 3 13 -15135 0 3 -15135 1
gene 4 4 13 49503 0 4 49503 1
gene 2 5 13 -389595 0 5 -389595 1
gene 3 6 13 52800 0 6 52800 1
gene 1 7 13 -531872 0 7 -531872 1
gene 1 8 13 -800000 0 8 -800000 1
gene 1 9 13 397127 0 9 397127 1
gene 2 10 13 -19023 0 10 -19023 1
gene 3 11 13 -365670 0 11 -365670 1
gene 3 12 13 604284 0 12 604284 0
gene 1 1 14 729998 0 13 729998 1
gene 1 2 14 -318612 0 14 -318612 0
gene 1 3 14 56655 0 15 56655 0
gene 1 4 14 -112083 0 16 -112083 0
gene 1 5 14 -35253 0 17 -35253 1
gene 1 6 14 -402426 0 18 -402426 1
gene 1 7 14 4314 0 19 4314 1
gene 2 8 14 -36606 0 20 -36606 1
gene 2 9 14 -148560 0 21 -148560 1
gene 1 10 14 -476793 0 22 -476793 1
gene 3 11 14 107907 0 23 107907 0
gene 2 12 14 120939 0 24 120939 1
gene 3 1 15 -228225 0 25 -228225 1
gene 2 2 15 677082 0 26 677082 0
gene 4 3 15 320805 0 27 320805 0
gene 2 4 15 -306198 0 28 -306198 1
gene 2 5 15 -39039 0 29 -39039 1
gene 1 6 15 210435 0 30 210435 1
gene 4 7 15 205755 0 31 205755 1
gene 2 8 15 -553161 0 32 -553161 0
gene 2 9 15 210989 0 33 210989 1
gene 1 10 15 -53745 0 34 -53745 1
gene 3 11 15 -610457 0 35 -610457 0
gene 1 12 15 -454758 0 36 -454758 1
gene 4 3 71 -143553 0 201 -143553 0
gene 3 71 14 554201 0 202 554201 0
gene 1 13 13 22881 1 248 22881 1
gene 2 13 15 -375129 0 413 -375129 1
gene 4 10 71 801 0 454 801 1
gene 1 7 71 -800000 0 542 -800000 1
gene 4 8 71 -46980 0 717 -46980 1
gene 4 71 71 9297 1 769 9297 1
gene 4 3 289 -450990 0 858 -450990 0
gene 4 289 15 321294 0 859 321294 1
gene 3 289 14 149457 0 897 149457 1
gene 4 3 317 -231168 0 942 -231168 1
gene 4 317 289 560910 0 943 560910 1
gene 2 8 368 72522 0 1081 72522 1
gene 2 368 15 -5838 0 1082 -5838 1
gene 1 2 381 199239 0 1117 199239 1
gene 1 381 14 -202035 0 1118 -202035 1
gene 4 3 394 186417 0 1159 186417 0
gene 4 394 71 -239019 0 1160 -239019 1
gene 3 11 405 -252972 0 1197 -252972 1
gene 3 405 14 -390114 0 1198 -390114 0
gene 4 14 405 395103 1 1256 395103 1
gene 4 3 439 800000 0 1305 800000 1
gene 4 439 394 -607680 0 1306 -607680 1
gene 4 14 381 193698 1 1807 193698 1
gene 4 6 381 10281 0 1838 10281 0
gene 3 11 640 492120 0 1930 492120 1
gene 3 640 15 -538644 0 1931 -538644 1
gene 2 2 671 429990 0 2020 429990 1
gene 2 671 15 297612 0 2021 297612 1
gene 3 12 680 238620 0 2055 238620 1
gene 3 680 13 347544 0 2056 347544 1
gene 2 317 317 -22146 1 2557 -22146 1
gene 4 11 680 -617423 0 2743 -617423 1
gene 3 405 924 323760 0 2784 323760 1
gene 3 924 14 -454770 0 2785 -454770 1
gene 4 6 1011 -73149 0 3036 -73149 0
gene 4 1011 381 68961 0 3037 68961 1
gene 1 4 1030 -475748 0 3100 -475748 1
gene 1 1030 14 164610 0 3101 164610 1
gene 3 71 1105 -288575 0 3300 -288575 1
gene 3 1105 14 443987 0 3301 443987 1
gene 4 6 1161 1 0 3468 0 1
gene 4 1161 1011 -73149 0 3469 0 1
genomeend 34


/* Organism #46 Fitness: 440.000000 Time: 0 */
/* Position #46*/
#1 x: 56 y: 39
#2 x: 73 y: 26
#3 x: 85 y: 36
#4 x: 79 y: 60
#5 x: 70 y: 61
#6 x: 81 y: 61
genomestart 46
trait 1 1.000000 0.000000 0.000000 0.000000 0.000000 0.000000 0.000000 0.000000 trait 2 2.000000 0.000000 0.000000 0.000000 0.000000 0.000000 0.000000 0.000000 trait 3 3.000000 0.000000 0.000000 0.000000 0.000000 0.000000 0.000000 0.000000 trait 4 73910.000000 58593.000000 0.000000 0.000000 0.000000 0.000000 0.000000 0.000000 node 1 4 1 3
node 2 2 1 1
node 3 4 1 1
node 4 2 1 1
node 5 4 1 1
node 6 3 1 1
node 7 2 1 1
node 8 1 1 1
node 9 4 1 1
node 10 1 1 1
node 11 1 1 1
node 12 4 1 1
node 13 3 0 2
node 14 1 0 2
node 15 4 0 2
node 71 1 0 0
node 289 1 0 0
node 317 1 0 0
node 368 1 0 0
node 381 3 0 0
node 394 1 0 0
node 405 1 0 0
node 439 1 0 0
node 640 1 0 0
node 671 1 0 0
node 680 1 0 0
node 924 1 0 0
node 1050 1 0 0
node 1094 1 0 0
node 1168 1 0 0
gene 4 1 13 178446 0 1 178446 1
gene 3 2 13 -65688 0 2 -65688 1
gene 2 3 13 -251199 0 3 -251199 1
gene 4 4 13 -800000 0 4 -800000 1
gene 2 5 13 -245100 0 5 -245100 1
gene 3 6 13 -163008 0 6 -163008 1
gene 1 7 13 -725426 0 7 -725426 1
gene 1 8 13 -800000 0 8 -800000 1
gene 1 9 13 388847 0 9 388847 1
gene 2 10 13 -56433 0 10 -56433 1
gene 3 11 13 -129729 0 11 -129729 1
gene 3 12 13 392598 0 12 392598 0
gene 1 1 14 188705 0 13 188705 1
gene 1 2 14 603543 0 14 603543 0
gene 1 3 14 306345 0 15 306345 0
gene 1 4 14 -197502 0 16 -197502 1
gene 1 5 14 800000 0 17 800000 1
gene 1 6 14 -526844 0 18 -526844 1
gene 1 7 14 756230 0 19 756230 1
gene 2 8 14 267843 0 20 267843 1
gene 2 9 14 207201 0 21 207201 1
gene 1 10 14 -199842 0 22 -199842 1
gene 3 11 14 373217 0 23 373217 0
gene 2 12 14 102048 0 24 102048 1
gene 3 1 15 53991 0 25 53991 1
gene 2 2 15 -38949 0 26 -38949 0
gene 4 3 15 -271479 0 27 -271479 0
gene 2 4 15 -800000 0 28 -800000 1
gene 2 5 15 -193341 0 29 -193341 1
gene 1 6 15 -525222 0 30 -525222 1
gene 4 7 15 -161532 0 31 -161532 0
gene 2 8 15 350915 0 32 350915 0
gene 2 9 15 -278487 0 33 -278487 1
gene 1 10 15 272844 0 34 272844 1
gene 3 11 15 -800000 0 35 -800000 0
gene 1 12 15 249600 0 36 249600 1
gene 4 3 71 -51849 0 201 -51849 0
gene 3 71 14 681872 0 202 681872 0
gene 1 13 13 -43974 1 248 -43974 1
gene 2 13 15 -593948 0 413 -593948 1
gene 4 10 71 -34788 0 454 -34788 1
gene 1 7 71 464352 0 542 464352 1
gene 4 8 71 288721 0 717 288721 1
gene 4 71 71 -228438 1 769 -228438 1
gene 4 3 289 676196 0 858 676196 0
gene 4 289 15 -766634 0 859 -766634 1
gene 3 289 14 238542 0 897 238542 1
gene 4 3 317 58350 0 942 58350 1
gene 4 317 289 601470 0 943 601470 1
gene 2 8 368 -541749 0 1081 -541749 1
gene 2 368 15 -99738 0 1082 -99738 1
gene 1 2 381 345840 0 1117 345840 1
gene 1 381 14 -281628 0 1118 -281628 1
gene 4 3 394 729903 0 1159 729903 0
gene 2 394 71 431988 0 1160 431988 1
gene 3 11 405 237801 0 1197 237801 1
gene 3 405 14 41139 0 1198 41139 0
gene 4 14 405 439293 1 1256 439293 1
gene 4 3 439 209781 0 1305 209781 1
gene 4 439 394 -237891 0 1306 -237891 1
gene 4 14 381 -98067 1 1807 -98067 1
gene 4 6 381 75039 0 1838 75039 1
gene 3 11 640 251430 0 1930 251430 1
gene 3 640 15 -559491 0 1931 -559491 1
gene 2 2 671 -55461 0 2020 -55461 1
gene 2 671 15 297270 0 2021 297270 1
gene 2 12 680 70209 0 2055 70209 0
gene 3 680 13 208545 0 2056 208545 1
gene 2 317 317 26337 1 2557 26337 1
gene 4 11 680 353832 0 2743 353832 1
gene 3 405 924 -392108 0 2784 -392108 1
gene 3 924 14 -213213 0 2785 -213213 1
gene 3 289 289 43453 1 2988 43453 1
gene 2 368 368 218731 1 3048 218731 1
gene 4 7 1050 -69485 0 3151 -69485 1
gene 4 1050 15 -218508 0 3152 -218508 1
gene 2 368 680 99674 0 3204 99674 1
gene 3 12 1094 202081 0 3268 202081 1
gene 3 1094 680 86301 0 3269 86301 1
gene 2 317 394 18456 0 3321 18456 1
gene 3 71 1168 1 0 3485 0 1
gene 3 1168 14 681872 0 3486 0 1
genomeend 46


/* Organism #48 Fitness: 360.000000 Time: 0 */
/* Position #48*/
#1 x: 66 y: 31
#2 x: 70 y: 28
#3 x: 46 y: 20
#4 x: 78 y: 79
#5 x: 78 y: 72
#6 x: 69 y: 61
genomestart 48
trait 1 1.000000 0.000000 0.000000 0.000000 0.000000 0.000000 0.000000 0.000000 trait 2 2.000000 0.000000 86530.000000 0.000000 0.000000 0.000000 40839.000000 0.000000 trait 3 3.000000 0.000000 0.000000 0.000000 87214.000000 0.000000 0.000000 43873.000000 trait 4 87559.000000 0.000000 0.000000 0.000000 0.000000 0.000000 48508.000000 17450.000000 node 1 4 1 3
node 2 2 1 1
node 3 2 1 1
node 4 2 1 1
node 5 1 1 1
node 6 1 1 1
node 7 3 1 1
node 8 1 1 1
node 9 1 1 1
node 10 4 1 1
node 11 4 1 1
node 12 1 1 1
node 13 3 0 2
node 14 1 0 2
node 15 2 0 2
node 92 1 0 0
node 121 1 0 0
node 183 1 0 0
node 238 1 0 0
node 293 1 0 0
node 409 2 0 0
node 471 1 0 0
node 524 1 0 0
node 617 1 0 0
node 634 1 0 0
node 652 1 0 0
node 701 1 0 0
node 737 1 0 0
node 851 1 0 0
node 1038 1 0 0
gene 4 1 13 -35247 0 1 -35247 1
gene 4 2 13 -162033 0 2 -162033 0
gene 2 3 13 97482 0 3 97482 1
gene 1 4 13 638334 0 4 638334 0
gene 1 5 13 -192180 0 5 -192180 0
gene 2 6 13 123789 0 6 123789 0
gene 3 7 13 -717365 0 7 -717365 1
gene 4 8 13 -380990 0 8 -380990 1
gene 3 9 13 -185907 0 9 -185907 1
gene 3 10 13 -412320 0 10 -412320 1
gene 1 11 13 484836 0 11 484836 1
gene 2 12 13 161433 0 12 161433 1
gene 1 1 14 392256 0 13 392256 1
gene 2 2 14 421077 0 14 421077 1
gene 1 3 14 137664 0 15 137664 1
gene 3 4 14 559995 0 16 559995 1
gene 4 5 14 -800000 0 17 -800000 1
gene 4 6 14 800000 0 18 800000 1
gene 2 7 14 -603330 0 19 -603330 1
gene 3 8 14 -212294 0 20 -212294 0
gene 2 9 14 -650574 0 21 -650574 0
gene 1 10 14 -396582 0 22 -396582 1
gene 3 11 14 335225 0 23 335225 0
gene 2 12 14 533753 0 24 533753 1
gene 3 1 15 321894 0 25 321894 1
gene 4 2 15 489449 0 26 489449 0
gene 3 3 15 -583314 0 27 -583314 1
gene 4 4 15 580874 0 28 580874 1
gene 1 5 15 -186483 0 29 -186483 0
gene 1 6 15 -51111 0 30 -51111 1
gene 2 7 15 171528 0 31 171528 0
gene 1 8 15 -64404 0 32 -64404 1
gene 4 9 15 34620 0 33 34620 1
gene 2 10 15 -289785 0 34 -289785 1
gene 4 11 15 258170 0 35 258170 1
gene 1 12 15 128388 0 36 128388 0
gene 3 14 15 38829 0 66 38829 1
gene 3 14 13 703766 0 95 703766 1
gene 3 8 92 -367356 0 253 -367356 1
gene 3 92 14 473253 0 254 473253 0
gene 2 92 92 -58623 1 305 -58623 1
gene 1 4 121 -613296 0 333 -613296 1
gene 1 121 13 121056 0 334 121056 1
gene 1 5 183 328831 0 512 328831 1
gene 1 183 13 800000 0 513 800000 1
gene 1 2 238 562380 0 693 562380 0
gene 1 238 13 304608 0 694 304608 1
gene 1 13 13 343213 1 827 343213 1
gene 2 7 293 -100266 0 869 -100266 1
gene 2 293 15 -519533 0 870 -519533 1
gene 3 15 13 772235 0 1133 772235 1
gene 2 9 409 -275409 0 1210 -275409 1
gene 2 409 14 130305 0 1211 130305 1
gene 2 92 121 790796 0 1278 790796 0
gene 2 409 293 -117597 0 1355 -117597 1
gene 1 12 471 611351 0 1399 611351 1
gene 1 471 15 -164199 0 1400 -164199 1
gene 3 11 524 578652 0 1569 578652 1
gene 3 524 14 95406 0 1570 95406 0
gene 4 6 471 -563067 0 1663 -563067 1
gene 4 409 15 795693 0 1765 795693 1
gene 1 5 617 111456 0 1859 111456 1
gene 1 617 15 445152 0 1860 445152 1
gene 1 2 634 514584 0 1910 514584 1
gene 1 634 238 -800000 0 1911 -800000 1
gene 2 92 652 -36510 0 1968 -36510 1
gene 2 652 121 -589298 0 1969 -589298 1
gene 2 6 701 203607 0 2113 203607 1
gene 2 701 13 -454083 0 2114 -454083 1
gene 3 92 737 -51600 0 2224 -51600 1
gene 3 737 14 102618 0 2225 102618 1
gene 2 121 617 -40245 0 2527 -40245 1
gene 4 2 851 260616 0 2565 260616 1
gene 4 851 15 -404220 0 2566 -404220 1
gene 3 15 183 -1614 0 2710 -1614 1
gene 4 9 701 214568 0 3030 214568 1
gene 3 524 1038 26596 0 3120 26596 1
gene 3 1038 14 238071 0 3121 238071 1
gene 3 9 851 181599 0 3208 181599 1
gene 1 121 701 259755 0 3279 259755 1
gene 2 12 92 -145230 0 3322 -145230 1
genomeend 48


/* Organism #66 Fitness: 360.000000 Time: 0 */
/* Position #66*/
#1 x: 29 y: 36
#2 x: 44 y: 21
#3 x: 41 y: 23
#4 x: 51 y: 85
#5 x: 47 y: 80
#6 x: 35 y: 71
genomestart 66
trait 1 1.000000 0.000000 0.000000 0.000000 0.000000 0.000000 0.000000 0.000000 trait 2 2.000000 0.000000 0.000000 0.000000 0.000000 0.000000 0.000000 0.000000 trait 3 3.000000 0.000000 0.000000 0.000000 0.000000 0.000000 0.000000 0.000000 trait 4 4.000000 0.000000 0.000000 0.000000 0.000000 0.000000 0.000000 0.000000 node 1 4 1 3
node 2 2 1 1
node 3 4 1 1
node 4 2 1 1
node 5 4 1 1
node 6 3 1 1
node 7 2 1 1
node 8 1 1 1
node 9 4 1 1
node 10 1 1 1
node 11 1 1 1
node 12 4 1 1
node 13 3 0 2
node 14 1 0 2
node 15 4 0 2
node 71 1 0 0
node 289 1 0 0
node 317 1 0 0
node 368 1 0 0
node 381 1 0 0
node 394 1 0 0
node 473 1 0 0
node 490 1 0 0
node 568 1 0 0
node 647 1 0 0
node 686 1 0 0
node 704 1 0 0
node 760 1 0 0
node 834 1 0 0
node 877 1 0 0
node 886 1 0 0
node 948 1 0 0
node 996 1 0 0
node 1018 1 0 0
node 1030 1 0 0
node 1107 1 0 0
gene 4 1 13 21366 0 1 21366 1
gene 3 2 13 -262998 0 2 -262998 1
gene 2 3 13 114957 0 3 114957 0
gene 4 4 13 -800000 0 4 -800000 1
gene 2 5 13 -239469 0 5 -239469 0
gene 3 6 13 -81168 0 6 -81168 1
gene 1 7 13 -110574 0 7 -110574 0
gene 1 8 13 -484794 0 8 -484794 1
gene 1 9 13 -125244 0 9 -125244 1
gene 2 10 13 -213216 0 10 -213216 1
gene 3 11 13 -201795 0 11 -201795 1
gene 3 12 13 -138156 0 12 -138156 1
gene 1 1 14 523167 0 13 523167 1
gene 1 2 14 -187650 0 14 -187650 0
gene 3 3 14 -476442 0 15 -476442 0
gene 1 4 14 143730 0 16 143730 0
gene 1 5 14 214503 0 17 214503 1
gene 1 6 14 120760 0 18 120760 1
gene 1 7 14 142446 0 19 142446 1
gene 2 8 14 173169 0 20 173169 1
gene 2 9 14 -514218 0 21 -514218 1
gene 1 10 14 205911 0 22 205911 0
gene 3 11 14 -120543 0 23 -120543 1
gene 2 12 14 -570646 0 24 -570646 0
gene 3 1 15 187386 0 25 187386 1
gene 2 2 15 170058 0 26 170058 1
gene 4 3 15 -529853 0 27 -529853 0
gene 2 4 15 -174825 0 28 -174825 0
gene 2 5 15 -287562 0 29 -287562 1
gene 1 6 15 382089 0 30 382089 1
gene 4 7 15 -36450 0 31 -36450 0
gene 2 8 15 -213036 0 32 -213036 0
gene 2 9 15 -264465 0 33 -264465 1
gene 1 10 15 -77172 0 34 -77172 1
gene 3 11 15 30717 0 35 30717 1
gene 1 12 15 272334 0 36 272334 1
gene 4 3 71 -399573 0 201 -399573 0
gene 3 71 14 -132888 0 202 -132888 0
gene 1 13 13 -334152 1 248 -334152 1
gene 2 13 15 -277827 0 413 -277827 1
gene 4 10 71 144975 0 454 144975 1
gene 1 7 71 541494 0 542 541494 0
gene 4 8 71 170112 0 717 170112 1
gene 4 71 71 123393 1 769 123393 0
gene 4 3 289 -547145 0 858 -547145 0
gene 4 289 15 -200736 0 859 -200736 1
gene 3 289 14 -25761 0 897 -25761 1
gene 4 3 317 -54198 0 942 -54198 0
gene 4 317 289 -139542 0 943 -139542 1
gene 2 8 368 113997 0 1081 113997 1
gene 2 368 15 331080 0 1082 331080 1
gene 1 2 381 -151131 0 1117 -151131 1
gene 2 381 14 55677 0 1118 55677 1
gene 4 3 394 -229386 0 1159 -229386 1
gene 4 394 71 -122592 0 1160 -122592 1
gene 4 1 394 198042 0 1362 198042 1
gene 2 3 473 -159438 0 1405 -159438 1
gene 2 473 13 -144129 0 1406 -144129 1
gene 1 10 490 91095 0 1456 91095 1
gene 1 490 14 -180096 0 1457 -180096 1
gene 3 13 289 532404 0 1591 532404 1
gene 4 71 568 -39696 1 1699 -39696 1
gene 4 568 71 -304572 0 1700 -304572 0
gene 3 568 15 -246433 0 1754 -246433 1
gene 3 289 394 39420 0 1809 39420 0
gene 4 568 647 -126027 0 1948 -126027 1
gene 4 647 71 -288639 0 1949 -288639 1
gene 1 7 686 -777402 0 2069 -777402 1
gene 1 686 71 -77880 0 2070 -77880 1
gene 3 71 704 -181056 0 2122 -181056 1
gene 3 704 14 -62343 0 2123 -62343 1
gene 3 289 760 35685 0 2296 35685 1
gene 3 760 394 116622 0 2297 116622 1
gene 4 368 394 600876 0 2326 600876 1
gene 2 10 289 -600202 0 2376 -600202 1
gene 4 3 834 -701295 0 2518 -701295 1
gene 4 834 317 -170331 0 2519 -170331 1
gene 2 12 877 -298677 0 2634 -298677 1
gene 2 877 14 -228327 0 2635 -228327 1
gene 2 4 886 22717 0 2665 22717 1
gene 2 886 15 203424 0 2666 203424 1
gene 2 5 948 250651 0 2855 250651 0
gene 2 948 13 2193 0 2856 2193 1
gene 2 877 877 -148191 1 2903 -148191 1
gene 1 7 996 -2486 0 2996 -2486 1
gene 1 996 13 -173457 0 2997 -173457 1
gene 3 7 1018 56320 0 3054 56320 1
gene 4 1018 15 -174534 0 3055 -174534 1
gene 1 4 1030 -145323 0 3100 -145323 1
gene 1 1030 14 -45588 0 3101 -45588 1
gene 3 568 568 496278 1 3154 496278 1
gene 2 5 1107 273846 0 3308 273846 1
gene 2 1107 948 -7808 0 3309 -7808 1
gene 4 686 686 27645 1 3352 27645 1
gene 3 996 490 -219472 0 3408 -219472 1
genomeend 66


/* Organism #72 Fitness: 340.000000 Time: 0 */
/* Position #72*/
#1 x: 30 y: 29
#2 x: 67 y: 15
#3 x: 16 y: 35
#4 x: 84 y: 71
#5 x: 17 y: 72
#6 x: 32 y: 62
genomestart 72
trait 1 1.000000 0.000000 0.000000 0.000000 0.000000 0.000000 0.000000 0.000000 trait 2 2.000000 0.000000 0.000000 0.000000 0.000000 0.000000 0.000000 0.000000 trait 3 3.000000 0.000000 0.000000 0.000000 0.000000 0.000000 0.000000 0.000000 trait 4 73910.000000 58593.000000 0.000000 0.000000 0.000000 0.000000 0.000000 0.000000 node 1 4 1 3
node 2 2 1 1
node 3 4 1 1
node 4 2 1 1
node 5 4 1 1
node 6 3 1 1
node 7 2 1 1
node 8 1 1 1
node 9 4 1 1
node 10 1 1 1
node 11 1 1 1
node 12 4 1 1
node 13 3 0 2
node 14 1 0 2
node 15 4 0 2
node 71 1 0 0
node 289 1 0 0
node 317 1 0 0
node 368 1 0 0
node 381 3 0 0
node 394 1 0 0
node 405 3 0 0
node 439 1 0 0
node 640 1 0 0
node 671 1 0 0
node 680 1 0 0
node 924 1 0 0
node 1133 1 0 0
gene 4 1 13 -7056 0 1 -7056 1
gene 3 2 13 14736 0 2 14736 1
gene 2 3 13 182694 0 3 182694 1
gene 4 4 13 -371793 0 4 -371793 1
gene 2 5 13 -347166 0 5 -347166 1
gene 3 6 13 -522792 0 6 -522792 1
gene 1 7 13 -108528 0 7 -108528 1
gene 1 8 13 -290019 0 8 -290019 0
gene 1 9 13 800000 0 9 800000 1
gene 2 10 13 44226 0 10 44226 1
gene 3 11 13 -70554 0 11 -70554 1
gene 3 12 13 -536472 0 12 -536472 0
gene 1 1 14 353688 0 13 353688 1
gene 1 2 14 651131 0 14 651131 0
gene 1 3 14 301953 0 15 301953 0
gene 1 4 14 -407196 0 16 -407196 1
gene 1 5 14 332231 0 17 332231 1
gene 1 6 14 -13290 0 18 -13290 1
gene 1 7 14 -294618 0 19 -294618 1
gene 2 8 14 418575 0 20 418575 1
gene 2 9 14 -189624 0 21 -189624 1
gene 1 10 14 261795 0 22 261795 1
gene 3 11 14 262176 0 23 262176 0
gene 2 12 14 113889 0 24 113889 1
gene 3 1 15 146442 0 25 146442 1
gene 2 2 15 -22986 0 26 -22986 0
gene 4 3 15 -637844 0 27 -637844 0
gene 2 4 15 -419463 0 28 -419463 1
gene 2 5 15 432278 0 29 432278 1
gene 1 6 15 130878 0 30 130878 1
gene 4 7 15 -37374 0 31 -37374 1
gene 2 8 15 -216690 0 32 -216690 0
gene 2 9 15 123846 0 33 123846 1
gene 1 10 15 -275652 0 34 -275652 1
gene 3 11 15 -27909 0 35 -27909 0
gene 1 12 15 -110619 0 36 -110619 1
gene 4 3 71 -552369 0 201 -552369 0
gene 3 71 14 319926 0 202 319926 1
gene 1 13 13 -386565 1 248 -386565 1
gene 2 13 15 56940 0 413 56940 1
gene 4 10 71 -423078 0 454 -423078 1
gene 1 7 71 47511 0 542 47511 1
gene 4 8 71 286357 0 717 286357 1
gene 4 71 71 -800000 1 769 -800000 1
gene 4 3 289 800000 0 858 800000 0
gene 4 289 15 -54024 0 859 -54024 1
gene 3 289 14 -132621 0 897 -132621 1
gene 4 3 317 31125 0 942 31125 1
gene 4 317 289 31551 0 943 31551 1
gene 2 8 368 77901 0 1081 77901 1
gene 2 368 15 283350 0 1082 283350 1
gene 1 2 381 466056 0 1117 466056 1
gene 1 381 14 395673 0 1118 395673 1
gene 4 3 394 110985 0 1159 110985 0
gene 2 394 71 -235152 0 1160 -235152 1
gene 3 11 405 243258 0 1197 243258 1
gene 3 405 14 -306375 0 1198 -306375 0
gene 4 14 405 -10860 1 1256 -10860 1
gene 4 3 439 800000 0 1305 800000 1
gene 4 439 394 -174774 0 1306 -174774 1
gene 4 14 381 -123069 1 1807 -123069 1
gene 4 6 381 -265359 0 1838 -265359 1
gene 3 11 640 138687 0 1930 138687 1
gene 3 640 15 -485292 0 1931 -485292 1
gene 2 2 671 -181983 0 2020 -181983 1
gene 2 671 15 -519990 0 2021 -519990 1
gene 3 12 680 237159 0 2055 237159 1
gene 3 680 13 -553548 0 2056 -553548 1
gene 2 317 317 -50403 1 2557 -50403 1
gene 4 11 680 223701 0 2743 223701 1
gene 3 405 924 17544 0 2784 17544 1
gene 3 924 14 -245226 0 2785 -245226 1
gene 3 289 289 -406485 1 2988 -406485 1
gene 2 368 368 309868 1 3048 309868 1
gene 1 6 680 -541325 0 3240 -541325 1
gene 1 8 1133 291022 0 3390 291022 1
gene 1 1133 13 -512001 0 3391 -512001 1
genomeend 72


