/* Organism #6 Fitness: 250.000000 Time: 0 */
/* Position #6*/
#1 x: 78 y: 23
#2 x: 22 y: 37
#3 x: 32 y: 26
#4 x: 77 y: 85
#5 x: 60 y: 77
#6 x: 52 y: 85
genomestart 6
trait 1 43007.000000 0.000000 0.000000 0.000000 0.000000 0.000000 87908.000000 0.000000 trait 2 0.000000 94809.000000 34350.000000 0.000000 0.000000 0.000000 0.000000 0.000000 trait 3 0.000000 45285.000000 0.000000 51304.000000 0.000000 0.000000 70969.000000 30146.000000 trait 4 4.000000 0.000000 0.000000 36940.000000 0.000000 0.000000 43316.000000 37957.000000 node 1 4 1 3
node 2 4 1 1
node 3 1 1 1
node 4 1 1 1
node 5 1 1 1
node 6 2 1 1
node 7 4 1 1
node 8 4 1 1
node 9 2 1 1
node 10 4 1 1
node 11 2 1 1
node 12 4 1 1
node 13 2 0 2
node 14 1 0 2
node 15 3 0 2
node 121 1 0 0
node 235 1 0 0
node 384 1 0 0
node 420 1 0 0
node 433 1 0 0
node 461 1 0 0
node 500 1 0 0
node 516 1 0 0
node 697 1 0 0
node 1018 1 0 0
node 1130 1 0 0
node 1323 3 0 0
node 1393 3 0 0
node 1479 1 0 0
node 1531 4 0 0
node 1683 1 0 0
node 1735 1 0 0
node 1875 1 0 0
node 1975 1 0 0
node 2022 1 0 0
node 2179 1 0 0
node 2295 1 0 0
node 2545 1 0 0
node 2573 1 0 0
node 2682 1 0 0
node 2702 1 0 0
node 2966 1 0 0
node 2982 1 0 0
node 3007 1 0 0
gene 2 1 13 426273 0 1 426273 1
gene 3 2 13 -125496 0 2 -125496 1
gene 2 3 13 285210 0 3 285210 1
gene 3 4 13 -301863 0 4 -301863 1
gene 2 5 13 720018 0 5 720018 1
gene 4 6 13 71400 0 6 71400 1
gene 3 7 13 -684396 0 7 -684396 1
gene 2 8 13 -606960 0 8 -606960 1
gene 3 9 13 -3585 0 9 -3585 1
gene 2 10 13 118134 0 10 118134 1
gene 2 11 13 453813 0 11 453813 1
gene 4 12 13 -115007 0 12 -115007 1
gene 2 1 14 707054 0 13 707054 1
gene 2 2 14 -800000 0 14 -800000 1
gene 4 3 14 -525636 0 15 -525636 1
gene 4 4 14 -311484 0 16 -311484 1
gene 4 5 14 648 0 17 648 0
gene 3 6 14 615597 0 18 615597 1
gene 2 7 14 -377957 0 19 -377957 1
gene 1 8 14 -105117 0 20 -105117 0
gene 3 9 14 193782 0 21 193782 1
gene 1 10 14 40806 0 22 40806 1
gene 1 11 14 179244 0 23 179244 1
gene 4 12 14 78156 0 24 78156 1
gene 3 1 15 267576 0 25 267576 1
gene 3 2 15 -358299 0 26 -358299 1
gene 3 3 15 -458076 0 27 -458076 1
gene 3 4 15 659234 0 28 659234 1
gene 3 5 15 24420 0 29 24420 1
gene 1 6 15 323211 0 30 323211 0
gene 3 7 15 662082 0 31 662082 0
gene 3 8 15 -581433 0 32 -581433 1
gene 3 9 15 781026 0 33 781026 1
gene 3 10 15 -800000 0 34 -800000 0
gene 2 11 15 -796598 0 35 -796598 1
gene 4 12 15 492774 0 36 492774 1
gene 4 15 15 128322 1 174 128322 0
gene 3 8 121 171045 0 329 171045 0
gene 3 121 15 760971 0 330 760971 1
gene 2 5 121 -46089 0 438 -46089 1
gene 2 7 121 -469485 0 483 -469485 1
gene 4 4 235 460143 0 666 460143 1
gene 4 235 14 -776997 0 667 -776997 1
gene 1 1 235 602919 0 753 602919 1
gene 1 9 235 99498 0 1108 99498 0
gene 3 10 384 -287901 0 1126 -287901 1
gene 3 384 15 -780458 0 1127 -780458 0
gene 2 14 14 74460 1 1197 74460 0
gene 3 7 420 409443 0 1239 409443 1
gene 3 420 15 154209 0 1240 154209 1
gene 3 2 433 -226419 0 1284 -226419 0
gene 3 433 13 112158 0 1285 112158 1
gene 4 3 461 -701823 0 1352 -701823 1
gene 4 461 14 -73323 0 1353 -73323 1
gene 4 15 500 245910 1 1453 245910 1
gene 4 500 15 -746702 0 1454 -746702 0
gene 1 8 516 588743 0 1500 588743 1
gene 1 516 14 -346158 0 1501 -346158 0
gene 4 384 121 349647 0 1548 349647 1
gene 2 8 461 -791388 0 1965 -791388 0
gene 3 3 697 494811 0 2038 494811 1
gene 2 697 15 -92466 0 2039 -92466 1
gene 2 1 500 -149607 0 2133 -149607 1
gene 1 3 433 -421182 0 2628 -421182 1
gene 1 516 516 -128793 1 2664 -128793 1
gene 3 8 1018 -241536 0 2997 -241536 1
gene 3 1018 121 269625 0 2998 269625 1
gene 3 15 433 -365259 0 3156 -365259 1
gene 1 10 1130 144969 0 3329 144969 1
gene 1 1130 14 366279 0 3330 366279 1
gene 3 500 697 -565053 0 3371 -565053 1
gene 2 3 516 203634 0 3603 203634 1
gene 2 9 1323 9441 0 3885 9441 1
gene 2 1323 14 -324045 0 3886 -324045 0
gene 2 121 420 352077 0 3959 352077 1
gene 2 8 1393 -459170 0 4093 -459170 1
gene 2 1393 13 -132588 0 4094 -132588 1
gene 1 11 1479 365085 0 4325 365085 1
gene 1 1479 14 438573 0 4326 438573 1
gene 4 12 1531 567924 0 4477 567924 1
gene 4 1531 15 758328 0 4478 758328 0
gene 3 1393 433 121839 0 4734 121839 1
gene 2 1323 1683 -239688 0 4950 -239688 1
gene 2 1683 14 -800000 0 4951 -800000 1
gene 3 6 1735 339747 0 5103 339747 1
gene 3 1735 14 295170 0 5104 295170 1
gene 1 5 516 800000 0 5346 800000 1
gene 1 516 433 800000 0 5443 800000 1
gene 3 2 1875 -58481 0 5505 -58481 1
gene 3 1875 433 -205005 0 5506 -205005 1
gene 1 1683 461 -253638 0 5687 -253638 1
gene 1 6 1975 -153897 0 5780 -153897 0
gene 1 1975 15 267747 0 5781 267747 1
gene 4 1531 2022 -75825 0 5905 -75825 1
gene 4 2022 15 -550023 0 5906 -550023 0
gene 3 121 1875 -18924 0 5987 -18924 1
gene 1 1683 1393 305628 0 6232 305628 1
gene 4 500 2179 66762 0 6351 66762 1
gene 4 2179 15 790503 0 6352 790503 1
gene 3 12 2179 161466 0 6539 161466 1
gene 1 1975 1975 -287370 1 6578 -287370 0
gene 2 14 2295 723143 1 6699 723143 1
gene 2 2295 14 183708 0 6700 183708 1
gene 4 4 433 194637 0 7064 194637 1
gene 1 516 2545 -43737 0 7435 -43737 1
gene 1 2545 14 -800000 0 7436 -800000 1
gene 2 8 2573 381156 0 7531 381156 1
gene 2 2573 461 297516 0 7532 297516 1
gene 1 9 2682 -64392 0 7830 -64392 1
gene 1 2682 235 -433143 0 7831 -433143 1
gene 4 2022 2702 40869 0 7879 40869 1
gene 4 2702 15 249723 0 7880 249723 1
gene 1 1875 1875 39114 1 7987 39114 1
gene 4 697 697 33396 1 8264 33396 1
gene 1 6 2966 109159 0 8664 109159 1
gene 1 2966 1975 -160530 0 8665 -160530 1
gene 4 5 2982 1 0 8705 1 1
gene 4 2982 14 -40518 0 8706 -40518 1
gene 1 1975 3007 1 1 8794 0 1
gene 1 3007 1975 -287370 0 8795 0 1
genomeend 6


/* Organism #8 Fitness: 200.000000 Time: 0 */
/* Position #8*/
#1 x: 52 y: 37
#2 x: 29 y: 20
#3 x: 31 y: 34
#4 x: 42 y: 85
#5 x: 53 y: 82
#6 x: 84 y: 81
genomestart 8
trait 1 43007.000000 16300.000000 6994.000000 28041.000000 57524.000000 37112.000000 87908.000000 80535.000000 trait 2 2.000000 0.000000 0.000000 0.000000 0.000000 0.000000 0.000000 0.000000 trait 3 0.000000 0.000000 0.000000 51304.000000 0.000000 13538.000000 70969.000000 30146.000000 trait 4 4.000000 0.000000 0.000000 36940.000000 0.000000 0.000000 43316.000000 37957.000000 node 1 4 1 3
node 2 4 1 1
node 3 1 1 1
node 4 1 1 1
node 5 1 1 1
node 6 2 1 1
node 7 4 1 1
node 8 4 1 1
node 9 2 1 1
node 10 1 1 1
node 11 2 1 1
node 12 4 1 1
node 13 2 0 2
node 14 1 0 2
node 15 3 0 2
node 121 1 0 0
node 235 1 0 0
node 384 1 0 0
node 420 1 0 0
node 433 1 0 0
node 461 1 0 0
node 500 1 0 0
node 516 1 0 0
node 697 3 0 0
node 1018 1 0 0
node 1130 1 0 0
node 1323 3 0 0
node 1393 1 0 0
node 1479 1 0 0
node 1531 4 0 0
node 1683 1 0 0
node 1735 1 0 0
node 1875 3 0 0
node 2034 1 0 0
node 2142 1 0 0
node 2172 1 0 0
node 2206 1 0 0
node 2313 1 0 0
node 2332 3 0 0
node 2368 1 0 0
node 2412 1 0 0
node 2430 1 0 0
node 2481 1 0 0
node 2494 1 0 0
node 2995 1 0 0
node 3008 1 0 0
gene 2 1 13 149975 0 1 149975 1
gene 3 2 13 256011 0 2 256011 1
gene 2 3 13 274059 0 3 274059 1
gene 3 4 13 512022 0 4 512022 1
gene 2 5 13 157296 0 5 157296 1
gene 4 6 13 -154521 0 6 -154521 1
gene 3 7 13 226755 0 7 226755 1
gene 2 8 13 643182 0 8 643182 0
gene 3 9 13 284286 0 9 284286 1
gene 2 10 13 800000 0 10 800000 1
gene 2 11 13 515505 0 11 515505 1
gene 4 12 13 334239 0 12 334239 1
gene 2 1 14 602354 0 13 602354 1
gene 2 2 14 -86022 0 14 -86022 1
gene 4 3 14 -80013 0 15 -80013 1
gene 4 4 14 -797733 0 16 -797733 0
gene 4 5 14 429243 0 17 429243 1
gene 3 6 14 235344 0 18 235344 0
gene 2 7 14 -94008 0 19 -94008 1
gene 1 8 14 -699908 0 20 -699908 0
gene 3 9 14 3276 0 21 3276 1
gene 1 10 14 683898 0 22 683898 1
gene 1 11 14 477564 0 23 477564 1
gene 4 12 14 249327 0 24 249327 1
gene 3 1 15 -80061 0 25 -80061 1
gene 3 2 15 63969 0 26 63969 0
gene 3 3 15 765081 0 27 765081 0
gene 3 4 15 792030 0 28 792030 1
gene 3 5 15 680484 0 29 680484 1
gene 1 6 15 254586 0 30 254586 1
gene 3 7 15 584670 0 31 584670 0
gene 3 8 15 -49776 0 32 -49776 0
gene 3 9 15 -406341 0 33 -406341 0
gene 3 10 15 227829 0 34 227829 0
gene 2 11 15 10125 0 35 10125 1
gene 4 12 15 337068 0 36 337068 0
gene 4 15 15 -537296 1 174 -537296 0
gene 3 8 121 100374 0 329 100374 0
gene 3 121 15 446306 0 330 446306 1
gene 2 5 121 -562988 0 438 -562988 1
gene 2 7 121 196554 0 483 196554 0
gene 4 4 235 -30585 0 666 -30585 1
gene 4 235 14 207330 0 667 207330 1
gene 1 1 235 588935 0 753 588935 1
gene 1 9 235 -307500 0 1108 -307500 1
gene 3 10 384 -316478 0 1126 -316478 1
gene 3 384 15 95424 0 1127 95424 0
gene 2 14 14 -259608 1 1197 -259608 1
gene 3 7 420 576762 0 1239 576762 0
gene 3 420 15 195897 0 1240 195897 0
gene 3 2 433 393657 0 1284 393657 0
gene 3 433 13 381309 0 1285 381309 1
gene 4 3 461 -452226 0 1352 -452226 1
gene 4 461 14 -255882 0 1353 -255882 1
gene 4 15 500 292425 1 1453 292425 1
gene 4 500 15 481902 0 1454 481902 1
gene 1 8 516 436734 0 1500 436734 1
gene 1 516 14 83847 0 1501 83847 1
gene 1 384 121 800000 0 1548 800000 1
gene 4 8 461 -800000 0 1965 -800000 1
gene 3 3 697 -470028 0 2038 -470028 0
gene 3 697 15 454629 0 2039 454629 1
gene 2 1 500 553845 0 2133 553845 1
gene 1 3 433 194406 0 2628 194406 1
gene 1 516 516 312318 1 2664 312318 1
gene 3 8 1018 -657744 0 2997 -657744 1
gene 3 1018 121 148842 0 2998 148842 0
gene 3 15 433 482508 0 3156 482508 1
gene 1 10 1130 -642242 0 3329 -642242 1
gene 1 1130 14 -230640 0 3330 -230640 1
gene 3 500 697 -82200 0 3371 -82200 1
gene 2 3 516 181647 0 3603 181647 1
gene 2 9 1323 32280 0 3885 32280 0
gene 2 1323 14 -655224 0 3886 -655224 0
gene 2 121 420 -4917 0 3959 -4917 0
gene 2 8 1393 552231 0 4093 552231 0
gene 2 1393 13 -209556 0 4094 -209556 1
gene 1 11 1479 -789861 0 4325 -789861 1
gene 1 1479 14 156969 0 4326 156969 1
gene 4 12 1531 174249 0 4477 174249 1
gene 4 1531 15 -756374 0 4478 -756374 1
gene 3 1393 433 -11589 0 4734 -11589 1
gene 2 1323 1683 376983 0 4950 376983 1
gene 2 1683 14 -800000 0 4951 -800000 1
gene 3 6 1735 220032 0 5103 220032 1
gene 3 1735 14 170850 0 5104 170850 1
gene 1 5 516 271542 0 5346 271542 1
gene 1 516 433 496419 0 5443 496419 1
gene 3 2 1875 -8556 0 5505 -8556 1
gene 3 1875 433 731889 0 5506 731889 1
gene 1 1683 461 374010 0 5687 374010 1
gene 1 516 121 -575481 0 5877 -575481 1
gene 3 3 2034 93945 0 5939 93945 1
gene 3 2034 697 -252249 0 5940 -252249 1
gene 3 5 1479 496083 0 6157 496083 1
gene 3 7 2142 585815 0 6248 585815 1
gene 3 2142 420 724404 0 6249 724404 1
gene 3 420 2172 177102 0 6332 177102 1
gene 3 2172 15 -236181 0 6333 -236181 1
gene 2 1735 1735 280170 1 6388 280170 1
gene 2 8 2206 355566 0 6436 355566 0
gene 2 2206 1393 46389 0 6437 46389 1
gene 2 121 2313 -290670 0 6747 -290670 0
gene 2 2313 420 199341 0 6748 199341 1
gene 2 9 2332 362384 0 6797 362384 1
gene 2 2332 1323 -286110 0 6798 -286110 1
gene 4 1323 2034 118551 0 6848 118551 1
gene 2 7 2368 343707 0 6897 343707 1
gene 2 2368 121 269409 0 6898 269409 1
gene 3 8 2412 -268323 0 7028 -268323 1
gene 3 2412 15 259917 0 7029 259917 1
gene 2 8 2430 68004 0 7088 68004 1
gene 2 2430 2206 -316176 0 7089 -316176 1
gene 2 121 2481 -231768 0 7252 -231768 1
gene 2 2481 2313 201678 0 7253 201678 1
gene 3 9 2494 273411 0 7292 273411 1
gene 3 2494 15 -93810 0 7293 -93810 1
gene 2 1479 384 -24723 0 7389 -24723 1
gene 2 121 2142 255207 0 7445 255207 1
gene 2 6 433 459213 0 7711 459213 1
gene 2 13 2494 -52428 1 8204 -52428 0
gene 2 2430 2430 9513 1 8276 9513 1
gene 2 13 2995 1 1 8748 0 1
gene 2 2995 2494 -52428 0 8749 0 1
gene 3 2 3008 1 0 8797 0 1
gene 3 3008 15 63969 0 8798 0 1
genomeend 8


/* Organism #16 Fitness: 290.000000 Time: 0 */
/* Position #16*/
#1 x: 19 y: 25
#2 x: 46 y: 27
#3 x: 50 y: 29
#4 x: 51 y: 64
#5 x: 80 y: 75
#6 x: 42 y: 80
genomestart 16
trait 1 43007.000000 16300.000000 6994.000000 28041.000000 57524.000000 37112.000000 87908.000000 80535.000000 trait 2 2.000000 0.000000 0.000000 95786.000000 0.000000 63671.000000 50358.000000 0.000000 trait 3 0.000000 0.000000 0.000000 51304.000000 0.000000 13538.000000 70969.000000 30146.000000 trait 4 4.000000 0.000000 0.000000 36940.000000 0.000000 0.000000 43316.000000 37957.000000 node 1 4 1 3
node 2 4 1 1
node 3 1 1 1
node 4 1 1 1
node 5 1 1 1
node 6 2 1 1
node 7 4 1 1
node 8 4 1 1
node 9 2 1 1
node 10 1 1 1
node 11 2 1 1
node 12 4 1 1
node 13 2 0 2
node 14 1 0 2
node 15 3 0 2
node 121 1 0 0
node 235 1 0 0
node 384 1 0 0
node 420 1 0 0
node 433 1 0 0
node 461 1 0 0
node 500 1 0 0
node 516 1 0 0
node 697 3 0 0
node 1018 1 0 0
node 1130 1 0 0
node 1323 3 0 0
node 1393 1 0 0
node 1479 1 0 0
node 1531 4 0 0
node 1683 1 0 0
node 1735 1 0 0
node 1875 1 0 0
node 2034 1 0 0
node 2142 1 0 0
node 2172 1 0 0
node 2206 1 0 0
node 2313 1 0 0
node 2332 1 0 0
node 2368 1 0 0
node 2491 1 0 0
node 2512 1 0 0
node 2530 1 0 0
node 2547 1 0 0
node 2692 1 0 0
node 2786 1 0 0
node 2915 1 0 0
gene 2 1 13 -305535 0 1 -305535 1
gene 3 2 13 -800000 0 2 -800000 1
gene 2 3 13 -258915 0 3 -258915 1
gene 3 4 13 -1980 0 4 -1980 1
gene 2 5 13 -800000 0 5 -800000 0
gene 4 6 13 -520530 0 6 -520530 1
gene 3 7 13 -124878 0 7 -124878 1
gene 2 8 13 578244 0 8 578244 0
gene 3 9 13 206100 0 9 206100 1
gene 2 10 13 -662904 0 10 -662904 0
gene 2 11 13 233397 0 11 233397 1
gene 4 12 13 156075 0 12 156075 1
gene 2 1 14 -448479 0 13 -448479 1
gene 2 2 14 319896 0 14 319896 1
gene 4 3 14 108315 0 15 108315 0
gene 4 4 14 320859 0 16 320859 0
gene 4 5 14 -264120 0 17 -264120 1
gene 3 6 14 -26055 0 18 -26055 0
gene 2 7 14 552614 0 19 552614 1
gene 1 8 14 -766572 0 20 -766572 0
gene 3 9 14 156561 0 21 156561 1
gene 1 10 14 -153483 0 22 -153483 1
gene 1 11 14 171288 0 23 171288 1
gene 4 12 14 489495 0 24 489495 1
gene 3 1 15 384945 0 25 384945 1
gene 3 2 15 -198330 0 26 -198330 1
gene 3 3 15 6213 0 27 6213 0
gene 3 4 15 -482508 0 28 -482508 1
gene 3 5 15 53826 0 29 53826 1
gene 1 6 15 -783855 0 30 -783855 1
gene 3 7 15 115143 0 31 115143 1
gene 3 8 15 -31098 0 32 -31098 1
gene 3 9 15 736788 0 33 736788 1
gene 3 10 15 263778 0 34 263778 0
gene 2 11 15 -53301 0 35 -53301 1
gene 4 12 15 -16500 0 36 -16500 0
gene 4 15 15 359640 1 174 359640 0
gene 3 8 121 -303213 0 329 -303213 0
gene 3 121 15 -294279 0 330 -294279 1
gene 2 5 121 758303 0 438 758303 1
gene 2 7 121 -70695 0 483 -70695 0
gene 4 4 235 -426030 0 666 -426030 1
gene 4 235 14 37110 0 667 37110 1
gene 1 1 235 -63342 0 753 -63342 1
gene 3 9 235 -546066 0 1108 -546066 1
gene 3 10 384 -203412 0 1126 -203412 1
gene 3 384 15 215826 0 1127 215826 1
gene 2 14 14 228141 1 1197 228141 1
gene 3 7 420 110547 0 1239 110547 0
gene 3 420 15 54882 0 1240 54882 0
gene 3 2 433 -298572 0 1284 -298572 1
gene 3 433 13 511575 0 1285 511575 1
gene 4 3 461 295704 0 1352 295704 1
gene 4 461 14 320631 0 1353 320631 1
gene 2 15 500 -46053 1 1453 -46053 1
gene 4 500 15 -14286 0 1454 -14286 1
gene 1 8 516 209541 0 1500 209541 1
gene 1 516 14 -199443 0 1501 -199443 1
gene 1 384 121 304605 0 1548 304605 1
gene 2 8 461 250989 0 1965 250989 1
gene 3 3 697 526226 0 2038 526226 1
gene 3 697 15 183264 0 2039 183264 1
gene 2 1 500 -283203 0 2133 -283203 1
gene 1 3 433 -130299 0 2628 -130299 1
gene 1 516 516 338748 1 2664 338748 1
gene 3 8 1018 143388 0 2997 143388 1
gene 3 1018 121 56580 0 2998 56580 0
gene 3 15 433 24951 0 3156 24951 1
gene 1 10 1130 -567489 0 3329 -567489 1
gene 1 1130 14 97473 0 3330 97473 1
gene 3 500 697 729819 0 3371 729819 1
gene 2 3 516 24165 0 3603 24165 0
gene 2 9 1323 225942 0 3885 225942 0
gene 2 1323 14 -208218 0 3886 -208218 0
gene 2 121 420 -51447 0 3959 -51447 1
gene 2 8 1393 -60003 0 4093 -60003 1
gene 2 1393 13 -338832 0 4094 -338832 1
gene 1 11 1479 -29001 0 4325 -29001 1
gene 1 1479 14 345042 0 4326 345042 1
gene 4 12 1531 57741 0 4477 57741 1
gene 4 1531 15 -330147 0 4478 -330147 1
gene 3 1393 433 -149001 0 4734 -149001 1
gene 2 1323 1683 -298929 0 4950 -298929 1
gene 2 1683 14 -742541 0 4951 -742541 1
gene 3 6 1735 755970 0 5103 755970 1
gene 3 1735 14 -645021 0 5104 -645021 1
gene 1 5 516 79329 0 5346 79329 1
gene 1 516 433 -452475 0 5443 -452475 1
gene 3 2 1875 -361917 0 5505 -361917 1
gene 3 1875 433 205164 0 5506 205164 1
gene 1 1683 461 -230319 0 5687 -230319 1
gene 1 516 121 -447813 0 5877 -447813 1
gene 3 3 2034 63201 0 5939 63201 1
gene 3 2034 697 93021 0 5940 93021 1
gene 3 5 1479 -467103 0 6157 -467103 1
gene 3 7 2142 478254 0 6248 478254 1
gene 3 2142 420 -69780 0 6249 -69780 1
gene 3 420 2172 494031 0 6332 494031 1
gene 3 2172 15 17598 0 6333 17598 1
gene 2 1735 1735 -105207 1 6388 -105207 1
gene 2 8 2206 -193863 0 6436 -193863 1
gene 2 2206 1393 219396 0 6437 219396 1
gene 2 121 2313 394182 0 6747 394182 1
gene 2 2313 420 -140814 0 6748 -140814 1
gene 2 9 2332 -387609 0 6797 -387609 1
gene 2 2332 1323 -294243 0 6798 -294243 1
gene 4 1323 2034 -464490 0 6848 -464490 1
gene 2 7 2368 -109467 0 6897 -109467 1
gene 2 2368 121 195639 0 6898 195639 1
gene 2 384 1531 800000 0 7018 800000 1
gene 2 2142 1018 -296619 0 7205 -296619 1
gene 3 2206 2034 -156429 0 7245 -156429 1
gene 2 7 2491 -128667 0 7283 -128667 1
gene 2 2491 2368 -178179 0 7284 -178179 1
gene 2 5 2512 -131106 0 7337 -131106 1
gene 2 2512 13 -187881 0 7338 -187881 1
gene 2 10 2530 198795 0 7387 198795 1
gene 2 2530 13 445812 0 7388 445812 1
gene 3 9 2547 405276 0 7440 405276 1
gene 3 2547 13 223959 0 7441 223959 1
gene 2 2530 1479 488904 0 7594 488904 1
gene 1 1479 2692 -52947 0 7856 -52947 1
gene 1 2692 14 360447 0 7857 360447 1
gene 3 4 1130 -233679 0 7980 -233679 1
gene 4 3 2786 -80130 0 8132 -80130 1
gene 4 2786 14 389325 0 8133 389325 1
gene 3 384 384 -179427 1 8429 -179427 1
gene 2 3 2915 65265 0 8516 65265 1
gene 2 2915 516 747612 0 8517 747612 1
gene 4 433 433 -328066 1 8562 -328066 1
gene 1 2786 1323 91620 0 8759 91620 1
gene 1 2491 420 -36268 0 8807 -36268 1
genomeend 16


/* Organism #24 Fitness: 230.000000 Time: 0 */
/* Position #24*/
#1 x: 84 y: 39
#2 x: 64 y: 17
#3 x: 64 y: 38
#4 x: 85 y: 80
#5 x: 16 y: 65
#6 x: 63 y: 82
genomestart 24
trait 1 100000.000000 16300.000000 0.000000 0.000000 45600.000000 0.000000 0.000000 0.000000 trait 2 2.000000 0.000000 0.000000 0.000000 83586.000000 0.000000 76024.000000 27694.000000 trait 3 0.000000 0.000000 0.000000 0.000000 0.000000 13538.000000 70969.000000 0.000000 trait 4 17399.000000 0.000000 11440.000000 97211.000000 0.000000 0.000000 2888.000000 37957.000000 node 1 4 1 3
node 2 4 1 1
node 3 1 1 1
node 4 1 1 1
node 5 1 1 1
node 6 2 1 1
node 7 4 1 1
node 8 4 1 1
node 9 2 1 1
node 10 1 1 1
node 11 1 1 1
node 12 4 1 1
node 13 2 0 2
node 14 1 0 2
node 15 3 0 2
node 121 1 0 0
node 235 1 0 0
node 384 1 0 0
node 420 1 0 0
node 433 1 0 0
node 461 1 0 0
node 500 1 0 0
node 516 1 0 0
node 697 1 0 0
node 1018 2 0 0
node 1130 1 0 0
node 1323 1 0 0
node 1393 1 0 0
node 1479 1 0 0
node 1531 1 0 0
node 1732 1 0 0
node 1844 1 0 0
node 2023 1 0 0
node 2035 1 0 0
node 2054 1 0 0
node 2076 1 0 0
node 2174 1 0 0
node 2292 1 0 0
node 2306 1 0 0
node 2374 1 0 0
node 2502 1 0 0
node 2593 1 0 0
node 2610 1 0 0
node 2865 1 0 0
gene 2 1 13 -282099 0 1 -282099 1
gene 3 2 13 238326 0 2 238326 1
gene 2 3 13 82008 0 3 82008 1
gene 3 4 13 795197 0 4 795197 1
gene 2 5 13 -257025 0 5 -257025 1
gene 4 6 13 -170580 0 6 -170580 1
gene 3 7 13 758637 0 7 758637 1
gene 2 8 13 -168621 0 8 -168621 0
gene 3 9 13 592809 0 9 592809 1
gene 2 10 13 74493 0 10 74493 1
gene 2 11 13 243186 0 11 243186 0
gene 4 12 13 -556263 0 12 -556263 1
gene 4 1 14 -800000 0 13 -800000 1
gene 2 2 14 -254277 0 14 -254277 0
gene 4 3 14 -131751 0 15 -131751 1
gene 4 4 14 22110 0 16 22110 0
gene 4 5 14 -312231 0 17 -312231 1
gene 3 6 14 -696596 0 18 -696596 1
gene 2 7 14 82653 0 19 82653 1
gene 1 8 14 52596 0 20 52596 1
gene 2 9 14 437349 0 21 437349 1
gene 1 10 14 -385911 0 22 -385911 0
gene 1 11 14 -385584 0 23 -385584 0
gene 4 12 14 -247767 0 24 -247767 1
gene 3 1 15 423168 0 25 423168 1
gene 3 2 15 -546947 0 26 -546947 1
gene 3 3 15 146955 0 27 146955 0
gene 3 4 15 -3677 0 28 -3677 1
gene 4 5 15 138549 0 29 138549 1
gene 1 6 15 157458 0 30 157458 1
gene 3 7 15 525618 0 31 525618 0
gene 3 8 15 -237135 0 32 -237135 1
gene 3 9 15 187209 0 33 187209 1
gene 3 10 15 195021 0 34 195021 0
gene 2 11 15 -304302 0 35 -304302 1
gene 4 12 15 650286 0 36 650286 0
gene 4 15 15 -105903 1 174 -105903 0
gene 3 8 121 543378 0 329 543378 0
gene 3 121 15 -80352 0 330 -80352 1
gene 2 5 121 800000 0 438 800000 1
gene 2 7 121 -44952 0 483 -44952 1
gene 4 4 235 278289 0 666 278289 1
gene 4 235 14 -303864 0 667 -303864 1
gene 1 1 235 -249480 0 753 -249480 1
gene 1 9 235 -46992 0 1108 -46992 1
gene 3 10 384 -800000 0 1126 -800000 1
gene 3 384 15 413877 0 1127 413877 0
gene 2 14 14 133533 1 1197 133533 0
gene 3 7 420 -260817 0 1239 -260817 1
gene 3 420 15 422106 0 1240 422106 1
gene 3 2 433 255522 0 1284 255522 1
gene 3 433 13 -79284 0 1285 -79284 1
gene 4 3 461 -257121 0 1352 -257121 1
gene 4 461 14 298305 0 1353 298305 0
gene 4 15 500 -323296 1 1453 -323296 1
gene 4 500 15 -333750 0 1454 -333750 1
gene 1 8 516 -519087 0 1500 -519087 1
gene 1 516 14 294528 0 1501 294528 1
gene 1 384 121 800000 0 1548 800000 1
gene 2 8 461 -278724 0 1965 -278724 1
gene 3 3 697 170802 0 2038 170802 1
gene 3 697 15 800000 0 2039 800000 1
gene 2 1 500 288519 0 2133 288519 1
gene 1 3 433 4689 0 2628 4689 1
gene 1 516 516 -348519 1 2664 -348519 1
gene 3 8 1018 -439143 0 2997 -439143 1
gene 2 1018 121 -800000 0 2998 -800000 1
gene 3 15 433 -124605 0 3156 -124605 1
gene 1 10 1130 -2439 0 3329 -2439 1
gene 1 1130 14 196269 0 3330 196269 1
gene 3 500 697 298887 0 3371 298887 1
gene 2 3 516 -102 0 3603 -102 1
gene 2 9 1323 192660 0 3885 192660 1
gene 2 1323 14 143754 0 3886 143754 1
gene 2 121 420 -613863 0 3959 -613863 1
gene 2 8 1393 103176 0 4093 103176 1
gene 2 1393 13 -144228 0 4094 -144228 0
gene 1 11 1479 -185460 0 4325 -185460 1
gene 4 1479 14 569390 0 4326 569390 1
gene 4 12 1531 -289371 0 4477 -289371 1
gene 4 1531 15 290886 0 4478 290886 1
gene 2 1323 420 85179 0 4676 85179 0
gene 3 500 1479 -95982 0 4897 -95982 1
gene 4 461 461 64914 1 4980 64914 1
gene 2 121 1732 -151344 0 5095 -151344 1
gene 1 1732 420 181743 0 5096 181743 1
gene 1 384 500 193017 0 5133 193017 1
gene 2 15 14 -73521 0 5180 -73521 0
gene 4 6 1130 -718755 0 5368 -718755 1
gene 3 10 1844 -223398 0 5409 -223398 1
gene 3 1844 384 -54930 0 5410 -54930 1
gene 2 2 2023 -119583 0 5908 -119583 1
gene 1 2023 14 74655 0 5909 74655 1
gene 2 1393 2035 202077 0 5942 202077 1
gene 2 2035 13 -92970 0 5943 -92970 1
gene 4 461 2054 229308 0 5995 229308 1
gene 4 2054 14 -57201 0 5996 -57201 1
gene 4 461 2076 331161 0 6055 331161 1
gene 4 2076 2054 120951 0 6056 120951 1
gene 2 11 2174 334707 0 6336 334707 1
gene 2 2174 13 800000 0 6337 800000 1
gene 2 1393 2292 444201 0 6690 444201 1
gene 2 2292 2035 189261 0 6691 189261 1
gene 4 12 2306 423522 0 6730 423522 1
gene 4 2306 13 151851 0 6731 151851 1
gene 2 15 2374 -182571 0 6914 -182571 1
gene 2 2374 14 -573027 0 6915 -573027 1
gene 4 500 2502 -576732 0 7309 -576732 1
gene 4 2502 15 137925 0 7310 137925 1
gene 4 15 461 527256 0 7483 527256 1
gene 3 433 433 115842 1 7529 115842 1
gene 1 384 2593 66612 0 7577 66612 1
gene 1 2593 121 -340983 0 7578 -340983 1
gene 2 14 2610 147846 1 7624 147846 1
gene 2 2610 14 -465780 0 7625 -465780 1
gene 4 1844 2306 249000 0 7943 249000 1
gene 1 420 1531 54072 0 8141 54072 1
gene 4 1130 2502 338089 0 8221 338089 1
gene 2 1323 2865 404584 0 8359 404584 1
gene 2 2865 420 203286 0 8360 203286 1
gene 4 420 2054 6195 0 8445 6195 1
gene 1 13 1844 248025 1 8573 248025 1
gene 3 2865 2865 -96401 1 8606 -96401 1
gene 3 6 420 -67660 0 8646 -67660 1
gene 4 1844 697 -23556 0 8772 -23556 1
gene 4 235 235 -90167 1 8813 -90167 1
genomeend 24


/* Organism #29 Fitness: 230.000000 Time: 0 */
/* Position #29*/
#1 x: 24 y: 29
#2 x: 61 y: 37
#3 x: 47 y: 19
#4 x: 28 y: 70
#5 x: 48 y: 72
#6 x: 42 y: 68
genomestart 29
trait 1 71503.000000 52572.000000 0.000000 48265.000000 0.000000 0.000000 100000.000000 393.000000 trait 2 2.000000 0.000000 0.000000 0.000000 0.000000 0.000000 0.000000 0.000000 trait 3 0.000000 0.000000 0.000000 51304.000000 0.000000 13538.000000 70969.000000 30146.000000 trait 4 4.000000 0.000000 0.000000 36940.000000 86671.000000 0.000000 0.000000 37957.000000 node 1 4 1 3
node 2 4 1 1
node 3 1 1 1
node 4 2 1 1
node 5 1 1 1
node 6 2 1 1
node 7 4 1 1
node 8 4 1 1
node 9 2 1 1
node 10 1 1 1
node 11 2 1 1
node 12 4 1 1
node 13 2 0 2
node 14 1 0 2
node 15 3 0 2
node 121 1 0 0
node 235 1 0 0
node 384 1 0 0
node 420 1 0 0
node 433 1 0 0
node 461 1 0 0
node 500 1 0 0
node 516 1 0 0
node 697 1 0 0
node 1018 1 0 0
node 1130 1 0 0
node 1323 3 0 0
node 1393 1 0 0
node 1479 1 0 0
node 1531 4 0 0
node 1683 1 0 0
node 1735 1 0 0
node 1875 1 0 0
node 1975 1 0 0
node 2022 1 0 0
node 2179 1 0 0
node 2295 1 0 0
node 2794 1 0 0
gene 2 1 13 95268 0 1 95268 1
gene 3 2 13 -393009 0 2 -393009 1
gene 2 3 13 -75084 0 3 -75084 1
gene 3 4 13 263742 0 4 263742 1
gene 2 5 13 -800000 0 5 -800000 1
gene 4 6 13 84609 0 6 84609 1
gene 3 7 13 284766 0 7 284766 1
gene 2 8 13 -32538 0 8 -32538 0
gene 3 9 13 534015 0 9 534015 1
gene 2 10 13 198267 0 10 198267 1
gene 2 11 13 -132432 0 11 -132432 1
gene 4 12 13 -250863 0 12 -250863 1
gene 2 1 14 562532 0 13 562532 1
gene 2 2 14 76572 0 14 76572 1
gene 4 3 14 500343 0 15 500343 1
gene 4 4 14 800000 0 16 800000 0
gene 4 5 14 270135 0 17 270135 1
gene 3 6 14 -35942 0 18 -35942 0
gene 2 7 14 -443357 0 19 -443357 1
gene 1 8 14 -208713 0 20 -208713 0
gene 3 9 14 226509 0 21 226509 1
gene 1 10 14 -568965 0 22 -568965 1
gene 1 11 14 -377486 0 23 -377486 1
gene 4 12 14 -139962 0 24 -139962 1
gene 3 1 15 -507372 0 25 -507372 1
gene 3 2 15 -291096 0 26 -291096 1
gene 3 3 15 -50472 0 27 -50472 0
gene 3 4 15 85221 0 28 85221 1
gene 3 5 15 -227112 0 29 -227112 1
gene 1 6 15 -586506 0 30 -586506 0
gene 3 7 15 481054 0 31 481054 0
gene 3 8 15 -659258 0 32 -659258 1
gene 3 9 15 24228 0 33 24228 1
gene 3 10 15 524724 0 34 524724 0
gene 2 11 15 301689 0 35 301689 1
gene 4 12 15 -238695 0 36 -238695 0
gene 4 15 15 667665 1 174 667665 0
gene 3 8 121 -167910 0 329 -167910 0
gene 3 121 15 -213798 0 330 -213798 1
gene 2 5 121 -353460 0 438 -353460 1
gene 2 7 121 -725073 0 483 -725073 1
gene 4 4 235 -108141 0 666 -108141 1
gene 4 235 14 74908 0 667 74908 1
gene 1 1 235 444651 0 753 444651 1
gene 1 9 235 15672 0 1108 15672 1
gene 3 10 384 -226560 0 1126 -226560 1
gene 3 384 15 -368568 0 1127 -368568 0
gene 2 14 14 155088 1 1197 155088 0
gene 3 7 420 -124734 0 1239 -124734 1
gene 3 420 15 164514 0 1240 164514 1
gene 3 2 433 71934 0 1284 71934 0
gene 3 433 13 -571629 0 1285 -571629 1
gene 4 3 461 200400 0 1352 200400 1
gene 4 461 14 -271182 0 1353 -271182 1
gene 4 15 500 -22506 1 1453 -22506 1
gene 4 500 15 -800000 0 1454 -800000 0
gene 1 8 516 -118146 0 1500 -118146 1
gene 1 516 14 -403242 0 1501 -403242 1
gene 1 384 121 44664 0 1548 44664 1
gene 2 8 461 -368397 0 1965 -368397 1
gene 3 3 697 754548 0 2038 754548 1
gene 2 697 15 -126804 0 2039 -126804 1
gene 2 1 500 95928 0 2133 95928 1
gene 1 3 433 140619 0 2628 140619 1
gene 1 516 516 -408681 1 2664 -408681 1
gene 3 8 1018 -552633 0 2997 -552633 1
gene 3 1018 121 -82473 0 2998 -82473 0
gene 3 15 433 181515 0 3156 181515 1
gene 1 10 1130 189951 0 3329 189951 1
gene 1 1130 14 115905 0 3330 115905 1
gene 3 500 697 -83334 0 3371 -83334 1
gene 2 3 516 64426 0 3603 64426 1
gene 2 9 1323 223734 0 3885 223734 1
gene 2 1323 14 -267423 0 3886 -267423 0
gene 4 121 420 -6660 0 3959 -6660 1
gene 2 8 1393 324552 0 4093 324552 1
gene 2 1393 13 523065 0 4094 523065 0
gene 1 11 1479 26919 0 4325 26919 1
gene 1 1479 14 407775 0 4326 407775 1
gene 4 12 1531 145446 0 4477 145446 1
gene 4 1531 15 303606 0 4478 303606 0
gene 3 1393 433 28071 0 4734 28071 1
gene 2 1323 1683 -168774 0 4950 -168774 1
gene 2 1683 14 203166 0 4951 203166 1
gene 3 6 1735 -234171 0 5103 -234171 1
gene 3 1735 14 346797 0 5104 346797 0
gene 1 5 516 -52692 0 5346 -52692 1
gene 1 516 433 -531021 0 5443 -531021 1
gene 3 2 1875 -798144 0 5505 -798144 1
gene 3 1875 433 -413940 0 5506 -413940 1
gene 1 1683 461 -800000 0 5687 -800000 1
gene 1 6 1975 601455 0 5780 601455 1
gene 1 1975 15 85170 0 5781 85170 1
gene 4 1531 2022 -561942 0 5905 -561942 1
gene 4 2022 15 -789639 0 5906 -789639 1
gene 3 121 1875 387792 0 5987 387792 1
gene 1 1683 1393 -202146 0 6232 -202146 1
gene 4 500 2179 -86454 0 6351 -86454 1
gene 4 2179 15 13701 0 6352 13701 1
gene 3 12 2179 517662 0 6539 517662 1
gene 1 1975 1975 -297891 1 6578 -297891 1
gene 2 14 2295 -118362 1 6699 -118362 1
gene 2 2295 14 -79941 0 6700 -79941 1
gene 4 4 433 584571 0 7064 584571 1
gene 3 12 235 -33678 0 7098 -33678 1
gene 1 384 384 -52989 1 7242 -52989 1
gene 2 500 500 68124 1 7740 68124 1
gene 2 1393 2794 61974 0 8152 61974 1
gene 2 2794 13 -355356 0 8153 -355356 1
gene 1 1323 1531 -209478 0 8182 -209478 1
gene 4 235 697 -39488 0 8782 -39488 1
genomeend 29


/* Organism #43 Fitness: 200.000000 Time: 0 */
/* Position #43*/
#1 x: 36 y: 30
#2 x: 77 y: 32
#3 x: 36 y: 18
#4 x: 85 y: 68
#5 x: 68 y: 64
#6 x: 78 y: 79
genomestart 43
trait 1 43007.000000 16300.000000 6994.000000 28041.000000 57524.000000 37112.000000 87908.000000 80535.000000 trait 2 2.000000 0.000000 0.000000 0.000000 0.000000 0.000000 0.000000 0.000000 trait 3 0.000000 0.000000 0.000000 51304.000000 0.000000 13538.000000 70969.000000 30146.000000 trait 4 4.000000 0.000000 0.000000 36940.000000 0.000000 0.000000 43316.000000 37957.000000 node 1 4 1 3
node 2 4 1 1
node 3 1 1 1
node 4 1 1 1
node 5 1 1 1
node 6 2 1 1
node 7 4 1 1
node 8 4 1 1
node 9 2 1 1
node 10 1 1 1
node 11 2 1 1
node 12 4 1 1
node 13 2 0 2
node 14 1 0 2
node 15 3 0 2
node 121 1 0 0
node 235 1 0 0
node 384 1 0 0
node 420 1 0 0
node 433 1 0 0
node 461 1 0 0
node 500 1 0 0
node 516 1 0 0
node 697 3 0 0
node 1018 1 0 0
node 1130 1 0 0
node 1323 3 0 0
node 1393 1 0 0
node 1479 1 0 0
node 1531 4 0 0
node 1683 1 0 0
node 1735 1 0 0
node 1875 3 0 0
node 2034 2 0 0
node 2142 1 0 0
node 2172 1 0 0
node 2206 1 0 0
node 2313 2 0 0
node 2332 1 0 0
node 2368 1 0 0
node 2412 1 0 0
node 2430 1 0 0
node 2481 1 0 0
node 2494 1 0 0
node 2768 1 0 0
node 2783 1 0 0
node 2799 1 0 0
node 2880 1 0 0
gene 2 1 13 119697 0 1 119697 1
gene 3 2 13 743039 0 2 743039 1
gene 2 3 13 40575 0 3 40575 1
gene 3 4 13 -371913 0 4 -371913 1
gene 2 5 13 -222225 0 5 -222225 1
gene 4 6 13 13560 0 6 13560 1
gene 3 7 13 -286965 0 7 -286965 1
gene 2 8 13 -288894 0 8 -288894 0
gene 3 9 13 -297519 0 9 -297519 1
gene 2 10 13 -272598 0 10 -272598 0
gene 2 11 13 -183414 0 11 -183414 0
gene 4 12 13 -362523 0 12 -362523 1
gene 2 1 14 800000 0 13 800000 1
gene 2 2 14 276105 0 14 276105 1
gene 4 3 14 549417 0 15 549417 1
gene 4 4 14 -325509 0 16 -325509 0
gene 4 5 14 6108 0 17 6108 1
gene 3 6 14 -360912 0 18 -360912 0
gene 2 7 14 117039 0 19 117039 1
gene 1 8 14 51828 0 20 51828 0
gene 3 9 14 266454 0 21 266454 1
gene 1 10 14 280350 0 22 280350 1
gene 1 11 14 -107802 0 23 -107802 1
gene 4 12 14 13911 0 24 13911 0
gene 3 1 15 -800000 0 25 -800000 1
gene 3 2 15 145602 0 26 145602 1
gene 3 3 15 448662 0 27 448662 0
gene 3 4 15 -256650 0 28 -256650 1
gene 3 5 15 307491 0 29 307491 1
gene 1 6 15 -49170 0 30 -49170 1
gene 3 7 15 -800000 0 31 -800000 0
gene 3 8 15 187554 0 32 187554 0
gene 3 9 15 -289872 0 33 -289872 0
gene 3 10 15 -401697 0 34 -401697 0
gene 2 11 15 313767 0 35 313767 1
gene 4 12 15 -142962 0 36 -142962 0
gene 4 15 15 147501 1 174 147501 0
gene 3 8 121 345114 0 329 345114 0
gene 3 121 15 19377 0 330 19377 1
gene 2 5 121 170466 0 438 170466 1
gene 2 7 121 -444564 0 483 -444564 0
gene 4 4 235 78750 0 666 78750 1
gene 4 235 14 136173 0 667 136173 1
gene 1 1 235 739341 0 753 739341 1
gene 1 9 235 167082 0 1108 167082 1
gene 3 10 384 335847 0 1126 335847 1
gene 3 384 15 79704 0 1127 79704 0
gene 2 14 14 -426453 1 1197 -426453 0
gene 3 7 420 91723 0 1239 91723 0
gene 3 420 15 128979 0 1240 128979 0
gene 3 2 433 -741291 0 1284 -741291 0
gene 3 433 13 -282762 0 1285 -282762 1
gene 4 3 461 200295 0 1352 200295 1
gene 4 461 14 115548 0 1353 115548 1
gene 4 15 500 -203070 1 1453 -203070 1
gene 4 500 15 -12102 0 1454 -12102 1
gene 1 8 516 63378 0 1500 63378 1
gene 1 516 14 -127332 0 1501 -127332 1
gene 1 384 121 -259554 0 1548 -259554 1
gene 2 8 461 -243681 0 1965 -243681 1
gene 3 3 697 -30408 0 2038 -30408 0
gene 3 697 15 -141666 0 2039 -141666 1
gene 2 1 500 -270108 0 2133 -270108 1
gene 1 3 433 93402 0 2628 93402 1
gene 1 516 516 -31785 1 2664 -31785 1
gene 3 8 1018 -284001 0 2997 -284001 1
gene 3 1018 121 -350946 0 2998 -350946 0
gene 3 15 433 43032 0 3156 43032 1
gene 1 10 1130 -294731 0 3329 -294731 1
gene 1 1130 14 -387159 0 3330 -387159 1
gene 3 500 697 -35748 0 3371 -35748 1
gene 2 3 516 -127599 0 3603 -127599 1
gene 2 9 1323 -800000 0 3885 -800000 0
gene 2 1323 14 -39795 0 3886 -39795 0
gene 2 121 420 138873 0 3959 138873 0
gene 2 8 1393 605205 0 4093 605205 0
gene 2 1393 13 -89829 0 4094 -89829 1
gene 1 11 1479 -124233 0 4325 -124233 1
gene 1 1479 14 226983 0 4326 226983 1
gene 4 12 1531 630708 0 4477 630708 1
gene 4 1531 15 98973 0 4478 98973 1
gene 3 1393 433 -152379 0 4734 -152379 1
gene 2 1323 1683 321573 0 4950 321573 1
gene 2 1683 14 196284 0 4951 196284 1
gene 3 6 1735 260805 0 5103 260805 1
gene 3 1735 14 -578849 0 5104 -578849 1
gene 1 5 516 -219438 0 5346 -219438 1
gene 1 516 433 -127185 0 5443 -127185 1
gene 3 2 1875 -84813 0 5505 -84813 1
gene 3 1875 433 -269337 0 5506 -269337 1
gene 1 1683 461 93369 0 5687 93369 1
gene 1 516 121 -483243 0 5877 -483243 1
gene 3 3 2034 66726 0 5939 66726 1
gene 3 2034 697 649935 0 5940 649935 1
gene 3 5 1479 -81201 0 6157 -81201 1
gene 3 7 2142 226155 0 6248 226155 1
gene 3 2142 420 -60438 0 6249 -60438 1
gene 3 420 2172 -440157 0 6332 -440157 1
gene 3 2172 15 61239 0 6333 61239 1
gene 2 1735 1735 293148 1 6388 293148 1
gene 2 8 2206 -106694 0 6436 -106694 0
gene 2 2206 1393 376698 0 6437 376698 1
gene 2 121 2313 234960 0 6747 234960 0
gene 2 2313 420 479457 0 6748 479457 1
gene 2 9 2332 -311505 0 6797 -311505 1
gene 2 2332 1323 92118 0 6798 92118 1
gene 4 1323 2034 -168591 0 6848 -168591 1
gene 2 7 2368 800000 0 6897 800000 1
gene 2 2368 121 445287 0 6898 445287 1
gene 3 8 2412 -6426 0 7028 -6426 1
gene 3 2412 15 548154 0 7029 548154 1
gene 2 8 2430 28962 0 7088 28962 1
gene 2 2430 2206 -367208 0 7089 -367208 1
gene 2 121 2481 -149118 0 7252 -149118 1
gene 2 2481 2313 -169329 0 7253 -169329 1
gene 3 9 2494 398487 0 7292 398487 1
gene 3 2494 15 341769 0 7293 341769 1
gene 2 1479 384 -71313 0 7389 -71313 1
gene 2 121 2142 -134715 0 7445 -134715 1
gene 2 6 433 165594 0 7711 165594 1
gene 2 14 2768 -334986 1 8077 -334986 1
gene 2 2768 14 -28857 0 8078 -28857 1
gene 2 10 2783 -542736 0 8123 -542736 1
gene 2 2783 13 -322860 0 8124 -322860 1
gene 2 11 2799 -308187 0 8166 -308187 1
gene 2 2799 13 -617547 0 8167 -617547 1
gene 4 12 2880 690021 0 8396 690021 1
gene 4 2880 14 -327654 0 8397 -327654 1
gene 2 500 235 22050 0 8692 22050 1
gene 2 2332 2783 -19508 0 8834 -19508 1
genomeend 43


/* Organism #56 Fitness: 220.000000 Time: 0 */
/* Position #56*/
#1 x: 16 y: 30
#2 x: 52 y: 19
#3 x: 77 y: 28
#4 x: 16 y: 61
#5 x: 78 y: 66
#6 x: 83 y: 76
genomestart 56
trait 1 100000.000000 16300.000000 0.000000 0.000000 45600.000000 0.000000 0.000000 0.000000 trait 2 2.000000 0.000000 0.000000 0.000000 83586.000000 0.000000 76024.000000 27694.000000 trait 3 0.000000 0.000000 0.000000 0.000000 0.000000 13538.000000 70969.000000 0.000000 trait 4 0.000000 0.000000 11440.000000 97211.000000 0.000000 18241.000000 2888.000000 100000.000000 node 1 4 1 3
node 2 4 1 1
node 3 1 1 1
node 4 1 1 1
node 5 1 1 1
node 6 2 1 1
node 7 4 1 1
node 8 4 1 1
node 9 2 1 1
node 10 1 1 1
node 11 1 1 1
node 12 4 1 1
node 13 2 0 2
node 14 1 0 2
node 15 3 0 2
node 121 1 0 0
node 235 1 0 0
node 384 1 0 0
node 420 1 0 0
node 433 1 0 0
node 461 1 0 0
node 500 1 0 0
node 516 1 0 0
node 697 1 0 0
node 1018 2 0 0
node 1130 1 0 0
node 1323 1 0 0
node 1393 1 0 0
node 1479 1 0 0
node 1531 1 0 0
node 1732 1 0 0
node 1844 1 0 0
node 2023 1 0 0
node 2035 1 0 0
node 2054 1 0 0
node 2076 1 0 0
node 2174 1 0 0
node 2292 1 0 0
node 2306 1 0 0
node 2374 1 0 0
node 2502 1 0 0
node 2593 1 0 0
node 2610 1 0 0
node 2742 1 0 0
node 2763 1 0 0
gene 2 1 13 800000 0 1 800000 1
gene 3 2 13 739211 0 2 739211 1
gene 2 3 13 -329640 0 3 -329640 1
gene 3 4 13 -125175 0 4 -125175 1
gene 2 5 13 431718 0 5 431718 1
gene 4 6 13 344382 0 6 344382 1
gene 3 7 13 794493 0 7 794493 1
gene 2 8 13 59859 0 8 59859 0
gene 3 9 13 -29985 0 9 -29985 1
gene 2 10 13 772622 0 10 772622 1
gene 2 11 13 -337344 0 11 -337344 0
gene 4 12 13 26058 0 12 26058 0
gene 4 1 14 -48984 0 13 -48984 1
gene 2 2 14 -430314 0 14 -430314 0
gene 4 3 14 -228030 0 15 -228030 1
gene 4 4 14 -162339 0 16 -162339 0
gene 4 5 14 -322047 0 17 -322047 1
gene 3 6 14 527142 0 18 527142 1
gene 2 7 14 -197568 0 19 -197568 1
gene 1 8 14 -329538 0 20 -329538 1
gene 2 9 14 350814 0 21 350814 0
gene 1 10 14 -36480 0 22 -36480 0
gene 1 11 14 -36633 0 23 -36633 0
gene 4 12 14 -462215 0 24 -462215 1
gene 3 1 15 -396171 0 25 -396171 1
gene 3 2 15 143133 0 26 143133 1
gene 3 3 15 -267045 0 27 -267045 0
gene 3 4 15 68028 0 28 68028 1
gene 3 5 15 -276578 0 29 -276578 1
gene 1 6 15 418863 0 30 418863 1
gene 3 7 15 469412 0 31 469412 0
gene 3 8 15 277275 0 32 277275 1
gene 3 9 15 -625562 0 33 -625562 1
gene 3 10 15 -183015 0 34 -183015 0
gene 2 11 15 494553 0 35 494553 1
gene 4 12 15 -184269 0 36 -184269 0
gene 4 15 15 314997 1 174 314997 0
gene 3 8 121 699237 0 329 699237 0
gene 3 121 15 -363357 0 330 -363357 1
gene 2 5 121 -381234 0 438 -381234 1
gene 2 7 121 -504243 0 483 -504243 1
gene 4 4 235 -16692 0 666 -16692 1
gene 4 235 14 48672 0 667 48672 1
gene 1 1 235 210630 0 753 210630 1
gene 1 9 235 -143013 0 1108 -143013 1
gene 3 10 384 -305709 0 1126 -305709 1
gene 3 384 15 3312 0 1127 3312 0
gene 2 14 14 -451269 1 1197 -451269 0
gene 3 7 420 93450 0 1239 93450 1
gene 3 420 15 291879 0 1240 291879 1
gene 3 2 433 361818 0 1284 361818 1
gene 3 433 13 -761381 0 1285 -761381 1
gene 4 3 461 348107 0 1352 348107 1
gene 4 461 14 -310434 0 1353 -310434 0
gene 4 15 500 -699050 1 1453 -699050 0
gene 4 500 15 -55524 0 1454 -55524 1
gene 1 8 516 348708 0 1500 348708 1
gene 1 516 14 411954 0 1501 411954 1
gene 1 384 121 -451332 0 1548 -451332 0
gene 2 8 461 19725 0 1965 19725 1
gene 3 3 697 -335031 0 2038 -335031 1
gene 3 697 15 108312 0 2039 108312 1
gene 2 1 500 -310830 0 2133 -310830 1
gene 1 3 433 431075 0 2628 431075 1
gene 1 516 516 444159 1 2664 444159 1
gene 3 8 1018 -400482 0 2997 -400482 1
gene 3 1018 121 23291 0 2998 23291 1
gene 3 15 433 -17451 0 3156 -17451 1
gene 1 10 1130 -470172 0 3329 -470172 1
gene 1 1130 14 689588 0 3330 689588 1
gene 3 500 697 -229005 0 3371 -229005 1
gene 2 3 516 -196638 0 3603 -196638 1
gene 2 9 1323 -741971 0 3885 -741971 1
gene 2 1323 14 119583 0 3886 119583 1
gene 2 121 420 -198519 0 3959 -198519 1
gene 2 8 1393 -685371 0 4093 -685371 1
gene 2 1393 13 464145 0 4094 464145 0
gene 1 11 1479 -522381 0 4325 -522381 1
gene 4 1479 14 -320040 0 4326 -320040 1
gene 4 12 1531 129216 0 4477 129216 1
gene 4 1531 15 -800000 0 4478 -800000 1
gene 2 1323 420 38685 0 4676 38685 1
gene 3 500 1479 -356135 0 4897 -356135 1
gene 4 461 461 -294132 1 4980 -294132 1
gene 2 121 1732 -319362 0 5095 -319362 1
gene 1 1732 420 -308991 0 5096 -308991 1
gene 1 384 500 800000 0 5133 800000 1
gene 2 15 14 -607016 0 5180 -607016 0
gene 4 6 1130 410795 0 5368 410795 1
gene 3 10 1844 75396 0 5409 75396 1
gene 3 1844 384 -152871 0 5410 -152871 1
gene 2 2 2023 700047 0 5908 700047 1
gene 1 2023 14 -206823 0 5909 -206823 1
gene 2 1393 2035 -212223 0 5942 -212223 0
gene 2 2035 13 83262 0 5943 83262 1
gene 4 461 2054 -177591 0 5995 -177591 1
gene 4 2054 14 214353 0 5996 214353 1
gene 4 461 2076 -45240 0 6055 -45240 1
gene 4 2076 2054 -343227 0 6056 -343227 1
gene 2 11 2174 800000 0 6336 800000 1
gene 2 2174 13 -35646 0 6337 -35646 1
gene 2 1393 2292 -587982 0 6690 -587982 1
gene 2 2292 2035 20793 0 6691 20793 1
gene 4 12 2306 319476 0 6730 319476 1
gene 4 2306 13 62331 0 6731 62331 0
gene 2 15 2374 -150393 0 6914 -150393 1
gene 2 2374 14 254037 0 6915 254037 1
gene 4 500 2502 -369498 0 7309 -369498 1
gene 4 2502 15 -312204 0 7310 -312204 1
gene 4 15 461 59229 0 7483 59229 1
gene 3 433 433 -140769 1 7529 -140769 1
gene 1 384 2593 -630246 0 7577 -630246 1
gene 1 2593 121 -68202 0 7578 -68202 1
gene 2 14 2610 -474642 1 7624 -474642 0
gene 2 2610 14 -89160 0 7625 -89160 1
gene 4 2306 420 520890 0 7889 520890 1
gene 2 1018 384 -143910 0 7964 -143910 1
gene 4 2306 2742 93162 0 8009 93162 1
gene 4 2742 13 213114 0 8010 213114 1
gene 4 15 2763 -253440 1 8064 -253440 1
gene 4 2763 500 165969 0 8065 165969 1
gene 3 8 2502 -53592 0 8110 -53592 1
gene 1 1844 2502 292023 0 8442 292023 1
gene 2 1 1531 -800000 0 8572 -800000 1
genomeend 56


/* Organism #62 Fitness: 230.000000 Time: 0 */
/* Position #62*/
#1 x: 22 y: 31
#2 x: 38 y: 29
#3 x: 26 y: 40
#4 x: 23 y: 76
#5 x: 22 y: 82
#6 x: 66 y: 83
genomestart 62
trait 1 43007.000000 16300.000000 6994.000000 28041.000000 57524.000000 37112.000000 87908.000000 80535.000000 trait 2 2.000000 0.000000 0.000000 0.000000 0.000000 0.000000 0.000000 0.000000 trait 3 0.000000 83419.000000 0.000000 65858.000000 0.000000 0.000000 100000.000000 41343.000000 trait 4 4.000000 0.000000 0.000000 36940.000000 0.000000 0.000000 43316.000000 37957.000000 node 1 4 1 3
node 2 4 1 1
node 3 1 1 1
node 4 1 1 1
node 5 1 1 1
node 6 2 1 1
node 7 4 1 1
node 8 4 1 1
node 9 2 1 1
node 10 1 1 1
node 11 2 1 1
node 12 4 1 1
node 13 2 0 2
node 14 1 0 2
node 15 3 0 2
node 121 1 0 0
node 235 1 0 0
node 384 1 0 0
node 420 1 0 0
node 433 1 0 0
node 461 1 0 0
node 500 1 0 0
node 516 1 0 0
node 697 3 0 0
node 1018 1 0 0
node 1130 1 0 0
node 1323 3 0 0
node 1393 1 0 0
node 1479 1 0 0
node 1531 3 0 0
node 1683 1 0 0
node 1735 1 0 0
node 1875 1 0 0
node 2034 1 0 0
node 2142 1 0 0
node 2172 1 0 0
node 2206 1 0 0
node 2313 1 0 0
node 2332 1 0 0
node 2368 1 0 0
node 2491 1 0 0
node 2512 1 0 0
node 2530 1 0 0
node 2547 1 0 0
node 2692 1 0 0
node 2786 1 0 0
node 2912 1 0 0
gene 2 1 13 377562 0 1 377562 1
gene 3 2 13 -718100 0 2 -718100 1
gene 2 3 13 -170181 0 3 -170181 1
gene 3 4 13 129899 0 4 129899 1
gene 2 5 13 4179 0 5 4179 0
gene 4 6 13 162522 0 6 162522 1
gene 3 7 13 -26619 0 7 -26619 1
gene 2 8 13 202506 0 8 202506 0
gene 3 9 13 -236352 0 9 -236352 1
gene 2 10 13 -114507 0 10 -114507 0
gene 2 11 13 97578 0 11 97578 1
gene 4 12 13 -38367 0 12 -38367 1
gene 2 1 14 -171090 0 13 -171090 1
gene 2 2 14 276237 0 14 276237 1
gene 4 3 14 -65607 0 15 -65607 0
gene 4 4 14 74907 0 16 74907 0
gene 4 5 14 474741 0 17 474741 1
gene 3 6 14 -216984 0 18 -216984 0
gene 2 7 14 -619338 0 19 -619338 1
gene 1 8 14 -3276 0 20 -3276 0
gene 3 9 14 99921 0 21 99921 1
gene 1 10 14 54270 0 22 54270 1
gene 1 11 14 -175710 0 23 -175710 1
gene 4 12 14 -26151 0 24 -26151 1
gene 3 1 15 -129432 0 25 -129432 1
gene 3 2 15 -136791 0 26 -136791 1
gene 3 3 15 298557 0 27 298557 0
gene 3 4 15 186927 0 28 186927 1
gene 3 5 15 -4947 0 29 -4947 1
gene 1 6 15 -653796 0 30 -653796 1
gene 3 7 15 -124215 0 31 -124215 1
gene 3 8 15 -552204 0 32 -552204 1
gene 3 9 15 -256308 0 33 -256308 1
gene 3 10 15 410649 0 34 410649 0
gene 2 11 15 -411117 0 35 -411117 1
gene 4 12 15 -307029 0 36 -307029 0
gene 4 15 15 674709 1 174 674709 0
gene 3 8 121 241263 0 329 241263 0
gene 3 121 15 -273948 0 330 -273948 1
gene 2 5 121 -497805 0 438 -497805 1
gene 2 7 121 84774 0 483 84774 0
gene 4 4 235 78663 0 666 78663 1
gene 4 235 14 -800000 0 667 -800000 1
gene 1 1 235 426579 0 753 426579 1
gene 3 9 235 34359 0 1108 34359 1
gene 3 10 384 16276 0 1126 16276 1
gene 3 384 15 -13881 0 1127 -13881 1
gene 2 14 14 8841 1 1197 8841 1
gene 3 7 420 -286413 0 1239 -286413 0
gene 3 420 15 303132 0 1240 303132 0
gene 3 2 433 667929 0 1284 667929 1
gene 3 433 13 -127203 0 1285 -127203 1
gene 4 3 461 -321006 0 1352 -321006 1
gene 4 461 14 -254724 0 1353 -254724 1
gene 4 15 500 -112014 1 1453 -112014 1
gene 4 500 15 559008 0 1454 559008 0
gene 1 8 516 361221 0 1500 361221 1
gene 1 516 14 689859 0 1501 689859 1
gene 1 384 121 -800000 0 1548 -800000 1
gene 2 8 461 -186 0 1965 -186 1
gene 3 3 697 364920 0 2038 364920 1
gene 3 697 15 295854 0 2039 295854 1
gene 2 1 500 -170511 0 2133 -170511 1
gene 1 3 433 -229158 0 2628 -229158 1
gene 1 516 516 709173 1 2664 709173 1
gene 3 8 1018 106956 0 2997 106956 1
gene 3 1018 121 54236 0 2998 54236 0
gene 3 15 433 341907 0 3156 341907 1
gene 1 10 1130 -270420 0 3329 -270420 1
gene 1 1130 14 -78726 0 3330 -78726 1
gene 3 500 697 228963 0 3371 228963 1
gene 2 3 516 222261 0 3603 222261 1
gene 2 9 1323 -800000 0 3885 -800000 0
gene 2 1323 14 268515 0 3886 268515 0
gene 2 121 420 -400524 0 3959 -400524 1
gene 2 8 1393 -183567 0 4093 -183567 1
gene 2 1393 13 -81900 0 4094 -81900 1
gene 1 11 1479 -87468 0 4325 -87468 1
gene 1 1479 14 150930 0 4326 150930 1
gene 4 12 1531 -67341 0 4477 -67341 1
gene 4 1531 15 -213261 0 4478 -213261 1
gene 3 1393 433 -339588 0 4734 -339588 1
gene 2 1323 1683 -738947 0 4950 -738947 1
gene 2 1683 14 -121167 0 4951 -121167 1
gene 3 6 1735 398337 0 5103 398337 1
gene 3 1735 14 177135 0 5104 177135 1
gene 1 5 516 274908 0 5346 274908 1
gene 1 516 433 -800000 0 5443 -800000 1
gene 3 2 1875 180243 0 5505 180243 1
gene 3 1875 433 -19050 0 5506 -19050 1
gene 1 1683 461 -517377 0 5687 -517377 1
gene 1 516 121 -121533 0 5877 -121533 1
gene 3 3 2034 281010 0 5939 281010 1
gene 3 2034 697 -131352 0 5940 -131352 1
gene 3 5 1479 455769 0 6157 455769 1
gene 3 7 2142 204414 0 6248 204414 1
gene 3 2142 420 175146 0 6249 175146 1
gene 3 420 2172 31122 0 6332 31122 1
gene 3 2172 15 51606 0 6333 51606 1
gene 2 1735 1735 -654234 1 6388 -654234 1
gene 2 8 2206 -695204 0 6436 -695204 1
gene 2 2206 1393 -138369 0 6437 -138369 1
gene 2 121 2313 -357585 0 6747 -357585 1
gene 2 2313 420 -149217 0 6748 -149217 1
gene 2 9 2332 184239 0 6797 184239 1
gene 2 2332 1323 -193128 0 6798 -193128 1
gene 4 1323 2034 22863 0 6848 22863 1
gene 2 7 2368 800000 0 6897 800000 1
gene 2 2368 121 -128649 0 6898 -128649 1
gene 2 384 1531 -61782 0 7018 -61782 1
gene 2 2142 1018 -200571 0 7205 -200571 1
gene 3 2206 2034 -383673 0 7245 -383673 1
gene 2 7 2491 -196545 0 7283 -196545 1
gene 2 2491 2368 470769 0 7284 470769 1
gene 2 5 2512 688218 0 7337 688218 1
gene 2 2512 13 -53766 0 7338 -53766 1
gene 2 10 2530 423240 0 7387 423240 1
gene 2 2530 13 -552963 0 7388 -552963 1
gene 3 9 2547 -109128 0 7440 -109128 1
gene 3 2547 13 211986 0 7441 211986 1
gene 2 2530 1479 -27027 0 7594 -27027 1
gene 1 1479 2692 -271179 0 7856 -271179 1
gene 1 2692 14 228015 0 7857 228015 1
gene 3 4 1130 -142614 0 7980 -142614 1
gene 4 3 2786 -326916 0 8132 -326916 1
gene 4 2786 14 -328908 0 8133 -328908 1
gene 4 2547 1735 220874 0 8311 220874 1
gene 3 2692 461 307488 0 8358 307488 1
gene 4 500 2912 1 0 8507 1 1
gene 4 2912 15 -380364 0 8508 -380364 1
gene 3 1531 1479 41400 0 8654 41400 1
gene 1 2034 15 85015 0 8702 85015 1
gene 4 420 420 -119857 1 8739 -119857 1
genomeend 62


/* Organism #70 Fitness: 280.000000 Time: 0 */
/* Position #70*/
#1 x: 41 y: 36
#2 x: 33 y: 23
#3 x: 66 y: 20
#4 x: 41 y: 74
#5 x: 15 y: 63
#6 x: 63 y: 72
genomestart 70
trait 1 43007.000000 16300.000000 6994.000000 28041.000000 57524.000000 37112.000000 87908.000000 80535.000000 trait 2 2.000000 0.000000 0.000000 0.000000 0.000000 0.000000 0.000000 0.000000 trait 3 0.000000 0.000000 0.000000 51304.000000 0.000000 13538.000000 70969.000000 30146.000000 trait 4 4.000000 0.000000 0.000000 36940.000000 0.000000 0.000000 43316.000000 37957.000000 node 1 4 1 3
node 2 4 1 1
node 3 1 1 1
node 4 1 1 1
node 5 1 1 1
node 6 2 1 1
node 7 4 1 1
node 8 4 1 1
node 9 2 1 1
node 10 1 1 1
node 11 2 1 1
node 12 4 1 1
node 13 2 0 2
node 14 1 0 2
node 15 3 0 2
node 121 1 0 0
node 235 1 0 0
node 384 1 0 0
node 420 1 0 0
node 433 1 0 0
node 461 1 0 0
node 500 1 0 0
node 516 1 0 0
node 697 3 0 0
node 1018 1 0 0
node 1130 1 0 0
node 1323 3 0 0
node 1393 1 0 0
node 1479 1 0 0
node 1531 4 0 0
node 1683 1 0 0
node 1735 1 0 0
node 1875 3 0 0
node 2034 1 0 0
node 2142 1 0 0
node 2172 1 0 0
node 2206 1 0 0
node 2313 1 0 0
node 2332 1 0 0
node 2368 1 0 0
node 2412 1 0 0
node 2430 1 0 0
node 2481 1 0 0
node 2494 1 0 0
node 2768 1 0 0
node 2783 1 0 0
node 2799 1 0 0
node 2880 1 0 0
node 2911 1 0 0
node 2957 1 0 0
gene 2 1 13 28056 0 1 28056 1
gene 3 2 13 800000 0 2 800000 1
gene 2 3 13 135861 0 3 135861 1
gene 3 4 13 -24465 0 4 -24465 1
gene 2 5 13 -140052 0 5 -140052 1
gene 4 6 13 -135741 0 6 -135741 1
gene 3 7 13 466022 0 7 466022 1
gene 2 8 13 330366 0 8 330366 0
gene 3 9 13 -326922 0 9 -326922 1
gene 2 10 13 271674 0 10 271674 0
gene 2 11 13 571623 0 11 571623 0
gene 4 12 13 44997 0 12 44997 1
gene 2 1 14 314889 0 13 314889 1
gene 2 2 14 -29709 0 14 -29709 1
gene 4 3 14 -69342 0 15 -69342 1
gene 4 4 14 220968 0 16 220968 0
gene 4 5 14 176811 0 17 176811 1
gene 3 6 14 32841 0 18 32841 0
gene 2 7 14 153066 0 19 153066 1
gene 1 8 14 -160857 0 20 -160857 0
gene 3 9 14 -293616 0 21 -293616 1
gene 1 10 14 -295395 0 22 -295395 1
gene 1 11 14 -238815 0 23 -238815 1
gene 4 12 14 136797 0 24 136797 0
gene 3 1 15 373719 0 25 373719 1
gene 3 2 15 -195891 0 26 -195891 1
gene 3 3 15 -508211 0 27 -508211 0
gene 3 4 15 549428 0 28 549428 1
gene 3 5 15 -699819 0 29 -699819 1
gene 1 6 15 -318558 0 30 -318558 1
gene 3 7 15 -193191 0 31 -193191 0
gene 3 8 15 237696 0 32 237696 0
gene 3 9 15 -247770 0 33 -247770 0
gene 3 10 15 304515 0 34 304515 0
gene 2 11 15 21507 0 35 21507 1
gene 4 12 15 145114 0 36 145114 0
gene 4 15 15 71862 1 174 71862 0
gene 3 8 121 223512 0 329 223512 0
gene 3 121 15 15063 0 330 15063 1
gene 2 5 121 -233286 0 438 -233286 1
gene 2 7 121 280899 0 483 280899 0
gene 4 4 235 -230961 0 666 -230961 1
gene 4 235 14 311685 0 667 311685 1
gene 1 1 235 -487233 0 753 -487233 1
gene 1 9 235 397251 0 1108 397251 1
gene 3 10 384 -582497 0 1126 -582497 1
gene 3 384 15 800000 0 1127 800000 0
gene 2 14 14 -437892 1 1197 -437892 0
gene 3 7 420 -544325 0 1239 -544325 0
gene 3 420 15 614415 0 1240 614415 0
gene 3 2 433 625778 0 1284 625778 0
gene 3 433 13 254937 0 1285 254937 1
gene 4 3 461 182238 0 1352 182238 1
gene 4 461 14 197472 0 1353 197472 1
gene 4 15 500 -494757 1 1453 -494757 1
gene 4 500 15 326178 0 1454 326178 1
gene 1 8 516 204651 0 1500 204651 0
gene 1 516 14 628958 0 1501 628958 1
gene 1 384 121 -74067 0 1548 -74067 1
gene 2 8 461 11634 0 1965 11634 1
gene 3 3 697 -678261 0 2038 -678261 0
gene 3 697 15 -12651 0 2039 -12651 1
gene 2 1 500 -800000 0 2133 -800000 1
gene 1 3 433 -329901 0 2628 -329901 1
gene 1 516 516 152430 1 2664 152430 1
gene 3 8 1018 -556404 0 2997 -556404 1
gene 3 1018 121 692457 0 2998 692457 0
gene 3 15 433 136431 0 3156 136431 1
gene 1 10 1130 322936 0 3329 322936 1
gene 1 1130 14 -260748 0 3330 -260748 1
gene 3 500 697 -586104 0 3371 -586104 1
gene 2 3 516 149165 0 3603 149165 1
gene 2 9 1323 -663131 0 3885 -663131 0
gene 2 1323 14 800000 0 3886 800000 0
gene 2 121 420 -462123 0 3959 -462123 0
gene 2 8 1393 135168 0 4093 135168 0
gene 2 1393 13 660237 0 4094 660237 1
gene 1 11 1479 -129513 0 4325 -129513 1
gene 1 1479 14 -714446 0 4326 -714446 1
gene 4 12 1531 395691 0 4477 395691 1
gene 4 1531 15 284697 0 4478 284697 1
gene 3 1393 433 356745 0 4734 356745 1
gene 2 1323 1683 553854 0 4950 553854 1
gene 2 1683 14 -583907 0 4951 -583907 1
gene 3 6 1735 405630 0 5103 405630 1
gene 3 1735 14 -226635 0 5104 -226635 1
gene 1 5 516 -204372 0 5346 -204372 1
gene 1 516 433 -64476 0 5443 -64476 1
gene 3 2 1875 -62889 0 5505 -62889 1
gene 3 1875 433 800000 0 5506 800000 1
gene 1 1683 461 -47691 0 5687 -47691 1
gene 1 516 121 -475308 0 5877 -475308 1
gene 3 3 2034 -206103 0 5939 -206103 1
gene 3 2034 697 -614819 0 5940 -614819 1
gene 3 5 1479 -142110 0 6157 -142110 1
gene 3 7 2142 -130140 0 6248 -130140 1
gene 3 2142 420 779901 0 6249 779901 1
gene 3 420 2172 -590844 0 6332 -590844 1
gene 3 2172 15 694061 0 6333 694061 1
gene 2 1735 1735 -138885 1 6388 -138885 1
gene 2 8 2206 -800000 0 6436 -800000 0
gene 2 2206 1393 -52299 0 6437 -52299 1
gene 2 121 2313 156357 0 6747 156357 0
gene 2 2313 420 -162717 0 6748 -162717 0
gene 2 9 2332 -311922 0 6797 -311922 1
gene 2 2332 1323 -143760 0 6798 -143760 1
gene 4 1323 2034 26601 0 6848 26601 1
gene 2 7 2368 -292110 0 6897 -292110 1
gene 2 2368 121 -43053 0 6898 -43053 1
gene 3 8 2412 272151 0 7028 272151 1
gene 3 2412 15 -16797 0 7029 -16797 1
gene 2 8 2430 88404 0 7088 88404 1
gene 2 2430 2206 -356205 0 7089 -356205 1
gene 2 121 2481 -458364 0 7252 -458364 1
gene 2 2481 2313 101373 0 7253 101373 1
gene 3 9 2494 -298383 0 7292 -298383 1
gene 3 2494 15 2865 0 7293 2865 1
gene 2 1479 384 361497 0 7389 361497 1
gene 2 121 2142 129783 0 7445 129783 1
gene 2 6 433 92079 0 7711 92079 1
gene 2 14 2768 -217110 1 8077 -217110 1
gene 2 2768 14 87579 0 8078 87579 1
gene 2 10 2783 -25722 0 8123 -25722 1
gene 2 2783 13 -800000 0 8124 -800000 1
gene 2 11 2799 164595 0 8166 164595 1
gene 2 2799 13 240192 0 8167 240192 1
gene 4 12 2880 -80517 0 8396 -80517 1
gene 4 2880 14 634662 0 8397 634662 1
gene 1 8 2911 -450797 0 8505 -450797 1
gene 1 2911 516 546477 0 8506 546477 1
gene 2 1531 1531 -366382 1 8599 -366382 1
gene 2 2313 2957 -320691 0 8640 -320691 1
gene 2 2957 420 109170 0 8641 109170 1
gene 4 2172 500 -33360 0 8695 -33360 1
genomeend 70


/* Organism #78 Fitness: 190.000000 Time: 0 */
/* Position #78*/
#1 x: 69 y: 31
#2 x: 41 y: 34
#3 x: 80 y: 24
#4 x: 20 y: 84
#5 x: 42 y: 73
#6 x: 85 y: 78
genomestart 78
trait 1 71503.000000 52572.000000 0.000000 48265.000000 0.000000 0.000000 100000.000000 393.000000 trait 2 2.000000 0.000000 0.000000 0.000000 0.000000 0.000000 0.000000 0.000000 trait 3 0.000000 0.000000 0.000000 51304.000000 0.000000 13538.000000 70969.000000 30146.000000 trait 4 4.000000 0.000000 0.000000 36940.000000 0.000000 0.000000 100000.000000 100000.000000 node 1 4 1 3
node 2 4 1 1
node 3 1 1 1
node 4 1 1 1
node 5 1 1 1
node 6 2 1 1
node 7 4 1 1
node 8 4 1 1
node 9 2 1 1
node 10 1 1 1
node 11 2 1 1
node 12 4 1 1
node 13 2 0 2
node 14 1 0 2
node 15 3 0 2
node 121 1 0 0
node 235 1 0 0
node 384 1 0 0
node 420 1 0 0
node 433 1 0 0
node 461 1 0 0
node 500 1 0 0
node 516 1 0 0
node 697 1 0 0
node 1018 1 0 0
node 1130 1 0 0
node 1323 3 0 0
node 1393 1 0 0
node 1479 1 0 0
node 1531 4 0 0
node 1683 1 0 0
node 1735 1 0 0
node 1875 1 0 0
node 1975 1 0 0
node 2022 1 0 0
node 2179 1 0 0
node 2295 1 0 0
node 2730 1 0 0
node 2767 1 0 0
node 2826 1 0 0
node 2977 1 0 0
gene 2 1 13 800000 0 1 800000 1
gene 3 2 13 -800000 0 2 -800000 1
gene 2 3 13 318537 0 3 318537 1
gene 3 4 13 -249135 0 4 -249135 1
gene 2 5 13 96426 0 5 96426 1
gene 4 6 13 800000 0 6 800000 0
gene 3 7 13 121803 0 7 121803 1
gene 2 8 13 124269 0 8 124269 0
gene 3 9 13 48126 0 9 48126 1
gene 2 10 13 74937 0 10 74937 1
gene 2 11 13 -800000 0 11 -800000 1
gene 4 12 13 -103476 0 12 -103476 1
gene 2 1 14 -579331 0 13 -579331 1
gene 2 2 14 -60579 0 14 -60579 1
gene 4 3 14 28098 0 15 28098 1
gene 4 4 14 -349359 0 16 -349359 0
gene 4 5 14 164757 0 17 164757 1
gene 3 6 14 65799 0 18 65799 0
gene 2 7 14 27228 0 19 27228 1
gene 1 8 14 266013 0 20 266013 0
gene 3 9 14 398442 0 21 398442 1
gene 1 10 14 -308433 0 22 -308433 1
gene 1 11 14 -388038 0 23 -388038 1
gene 4 12 14 547190 0 24 547190 0
gene 3 1 15 -639618 0 25 -639618 1
gene 3 2 15 -37125 0 26 -37125 1
gene 3 3 15 28635 0 27 28635 0
gene 3 4 15 63810 0 28 63810 1
gene 3 5 15 269652 0 29 269652 1
gene 1 6 15 -215424 0 30 -215424 0
gene 3 7 15 188940 0 31 188940 0
gene 3 8 15 204960 0 32 204960 1
gene 3 9 15 47958 0 33 47958 1
gene 3 10 15 501630 0 34 501630 0
gene 2 11 15 315780 0 35 315780 1
gene 4 12 15 -137256 0 36 -137256 0
gene 4 15 15 -20094 1 174 -20094 0
gene 3 8 121 78882 0 329 78882 0
gene 3 121 15 -75528 0 330 -75528 1
gene 2 5 121 341928 0 438 341928 1
gene 2 7 121 -152733 0 483 -152733 1
gene 4 4 235 -547164 0 666 -547164 1
gene 4 235 14 643549 0 667 643549 1
gene 1 1 235 255786 0 753 255786 1
gene 1 9 235 107154 0 1108 107154 1
gene 3 10 384 492309 0 1126 492309 1
gene 3 384 15 17493 0 1127 17493 0
gene 2 14 14 -182112 1 1197 -182112 0
gene 3 7 420 -392481 0 1239 -392481 1
gene 3 420 15 -336276 0 1240 -336276 1
gene 3 2 433 800000 0 1284 800000 0
gene 3 433 13 -685541 0 1285 -685541 1
gene 4 3 461 95052 0 1352 95052 1
gene 4 461 14 -222516 0 1353 -222516 1
gene 4 15 500 42600 1 1453 42600 1
gene 4 500 15 70062 0 1454 70062 0
gene 1 8 516 -496470 0 1500 -496470 1
gene 1 516 14 114708 0 1501 114708 1
gene 1 384 121 135960 0 1548 135960 1
gene 2 8 461 277002 0 1965 277002 1
gene 3 3 697 52683 0 2038 52683 0
gene 2 697 15 340482 0 2039 340482 1
gene 2 1 500 -36024 0 2133 -36024 1
gene 1 3 433 -709893 0 2628 -709893 1
gene 1 516 516 -14608 1 2664 -14608 1
gene 3 8 1018 87582 0 2997 87582 0
gene 3 1018 121 186938 0 2998 186938 0
gene 3 15 433 -156840 0 3156 -156840 1
gene 1 10 1130 158397 0 3329 158397 1
gene 1 1130 14 9693 0 3330 9693 1
gene 3 500 697 -244590 0 3371 -244590 1
gene 2 3 516 -58136 0 3603 -58136 1
gene 2 9 1323 -211650 0 3885 -211650 1
gene 2 1323 14 238509 0 3886 238509 0
gene 2 121 420 -126483 0 3959 -126483 1
gene 2 8 1393 -21618 0 4093 -21618 1
gene 2 1393 13 10386 0 4094 10386 1
gene 1 11 1479 307011 0 4325 307011 1
gene 1 1479 14 -800000 0 4326 -800000 1
gene 4 12 1531 9825 0 4477 9825 1
gene 4 1531 15 729612 0 4478 729612 0
gene 3 1393 433 -163539 0 4734 -163539 1
gene 2 1323 1683 -66675 0 4950 -66675 1
gene 2 1683 14 -41382 0 4951 -41382 1
gene 3 6 1735 800000 0 5103 800000 1
gene 3 1735 14 -7011 0 5104 -7011 0
gene 1 5 516 110163 0 5346 110163 1
gene 1 516 433 318483 0 5443 318483 1
gene 3 2 1875 257823 0 5505 257823 1
gene 3 1875 433 -508559 0 5506 -508559 1
gene 1 1683 461 260763 0 5687 260763 1
gene 1 6 1975 487428 0 5780 487428 1
gene 1 1975 15 17694 0 5781 17694 1
gene 4 1531 2022 -234585 0 5905 -234585 1
gene 4 2022 15 315534 0 5906 315534 1
gene 3 121 1875 -442125 0 5987 -442125 1
gene 1 1683 1393 251862 0 6232 251862 1
gene 4 500 2179 209130 0 6351 209130 1
gene 4 2179 15 496740 0 6352 496740 1
gene 3 12 2179 -421665 0 6539 -421665 1
gene 1 1975 1975 -41445 1 6578 -41445 1
gene 2 14 2295 89802 1 6699 89802 1
gene 2 2295 14 -335817 0 6700 -335817 1
gene 4 4 433 -273351 0 7064 -273351 1
gene 3 12 235 -284349 0 7098 -284349 1
gene 1 384 384 -71511 1 7242 -71511 1
gene 2 500 500 -510078 1 7740 -510078 1
gene 3 8 2730 -492663 0 7969 -492663 1
gene 3 2730 1018 -630453 0 7970 -630453 1
gene 2 2730 516 55260 0 8040 55260 1
gene 4 6 2767 219615 0 8075 219615 1
gene 4 2767 13 213990 0 8076 213990 1
gene 3 13 15 266585 1 8122 266585 1
gene 4 12 2826 44439 0 8243 44439 1
gene 4 2826 14 -191574 0 8244 -191574 1
gene 3 384 1975 -246909 0 8469 -246909 1
gene 3 3 2977 -60908 0 8686 -60908 1
gene 3 2977 697 -116544 0 8687 -116544 1
genomeend 78


