/* Organism #67 Fitness: 233.000000 Time: 0 */
/* Position #67*/
#1 x: 51 y: 26
#2 x: 27 y: 36
#3 x: 25 y: 27
#4 x: 68 y: 82
#5 x: 31 y: 81
#6 x: 56 y: 68
genomestart 67
node 1 3 1 3
node 2 2 1 1
node 3 4 1 1
node 4 2 1 1
node 5 4 1 1
node 6 1 1 1
node 7 4 1 1
node 8 1 1 1
node 9 2 1 1
node 10 2 1 1
node 11 1 1 1
node 12 3 1 1
node 13 4 0 2
node 14 4 0 2
node 15 3 0 2
node 16 4 0 2
gene 1 1 13 -173868 0 1 -173868 1
gene 3 2 13 -43194 0 2 -43194 1
gene 1 3 13 416157 0 3 416157 1
gene 1 4 13 10593 0 4 10593 1
gene 3 5 13 -161751 0 5 -161751 1
gene 3 6 13 -619197 0 6 -619197 1
gene 4 7 13 -689037 0 7 -689037 1
gene 1 8 13 -378135 0 8 -378135 1
gene 3 9 13 65379 0 9 65379 1
gene 1 10 13 65460 0 10 65460 1
gene 3 11 13 135255 0 11 135255 1
gene 2 12 13 96693 0 12 96693 1
gene 1 1 14 454407 0 13 454407 1
gene 2 2 14 -739548 0 14 -739548 1
gene 4 3 14 -727464 0 15 -727464 1
gene 4 4 14 -293379 0 16 -293379 1
gene 4 5 14 214449 0 17 214449 1
gene 3 6 14 -186324 0 18 -186324 1
gene 3 7 14 86321 0 19 86321 1
gene 3 8 14 721986 0 20 721986 1
gene 3 9 14 25128 0 21 25128 1
gene 3 10 14 636924 0 22 636924 1
gene 2 11 14 285827 0 23 285827 1
gene 1 12 14 -183135 0 24 -183135 1
gene 1 1 15 800000 0 25 800000 1
gene 4 2 15 -670625 0 26 -670625 1
gene 3 3 15 -489786 0 27 -489786 1
gene 1 4 15 -800000 0 28 -800000 1
gene 4 5 15 284391 0 29 284391 1
gene 2 6 15 -218232 0 30 -218232 1
gene 3 7 15 110850 0 31 110850 1
gene 3 8 15 -172407 0 32 -172407 1
gene 1 9 15 327591 0 33 327591 1
gene 3 10 15 693701 0 34 693701 1
gene 3 11 15 -240888 0 35 -240888 1
gene 3 12 15 -21465 0 36 -21465 1
gene 1 1 16 660155 0 37 660155 1
gene 3 2 16 -176088 0 38 -176088 1
gene 3 3 16 -52950 0 39 -52950 1
gene 4 4 16 800000 0 40 800000 1
gene 3 5 16 -386397 0 41 -386397 1
gene 2 6 16 246807 0 42 246807 1
gene 4 7 16 178221 0 43 178221 1
gene 3 8 16 232422 0 44 232422 1
gene 1 9 16 153297 0 45 153297 1
gene 4 10 16 384273 0 46 384273 1
gene 3 11 16 -88578 0 47 -88578 1
gene 3 12 16 -96894 0 48 -96894 1
gene 3 15 14 142002 0 129 142002 1
gene 1 16 14 -541191 0 191 -541191 1
gene 4 15 16 22683 0 255 22683 1
genomeend 67


