/* Organism #68 Fitness: 158.000000 Time: 0 */
/* Position #68*/
#1 x: 84 y: 38
#2 x: 71 y: 30
#3 x: 47 y: 40
#4 x: 43 y: 73
#5 x: 15 y: 85
#6 x: 74 y: 66
genomestart 68
node 1 1 1 3
node 2 2 1 1
node 3 4 1 1
node 4 1 1 1
node 5 2 1 1
node 6 2 1 1
node 7 3 1 1
node 8 2 1 1
node 9 2 1 1
node 10 4 1 1
node 11 3 1 1
node 12 3 1 1
node 13 3 0 2
node 14 2 0 2
node 15 2 0 2
node 16 4 0 2
node 22 1 0 0
gene 2 1 13 800000 0 1 800000 1
gene 2 2 13 363903 0 2 363903 1
gene 3 3 13 51963 0 3 51963 1
gene 2 4 13 287289 0 4 287289 1
gene 2 5 13 472911 0 5 472911 1
gene 4 6 13 273096 0 6 273096 1
gene 2 7 13 282129 0 7 282129 1
gene 2 8 13 132201 0 8 132201 1
gene 4 9 13 308727 0 9 308727 1
gene 4 10 13 277149 0 10 277149 1
gene 1 11 13 -5490 0 11 -5490 1
gene 4 12 13 139281 0 12 139281 1
gene 1 1 14 -552549 0 13 -552549 1
gene 2 2 14 401871 0 14 401871 1
gene 1 3 14 -454629 0 15 -454629 1
gene 4 4 14 -800000 0 16 -800000 1
gene 2 5 14 -644873 0 17 -644873 1
gene 4 6 14 798366 0 18 798366 1
gene 2 7 14 -48258 0 19 -48258 1
gene 1 8 14 -700191 0 20 -700191 1
gene 4 9 14 94689 0 21 94689 1
gene 3 10 14 516591 0 22 516591 1
gene 2 11 14 -544226 0 23 -544226 1
gene 2 12 14 -203922 0 24 -203922 1
gene 4 1 15 123888 0 25 123888 1
gene 2 2 15 -30 0 26 -30 1
gene 3 3 15 589830 0 27 589830 1
gene 3 4 15 -263911 0 28 -263911 1
gene 3 5 15 800000 0 29 800000 1
gene 4 6 15 -750804 0 30 -750804 1
gene 2 7 15 554531 0 31 554531 1
gene 3 8 15 -68094 0 32 -68094 1
gene 1 9 15 -770745 0 33 -770745 1
gene 3 10 15 -587007 0 34 -587007 1
gene 2 11 15 314211 0 35 314211 1
gene 1 12 15 800000 0 36 800000 1
gene 4 1 16 644102 0 37 644102 1
gene 1 2 16 -179685 0 38 -179685 1
gene 1 3 16 249741 0 39 249741 1
gene 2 4 16 -204153 0 40 -204153 1
gene 3 5 16 -163821 0 41 -163821 1
gene 4 6 16 -221307 0 42 -221307 1
gene 2 7 16 1336 0 43 1336 1
gene 2 8 16 -450933 0 44 -450933 1
gene 2 9 16 355949 0 45 355949 1
gene 3 10 16 225588 0 46 225588 1
gene 3 11 16 43029 0 47 43029 1
gene 4 12 16 -58395 0 48 -58395 0
gene 2 13 13 -201666 1 122 -201666 1
gene 3 16 16 -253764 1 210 -253764 1
gene 4 12 22 411192 0 229 411192 1
gene 4 22 16 93993 0 230 93993 1
gene 1 14 16 -126855 0 264 -126855 1
gene 1 1 22 128829 0 268 128829 1
genomeend 68


