/* Organism #0 Fitness: 360.000000 Time: 0 */
/* Position #0*/
#1 x: 59 y: 32
#2 x: 24 y: 27
#3 x: 33 y: 23
#4 x: 39 y: 70
#5 x: 29 y: 85
#6 x: 53 y: 69
genomestart 0
trait 1 1.000000 0.000000 0.000000 0.000000 0.000000 0.000000 0.000000 0.000000 trait 2 2.000000 0.000000 0.000000 0.000000 0.000000 0.000000 0.000000 0.000000 trait 3 3.000000 0.000000 0.000000 0.000000 0.000000 0.000000 0.000000 0.000000 trait 4 4.000000 0.000000 0.000000 0.000000 0.000000 0.000000 0.000000 0.000000 node 1 4 1 3
node 2 2 1 1
node 3 4 1 1
node 4 2 1 1
node 5 4 1 1
node 6 3 1 1
node 7 2 1 1
node 8 1 1 1
node 9 4 1 1
node 10 1 1 1
node 11 1 1 1
node 12 4 1 1
node 13 3 0 2
node 14 1 0 2
node 15 4 0 2
node 71 1 0 0
node 289 1 0 0
node 317 1 0 0
node 334 1 0 0
node 373 1 0 0
node 385 1 0 0
node 418 1 0 0
gene 4 1 13 -145752 0 1 -145752 1
gene 3 2 13 -94597 0 2 -94597 1
gene 2 3 13 162111 0 3 162111 1
gene 4 4 13 -186371 0 4 -186371 1
gene 2 5 13 120291 0 5 120291 1
gene 3 6 13 -692100 0 6 -692100 1
gene 1 7 13 -700285 0 7 -700285 1
gene 1 8 13 -425658 0 8 -425658 1
gene 1 9 13 94352 0 9 94352 1
gene 2 10 13 -174222 0 10 -174222 1
gene 3 11 13 -393495 0 11 -393495 1
gene 3 12 13 -175868 0 12 -175868 1
gene 1 1 14 -114807 0 13 -114807 1
gene 1 2 14 131838 0 14 131838 1
gene 3 3 14 -66294 0 15 -66294 0
gene 1 4 14 800000 0 16 800000 1
gene 1 5 14 -73914 0 17 -73914 1
gene 1 6 14 -800000 0 18 -800000 1
gene 1 7 14 100227 0 19 100227 1
gene 2 8 14 -418913 0 20 -418913 1
gene 2 9 14 199456 0 21 199456 1
gene 1 10 14 90267 0 22 90267 1
gene 3 11 14 7377 0 23 7377 1
gene 2 12 14 280379 0 24 280379 0
gene 3 1 15 -342444 0 25 -342444 1
gene 2 2 15 -82260 0 26 -82260 1
gene 4 3 15 -443793 0 27 -443793 0
gene 2 4 15 527763 0 28 527763 1
gene 2 5 15 -595009 0 29 -595009 1
gene 1 6 15 530865 0 30 530865 1
gene 4 7 15 68742 0 31 68742 1
gene 2 8 15 -71472 0 32 -71472 1
gene 2 9 15 128448 0 33 128448 1
gene 1 10 15 124905 0 34 124905 1
gene 3 11 15 68196 0 35 68196 1
gene 1 12 15 107040 0 36 107040 1
gene 4 3 71 -520785 0 201 -520785 1
gene 3 71 14 -495417 0 202 -495417 1
gene 1 13 13 81853 1 248 81853 1
gene 2 13 15 272583 0 413 272583 1
gene 4 10 71 55992 0 454 55992 1
gene 1 7 71 238359 0 542 238359 1
gene 4 8 71 -36069 0 717 -36069 0
gene 4 71 71 -130809 1 769 -130809 1
gene 4 3 289 -186869 0 858 -186869 0
gene 4 289 15 -242751 0 859 -242751 1
gene 3 289 14 270987 0 897 270987 1
gene 4 3 317 63931 0 942 63931 1
gene 4 317 289 90712 0 943 90712 0
gene 4 8 334 -281979 0 992 -281979 1
gene 4 334 71 40950 0 993 40950 1
gene 1 12 289 4918 0 1045 4918 0
gene 4 317 373 -257891 0 1096 -257891 1
gene 4 373 289 1 0 1097 1 1
gene 2 12 385 -138414 0 1138 -138414 1
gene 2 385 14 463115 0 1139 463115 1
gene 1 12 418 1 0 1239 0 1
gene 1 418 289 4918 0 1240 0 1
genomeend 0


/* Organism #2 Fitness: 340.000000 Time: 0 */
/* Position #2*/
#1 x: 83 y: 34
#2 x: 45 y: 24
#3 x: 54 y: 23
#4 x: 82 y: 77
#5 x: 50 y: 66
#6 x: 58 y: 65
genomestart 2
trait 1 31567.000000 0.000000 0.000000 0.000000 0.000000 0.000000 18973.000000 0.000000 trait 2 0.000000 0.000000 0.000000 90059.000000 48283.000000 0.000000 0.000000 0.000000 trait 3 3.000000 0.000000 0.000000 0.000000 0.000000 0.000000 0.000000 0.000000 trait 4 4.000000 0.000000 0.000000 0.000000 0.000000 0.000000 0.000000 0.000000 node 1 1 1 3
node 2 2 1 1
node 3 4 1 1
node 4 4 1 1
node 5 1 1 1
node 6 4 1 1
node 7 3 1 1
node 8 2 1 1
node 9 3 1 1
node 10 4 1 1
node 11 4 1 1
node 12 1 1 1
node 13 1 0 2
node 14 2 0 2
node 15 4 0 2
node 24 1 0 0
node 188 1 0 0
node 222 1 0 0
node 272 1 0 0
node 308 1 0 0
node 340 1 0 0
node 401 1 0 0
gene 1 1 13 -600459 0 1 -600459 1
gene 2 2 13 246348 0 2 246348 1
gene 2 3 13 -32073 0 3 -32073 1
gene 4 4 13 101217 0 4 101217 0
gene 3 5 13 -750431 0 5 -750431 1
gene 1 6 13 -406836 0 6 -406836 1
gene 1 7 13 -710796 0 7 -710796 1
gene 1 8 13 -800000 0 8 -800000 1
gene 4 9 13 14445 0 9 14445 1
gene 2 10 13 -386919 0 10 -386919 1
gene 3 11 13 -10878 0 11 -10878 1
gene 4 12 13 -494253 0 12 -494253 1
gene 1 1 14 54483 0 13 54483 1
gene 1 2 14 528876 0 14 528876 1
gene 2 3 14 -279525 0 15 -279525 1
gene 2 4 14 87152 0 16 87152 0
gene 1 5 14 -444128 0 17 -444128 1
gene 2 6 14 -381306 0 18 -381306 1
gene 3 7 14 531489 0 19 531489 0
gene 3 8 14 223389 0 20 223389 1
gene 3 9 14 525366 0 21 525366 1
gene 2 10 14 -150569 0 22 -150569 1
gene 3 11 14 411699 0 23 411699 1
gene 2 12 14 22381 0 24 22381 1
gene 2 1 15 -187577 0 25 -187577 1
gene 3 2 15 33057 0 26 33057 1
gene 3 3 15 -186692 0 27 -186692 0
gene 1 4 15 37405 0 28 37405 1
gene 4 5 15 246240 0 29 246240 1
gene 2 6 15 223089 0 30 223089 1
gene 4 7 15 164505 0 31 164505 1
gene 2 8 15 -89196 0 32 -89196 1
gene 2 9 15 -126825 0 33 -126825 0
gene 2 10 15 -158106 0 34 -158106 1
gene 3 11 15 -350265 0 35 -350265 1
gene 2 12 15 34308 0 36 34308 1
gene 4 4 24 94254 0 62 94254 1
gene 4 24 13 -78771 0 63 -78771 0
gene 1 24 24 255198 1 127 255198 1
gene 3 15 13 512024 0 293 512024 1
gene 2 7 24 405999 0 408 405999 1
gene 3 7 188 435604 0 526 435604 1
gene 3 188 14 -24576 0 527 -24576 0
gene 2 9 222 233362 0 645 233362 1
gene 2 222 15 -182667 0 646 -182667 1
gene 3 3 272 16554 0 798 16554 1
gene 3 272 15 -166182 0 799 -166182 1
gene 2 4 308 80371 0 918 80371 1
gene 2 308 14 379577 0 919 379577 1
gene 3 9 188 154855 0 959 154855 1
gene 3 188 340 59613 0 1007 59613 1
gene 3 340 14 108651 0 1008 108651 1
gene 1 340 15 74790 0 1059 74790 1
gene 4 24 401 1 0 1184 0 1
gene 4 401 13 -78771 0 1185 0 1
gene 1 401 14 -26636 0 1242 -26636 1
genomeend 2


/* Organism #8 Fitness: 440.000000 Time: 0 */
/* Position #8*/
#1 x: 78 y: 29
#2 x: 28 y: 20
#3 x: 68 y: 25
#4 x: 76 y: 60
#5 x: 68 y: 82
#6 x: 16 y: 66
genomestart 8
trait 1 1.000000 0.000000 0.000000 0.000000 0.000000 0.000000 0.000000 0.000000 trait 2 2.000000 0.000000 0.000000 0.000000 0.000000 0.000000 0.000000 0.000000 trait 3 3.000000 0.000000 0.000000 0.000000 0.000000 0.000000 0.000000 0.000000 trait 4 0.000000 0.000000 0.000000 36459.000000 0.000000 31890.000000 0.000000 46915.000000 node 1 4 1 3
node 2 2 1 1
node 3 3 1 1
node 4 2 1 1
node 5 1 1 1
node 6 1 1 1
node 7 3 1 1
node 8 1 1 1
node 9 1 1 1
node 10 4 1 1
node 11 2 1 1
node 12 1 1 1
node 13 3 0 2
node 14 1 0 2
node 15 2 0 2
node 92 1 0 0
node 121 1 0 0
node 224 1 0 0
node 239 1 0 0
node 330 1 0 0
node 346 1 0 0
node 392 1 0 0
node 403 1 0 0
node 421 1 0 0
gene 4 1 13 526000 0 1 526000 1
gene 1 2 13 -800000 0 2 -800000 1
gene 4 3 13 368267 0 3 368267 1
gene 1 4 13 -356322 0 4 -356322 0
gene 1 5 13 584690 0 5 584690 1
gene 2 6 13 -778538 0 6 -778538 0
gene 3 7 13 -684854 0 7 -684854 0
gene 4 8 13 -244095 0 8 -244095 1
gene 3 9 13 243639 0 9 243639 0
gene 3 10 13 -602176 0 10 -602176 1
gene 1 11 13 -439644 0 11 -439644 1
gene 2 12 13 11802 0 12 11802 1
gene 1 1 14 633585 0 13 633585 1
gene 2 2 14 -800000 0 14 -800000 1
gene 1 3 14 -221994 0 15 -221994 1
gene 3 4 14 -470895 0 16 -470895 1
gene 4 5 14 -730436 0 17 -730436 1
gene 4 6 14 792849 0 18 792849 0
gene 2 7 14 -487938 0 19 -487938 1
gene 3 8 14 689177 0 20 689177 0
gene 2 9 14 -12945 0 21 -12945 1
gene 1 10 14 -800000 0 22 -800000 1
gene 3 11 14 -243204 0 23 -243204 1
gene 2 12 14 -338970 0 24 -338970 1
gene 3 1 15 -152298 0 25 -152298 1
gene 4 2 15 266787 0 26 266787 1
gene 3 3 15 724043 0 27 724043 1
gene 4 4 15 -303330 0 28 -303330 1
gene 1 5 15 426902 0 29 426902 1
gene 1 6 15 9312 0 30 9312 1
gene 2 7 15 -228252 0 31 -228252 0
gene 1 8 15 -800000 0 32 -800000 1
gene 4 9 15 -9504 0 33 -9504 1
gene 2 10 15 -579684 0 34 -579684 1
gene 4 11 15 -411723 0 35 -411723 1
gene 1 12 15 -303470 0 36 -303470 1
gene 3 14 15 671701 0 66 671701 1
gene 3 14 13 -395013 0 95 -395013 1
gene 3 8 92 161073 0 253 161073 1
gene 3 92 14 296490 0 254 296490 0
gene 2 92 92 -48585 1 305 -48585 1
gene 1 4 121 745461 0 333 745461 1
gene 1 121 13 121860 0 334 121860 1
gene 3 11 121 -198009 0 561 -198009 1
gene 2 6 224 7257 0 649 7257 0
gene 2 224 13 156957 0 650 156957 1
gene 2 7 239 -218598 0 695 -218598 1
gene 2 239 15 526776 0 696 526776 1
gene 2 6 330 -278115 0 984 -278115 1
gene 2 330 224 -307176 0 985 -307176 1
gene 3 7 346 1 0 1022 1 1
gene 3 346 13 -800000 0 1023 -800000 1
gene 2 3 239 -51104 0 1108 -51104 1
gene 4 6 392 1 0 1154 0 1
gene 4 392 14 792849 0 1155 0 1
gene 3 9 403 1 0 1190 0 1
gene 3 403 13 243639 0 1191 0 1
gene 3 92 421 1 0 1250 0 1
gene 3 421 14 296490 0 1251 0 1
genomeend 8


/* Organism #12 Fitness: 640.000000 Time: 0 */
/* Position #12*/
#1 x: 65 y: 20
#2 x: 51 y: 38
#3 x: 34 y: 15
#4 x: 48 y: 63
#5 x: 71 y: 83
#6 x: 38 y: 70
genomestart 12
trait 1 31567.000000 0.000000 0.000000 0.000000 0.000000 0.000000 18973.000000 0.000000 trait 2 0.000000 0.000000 0.000000 90059.000000 0.000000 52841.000000 0.000000 0.000000 trait 3 3.000000 0.000000 0.000000 0.000000 0.000000 0.000000 0.000000 0.000000 trait 4 4.000000 0.000000 0.000000 0.000000 0.000000 0.000000 0.000000 0.000000 node 1 1 1 3
node 2 2 1 1
node 3 4 1 1
node 4 4 1 1
node 5 1 1 1
node 6 4 1 1
node 7 3 1 1
node 8 2 1 1
node 9 3 1 1
node 10 4 1 1
node 11 4 1 1
node 12 1 1 1
node 13 1 0 2
node 14 2 0 2
node 15 4 0 2
node 24 1 0 0
node 188 1 0 0
node 222 1 0 0
node 272 1 0 0
node 301 1 0 0
node 380 1 0 0
node 393 1 0 0
gene 1 1 13 -64683 0 1 -64683 1
gene 2 2 13 -356403 0 2 -356403 1
gene 2 3 13 423246 0 3 423246 1
gene 4 4 13 -137970 0 4 -137970 0
gene 3 5 13 -800000 0 5 -800000 1
gene 1 6 13 -462297 0 6 -462297 1
gene 1 7 13 -555489 0 7 -555489 1
gene 1 8 13 -366845 0 8 -366845 1
gene 4 9 13 -59499 0 9 -59499 1
gene 2 10 13 -493284 0 10 -493284 1
gene 3 11 13 -337764 0 11 -337764 1
gene 4 12 13 -733449 0 12 -733449 1
gene 1 1 14 -700755 0 13 -700755 1
gene 1 2 14 -107955 0 14 -107955 1
gene 2 3 14 -580689 0 15 -580689 1
gene 2 4 14 196016 0 16 196016 1
gene 1 5 14 -800000 0 17 -800000 1
gene 2 6 14 -40176 0 18 -40176 0
gene 3 7 14 170706 0 19 170706 0
gene 3 8 14 -470594 0 20 -470594 1
gene 3 9 14 257064 0 21 257064 1
gene 2 10 14 386182 0 22 386182 1
gene 3 11 14 494706 0 23 494706 1
gene 2 12 14 343879 0 24 343879 1
gene 2 1 15 56821 0 25 56821 1
gene 3 2 15 394806 0 26 394806 1
gene 4 3 15 -262553 0 27 -262553 0
gene 1 4 15 579919 0 28 579919 0
gene 4 5 15 565296 0 29 565296 1
gene 2 6 15 16089 0 30 16089 1
gene 4 7 15 396183 0 31 396183 1
gene 2 8 15 -84243 0 32 -84243 1
gene 2 9 15 -553017 0 33 -553017 0
gene 2 10 15 401821 0 34 401821 1
gene 3 11 15 -226920 0 35 -226920 1
gene 2 12 15 315123 0 36 315123 1
gene 4 4 24 290649 0 62 290649 1
gene 4 24 13 389658 0 63 389658 1
gene 1 24 24 136380 1 127 136380 0
gene 3 15 13 390200 0 293 390200 1
gene 2 7 24 319374 0 408 319374 1
gene 3 7 188 -75143 0 526 -75143 1
gene 3 188 14 -17151 0 527 -17151 1
gene 2 9 222 -232391 0 645 -232391 1
gene 2 222 15 -56676 0 646 -56676 1
gene 3 3 272 148006 0 798 148006 1
gene 3 272 15 -439523 0 799 -439523 1
gene 2 3 24 -135111 0 850 -135111 1
gene 1 24 301 1 1 893 1 1
gene 1 301 24 18909 0 894 18909 1
gene 1 188 188 -107820 1 934 -107820 1
gene 3 4 188 -63686 0 1080 -63686 1
gene 2 6 380 1 0 1115 0 1
gene 2 380 14 -40176 0 1116 0 1
gene 1 4 393 1 0 1157 0 1
gene 1 393 15 579919 0 1158 0 1
gene 1 15 380 71400 0 1196 71400 1
genomeend 12


/* Organism #13 Fitness: 480.000000 Time: 0 */
/* Position #13*/
#1 x: 65 y: 20
#2 x: 51 y: 38
#3 x: 34 y: 15
#4 x: 48 y: 63
#5 x: 71 y: 83
#6 x: 38 y: 70
genomestart 13
trait 1 1.000000 0.000000 0.000000 0.000000 0.000000 0.000000 0.000000 0.000000 trait 2 2.000000 0.000000 0.000000 0.000000 0.000000 0.000000 0.000000 0.000000 trait 3 3.000000 0.000000 0.000000 0.000000 0.000000 0.000000 0.000000 0.000000 trait 4 4.000000 0.000000 0.000000 0.000000 0.000000 0.000000 0.000000 0.000000 node 1 4 1 3
node 2 2 1 1
node 3 4 1 1
node 4 2 1 1
node 5 4 1 1
node 6 3 1 1
node 7 2 1 1
node 8 1 1 1
node 9 4 1 1
node 10 1 1 1
node 11 1 1 1
node 12 4 1 1
node 13 3 0 2
node 14 1 0 2
node 15 4 0 2
node 71 1 0 0
node 289 1 0 0
node 317 1 0 0
node 368 1 0 0
node 381 1 0 0
node 394 1 0 0
node 405 1 0 0
gene 4 1 13 -358959 0 1 -358959 1
gene 3 2 13 -79018 0 2 -79018 1
gene 2 3 13 -155271 0 3 -155271 1
gene 4 4 13 -100469 0 4 -100469 1
gene 2 5 13 55815 0 5 55815 1
gene 3 6 13 -474972 0 6 -474972 1
gene 1 7 13 -706363 0 7 -706363 1
gene 1 8 13 -472647 0 8 -472647 1
gene 1 9 13 -88024 0 9 -88024 1
gene 2 10 13 95616 0 10 95616 1
gene 3 11 13 -603555 0 11 -603555 1
gene 3 12 13 -357131 0 12 -357131 1
gene 1 1 14 223701 0 13 223701 1
gene 1 2 14 -15375 0 14 -15375 0
gene 3 3 14 -184776 0 15 -184776 0
gene 1 4 14 333084 0 16 333084 1
gene 1 5 14 -232230 0 17 -232230 1
gene 1 6 14 -800000 0 18 -800000 1
gene 1 7 14 157473 0 19 157473 1
gene 2 8 14 -268886 0 20 -268886 1
gene 2 9 14 241504 0 21 241504 1
gene 1 10 14 -234258 0 22 -234258 1
gene 3 11 14 -300054 0 23 -300054 0
gene 2 12 14 269870 0 24 269870 1
gene 3 1 15 393 0 25 393 1
gene 2 2 15 282318 0 26 282318 1
gene 4 3 15 -536139 0 27 -536139 0
gene 2 4 15 171840 0 28 171840 1
gene 2 5 15 -486796 0 29 -486796 1
gene 1 6 15 726912 0 30 726912 1
gene 4 7 15 94695 0 31 94695 1
gene 2 8 15 -175932 0 32 -175932 0
gene 2 9 15 -454476 0 33 -454476 1
gene 1 10 15 -21231 0 34 -21231 1
gene 3 11 15 313830 0 35 313830 1
gene 1 12 15 -344172 0 36 -344172 1
gene 4 3 71 -144528 0 201 -144528 0
gene 3 71 14 -473472 0 202 -473472 1
gene 1 13 13 76168 1 248 76168 1
gene 2 13 15 -31593 0 413 -31593 1
gene 4 10 71 179769 0 454 179769 1
gene 1 7 71 288174 0 542 288174 1
gene 4 8 71 -194898 0 717 -194898 1
gene 4 71 71 -112431 1 769 -112431 1
gene 4 3 289 -62427 0 858 -62427 0
gene 4 289 15 18153 0 859 18153 1
gene 3 289 14 -50221 0 897 -50221 1
gene 4 3 317 180037 0 942 180037 1
gene 4 317 289 238135 0 943 238135 1
gene 2 8 368 1 0 1081 0 1
gene 2 368 15 -175932 0 1082 0 1
gene 1 2 381 1 0 1117 0 1
gene 1 381 14 -15375 0 1118 0 1
gene 4 3 394 1 0 1159 0 1
gene 4 394 71 -144528 0 1160 0 1
gene 3 11 405 1 0 1197 0 1
gene 3 405 14 -300054 0 1198 0 1
gene 4 14 405 -7515 1 1256 -7515 1
genomeend 13


/* Organism #44 Fitness: 440.000000 Time: 0 */
/* Position #44*/
#1 x: 43 y: 33
#2 x: 21 y: 37
#3 x: 53 y: 31
#4 x: 23 y: 82
#5 x: 21 y: 71
#6 x: 33 y: 67
genomestart 44
trait 1 1.000000 0.000000 0.000000 0.000000 0.000000 0.000000 0.000000 0.000000 trait 2 2.000000 0.000000 0.000000 0.000000 0.000000 0.000000 0.000000 0.000000 trait 3 3.000000 0.000000 0.000000 0.000000 0.000000 0.000000 0.000000 0.000000 trait 4 87559.000000 0.000000 0.000000 0.000000 0.000000 0.000000 48508.000000 17450.000000 node 1 4 1 3
node 2 2 1 1
node 3 2 1 1
node 4 2 1 1
node 5 1 1 1
node 6 1 1 1
node 7 3 1 1
node 8 1 1 1
node 9 1 1 1
node 10 4 1 1
node 11 2 1 1
node 12 1 1 1
node 13 3 0 2
node 14 1 0 2
node 15 2 0 2
node 92 1 0 0
node 121 1 0 0
node 183 1 0 0
node 238 1 0 0
node 293 1 0 0
node 409 1 0 0
gene 4 1 13 -7506 0 1 -7506 1
gene 1 2 13 -659096 0 2 -659096 0
gene 4 3 13 -156753 0 3 -156753 1
gene 1 4 13 111336 0 4 111336 0
gene 1 5 13 107538 0 5 107538 0
gene 2 6 13 130245 0 6 130245 1
gene 3 7 13 -666228 0 7 -666228 1
gene 4 8 13 -703581 0 8 -703581 1
gene 3 9 13 101679 0 9 101679 1
gene 3 10 13 8433 0 10 8433 1
gene 1 11 13 -155316 0 11 -155316 1
gene 2 12 13 -800000 0 12 -800000 1
gene 1 1 14 -352851 0 13 -352851 1
gene 2 2 14 -91624 0 14 -91624 1
gene 1 3 14 46056 0 15 46056 1
gene 3 4 14 -127520 0 16 -127520 1
gene 4 5 14 -267156 0 17 -267156 1
gene 4 6 14 -800000 0 18 -800000 1
gene 2 7 14 124329 0 19 124329 1
gene 3 8 14 -341532 0 20 -341532 0
gene 2 9 14 703533 0 21 703533 0
gene 1 10 14 -32799 0 22 -32799 1
gene 3 11 14 36375 0 23 36375 1
gene 2 12 14 800000 0 24 800000 1
gene 3 1 15 -12204 0 25 -12204 1
gene 4 2 15 800000 0 26 800000 1
gene 3 3 15 -218931 0 27 -218931 1
gene 4 4 15 424863 0 28 424863 1
gene 1 5 15 158103 0 29 158103 1
gene 1 6 15 193650 0 30 193650 1
gene 2 7 15 -77421 0 31 -77421 0
gene 1 8 15 96897 0 32 96897 1
gene 4 9 15 800000 0 33 800000 1
gene 2 10 15 -31948 0 34 -31948 1
gene 4 11 15 146292 0 35 146292 1
gene 1 12 15 -591618 0 36 -591618 1
gene 3 14 15 195352 0 66 195352 1
gene 3 14 13 -58338 0 95 -58338 1
gene 3 8 92 -378651 0 253 -378651 1
gene 3 92 14 499554 0 254 499554 1
gene 2 92 92 178398 1 305 178398 1
gene 1 4 121 274818 0 333 274818 1
gene 1 121 13 204726 0 334 204726 1
gene 1 5 183 -501011 0 512 -501011 1
gene 1 183 13 -172089 0 513 -172089 1
gene 1 2 238 -224892 0 693 -224892 1
gene 1 238 13 -198417 0 694 -198417 1
gene 1 13 13 135912 1 827 135912 1
gene 2 7 293 -9300 0 869 -9300 1
gene 2 293 15 -108573 0 870 -108573 1
gene 3 15 13 23316 0 1133 23316 1
gene 2 9 409 1 0 1210 0 1
gene 2 409 14 703533 0 1211 0 1
gene 2 92 121 36448 0 1278 36448 1
genomeend 44


/* Organism #45 Fitness: 340.000000 Time: 0 */
/* Position #45*/
#1 x: 43 y: 33
#2 x: 21 y: 37
#3 x: 53 y: 31
#4 x: 23 y: 82
#5 x: 21 y: 71
#6 x: 33 y: 67
genomestart 45
trait 1 1.000000 0.000000 0.000000 0.000000 0.000000 0.000000 0.000000 0.000000 trait 2 2.000000 0.000000 0.000000 0.000000 0.000000 0.000000 0.000000 0.000000 trait 3 3.000000 0.000000 0.000000 0.000000 0.000000 0.000000 0.000000 0.000000 trait 4 87559.000000 0.000000 0.000000 0.000000 0.000000 0.000000 48508.000000 17450.000000 node 1 4 1 3
node 2 2 1 1
node 3 2 1 1
node 4 2 1 1
node 5 1 1 1
node 6 1 1 1
node 7 3 1 1
node 8 1 1 1
node 9 1 1 1
node 10 4 1 1
node 11 2 1 1
node 12 1 1 1
node 13 3 0 2
node 14 1 0 2
node 15 2 0 2
node 92 1 0 0
node 121 1 0 0
node 183 1 0 0
node 238 1 0 0
node 293 1 0 0
node 409 1 0 0
gene 4 1 13 -7506 0 1 -7506 1
gene 1 2 13 -659096 0 2 -659096 0
gene 4 3 13 -156753 0 3 -156753 1
gene 1 4 13 111336 0 4 111336 0
gene 1 5 13 107538 0 5 107538 0
gene 2 6 13 130245 0 6 130245 1
gene 3 7 13 -666228 0 7 -666228 1
gene 4 8 13 -703581 0 8 -703581 1
gene 3 9 13 101679 0 9 101679 1
gene 3 10 13 8433 0 10 8433 1
gene 1 11 13 -155316 0 11 -155316 1
gene 2 12 13 -800000 0 12 -800000 1
gene 1 1 14 -352851 0 13 -352851 1
gene 2 2 14 -91624 0 14 -91624 1
gene 1 3 14 46056 0 15 46056 1
gene 3 4 14 -127520 0 16 -127520 1
gene 4 5 14 -267156 0 17 -267156 1
gene 4 6 14 -800000 0 18 -800000 1
gene 2 7 14 124329 0 19 124329 1
gene 3 8 14 -341532 0 20 -341532 0
gene 2 9 14 703533 0 21 703533 0
gene 1 10 14 -32799 0 22 -32799 1
gene 3 11 14 36375 0 23 36375 1
gene 2 12 14 800000 0 24 800000 1
gene 3 1 15 -12204 0 25 -12204 1
gene 4 2 15 800000 0 26 800000 1
gene 3 3 15 -218931 0 27 -218931 1
gene 4 4 15 424863 0 28 424863 1
gene 1 5 15 158103 0 29 158103 1
gene 1 6 15 193650 0 30 193650 1
gene 2 7 15 -77421 0 31 -77421 0
gene 1 8 15 96897 0 32 96897 1
gene 4 9 15 800000 0 33 800000 1
gene 2 10 15 -31948 0 34 -31948 1
gene 4 11 15 146292 0 35 146292 1
gene 1 12 15 -591618 0 36 -591618 1
gene 3 14 15 195352 0 66 195352 1
gene 3 14 13 -58338 0 95 -58338 1
gene 3 8 92 -378651 0 253 -378651 1
gene 3 92 14 499554 0 254 499554 1
gene 2 92 92 178398 1 305 178398 1
gene 1 4 121 274818 0 333 274818 1
gene 1 121 13 204726 0 334 204726 1
gene 1 5 183 -501011 0 512 -501011 1
gene 1 183 13 -172089 0 513 -172089 1
gene 1 2 238 -224892 0 693 -224892 1
gene 1 238 13 -198417 0 694 -198417 1
gene 1 13 13 135912 1 827 135912 1
gene 2 7 293 -9300 0 869 -9300 1
gene 2 293 15 -108573 0 870 -108573 1
gene 3 15 13 23316 0 1133 23316 1
gene 2 9 409 1 0 1210 0 1
gene 2 409 14 703533 0 1211 0 1
gene 1 238 15 24952 0 1279 24952 1
genomeend 45


/* Organism #48 Fitness: 420.000000 Time: 0 */
/* Position #48*/
#1 x: 73 y: 39
#2 x: 67 y: 15
#3 x: 20 y: 38
#4 x: 43 y: 68
#5 x: 60 y: 71
#6 x: 73 y: 73
genomestart 48
trait 1 1.000000 0.000000 0.000000 0.000000 0.000000 0.000000 0.000000 0.000000 trait 2 2.000000 0.000000 0.000000 0.000000 0.000000 0.000000 0.000000 0.000000 trait 3 3.000000 0.000000 0.000000 0.000000 0.000000 0.000000 0.000000 0.000000 trait 4 24788.000000 0.000000 28489.000000 0.000000 0.000000 0.000000 0.000000 92563.000000 node 1 2 1 3
node 2 2 1 1
node 3 3 1 1
node 4 4 1 1
node 5 2 1 1
node 6 4 1 1
node 7 1 1 1
node 8 1 1 1
node 9 1 1 1
node 10 3 1 1
node 11 1 1 1
node 12 1 1 1
node 13 3 0 2
node 14 2 0 2
node 15 2 0 2
node 33 1 0 0
node 143 1 0 0
node 228 1 0 0
node 259 1 0 0
node 298 1 0 0
node 313 1 0 0
node 333 1 0 0
node 354 1 0 0
node 415 1 0 0
node 433 1 0 0
gene 4 1 13 -33807 0 1 -33807 1
gene 2 2 13 552869 0 2 552869 1
gene 3 3 13 -205674 0 3 -205674 1
gene 3 4 13 570980 0 4 570980 1
gene 1 5 13 -187736 0 5 -187736 0
gene 1 6 13 7893 0 6 7893 1
gene 2 7 13 -39115 0 7 -39115 0
gene 2 8 13 -355196 0 8 -355196 1
gene 2 9 13 -189553 0 9 -189553 0
gene 2 10 13 361771 0 10 361771 1
gene 3 11 13 293885 0 11 293885 1
gene 3 12 13 -51385 0 12 -51385 1
gene 3 1 14 498608 0 13 498608 1
gene 3 2 14 405 0 14 405 0
gene 2 3 14 -1004 0 15 -1004 0
gene 1 4 14 313623 0 16 313623 1
gene 3 5 14 -102133 0 17 -102133 1
gene 4 6 14 74787 0 18 74787 0
gene 3 7 14 -228839 0 19 -228839 1
gene 1 8 14 379797 0 20 379797 1
gene 4 9 14 221151 0 21 221151 1
gene 3 10 14 -2661 0 22 -2661 1
gene 3 11 14 -355521 0 23 -355521 1
gene 3 12 14 28674 0 24 28674 1
gene 4 1 15 -98547 0 25 -98547 1
gene 4 2 15 -5565 0 26 -5565 1
gene 4 3 15 -194283 0 27 -194283 1
gene 1 4 15 -249390 0 28 -249390 1
gene 4 5 15 -24564 0 29 -24564 0
gene 3 6 15 -315384 0 30 -315384 1
gene 1 7 15 262188 0 31 262188 1
gene 2 8 15 354030 0 32 354030 1
gene 4 9 15 -127539 0 33 -127539 1
gene 4 10 15 132657 0 34 132657 1
gene 2 11 15 -37737 0 35 -37737 0
gene 3 12 15 -727923 0 36 -727923 1
gene 3 2 33 700857 0 96 700857 1
gene 3 33 14 -514728 0 97 -514728 1
gene 2 9 143 -291774 0 388 -291774 1
gene 2 143 13 -207336 0 389 -207336 1
gene 4 33 13 525843 0 455 525843 1
gene 2 12 143 559668 0 498 559668 1
gene 4 5 228 -475019 0 662 -475019 1
gene 4 228 15 -748625 0 663 -748625 0
gene 4 228 259 -419552 0 759 -419552 1
gene 4 259 15 27492 0 760 27492 1
gene 2 7 298 141505 0 887 141505 1
gene 2 298 13 484724 0 888 484724 1
gene 2 3 313 -219891 0 931 -219891 1
gene 2 313 14 -271421 0 932 -271421 1
gene 2 11 333 -291035 0 990 -291035 1
gene 2 333 15 -51345 0 991 -51345 1
gene 1 5 354 -104528 0 1041 -104528 0
gene 1 354 13 290898 0 1042 290898 1
gene 1 5 415 1 0 1232 0 1
gene 1 415 354 -104528 0 1233 0 1
gene 4 6 433 1 0 1282 0 1
gene 4 433 14 74787 0 1283 0 1
genomeend 48


/* Organism #54 Fitness: 360.000000 Time: 0 */
/* Position #54*/
#1 x: 63 y: 39
#2 x: 80 y: 26
#3 x: 37 y: 16
#4 x: 79 y: 61
#5 x: 34 y: 83
#6 x: 32 y: 74
genomestart 54
trait 1 1.000000 0.000000 0.000000 0.000000 0.000000 0.000000 0.000000 0.000000 trait 2 2.000000 0.000000 0.000000 0.000000 0.000000 0.000000 0.000000 0.000000 trait 3 3.000000 0.000000 0.000000 0.000000 0.000000 0.000000 0.000000 0.000000 trait 4 4.000000 0.000000 0.000000 0.000000 0.000000 0.000000 0.000000 0.000000 node 1 4 1 3
node 2 2 1 1
node 3 3 1 1
node 4 2 1 1
node 5 1 1 1
node 6 1 1 1
node 7 3 1 1
node 8 1 1 1
node 9 1 1 1
node 10 4 1 1
node 11 2 1 1
node 12 1 1 1
node 13 3 0 2
node 14 1 0 2
node 15 2 0 2
node 92 1 0 0
node 121 1 0 0
node 224 1 0 0
node 239 1 0 0
node 281 1 0 0
node 357 1 0 0
node 374 1 0 0
node 386 1 0 0
gene 4 1 13 144232 0 1 144232 1
gene 1 2 13 -800000 0 2 -800000 1
gene 4 3 13 672581 0 3 672581 1
gene 1 4 13 129849 0 4 129849 0
gene 1 5 13 50381 0 5 50381 1
gene 2 6 13 -621245 0 6 -621245 0
gene 1 7 13 -800000 0 7 -800000 1
gene 4 8 13 -106095 0 8 -106095 1
gene 3 9 13 144297 0 9 144297 1
gene 3 10 13 -287395 0 10 -287395 1
gene 1 11 13 -570372 0 11 -570372 1
gene 2 12 13 -251607 0 12 -251607 0
gene 1 1 14 165045 0 13 165045 1
gene 2 2 14 -800000 0 14 -800000 1
gene 1 3 14 -13596 0 15 -13596 1
gene 3 4 14 -800000 0 16 -800000 1
gene 4 5 14 -699914 0 17 -699914 1
gene 4 6 14 -160932 0 18 -160932 1
gene 2 7 14 -478968 0 19 -478968 1
gene 3 8 14 103767 0 20 103767 0
gene 2 9 14 -358893 0 21 -358893 1
gene 1 10 14 -800000 0 22 -800000 1
gene 3 11 14 -105207 0 23 -105207 1
gene 2 12 14 -178467 0 24 -178467 1
gene 3 1 15 83268 0 25 83268 1
gene 4 2 15 494091 0 26 494091 1
gene 3 3 15 659486 0 27 659486 1
gene 4 4 15 -339798 0 28 -339798 1
gene 1 5 15 729746 0 29 729746 1
gene 4 6 15 741992 0 30 741992 1
gene 2 7 15 33951 0 31 33951 0
gene 1 8 15 -663514 0 32 -663514 1
gene 4 9 15 -29550 0 33 -29550 1
gene 2 10 15 181842 0 34 181842 1
gene 4 11 15 5094 0 35 5094 1
gene 1 12 15 -598373 0 36 -598373 0
gene 3 14 15 -474428 0 66 -474428 1
gene 3 14 13 489174 0 95 489174 1
gene 3 8 92 -88515 0 253 -88515 1
gene 3 92 14 800000 0 254 800000 1
gene 2 92 92 -316755 1 305 -316755 1
gene 1 4 121 436506 0 333 436506 1
gene 1 121 13 -394152 0 334 -394152 1
gene 3 11 121 -3870 0 561 -3870 1
gene 2 6 224 168931 0 649 168931 0
gene 2 224 13 -185601 0 650 -185601 1
gene 2 7 239 313669 0 695 313669 1
gene 2 239 15 -262038 0 696 -262038 1
gene 2 12 281 -28296 0 828 -28296 1
gene 2 281 13 30375 0 829 30375 1
gene 2 6 357 -164006 0 1048 -164006 1
gene 2 357 224 193344 0 1049 193344 1
gene 1 12 374 -31265 0 1098 -31265 1
gene 1 374 15 -800000 0 1099 -800000 0
gene 1 374 386 272623 0 1141 272623 1
gene 1 386 15 -613190 0 1142 -613190 1
gene 1 9 386 -36413 0 1287 -36413 1
genomeend 54


/* Organism #58 Fitness: 340.000000 Time: 0 */
/* Position #58*/
#1 x: 17 y: 17
#2 x: 29 y: 18
#3 x: 21 y: 18
#4 x: 18 y: 62
#5 x: 49 y: 64
#6 x: 21 y: 84
genomestart 58
trait 1 1.000000 0.000000 0.000000 0.000000 0.000000 0.000000 0.000000 0.000000 trait 2 2.000000 0.000000 0.000000 0.000000 0.000000 0.000000 0.000000 0.000000 trait 3 3.000000 0.000000 0.000000 0.000000 0.000000 0.000000 0.000000 0.000000 trait 4 0.000000 0.000000 41340.000000 95407.000000 100000.000000 24295.000000 0.000000 0.000000 node 1 3 1 3
node 2 3 1 1
node 3 2 1 1
node 4 1 1 1
node 5 4 1 1
node 6 2 1 1
node 7 3 1 1
node 8 2 1 1
node 9 1 1 1
node 10 2 1 1
node 11 3 1 1
node 12 1 1 1
node 13 1 0 2
node 14 3 0 2
node 15 3 0 2
node 97 1 0 0
node 130 1 0 0
node 154 1 0 0
node 206 1 0 0
node 343 1 0 0
gene 2 1 13 176760 0 1 176760 1
gene 1 2 13 52764 0 2 52764 1
gene 2 3 13 -203037 0 3 -203037 1
gene 1 4 13 204741 0 4 204741 1
gene 1 5 13 489042 0 5 489042 1
gene 3 6 13 -800000 0 6 -800000 1
gene 1 7 13 536258 0 7 536258 1
gene 4 8 13 -309951 0 8 -309951 1
gene 2 9 13 141777 0 9 141777 1
gene 2 10 13 -204825 0 10 -204825 1
gene 4 11 13 -638312 0 11 -638312 1
gene 2 12 13 -24795 0 12 -24795 0
gene 3 1 14 -400551 0 13 -400551 1
gene 2 2 14 -317931 0 14 -317931 1
gene 1 3 14 218121 0 15 218121 0
gene 3 4 14 -184509 0 16 -184509 1
gene 4 5 14 -660534 0 17 -660534 1
gene 4 6 14 -321537 0 18 -321537 1
gene 1 7 14 211251 0 19 211251 1
gene 4 8 14 310416 0 20 310416 1
gene 2 9 14 567141 0 21 567141 1
gene 3 10 14 392349 0 22 392349 0
gene 2 11 14 -157083 0 23 -157083 1
gene 1 12 14 54369 0 24 54369 1
gene 3 1 15 58077 0 25 58077 1
gene 3 2 15 286458 0 26 286458 1
gene 1 3 15 -800000 0 27 -800000 1
gene 3 4 15 207606 0 28 207606 1
gene 3 5 15 45147 0 29 45147 0
gene 2 6 15 292851 0 30 292851 1
gene 4 7 15 249960 0 31 249960 1
gene 4 8 15 -93513 0 32 -93513 1
gene 2 9 15 -608360 0 33 -608360 1
gene 3 10 15 133998 0 34 133998 0
gene 2 11 15 169332 0 35 169332 1
gene 1 12 15 -92031 0 36 -92031 1
gene 3 10 97 -151851 0 265 -151851 1
gene 3 97 14 52353 0 266 52353 1
gene 1 3 130 628869 0 358 628869 1
gene 1 130 14 -33924 0 359 -33924 1
gene 3 10 154 200586 0 422 200586 1
gene 3 154 15 -499098 0 423 -499098 1
gene 3 5 206 -66840 0 586 -66840 1
gene 3 206 15 -200574 0 587 -200574 1
gene 2 15 14 261310 0 768 261310 1
gene 3 14 13 101028 0 857 101028 1
gene 2 130 15 90126 0 970 90126 1
gene 2 12 343 253713 0 1014 253713 1
gene 2 343 13 -228366 0 1015 -228366 1
gene 3 343 343 49283 1 1123 49283 1
gene 2 7 206 -371913 0 1169 -371913 1
genomeend 58


/* Organism #64 Fitness: 400.000000 Time: 0 */
/* Position #64*/
#1 x: 37 y: 18
#2 x: 41 y: 35
#3 x: 51 y: 24
#4 x: 48 y: 68
#5 x: 26 y: 82
#6 x: 73 y: 83
genomestart 64
trait 1 1.000000 0.000000 0.000000 0.000000 0.000000 0.000000 0.000000 0.000000 trait 2 2.000000 42160.000000 0.000000 0.000000 0.000000 0.000000 0.000000 0.000000 trait 3 3.000000 0.000000 0.000000 0.000000 0.000000 0.000000 0.000000 0.000000 trait 4 4.000000 0.000000 0.000000 0.000000 0.000000 0.000000 0.000000 0.000000 node 1 4 1 3
node 2 2 1 1
node 3 4 1 1
node 4 2 1 1
node 5 4 1 1
node 6 3 1 1
node 7 2 1 1
node 8 1 1 1
node 9 4 1 1
node 10 1 1 1
node 11 1 1 1
node 12 4 1 1
node 13 3 0 2
node 14 1 0 2
node 15 4 0 2
node 71 1 0 0
node 289 1 0 0
node 317 1 0 0
node 368 1 0 0
node 389 1 0 0
gene 4 1 13 -384672 0 1 -384672 1
gene 3 2 13 -369027 0 2 -369027 1
gene 2 3 13 -183393 0 3 -183393 1
gene 4 4 13 -126266 0 4 -126266 1
gene 2 5 13 -405393 0 5 -405393 0
gene 3 6 13 -427983 0 6 -427983 1
gene 1 7 13 -706361 0 7 -706361 1
gene 1 8 13 -486180 0 8 -486180 1
gene 1 9 13 691020 0 9 691020 1
gene 2 10 13 -47439 0 10 -47439 1
gene 3 11 13 -390288 0 11 -390288 1
gene 3 12 13 -361967 0 12 -361967 1
gene 1 1 14 54603 0 13 54603 1
gene 1 2 14 163356 0 14 163356 1
gene 3 3 14 -207351 0 15 -207351 0
gene 1 4 14 97500 0 16 97500 1
gene 1 5 14 -75378 0 17 -75378 1
gene 1 6 14 -520157 0 18 -520157 1
gene 1 7 14 41985 0 19 41985 1
gene 2 8 14 188332 0 20 188332 1
gene 2 9 14 800000 0 21 800000 1
gene 1 10 14 -354093 0 22 -354093 1
gene 3 11 14 -463551 0 23 -463551 1
gene 2 12 14 286763 0 24 286763 1
gene 3 1 15 -87945 0 25 -87945 1
gene 2 2 15 800000 0 26 800000 1
gene 4 3 15 -265947 0 27 -265947 0
gene 2 4 15 -405279 0 28 -405279 1
gene 2 5 15 -646474 0 29 -646474 1
gene 1 6 15 -14175 0 30 -14175 1
gene 4 7 15 -122826 0 31 -122826 1
gene 2 8 15 -227193 0 32 -227193 0
gene 2 9 15 -362850 0 33 -362850 1
gene 1 10 15 219714 0 34 219714 1
gene 3 11 15 65028 0 35 65028 1
gene 1 12 15 -398757 0 36 -398757 1
gene 4 3 71 366183 0 201 366183 1
gene 3 71 14 -338124 0 202 -338124 1
gene 1 13 13 -90216 1 248 -90216 1
gene 2 13 15 336948 0 413 336948 1
gene 4 10 71 278688 0 454 278688 1
gene 1 7 71 412575 0 542 412575 1
gene 4 8 71 -558357 0 717 -558357 1
gene 4 71 71 292155 1 769 292155 1
gene 4 3 289 -282132 0 858 -282132 0
gene 4 289 15 -131205 0 859 -131205 1
gene 3 289 14 -235483 0 897 -235483 1
gene 4 3 317 221863 0 942 221863 1
gene 4 317 289 630469 0 943 630469 1
gene 2 8 368 -190248 0 1081 -190248 1
gene 2 368 15 29370 0 1082 29370 1
gene 2 5 389 24496 0 1147 24496 1
gene 2 389 13 200448 0 1148 200448 1
genomeend 64


/* Organism #66 Fitness: 480.000000 Time: 0 */
/* Position #66*/
#1 x: 61 y: 34
#2 x: 47 y: 21
#3 x: 55 y: 18
#4 x: 78 y: 76
#5 x: 51 y: 73
#6 x: 42 y: 81
genomestart 66
trait 1 31567.000000 0.000000 0.000000 0.000000 0.000000 0.000000 18973.000000 0.000000 trait 2 0.000000 0.000000 0.000000 90059.000000 48283.000000 0.000000 0.000000 0.000000 trait 3 3.000000 0.000000 0.000000 0.000000 0.000000 0.000000 0.000000 0.000000 trait 4 4.000000 0.000000 0.000000 0.000000 0.000000 0.000000 0.000000 0.000000 node 1 1 1 3
node 2 2 1 1
node 3 4 1 1
node 4 4 1 1
node 5 1 1 1
node 6 4 1 1
node 7 3 1 1
node 8 2 1 1
node 9 3 1 1
node 10 4 1 1
node 11 4 1 1
node 12 1 1 1
node 13 1 0 2
node 14 2 0 2
node 15 4 0 2
node 24 1 0 0
node 188 1 0 0
node 222 1 0 0
node 272 1 0 0
node 308 1 0 0
node 340 1 0 0
node 401 1 0 0
gene 1 1 13 -576123 0 1 -576123 1
gene 2 2 13 210351 0 2 210351 1
gene 2 3 13 -32073 0 3 -32073 1
gene 4 4 13 124191 0 4 124191 0
gene 3 5 13 -560000 0 5 -560000 1
gene 1 6 13 -112314 0 6 -112314 1
gene 1 7 13 128997 0 7 128997 1
gene 1 8 13 -697379 0 8 -697379 1
gene 4 9 13 -250947 0 9 -250947 1
gene 2 10 13 -297360 0 10 -297360 1
gene 3 11 13 -119337 0 11 -119337 1
gene 4 12 13 -270231 0 12 -270231 1
gene 1 1 14 174042 0 13 174042 1
gene 1 2 14 540378 0 14 540378 1
gene 2 3 14 -50091 0 15 -50091 1
gene 2 4 14 223556 0 16 223556 0
gene 1 5 14 -643994 0 17 -643994 1
gene 2 6 14 -267936 0 18 -267936 1
gene 3 7 14 -4782 0 19 -4782 0
gene 3 8 14 -259986 0 20 -259986 1
gene 3 9 14 525366 0 21 525366 1
gene 2 10 14 -254042 0 22 -254042 1
gene 3 11 14 651717 0 23 651717 1
gene 2 12 14 -23409 0 24 -23409 1
gene 2 1 15 -187577 0 25 -187577 1
gene 3 2 15 166167 0 26 166167 1
gene 3 3 15 -17396 0 27 -17396 0
gene 1 4 15 -234506 0 28 -234506 1
gene 4 5 15 -47583 0 29 -47583 1
gene 2 6 15 201630 0 30 201630 1
gene 4 7 15 178152 0 31 178152 1
gene 2 8 15 -81795 0 32 -81795 1
gene 2 9 15 -126825 0 33 -126825 0
gene 2 10 15 130269 0 34 130269 1
gene 3 11 15 264435 0 35 264435 1
gene 2 12 15 133806 0 36 133806 1
gene 4 4 24 287835 0 62 287835 1
gene 4 24 13 -49059 0 63 -49059 0
gene 1 24 24 484275 1 127 484275 1
gene 3 15 13 -267645 0 293 -267645 1
gene 2 7 24 38298 0 408 38298 1
gene 3 7 188 375247 0 526 375247 1
gene 3 188 14 -28947 0 527 -28947 0
gene 2 9 222 233362 0 645 233362 1
gene 2 222 15 -118269 0 646 -118269 1
gene 3 3 272 -185301 0 798 -185301 1
gene 3 272 15 -332898 0 799 -332898 1
gene 2 4 308 147367 0 918 147367 1
gene 2 308 14 276638 0 919 276638 1
gene 3 9 188 154855 0 959 154855 1
gene 3 188 340 191043 0 1007 191043 1
gene 3 340 14 31029 0 1008 31029 1
gene 1 340 15 -214584 0 1059 -214584 1
gene 4 24 401 -258764 0 1184 -258764 1
gene 4 401 13 30462 0 1185 30462 1
genomeend 66


/* Organism #74 Fitness: 380.000000 Time: 0 */
/* Position #74*/
#1 x: 60 y: 40
#2 x: 64 y: 38
#3 x: 40 y: 24
#4 x: 66 y: 73
#5 x: 62 y: 78
#6 x: 18 y: 83
genomestart 74
trait 1 1.000000 0.000000 0.000000 0.000000 0.000000 0.000000 0.000000 0.000000 trait 2 2.000000 0.000000 0.000000 0.000000 0.000000 0.000000 0.000000 0.000000 trait 3 3.000000 0.000000 0.000000 0.000000 0.000000 0.000000 0.000000 0.000000 trait 4 0.000000 0.000000 0.000000 36459.000000 0.000000 31890.000000 0.000000 46915.000000 node 1 4 1 3
node 2 2 1 1
node 3 3 1 1
node 4 2 1 1
node 5 1 1 1
node 6 1 1 1
node 7 3 1 1
node 8 1 1 1
node 9 1 1 1
node 10 4 1 1
node 11 2 1 1
node 12 1 1 1
node 13 3 0 2
node 14 1 0 2
node 15 2 0 2
node 92 1 0 0
node 121 1 0 0
node 224 1 0 0
node 239 1 0 0
node 330 1 0 0
node 346 1 0 0
node 416 1 0 0
gene 4 1 13 -198516 0 1 -198516 1
gene 1 2 13 81228 0 2 81228 1
gene 4 3 13 8535 0 3 8535 1
gene 1 4 13 -209568 0 4 -209568 0
gene 1 5 13 -208380 0 5 -208380 1
gene 2 6 13 71739 0 6 71739 0
gene 3 7 13 432126 0 7 432126 0
gene 4 8 13 5730 0 8 5730 1
gene 3 9 13 16695 0 9 16695 1
gene 3 10 13 -514282 0 10 -514282 1
gene 1 11 13 -222525 0 11 -222525 1
gene 2 12 13 327639 0 12 327639 1
gene 1 1 14 424089 0 13 424089 1
gene 2 2 14 196944 0 14 196944 1
gene 1 3 14 220242 0 15 220242 1
gene 3 4 14 -615099 0 16 -615099 1
gene 4 5 14 -778526 0 17 -778526 1
gene 4 6 14 496887 0 18 496887 1
gene 2 7 14 -754140 0 19 -754140 1
gene 3 8 14 480683 0 20 480683 0
gene 2 9 14 -12231 0 21 -12231 1
gene 1 10 14 -702011 0 22 -702011 1
gene 3 11 14 -47112 0 23 -47112 1
gene 2 12 14 -316068 0 24 -316068 1
gene 3 1 15 -102573 0 25 -102573 1
gene 4 2 15 -173829 0 26 -173829 1
gene 3 3 15 210869 0 27 210869 1
gene 4 4 15 224199 0 28 224199 1
gene 1 5 15 -168459 0 29 -168459 1
gene 1 6 15 123183 0 30 123183 1
gene 2 7 15 -209532 0 31 -209532 0
gene 1 8 15 -587333 0 32 -587333 1
gene 4 9 15 -416721 0 33 -416721 1
gene 2 10 15 -76290 0 34 -76290 1
gene 4 11 15 -101736 0 35 -101736 1
gene 1 12 15 -204969 0 36 -204969 1
gene 3 14 15 800000 0 66 800000 1
gene 3 14 13 -244887 0 95 -244887 1
gene 3 8 92 650637 0 253 650637 1
gene 3 92 14 -496071 0 254 -496071 1
gene 2 92 92 275724 1 305 275724 1
gene 1 4 121 -26922 0 333 -26922 1
gene 1 121 13 20727 0 334 20727 1
gene 3 11 121 -197775 0 561 -197775 1
gene 2 6 224 -157578 0 649 -157578 0
gene 2 224 13 291675 0 650 291675 1
gene 2 7 239 66498 0 695 66498 1
gene 2 239 15 -44982 0 696 -44982 1
gene 2 6 330 276708 0 984 276708 1
gene 2 330 224 -323808 0 985 -323808 1
gene 3 7 346 -277490 0 1022 -277490 1
gene 3 346 13 -800000 0 1023 -800000 0
gene 3 346 416 243025 0 1234 243025 1
gene 3 416 13 -620930 0 1235 -620930 1
genomeend 74


