/* Organism #0 Fitness: 320.000000 Time: 0 */
/* Position #0*/
#1 x: 16 y: 34
#2 x: 39 y: 38
#3 x: 71 y: 30
#4 x: 30 y: 81
#5 x: 71 y: 69
#6 x: 18 y: 67
genomestart 0
trait 1 1.000000 0.000000 0.000000 0.000000 0.000000 0.000000 0.000000 0.000000 trait 2 2.000000 0.000000 86530.000000 0.000000 0.000000 0.000000 40839.000000 0.000000 trait 3 3.000000 0.000000 0.000000 0.000000 87214.000000 0.000000 0.000000 43873.000000 trait 4 87559.000000 0.000000 0.000000 0.000000 0.000000 0.000000 48508.000000 17450.000000 node 1 4 1 3
node 2 2 1 1
node 3 2 1 1
node 4 2 1 1
node 5 1 1 1
node 6 1 1 1
node 7 3 1 1
node 8 1 1 1
node 9 1 1 1
node 10 4 1 1
node 11 4 1 1
node 12 1 1 1
node 13 3 0 2
node 14 1 0 2
node 15 2 0 2
node 92 1 0 0
node 121 1 0 0
node 183 1 0 0
node 238 1 0 0
node 293 1 0 0
node 409 2 0 0
node 471 1 0 0
node 524 1 0 0
node 617 1 0 0
node 634 1 0 0
node 652 1 0 0
node 701 1 0 0
node 737 1 0 0
node 851 1 0 0
node 1061 1 0 0
node 1186 1 0 0
node 1265 1 0 0
gene 4 1 13 800000 0 1 800000 1
gene 1 2 13 458640 0 2 458640 0
gene 2 3 13 -222210 0 3 -222210 1
gene 1 4 13 -70257 0 4 -70257 0
gene 1 5 13 282846 0 5 282846 0
gene 2 6 13 167121 0 6 167121 0
gene 3 7 13 -127080 0 7 -127080 1
gene 4 8 13 3537 0 8 3537 1
gene 3 9 13 -503391 0 9 -503391 1
gene 3 10 13 -203610 0 10 -203610 1
gene 1 11 13 -21831 0 11 -21831 1
gene 2 12 13 -336471 0 12 -336471 1
gene 1 1 14 -378579 0 13 -378579 1
gene 2 2 14 -320976 0 14 -320976 1
gene 1 3 14 -142956 0 15 -142956 1
gene 3 4 14 717722 0 16 717722 1
gene 4 5 14 676215 0 17 676215 1
gene 4 6 14 800000 0 18 800000 1
gene 2 7 14 380070 0 19 380070 1
gene 3 8 14 82578 0 20 82578 0
gene 2 9 14 21918 0 21 21918 0
gene 1 10 14 306144 0 22 306144 1
gene 3 11 14 800000 0 23 800000 0
gene 2 12 14 108720 0 24 108720 0
gene 3 1 15 571464 0 25 571464 1
gene 4 2 15 -224463 0 26 -224463 0
gene 3 3 15 -5640 0 27 -5640 1
gene 4 4 15 -305310 0 28 -305310 1
gene 1 5 15 -800000 0 29 -800000 0
gene 1 6 15 -186378 0 30 -186378 1
gene 2 7 15 -499074 0 31 -499074 0
gene 1 8 15 290715 0 32 290715 1
gene 4 9 15 171996 0 33 171996 1
gene 2 10 15 -354657 0 34 -354657 1
gene 4 11 15 -548856 0 35 -548856 1
gene 1 12 15 -142884 0 36 -142884 0
gene 3 14 15 -800000 0 66 -800000 1
gene 3 14 13 552098 0 95 552098 1
gene 3 8 92 -233469 0 253 -233469 1
gene 3 92 14 569634 0 254 569634 0
gene 2 92 92 -660200 1 305 -660200 1
gene 1 4 121 402216 0 333 402216 1
gene 1 121 13 262758 0 334 262758 1
gene 1 5 183 163650 0 512 163650 1
gene 1 183 13 -319038 0 513 -319038 1
gene 1 2 238 757676 0 693 757676 0
gene 1 238 13 219138 0 694 219138 1
gene 1 13 13 -198522 1 827 -198522 1
gene 2 7 293 241620 0 869 241620 1
gene 2 293 15 686299 0 870 686299 1
gene 3 15 13 -611322 0 1133 -611322 1
gene 2 9 409 213624 0 1210 213624 1
gene 2 409 14 264231 0 1211 264231 0
gene 2 92 121 599919 0 1278 599919 0
gene 2 409 293 -313365 0 1355 -313365 1
gene 1 12 471 548918 0 1399 548918 1
gene 1 471 15 -310593 0 1400 -310593 1
gene 3 11 524 186369 0 1569 186369 1
gene 3 524 14 -411306 0 1570 -411306 1
gene 4 6 471 -152685 0 1663 -152685 1
gene 4 409 15 683823 0 1765 683823 1
gene 1 5 617 -138260 0 1859 -138260 1
gene 1 617 15 72786 0 1860 72786 1
gene 1 2 634 -240483 0 1910 -240483 1
gene 1 634 238 798915 0 1911 798915 1
gene 2 92 652 40605 0 1968 40605 1
gene 2 652 121 -426036 0 1969 -426036 1
gene 2 6 701 243915 0 2113 243915 1
gene 2 701 13 59964 0 2114 59964 1
gene 3 92 737 -137787 0 2224 -137787 1
gene 3 737 14 -315933 0 2225 -315933 1
gene 2 121 617 673425 0 2527 673425 1
gene 4 2 851 -173289 0 2565 -173289 1
gene 4 851 15 256488 0 2566 256488 1
gene 3 15 183 -17664 0 2710 -17664 1
gene 4 9 701 -211872 0 3030 -211872 1
gene 2 7 737 -248139 0 3142 -248139 0
gene 2 409 1061 -216705 0 3180 -216705 1
gene 2 1061 14 -109140 0 3181 -109140 1
gene 3 92 238 546724 0 3365 546724 1
gene 4 8 652 156381 0 3490 156381 1
gene 3 11 409 -17856 0 3526 -17856 1
gene 2 7 1186 34530 0 3553 34530 1
gene 2 1186 737 -14639 0 3554 -14639 1
gene 2 12 1265 -43595 0 3780 -43595 1
gene 2 1265 14 -103125 0 3781 -103125 1
gene 4 238 1265 -209982 0 3840 -209982 1
gene 3 617 409 -53874 0 4011 -53874 1
genomeend 0


/* Organism #2 Fitness: 320.000000 Time: 0 */
/* Position #2*/
#1 x: 52 y: 37
#2 x: 51 y: 40
#3 x: 76 y: 17
#4 x: 70 y: 79
#5 x: 46 y: 61
#6 x: 85 y: 84
genomestart 2
trait 1 1.000000 0.000000 15875.000000 0.000000 0.000000 0.000000 0.000000 0.000000 trait 2 2.000000 0.000000 0.000000 0.000000 0.000000 0.000000 0.000000 0.000000 trait 3 3.000000 0.000000 0.000000 0.000000 0.000000 0.000000 0.000000 0.000000 trait 4 73910.000000 58593.000000 0.000000 0.000000 0.000000 0.000000 0.000000 0.000000 node 1 4 1 3
node 2 2 1 1
node 3 4 1 1
node 4 2 1 1
node 5 4 1 1
node 6 3 1 1
node 7 2 1 1
node 8 1 1 1
node 9 4 1 1
node 10 1 1 1
node 11 1 1 1
node 12 4 1 1
node 13 3 0 2
node 14 1 0 2
node 15 4 0 2
node 71 1 0 0
node 289 1 0 0
node 317 1 0 0
node 368 4 0 0
node 381 3 0 0
node 394 1 0 0
node 405 1 0 0
node 439 2 0 0
node 665 1 0 0
node 706 1 0 0
node 739 1 0 0
node 804 1 0 0
node 860 1 0 0
node 881 1 0 0
node 1026 1 0 0
node 1056 1 0 0
node 1123 1 0 0
node 1140 1 0 0
node 1286 1 0 0
node 1317 1 0 0
gene 4 1 13 -14658 0 1 -14658 1
gene 3 2 13 -259197 0 2 -259197 1
gene 2 3 13 179994 0 3 179994 1
gene 4 4 13 -641505 0 4 -641505 1
gene 2 5 13 -326127 0 5 -326127 1
gene 3 6 13 -216237 0 6 -216237 1
gene 1 7 13 240060 0 7 240060 1
gene 1 8 13 -729558 0 8 -729558 1
gene 1 9 13 -195753 0 9 -195753 1
gene 2 10 13 -800000 0 10 -800000 0
gene 3 11 13 420063 0 11 420063 1
gene 3 12 13 -400458 0 12 -400458 1
gene 1 1 14 800000 0 13 800000 1
gene 1 2 14 510837 0 14 510837 0
gene 3 3 14 142107 0 15 142107 0
gene 1 4 14 -452645 0 16 -452645 1
gene 1 5 14 -67845 0 17 -67845 1
gene 1 6 14 116394 0 18 116394 1
gene 1 7 14 -276261 0 19 -276261 1
gene 2 8 14 224277 0 20 224277 1
gene 2 9 14 800000 0 21 800000 1
gene 1 10 14 474165 0 22 474165 1
gene 3 11 14 -144516 0 23 -144516 0
gene 2 12 14 -484698 0 24 -484698 1
gene 3 1 15 -347927 0 25 -347927 1
gene 2 2 15 -270725 0 26 -270725 0
gene 4 3 15 216927 0 27 216927 0
gene 2 4 15 241305 0 28 241305 1
gene 2 5 15 -358899 0 29 -358899 1
gene 1 6 15 -32043 0 30 -32043 1
gene 4 7 15 127545 0 31 127545 1
gene 2 8 15 403524 0 32 403524 0
gene 2 9 15 -185862 0 33 -185862 1
gene 1 10 15 -437178 0 34 -437178 1
gene 3 11 15 -405180 0 35 -405180 0
gene 1 12 15 -789228 0 36 -789228 1
gene 4 3 71 180945 0 201 180945 0
gene 3 71 14 -480420 0 202 -480420 1
gene 1 13 13 297561 1 248 297561 1
gene 2 13 15 412809 0 413 412809 1
gene 4 10 71 145016 0 454 145016 1
gene 1 7 71 551943 0 542 551943 1
gene 4 8 71 -246798 0 717 -246798 1
gene 4 71 71 422646 1 769 422646 1
gene 4 3 289 252477 0 858 252477 0
gene 4 289 15 261570 0 859 261570 1
gene 3 289 14 108498 0 897 108498 0
gene 4 3 317 -333567 0 942 -333567 1
gene 4 317 289 76512 0 943 76512 1
gene 2 8 368 393867 0 1081 393867 1
gene 2 368 15 85049 0 1082 85049 1
gene 1 2 381 -115962 0 1117 -115962 1
gene 1 381 14 120201 0 1118 120201 1
gene 4 3 394 259512 0 1159 259512 0
gene 4 394 71 -394935 0 1160 -394935 1
gene 3 11 405 -162090 0 1197 -162090 0
gene 3 405 14 632160 0 1198 632160 1
gene 4 14 405 -519 1 1256 -519 0
gene 4 3 439 -564156 0 1305 -564156 1
gene 4 439 394 125670 0 1306 125670 1
gene 4 14 381 800000 1 1807 800000 0
gene 4 6 381 256446 0 1838 256446 0
gene 4 6 665 -254868 0 2003 -254868 1
gene 4 665 381 800000 0 2004 800000 1
gene 4 14 706 -800000 1 2128 -800000 0
gene 4 706 381 -587543 0 2129 -587543 1
gene 1 12 289 -244683 0 2180 -244683 1
gene 2 10 739 -269426 0 2229 -269426 1
gene 2 739 13 -431274 0 2230 -431274 0
gene 4 405 381 800000 0 2321 800000 1
gene 3 665 665 -438468 1 2364 -438468 1
gene 4 14 804 193963 1 2425 193963 1
gene 4 804 405 -200034 0 2426 -200034 1
gene 3 3 706 -115821 0 2537 -115821 1
gene 3 289 860 163959 0 2588 163959 1
gene 3 860 14 150090 0 2589 150090 1
gene 3 11 881 -42747 0 2650 -42747 1
gene 3 881 15 228744 0 2651 228744 1
gene 2 5 439 -244341 0 2695 -244341 1
gene 1 289 739 750348 0 2846 750348 1
gene 3 665 804 -327962 0 2893 -327962 1
gene 2 706 13 -331734 0 3029 -331734 0
gene 2 2 1026 204337 0 3079 204337 1
gene 2 1026 15 72006 0 3080 72006 1
gene 2 706 1056 -450384 0 3166 -450384 1
gene 2 1056 13 -132909 0 3167 -132909 1
gene 3 368 368 -314424 1 3310 -314424 1
gene 3 11 1123 -24284 0 3355 -24284 1
gene 3 1123 405 84414 0 3356 84414 1
gene 2 739 1140 354609 0 3409 354609 1
gene 2 1140 13 -66606 0 3410 -66606 1
gene 2 10 1056 361058 0 3590 361058 1
gene 4 14 1286 1 1 3841 0 1
gene 4 1286 706 -800000 0 3842 0 0
gene 4 1286 1317 1 0 3928 0 1
gene 4 1317 706 -800000 0 3929 0 1
gene 4 881 804 -18140 0 3971 -18140 1
gene 3 317 15 -26602 0 4012 -26602 1
genomeend 2


/* Organism #10 Fitness: 360.000000 Time: 0 */
/* Position #10*/
#1 x: 75 y: 26
#2 x: 29 y: 36
#3 x: 32 y: 24
#4 x: 51 y: 81
#5 x: 41 y: 82
#6 x: 15 y: 78
genomestart 10
trait 1 1.000000 0.000000 0.000000 0.000000 0.000000 0.000000 0.000000 0.000000 trait 2 2.000000 0.000000 86530.000000 0.000000 0.000000 0.000000 40839.000000 0.000000 trait 3 3.000000 0.000000 0.000000 0.000000 87214.000000 0.000000 0.000000 43873.000000 trait 4 87559.000000 0.000000 0.000000 0.000000 0.000000 0.000000 48508.000000 17450.000000 node 1 4 1 3
node 2 2 1 1
node 3 2 1 1
node 4 2 1 1
node 5 1 1 1
node 6 1 1 1
node 7 3 1 1
node 8 1 1 1
node 9 1 1 1
node 10 4 1 1
node 11 4 1 1
node 12 1 1 1
node 13 3 0 2
node 14 1 0 2
node 15 2 0 2
node 92 1 0 0
node 121 2 0 0
node 183 1 0 0
node 238 1 0 0
node 293 1 0 0
node 409 2 0 0
node 471 1 0 0
node 524 1 0 0
node 617 1 0 0
node 634 1 0 0
node 652 1 0 0
node 701 1 0 0
node 737 1 0 0
node 851 1 0 0
node 1061 1 0 0
node 1245 1 0 0
gene 4 1 13 185613 0 1 185613 1
gene 1 2 13 -83112 0 2 -83112 0
gene 2 3 13 -242955 0 3 -242955 1
gene 1 4 13 149652 0 4 149652 0
gene 1 5 13 214974 0 5 214974 0
gene 2 6 13 65301 0 6 65301 0
gene 3 7 13 135576 0 7 135576 1
gene 4 8 13 357037 0 8 357037 1
gene 3 9 13 175491 0 9 175491 1
gene 3 10 13 359844 0 10 359844 1
gene 1 11 13 591492 0 11 591492 1
gene 2 12 13 20355 0 12 20355 1
gene 1 1 14 -84198 0 13 -84198 1
gene 2 2 14 390414 0 14 390414 1
gene 1 3 14 463092 0 15 463092 1
gene 3 4 14 799217 0 16 799217 1
gene 4 5 14 237956 0 17 237956 1
gene 4 6 14 464715 0 18 464715 1
gene 2 7 14 501240 0 19 501240 1
gene 3 8 14 -705603 0 20 -705603 0
gene 2 9 14 800000 0 21 800000 0
gene 1 10 14 164820 0 22 164820 1
gene 3 11 14 593121 0 23 593121 0
gene 2 12 14 -236559 0 24 -236559 1
gene 3 1 15 -411789 0 25 -411789 1
gene 4 2 15 379053 0 26 379053 0
gene 3 3 15 -800000 0 27 -800000 1
gene 4 4 15 -666378 0 28 -666378 1
gene 1 5 15 -124731 0 29 -124731 0
gene 1 6 15 -800000 0 30 -800000 1
gene 2 7 15 -634533 0 31 -634533 0
gene 1 8 15 424020 0 32 424020 1
gene 1 9 15 720302 0 33 720302 1
gene 2 10 15 -438051 0 34 -438051 1
gene 4 11 15 377928 0 35 377928 1
gene 1 12 15 -433722 0 36 -433722 0
gene 3 14 15 -98973 0 66 -98973 1
gene 3 14 13 352880 0 95 352880 1
gene 3 8 92 -605109 0 253 -605109 1
gene 3 92 14 167484 0 254 167484 0
gene 2 92 92 156195 1 305 156195 1
gene 1 4 121 110853 0 333 110853 1
gene 2 121 13 -211152 0 334 -211152 1
gene 1 5 183 -718734 0 512 -718734 1
gene 1 183 13 568908 0 513 568908 1
gene 1 2 238 494480 0 693 494480 0
gene 1 238 13 450051 0 694 450051 1
gene 1 13 13 425661 1 827 425661 1
gene 2 7 293 -218403 0 869 -218403 1
gene 2 293 15 -11195 0 870 -11195 1
gene 3 15 13 -77412 0 1133 -77412 1
gene 2 9 409 642270 0 1210 642270 1
gene 2 409 14 -184347 0 1211 -184347 0
gene 2 92 121 -160314 0 1278 -160314 0
gene 2 409 293 -800000 0 1355 -800000 1
gene 1 12 471 275099 0 1399 275099 1
gene 1 471 15 79119 0 1400 79119 0
gene 3 11 524 -17070 0 1569 -17070 1
gene 3 524 14 428160 0 1570 428160 1
gene 4 6 471 -371268 0 1663 -371268 1
gene 4 409 15 -527532 0 1765 -527532 1
gene 1 5 617 -356940 0 1859 -356940 1
gene 1 617 15 67725 0 1860 67725 1
gene 1 2 634 -265512 0 1910 -265512 1
gene 1 634 238 555321 0 1911 555321 1
gene 2 92 652 -800000 0 1968 -800000 1
gene 2 652 121 -39129 0 1969 -39129 1
gene 2 6 701 -129450 0 2113 -129450 1
gene 2 701 13 -233049 0 2114 -233049 1
gene 3 92 737 -7197 0 2224 -7197 1
gene 3 737 14 138108 0 2225 138108 1
gene 2 121 617 -7416 0 2527 -7416 1
gene 4 2 851 132351 0 2565 132351 1
gene 4 851 15 240606 0 2566 240606 1
gene 3 15 183 186048 0 2710 186048 1
gene 4 9 701 -549178 0 3030 -549178 1
gene 2 7 737 -144387 0 3142 -144387 1
gene 2 409 1061 -267642 0 3180 -267642 1
gene 2 1061 14 284415 0 3181 284415 1
gene 3 92 238 483523 0 3365 483523 1
gene 3 293 293 -367567 1 3673 -367567 1
gene 1 471 1245 -125081 0 3718 -125081 1
gene 1 1245 15 -544077 0 3719 -544077 1
genomeend 10


/* Organism #14 Fitness: 360.000000 Time: 0 */
/* Position #14*/
#1 x: 66 y: 17
#2 x: 65 y: 30
#3 x: 35 y: 32
#4 x: 31 y: 72
#5 x: 82 y: 78
#6 x: 35 y: 79
genomestart 14
trait 1 0.000000 0.000000 0.000000 0.000000 0.000000 75641.000000 0.000000 0.000000 trait 2 2.000000 0.000000 0.000000 0.000000 0.000000 0.000000 0.000000 0.000000 trait 3 3.000000 0.000000 0.000000 0.000000 0.000000 0.000000 0.000000 0.000000 trait 4 4.000000 0.000000 0.000000 0.000000 0.000000 0.000000 0.000000 0.000000 node 1 4 1 3
node 2 2 1 1
node 3 4 1 1
node 4 2 1 1
node 5 4 1 1
node 6 3 1 1
node 7 2 1 1
node 8 1 1 1
node 9 4 1 1
node 10 1 1 1
node 11 1 1 1
node 12 4 1 1
node 13 3 0 2
node 14 1 0 2
node 15 4 0 2
node 71 1 0 0
node 289 1 0 0
node 317 1 0 0
node 368 1 0 0
node 381 1 0 0
node 394 1 0 0
node 473 1 0 0
node 490 1 0 0
node 568 1 0 0
node 647 1 0 0
node 686 1 0 0
node 704 1 0 0
node 760 1 0 0
node 834 1 0 0
node 877 1 0 0
node 886 1 0 0
node 948 1 0 0
node 996 1 0 0
node 1018 1 0 0
node 1030 1 0 0
node 1107 1 0 0
node 1283 1 0 0
node 1347 1 0 0
gene 4 1 13 227370 0 1 227370 1
gene 3 2 13 275940 0 2 275940 1
gene 2 3 13 -534345 0 3 -534345 0
gene 4 4 13 -703184 0 4 -703184 1
gene 2 5 13 282531 0 5 282531 0
gene 3 6 13 -344496 0 6 -344496 1
gene 1 7 13 -443217 0 7 -443217 0
gene 1 8 13 -535890 0 8 -535890 1
gene 1 9 13 -127260 0 9 -127260 1
gene 2 10 13 -800000 0 10 -800000 1
gene 3 11 13 -233310 0 11 -233310 1
gene 3 12 13 94542 0 12 94542 1
gene 1 1 14 477948 0 13 477948 1
gene 1 2 14 364161 0 14 364161 0
gene 3 3 14 -59403 0 15 -59403 0
gene 1 4 14 275568 0 16 275568 0
gene 1 5 14 181881 0 17 181881 1
gene 1 6 14 231390 0 18 231390 1
gene 1 7 14 -351762 0 19 -351762 1
gene 2 8 14 -24198 0 20 -24198 1
gene 2 9 14 -722864 0 21 -722864 1
gene 1 10 14 -67293 0 22 -67293 0
gene 3 11 14 437208 0 23 437208 1
gene 2 12 14 -800000 0 24 -800000 0
gene 3 1 15 540666 0 25 540666 1
gene 2 2 15 146919 0 26 146919 1
gene 4 3 15 -599111 0 27 -599111 0
gene 2 4 15 420987 0 28 420987 0
gene 2 5 15 -617703 0 29 -617703 1
gene 1 6 15 720942 0 30 720942 1
gene 4 7 15 13233 0 31 13233 0
gene 2 8 15 250995 0 32 250995 0
gene 2 9 15 -37461 0 33 -37461 1
gene 1 10 15 -72570 0 34 -72570 1
gene 3 11 15 -137820 0 35 -137820 1
gene 1 12 15 -131835 0 36 -131835 1
gene 4 3 71 -18846 0 201 -18846 0
gene 3 71 14 394587 0 202 394587 0
gene 1 13 13 -475452 1 248 -475452 1
gene 2 13 15 211443 0 413 211443 1
gene 4 10 71 -440862 0 454 -440862 1
gene 1 7 71 222246 0 542 222246 0
gene 4 8 71 -105567 0 717 -105567 1
gene 4 71 71 281574 1 769 281574 0
gene 4 3 289 -195539 0 858 -195539 0
gene 4 289 15 705270 0 859 705270 1
gene 3 289 14 -187197 0 897 -187197 1
gene 4 3 317 224601 0 942 224601 0
gene 4 317 289 -177024 0 943 -177024 1
gene 2 8 368 1308 0 1081 1308 1
gene 2 368 15 -40062 0 1082 -40062 1
gene 1 2 381 191403 0 1117 191403 1
gene 2 381 14 270828 0 1118 270828 1
gene 4 3 394 800000 0 1159 800000 0
gene 4 394 71 89841 0 1160 89841 1
gene 4 1 394 -137052 0 1362 -137052 1
gene 2 3 473 -754263 0 1405 -754263 1
gene 2 473 13 -511500 0 1406 -511500 1
gene 1 10 490 599517 0 1456 599517 1
gene 1 490 14 174918 0 1457 174918 1
gene 3 13 289 236571 0 1591 236571 1
gene 4 71 568 -445389 1 1699 -445389 1
gene 4 568 71 -219966 0 1700 -219966 0
gene 3 568 15 -746211 0 1754 -746211 1
gene 3 289 394 -482835 0 1809 -482835 0
gene 4 568 647 -33618 0 1948 -33618 1
gene 4 647 71 -514581 0 1949 -514581 1
gene 1 7 686 -395319 0 2069 -395319 1
gene 1 686 71 -298293 0 2070 -298293 1
gene 3 71 704 150798 0 2122 150798 1
gene 3 704 14 -196746 0 2123 -196746 1
gene 3 289 760 527766 0 2296 527766 1
gene 3 760 394 411543 0 2297 411543 1
gene 4 368 394 159969 0 2326 159969 1
gene 2 10 289 -543282 0 2376 -543282 1
gene 4 3 834 -425136 0 2518 -425136 1
gene 4 834 317 -40044 0 2519 -40044 0
gene 2 12 877 -800000 0 2634 -800000 1
gene 2 877 14 -734661 0 2635 -734661 1
gene 2 4 886 -114428 0 2665 -114428 1
gene 2 886 15 -408 0 2666 -408 1
gene 2 5 948 151497 0 2855 151497 0
gene 2 948 13 -233961 0 2856 -233961 1
gene 2 877 877 127176 1 2903 127176 1
gene 1 7 996 204066 0 2996 204066 1
gene 1 996 13 201369 0 2997 201369 1
gene 3 7 1018 221181 0 3054 221181 1
gene 4 1018 15 -404232 0 3055 -404232 1
gene 1 4 1030 -74919 0 3100 -74919 1
gene 1 1030 14 472521 0 3101 472521 1
gene 3 568 568 28296 1 3154 28296 1
gene 2 5 1107 108504 0 3308 108504 1
gene 2 1107 948 25194 0 3309 25194 1
gene 4 686 686 223746 1 3352 223746 1
gene 3 996 490 278831 0 3408 278831 1
gene 3 996 996 -99645 1 3624 -99645 1
gene 3 381 381 -261887 1 3767 -261887 1
gene 4 3 1283 22758 0 3832 22758 1
gene 4 1283 394 539448 0 3833 539448 1
gene 2 6 760 64569 0 3958 64569 1
gene 4 834 1347 1 0 4027 0 1
gene 4 1347 317 -40044 0 4028 0 1
genomeend 14


/* Organism #16 Fitness: 480.000000 Time: 0 */
/* Position #16*/
#1 x: 77 y: 22
#2 x: 43 y: 23
#3 x: 72 y: 30
#4 x: 54 y: 65
#5 x: 72 y: 76
#6 x: 48 y: 83
genomestart 16
trait 1 1.000000 0.000000 0.000000 0.000000 0.000000 0.000000 0.000000 0.000000 trait 2 2.000000 0.000000 0.000000 0.000000 0.000000 0.000000 0.000000 0.000000 trait 3 3.000000 0.000000 0.000000 0.000000 0.000000 0.000000 0.000000 0.000000 trait 4 4.000000 0.000000 0.000000 0.000000 0.000000 0.000000 0.000000 0.000000 node 1 4 1 3
node 2 2 1 1
node 3 4 1 1
node 4 2 1 1
node 5 4 1 1
node 6 3 1 1
node 7 2 1 1
node 8 1 1 1
node 9 4 1 1
node 10 1 1 1
node 11 1 1 1
node 12 4 1 1
node 13 3 0 2
node 14 1 0 2
node 15 4 0 2
node 71 1 0 0
node 289 1 0 0
node 317 1 0 0
node 368 1 0 0
node 381 1 0 0
node 394 1 0 0
node 473 1 0 0
node 490 1 0 0
node 568 1 0 0
node 647 1 0 0
node 686 1 0 0
node 704 1 0 0
node 760 1 0 0
node 834 1 0 0
node 877 1 0 0
node 886 1 0 0
node 948 1 0 0
node 996 1 0 0
node 1018 1 0 0
node 1030 1 0 0
node 1107 1 0 0
node 1283 1 0 0
node 1318 1 0 0
node 1334 1 0 0
node 1348 1 0 0
gene 4 1 13 321597 0 1 321597 1
gene 3 2 13 -88434 0 2 -88434 1
gene 2 3 13 -600174 0 3 -600174 0
gene 4 4 13 -800000 0 4 -800000 1
gene 2 5 13 406428 0 5 406428 0
gene 3 6 13 -51042 0 6 -51042 0
gene 1 7 13 -169518 0 7 -169518 0
gene 1 8 13 -574809 0 8 -574809 1
gene 1 9 13 -403668 0 9 -403668 1
gene 2 10 13 -520554 0 10 -520554 1
gene 3 11 13 104985 0 11 104985 1
gene 3 12 13 153348 0 12 153348 1
gene 1 1 14 210174 0 13 210174 1
gene 1 2 14 -194286 0 14 -194286 0
gene 3 3 14 -143586 0 15 -143586 0
gene 1 4 14 160023 0 16 160023 0
gene 1 5 14 -233160 0 17 -233160 1
gene 1 6 14 189804 0 18 189804 1
gene 1 7 14 -473646 0 19 -473646 1
gene 2 8 14 272082 0 20 272082 1
gene 2 9 14 -503885 0 21 -503885 1
gene 1 10 14 66846 0 22 66846 0
gene 3 11 14 -31533 0 23 -31533 1
gene 2 12 14 -527057 0 24 -527057 0
gene 3 1 15 390429 0 25 390429 1
gene 2 2 15 146892 0 26 146892 1
gene 4 3 15 -488042 0 27 -488042 0
gene 2 4 15 349998 0 28 349998 0
gene 2 5 15 -398319 0 29 -398319 1
gene 1 6 15 544806 0 30 544806 1
gene 4 7 15 269538 0 31 269538 0
gene 2 8 15 343584 0 32 343584 0
gene 2 9 15 -482745 0 33 -482745 1
gene 1 10 15 373719 0 34 373719 1
gene 3 11 15 -119235 0 35 -119235 1
gene 1 12 15 -359544 0 36 -359544 1
gene 4 3 71 -178809 0 201 -178809 0
gene 3 71 14 -41715 0 202 -41715 0
gene 1 13 13 508212 1 248 508212 1
gene 2 13 15 -563829 0 413 -563829 1
gene 4 10 71 -748266 0 454 -748266 1
gene 1 7 71 130578 0 542 130578 0
gene 4 8 71 355173 0 717 355173 1
gene 4 71 71 478542 1 769 478542 0
gene 4 3 289 -655484 0 858 -655484 0
gene 4 289 15 520626 0 859 520626 1
gene 3 289 14 -397341 0 897 -397341 1
gene 4 3 317 -292449 0 942 -292449 0
gene 4 317 289 -490134 0 943 -490134 1
gene 2 8 368 20385 0 1081 20385 0
gene 2 368 15 174111 0 1082 174111 1
gene 1 2 381 184851 0 1117 184851 1
gene 2 381 14 -329079 0 1118 -329079 1
gene 4 3 394 787011 0 1159 787011 0
gene 4 394 71 -259203 0 1160 -259203 1
gene 4 1 394 263106 0 1362 263106 1
gene 2 3 473 -680832 0 1405 -680832 1
gene 2 473 13 -70053 0 1406 -70053 1
gene 1 10 490 495873 0 1456 495873 1
gene 1 490 14 93687 0 1457 93687 1
gene 3 13 289 -141771 0 1591 -141771 1
gene 4 71 568 -272841 1 1699 -272841 1
gene 4 568 71 -800000 0 1700 -800000 0
gene 3 568 15 -105231 0 1754 -105231 1
gene 3 289 394 -208620 0 1809 -208620 0
gene 4 568 647 -213438 0 1948 -213438 1
gene 4 647 71 -281652 0 1949 -281652 1
gene 1 7 686 233979 0 2069 233979 1
gene 1 686 71 -125193 0 2070 -125193 1
gene 3 71 704 -689001 0 2122 -689001 1
gene 3 704 14 56982 0 2123 56982 1
gene 3 289 760 477093 0 2296 477093 1
gene 3 760 394 47208 0 2297 47208 1
gene 4 368 394 320877 0 2326 320877 1
gene 2 10 289 102020 0 2376 102020 1
gene 4 3 834 -233442 0 2518 -233442 1
gene 4 834 317 195042 0 2519 195042 1
gene 2 12 877 -800000 0 2634 -800000 1
gene 2 877 14 -800000 0 2635 -800000 1
gene 2 4 886 60919 0 2665 60919 1
gene 2 886 15 -282081 0 2666 -282081 1
gene 2 5 948 66651 0 2855 66651 0
gene 2 948 13 -114726 0 2856 -114726 1
gene 2 877 877 -67602 1 2903 -67602 1
gene 1 7 996 -276089 0 2996 -276089 1
gene 1 996 13 -36201 0 2997 -36201 1
gene 3 7 1018 -135312 0 3054 -135312 1
gene 4 1018 15 -408609 0 3055 -408609 1
gene 1 4 1030 -344682 0 3100 -344682 1
gene 1 1030 14 -213582 0 3101 -213582 1
gene 3 568 568 800000 1 3154 800000 1
gene 2 5 1107 368742 0 3308 368742 1
gene 2 1107 948 172603 0 3309 172603 1
gene 4 686 686 50421 1 3352 50421 1
gene 3 996 490 265002 0 3408 265002 1
gene 3 996 996 -125045 1 3624 -125045 1
gene 3 381 381 -328406 1 3767 -328406 1
gene 4 3 1283 -267870 0 3832 -267870 0
gene 4 1283 394 685155 0 3833 685155 1
gene 2 8 1318 1 0 3932 0 1
gene 2 1318 368 20385 0 3933 0 1
gene 4 3 1334 1 0 3987 0 1
gene 4 1334 1283 -267870 0 3988 0 1
gene 3 6 1348 1 0 4030 0 1
gene 3 1348 13 -51042 0 4031 0 1
genomeend 16


/* Organism #24 Fitness: 320.000000 Time: 0 */
/* Position #24*/
#1 x: 30 y: 16
#2 x: 49 y: 29
#3 x: 21 y: 40
#4 x: 53 y: 60
#5 x: 30 y: 68
#6 x: 39 y: 61
genomestart 24
trait 1 1.000000 0.000000 0.000000 0.000000 0.000000 0.000000 0.000000 0.000000 trait 2 2.000000 0.000000 0.000000 0.000000 0.000000 0.000000 0.000000 0.000000 trait 3 3.000000 0.000000 0.000000 0.000000 0.000000 0.000000 0.000000 0.000000 trait 4 4.000000 0.000000 0.000000 0.000000 0.000000 0.000000 0.000000 0.000000 node 1 4 1 3
node 2 2 1 1
node 3 4 1 1
node 4 2 1 1
node 5 4 1 1
node 6 3 1 1
node 7 2 1 1
node 8 1 1 1
node 9 4 1 1
node 10 3 1 1
node 11 1 1 1
node 12 4 1 1
node 13 3 0 2
node 14 1 0 2
node 15 4 0 2
node 71 1 0 0
node 289 1 0 0
node 317 1 0 0
node 368 1 0 0
node 381 1 0 0
node 394 1 0 0
node 473 1 0 0
node 490 1 0 0
node 568 1 0 0
node 647 1 0 0
node 686 1 0 0
node 704 1 0 0
node 760 1 0 0
node 834 1 0 0
node 877 1 0 0
node 886 1 0 0
node 948 1 0 0
node 996 1 0 0
node 1018 1 0 0
node 1030 1 0 0
node 1107 1 0 0
node 1188 1 0 0
node 1266 1 0 0
gene 4 1 13 664137 0 1 664137 1
gene 3 2 13 97359 0 2 97359 1
gene 2 3 13 253803 0 3 253803 0
gene 4 4 13 -682746 0 4 -682746 1
gene 2 5 13 102396 0 5 102396 0
gene 3 6 13 800000 0 6 800000 1
gene 1 7 13 -483084 0 7 -483084 0
gene 1 8 13 206031 0 8 206031 1
gene 1 9 13 575616 0 9 575616 1
gene 2 10 13 124824 0 10 124824 1
gene 3 11 13 63048 0 11 63048 1
gene 3 12 13 397263 0 12 397263 1
gene 1 1 14 69978 0 13 69978 1
gene 1 2 14 -482550 0 14 -482550 0
gene 3 3 14 -29901 0 15 -29901 0
gene 1 4 14 94617 0 16 94617 0
gene 1 5 14 305649 0 17 305649 1
gene 1 6 14 78408 0 18 78408 1
gene 1 7 14 -12336 0 19 -12336 1
gene 2 8 14 800000 0 20 800000 1
gene 2 9 14 -564887 0 21 -564887 0
gene 1 10 14 99753 0 22 99753 0
gene 3 11 14 310038 0 23 310038 1
gene 2 12 14 -676195 0 24 -676195 0
gene 3 1 15 -354912 0 25 -354912 1
gene 2 2 15 -312918 0 26 -312918 1
gene 4 3 15 -457340 0 27 -457340 0
gene 2 4 15 137691 0 28 137691 0
gene 2 5 15 -452058 0 29 -452058 1
gene 1 6 15 102681 0 30 102681 1
gene 4 7 15 370503 0 31 370503 0
gene 2 8 15 -399765 0 32 -399765 0
gene 2 9 15 -446244 0 33 -446244 1
gene 1 10 15 -67128 0 34 -67128 1
gene 3 11 15 64500 0 35 64500 1
gene 1 12 15 800000 0 36 800000 1
gene 4 3 71 -52923 0 201 -52923 0
gene 3 71 14 -558959 0 202 -558959 0
gene 1 13 13 548829 1 248 548829 1
gene 2 13 15 217503 0 413 217503 1
gene 4 10 71 -586677 0 454 -586677 1
gene 1 7 71 513875 0 542 513875 0
gene 4 8 71 354129 0 717 354129 1
gene 4 71 71 800000 1 769 800000 0
gene 4 3 289 115197 0 858 115197 0
gene 4 289 15 352299 0 859 352299 1
gene 3 289 14 -780597 0 897 -780597 1
gene 4 3 317 -205071 0 942 -205071 0
gene 4 317 289 251667 0 943 251667 1
gene 2 8 368 9249 0 1081 9249 1
gene 2 368 15 401871 0 1082 401871 1
gene 1 2 381 771327 0 1117 771327 1
gene 2 381 14 111357 0 1118 111357 1
gene 4 3 394 68661 0 1159 68661 1
gene 4 394 71 529287 0 1160 529287 1
gene 4 1 394 -142734 0 1362 -142734 1
gene 2 3 473 295515 0 1405 295515 1
gene 2 473 13 -475131 0 1406 -475131 1
gene 1 10 490 -259092 0 1456 -259092 1
gene 1 490 14 -659463 0 1457 -659463 1
gene 3 13 289 282042 0 1591 282042 1
gene 4 71 568 -54882 1 1699 -54882 1
gene 4 568 71 -372266 0 1700 -372266 0
gene 3 568 15 -395050 0 1754 -395050 1
gene 3 289 394 31800 0 1809 31800 0
gene 4 568 647 -485178 0 1948 -485178 1
gene 4 647 71 334419 0 1949 334419 1
gene 1 7 686 -197513 0 2069 -197513 1
gene 1 686 71 -204639 0 2070 -204639 1
gene 3 71 704 -593213 0 2122 -593213 1
gene 3 704 14 -538986 0 2123 -538986 1
gene 3 289 760 597006 0 2296 597006 0
gene 3 760 394 391713 0 2297 391713 1
gene 4 368 394 136025 0 2326 136025 1
gene 2 10 289 -725223 0 2376 -725223 1
gene 4 3 834 591342 0 2518 591342 1
gene 4 834 317 800000 0 2519 800000 1
gene 2 12 877 313116 0 2634 313116 1
gene 2 877 14 452124 0 2635 452124 1
gene 2 4 886 -185540 0 2665 -185540 1
gene 2 886 15 -298086 0 2666 -298086 1
gene 2 5 948 -22097 0 2855 -22097 0
gene 2 948 13 -220365 0 2856 -220365 1
gene 2 877 877 677211 1 2903 677211 1
gene 1 7 996 500373 0 2996 500373 1
gene 1 996 13 661814 0 2997 661814 1
gene 3 7 1018 1833 0 3054 1833 1
gene 4 1018 15 283296 0 3055 283296 1
gene 1 4 1030 -132996 0 3100 -132996 1
gene 1 1030 14 -214881 0 3101 -214881 1
gene 3 568 568 -192228 1 3154 -192228 1
gene 2 5 1107 -264705 0 3308 -264705 1
gene 2 1107 948 -165366 0 3309 -165366 1
gene 4 686 686 -101214 1 3352 -101214 1
gene 3 996 490 183624 0 3408 183624 1
gene 2 9 1188 252849 0 3558 252849 1
gene 2 1188 14 -800000 0 3559 -800000 1
gene 3 289 1266 170056 0 3782 170056 1
gene 3 1266 760 375354 0 3783 375354 1
gene 2 7 1107 -233412 0 3890 -233412 1
gene 1 381 381 129587 1 3999 129587 1
genomeend 24


/* Organism #32 Fitness: 460.000000 Time: 0 */
/* Position #32*/
#1 x: 75 y: 38
#2 x: 45 y: 30
#3 x: 35 y: 28
#4 x: 38 y: 79
#5 x: 29 y: 69
#6 x: 74 y: 71
genomestart 32
trait 1 16780.000000 0.000000 0.000000 88582.000000 88737.000000 0.000000 0.000000 32087.000000 trait 2 2.000000 0.000000 0.000000 0.000000 0.000000 0.000000 0.000000 0.000000 trait 3 3.000000 0.000000 0.000000 0.000000 0.000000 0.000000 0.000000 0.000000 trait 4 0.000000 57040.000000 0.000000 57778.000000 13389.000000 0.000000 0.000000 0.000000 node 1 4 1 3
node 2 2 1 1
node 3 4 1 1
node 4 2 1 1
node 5 4 1 1
node 6 2 1 1
node 7 2 1 1
node 8 2 1 1
node 9 4 1 1
node 10 1 1 1
node 11 1 1 1
node 12 4 1 1
node 13 3 0 2
node 14 1 0 2
node 15 4 0 2
node 95 1 0 0
node 283 1 0 0
node 296 1 0 0
node 505 1 0 0
node 523 4 0 0
node 536 1 0 0
node 629 1 0 0
node 659 1 0 0
node 673 1 0 0
node 683 1 0 0
node 722 1 0 0
node 824 1 0 0
node 866 1 0 0
node 923 1 0 0
node 1010 1 0 0
node 1112 1 0 0
node 1132 1 0 0
node 1152 1 0 0
node 1171 1 0 0
node 1220 1 0 0
node 1237 1 0 0
gene 4 1 13 -392823 0 1 -392823 1
gene 4 2 13 -614312 0 2 -614312 1
gene 4 3 13 -98928 0 3 -98928 1
gene 1 4 13 -656463 0 4 -656463 0
gene 1 5 13 527862 0 5 527862 1
gene 4 6 13 -306459 0 6 -306459 0
gene 1 7 13 -133275 0 7 -133275 1
gene 3 8 13 -690474 0 8 -690474 1
gene 2 9 13 110463 0 9 110463 0
gene 2 10 13 76716 0 10 76716 0
gene 1 11 13 214083 0 11 214083 1
gene 4 12 13 633390 0 12 633390 1
gene 1 1 14 285213 0 13 285213 1
gene 1 2 14 -242319 0 14 -242319 1
gene 3 3 14 297978 0 15 297978 1
gene 4 4 14 -572945 0 16 -572945 1
gene 4 5 14 -251202 0 17 -251202 1
gene 1 6 14 -270930 0 18 -270930 1
gene 1 7 14 -366144 0 19 -366144 0
gene 2 8 14 401118 0 20 401118 0
gene 3 9 14 -76923 0 21 -76923 0
gene 1 10 14 733644 0 22 733644 0
gene 1 11 14 671093 0 23 671093 1
gene 4 12 14 -629493 0 24 -629493 0
gene 1 1 15 686715 0 25 686715 1
gene 2 2 15 -178758 0 26 -178758 1
gene 2 3 15 423498 0 27 423498 0
gene 2 4 15 -321300 0 28 -321300 1
gene 3 5 15 -35895 0 29 -35895 0
gene 1 6 15 682233 0 30 682233 1
gene 4 7 15 -92163 0 31 -92163 1
gene 2 8 15 121689 0 32 121689 1
gene 3 9 15 800000 0 33 800000 0
gene 1 10 15 224931 0 34 224931 1
gene 3 11 15 168114 0 35 168114 0
gene 1 12 15 -245682 0 36 -245682 1
gene 4 15 14 497970 0 73 497970 1
gene 3 11 95 -521328 0 260 -521328 1
gene 3 95 15 -508773 0 261 -508773 1
gene 3 15 13 174570 0 599 174570 1
gene 2 13 14 49956 0 640 49956 0
gene 4 3 95 -527984 0 741 -527984 1
gene 4 12 283 203832 0 841 203832 1
gene 4 283 14 221436 0 842 221436 0
gene 4 6 296 415500 0 883 415500 1
gene 4 296 13 74043 0 884 74043 1
gene 1 2 296 -207930 0 1225 -207930 1
gene 3 283 283 -744098 1 1313 -744098 1
gene 3 9 505 -79611 0 1500 -79611 1
gene 2 505 13 -800000 0 1501 -800000 0
gene 1 296 296 757157 1 1535 757157 1
gene 1 10 523 464961 0 1567 464961 1
gene 1 523 14 -483668 0 1568 -483668 1
gene 2 9 536 -141561 0 1608 -141561 1
gene 2 536 505 -460485 0 1609 -460485 0
gene 3 523 523 -236514 1 1659 -236514 0
gene 2 4 283 87342 0 1763 87342 1
gene 2 3 629 -332781 0 1894 -332781 1
gene 2 629 15 -566604 0 1895 -566604 1
gene 4 536 14 -95271 0 1940 -95271 1
gene 3 523 659 -196722 1 1984 -196722 1
gene 3 659 523 54606 0 1985 54606 1
gene 3 9 673 219207 0 2027 219207 0
gene 3 673 14 302301 0 2028 302301 0
gene 2 13 683 -171579 0 2061 -171579 1
gene 2 683 14 -209904 0 2062 -209904 1
gene 1 95 95 -747608 1 2116 -747608 1
gene 4 283 722 -800000 0 2174 -800000 1
gene 4 722 14 435597 0 2175 435597 1
gene 2 10 824 137901 0 2475 137901 1
gene 2 824 13 52368 0 2476 52368 1
gene 3 296 722 -530316 0 2512 -530316 1
gene 1 8 659 -497841 0 2556 -497841 1
gene 2 536 866 -167172 0 2604 -167172 1
gene 2 866 505 113010 0 2605 113010 1
gene 4 12 505 -485790 0 2740 -485790 1
gene 3 9 923 86427 0 2782 86427 1
gene 3 923 15 612758 0 2783 612758 1
gene 3 5 1010 -211455 0 3031 -211455 1
gene 3 1010 15 -42363 0 3032 -42363 1
gene 3 659 95 -227775 0 3184 -227775 1
gene 3 923 13 141210 0 3220 141210 1
gene 1 4 1112 -34614 0 3324 -34614 1
gene 1 1112 13 249687 0 3325 249687 1
gene 1 7 1132 240576 0 3387 240576 1
gene 1 1132 14 -800000 0 3388 -800000 1
gene 3 673 1152 -141615 0 3441 -141615 1
gene 3 1152 14 330495 0 3442 330495 1
gene 2 8 1171 -235763 0 3498 -235763 1
gene 2 1171 14 39615 0 3499 39615 1
gene 3 9 1220 256891 0 3653 256891 1
gene 3 1220 673 -134634 0 3654 -134634 1
gene 2 505 1237 154465 0 3701 154465 1
gene 2 1237 13 293496 0 3702 293496 1
gene 3 1010 1112 -135748 0 3880 -135748 1
genomeend 32


/* Organism #34 Fitness: 400.000000 Time: 0 */
/* Position #34*/
#1 x: 77 y: 36
#2 x: 25 y: 16
#3 x: 45 y: 39
#4 x: 72 y: 69
#5 x: 84 y: 62
#6 x: 42 y: 66
genomestart 34
trait 1 16780.000000 0.000000 0.000000 88582.000000 88737.000000 0.000000 0.000000 32087.000000 trait 2 2.000000 0.000000 0.000000 0.000000 0.000000 0.000000 0.000000 0.000000 trait 3 3.000000 0.000000 0.000000 0.000000 0.000000 0.000000 0.000000 0.000000 trait 4 0.000000 57040.000000 0.000000 57778.000000 13389.000000 0.000000 0.000000 0.000000 node 1 4 1 3
node 2 2 1 1
node 3 4 1 1
node 4 2 1 1
node 5 4 1 1
node 6 2 1 1
node 7 2 1 1
node 8 2 1 1
node 9 4 1 1
node 10 1 1 1
node 11 1 1 1
node 12 4 1 1
node 13 3 0 2
node 14 1 0 2
node 15 4 0 2
node 95 1 0 0
node 283 1 0 0
node 296 1 0 0
node 505 1 0 0
node 523 4 0 0
node 536 1 0 0
node 629 1 0 0
node 659 1 0 0
node 673 1 0 0
node 683 1 0 0
node 722 1 0 0
node 824 1 0 0
node 866 1 0 0
node 923 1 0 0
node 1010 1 0 0
node 1112 1 0 0
node 1132 1 0 0
node 1152 1 0 0
node 1171 1 0 0
node 1220 1 0 0
node 1237 1 0 0
gene 4 1 13 -679155 0 1 -679155 1
gene 4 2 13 -709475 0 2 -709475 1
gene 4 3 13 -349344 0 3 -349344 1
gene 1 4 13 -483495 0 4 -483495 0
gene 1 5 13 361461 0 5 361461 1
gene 4 6 13 -402162 0 6 -402162 0
gene 1 7 13 -84108 0 7 -84108 1
gene 3 8 13 -787053 0 8 -787053 1
gene 2 9 13 364815 0 9 364815 0
gene 2 10 13 323850 0 10 323850 0
gene 1 11 13 159534 0 11 159534 1
gene 4 12 13 580170 0 12 580170 1
gene 1 1 14 157353 0 13 157353 1
gene 1 2 14 -130158 0 14 -130158 1
gene 3 3 14 341451 0 15 341451 1
gene 4 4 14 -734495 0 16 -734495 1
gene 4 5 14 -450753 0 17 -450753 1
gene 1 6 14 -127182 0 18 -127182 1
gene 1 7 14 -268770 0 19 -268770 0
gene 2 8 14 394404 0 20 394404 0
gene 3 9 14 -112377 0 21 -112377 0
gene 1 10 14 499713 0 22 499713 0
gene 1 11 14 371267 0 23 371267 1
gene 4 12 14 -800000 0 24 -800000 0
gene 1 1 15 694503 0 25 694503 1
gene 2 2 15 -401859 0 26 -401859 1
gene 2 3 15 441057 0 27 441057 0
gene 2 4 15 -593481 0 28 -593481 1
gene 3 5 15 -88887 0 29 -88887 0
gene 1 6 15 420999 0 30 420999 1
gene 4 7 15 -234843 0 31 -234843 1
gene 2 8 15 336297 0 32 336297 1
gene 3 9 15 534677 0 33 534677 0
gene 1 10 15 211890 0 34 211890 1
gene 3 11 15 298554 0 35 298554 0
gene 1 12 15 -491892 0 36 -491892 1
gene 4 15 14 589542 0 73 589542 1
gene 3 11 95 -318330 0 260 -318330 1
gene 3 95 15 -671670 0 261 -671670 1
gene 3 15 13 -62700 0 599 -62700 1
gene 2 13 14 -198309 0 640 -198309 0
gene 4 3 95 -462416 0 741 -462416 1
gene 4 12 283 67209 0 841 67209 1
gene 4 283 14 210537 0 842 210537 0
gene 4 6 296 599721 0 883 599721 1
gene 4 296 13 256191 0 884 256191 1
gene 1 2 296 -475806 0 1225 -475806 1
gene 3 283 283 -800000 1 1313 -800000 1
gene 3 9 505 -375750 0 1500 -375750 1
gene 2 505 13 -800000 0 1501 -800000 0
gene 1 296 296 473939 1 1535 473939 1
gene 1 10 523 681498 0 1567 681498 1
gene 1 523 14 -611132 0 1568 -611132 1
gene 2 9 536 143922 0 1608 143922 1
gene 2 536 505 -519558 0 1609 -519558 0
gene 3 523 523 -245316 1 1659 -245316 0
gene 2 4 283 179859 0 1763 179859 1
gene 2 3 629 -570798 0 1894 -570798 1
gene 2 629 15 -508140 0 1895 -508140 1
gene 4 536 14 -92085 0 1940 -92085 1
gene 3 523 659 93486 1 1984 93486 1
gene 3 659 523 136791 0 1985 136791 1
gene 3 9 673 46911 0 2027 46911 0
gene 3 673 14 375600 0 2028 375600 0
gene 2 13 683 -265869 0 2061 -265869 1
gene 2 683 14 -58170 0 2062 -58170 1
gene 1 95 95 -800000 1 2116 -800000 1
gene 4 283 722 -800000 0 2174 -800000 1
gene 4 722 14 269121 0 2175 269121 1
gene 2 10 824 79455 0 2475 79455 1
gene 2 824 13 -181104 0 2476 -181104 1
gene 3 296 722 -665262 0 2512 -665262 1
gene 1 8 659 -750003 0 2556 -750003 1
gene 2 536 866 114432 0 2604 114432 1
gene 2 866 505 324252 0 2605 324252 1
gene 4 12 505 -222846 0 2740 -222846 1
gene 3 9 923 123174 0 2782 123174 1
gene 3 923 15 800000 0 2783 800000 1
gene 3 5 1010 -211455 0 3031 -211455 1
gene 3 1010 15 267270 0 3032 267270 1
gene 3 659 95 -206661 0 3184 -206661 1
gene 3 923 13 141210 0 3220 141210 1
gene 1 4 1112 64746 0 3324 64746 1
gene 1 1112 13 267657 0 3325 267657 1
gene 1 7 1132 275289 0 3387 275289 1
gene 1 1132 14 -800000 0 3388 -800000 1
gene 3 673 1152 -42912 0 3441 -42912 1
gene 3 1152 14 518520 0 3442 518520 1
gene 2 8 1171 -235763 0 3498 -235763 1
gene 2 1171 14 39615 0 3499 39615 1
gene 3 9 1220 456874 0 3653 456874 1
gene 3 1220 673 113874 0 3654 113874 1
gene 2 505 1237 -114689 0 3701 -114689 1
gene 2 1237 13 166704 0 3702 166704 1
gene 3 1010 1112 -135748 0 3880 -135748 1
genomeend 34


/* Organism #42 Fitness: 460.000000 Time: 0 */
/* Position #42*/
#1 x: 16 y: 38
#2 x: 32 y: 30
#3 x: 23 y: 29
#4 x: 24 y: 71
#5 x: 16 y: 71
#6 x: 53 y: 68
genomestart 42
trait 1 1.000000 0.000000 0.000000 0.000000 0.000000 0.000000 0.000000 0.000000 trait 2 0.000000 0.000000 50868.000000 0.000000 0.000000 0.000000 0.000000 0.000000 trait 3 3.000000 0.000000 0.000000 0.000000 0.000000 0.000000 0.000000 0.000000 trait 4 4.000000 0.000000 0.000000 0.000000 0.000000 0.000000 0.000000 0.000000 node 1 4 1 3
node 2 2 1 1
node 3 4 1 1
node 4 2 1 1
node 5 4 1 1
node 6 3 1 1
node 7 2 1 1
node 8 1 1 1
node 9 4 1 1
node 10 1 1 1
node 11 1 1 1
node 12 4 1 1
node 13 4 0 2
node 14 1 0 2
node 15 4 0 2
node 71 1 0 0
node 289 1 0 0
node 317 1 0 0
node 368 1 0 0
node 381 1 0 0
node 394 1 0 0
node 473 1 0 0
node 490 1 0 0
node 568 1 0 0
node 647 3 0 0
node 686 1 0 0
node 704 1 0 0
node 760 1 0 0
node 834 1 0 0
node 877 1 0 0
node 886 1 0 0
node 948 1 0 0
node 996 1 0 0
node 1018 1 0 0
node 1030 1 0 0
node 1107 1 0 0
node 1318 1 0 0
node 1354 1 0 0
gene 4 1 13 222576 0 1 222576 1
gene 3 2 13 81906 0 2 81906 1
gene 2 3 13 192174 0 3 192174 0
gene 4 4 13 -277497 0 4 -277497 1
gene 2 5 13 -153603 0 5 -153603 0
gene 3 6 13 -233241 0 6 -233241 1
gene 1 7 13 425067 0 7 425067 0
gene 1 8 13 236673 0 8 236673 1
gene 1 9 13 -331563 0 9 -331563 1
gene 2 10 13 84201 0 10 84201 1
gene 3 11 13 241044 0 11 241044 1
gene 3 12 13 -212346 0 12 -212346 1
gene 1 1 14 634913 0 13 634913 1
gene 1 2 14 654246 0 14 654246 0
gene 3 3 14 202077 0 15 202077 0
gene 1 4 14 164691 0 16 164691 0
gene 1 5 14 -243132 0 17 -243132 1
gene 1 6 14 96232 0 18 96232 1
gene 1 7 14 346209 0 19 346209 1
gene 2 8 14 605475 0 20 605475 1
gene 2 9 14 -361392 0 21 -361392 1
gene 1 10 14 518631 0 22 518631 0
gene 3 11 14 -242520 0 23 -242520 1
gene 2 12 14 -724013 0 24 -724013 0
gene 3 1 15 536544 0 25 536544 1
gene 2 2 15 -469431 0 26 -469431 1
gene 4 3 15 -602198 0 27 -602198 0
gene 2 4 15 258258 0 28 258258 0
gene 2 5 15 207366 0 29 207366 1
gene 1 6 15 72381 0 30 72381 0
gene 4 7 15 18597 0 31 18597 0
gene 2 8 15 60696 0 32 60696 0
gene 2 9 15 -39348 0 33 -39348 1
gene 1 10 15 -94341 0 34 -94341 1
gene 3 11 15 -203736 0 35 -203736 1
gene 1 12 15 -236730 0 36 -236730 1
gene 4 3 71 239052 0 201 239052 0
gene 3 71 14 -293997 0 202 -293997 0
gene 1 13 13 339810 1 248 339810 1
gene 2 13 15 -656748 0 413 -656748 1
gene 4 10 71 -63909 0 454 -63909 1
gene 1 7 71 800000 0 542 800000 0
gene 4 8 71 -87261 0 717 -87261 1
gene 4 71 71 -100110 1 769 -100110 0
gene 4 3 289 -27477 0 858 -27477 0
gene 4 289 15 -456564 0 859 -456564 1
gene 3 289 14 -196071 0 897 -196071 1
gene 4 3 317 139038 0 942 139038 0
gene 4 317 289 20112 0 943 20112 1
gene 2 8 368 41016 0 1081 41016 0
gene 2 368 15 -46887 0 1082 -46887 1
gene 1 2 381 -331827 0 1117 -331827 1
gene 2 381 14 -35583 0 1118 -35583 1
gene 4 3 394 -441666 0 1159 -441666 1
gene 4 394 71 -323508 0 1160 -323508 1
gene 4 1 394 -547617 0 1362 -547617 1
gene 2 3 473 -79935 0 1405 -79935 1
gene 2 473 13 -760728 0 1406 -760728 1
gene 1 10 490 279393 0 1456 279393 1
gene 1 490 14 558435 0 1457 558435 1
gene 3 13 289 -253140 0 1591 -253140 1
gene 4 71 568 800000 1 1699 800000 1
gene 4 568 71 -288828 0 1700 -288828 0
gene 3 568 15 128202 0 1754 128202 1
gene 3 289 394 -169794 0 1809 -169794 0
gene 4 568 647 -332916 0 1948 -332916 1
gene 4 647 71 -379188 0 1949 -379188 1
gene 1 7 686 155946 0 2069 155946 1
gene 1 686 71 339093 0 2070 339093 1
gene 3 71 704 -433953 0 2122 -433953 1
gene 3 704 14 -276237 0 2123 -276237 1
gene 3 289 760 -292392 0 2296 -292392 1
gene 3 760 394 -311418 0 2297 -311418 1
gene 4 368 394 777377 0 2326 777377 1
gene 2 10 289 189399 0 2376 189399 1
gene 4 3 834 118302 0 2518 118302 1
gene 4 834 317 -260553 0 2519 -260553 1
gene 2 12 877 -26025 0 2634 -26025 1
gene 2 877 14 -117939 0 2635 -117939 1
gene 2 4 886 387675 0 2665 387675 1
gene 2 886 15 -244914 0 2666 -244914 1
gene 2 5 948 94515 0 2855 94515 0
gene 2 948 13 -209934 0 2856 -209934 1
gene 2 877 877 101292 1 2903 101292 1
gene 1 7 996 146190 0 2996 146190 1
gene 1 996 13 -65454 0 2997 -65454 1
gene 3 7 1018 -63504 0 3054 -63504 1
gene 4 1018 15 -348465 0 3055 -348465 1
gene 1 4 1030 -281718 0 3100 -281718 1
gene 1 1030 14 71397 0 3101 71397 1
gene 3 568 568 -87117 1 3154 -87117 1
gene 2 5 1107 -235878 0 3308 -235878 1
gene 2 1107 948 65982 0 3309 65982 1
gene 4 686 686 -712218 1 3352 -712218 1
gene 3 996 490 555293 0 3408 555293 1
gene 3 834 381 241257 0 3586 241257 1
gene 4 12 473 -275877 0 3891 -275877 1
gene 2 8 1318 -116672 0 3932 -116672 1
gene 2 1318 368 -16530 0 3933 -16530 1
gene 1 6 1354 1 0 4049 0 1
gene 1 1354 15 72381 0 4050 0 1
genomeend 42


/* Organism #44 Fitness: 400.000000 Time: 0 */
/* Position #44*/
#1 x: 85 y: 22
#2 x: 47 y: 26
#3 x: 47 y: 23
#4 x: 16 y: 81
#5 x: 26 y: 63
#6 x: 49 y: 62
genomestart 44
trait 1 100000.000000 0.000000 0.000000 0.000000 0.000000 0.000000 0.000000 0.000000 trait 2 0.000000 0.000000 0.000000 100000.000000 0.000000 0.000000 39143.000000 0.000000 trait 3 21555.000000 0.000000 74217.000000 0.000000 72769.000000 0.000000 0.000000 0.000000 trait 4 4.000000 0.000000 0.000000 0.000000 0.000000 0.000000 0.000000 0.000000 node 1 1 1 3
node 2 2 1 1
node 3 4 1 1
node 4 4 1 1
node 5 1 1 1
node 6 4 1 1
node 7 3 1 1
node 8 2 1 1
node 9 3 1 1
node 10 4 1 1
node 11 4 1 1
node 12 1 1 1
node 13 1 0 2
node 14 2 0 2
node 15 4 0 2
node 24 1 0 0
node 188 3 0 0
node 222 1 0 0
node 272 1 0 0
node 301 1 0 0
node 380 1 0 0
node 393 1 0 0
node 453 2 0 0
node 469 1 0 0
node 557 1 0 0
node 729 1 0 0
node 875 1 0 0
node 927 1 0 0
node 1021 1 0 0
node 1084 1 0 0
node 1116 1 0 0
node 1234 1 0 0
node 1295 1 0 0
gene 1 1 13 -301221 0 1 -301221 1
gene 2 2 13 -113085 0 2 -113085 1
gene 2 3 13 180249 0 3 180249 1
gene 4 4 13 64641 0 4 64641 0
gene 3 5 13 -687957 0 5 -687957 1
gene 1 6 13 12504 0 6 12504 1
gene 3 7 13 -491350 0 7 -491350 1
gene 1 8 13 373941 0 8 373941 0
gene 4 9 13 -800000 0 9 -800000 1
gene 2 10 13 -768017 0 10 -768017 1
gene 3 11 13 652686 0 11 652686 1
gene 4 12 13 -484712 0 12 -484712 1
gene 1 1 14 546027 0 13 546027 1
gene 1 2 14 -575324 0 14 -575324 1
gene 2 3 14 419778 0 15 419778 1
gene 2 4 14 407013 0 16 407013 1
gene 1 5 14 98838 0 17 98838 1
gene 2 6 14 -128889 0 18 -128889 0
gene 3 7 14 -128079 0 19 -128079 0
gene 3 8 14 -487719 0 20 -487719 1
gene 3 9 14 -783348 0 21 -783348 1
gene 2 10 14 169050 0 22 169050 1
gene 3 11 14 89307 0 23 89307 1
gene 2 12 14 451827 0 24 451827 1
gene 2 1 15 631974 0 25 631974 1
gene 3 2 15 321036 0 26 321036 1
gene 4 3 15 361118 0 27 361118 0
gene 1 4 15 65256 0 28 65256 0
gene 4 5 15 97530 0 29 97530 1
gene 2 6 15 -66303 0 30 -66303 1
gene 4 7 15 -167940 0 31 -167940 1
gene 2 8 15 -46390 0 32 -46390 1
gene 2 9 15 38595 0 33 38595 0
gene 2 10 15 67896 0 34 67896 1
gene 3 11 15 595220 0 35 595220 1
gene 2 12 15 -327243 0 36 -327243 1
gene 4 4 24 -211428 0 62 -211428 1
gene 4 24 13 -494127 0 63 -494127 1
gene 1 24 24 298590 1 127 298590 0
gene 3 15 13 236187 0 293 236187 1
gene 2 7 24 165183 0 408 165183 0
gene 3 7 188 83079 0 526 83079 1
gene 3 188 14 -7350 0 527 -7350 1
gene 2 9 222 -647916 0 645 -647916 0
gene 2 222 15 38799 0 646 38799 1
gene 3 3 272 -392639 0 798 -392639 1
gene 3 272 15 493071 0 799 493071 0
gene 2 3 24 -346257 0 850 -346257 1
gene 1 24 301 234954 1 893 234954 0
gene 1 301 24 -202686 0 894 -202686 0
gene 1 188 188 41664 1 934 41664 1
gene 3 4 188 762456 0 1080 762456 1
gene 2 6 380 421506 0 1115 421506 1
gene 2 380 14 223944 0 1116 223944 1
gene 1 4 393 38262 0 1157 38262 1
gene 1 393 15 -261107 0 1158 -261107 1
gene 1 15 380 -358689 0 1196 -358689 1
gene 2 12 188 800000 0 1302 800000 1
gene 2 9 453 -800000 0 1346 -800000 1
gene 2 453 222 -608259 0 1347 -608259 1
gene 1 24 469 294483 1 1394 294483 1
gene 1 469 301 363199 0 1395 363199 0
gene 3 222 24 -94047 0 1576 -94047 1
gene 4 3 188 254106 0 1616 254106 1
gene 3 272 557 37884 0 1666 37884 1
gene 1 557 15 -437580 0 1667 -437580 1
gene 1 6 272 737589 0 1830 737589 1
gene 4 12 380 -63942 0 1879 -63942 0
gene 1 469 729 250098 0 2197 250098 1
gene 1 729 301 94783 0 2198 94783 1
gene 2 14 301 281853 0 2244 281853 1
gene 1 188 380 -77298 0 2284 -77298 1
gene 1 8 875 -125067 0 2630 -125067 0
gene 1 875 13 204654 0 2631 204654 1
gene 4 12 927 156666 0 2791 156666 1
gene 4 927 380 -94044 0 2792 -94044 1
gene 2 393 380 -179616 0 3014 -179616 1
gene 2 7 1021 -53220 0 3066 -53220 1
gene 2 1021 24 -36936 0 3067 -36936 1
gene 1 8 1084 -146394 0 3243 -146394 0
gene 1 1084 875 161079 0 3244 161079 0
gene 4 188 927 -178316 0 3297 -178316 1
gene 1 1084 1116 -36396 0 3335 -36396 1
gene 1 1116 875 -579795 0 3336 -579795 1
gene 1 222 469 -248019 0 3394 -248019 1
gene 1 8 1234 -34058 0 3693 -34058 1
gene 1 1234 1084 -24048 0 3694 -24048 1
gene 1 301 1295 169309 0 3863 169309 1
gene 1 1295 24 -297567 0 3864 -297567 1
gene 1 2 393 19968 0 3943 19968 1
gene 4 1084 1084 -74611 1 4053 -74611 1
genomeend 44


/* Organism #62 Fitness: 340.000000 Time: 0 */
/* Position #62*/
#1 x: 46 y: 37
#2 x: 18 y: 23
#3 x: 83 y: 30
#4 x: 65 y: 73
#5 x: 77 y: 68
#6 x: 85 y: 62
genomestart 62
trait 1 16780.000000 0.000000 0.000000 88582.000000 88737.000000 0.000000 0.000000 32087.000000 trait 2 2.000000 0.000000 0.000000 0.000000 0.000000 0.000000 0.000000 0.000000 trait 3 3.000000 0.000000 0.000000 0.000000 0.000000 0.000000 0.000000 0.000000 trait 4 0.000000 57040.000000 0.000000 57778.000000 13389.000000 0.000000 0.000000 0.000000 node 1 4 1 3
node 2 2 1 1
node 3 4 1 1
node 4 2 1 1
node 5 4 1 1
node 6 3 1 1
node 7 2 1 1
node 8 2 1 1
node 9 4 1 1
node 10 1 1 1
node 11 1 1 1
node 12 4 1 1
node 13 3 0 2
node 14 1 0 2
node 15 4 0 2
node 95 1 0 0
node 283 2 0 0
node 296 1 0 0
node 505 1 0 0
node 523 1 0 0
node 536 1 0 0
node 629 1 0 0
node 659 1 0 0
node 673 1 0 0
node 683 1 0 0
node 722 1 0 0
node 824 1 0 0
node 866 1 0 0
node 937 1 0 0
node 1092 1 0 0
node 1106 2 0 0
node 1138 1 0 0
node 1327 4 0 0
gene 4 1 13 255219 0 1 255219 1
gene 4 2 13 -399921 0 2 -399921 1
gene 4 3 13 221889 0 3 221889 1
gene 1 4 13 -42498 0 4 -42498 1
gene 1 5 13 23271 0 5 23271 1
gene 4 6 13 -33828 0 6 -33828 0
gene 1 7 13 -190230 0 7 -190230 1
gene 3 8 13 -747951 0 8 -747951 1
gene 2 9 13 460281 0 9 460281 0
gene 2 10 13 4620 0 10 4620 0
gene 1 11 13 -528078 0 11 -528078 1
gene 4 12 13 -332931 0 12 -332931 1
gene 1 1 14 101235 0 13 101235 1
gene 1 2 14 331125 0 14 331125 1
gene 3 3 14 -187524 0 15 -187524 1
gene 4 4 14 -85770 0 16 -85770 1
gene 4 5 14 120141 0 17 120141 1
gene 1 6 14 -83271 0 18 -83271 1
gene 1 7 14 548642 0 19 548642 1
gene 2 8 14 -388199 0 20 -388199 1
gene 3 9 14 -179043 0 21 -179043 0
gene 1 10 14 -659969 0 22 -659969 0
gene 1 11 14 150117 0 23 150117 1
gene 3 12 14 219564 0 24 219564 0
gene 1 1 15 -631236 0 25 -631236 1
gene 2 2 15 565635 0 26 565635 1
gene 2 3 15 -87999 0 27 -87999 0
gene 3 4 15 -34935 0 28 -34935 1
gene 3 5 15 185931 0 29 185931 1
gene 1 6 15 -379145 0 30 -379145 1
gene 4 7 15 -217614 0 31 -217614 1
gene 2 8 15 162414 0 32 162414 1
gene 3 9 15 355047 0 33 355047 1
gene 1 10 15 -800000 0 34 -800000 0
gene 3 11 15 505049 0 35 505049 0
gene 1 12 15 -550875 0 36 -550875 1
gene 4 15 14 -272142 0 73 -272142 0
gene 3 11 95 800000 0 260 800000 1
gene 3 95 15 426075 0 261 426075 1
gene 3 15 13 667604 0 599 667604 1
gene 2 13 14 -800000 0 640 -800000 0
gene 4 3 95 526625 0 741 526625 1
gene 4 12 283 -205107 0 841 -205107 1
gene 4 283 14 -162549 0 842 -162549 0
gene 4 6 296 -800000 0 883 -800000 1
gene 4 296 13 -800000 0 884 -800000 1
gene 1 2 296 -206739 0 1225 -206739 1
gene 3 283 283 320714 1 1313 320714 1
gene 2 9 505 800000 0 1500 800000 1
gene 2 505 13 -109374 0 1501 -109374 0
gene 1 296 296 -298893 1 1535 -298893 1
gene 1 10 523 -216905 0 1567 -216905 1
gene 1 523 14 -611255 0 1568 -611255 1
gene 2 9 536 -453243 0 1608 -453243 1
gene 2 536 505 -577206 0 1609 -577206 0
gene 3 523 523 679583 1 1659 679583 0
gene 2 4 283 -167028 0 1763 -167028 0
gene 2 3 629 529634 0 1894 529634 1
gene 2 629 15 -84012 0 1895 -84012 1
gene 4 536 14 -410091 0 1940 -410091 1
gene 3 523 659 -268814 1 1984 -268814 1
gene 3 659 523 455355 0 1985 455355 1
gene 3 9 673 267543 0 2027 267543 1
gene 3 673 14 -33846 0 2028 -33846 1
gene 2 13 683 204108 0 2061 204108 1
gene 2 683 14 703529 0 2062 703529 1
gene 1 95 95 329889 1 2116 329889 1
gene 4 283 722 27540 0 2174 27540 1
gene 4 722 14 105846 0 2175 105846 1
gene 2 10 824 151116 0 2475 151116 1
gene 2 824 13 95791 0 2476 95791 1
gene 3 296 722 -375471 0 2512 -375471 1
gene 1 8 659 555645 0 2556 555645 1
gene 1 536 866 210024 0 2604 210024 1
gene 2 866 505 -464223 0 2605 -464223 1
gene 4 12 505 179880 0 2740 179880 1
gene 1 10 937 -139692 0 2823 -139692 1
gene 1 937 15 199416 0 2824 199416 1
gene 4 505 505 168648 1 2951 168648 1
gene 4 5 95 306780 0 3087 306780 1
gene 2 505 1092 242283 0 3262 242283 1
gene 2 1092 13 217932 0 3263 217932 1
gene 4 15 1106 60588 0 3306 60588 1
gene 4 1106 14 -130356 0 3307 -130356 1
gene 2 673 673 -68826 1 3346 -68826 0
gene 2 4 1138 240006 0 3404 240006 1
gene 2 1138 283 -623523 0 3405 -623523 1
gene 1 937 523 -800000 0 3455 -800000 1
gene 2 673 1327 101296 1 3962 101296 1
gene 2 1327 673 -281265 0 3963 -281265 1
genomeend 62


