/* Organism #90 Fitness: 160.000000 Time: 0 */
/* Position #90*/
#1 x: 17 y: 20
#2 x: 79 y: 24
#3 x: 17 y: 17
#4 x: 50 y: 64
#5 x: 33 y: 72
#6 x: 70 y: 64
genomestart 90
node 1 3 1 3
node 2 3 1 1
node 3 4 1 1
node 4 2 1 1
node 5 4 1 1
node 6 2 1 1
node 7 1 1 1
node 8 3 1 1
node 9 3 1 1
node 10 4 1 1
node 11 1 1 1
node 12 3 1 1
node 13 3 0 2
node 14 2 0 2
node 15 2 0 2
node 16 1 0 2
gene 3 1 13 39509 0 1 39509 1
gene 1 2 13 63378 0 2 63378 1
gene 4 3 13 -265683 0 3 -265683 1
gene 3 4 13 207096 0 4 207096 1
gene 3 5 13 74595 0 5 74595 1
gene 1 6 13 115367 0 6 115367 1
gene 3 7 13 50884 0 7 50884 1
gene 4 8 13 212625 0 8 212625 1
gene 4 9 13 108399 0 9 108399 1
gene 4 10 13 -55498 0 10 -55498 1
gene 4 11 13 278458 0 11 278458 1
gene 4 12 13 172244 0 12 172244 1
gene 2 1 14 -259160 0 13 -259160 1
gene 1 2 14 -212208 0 14 -212208 1
gene 2 3 14 -125370 0 15 -125370 1
gene 1 4 14 6735 0 16 6735 1
gene 2 5 14 93938 0 17 93938 1
gene 3 6 14 128703 0 18 128703 1
gene 1 7 14 -93057 0 19 -93057 1
gene 1 8 14 204454 0 20 204454 1
gene 3 9 14 257887 0 21 257887 1
gene 4 10 14 120574 0 22 120574 1
gene 3 11 14 -226592 0 23 -226592 1
gene 1 12 14 -377264 0 24 -377264 1
gene 1 1 15 -90120 0 25 -90120 1
gene 3 2 15 -179924 0 26 -179924 1
gene 2 3 15 85220 0 27 85220 1
gene 4 4 15 212338 0 28 212338 1
gene 2 5 15 200845 0 29 200845 1
gene 1 6 15 229391 0 30 229391 1
gene 4 7 15 205570 0 31 205570 1
gene 2 8 15 -112845 0 32 -112845 1
gene 3 9 15 -164493 0 33 -164493 1
gene 4 10 15 48616 0 34 48616 1
gene 3 11 15 -94753 0 35 -94753 1
gene 1 12 15 -34595 0 36 -34595 1
gene 2 1 16 239823 0 37 239823 1
gene 2 2 16 59490 0 38 59490 1
gene 4 3 16 -228424 0 39 -228424 1
gene 2 4 16 -345223 0 40 -345223 1
gene 4 5 16 -271483 0 41 -271483 1
gene 4 6 16 -246756 0 42 -246756 1
gene 4 7 16 146898 0 43 146898 1
gene 2 8 16 -245994 0 44 -245994 1
gene 2 9 16 -61426 0 45 -61426 1
gene 3 10 16 93102 0 46 93102 1
gene 3 11 16 95366 0 47 95366 1
gene 3 12 16 -187195 0 48 -187195 1
genomeend 90


