/* Organism #6 Fitness: 300.000000 Time: 0 */
/* Position #6*/
#1 x: 38 y: 22
#2 x: 77 y: 33
#3 x: 82 y: 33
#4 x: 28 y: 75
#5 x: 83 y: 73
#6 x: 72 y: 79
genomestart 6
trait 1 1.000000 0.000000 0.000000 0.000000 0.000000 0.000000 0.000000 0.000000 trait 2 2.000000 0.000000 0.000000 0.000000 0.000000 0.000000 0.000000 0.000000 trait 3 3.000000 0.000000 0.000000 0.000000 0.000000 0.000000 0.000000 0.000000 trait 4 73910.000000 58593.000000 0.000000 0.000000 0.000000 0.000000 0.000000 0.000000 node 1 4 1 3
node 2 2 1 1
node 3 4 1 1
node 4 2 1 1
node 5 4 1 1
node 6 3 1 1
node 7 2 1 1
node 8 1 1 1
node 9 4 1 1
node 10 1 1 1
node 11 1 1 1
node 12 4 1 1
node 13 3 0 2
node 14 1 0 2
node 15 4 0 2
node 71 1 0 0
node 289 1 0 0
node 317 1 0 0
node 368 1 0 0
node 381 3 0 0
node 394 1 0 0
node 405 1 0 0
node 439 1 0 0
node 640 1 0 0
node 671 1 0 0
node 680 1 0 0
node 924 1 0 0
gene 4 1 13 178446 0 1 178446 1
gene 3 2 13 -168780 0 2 -168780 1
gene 2 3 13 -476790 0 3 -476790 1
gene 4 4 13 -738932 0 4 -738932 1
gene 2 5 13 -245100 0 5 -245100 1
gene 3 6 13 9408 0 6 9408 1
gene 1 7 13 -800000 0 7 -800000 1
gene 1 8 13 -618402 0 8 -618402 1
gene 1 9 13 421808 0 9 421808 1
gene 2 10 13 136026 0 10 136026 1
gene 3 11 13 -129729 0 11 -129729 1
gene 3 12 13 477075 0 12 477075 0
gene 1 1 14 150815 0 13 150815 1
gene 1 2 14 603543 0 14 603543 0
gene 1 3 14 280704 0 15 280704 0
gene 1 4 14 -486384 0 16 -486384 1
gene 1 5 14 800000 0 17 800000 1
gene 1 6 14 -273932 0 18 -273932 1
gene 1 7 14 472607 0 19 472607 1
gene 2 8 14 -800000 0 20 -800000 1
gene 2 9 14 334626 0 21 334626 1
gene 1 10 14 -124281 0 22 -124281 1
gene 3 11 14 373217 0 23 373217 0
gene 2 12 14 -193971 0 24 -193971 1
gene 3 1 15 400110 0 25 400110 1
gene 2 2 15 -64671 0 26 -64671 0
gene 4 3 15 -732048 0 27 -732048 0
gene 2 4 15 -800000 0 28 -800000 1
gene 2 5 15 745764 0 29 745764 1
gene 1 6 15 -279738 0 30 -279738 1
gene 4 7 15 -39708 0 31 -39708 1
gene 2 8 15 650267 0 32 650267 0
gene 2 9 15 -215424 0 33 -215424 1
gene 1 10 15 344862 0 34 344862 1
gene 3 11 15 -800000 0 35 -800000 0
gene 1 12 15 -393243 0 36 -393243 1
gene 4 3 71 -294609 0 201 -294609 0
gene 3 71 14 431612 0 202 431612 1
gene 1 13 13 -128838 1 248 -128838 1
gene 2 13 15 -593948 0 413 -593948 1
gene 4 10 71 -287028 0 454 -287028 1
gene 1 7 71 435984 0 542 435984 1
gene 4 8 71 135415 0 717 135415 1
gene 4 71 71 -511158 1 769 -511158 1
gene 4 3 289 800000 0 858 800000 0
gene 4 289 15 -515315 0 859 -515315 1
gene 3 289 14 -3228 0 897 -3228 1
gene 4 3 317 -208884 0 942 -208884 1
gene 4 317 289 538122 0 943 538122 1
gene 2 8 368 -440805 0 1081 -440805 1
gene 2 368 15 196272 0 1082 196272 1
gene 1 2 381 345840 0 1117 345840 1
gene 1 381 14 451755 0 1118 451755 1
gene 4 3 394 732123 0 1159 732123 0
gene 2 394 71 582150 0 1160 582150 1
gene 3 11 405 23988 0 1197 23988 1
gene 3 405 14 41139 0 1198 41139 0
gene 4 14 405 208599 1 1256 208599 1
gene 4 3 439 468747 0 1305 468747 1
gene 4 439 394 185820 0 1306 185820 1
gene 4 14 381 -139482 1 1807 -139482 1
gene 4 6 381 256254 0 1838 256254 1
gene 3 11 640 23736 0 1930 23736 1
gene 3 640 15 -284280 0 1931 -284280 1
gene 2 2 671 -396024 0 2020 -396024 1
gene 2 671 15 20556 0 2021 20556 1
gene 3 12 680 260376 0 2055 260376 1
gene 3 680 13 465771 0 2056 465771 1
gene 2 317 317 -259812 1 2557 -259812 1
gene 4 11 680 277803 0 2743 277803 1
gene 3 405 924 -170774 0 2784 -170774 1
gene 3 924 14 37200 0 2785 37200 1
gene 3 289 289 183904 1 2988 183904 1
gene 2 368 368 297916 1 3048 297916 1
genomeend 6


/* Organism #18 Fitness: 300.000000 Time: 0 */
/* Position #18*/
#1 x: 23 y: 39
#2 x: 59 y: 31
#3 x: 66 y: 29
#4 x: 85 y: 61
#5 x: 64 y: 76
#6 x: 38 y: 83
genomestart 18
trait 1 7831.000000 0.000000 0.000000 0.000000 76227.000000 0.000000 0.000000 0.000000 trait 2 42946.000000 0.000000 87493.000000 0.000000 0.000000 62825.000000 67637.000000 0.000000 trait 3 3.000000 0.000000 0.000000 0.000000 0.000000 0.000000 0.000000 0.000000 trait 4 0.000000 0.000000 0.000000 36459.000000 0.000000 31890.000000 0.000000 46915.000000 node 1 4 1 3
node 2 2 1 1
node 3 3 1 1
node 4 2 1 1
node 5 1 1 1
node 6 1 1 1
node 7 2 1 1
node 8 1 1 1
node 9 1 1 1
node 10 4 1 1
node 11 2 1 1
node 12 1 1 1
node 13 3 0 2
node 14 1 0 2
node 15 2 0 2
node 92 1 0 0
node 121 1 0 0
node 224 1 0 0
node 239 1 0 0
node 330 1 0 0
node 346 1 0 0
node 392 1 0 0
node 403 1 0 0
node 421 1 0 0
node 436 1 0 0
node 495 1 0 0
node 714 1 0 0
node 847 1 0 0
node 882 1 0 0
node 898 1 0 0
node 914 1 0 0
gene 4 1 13 538439 0 1 538439 1
gene 1 2 13 -689841 0 2 -689841 1
gene 4 3 13 112992 0 3 112992 1
gene 1 4 13 -403242 0 4 -403242 0
gene 1 5 13 70551 0 5 70551 1
gene 2 6 13 414318 0 6 414318 0
gene 3 7 13 -457215 0 7 -457215 0
gene 4 8 13 -595178 0 8 -595178 1
gene 3 9 13 220317 0 9 220317 0
gene 3 10 13 581077 0 10 581077 1
gene 1 11 13 212001 0 11 212001 1
gene 2 12 13 556733 0 12 556733 1
gene 1 1 14 -676245 0 13 -676245 1
gene 2 2 14 -117797 0 14 -117797 1
gene 1 3 14 800000 0 15 800000 1
gene 3 4 14 219969 0 16 219969 1
gene 4 5 14 179587 0 17 179587 1
gene 4 6 14 -24646 0 18 -24646 0
gene 2 7 14 -800000 0 19 -800000 1
gene 3 8 14 22752 0 20 22752 0
gene 2 9 14 282699 0 21 282699 1
gene 1 10 14 93112 0 22 93112 0
gene 3 11 14 -519084 0 23 -519084 1
gene 2 12 14 -763878 0 24 -763878 1
gene 3 1 15 554051 0 25 554051 1
gene 4 2 15 117912 0 26 117912 1
gene 3 3 15 536721 0 27 536721 1
gene 4 4 15 324147 0 28 324147 1
gene 1 5 15 486341 0 29 486341 1
gene 1 6 15 -714818 0 30 -714818 0
gene 2 7 15 141024 0 31 141024 0
gene 1 8 15 426729 0 32 426729 1
gene 4 9 15 -378288 0 33 -378288 1
gene 2 10 15 644477 0 34 644477 1
gene 4 11 15 93213 0 35 93213 1
gene 1 12 15 -800000 0 36 -800000 1
gene 3 14 15 550228 0 66 550228 1
gene 3 14 13 -118833 0 95 -118833 1
gene 3 8 92 -800000 0 253 -800000 1
gene 3 92 14 -533013 0 254 -533013 0
gene 2 92 92 163123 1 305 163123 1
gene 1 4 121 126408 0 333 126408 1
gene 1 121 13 -456462 0 334 -456462 1
gene 3 11 121 -90942 0 561 -90942 1
gene 2 6 224 -70518 0 649 -70518 0
gene 2 224 13 -557942 0 650 -557942 1
gene 2 7 239 525516 0 695 525516 0
gene 2 239 15 -644883 0 696 -644883 1
gene 2 6 330 185208 0 984 185208 1
gene 2 330 224 -142407 0 985 -142407 1
gene 3 7 346 569334 0 1022 569334 1
gene 3 346 13 -87620 0 1023 -87620 1
gene 2 3 239 339861 0 1108 339861 0
gene 4 6 392 -800000 0 1154 -800000 1
gene 4 392 14 -142077 0 1155 -142077 1
gene 3 9 403 -314136 0 1190 -314136 1
gene 3 403 13 -532253 0 1191 -532253 1
gene 3 92 421 -800000 0 1250 -800000 1
gene 3 421 14 -487254 0 1251 -487254 1
gene 1 10 436 -93438 0 1296 -93438 1
gene 1 436 14 93324 0 1297 93324 1
gene 2 7 495 644181 0 1472 644181 1
gene 2 495 239 700239 0 1473 700239 1
gene 1 92 239 -300381 0 1557 -300381 1
gene 4 392 121 -456429 0 1749 -456429 1
gene 1 330 421 232068 0 1790 232068 0
gene 4 11 346 -555249 0 1824 -555249 1
gene 2 1 239 -499539 0 1958 -499539 1
gene 1 330 714 -174765 0 2150 -174765 1
gene 1 714 421 167637 0 2151 167637 1
gene 2 714 14 397842 0 2331 397842 1
gene 2 3 847 -29003 0 2551 -29003 0
gene 2 847 239 272190 0 2552 272190 1
gene 3 224 121 -227634 0 2603 -227634 1
gene 1 6 882 -46283 0 2654 -46283 0
gene 1 882 15 -800000 0 2655 -800000 1
gene 2 3 898 153516 0 2704 153516 1
gene 2 898 847 -279386 0 2705 -279386 1
gene 1 6 914 15142 0 2757 15142 1
gene 1 914 882 -275825 0 2758 -275825 1
gene 1 121 121 -24912 1 2807 -24912 1
gene 3 13 15 -21217 0 3061 -21217 1
gene 1 13 914 1207 0 3107 1207 1
genomeend 18


/* Organism #34 Fitness: 500.000000 Time: 0 */
/* Position #34*/
#1 x: 76 y: 31
#2 x: 18 y: 24
#3 x: 71 y: 16
#4 x: 24 y: 85
#5 x: 50 y: 79
#6 x: 15 y: 68
genomestart 34
trait 1 16780.000000 0.000000 0.000000 88582.000000 88737.000000 0.000000 0.000000 32087.000000 trait 2 2.000000 0.000000 0.000000 0.000000 0.000000 0.000000 0.000000 0.000000 trait 3 3.000000 0.000000 0.000000 0.000000 0.000000 0.000000 0.000000 0.000000 trait 4 0.000000 57040.000000 0.000000 57778.000000 13389.000000 0.000000 0.000000 0.000000 node 1 4 1 3
node 2 2 1 1
node 3 4 1 1
node 4 2 1 1
node 5 4 1 1
node 6 3 1 1
node 7 2 1 1
node 8 2 1 1
node 9 4 1 1
node 10 1 1 1
node 11 1 1 1
node 12 4 1 1
node 13 3 0 2
node 14 1 0 2
node 15 4 0 2
node 95 1 0 0
node 283 1 0 0
node 296 1 0 0
node 505 1 0 0
node 523 4 0 0
node 536 1 0 0
node 629 1 0 0
node 659 1 0 0
node 673 1 0 0
node 683 1 0 0
node 722 1 0 0
node 824 1 0 0
node 866 1 0 0
node 923 1 0 0
node 1010 1 0 0
node 1027 1 0 0
gene 4 1 13 -235932 0 1 -235932 1
gene 4 2 13 -456603 0 2 -456603 1
gene 4 3 13 -679490 0 3 -679490 1
gene 1 4 13 -344025 0 4 -344025 1
gene 1 5 13 215919 0 5 215919 1
gene 4 6 13 -81291 0 6 -81291 0
gene 1 7 13 201495 0 7 201495 1
gene 3 8 13 -8118 0 8 -8118 1
gene 2 9 13 68883 0 9 68883 0
gene 2 10 13 281227 0 10 281227 0
gene 1 11 13 404484 0 11 404484 1
gene 4 12 13 242367 0 12 242367 1
gene 1 1 14 -292533 0 13 -292533 1
gene 1 2 14 253089 0 14 253089 1
gene 3 3 14 -800000 0 15 -800000 1
gene 4 4 14 -439170 0 16 -439170 1
gene 4 5 14 392403 0 17 392403 1
gene 1 6 14 -654099 0 18 -654099 1
gene 1 7 14 -436287 0 19 -436287 1
gene 2 8 14 88581 0 20 88581 1
gene 3 9 14 144036 0 21 144036 0
gene 1 10 14 30456 0 22 30456 0
gene 1 11 14 134127 0 23 134127 1
gene 4 12 14 55449 0 24 55449 0
gene 1 1 15 297708 0 25 297708 1
gene 2 2 15 -239517 0 26 -239517 1
gene 2 3 15 -133149 0 27 -133149 0
gene 3 4 15 595779 0 28 595779 1
gene 3 5 15 470910 0 29 470910 0
gene 1 6 15 -138954 0 30 -138954 1
gene 4 7 15 -16503 0 31 -16503 1
gene 2 8 15 -175377 0 32 -175377 1
gene 3 9 15 778679 0 33 778679 0
gene 1 10 15 -240357 0 34 -240357 1
gene 3 11 15 169301 0 35 169301 0
gene 1 12 15 277494 0 36 277494 1
gene 4 15 14 16803 0 73 16803 1
gene 3 11 95 533091 0 260 533091 1
gene 3 95 15 277764 0 261 277764 1
gene 3 15 13 472410 0 599 472410 1
gene 2 13 14 -713196 0 640 -713196 0
gene 4 3 95 -14970 0 741 -14970 1
gene 4 12 283 293385 0 841 293385 1
gene 4 283 14 -167562 0 842 -167562 0
gene 4 6 296 -160758 0 883 -160758 1
gene 4 296 13 -137553 0 884 -137553 1
gene 1 2 296 -68301 0 1225 -68301 1
gene 3 283 283 -602536 1 1313 -602536 1
gene 2 9 505 6660 0 1500 6660 1
gene 2 505 13 -142596 0 1501 -142596 1
gene 1 296 296 -24659 1 1535 -24659 1
gene 1 10 523 -194513 0 1567 -194513 1
gene 1 523 14 -800000 0 1568 -800000 1
gene 2 9 536 525373 0 1608 525373 1
gene 2 536 505 -208452 0 1609 -208452 0
gene 3 523 523 10413 1 1659 10413 0
gene 2 4 283 -35400 0 1763 -35400 1
gene 2 3 629 227805 0 1894 227805 1
gene 2 629 15 -359202 0 1895 -359202 1
gene 4 536 14 -157401 0 1940 -157401 1
gene 3 523 659 24984 1 1984 24984 1
gene 3 659 523 -63297 0 1985 -63297 1
gene 3 9 673 -130586 0 2027 -130586 1
gene 3 673 14 18837 0 2028 18837 1
gene 2 13 683 -217050 0 2061 -217050 1
gene 2 683 14 6771 0 2062 6771 1
gene 1 95 95 -316383 1 2116 -316383 1
gene 4 283 722 -81534 0 2174 -81534 1
gene 4 722 14 57768 0 2175 57768 0
gene 2 10 824 -466005 0 2475 -466005 1
gene 2 824 13 -51740 0 2476 -51740 1
gene 3 296 722 -571476 0 2512 -571476 1
gene 1 8 659 -88314 0 2556 -88314 1
gene 2 536 866 -72978 0 2604 -72978 1
gene 2 866 505 -192453 0 2605 -192453 1
gene 4 12 505 26283 0 2740 26283 1
gene 3 9 923 3219 0 2782 3219 1
gene 3 923 15 754454 0 2783 754454 1
gene 3 5 1010 1 0 3031 0 1
gene 3 1010 15 470910 0 3032 0 1
gene 4 722 1027 1 0 3081 0 1
gene 4 1027 14 57768 0 3082 0 1
gene 3 1027 13 -79617 0 3122 -79617 1
genomeend 34


/* Organism #44 Fitness: 540.000000 Time: 0 */
/* Position #44*/
#1 x: 77 y: 36
#2 x: 73 y: 37
#3 x: 67 y: 20
#4 x: 44 y: 85
#5 x: 70 y: 61
#6 x: 72 y: 64
genomestart 44
trait 1 1.000000 0.000000 0.000000 0.000000 0.000000 0.000000 0.000000 0.000000 trait 2 2.000000 0.000000 0.000000 0.000000 0.000000 0.000000 0.000000 0.000000 trait 3 3.000000 0.000000 0.000000 0.000000 0.000000 0.000000 0.000000 0.000000 trait 4 87559.000000 0.000000 0.000000 0.000000 0.000000 0.000000 48508.000000 17450.000000 node 1 4 1 3
node 2 2 1 1
node 3 2 1 1
node 4 2 1 1
node 5 1 1 1
node 6 1 1 1
node 7 3 1 1
node 8 1 1 1
node 9 1 1 1
node 10 4 1 1
node 11 4 1 1
node 12 1 1 1
node 13 3 0 2
node 14 1 0 2
node 15 2 0 2
node 92 1 0 0
node 121 1 0 0
node 183 1 0 0
node 238 1 0 0
node 293 1 0 0
node 409 2 0 0
node 471 1 0 0
node 524 1 0 0
node 617 1 0 0
node 634 1 0 0
node 652 1 0 0
node 701 1 0 0
node 737 1 0 0
node 839 1 0 0
node 868 1 0 0
node 995 1 0 0
node 1041 1 0 0
gene 4 1 13 -386817 0 1 -386817 1
gene 1 2 13 130344 0 2 130344 0
gene 2 3 13 134370 0 3 134370 1
gene 1 4 13 -800000 0 4 -800000 0
gene 1 5 13 -266883 0 5 -266883 0
gene 2 6 13 -800000 0 6 -800000 0
gene 3 7 13 -752438 0 7 -752438 1
gene 4 8 13 -166239 0 8 -166239 1
gene 3 9 13 -512075 0 9 -512075 1
gene 3 10 13 -214947 0 10 -214947 1
gene 1 11 13 345699 0 11 345699 1
gene 2 12 13 34164 0 12 34164 1
gene 1 1 14 216093 0 13 216093 1
gene 2 2 14 -137466 0 14 -137466 1
gene 1 3 14 -99111 0 15 -99111 1
gene 3 4 14 -254243 0 16 -254243 1
gene 4 5 14 310065 0 17 310065 1
gene 2 6 14 388305 0 18 388305 1
gene 2 7 14 -117678 0 19 -117678 1
gene 3 8 14 -219864 0 20 -219864 0
gene 2 9 14 18357 0 21 18357 0
gene 1 10 14 -99192 0 22 -99192 1
gene 3 11 14 36387 0 23 36387 0
gene 2 12 14 -800000 0 24 -800000 1
gene 3 1 15 420246 0 25 420246 1
gene 4 2 15 49665 0 26 49665 1
gene 3 3 15 -463514 0 27 -463514 1
gene 4 4 15 306564 0 28 306564 1
gene 1 5 15 -324480 0 29 -324480 0
gene 1 6 15 -203487 0 30 -203487 1
gene 2 7 15 96909 0 31 96909 0
gene 1 8 15 -170565 0 32 -170565 1
gene 4 9 15 708287 0 33 708287 1
gene 2 10 15 -313275 0 34 -313275 1
gene 4 11 15 431348 0 35 431348 1
gene 1 12 15 73962 0 36 73962 0
gene 3 14 15 275523 0 66 275523 1
gene 3 14 13 451089 0 95 451089 0
gene 3 8 92 110733 0 253 110733 1
gene 3 92 14 -359400 0 254 -359400 0
gene 2 92 92 650202 1 305 650202 1
gene 1 4 121 80052 0 333 80052 1
gene 1 121 13 89709 0 334 89709 1
gene 1 5 183 -695771 0 512 -695771 1
gene 1 183 13 779565 0 513 779565 1
gene 1 2 238 358242 0 693 358242 0
gene 1 238 13 175086 0 694 175086 1
gene 1 13 13 594133 1 827 594133 1
gene 2 7 293 351978 0 869 351978 1
gene 2 293 15 -800000 0 870 -800000 0
gene 3 15 13 800000 0 1133 800000 1
gene 2 9 409 166959 0 1210 166959 0
gene 2 409 14 -158655 0 1211 -158655 0
gene 2 92 121 -303590 0 1278 -303590 0
gene 2 409 293 392478 0 1355 392478 1
gene 1 12 471 411496 0 1399 411496 1
gene 1 471 15 -56727 0 1400 -56727 1
gene 3 11 524 285234 0 1569 285234 1
gene 3 524 14 800000 0 1570 800000 1
gene 4 6 471 238431 0 1663 238431 1
gene 4 409 15 -22104 0 1765 -22104 1
gene 1 5 617 245178 0 1859 245178 1
gene 1 617 15 584040 0 1860 584040 1
gene 1 2 634 -52722 0 1910 -52722 1
gene 1 634 238 555465 0 1911 555465 1
gene 2 92 652 -583737 0 1968 -583737 1
gene 2 652 121 324483 0 1969 324483 1
gene 2 6 701 211110 0 2113 211110 1
gene 2 701 13 85566 0 2114 85566 1
gene 3 92 737 -121692 0 2224 -121692 1
gene 3 737 14 130182 0 2225 130182 1
gene 3 14 839 315756 0 2530 315756 1
gene 3 839 13 -70029 0 2531 -70029 1
gene 2 293 868 396196 0 2610 396196 1
gene 2 868 15 19797 0 2611 19797 1
gene 4 11 238 31676 0 2902 31676 1
gene 2 11 701 -147226 0 2952 -147226 1
gene 2 9 995 274663 0 2994 274663 1
gene 2 995 409 -279141 0 2995 -279141 1
gene 2 409 1041 1 0 3129 0 1
gene 2 1041 14 -158655 0 3130 0 1
genomeend 44


/* Organism #45 Fitness: 440.000000 Time: 0 */
/* Position #45*/
#1 x: 77 y: 36
#2 x: 73 y: 37
#3 x: 67 y: 20
#4 x: 44 y: 85
#5 x: 70 y: 61
#6 x: 72 y: 64
genomestart 45
trait 1 1.000000 0.000000 0.000000 0.000000 0.000000 0.000000 0.000000 0.000000 trait 2 2.000000 0.000000 0.000000 0.000000 0.000000 0.000000 0.000000 0.000000 trait 3 3.000000 0.000000 0.000000 0.000000 0.000000 0.000000 0.000000 0.000000 trait 4 87559.000000 0.000000 0.000000 0.000000 0.000000 0.000000 48508.000000 17450.000000 node 1 4 1 3
node 2 2 1 1
node 3 2 1 1
node 4 2 1 1
node 5 1 1 1
node 6 1 1 1
node 7 3 1 1
node 8 1 1 1
node 9 1 1 1
node 10 4 1 1
node 11 4 1 1
node 12 1 1 1
node 13 3 0 2
node 14 1 0 2
node 15 2 0 2
node 92 1 0 0
node 121 1 0 0
node 183 1 0 0
node 238 1 0 0
node 293 1 0 0
node 409 2 0 0
node 471 1 0 0
node 524 1 0 0
node 617 1 0 0
node 634 1 0 0
node 652 1 0 0
node 701 3 0 0
node 737 1 0 0
node 839 1 0 0
node 868 1 0 0
node 995 1 0 0
node 1039 1 0 0
gene 4 1 13 -258801 0 1 -258801 1
gene 1 2 13 161064 0 2 161064 0
gene 2 3 13 67689 0 3 67689 1
gene 1 4 13 1371 0 4 1371 0
gene 1 5 13 -99864 0 5 -99864 0
gene 2 6 13 -784142 0 6 -784142 0
gene 3 7 13 -800000 0 7 -800000 1
gene 4 8 13 -230202 0 8 -230202 1
gene 3 9 13 -436985 0 9 -436985 1
gene 3 10 13 -142020 0 10 -142020 1
gene 1 11 13 43629 0 11 43629 1
gene 2 12 13 264024 0 12 264024 1
gene 1 1 14 -193746 0 13 -193746 1
gene 2 2 14 89823 0 14 89823 1
gene 1 3 14 -8988 0 15 -8988 1
gene 3 4 14 -196373 0 16 -196373 1
gene 4 5 14 452247 0 17 452247 0
gene 2 6 14 42246 0 18 42246 1
gene 2 7 14 672618 0 19 672618 1
gene 3 8 14 -253734 0 20 -253734 0
gene 2 9 14 260183 0 21 260183 0
gene 1 10 14 229743 0 22 229743 1
gene 3 11 14 326526 0 23 326526 0
gene 2 12 14 -781497 0 24 -781497 1
gene 3 1 15 394668 0 25 394668 1
gene 4 2 15 189768 0 26 189768 1
gene 3 3 15 -604700 0 27 -604700 1
gene 4 4 15 306594 0 28 306594 1
gene 1 5 15 86730 0 29 86730 0
gene 1 6 15 -221682 0 30 -221682 1
gene 2 7 15 -366006 0 31 -366006 0
gene 1 8 15 -800000 0 32 -800000 1
gene 4 9 15 476279 0 33 476279 1
gene 2 10 15 -800000 0 34 -800000 1
gene 4 11 15 630191 0 35 630191 1
gene 1 12 15 91833 0 36 91833 0
gene 3 14 15 174909 0 66 174909 1
gene 3 14 13 254007 0 95 254007 0
gene 3 8 92 68001 0 253 68001 1
gene 3 92 14 -315348 0 254 -315348 0
gene 2 92 92 333990 1 305 333990 1
gene 1 4 121 77883 0 333 77883 1
gene 1 121 13 779864 0 334 779864 1
gene 1 5 183 -223169 0 512 -223169 1
gene 1 183 13 800000 0 513 800000 1
gene 1 2 238 196818 0 693 196818 0
gene 1 238 13 -98769 0 694 -98769 1
gene 1 13 13 -257571 1 827 -257571 1
gene 2 7 293 327066 0 869 327066 1
gene 2 293 15 -505355 0 870 -505355 0
gene 3 15 13 549335 0 1133 549335 1
gene 2 9 409 -214236 0 1210 -214236 0
gene 2 409 14 109974 0 1211 109974 1
gene 2 92 121 208972 0 1278 208972 0
gene 2 409 293 128868 0 1355 128868 1
gene 1 12 471 409363 0 1399 409363 1
gene 1 471 15 -178017 0 1400 -178017 1
gene 3 11 524 134667 0 1569 134667 1
gene 3 524 14 800000 0 1570 800000 1
gene 4 6 471 -109302 0 1663 -109302 1
gene 4 409 15 -276081 0 1765 -276081 1
gene 1 5 617 -52122 0 1859 -52122 1
gene 1 617 15 191628 0 1860 191628 1
gene 1 2 634 3279 0 1910 3279 1
gene 1 634 238 404820 0 1911 404820 1
gene 2 92 652 -371283 0 1968 -371283 1
gene 2 652 121 277095 0 1969 277095 1
gene 2 6 701 228870 0 2113 228870 1
gene 2 701 13 -134019 0 2114 -134019 1
gene 3 92 737 -170193 0 2224 -170193 1
gene 3 737 14 49149 0 2225 49149 1
gene 3 14 839 32349 0 2530 32349 1
gene 1 839 13 -18429 0 2531 -18429 1
gene 2 293 868 351520 0 2610 351520 1
gene 2 868 15 -397236 0 2611 -397236 1
gene 4 11 238 -17743 0 2902 -17743 1
gene 2 11 701 67598 0 2952 67598 1
gene 2 9 995 -37634 0 2994 -37634 1
gene 2 995 409 -230331 0 2995 -230331 1
gene 4 5 1039 1 0 3124 0 1
gene 4 1039 14 452247 0 3125 0 1
genomeend 45


/* Organism #54 Fitness: 480.000000 Time: 0 */
/* Position #54*/
#1 x: 69 y: 39
#2 x: 61 y: 22
#3 x: 38 y: 18
#4 x: 39 y: 71
#5 x: 57 y: 61
#6 x: 33 y: 66
genomestart 54
trait 1 16780.000000 0.000000 0.000000 88582.000000 88737.000000 0.000000 0.000000 32087.000000 trait 2 2.000000 0.000000 0.000000 0.000000 0.000000 0.000000 0.000000 0.000000 trait 3 3.000000 0.000000 0.000000 0.000000 0.000000 0.000000 0.000000 0.000000 trait 4 0.000000 57040.000000 0.000000 57778.000000 13389.000000 0.000000 0.000000 0.000000 node 1 4 1 3
node 2 2 1 1
node 3 4 1 1
node 4 2 1 1
node 5 4 1 1
node 6 3 1 1
node 7 2 1 1
node 8 2 1 1
node 9 4 1 1
node 10 1 1 1
node 11 1 1 1
node 12 4 1 1
node 13 3 0 2
node 14 1 0 2
node 15 4 0 2
node 95 1 0 0
node 283 1 0 0
node 296 1 0 0
node 505 1 0 0
node 523 4 0 0
node 536 1 0 0
node 629 1 0 0
node 659 1 0 0
node 673 1 0 0
node 683 1 0 0
node 722 1 0 0
node 824 1 0 0
node 866 1 0 0
node 923 1 0 0
node 1010 1 0 0
gene 4 1 13 -51240 0 1 -51240 1
gene 4 2 13 -610899 0 2 -610899 1
gene 4 3 13 258561 0 3 258561 1
gene 1 4 13 -96000 0 4 -96000 1
gene 1 5 13 215919 0 5 215919 1
gene 4 6 13 -342276 0 6 -342276 0
gene 1 7 13 -105450 0 7 -105450 1
gene 3 8 13 -277071 0 8 -277071 1
gene 2 9 13 -77712 0 9 -77712 0
gene 2 10 13 15786 0 10 15786 0
gene 1 11 13 316104 0 11 316104 1
gene 4 12 13 239754 0 12 239754 1
gene 1 1 14 -228651 0 13 -228651 1
gene 1 2 14 245883 0 14 245883 1
gene 3 3 14 441867 0 15 441867 1
gene 4 4 14 -439170 0 16 -439170 1
gene 4 5 14 189441 0 17 189441 1
gene 1 6 14 -800000 0 18 -800000 1
gene 1 7 14 -665901 0 19 -665901 1
gene 2 8 14 -125790 0 20 -125790 1
gene 3 9 14 591621 0 21 591621 0
gene 1 10 14 -240669 0 22 -240669 0
gene 1 11 14 134127 0 23 134127 1
gene 4 12 14 -239217 0 24 -239217 0
gene 1 1 15 83355 0 25 83355 1
gene 2 2 15 -373227 0 26 -373227 1
gene 2 3 15 -363840 0 27 -363840 0
gene 3 4 15 526887 0 28 526887 1
gene 3 5 15 17595 0 29 17595 0
gene 1 6 15 54597 0 30 54597 1
gene 4 7 15 203148 0 31 203148 1
gene 2 8 15 -42474 0 32 -42474 1
gene 3 9 15 800000 0 33 800000 0
gene 1 10 15 142251 0 34 142251 1
gene 3 11 15 -147273 0 35 -147273 0
gene 1 12 15 13908 0 36 13908 1
gene 4 15 14 460725 0 73 460725 1
gene 3 11 95 61344 0 260 61344 1
gene 3 95 15 -96261 0 261 -96261 1
gene 3 15 13 327498 0 599 327498 1
gene 2 13 14 -724032 0 640 -724032 0
gene 4 3 95 244650 0 741 244650 1
gene 4 12 283 560343 0 841 560343 1
gene 4 283 14 -111456 0 842 -111456 0
gene 4 6 296 241170 0 883 241170 1
gene 4 296 13 -431007 0 884 -431007 1
gene 1 2 296 -204789 0 1225 -204789 1
gene 3 283 283 -799216 1 1313 -799216 1
gene 3 9 505 -373470 0 1500 -373470 1
gene 2 505 13 -115053 0 1501 -115053 1
gene 1 296 296 591678 1 1535 591678 1
gene 1 10 523 -155198 0 1567 -155198 1
gene 1 523 14 -661487 0 1568 -661487 1
gene 2 9 536 506126 0 1608 506126 1
gene 2 536 505 -544587 0 1609 -544587 0
gene 3 523 523 341100 1 1659 341100 0
gene 2 4 283 -26103 0 1763 -26103 1
gene 2 3 629 227805 0 1894 227805 1
gene 2 629 15 -60426 0 1895 -60426 1
gene 4 536 14 -177813 0 1940 -177813 1
gene 3 523 659 -264720 1 1984 -264720 1
gene 3 659 523 5208 0 1985 5208 1
gene 3 9 673 -242688 0 2027 -242688 1
gene 3 673 14 213441 0 2028 213441 1
gene 2 13 683 -26517 0 2061 -26517 1
gene 2 683 14 -259278 0 2062 -259278 1
gene 1 95 95 -286875 1 2116 -286875 1
gene 4 283 722 -182898 0 2174 -182898 1
gene 4 722 14 294006 0 2175 294006 1
gene 2 10 824 -513525 0 2475 -513525 1
gene 2 824 13 133668 0 2476 133668 1
gene 3 296 722 -412758 0 2512 -412758 1
gene 1 8 659 -55185 0 2556 -55185 1
gene 2 536 866 -33978 0 2604 -33978 1
gene 2 866 505 -98037 0 2605 -98037 1
gene 4 12 505 -243930 0 2740 -243930 1
gene 3 9 923 -262431 0 2782 -262431 1
gene 3 923 15 366260 0 2783 366260 1
gene 3 5 1010 -216792 0 3031 -216792 1
gene 3 1010 15 -46656 0 3032 -46656 1
genomeend 54


/* Organism #60 Fitness: 300.000000 Time: 0 */
/* Position #60*/
#1 x: 51 y: 26
#2 x: 26 y: 33
#3 x: 45 y: 38
#4 x: 78 y: 63
#5 x: 30 y: 68
#6 x: 27 y: 82
genomestart 60
trait 1 31567.000000 0.000000 0.000000 0.000000 0.000000 0.000000 18973.000000 0.000000 trait 2 0.000000 93216.000000 0.000000 100000.000000 0.000000 0.000000 86240.000000 0.000000 trait 3 3.000000 0.000000 0.000000 0.000000 0.000000 0.000000 0.000000 0.000000 trait 4 4.000000 0.000000 0.000000 0.000000 0.000000 0.000000 0.000000 0.000000 node 1 1 1 3
node 2 2 1 1
node 3 4 1 1
node 4 4 1 1
node 5 1 1 1
node 6 4 1 1
node 7 3 1 1
node 8 2 1 1
node 9 3 1 1
node 10 4 1 1
node 11 4 1 1
node 12 1 1 1
node 13 1 0 2
node 14 2 0 2
node 15 4 0 2
node 24 1 0 0
node 188 3 0 0
node 222 1 0 0
node 272 1 0 0
node 301 1 0 0
node 380 1 0 0
node 393 1 0 0
node 453 2 0 0
node 469 1 0 0
node 557 1 0 0
node 729 1 0 0
node 789 1 0 0
node 892 1 0 0
gene 1 1 13 -156342 0 1 -156342 1
gene 2 2 13 118848 0 2 118848 1
gene 2 3 13 -296055 0 3 -296055 1
gene 4 4 13 -337008 0 4 -337008 0
gene 3 5 13 -599808 0 5 -599808 1
gene 1 6 13 -39156 0 6 -39156 1
gene 3 7 13 -134464 0 7 -134464 1
gene 1 8 13 -800000 0 8 -800000 1
gene 4 9 13 613509 0 9 613509 1
gene 2 10 13 -692030 0 10 -692030 1
gene 3 11 13 -800000 0 11 -800000 1
gene 4 12 13 -90153 0 12 -90153 1
gene 1 1 14 -147894 0 13 -147894 1
gene 1 2 14 -3360 0 14 -3360 1
gene 2 3 14 789935 0 15 789935 1
gene 2 4 14 -201165 0 16 -201165 1
gene 1 5 14 373569 0 17 373569 1
gene 2 6 14 -676710 0 18 -676710 0
gene 3 7 14 58044 0 19 58044 0
gene 3 8 14 777069 0 20 777069 1
gene 3 9 14 491910 0 21 491910 1
gene 2 10 14 197466 0 22 197466 1
gene 3 11 14 -361839 0 23 -361839 1
gene 2 12 14 -107796 0 24 -107796 1
gene 2 1 15 370560 0 25 370560 1
gene 3 2 15 -726528 0 26 -726528 1
gene 4 3 15 -516294 0 27 -516294 0
gene 1 4 15 -18132 0 28 -18132 0
gene 4 5 15 98747 0 29 98747 1
gene 2 6 15 675269 0 30 675269 1
gene 4 7 15 -800000 0 31 -800000 1
gene 2 8 15 267036 0 32 267036 1
gene 2 9 15 275136 0 33 275136 0
gene 2 10 15 -538103 0 34 -538103 1
gene 3 11 15 -98661 0 35 -98661 1
gene 2 12 15 -533730 0 36 -533730 1
gene 4 4 24 132247 0 62 132247 1
gene 4 24 13 345741 0 63 345741 1
gene 1 24 24 -68958 1 127 -68958 0
gene 3 15 13 28605 0 293 28605 1
gene 2 7 24 264887 0 408 264887 1
gene 3 7 188 325965 0 526 325965 1
gene 3 188 14 498198 0 527 498198 1
gene 2 9 222 382563 0 645 382563 0
gene 2 222 15 641438 0 646 641438 1
gene 3 3 272 -59493 0 798 -59493 1
gene 3 272 15 -169035 0 799 -169035 0
gene 2 3 24 -144252 0 850 -144252 1
gene 1 24 301 474756 1 893 474756 0
gene 1 301 24 62493 0 894 62493 0
gene 1 188 188 -800000 1 934 -800000 1
gene 3 4 188 619814 0 1080 619814 1
gene 2 6 380 -235004 0 1115 -235004 1
gene 2 380 14 6942 0 1116 6942 1
gene 1 4 393 180303 0 1157 180303 1
gene 1 393 15 -399795 0 1158 -399795 1
gene 1 15 380 692930 0 1196 692930 1
gene 2 12 188 -402690 0 1302 -402690 1
gene 2 9 453 524466 0 1346 524466 1
gene 2 453 222 -418677 0 1347 -418677 1
gene 1 24 469 327903 1 1394 327903 1
gene 1 469 301 -488436 0 1395 -488436 0
gene 3 222 24 295419 0 1576 295419 1
gene 4 3 188 278001 0 1616 278001 1
gene 3 272 557 538383 0 1666 538383 1
gene 3 557 15 -160230 0 1667 -160230 1
gene 1 6 272 -184797 0 1830 -184797 1
gene 4 12 380 -16302 0 1879 -16302 0
gene 1 469 729 51711 0 2197 51711 1
gene 1 729 301 -409257 0 2198 -409257 1
gene 2 14 301 -270423 0 2244 -270423 1
gene 4 12 789 287190 0 2386 287190 1
gene 4 789 380 535648 0 2387 535648 1
gene 1 301 892 491649 0 2684 491649 1
gene 1 892 24 -26685 0 2685 -26685 1
gene 1 557 557 16533 1 2819 16533 1
gene 3 2 272 77217 0 2941 77217 1
genomeend 60


/* Organism #62 Fitness: 340.000000 Time: 0 */
/* Position #62*/
#1 x: 81 y: 21
#2 x: 34 y: 30
#3 x: 30 y: 21
#4 x: 30 y: 68
#5 x: 43 y: 74
#6 x: 39 y: 77
genomestart 62
trait 1 1.000000 0.000000 0.000000 0.000000 0.000000 0.000000 0.000000 0.000000 trait 2 2.000000 0.000000 0.000000 0.000000 0.000000 0.000000 0.000000 0.000000 trait 3 3.000000 0.000000 0.000000 0.000000 0.000000 0.000000 83180.000000 0.000000 trait 4 87559.000000 0.000000 0.000000 0.000000 0.000000 0.000000 48508.000000 17450.000000 node 1 4 1 3
node 2 2 1 1
node 3 2 1 1
node 4 2 1 1
node 5 1 1 1
node 6 1 1 1
node 7 3 1 1
node 8 3 1 1
node 9 1 1 1
node 10 4 1 1
node 11 4 1 1
node 12 1 1 1
node 13 3 0 2
node 14 1 0 2
node 15 2 0 2
node 92 1 0 0
node 121 1 0 0
node 183 1 0 0
node 238 2 0 0
node 293 1 0 0
node 409 2 0 0
node 471 1 0 0
node 524 1 0 0
node 617 1 0 0
node 634 1 0 0
node 652 1 0 0
node 701 1 0 0
node 762 1 0 0
node 840 1 0 0
node 929 1 0 0
gene 4 1 13 -109173 0 1 -109173 1
gene 2 2 13 22161 0 2 22161 0
gene 2 3 13 -483867 0 3 -483867 1
gene 1 4 13 -300225 0 4 -300225 0
gene 1 5 13 176478 0 5 176478 0
gene 2 6 13 -494772 0 6 -494772 0
gene 3 7 13 -660081 0 7 -660081 1
gene 4 8 13 -309464 0 8 -309464 1
gene 3 9 13 -260415 0 9 -260415 1
gene 3 10 13 -697268 0 10 -697268 1
gene 1 11 13 -30399 0 11 -30399 1
gene 2 12 13 -800000 0 12 -800000 1
gene 1 1 14 368385 0 13 368385 1
gene 2 2 14 582017 0 14 582017 1
gene 1 3 14 -148797 0 15 -148797 1
gene 3 4 14 -620975 0 16 -620975 1
gene 4 5 14 800000 0 17 800000 1
gene 4 6 14 -36804 0 18 -36804 1
gene 2 7 14 190986 0 19 190986 1
gene 3 8 14 38619 0 20 38619 0
gene 2 9 14 131760 0 21 131760 0
gene 1 10 14 600167 0 22 600167 1
gene 3 11 14 -556794 0 23 -556794 0
gene 2 12 14 800000 0 24 800000 1
gene 3 1 15 280374 0 25 280374 1
gene 4 2 15 -266127 0 26 -266127 1
gene 3 3 15 124677 0 27 124677 1
gene 4 4 15 800000 0 28 800000 1
gene 1 5 15 578285 0 29 578285 0
gene 1 6 15 800000 0 30 800000 1
gene 2 7 15 -158021 0 31 -158021 0
gene 1 8 15 -10269 0 32 -10269 1
gene 4 9 15 -275136 0 33 -275136 1
gene 2 10 15 800000 0 34 800000 0
gene 4 11 15 553148 0 35 553148 1
gene 1 12 15 -19530 0 36 -19530 0
gene 3 14 15 -375378 0 66 -375378 1
gene 3 14 13 -14301 0 95 -14301 1
gene 3 8 92 179409 0 253 179409 1
gene 3 92 14 -138183 0 254 -138183 1
gene 2 92 92 -13473 1 305 -13473 1
gene 1 4 121 -8973 0 333 -8973 1
gene 1 121 13 -52812 0 334 -52812 1
gene 1 5 183 -465386 0 512 -465386 1
gene 1 183 13 -219831 0 513 -219831 1
gene 1 2 238 188322 0 693 188322 0
gene 1 238 13 -250467 0 694 -250467 1
gene 1 13 13 -104139 1 827 -104139 1
gene 2 7 293 -249426 0 869 -249426 1
gene 2 293 15 -517893 0 870 -517893 1
gene 3 15 13 158784 0 1133 158784 0
gene 2 9 409 268107 0 1210 268107 1
gene 2 409 14 77760 0 1211 77760 1
gene 2 92 121 134988 0 1278 134988 0
gene 2 409 293 421248 0 1355 421248 1
gene 1 12 471 199656 0 1399 199656 0
gene 1 471 15 -75063 0 1400 -75063 1
gene 3 11 524 -617232 0 1569 -617232 1
gene 3 524 14 513756 0 1570 513756 1
gene 4 6 471 -480774 0 1663 -480774 1
gene 4 409 15 64191 0 1765 64191 1
gene 1 5 617 -800000 0 1859 -800000 1
gene 1 617 15 -187692 0 1860 -187692 1
gene 1 2 634 -64764 0 1910 -64764 1
gene 1 634 238 278505 0 1911 278505 1
gene 2 92 652 90729 0 1968 90729 1
gene 2 652 121 486276 0 1969 486276 1
gene 2 6 701 720774 0 2113 720774 1
gene 2 701 13 -765275 0 2114 -765275 1
gene 1 12 762 -800000 0 2301 -800000 1
gene 1 762 471 -328359 0 2302 -328359 1
gene 2 10 840 -418223 0 2532 -418223 1
gene 2 840 15 199428 0 2533 199428 1
gene 3 409 634 -377679 0 2637 -377679 1
gene 3 15 929 373885 0 2797 373885 1
gene 3 929 13 -800000 0 2798 -800000 1
gene 4 6 409 245312 0 2840 245312 1
genomeend 62


/* Organism #64 Fitness: 340.000000 Time: 0 */
/* Position #64*/
#1 x: 29 y: 21
#2 x: 20 y: 29
#3 x: 60 y: 23
#4 x: 62 y: 80
#5 x: 39 y: 63
#6 x: 46 y: 65
genomestart 64
trait 1 47682.000000 90213.000000 0.000000 0.000000 76227.000000 7256.000000 0.000000 0.000000 trait 2 42946.000000 0.000000 87493.000000 0.000000 0.000000 62825.000000 67637.000000 0.000000 trait 3 3.000000 0.000000 0.000000 0.000000 0.000000 0.000000 0.000000 0.000000 trait 4 0.000000 0.000000 0.000000 36459.000000 0.000000 31890.000000 0.000000 46915.000000 node 1 4 1 3
node 2 2 1 1
node 3 3 1 1
node 4 2 1 1
node 5 1 1 1
node 6 1 1 1
node 7 2 1 1
node 8 1 1 1
node 9 1 1 1
node 10 4 1 1
node 11 2 1 1
node 12 1 1 1
node 13 3 0 2
node 14 1 0 2
node 15 2 0 2
node 92 1 0 0
node 121 1 0 0
node 224 1 0 0
node 239 1 0 0
node 330 1 0 0
node 346 1 0 0
node 392 1 0 0
node 403 1 0 0
node 421 1 0 0
node 436 1 0 0
node 495 1 0 0
node 714 1 0 0
node 847 1 0 0
node 882 1 0 0
node 898 1 0 0
node 914 1 0 0
gene 4 1 13 308312 0 1 308312 1
gene 1 2 13 -712908 0 2 -712908 1
gene 4 3 13 346776 0 3 346776 1
gene 1 4 13 -403242 0 4 -403242 0
gene 1 5 13 -88341 0 5 -88341 1
gene 2 6 13 430860 0 6 430860 0
gene 3 7 13 270675 0 7 270675 0
gene 4 8 13 -622976 0 8 -622976 1
gene 3 9 13 443373 0 9 443373 0
gene 3 10 13 367927 0 10 367927 1
gene 1 11 13 456105 0 11 456105 1
gene 2 12 13 519998 0 12 519998 1
gene 1 1 14 -380934 0 13 -380934 1
gene 2 2 14 53091 0 14 53091 1
gene 1 3 14 800000 0 15 800000 1
gene 3 4 14 120309 0 16 120309 1
gene 4 5 14 -284478 0 17 -284478 1
gene 4 6 14 160838 0 18 160838 0
gene 2 7 14 -800000 0 19 -800000 1
gene 3 8 14 -168312 0 20 -168312 0
gene 2 9 14 254493 0 21 254493 1
gene 1 10 14 -231438 0 22 -231438 0
gene 3 11 14 -660210 0 23 -660210 1
gene 2 12 14 -502977 0 24 -502977 1
gene 3 1 15 -74130 0 25 -74130 1
gene 4 2 15 408669 0 26 408669 1
gene 3 3 15 301671 0 27 301671 1
gene 4 4 15 613902 0 28 613902 1
gene 1 5 15 375359 0 29 375359 1
gene 1 6 15 -696002 0 30 -696002 0
gene 2 7 15 284151 0 31 284151 0
gene 1 8 15 260622 0 32 260622 1
gene 4 9 15 -206214 0 33 -206214 1
gene 2 10 15 649271 0 34 649271 1
gene 4 11 15 648 0 35 648 1
gene 1 12 15 205515 0 36 205515 1
gene 3 14 15 440767 0 66 440767 1
gene 3 14 13 104196 0 95 104196 1
gene 3 8 92 -72222 0 253 -72222 1
gene 3 92 14 -726411 0 254 -726411 0
gene 2 92 92 284350 1 305 284350 1
gene 1 4 121 334905 0 333 334905 1
gene 1 121 13 -235875 0 334 -235875 1
gene 3 11 121 137829 0 561 137829 1
gene 2 6 224 -320748 0 649 -320748 0
gene 2 224 13 -152628 0 650 -152628 1
gene 2 7 239 228720 0 695 228720 0
gene 2 239 15 -467382 0 696 -467382 1
gene 2 6 330 185208 0 984 185208 1
gene 2 330 224 -142407 0 985 -142407 1
gene 3 7 346 800000 0 1022 800000 1
gene 3 346 13 -102368 0 1023 -102368 1
gene 2 3 239 321615 0 1108 321615 0
gene 4 6 392 -800000 0 1154 -800000 1
gene 4 392 14 119112 0 1155 119112 1
gene 3 9 403 -314136 0 1190 -314136 1
gene 3 403 13 -106068 0 1191 -106068 1
gene 3 92 421 -760613 0 1250 -760613 1
gene 3 421 14 -418353 0 1251 -418353 1
gene 1 10 436 1656 0 1296 1656 1
gene 1 436 14 93324 0 1297 93324 1
gene 2 7 495 344688 0 1472 344688 1
gene 2 495 239 99561 0 1473 99561 1
gene 1 92 239 -43959 0 1557 -43959 1
gene 4 392 121 -225702 0 1749 -225702 1
gene 1 330 421 340053 0 1790 340053 0
gene 4 11 346 -800000 0 1824 -800000 1
gene 2 1 239 -347802 0 1958 -347802 1
gene 1 330 714 -310512 0 2150 -310512 1
gene 1 714 421 300099 0 2151 300099 1
gene 2 714 14 110130 0 2331 110130 1
gene 2 3 847 -274161 0 2551 -274161 0
gene 2 847 239 482661 0 2552 482661 1
gene 3 224 121 -227634 0 2603 -227634 1
gene 1 6 882 -109374 0 2654 -109374 0
gene 1 882 15 -800000 0 2655 -800000 1
gene 2 3 898 132408 0 2704 132408 1
gene 3 898 847 -361835 0 2705 -361835 1
gene 1 6 914 82051 0 2757 82051 1
gene 1 914 882 -275825 0 2758 -275825 1
gene 1 121 121 -179418 1 2807 -179418 1
gene 3 13 15 -313582 0 3061 -313582 1
genomeend 64


/* Organism #66 Fitness: 380.000000 Time: 0 */
/* Position #66*/
#1 x: 58 y: 25
#2 x: 84 y: 19
#3 x: 59 y: 40
#4 x: 63 y: 73
#5 x: 30 y: 63
#6 x: 57 y: 70
genomestart 66
trait 1 1.000000 0.000000 0.000000 0.000000 0.000000 0.000000 0.000000 0.000000 trait 2 2.000000 0.000000 0.000000 0.000000 0.000000 0.000000 0.000000 0.000000 trait 3 3.000000 0.000000 0.000000 0.000000 0.000000 0.000000 0.000000 0.000000 trait 4 73910.000000 58593.000000 0.000000 0.000000 0.000000 0.000000 0.000000 0.000000 node 1 4 1 3
node 2 2 1 1
node 3 4 1 1
node 4 2 1 1
node 5 4 1 1
node 6 3 1 1
node 7 2 1 1
node 8 1 1 1
node 9 4 1 1
node 10 1 1 1
node 11 1 1 1
node 12 4 1 1
node 13 3 0 2
node 14 1 0 2
node 15 4 0 2
node 71 1 0 0
node 289 1 0 0
node 317 1 0 0
node 368 1 0 0
node 381 3 0 0
node 394 1 0 0
node 405 1 0 0
node 439 2 0 0
node 665 1 0 0
node 706 1 0 0
node 739 1 0 0
node 804 1 0 0
node 860 1 0 0
node 881 3 0 0
gene 4 1 13 257985 0 1 257985 1
gene 3 2 13 -146241 0 2 -146241 1
gene 2 3 13 -62301 0 3 -62301 1
gene 4 4 13 -138414 0 4 -138414 1
gene 2 5 13 -305481 0 5 -305481 1
gene 3 6 13 -96480 0 6 -96480 1
gene 1 7 13 -427734 0 7 -427734 1
gene 1 8 13 -224187 0 8 -224187 1
gene 1 9 13 524280 0 9 524280 1
gene 2 10 13 -800000 0 10 -800000 0
gene 3 11 13 -218226 0 11 -218226 1
gene 3 12 13 -66396 0 12 -66396 1
gene 1 1 14 764054 0 13 764054 1
gene 1 2 14 18174 0 14 18174 0
gene 3 3 14 514620 0 15 514620 0
gene 1 4 14 -90900 0 16 -90900 1
gene 1 5 14 -225819 0 17 -225819 1
gene 1 6 14 -190118 0 18 -190118 1
gene 1 7 14 113145 0 19 113145 1
gene 2 8 14 -167256 0 20 -167256 1
gene 2 9 14 219478 0 21 219478 1
gene 1 10 14 109194 0 22 109194 1
gene 3 11 14 442245 0 23 442245 0
gene 2 12 14 350064 0 24 350064 1
gene 3 1 15 -632411 0 25 -632411 1
gene 2 2 15 -232626 0 26 -232626 1
gene 4 3 15 563907 0 27 563907 0
gene 2 4 15 -220410 0 28 -220410 1
gene 2 5 15 610851 0 29 610851 1
gene 1 6 15 70254 0 30 70254 1
gene 4 7 15 -667856 0 31 -667856 1
gene 2 8 15 -278553 0 32 -278553 0
gene 2 9 15 44982 0 33 44982 1
gene 1 10 15 265920 0 34 265920 1
gene 3 11 15 136425 0 35 136425 0
gene 1 12 15 -136293 0 36 -136293 1
gene 4 3 71 169142 0 201 169142 0
gene 3 71 14 -384783 0 202 -384783 1
gene 1 13 13 -800000 1 248 -800000 1
gene 2 13 15 -80205 0 413 -80205 1
gene 4 10 71 449822 0 454 449822 1
gene 1 7 71 268830 0 542 268830 1
gene 4 8 71 -105408 0 717 -105408 1
gene 4 71 71 191328 1 769 191328 1
gene 4 3 289 -350802 0 858 -350802 0
gene 4 289 15 -111300 0 859 -111300 1
gene 3 289 14 800000 0 897 800000 0
gene 4 3 317 -69042 0 942 -69042 1
gene 4 317 289 4713 0 943 4713 1
gene 2 8 368 151449 0 1081 151449 1
gene 2 368 15 405129 0 1082 405129 1
gene 1 2 381 301719 0 1117 301719 1
gene 1 381 14 330807 0 1118 330807 1
gene 4 3 394 360129 0 1159 360129 0
gene 4 394 71 -244899 0 1160 -244899 1
gene 3 11 405 -161469 0 1197 -161469 1
gene 3 405 14 -139086 0 1198 -139086 1
gene 4 14 405 299160 1 1256 299160 0
gene 4 3 439 -196992 0 1305 -196992 1
gene 4 439 394 252899 0 1306 252899 1
gene 4 14 381 -259541 1 1807 -259541 0
gene 4 6 381 -254025 0 1838 -254025 0
gene 4 6 665 28998 0 2003 28998 1
gene 4 665 381 571671 0 2004 571671 1
gene 4 14 706 -122583 1 2128 -122583 1
gene 4 706 381 122259 0 2129 122259 1
gene 1 12 289 -399567 0 2180 -399567 1
gene 2 10 739 262567 0 2229 262567 1
gene 2 739 13 -584532 0 2230 -584532 1
gene 4 405 381 -246462 0 2321 -246462 1
gene 3 665 665 -123402 1 2364 -123402 1
gene 4 14 804 258046 1 2425 258046 1
gene 4 804 405 195174 0 2426 195174 1
gene 3 3 706 -246804 0 2537 -246804 1
gene 3 289 860 -46485 0 2588 -46485 1
gene 3 860 14 800000 0 2589 800000 1
gene 3 11 881 710266 0 2650 710266 1
gene 3 881 15 -251409 0 2651 -251409 1
gene 2 5 439 -412677 0 2695 -412677 1
gene 1 289 739 541113 0 2846 541113 1
gene 3 665 804 -13917 0 2893 -13917 1
gene 1 394 394 185594 1 3028 185594 1
genomeend 66


/* Organism #78 Fitness: 360.000000 Time: 0 */
/* Position #78*/
#1 x: 39 y: 26
#2 x: 54 y: 33
#3 x: 44 y: 34
#4 x: 59 y: 82
#5 x: 75 y: 79
#6 x: 18 y: 81
genomestart 78
trait 1 1.000000 0.000000 0.000000 0.000000 0.000000 0.000000 0.000000 0.000000 trait 2 2.000000 0.000000 86530.000000 0.000000 0.000000 0.000000 40839.000000 0.000000 trait 3 3.000000 0.000000 0.000000 0.000000 87214.000000 0.000000 0.000000 43873.000000 trait 4 87559.000000 0.000000 0.000000 0.000000 0.000000 0.000000 48508.000000 17450.000000 node 1 4 1 3
node 2 2 1 1
node 3 2 1 1
node 4 2 1 1
node 5 1 1 1
node 6 1 1 1
node 7 3 1 1
node 8 1 1 1
node 9 1 1 1
node 10 4 1 1
node 11 4 1 1
node 12 1 1 1
node 13 3 0 2
node 14 1 0 2
node 15 2 0 2
node 92 1 0 0
node 121 1 0 0
node 183 1 0 0
node 238 1 0 0
node 293 1 0 0
node 409 2 0 0
node 471 1 0 0
node 524 1 0 0
node 617 1 0 0
node 634 1 0 0
node 652 1 0 0
node 701 1 0 0
node 737 1 0 0
node 851 1 0 0
gene 4 1 13 196470 0 1 196470 1
gene 1 2 13 -206145 0 2 -206145 0
gene 2 3 13 26469 0 3 26469 1
gene 1 4 13 -281814 0 4 -281814 0
gene 1 5 13 373116 0 5 373116 0
gene 2 6 13 -235359 0 6 -235359 0
gene 3 7 13 -328947 0 7 -328947 1
gene 4 8 13 -116717 0 8 -116717 1
gene 3 9 13 -9540 0 9 -9540 1
gene 3 10 13 159552 0 10 159552 1
gene 1 11 13 -133614 0 11 -133614 1
gene 2 12 13 104961 0 12 104961 1
gene 1 1 14 349953 0 13 349953 1
gene 2 2 14 229452 0 14 229452 1
gene 1 3 14 630828 0 15 630828 1
gene 3 4 14 674991 0 16 674991 1
gene 4 5 14 -185304 0 17 -185304 1
gene 4 6 14 640013 0 18 640013 1
gene 2 7 14 -407208 0 19 -407208 1
gene 3 8 14 15880 0 20 15880 0
gene 2 9 14 -177855 0 21 -177855 0
gene 1 10 14 -673107 0 22 -673107 1
gene 3 11 14 241347 0 23 241347 0
gene 2 12 14 800000 0 24 800000 1
gene 3 1 15 19230 0 25 19230 1
gene 4 2 15 745190 0 26 745190 0
gene 3 3 15 -404700 0 27 -404700 1
gene 4 4 15 387465 0 28 387465 1
gene 1 5 15 646419 0 29 646419 0
gene 1 6 15 -304350 0 30 -304350 1
gene 2 7 15 182568 0 31 182568 0
gene 1 8 15 168717 0 32 168717 1
gene 4 9 15 -385140 0 33 -385140 1
gene 2 10 15 -43107 0 34 -43107 1
gene 4 11 15 -141846 0 35 -141846 1
gene 1 12 15 188388 0 36 188388 0
gene 3 14 15 -18744 0 66 -18744 1
gene 3 14 13 800000 0 95 800000 1
gene 3 8 92 -197871 0 253 -197871 1
gene 3 92 14 370104 0 254 370104 0
gene 2 92 92 -251658 1 305 -251658 1
gene 1 4 121 -276525 0 333 -276525 1
gene 1 121 13 -74169 0 334 -74169 1
gene 1 5 183 422011 0 512 422011 1
gene 1 183 13 693992 0 513 693992 1
gene 1 2 238 143379 0 693 143379 0
gene 1 238 13 382008 0 694 382008 1
gene 1 13 13 -46074 1 827 -46074 1
gene 2 7 293 -133239 0 869 -133239 1
gene 2 293 15 -538433 0 870 -538433 1
gene 3 15 13 83208 0 1133 83208 1
gene 2 9 409 113610 0 1210 113610 1
gene 2 409 14 -365310 0 1211 -365310 1
gene 2 92 121 800000 0 1278 800000 0
gene 2 409 293 -245073 0 1355 -245073 1
gene 1 12 471 800000 0 1399 800000 1
gene 1 471 15 145965 0 1400 145965 1
gene 3 11 524 -139341 0 1569 -139341 1
gene 3 524 14 -296739 0 1570 -296739 1
gene 4 6 471 169890 0 1663 169890 1
gene 4 409 15 132039 0 1765 132039 1
gene 1 5 617 216840 0 1859 216840 1
gene 1 617 15 -125436 0 1860 -125436 1
gene 1 2 634 -380760 0 1910 -380760 1
gene 1 634 238 -272967 0 1911 -272967 1
gene 2 92 652 259830 0 1968 259830 1
gene 2 652 121 178848 0 1969 178848 1
gene 2 6 701 -611843 0 2113 -611843 1
gene 2 701 13 -170442 0 2114 -170442 1
gene 3 92 737 -523544 0 2224 -523544 1
gene 3 737 14 104253 0 2225 104253 1
gene 2 121 617 -243210 0 2527 -243210 1
gene 4 2 851 30555 0 2565 30555 1
gene 4 851 15 -140211 0 2566 -140211 1
gene 3 15 183 182280 0 2710 182280 1
gene 4 9 701 522398 0 3030 522398 1
genomeend 78


