/* Organism #0 Fitness: 320.000000 Time: 0 */
/* Position #0*/
#1 x: 47 y: 19
#2 x: 85 y: 19
#3 x: 72 y: 40
#4 x: 73 y: 69
#5 x: 49 y: 73
#6 x: 22 y: 77
genomestart 0
trait 1 1.000000 0.000000 0.000000 0.000000 0.000000 0.000000 0.000000 0.000000 trait 2 2.000000 0.000000 0.000000 0.000000 0.000000 0.000000 0.000000 0.000000 trait 3 3.000000 0.000000 0.000000 0.000000 0.000000 0.000000 0.000000 0.000000 trait 4 87559.000000 0.000000 0.000000 0.000000 0.000000 0.000000 48508.000000 17450.000000 node 1 4 1 3
node 2 2 1 1
node 3 2 1 1
node 4 2 1 1
node 5 1 1 1
node 6 1 1 1
node 7 3 1 1
node 8 1 1 1
node 9 1 1 1
node 10 4 1 1
node 11 4 1 1
node 12 1 1 1
node 13 3 0 2
node 14 1 0 2
node 15 2 0 2
node 92 1 0 0
node 121 1 0 0
node 183 1 0 0
node 238 1 0 0
node 293 1 0 0
node 409 2 0 0
node 471 1 0 0
node 524 1 0 0
node 617 1 0 0
node 634 1 0 0
node 652 1 0 0
node 701 1 0 0
node 737 1 0 0
node 839 1 0 0
node 868 1 0 0
node 995 1 0 0
node 1041 1 0 0
node 1113 1 0 0
node 1132 1 0 0
node 1182 1 0 0
node 1200 1 0 0
node 1251 1 0 0
gene 4 1 13 -180630 0 1 -180630 1
gene 1 2 13 3414 0 2 3414 0
gene 2 3 13 -47139 0 3 -47139 1
gene 1 4 13 -800000 0 4 -800000 0
gene 1 5 13 -327570 0 5 -327570 0
gene 2 6 13 -800000 0 6 -800000 0
gene 3 7 13 -771785 0 7 -771785 1
gene 4 8 13 -397140 0 8 -397140 1
gene 3 9 13 61605 0 9 61605 1
gene 3 10 13 -127641 0 10 -127641 1
gene 1 11 13 212334 0 11 212334 1
gene 2 12 13 -91434 0 12 -91434 1
gene 1 1 14 296676 0 13 296676 1
gene 2 2 14 -670749 0 14 -670749 1
gene 1 3 14 549054 0 15 549054 1
gene 3 4 14 -44202 0 16 -44202 1
gene 4 5 14 143658 0 17 143658 1
gene 2 6 14 442566 0 18 442566 0
gene 2 7 14 -415299 0 19 -415299 0
gene 3 8 14 11967 0 20 11967 0
gene 2 9 14 -160677 0 21 -160677 0
gene 1 10 14 147747 0 22 147747 1
gene 3 11 14 -140610 0 23 -140610 0
gene 2 12 14 -265803 0 24 -265803 1
gene 3 1 15 -239520 0 25 -239520 1
gene 4 2 15 370380 0 26 370380 1
gene 3 3 15 78211 0 27 78211 1
gene 4 4 15 493755 0 28 493755 1
gene 3 5 15 -664845 0 29 -664845 0
gene 1 6 15 -753258 0 30 -753258 1
gene 2 7 15 -61878 0 31 -61878 0
gene 1 8 15 -459762 0 32 -459762 1
gene 4 9 15 -8274 0 33 -8274 1
gene 2 10 15 435855 0 34 435855 1
gene 4 11 15 -33312 0 35 -33312 0
gene 1 12 15 -181047 0 36 -181047 0
gene 3 14 15 358488 0 66 358488 1
gene 3 14 13 323979 0 95 323979 0
gene 3 8 92 -165432 0 253 -165432 1
gene 3 92 14 -340758 0 254 -340758 0
gene 2 92 92 800000 1 305 800000 1
gene 1 4 121 154092 0 333 154092 0
gene 1 121 13 383559 0 334 383559 1
gene 1 5 183 -765713 0 512 -765713 1
gene 1 183 13 800000 0 513 800000 1
gene 1 2 238 -210069 0 693 -210069 0
gene 1 238 13 -168066 0 694 -168066 1
gene 1 13 13 -471090 1 827 -471090 1
gene 2 7 293 98718 0 869 98718 1
gene 2 293 15 -800000 0 870 -800000 0
gene 3 15 13 725495 0 1133 725495 1
gene 2 9 409 -12699 0 1210 -12699 0
gene 2 409 14 223299 0 1211 223299 0
gene 2 92 121 -215375 0 1278 -215375 0
gene 2 409 293 583098 0 1355 583098 1
gene 1 12 471 449442 0 1399 449442 1
gene 1 471 15 84711 0 1400 84711 1
gene 3 11 524 304530 0 1569 304530 1
gene 3 524 14 800000 0 1570 800000 1
gene 4 6 471 194328 0 1663 194328 1
gene 4 409 15 257262 0 1765 257262 1
gene 1 5 617 390666 0 1859 390666 1
gene 1 617 15 779567 0 1860 779567 1
gene 1 2 634 -62136 0 1910 -62136 1
gene 1 634 238 404664 0 1911 404664 1
gene 2 92 652 -279399 0 1968 -279399 1
gene 2 652 121 333651 0 1969 333651 1
gene 2 6 701 -66351 0 2113 -66351 1
gene 2 701 13 -99846 0 2114 -99846 1
gene 3 92 737 -13383 0 2224 -13383 1
gene 3 737 14 309444 0 2225 309444 1
gene 3 14 839 107118 0 2530 107118 1
gene 3 839 13 -109773 0 2531 -109773 1
gene 2 293 868 15778 0 2610 15778 1
gene 2 868 15 -232026 0 2611 -232026 1
gene 4 11 238 291813 0 2902 291813 1
gene 2 11 701 103710 0 2952 103710 1
gene 2 9 995 541987 0 2994 541987 1
gene 2 995 409 -93558 0 2995 -93558 0
gene 2 409 1041 -44127 0 3129 -44127 1
gene 2 1041 14 -322791 0 3130 -322791 1
gene 3 471 409 -1356 0 3254 -1356 1
gene 4 701 1041 -250668 0 3304 -250668 1
gene 2 6 1113 322731 0 3327 322731 1
gene 2 1113 14 -47568 0 3328 -47568 1
gene 2 7 1132 61399 0 3387 61399 1
gene 2 1132 14 -188322 0 3388 -188322 1
gene 4 11 1182 -246839 0 3539 -246839 1
gene 4 1182 15 275673 0 3540 275673 1
gene 2 995 1200 131938 0 3594 131938 1
gene 2 1200 409 -1551 0 3595 -1551 1
gene 2 10 524 -40668 0 3632 -40668 1
gene 1 4 1251 1 0 3736 0 1
gene 1 1251 121 154092 0 3737 0 1
genomeend 0


/* Organism #14 Fitness: 520.000000 Time: 0 */
/* Position #14*/
#1 x: 19 y: 16
#2 x: 41 y: 15
#3 x: 45 y: 19
#4 x: 46 y: 82
#5 x: 42 y: 63
#6 x: 55 y: 66
genomestart 14
trait 1 1.000000 0.000000 0.000000 0.000000 0.000000 0.000000 0.000000 0.000000 trait 2 2.000000 0.000000 0.000000 0.000000 0.000000 0.000000 0.000000 0.000000 trait 3 3.000000 0.000000 0.000000 0.000000 0.000000 0.000000 0.000000 0.000000 trait 4 73910.000000 58593.000000 0.000000 0.000000 0.000000 0.000000 0.000000 0.000000 node 1 4 1 3
node 2 2 1 1
node 3 4 1 1
node 4 2 1 1
node 5 4 1 1
node 6 3 1 1
node 7 2 1 1
node 8 1 1 1
node 9 4 1 1
node 10 1 1 1
node 11 1 1 1
node 12 4 1 1
node 13 3 0 2
node 14 1 0 2
node 15 4 0 2
node 71 1 0 0
node 289 1 0 0
node 317 1 0 0
node 368 4 0 0
node 381 3 0 0
node 394 1 0 0
node 405 1 0 0
node 439 2 0 0
node 665 1 0 0
node 706 1 0 0
node 739 1 0 0
node 804 1 0 0
node 860 1 0 0
node 881 1 0 0
node 1026 1 0 0
node 1056 1 0 0
node 1123 1 0 0
node 1140 1 0 0
node 1212 1 0 0
node 1235 1 0 0
gene 4 1 13 10350 0 1 10350 1
gene 3 2 13 -122283 0 2 -122283 1
gene 2 3 13 -521856 0 3 -521856 1
gene 4 4 13 -725816 0 4 -725816 1
gene 2 5 13 -800000 0 5 -800000 1
gene 3 6 13 -398283 0 6 -398283 1
gene 1 7 13 -86367 0 7 -86367 1
gene 1 8 13 -29328 0 8 -29328 1
gene 1 9 13 -22560 0 9 -22560 1
gene 2 10 13 -800000 0 10 -800000 0
gene 3 11 13 132909 0 11 132909 0
gene 3 12 13 -316428 0 12 -316428 1
gene 1 1 14 162344 0 13 162344 1
gene 1 2 14 544361 0 14 544361 0
gene 3 3 14 -20760 0 15 -20760 0
gene 1 4 14 -699569 0 16 -699569 1
gene 1 5 14 537552 0 17 537552 1
gene 1 6 14 -276870 0 18 -276870 1
gene 1 7 14 -584663 0 19 -584663 1
gene 2 8 14 625700 0 20 625700 1
gene 2 9 14 800000 0 21 800000 1
gene 1 10 14 597486 0 22 597486 1
gene 3 11 14 139806 0 23 139806 0
gene 2 12 14 -585561 0 24 -585561 1
gene 3 1 15 -291038 0 25 -291038 1
gene 2 2 15 -134162 0 26 -134162 0
gene 4 3 15 -496443 0 27 -496443 0
gene 2 4 15 -250083 0 28 -250083 1
gene 2 5 15 86418 0 29 86418 0
gene 1 6 15 527112 0 30 527112 1
gene 4 7 15 -295593 0 31 -295593 1
gene 2 8 15 262815 0 32 262815 0
gene 2 9 15 584343 0 33 584343 1
gene 1 10 15 -328392 0 34 -328392 1
gene 3 11 15 -743454 0 35 -743454 0
gene 1 12 15 -530157 0 36 -530157 1
gene 4 3 71 87171 0 201 87171 0
gene 3 71 14 -800000 0 202 -800000 1
gene 1 13 13 -244425 1 248 -244425 1
gene 2 13 15 256242 0 413 256242 1
gene 4 10 71 3380 0 454 3380 1
gene 1 7 71 624030 0 542 624030 1
gene 4 8 71 -128364 0 717 -128364 1
gene 4 71 71 266763 1 769 266763 1
gene 4 3 289 -347829 0 858 -347829 0
gene 4 289 15 -300174 0 859 -300174 1
gene 3 289 14 -277680 0 897 -277680 0
gene 4 3 317 -502676 0 942 -502676 1
gene 4 317 289 800000 0 943 800000 1
gene 2 8 368 774132 0 1081 774132 1
gene 2 368 15 -172561 0 1082 -172561 1
gene 1 2 381 679095 0 1117 679095 1
gene 1 381 14 -205596 0 1118 -205596 1
gene 4 3 394 503178 0 1159 503178 0
gene 4 394 71 427434 0 1160 427434 1
gene 3 11 405 -800000 0 1197 -800000 0
gene 3 405 14 201210 0 1198 201210 1
gene 4 14 405 584847 1 1256 584847 0
gene 4 3 439 -350613 0 1305 -350613 1
gene 4 439 394 -80961 0 1306 -80961 1
gene 4 14 381 471433 1 1807 471433 0
gene 4 6 381 642372 0 1838 642372 0
gene 4 6 665 365853 0 2003 365853 1
gene 4 665 381 422478 0 2004 422478 1
gene 4 14 706 -73203 1 2128 -73203 1
gene 4 706 381 -661736 0 2129 -661736 1
gene 1 12 289 -722409 0 2180 -722409 1
gene 2 10 739 136408 0 2229 136408 1
gene 2 739 13 -748683 0 2230 -748683 0
gene 4 405 381 473844 0 2321 473844 1
gene 3 665 665 800000 1 2364 800000 1
gene 4 14 804 505807 1 2425 505807 1
gene 4 804 405 738531 0 2426 738531 1
gene 3 3 706 -311106 0 2537 -311106 1
gene 3 289 860 398730 0 2588 398730 1
gene 3 860 14 200679 0 2589 200679 1
gene 3 11 881 138726 0 2650 138726 1
gene 3 881 15 -69948 0 2651 -69948 1
gene 2 5 439 303774 0 2695 303774 1
gene 1 289 739 159375 0 2846 159375 1
gene 3 665 804 -219522 0 2893 -219522 1
gene 2 706 13 144081 0 3029 144081 0
gene 2 2 1026 154672 0 3079 154672 1
gene 2 1026 15 211704 0 3080 211704 1
gene 2 706 1056 -251841 0 3166 -251841 1
gene 2 1056 13 205491 0 3167 205491 1
gene 3 368 368 -124647 1 3310 -124647 1
gene 3 11 1123 128209 0 3355 128209 1
gene 3 1123 405 -204429 0 3356 -204429 1
gene 2 739 1140 120456 0 3409 120456 1
gene 2 1140 13 44898 0 3410 44898 1
gene 2 5 1212 -492596 0 3630 -492596 1
gene 2 1212 15 288978 0 3631 288978 1
gene 3 11 1235 1 0 3697 1 1
gene 3 1235 13 379098 0 3698 379098 1
genomeend 14


/* Organism #26 Fitness: 420.000000 Time: 0 */
/* Position #26*/
#1 x: 79 y: 30
#2 x: 49 y: 32
#3 x: 35 y: 38
#4 x: 38 y: 67
#5 x: 17 y: 70
#6 x: 19 y: 85
genomestart 26
trait 1 1.000000 0.000000 0.000000 0.000000 0.000000 0.000000 0.000000 0.000000 trait 2 2.000000 0.000000 0.000000 0.000000 0.000000 0.000000 0.000000 0.000000 trait 3 3.000000 0.000000 0.000000 0.000000 0.000000 0.000000 0.000000 0.000000 trait 4 4.000000 0.000000 0.000000 0.000000 0.000000 0.000000 0.000000 0.000000 node 1 4 1 3
node 2 2 1 1
node 3 4 1 1
node 4 2 1 1
node 5 4 1 1
node 6 3 1 1
node 7 2 1 1
node 8 1 1 1
node 9 4 1 1
node 10 1 1 1
node 11 1 1 1
node 12 4 1 1
node 13 3 0 2
node 14 1 0 2
node 15 4 0 2
node 71 1 0 0
node 289 1 0 0
node 317 1 0 0
node 368 1 0 0
node 381 1 0 0
node 394 1 0 0
node 473 1 0 0
node 490 1 0 0
node 568 1 0 0
node 647 1 0 0
node 686 1 0 0
node 704 1 0 0
node 760 1 0 0
node 834 1 0 0
node 877 1 0 0
node 886 1 0 0
node 948 1 0 0
node 996 1 0 0
node 1018 1 0 0
node 1030 1 0 0
node 1107 1 0 0
node 1188 1 0 0
gene 4 1 13 -188736 0 1 -188736 1
gene 3 2 13 -256329 0 2 -256329 1
gene 2 3 13 74844 0 3 74844 0
gene 4 4 13 287571 0 4 287571 1
gene 2 5 13 -302088 0 5 -302088 0
gene 3 6 13 147456 0 6 147456 1
gene 1 7 13 -62178 0 7 -62178 0
gene 1 8 13 -15441 0 8 -15441 1
gene 1 9 13 -293247 0 9 -293247 1
gene 2 10 13 -264540 0 10 -264540 1
gene 3 11 13 31071 0 11 31071 1
gene 3 12 13 101451 0 12 101451 1
gene 1 1 14 447492 0 13 447492 1
gene 1 2 14 -800000 0 14 -800000 0
gene 3 3 14 -748845 0 15 -748845 0
gene 1 4 14 411804 0 16 411804 0
gene 1 5 14 634911 0 17 634911 1
gene 1 6 14 675663 0 18 675663 1
gene 1 7 14 424161 0 19 424161 1
gene 2 8 14 -148092 0 20 -148092 1
gene 2 9 14 -717512 0 21 -717512 0
gene 1 10 14 262839 0 22 262839 0
gene 3 11 14 -498774 0 23 -498774 1
gene 2 12 14 -394825 0 24 -394825 0
gene 3 1 15 150432 0 25 150432 1
gene 2 2 15 -140382 0 26 -140382 1
gene 4 3 15 -800000 0 27 -800000 0
gene 2 4 15 41520 0 28 41520 0
gene 2 5 15 55716 0 29 55716 1
gene 1 6 15 92484 0 30 92484 1
gene 4 7 15 196563 0 31 196563 0
gene 2 8 15 126234 0 32 126234 0
gene 2 9 15 246534 0 33 246534 1
gene 1 10 15 -588426 0 34 -588426 1
gene 3 11 15 302019 0 35 302019 1
gene 1 12 15 400827 0 36 400827 1
gene 4 3 71 -435054 0 201 -435054 0
gene 3 71 14 -557007 0 202 -557007 0
gene 1 13 13 16218 1 248 16218 1
gene 2 13 15 325221 0 413 325221 1
gene 4 10 71 -226911 0 454 -226911 1
gene 1 7 71 653061 0 542 653061 0
gene 4 8 71 -612462 0 717 -612462 1
gene 4 71 71 568131 1 769 568131 0
gene 4 3 289 -800000 0 858 -800000 0
gene 4 289 15 131211 0 859 131211 1
gene 3 289 14 -111000 0 897 -111000 1
gene 4 3 317 -408396 0 942 -408396 0
gene 4 317 289 50484 0 943 50484 1
gene 2 8 368 449670 0 1081 449670 1
gene 2 368 15 -295260 0 1082 -295260 1
gene 1 2 381 -242721 0 1117 -242721 1
gene 2 381 14 -131214 0 1118 -131214 1
gene 4 3 394 578307 0 1159 578307 1
gene 4 394 71 -352860 0 1160 -352860 1
gene 4 1 394 462558 0 1362 462558 1
gene 2 3 473 303846 0 1405 303846 1
gene 2 473 13 -417021 0 1406 -417021 1
gene 1 10 490 -33867 0 1456 -33867 1
gene 1 490 14 -78855 0 1457 -78855 1
gene 3 13 289 489906 0 1591 489906 1
gene 4 71 568 -15081 1 1699 -15081 1
gene 4 568 71 -564657 0 1700 -564657 0
gene 3 568 15 -494086 0 1754 -494086 1
gene 3 289 394 224325 0 1809 224325 0
gene 4 568 647 -170055 0 1948 -170055 1
gene 4 647 71 -437700 0 1949 -437700 1
gene 1 7 686 -530720 0 2069 -530720 1
gene 1 686 71 -54636 0 2070 -54636 1
gene 3 71 704 -607274 0 2122 -607274 1
gene 3 704 14 -622719 0 2123 -622719 1
gene 3 289 760 706485 0 2296 706485 1
gene 3 760 394 -555258 0 2297 -555258 1
gene 4 368 394 557267 0 2326 557267 1
gene 2 10 289 -526241 0 2376 -526241 1
gene 4 3 834 -800000 0 2518 -800000 1
gene 4 834 317 209217 0 2519 209217 1
gene 2 12 877 -509775 0 2634 -509775 1
gene 2 877 14 145764 0 2635 145764 1
gene 2 4 886 -117399 0 2665 -117399 1
gene 2 886 15 565740 0 2666 565740 1
gene 2 5 948 318391 0 2855 318391 0
gene 2 948 13 -11820 0 2856 -11820 1
gene 2 877 877 149907 1 2903 149907 1
gene 1 7 996 629977 0 2996 629977 1
gene 1 996 13 49299 0 2997 49299 1
gene 3 7 1018 303628 0 3054 303628 1
gene 4 1018 15 -84603 0 3055 -84603 1
gene 1 4 1030 -260793 0 3100 -260793 1
gene 1 1030 14 -12525 0 3101 -12525 1
gene 3 568 568 144888 1 3154 144888 1
gene 2 5 1107 274548 0 3308 274548 1
gene 2 1107 948 -25376 0 3309 -25376 1
gene 4 686 686 16878 1 3352 16878 1
gene 3 996 490 -190257 0 3408 -190257 1
gene 2 9 1188 161638 0 3558 161638 1
gene 2 1188 14 -800000 0 3559 -800000 1
gene 4 1030 13 47070 0 3762 47070 1
genomeend 26


/* Organism #30 Fitness: 640.000000 Time: 0 */
/* Position #30*/
#1 x: 74 y: 39
#2 x: 80 y: 27
#3 x: 51 y: 20
#4 x: 76 y: 76
#5 x: 53 y: 68
#6 x: 82 y: 64
genomestart 30
trait 1 1.000000 0.000000 0.000000 0.000000 0.000000 0.000000 0.000000 0.000000 trait 2 2.000000 0.000000 0.000000 0.000000 0.000000 0.000000 0.000000 0.000000 trait 3 3.000000 0.000000 0.000000 0.000000 0.000000 0.000000 0.000000 0.000000 trait 4 4.000000 0.000000 0.000000 0.000000 0.000000 0.000000 0.000000 0.000000 node 1 4 1 3
node 2 2 1 1
node 3 4 1 1
node 4 2 1 1
node 5 4 1 1
node 6 3 1 1
node 7 2 1 1
node 8 1 1 1
node 9 4 1 1
node 10 1 1 1
node 11 1 1 1
node 12 4 1 1
node 13 3 0 2
node 14 1 0 2
node 15 4 0 2
node 71 1 0 0
node 289 1 0 0
node 317 1 0 0
node 368 1 0 0
node 381 1 0 0
node 394 1 0 0
node 473 1 0 0
node 490 1 0 0
node 568 1 0 0
node 647 1 0 0
node 686 1 0 0
node 704 1 0 0
node 760 1 0 0
node 834 1 0 0
node 877 1 0 0
node 886 1 0 0
node 948 1 0 0
node 996 1 0 0
node 1018 1 0 0
node 1030 1 0 0
node 1107 1 0 0
node 1224 1 0 0
node 1259 1 0 0
gene 4 1 13 -9165 0 1 -9165 1
gene 3 2 13 -671496 0 2 -671496 1
gene 2 3 13 261273 0 3 261273 0
gene 4 4 13 -652706 0 4 -652706 1
gene 2 5 13 -348693 0 5 -348693 0
gene 3 6 13 -381132 0 6 -381132 1
gene 1 7 13 96171 0 7 96171 0
gene 1 8 13 -800000 0 8 -800000 1
gene 1 9 13 27897 0 9 27897 1
gene 2 10 13 -153195 0 10 -153195 1
gene 3 11 13 -43158 0 11 -43158 1
gene 3 12 13 -544812 0 12 -544812 1
gene 1 1 14 405918 0 13 405918 1
gene 1 2 14 -506331 0 14 -506331 0
gene 3 3 14 -146718 0 15 -146718 0
gene 1 4 14 -126654 0 16 -126654 0
gene 1 5 14 266346 0 17 266346 1
gene 1 6 14 434551 0 18 434551 1
gene 1 7 14 378915 0 19 378915 1
gene 2 8 14 602283 0 20 602283 1
gene 2 9 14 -800000 0 21 -800000 1
gene 1 10 14 493380 0 22 493380 0
gene 3 11 14 -267120 0 23 -267120 1
gene 2 12 14 -800000 0 24 -800000 0
gene 3 1 15 155082 0 25 155082 1
gene 2 2 15 188082 0 26 188082 1
gene 4 3 15 -627542 0 27 -627542 0
gene 2 4 15 -416247 0 28 -416247 0
gene 2 5 15 43611 0 29 43611 1
gene 1 6 15 160440 0 30 160440 1
gene 4 7 15 -155058 0 31 -155058 0
gene 2 8 15 86958 0 32 86958 0
gene 2 9 15 -564009 0 33 -564009 1
gene 1 10 15 127491 0 34 127491 1
gene 3 11 15 152874 0 35 152874 1
gene 1 12 15 -14235 0 36 -14235 1
gene 4 3 71 -443196 0 201 -443196 0
gene 3 71 14 -372366 0 202 -372366 0
gene 1 13 13 -10863 1 248 -10863 1
gene 2 13 15 -228726 0 413 -228726 1
gene 4 10 71 370419 0 454 370419 0
gene 1 7 71 529437 0 542 529437 0
gene 4 8 71 458511 0 717 458511 1
gene 4 71 71 -12165 1 769 -12165 0
gene 4 3 289 -799316 0 858 -799316 0
gene 4 289 15 -250404 0 859 -250404 1
gene 3 289 14 66180 0 897 66180 1
gene 4 3 317 126027 0 942 126027 0
gene 4 317 289 -299214 0 943 -299214 1
gene 2 8 368 280197 0 1081 280197 1
gene 2 368 15 53265 0 1082 53265 1
gene 1 2 381 17796 0 1117 17796 1
gene 2 381 14 123021 0 1118 123021 1
gene 4 3 394 -297297 0 1159 -297297 1
gene 4 394 71 104727 0 1160 104727 1
gene 4 1 394 -81783 0 1362 -81783 1
gene 2 3 473 -313020 0 1405 -313020 1
gene 2 473 13 -435351 0 1406 -435351 1
gene 1 10 490 16050 0 1456 16050 1
gene 1 490 14 -45159 0 1457 -45159 1
gene 3 13 289 -114321 0 1591 -114321 1
gene 4 71 568 -159507 1 1699 -159507 1
gene 4 568 71 55272 0 1700 55272 0
gene 3 568 15 248511 0 1754 248511 1
gene 3 289 394 -190833 0 1809 -190833 0
gene 4 568 647 -138990 0 1948 -138990 1
gene 4 647 71 -288639 0 1949 -288639 1
gene 1 7 686 -175821 0 2069 -175821 1
gene 1 686 71 60351 0 2070 60351 1
gene 3 71 704 -124419 0 2122 -124419 1
gene 3 704 14 -1353 0 2123 -1353 1
gene 3 289 760 -47727 0 2296 -47727 1
gene 3 760 394 -172908 0 2297 -172908 1
gene 4 368 394 74790 0 2326 74790 1
gene 2 10 289 -800000 0 2376 -800000 1
gene 4 3 834 -800000 0 2518 -800000 1
gene 4 834 317 -232353 0 2519 -232353 1
gene 2 12 877 -351099 0 2634 -351099 1
gene 2 877 14 198468 0 2635 198468 1
gene 2 4 886 58840 0 2665 58840 1
gene 2 886 15 357 0 2666 357 1
gene 2 5 948 3016 0 2855 3016 0
gene 2 948 13 -12972 0 2856 -12972 1
gene 2 877 877 162279 1 2903 162279 1
gene 1 7 996 -375674 0 2996 -375674 1
gene 1 996 13 -175965 0 2997 -175965 1
gene 3 7 1018 311227 0 3054 311227 1
gene 4 1018 15 -82020 0 3055 -82020 1
gene 1 4 1030 -379929 0 3100 -379929 1
gene 1 1030 14 66876 0 3101 66876 1
gene 3 568 568 -102090 1 3154 -102090 1
gene 2 5 1107 -59676 0 3308 -59676 1
gene 2 1107 948 70876 0 3309 70876 1
gene 4 686 686 -1335 1 3352 -1335 0
gene 3 996 490 -203994 0 3408 -203994 1
gene 3 834 381 186993 0 3586 186993 1
gene 4 10 1224 1 0 3662 0 1
gene 4 1224 71 370419 0 3663 0 1
gene 2 381 289 43541 0 3713 43541 1
gene 4 686 1259 1 1 3765 0 1
gene 4 1259 686 -1335 0 3766 0 1
genomeend 30


/* Organism #32 Fitness: 500.000000 Time: 0 */
/* Position #32*/
#1 x: 78 y: 36
#2 x: 49 y: 28
#3 x: 61 y: 40
#4 x: 77 y: 74
#5 x: 35 y: 85
#6 x: 85 y: 70
genomestart 32
trait 1 1.000000 0.000000 0.000000 0.000000 0.000000 0.000000 0.000000 0.000000 trait 2 2.000000 0.000000 0.000000 0.000000 0.000000 0.000000 0.000000 0.000000 trait 3 3.000000 0.000000 0.000000 0.000000 0.000000 0.000000 0.000000 0.000000 trait 4 4.000000 0.000000 0.000000 0.000000 0.000000 0.000000 0.000000 0.000000 node 1 4 1 3
node 2 2 1 1
node 3 4 1 1
node 4 2 1 1
node 5 4 1 1
node 6 3 1 1
node 7 2 1 1
node 8 1 1 1
node 9 4 1 1
node 10 1 1 1
node 11 1 1 1
node 12 4 1 1
node 13 3 0 2
node 14 1 0 2
node 15 4 0 2
node 71 1 0 0
node 289 1 0 0
node 317 1 0 0
node 368 1 0 0
node 381 1 0 0
node 394 1 0 0
node 473 1 0 0
node 490 1 0 0
node 568 1 0 0
node 647 1 0 0
node 686 1 0 0
node 704 1 0 0
node 760 1 0 0
node 834 1 0 0
node 877 1 0 0
node 886 1 0 0
node 948 1 0 0
node 996 1 0 0
node 1018 1 0 0
node 1030 1 0 0
node 1107 1 0 0
gene 4 1 13 602547 0 1 602547 1
gene 3 2 13 -13404 0 2 -13404 1
gene 2 3 13 -572592 0 3 -572592 0
gene 4 4 13 -800000 0 4 -800000 1
gene 2 5 13 553506 0 5 553506 0
gene 3 6 13 -225966 0 6 -225966 1
gene 1 7 13 -420324 0 7 -420324 0
gene 1 8 13 -485823 0 8 -485823 1
gene 1 9 13 -134283 0 9 -134283 1
gene 2 10 13 -718095 0 10 -718095 1
gene 3 11 13 -48147 0 11 -48147 1
gene 3 12 13 116988 0 12 116988 1
gene 1 1 14 362964 0 13 362964 1
gene 1 2 14 -53892 0 14 -53892 0
gene 3 3 14 -139056 0 15 -139056 0
gene 1 4 14 125715 0 16 125715 0
gene 1 5 14 -45213 0 17 -45213 1
gene 1 6 14 142851 0 18 142851 1
gene 1 7 14 -185892 0 19 -185892 1
gene 2 8 14 -13146 0 20 -13146 1
gene 2 9 14 -800000 0 21 -800000 1
gene 1 10 14 235236 0 22 235236 0
gene 3 11 14 -280170 0 23 -280170 1
gene 2 12 14 -800000 0 24 -800000 0
gene 3 1 15 461133 0 25 461133 1
gene 2 2 15 331308 0 26 331308 1
gene 4 3 15 -493691 0 27 -493691 0
gene 2 4 15 438300 0 28 438300 0
gene 2 5 15 -427776 0 29 -427776 1
gene 1 6 15 306468 0 30 306468 1
gene 4 7 15 86946 0 31 86946 0
gene 2 8 15 263040 0 32 263040 0
gene 2 9 15 -609669 0 33 -609669 1
gene 1 10 15 96078 0 34 96078 1
gene 3 11 15 -72420 0 35 -72420 1
gene 1 12 15 -314643 0 36 -314643 1
gene 4 3 71 -41676 0 201 -41676 0
gene 3 71 14 52827 0 202 52827 0
gene 1 13 13 563463 1 248 563463 1
gene 2 13 15 -454344 0 413 -454344 1
gene 4 10 71 -554130 0 454 -554130 1
gene 1 7 71 285666 0 542 285666 0
gene 4 8 71 80682 0 717 80682 1
gene 4 71 71 250458 1 769 250458 0
gene 4 3 289 -368129 0 858 -368129 0
gene 4 289 15 684351 0 859 684351 1
gene 3 289 14 -128127 0 897 -128127 1
gene 4 3 317 -16677 0 942 -16677 0
gene 4 317 289 -308091 0 943 -308091 1
gene 2 8 368 -108282 0 1081 -108282 1
gene 2 368 15 237198 0 1082 237198 1
gene 1 2 381 129294 0 1117 129294 1
gene 2 381 14 -99780 0 1118 -99780 1
gene 4 3 394 558135 0 1159 558135 1
gene 4 394 71 -186264 0 1160 -186264 1
gene 4 1 394 -25587 0 1362 -25587 1
gene 2 3 473 -677802 0 1405 -677802 1
gene 2 473 13 -127569 0 1406 -127569 1
gene 1 10 490 285597 0 1456 285597 1
gene 1 490 14 -26481 0 1457 -26481 1
gene 3 13 289 -59136 0 1591 -59136 1
gene 4 71 568 -168963 1 1699 -168963 1
gene 4 568 71 -518208 0 1700 -518208 0
gene 3 568 15 -272967 0 1754 -272967 1
gene 3 289 394 -450486 0 1809 -450486 0
gene 4 568 647 -493038 0 1948 -493038 1
gene 4 647 71 -120768 0 1949 -120768 1
gene 1 7 686 -10044 0 2069 -10044 1
gene 1 686 71 -50949 0 2070 -50949 1
gene 3 71 704 -401877 0 2122 -401877 1
gene 3 704 14 -198948 0 2123 -198948 1
gene 3 289 760 293064 0 2296 293064 1
gene 3 760 394 75702 0 2297 75702 1
gene 4 368 394 92436 0 2326 92436 1
gene 2 10 289 35789 0 2376 35789 1
gene 4 3 834 -472806 0 2518 -472806 1
gene 4 834 317 -39813 0 2519 -39813 1
gene 2 12 877 -800000 0 2634 -800000 1
gene 2 877 14 -754008 0 2635 -754008 1
gene 2 4 886 98653 0 2665 98653 1
gene 2 886 15 -14967 0 2666 -14967 1
gene 2 5 948 66651 0 2855 66651 0
gene 2 948 13 30915 0 2856 30915 1
gene 2 877 877 -67602 1 2903 -67602 1
gene 1 7 996 -74162 0 2996 -74162 1
gene 1 996 13 -281403 0 2997 -281403 1
gene 3 7 1018 -55506 0 3054 -55506 1
gene 4 1018 15 -133089 0 3055 -133089 1
gene 1 4 1030 -344682 0 3100 -344682 1
gene 1 1030 14 49995 0 3101 49995 1
gene 3 568 568 622463 1 3154 622463 1
gene 2 5 1107 115521 0 3308 115521 1
gene 2 1107 948 172603 0 3309 172603 1
gene 4 686 686 148215 1 3352 148215 1
gene 3 996 490 82568 0 3408 82568 1
gene 3 996 996 -12389 1 3624 -12389 1
gene 3 381 381 -72914 1 3767 -72914 1
genomeend 32


/* Organism #38 Fitness: 320.000000 Time: 0 */
/* Position #38*/
#1 x: 81 y: 34
#2 x: 55 y: 30
#3 x: 85 y: 25
#4 x: 74 y: 78
#5 x: 57 y: 85
#6 x: 58 y: 76
genomestart 38
trait 1 1.000000 0.000000 0.000000 0.000000 0.000000 0.000000 0.000000 0.000000 trait 2 2.000000 0.000000 0.000000 0.000000 0.000000 0.000000 0.000000 0.000000 trait 3 3.000000 0.000000 0.000000 0.000000 0.000000 0.000000 0.000000 0.000000 trait 4 73910.000000 58593.000000 0.000000 0.000000 0.000000 0.000000 0.000000 0.000000 node 1 4 1 3
node 2 2 1 1
node 3 4 1 1
node 4 2 1 1
node 5 4 1 1
node 6 3 1 1
node 7 2 1 1
node 8 1 1 1
node 9 4 1 1
node 10 1 1 1
node 11 1 1 1
node 12 4 1 1
node 13 3 0 2
node 14 1 0 2
node 15 4 0 2
node 71 1 0 0
node 289 1 0 0
node 317 1 0 0
node 368 1 0 0
node 381 3 0 0
node 394 1 0 0
node 405 1 0 0
node 439 1 0 0
node 640 1 0 0
node 671 1 0 0
node 680 1 0 0
node 924 1 0 0
node 1050 1 0 0
node 1094 1 0 0
node 1168 1 0 0
node 1185 1 0 0
node 1204 1 0 0
node 1263 1 0 0
gene 4 1 13 -92550 0 1 -92550 1
gene 3 2 13 -65688 0 2 -65688 1
gene 2 3 13 -14604 0 3 -14604 1
gene 4 4 13 271230 0 4 271230 1
gene 2 5 13 -534294 0 5 -534294 1
gene 3 6 13 80766 0 6 80766 1
gene 1 7 13 -800000 0 7 -800000 1
gene 1 8 13 -592472 0 8 -592472 1
gene 1 9 13 478118 0 9 478118 1
gene 2 10 13 243771 0 10 243771 1
gene 3 11 13 183852 0 11 183852 1
gene 3 12 13 -185046 0 12 -185046 0
gene 1 1 14 280887 0 13 280887 1
gene 1 2 14 1374 0 14 1374 0
gene 1 3 14 174204 0 15 174204 0
gene 1 4 14 -288189 0 16 -288189 1
gene 1 5 14 789173 0 17 789173 0
gene 1 6 14 -228018 0 18 -228018 1
gene 1 7 14 -266259 0 19 -266259 1
gene 2 8 14 245265 0 20 245265 1
gene 2 9 14 330426 0 21 330426 1
gene 1 10 14 -63555 0 22 -63555 1
gene 3 11 14 535694 0 23 535694 0
gene 2 12 14 101787 0 24 101787 0
gene 3 1 15 -41808 0 25 -41808 1
gene 2 2 15 -463875 0 26 -463875 0
gene 4 3 15 -204396 0 27 -204396 0
gene 2 4 15 -800000 0 28 -800000 1
gene 2 5 15 111390 0 29 111390 0
gene 1 6 15 -236565 0 30 -236565 1
gene 4 7 15 -107679 0 31 -107679 0
gene 2 8 15 529055 0 32 529055 0
gene 2 9 15 -149334 0 33 -149334 1
gene 1 10 15 174741 0 34 174741 1
gene 3 11 15 -800000 0 35 -800000 0
gene 1 12 15 269961 0 36 269961 1
gene 4 3 71 116559 0 201 116559 0
gene 3 71 14 770822 0 202 770822 0
gene 1 13 13 -377301 1 248 -377301 1
gene 2 13 15 -687047 0 413 -687047 1
gene 4 10 71 43014 0 454 43014 1
gene 1 7 71 243801 0 542 243801 1
gene 4 8 71 222510 0 717 222510 1
gene 4 71 71 277974 1 769 277974 1
gene 4 3 289 637256 0 858 637256 0
gene 4 289 15 -474659 0 859 -474659 1
gene 3 289 14 265515 0 897 265515 1
gene 4 3 317 -153009 0 942 -153009 1
gene 4 317 289 205860 0 943 205860 1
gene 2 8 368 -639795 0 1081 -639795 1
gene 2 368 15 -152937 0 1082 -152937 1
gene 1 2 381 473058 0 1117 473058 1
gene 1 381 14 1980 0 1118 1980 1
gene 4 3 394 170664 0 1159 170664 0
gene 2 394 71 459726 0 1160 459726 1
gene 3 11 405 -22296 0 1197 -22296 1
gene 3 405 14 -194562 0 1198 -194562 0
gene 4 14 405 174459 1 1256 174459 1
gene 4 3 439 309483 0 1305 309483 1
gene 4 439 394 145026 0 1306 145026 1
gene 4 14 381 88161 1 1807 88161 1
gene 4 6 381 119262 0 1838 119262 1
gene 3 11 640 357567 0 1930 357567 1
gene 3 640 15 32403 0 1931 32403 1
gene 2 2 671 -21138 0 2020 -21138 1
gene 2 671 15 317535 0 2021 317535 1
gene 2 12 680 -353934 0 2055 -353934 0
gene 3 680 13 208545 0 2056 208545 1
gene 2 317 317 140406 1 2557 140406 1
gene 4 11 680 660147 0 2743 660147 1
gene 3 405 924 234936 0 2784 234936 1
gene 3 924 14 -159849 0 2785 -159849 1
gene 3 289 289 369523 1 2988 369523 1
gene 2 368 368 184762 1 3048 184762 1
gene 4 7 1050 78393 0 3151 78393 1
gene 4 1050 15 -293157 0 3152 -293157 1
gene 2 368 680 395610 0 3204 395610 1
gene 3 12 1094 74181 0 3268 74181 1
gene 3 1094 680 -40077 0 3269 -40077 1
gene 2 317 394 37605 0 3321 37605 1
gene 3 71 1168 -52778 0 3485 -52778 1
gene 3 1168 14 800000 0 3486 800000 1
gene 1 5 1185 -268145 0 3551 -268145 1
gene 1 1185 14 800000 0 3552 800000 1
gene 2 12 1204 1 0 3604 1 1
gene 2 1204 14 -226686 0 3605 -226686 1
gene 3 924 1185 -51826 0 3725 -51826 1
gene 2 5 1263 1 0 3776 0 1
gene 2 1263 15 111390 0 3777 0 1
genomeend 38


/* Organism #46 Fitness: 460.000000 Time: 0 */
/* Position #46*/
#1 x: 16 y: 38
#2 x: 53 y: 36
#3 x: 57 y: 19
#4 x: 56 y: 69
#5 x: 29 y: 79
#6 x: 32 y: 76
genomestart 46
trait 1 1.000000 0.000000 0.000000 0.000000 0.000000 0.000000 0.000000 0.000000 trait 2 2.000000 0.000000 0.000000 0.000000 0.000000 0.000000 0.000000 0.000000 trait 3 3.000000 0.000000 0.000000 0.000000 0.000000 0.000000 0.000000 0.000000 trait 4 4.000000 0.000000 0.000000 0.000000 0.000000 0.000000 0.000000 0.000000 node 1 4 1 3
node 2 2 1 1
node 3 4 1 1
node 4 2 1 1
node 5 4 1 1
node 6 3 1 1
node 7 2 1 1
node 8 1 1 1
node 9 4 1 1
node 10 1 1 1
node 11 1 1 1
node 12 4 1 1
node 13 3 0 2
node 14 1 0 2
node 15 4 0 2
node 71 1 0 0
node 289 1 0 0
node 317 1 0 0
node 368 1 0 0
node 381 1 0 0
node 394 1 0 0
node 473 1 0 0
node 490 1 0 0
node 568 1 0 0
node 647 1 0 0
node 686 1 0 0
node 704 1 0 0
node 760 1 0 0
node 834 1 0 0
node 877 1 0 0
node 886 1 0 0
node 948 1 0 0
node 996 1 0 0
node 1018 1 0 0
node 1030 1 0 0
node 1107 1 0 0
node 1188 1 0 0
node 1266 1 0 0
gene 4 1 13 125955 0 1 125955 1
gene 3 2 13 -439287 0 2 -439287 1
gene 2 3 13 207924 0 3 207924 0
gene 4 4 13 -106515 0 4 -106515 1
gene 2 5 13 -36963 0 5 -36963 0
gene 3 6 13 264174 0 6 264174 1
gene 1 7 13 -324495 0 7 -324495 0
gene 1 8 13 -339780 0 8 -339780 1
gene 1 9 13 340581 0 9 340581 1
gene 2 10 13 182040 0 10 182040 1
gene 3 11 13 -41547 0 11 -41547 1
gene 3 12 13 226383 0 12 226383 1
gene 1 1 14 -27627 0 13 -27627 1
gene 1 2 14 -419715 0 14 -419715 0
gene 3 3 14 -490233 0 15 -490233 0
gene 1 4 14 62916 0 16 62916 0
gene 1 5 14 247722 0 17 247722 1
gene 1 6 14 6219 0 18 6219 1
gene 1 7 14 450900 0 19 450900 1
gene 2 8 14 266229 0 20 266229 1
gene 2 9 14 -571292 0 21 -571292 0
gene 1 10 14 213561 0 22 213561 0
gene 3 11 14 235233 0 23 235233 1
gene 2 12 14 -356473 0 24 -356473 0
gene 3 1 15 -345717 0 25 -345717 1
gene 2 2 15 -153270 0 26 -153270 1
gene 4 3 15 -712544 0 27 -712544 0
gene 2 4 15 391509 0 28 391509 0
gene 2 5 15 -85791 0 29 -85791 1
gene 1 6 15 145026 0 30 145026 1
gene 4 7 15 211989 0 31 211989 0
gene 2 8 15 466791 0 32 466791 0
gene 2 9 15 122892 0 33 122892 1
gene 1 10 15 -274812 0 34 -274812 1
gene 3 11 15 -189036 0 35 -189036 1
gene 1 12 15 800000 0 36 800000 1
gene 4 3 71 -240861 0 201 -240861 0
gene 3 71 14 -535158 0 202 -535158 0
gene 1 13 13 189399 1 248 189399 1
gene 2 13 15 -137145 0 413 -137145 1
gene 4 10 71 -385875 0 454 -385875 1
gene 1 7 71 713871 0 542 713871 0
gene 4 8 71 207276 0 717 207276 1
gene 4 71 71 471939 1 769 471939 0
gene 4 3 289 -281975 0 858 -281975 0
gene 4 289 15 -36948 0 859 -36948 1
gene 3 289 14 -176607 0 897 -176607 1
gene 4 3 317 -134961 0 942 -134961 0
gene 4 317 289 392031 0 943 392031 1
gene 2 8 368 546531 0 1081 546531 1
gene 2 368 15 96273 0 1082 96273 1
gene 1 2 381 235017 0 1117 235017 1
gene 2 381 14 324858 0 1118 324858 1
gene 4 3 394 -211131 0 1159 -211131 1
gene 4 394 71 -55497 0 1160 -55497 1
gene 4 1 394 282042 0 1362 282042 1
gene 2 3 473 -313629 0 1405 -313629 1
gene 2 473 13 -529224 0 1406 -529224 1
gene 1 10 490 -24912 0 1456 -24912 1
gene 1 490 14 -529455 0 1457 -529455 1
gene 3 13 289 -27435 0 1591 -27435 1
gene 4 71 568 74784 1 1699 74784 1
gene 4 568 71 -800000 0 1700 -800000 0
gene 3 568 15 -258493 0 1754 -258493 1
gene 3 289 394 -67533 0 1809 -67533 0
gene 4 568 647 -230400 0 1948 -230400 1
gene 4 647 71 -51708 0 1949 -51708 1
gene 1 7 686 -407546 0 2069 -407546 1
gene 1 686 71 467472 0 2070 467472 1
gene 3 71 704 -691209 0 2122 -691209 1
gene 3 704 14 -491805 0 2123 -491805 1
gene 3 289 760 269502 0 2296 269502 0
gene 3 760 394 204624 0 2297 204624 1
gene 4 368 394 523628 0 2326 523628 1
gene 2 10 289 -166323 0 2376 -166323 1
gene 4 3 834 363570 0 2518 363570 1
gene 4 834 317 223866 0 2519 223866 1
gene 2 12 877 26304 0 2634 26304 1
gene 2 877 14 73473 0 2635 73473 1
gene 2 4 886 -354287 0 2665 -354287 1
gene 2 886 15 -91440 0 2666 -91440 1
gene 2 5 948 195595 0 2855 195595 0
gene 2 948 13 35352 0 2856 35352 1
gene 2 877 877 -72153 1 2903 -72153 1
gene 1 7 996 232302 0 2996 232302 1
gene 1 996 13 431370 0 2997 431370 1
gene 3 7 1018 53980 0 3054 53980 1
gene 4 1018 15 -106149 0 3055 -106149 1
gene 1 4 1030 -323643 0 3100 -323643 1
gene 1 1030 14 -495531 0 3101 -495531 1
gene 3 568 568 -333258 1 3154 -333258 1
gene 2 5 1107 251976 0 3308 251976 1
gene 2 1107 948 -294498 0 3309 -294498 1
gene 4 686 686 -101973 1 3352 -101973 1
gene 3 996 490 -268188 0 3408 -268188 1
gene 2 9 1188 142221 0 3558 142221 1
gene 2 1188 14 -800000 0 3559 -800000 1
gene 3 289 1266 1 0 3782 0 1
gene 3 1266 760 269502 0 3783 0 1
genomeend 46


/* Organism #47 Fitness: 440.000000 Time: 0 */
/* Position #47*/
#1 x: 16 y: 38
#2 x: 53 y: 36
#3 x: 57 y: 19
#4 x: 56 y: 69
#5 x: 29 y: 79
#6 x: 32 y: 76
genomestart 47
trait 1 1.000000 0.000000 0.000000 0.000000 0.000000 0.000000 0.000000 0.000000 trait 2 0.000000 0.000000 0.000000 57030.000000 0.000000 0.000000 20413.000000 0.000000 trait 3 3.000000 0.000000 0.000000 0.000000 0.000000 0.000000 0.000000 0.000000 trait 4 4.000000 0.000000 0.000000 0.000000 0.000000 0.000000 0.000000 0.000000 node 1 4 1 3
node 2 2 1 1
node 3 4 1 1
node 4 2 1 1
node 5 4 1 1
node 6 3 1 1
node 7 2 1 1
node 8 1 1 1
node 9 4 1 1
node 10 1 1 1
node 11 1 1 1
node 12 4 1 1
node 13 3 0 2
node 14 1 0 2
node 15 4 0 2
node 71 1 0 0
node 289 1 0 0
node 317 1 0 0
node 368 1 0 0
node 381 1 0 0
node 394 1 0 0
node 473 1 0 0
node 490 1 0 0
node 568 1 0 0
node 647 1 0 0
node 686 1 0 0
node 704 1 0 0
node 760 1 0 0
node 834 1 0 0
node 877 1 0 0
node 886 1 0 0
node 948 1 0 0
node 996 1 0 0
node 1018 1 0 0
node 1030 1 0 0
node 1107 1 0 0
node 1243 1 0 0
gene 4 1 13 303714 0 1 303714 1
gene 3 2 13 -519627 0 2 -519627 0
gene 2 3 13 -15030 0 3 -15030 1
gene 4 4 13 -628427 0 4 -628427 1
gene 2 5 13 -113148 0 5 -113148 0
gene 3 6 13 -137238 0 6 -137238 1
gene 1 7 13 -12504 0 7 -12504 0
gene 1 8 13 -474297 0 8 -474297 1
gene 1 9 13 212145 0 9 212145 1
gene 2 10 13 -588616 0 10 -588616 1
gene 3 11 13 165724 0 11 165724 1
gene 3 12 13 52808 0 12 52808 1
gene 1 1 14 264771 0 13 264771 1
gene 1 2 14 -256575 0 14 -256575 0
gene 3 3 14 -125104 0 15 -125104 0
gene 1 4 14 615177 0 16 615177 1
gene 1 5 14 244539 0 17 244539 1
gene 1 6 14 -18806 0 18 -18806 1
gene 1 7 14 13692 0 19 13692 1
gene 2 8 14 -295986 0 20 -295986 1
gene 2 9 14 -800000 0 21 -800000 1
gene 1 10 14 184401 0 22 184401 0
gene 3 11 14 -197204 0 23 -197204 1
gene 2 12 14 -771422 0 24 -771422 1
gene 3 1 15 95914 0 25 95914 1
gene 2 2 15 -318666 0 26 -318666 1
gene 4 3 15 -415853 0 27 -415853 0
gene 2 4 15 -188767 0 28 -188767 0
gene 2 5 15 236319 0 29 236319 1
gene 1 6 15 264273 0 30 264273 1
gene 4 7 15 62041 0 31 62041 0
gene 2 8 15 -288776 0 32 -288776 0
gene 2 9 15 -133023 0 33 -133023 1
gene 1 10 15 476833 0 34 476833 1
gene 3 11 15 -598767 0 35 -598767 1
gene 1 12 15 108782 0 36 108782 1
gene 4 3 71 -20701 0 201 -20701 0
gene 3 71 14 -47280 0 202 -47280 0
gene 1 13 13 199800 1 248 199800 1
gene 2 13 15 -746947 0 413 -746947 1
gene 4 10 71 -436335 0 454 -436335 1
gene 1 7 71 -227859 0 542 -227859 0
gene 4 8 71 378360 0 717 378360 1
gene 4 71 71 12994 1 769 12994 0
gene 4 3 289 -595254 0 858 -595254 0
gene 4 289 15 70734 0 859 70734 1
gene 3 289 14 53408 0 897 53408 1
gene 4 3 317 -20345 0 942 -20345 0
gene 4 317 289 -516045 0 943 -516045 1
gene 2 8 368 -368564 0 1081 -368564 1
gene 2 368 15 -153306 0 1082 -153306 1
gene 1 2 381 -345790 0 1117 -345790 1
gene 2 381 14 -23409 0 1118 -23409 1
gene 4 3 394 -259670 0 1159 -259670 1
gene 4 394 71 -137437 0 1160 -137437 1
gene 4 1 394 102609 0 1362 102609 1
gene 2 3 473 -362940 0 1405 -362940 1
gene 2 473 13 143325 0 1406 143325 1
gene 3 10 490 625209 0 1456 625209 1
gene 1 490 14 -350246 0 1457 -350246 1
gene 3 13 289 -107187 0 1591 -107187 1
gene 4 71 568 145311 1 1699 145311 1
gene 4 568 71 -216228 0 1700 -216228 0
gene 3 568 15 -302402 0 1754 -302402 1
gene 3 289 394 -615396 0 1809 -615396 0
gene 4 568 647 432280 0 1948 432280 1
gene 4 647 71 -357504 0 1949 -357504 1
gene 1 7 686 -693822 0 2069 -693822 1
gene 1 686 71 -327965 0 2070 -327965 1
gene 3 71 704 143661 0 2122 143661 1
gene 3 704 14 21489 0 2123 21489 1
gene 3 289 760 38517 0 2296 38517 1
gene 3 760 394 586560 0 2297 586560 1
gene 4 368 394 201450 0 2326 201450 1
gene 2 10 289 -486625 0 2376 -486625 1
gene 4 3 834 -104331 0 2518 -104331 1
gene 4 834 317 -262845 0 2519 -262845 1
gene 2 12 877 97176 0 2634 97176 1
gene 2 877 14 -201402 0 2635 -201402 1
gene 2 4 886 -197546 0 2665 -197546 1
gene 2 886 15 333306 0 2666 333306 1
gene 2 5 948 -224346 0 2855 -224346 1
gene 2 948 13 390231 0 2856 390231 1
gene 2 877 877 -237318 1 2903 -237318 1
gene 1 7 996 -551226 0 2996 -551226 1
gene 1 996 13 -104256 0 2997 -104256 1
gene 3 7 1018 83901 0 3054 83901 1
gene 4 1018 15 -745476 0 3055 -745476 1
gene 1 4 1030 182007 0 3100 182007 1
gene 1 1030 14 114087 0 3101 114087 1
gene 3 568 568 555064 1 3154 555064 1
gene 2 5 1107 800000 0 3308 800000 1
gene 2 1107 948 52887 0 3309 52887 1
gene 4 686 686 -186069 1 3352 -186069 1
gene 3 996 490 135591 0 3408 135591 1
gene 3 2 1243 1 0 3714 0 1
gene 3 1243 13 -519627 0 3715 0 1
gene 1 647 760 59905 0 3784 59905 1
genomeend 47


/* Organism #48 Fitness: 440.000000 Time: 0 */
/* Position #48*/
#1 x: 24 y: 18
#2 x: 40 y: 38
#3 x: 81 y: 15
#4 x: 38 y: 71
#5 x: 81 y: 68
#6 x: 64 y: 66
genomestart 48
trait 1 1.000000 0.000000 0.000000 0.000000 0.000000 0.000000 0.000000 0.000000 trait 2 2.000000 0.000000 0.000000 0.000000 0.000000 0.000000 0.000000 0.000000 trait 3 3.000000 0.000000 0.000000 0.000000 0.000000 0.000000 0.000000 0.000000 trait 4 87559.000000 0.000000 0.000000 0.000000 0.000000 0.000000 48508.000000 17450.000000 node 1 4 1 3
node 2 2 1 1
node 3 2 1 1
node 4 2 1 1
node 5 1 1 1
node 6 1 1 1
node 7 3 1 1
node 8 1 1 1
node 9 1 1 1
node 10 4 1 1
node 11 4 1 1
node 12 1 1 1
node 13 3 0 2
node 14 1 0 2
node 15 2 0 2
node 92 1 0 0
node 121 1 0 0
node 183 1 0 0
node 238 1 0 0
node 293 1 0 0
node 409 2 0 0
node 471 1 0 0
node 524 1 0 0
node 617 1 0 0
node 634 1 0 0
node 652 1 0 0
node 701 1 0 0
node 737 1 0 0
node 839 1 0 0
node 868 1 0 0
node 995 1 0 0
node 1041 1 0 0
node 1113 1 0 0
node 1132 1 0 0
node 1182 1 0 0
node 1200 1 0 0
gene 4 1 13 -592014 0 1 -592014 1
gene 1 2 13 -244137 0 2 -244137 0
gene 2 3 13 -92541 0 3 -92541 1
gene 1 4 13 -48654 0 4 -48654 0
gene 1 5 13 -562314 0 5 -562314 0
gene 2 6 13 -670025 0 6 -670025 0
gene 3 7 13 -800000 0 7 -800000 1
gene 4 8 13 -302454 0 8 -302454 1
gene 3 9 13 52596 0 9 52596 1
gene 3 10 13 -174348 0 10 -174348 1
gene 1 11 13 -16965 0 11 -16965 1
gene 2 12 13 241644 0 12 241644 1
gene 1 1 14 -112188 0 13 -112188 1
gene 2 2 14 -116136 0 14 -116136 1
gene 1 3 14 277176 0 15 277176 1
gene 3 4 14 99081 0 16 99081 1
gene 4 5 14 19674 0 17 19674 1
gene 2 6 14 470817 0 18 470817 0
gene 2 7 14 -564660 0 19 -564660 0
gene 3 8 14 -68043 0 20 -68043 0
gene 2 9 14 4488 0 21 4488 0
gene 1 10 14 -340008 0 22 -340008 1
gene 3 11 14 -420783 0 23 -420783 0
gene 2 12 14 -12525 0 24 -12525 1
gene 3 1 15 -117630 0 25 -117630 1
gene 4 2 15 338283 0 26 338283 1
gene 3 3 15 135643 0 27 135643 1
gene 4 4 15 17835 0 28 17835 1
gene 3 5 15 -800000 0 29 -800000 0
gene 1 6 15 -412692 0 30 -412692 1
gene 2 7 15 100287 0 31 100287 0
gene 1 8 15 -86739 0 32 -86739 1
gene 4 9 15 52776 0 33 52776 1
gene 2 10 15 156435 0 34 156435 1
gene 4 11 15 220890 0 35 220890 0
gene 1 12 15 98565 0 36 98565 0
gene 3 14 15 32937 0 66 32937 1
gene 3 14 13 56904 0 95 56904 0
gene 3 8 92 -377154 0 253 -377154 1
gene 3 92 14 -112362 0 254 -112362 0
gene 2 92 92 800000 1 305 800000 1
gene 1 4 121 272067 0 333 272067 1
gene 1 121 13 114012 0 334 114012 1
gene 1 5 183 -469586 0 512 -469586 1
gene 1 183 13 426461 0 513 426461 1
gene 1 2 238 -569328 0 693 -569328 0
gene 1 238 13 309813 0 694 309813 1
gene 1 13 13 -19734 1 827 -19734 1
gene 2 7 293 -294945 0 869 -294945 1
gene 2 293 15 251094 0 870 251094 0
gene 3 15 13 774122 0 1133 774122 1
gene 2 9 409 168813 0 1210 168813 0
gene 2 409 14 257163 0 1211 257163 0
gene 2 92 121 -521507 0 1278 -521507 0
gene 2 409 293 99189 0 1355 99189 1
gene 1 12 471 158904 0 1399 158904 1
gene 1 471 15 -276060 0 1400 -276060 1
gene 3 11 524 242892 0 1569 242892 1
gene 3 524 14 582422 0 1570 582422 1
gene 4 6 471 96849 0 1663 96849 1
gene 4 409 15 312003 0 1765 312003 1
gene 1 5 617 295167 0 1859 295167 1
gene 1 617 15 800000 0 1860 800000 1
gene 1 2 634 -184287 0 1910 -184287 1
gene 1 634 238 617274 0 1911 617274 1
gene 2 92 652 -393069 0 1968 -393069 1
gene 2 652 121 -169278 0 1969 -169278 1
gene 2 6 701 -98268 0 2113 -98268 1
gene 2 701 13 17091 0 2114 17091 1
gene 3 92 737 -205095 0 2224 -205095 1
gene 3 737 14 -108774 0 2225 -108774 1
gene 3 14 839 113313 0 2530 113313 1
gene 3 839 13 257676 0 2531 257676 1
gene 2 293 868 -218829 0 2610 -218829 1
gene 2 868 15 -133593 0 2611 -133593 1
gene 4 11 238 -201411 0 2902 -201411 1
gene 2 11 701 259592 0 2952 259592 1
gene 2 9 995 470512 0 2994 470512 1
gene 2 995 409 -325677 0 2995 -325677 0
gene 2 409 1041 -126753 0 3129 -126753 1
gene 2 1041 14 56577 0 3130 56577 1
gene 3 471 409 62745 0 3254 62745 1
gene 4 701 1041 -241323 0 3304 -241323 1
gene 2 6 1113 285861 0 3327 285861 1
gene 2 1113 14 -47568 0 3328 -47568 1
gene 2 7 1132 -166598 0 3387 -166598 1
gene 2 1132 14 -256944 0 3388 -256944 1
gene 4 11 1182 119608 0 3539 119608 1
gene 4 1182 15 263838 0 3540 263838 1
gene 2 995 1200 -3606 0 3594 -3606 1
gene 2 1200 409 -298380 0 3595 -298380 1
gene 2 10 524 111777 0 3632 111777 1
gene 2 9 737 68412 0 3785 68412 1
genomeend 48


/* Organism #58 Fitness: 540.000000 Time: 0 */
/* Position #58*/
#1 x: 79 y: 28
#2 x: 65 y: 37
#3 x: 39 y: 36
#4 x: 55 y: 61
#5 x: 66 y: 81
#6 x: 67 y: 64
genomestart 58
trait 1 1.000000 0.000000 12873.000000 0.000000 0.000000 31156.000000 40658.000000 0.000000 trait 2 2.000000 0.000000 86530.000000 0.000000 0.000000 0.000000 40839.000000 0.000000 trait 3 3.000000 0.000000 0.000000 0.000000 87214.000000 0.000000 0.000000 43873.000000 trait 4 87559.000000 0.000000 0.000000 0.000000 0.000000 0.000000 48508.000000 17450.000000 node 1 4 1 3
node 2 2 1 1
node 3 2 1 1
node 4 2 1 1
node 5 1 1 1
node 6 1 1 1
node 7 3 1 1
node 8 1 1 1
node 9 1 1 1
node 10 4 1 1
node 11 4 1 1
node 12 1 1 1
node 13 3 0 2
node 14 1 0 2
node 15 2 0 2
node 92 1 0 0
node 121 2 0 0
node 183 1 0 0
node 238 1 0 0
node 293 1 0 0
node 409 2 0 0
node 471 1 0 0
node 524 1 0 0
node 617 1 0 0
node 634 1 0 0
node 652 1 0 0
node 701 1 0 0
node 737 1 0 0
node 851 1 0 0
node 1061 1 0 0
node 1269 1 0 0
gene 4 1 13 168939 0 1 168939 1
gene 1 2 13 261174 0 2 261174 0
gene 2 3 13 364308 0 3 364308 1
gene 1 4 13 -169893 0 4 -169893 0
gene 1 5 13 -235626 0 5 -235626 0
gene 2 6 13 -109593 0 6 -109593 0
gene 3 7 13 4755 0 7 4755 1
gene 4 8 13 -158462 0 8 -158462 1
gene 3 9 13 -188325 0 9 -188325 1
gene 3 10 13 -547917 0 10 -547917 1
gene 1 11 13 331203 0 11 331203 1
gene 2 12 13 67170 0 12 67170 1
gene 1 1 14 -121620 0 13 -121620 1
gene 2 2 14 212250 0 14 212250 1
gene 1 3 14 -261585 0 15 -261585 1
gene 3 4 14 460583 0 16 460583 1
gene 4 5 14 612510 0 17 612510 1
gene 4 6 14 -29010 0 18 -29010 1
gene 2 7 14 186129 0 19 186129 1
gene 3 8 14 -547800 0 20 -547800 0
gene 2 9 14 403458 0 21 403458 0
gene 1 10 14 -432603 0 22 -432603 1
gene 3 11 14 267564 0 23 267564 0
gene 2 12 14 237087 0 24 237087 1
gene 3 1 15 -49656 0 25 -49656 1
gene 4 2 15 -287307 0 26 -287307 0
gene 3 3 15 -724308 0 27 -724308 1
gene 4 4 15 -800000 0 28 -800000 1
gene 1 5 15 -298992 0 29 -298992 0
gene 1 6 15 -505100 0 30 -505100 1
gene 2 7 15 63321 0 31 63321 0
gene 1 8 15 -93417 0 32 -93417 1
gene 4 9 15 315705 0 33 315705 1
gene 2 10 15 -320910 0 34 -320910 1
gene 4 11 15 89709 0 35 89709 1
gene 1 12 15 105 0 36 105 0
gene 3 14 15 -33891 0 66 -33891 1
gene 3 14 13 251816 0 95 251816 1
gene 3 8 92 -219354 0 253 -219354 1
gene 3 92 14 -194202 0 254 -194202 0
gene 2 92 92 -484653 1 305 -484653 1
gene 1 4 121 496053 0 333 496053 1
gene 2 121 13 391758 0 334 391758 1
gene 1 5 183 135924 0 512 135924 1
gene 1 183 13 342876 0 513 342876 1
gene 1 2 238 665502 0 693 665502 0
gene 1 238 13 -69906 0 694 -69906 1
gene 1 13 13 648333 1 827 648333 1
gene 2 7 293 -127113 0 869 -127113 1
gene 2 293 15 -465911 0 870 -465911 1
gene 3 15 13 -288825 0 1133 -288825 1
gene 2 9 409 221271 0 1210 221271 1
gene 2 409 14 -182118 0 1211 -182118 0
gene 2 92 121 -266916 0 1278 -266916 0
gene 2 409 293 -794319 0 1355 -794319 1
gene 1 12 471 452429 0 1399 452429 1
gene 1 471 15 295428 0 1400 295428 1
gene 3 11 524 149265 0 1569 149265 1
gene 3 524 14 -287355 0 1570 -287355 1
gene 4 6 471 -554295 0 1663 -554295 1
gene 4 409 15 -228708 0 1765 -228708 1
gene 1 5 617 47955 0 1859 47955 1
gene 1 617 15 99150 0 1860 99150 1
gene 1 2 634 222183 0 1910 222183 1
gene 1 634 238 106872 0 1911 106872 1
gene 2 92 652 -251436 0 1968 -251436 1
gene 2 652 121 322137 0 1969 322137 1
gene 2 6 701 131724 0 2113 131724 1
gene 2 701 13 45753 0 2114 45753 1
gene 3 92 737 33300 0 2224 33300 1
gene 3 737 14 256620 0 2225 256620 1
gene 2 121 617 -330735 0 2527 -330735 1
gene 4 2 851 -227109 0 2565 -227109 1
gene 4 851 15 -144216 0 2566 -144216 1
gene 3 15 183 -118815 0 2710 -118815 1
gene 4 9 701 -292584 0 3030 -292584 1
gene 2 7 737 275991 0 3142 275991 1
gene 2 409 1061 11247 0 3180 11247 1
gene 2 1061 14 378579 0 3181 378579 0
gene 3 92 238 -16352 0 3365 -16352 1
gene 3 293 293 -122962 1 3673 -122962 1
gene 2 1061 1269 1 0 3795 0 1
gene 2 1269 14 378579 0 3796 0 1
genomeend 58


/* Organism #60 Fitness: 500.000000 Time: 0 */
/* Position #60*/
#1 x: 33 y: 24
#2 x: 75 y: 38
#3 x: 53 y: 32
#4 x: 69 y: 61
#5 x: 74 y: 62
#6 x: 78 y: 72
genomestart 60
trait 1 1.000000 0.000000 0.000000 0.000000 0.000000 0.000000 0.000000 0.000000 trait 2 2.000000 0.000000 0.000000 0.000000 0.000000 0.000000 0.000000 0.000000 trait 3 3.000000 0.000000 0.000000 0.000000 0.000000 0.000000 0.000000 0.000000 trait 4 87559.000000 0.000000 0.000000 0.000000 0.000000 0.000000 48508.000000 17450.000000 node 1 4 1 3
node 2 2 1 1
node 3 2 1 1
node 4 2 1 1
node 5 1 1 1
node 6 1 1 1
node 7 3 1 1
node 8 1 1 1
node 9 1 1 1
node 10 4 1 1
node 11 4 1 1
node 12 1 1 1
node 13 3 0 2
node 14 1 0 2
node 15 2 0 2
node 92 1 0 0
node 121 1 0 0
node 183 1 0 0
node 238 1 0 0
node 293 1 0 0
node 409 2 0 0
node 471 1 0 0
node 524 1 0 0
node 617 1 0 0
node 634 1 0 0
node 652 1 0 0
node 701 1 0 0
node 737 1 0 0
node 839 1 0 0
node 868 1 0 0
node 995 1 0 0
node 1041 1 0 0
node 1113 1 0 0
node 1132 1 0 0
node 1182 1 0 0
node 1200 1 0 0
node 1270 1 0 0
gene 4 1 13 202143 0 1 202143 1
gene 1 2 13 -57741 0 2 -57741 0
gene 2 3 13 38010 0 3 38010 1
gene 1 4 13 27252 0 4 27252 0
gene 1 5 13 32826 0 5 32826 0
gene 2 6 13 -179805 0 6 -179805 0
gene 3 7 13 -723467 0 7 -723467 1
gene 4 8 13 -498402 0 8 -498402 1
gene 3 9 13 388404 0 9 388404 1
gene 3 10 13 49056 0 10 49056 1
gene 1 11 13 366123 0 11 366123 1
gene 2 12 13 -77772 0 12 -77772 1
gene 1 1 14 506547 0 13 506547 1
gene 2 2 14 -763533 0 14 -763533 1
gene 1 3 14 182184 0 15 182184 1
gene 3 4 14 -78504 0 16 -78504 1
gene 4 5 14 250083 0 17 250083 1
gene 2 6 14 144681 0 18 144681 0
gene 2 7 14 -285033 0 19 -285033 0
gene 3 8 14 -127236 0 20 -127236 0
gene 2 9 14 -663543 0 21 -663543 0
gene 1 10 14 -128214 0 22 -128214 1
gene 3 11 14 204882 0 23 204882 0
gene 2 12 14 54921 0 24 54921 1
gene 3 1 15 -250194 0 25 -250194 1
gene 4 2 15 215535 0 26 215535 1
gene 3 3 15 -384206 0 27 -384206 1
gene 4 4 15 513606 0 28 513606 1
gene 3 5 15 -769185 0 29 -769185 0
gene 1 6 15 -286062 0 30 -286062 1
gene 2 7 15 148734 0 31 148734 0
gene 1 8 15 480363 0 32 480363 1
gene 4 9 15 -288759 0 33 -288759 1
gene 2 10 15 443187 0 34 443187 1
gene 4 11 15 -14295 0 35 -14295 0
gene 1 12 15 71694 0 36 71694 0
gene 3 14 15 183582 0 66 183582 1
gene 3 14 13 -18009 0 95 -18009 0
gene 3 8 92 -318057 0 253 -318057 1
gene 3 92 14 72603 0 254 72603 0
gene 2 92 92 800000 1 305 800000 1
gene 1 4 121 304656 0 333 304656 1
gene 1 121 13 140532 0 334 140532 1
gene 1 5 183 -140106 0 512 -140106 1
gene 1 183 13 7182 0 513 7182 1
gene 1 2 238 -126321 0 693 -126321 0
gene 1 238 13 44148 0 694 44148 1
gene 1 13 13 -472035 1 827 -472035 1
gene 2 7 293 405321 0 869 405321 1
gene 2 293 15 -735326 0 870 -735326 0
gene 3 15 13 800000 0 1133 800000 1
gene 2 9 409 24225 0 1210 24225 0
gene 2 409 14 66621 0 1211 66621 0
gene 2 92 121 -1656 0 1278 -1656 0
gene 2 409 293 200844 0 1355 200844 0
gene 1 12 471 -114564 0 1399 -114564 1
gene 1 471 15 -17583 0 1400 -17583 1
gene 3 11 524 772869 0 1569 772869 1
gene 3 524 14 -57162 0 1570 -57162 1
gene 4 6 471 5331 0 1663 5331 1
gene 4 409 15 79500 0 1765 79500 1
gene 1 5 617 -247785 0 1859 -247785 1
gene 1 617 15 800000 0 1860 800000 1
gene 1 2 634 -222381 0 1910 -222381 1
gene 1 634 238 -21582 0 1911 -21582 1
gene 2 92 652 -112869 0 1968 -112869 1
gene 2 652 121 519477 0 1969 519477 1
gene 2 6 701 220698 0 2113 220698 1
gene 2 701 13 -398454 0 2114 -398454 1
gene 3 92 737 -515004 0 2224 -515004 1
gene 3 737 14 -56451 0 2225 -56451 1
gene 3 14 839 -182586 0 2530 -182586 1
gene 3 839 13 -204765 0 2531 -204765 1
gene 2 293 868 -284475 0 2610 -284475 1
gene 2 868 15 165645 0 2611 165645 1
gene 4 11 238 164268 0 2902 164268 1
gene 2 11 701 -147325 0 2952 -147325 1
gene 2 9 995 142951 0 2994 142951 1
gene 2 995 409 -64302 0 2995 -64302 0
gene 2 409 1041 -366789 0 3129 -366789 1
gene 2 1041 14 -198441 0 3130 -198441 1
gene 3 471 409 -364656 0 3254 -364656 1
gene 4 701 1041 -748398 0 3304 -748398 1
gene 2 6 1113 601119 0 3327 601119 1
gene 2 1113 14 -163824 0 3328 -163824 1
gene 2 7 1132 -101219 0 3387 -101219 1
gene 2 1132 14 236391 0 3388 236391 1
gene 4 11 1182 24835 0 3539 24835 1
gene 4 1182 15 234330 0 3540 234330 1
gene 2 995 1200 132060 0 3594 132060 1
gene 2 1200 409 -170031 0 3595 -170031 1
gene 2 409 1270 1 0 3798 0 1
gene 2 1270 293 200844 0 3799 0 1
genomeend 60


/* Organism #72 Fitness: 320.000000 Time: 0 */
/* Position #72*/
#1 x: 69 y: 28
#2 x: 38 y: 34
#3 x: 30 y: 35
#4 x: 72 y: 65
#5 x: 68 y: 63
#6 x: 23 y: 68
genomestart 72
trait 1 77463.000000 89099.000000 0.000000 0.000000 76227.000000 7256.000000 94780.000000 0.000000 trait 2 42946.000000 0.000000 87493.000000 0.000000 0.000000 62825.000000 67637.000000 0.000000 trait 3 3.000000 0.000000 0.000000 0.000000 0.000000 0.000000 0.000000 0.000000 trait 4 0.000000 0.000000 0.000000 36459.000000 0.000000 31890.000000 0.000000 46915.000000 node 1 4 1 3
node 2 2 1 1
node 3 3 1 1
node 4 2 1 1
node 5 1 1 1
node 6 1 1 1
node 7 2 1 1
node 8 1 1 1
node 9 1 1 1
node 10 4 1 1
node 11 4 1 1
node 12 1 1 1
node 13 3 0 2
node 14 1 0 2
node 15 2 0 2
node 92 1 0 0
node 121 1 0 0
node 224 1 0 0
node 239 1 0 0
node 330 1 0 0
node 346 1 0 0
node 392 1 0 0
node 403 1 0 0
node 421 1 0 0
node 436 1 0 0
node 495 1 0 0
node 714 1 0 0
node 847 1 0 0
node 882 1 0 0
node 898 1 0 0
node 914 1 0 0
gene 4 1 13 371372 0 1 371372 1
gene 1 2 13 151248 0 2 151248 1
gene 4 3 13 150072 0 3 150072 1
gene 1 4 13 -431568 0 4 -431568 0
gene 1 5 13 -232815 0 5 -232815 1
gene 2 6 13 173346 0 6 173346 0
gene 3 7 13 522378 0 7 522378 0
gene 4 8 13 -210438 0 8 -210438 1
gene 3 9 13 -322269 0 9 -322269 0
gene 3 10 13 -329729 0 10 -329729 1
gene 1 11 13 200385 0 11 200385 1
gene 2 12 13 -7017 0 12 -7017 1
gene 1 1 14 155376 0 13 155376 1
gene 2 2 14 -276690 0 14 -276690 1
gene 1 3 14 447098 0 15 447098 1
gene 3 4 14 -18408 0 16 -18408 1
gene 4 5 14 41439 0 17 41439 1
gene 4 6 14 -178896 0 18 -178896 0
gene 2 7 14 -290256 0 19 -290256 1
gene 3 8 14 632405 0 20 632405 0
gene 2 9 14 686127 0 21 686127 1
gene 1 10 14 174675 0 22 174675 0
gene 3 11 14 -162873 0 23 -162873 1
gene 2 12 14 -60855 0 24 -60855 1
gene 3 1 15 -157563 0 25 -157563 1
gene 4 2 15 201978 0 26 201978 1
gene 3 3 15 327396 0 27 327396 1
gene 4 4 15 637220 0 28 637220 1
gene 1 5 15 -171873 0 29 -171873 1
gene 1 6 15 -120276 0 30 -120276 0
gene 2 7 15 -313146 0 31 -313146 0
gene 1 8 15 295440 0 32 295440 1
gene 4 9 15 -286137 0 33 -286137 1
gene 2 10 15 209682 0 34 209682 1
gene 4 11 15 -51117 0 35 -51117 1
gene 1 12 15 313713 0 36 313713 1
gene 3 14 15 102345 0 66 102345 1
gene 3 14 13 -244347 0 95 -244347 1
gene 3 8 92 134571 0 253 134571 1
gene 3 92 14 56106 0 254 56106 0
gene 2 92 92 124231 1 305 124231 1
gene 1 4 121 174057 0 333 174057 1
gene 1 121 13 -265158 0 334 -265158 1
gene 3 11 121 293187 0 561 293187 1
gene 2 6 224 -81297 0 649 -81297 0
gene 2 224 13 -259320 0 650 -259320 1
gene 2 7 239 140061 0 695 140061 0
gene 2 239 15 291204 0 696 291204 1
gene 2 6 330 291996 0 984 291996 1
gene 2 330 224 310452 0 985 310452 1
gene 3 7 346 552281 0 1022 552281 1
gene 3 346 13 141211 0 1023 141211 1
gene 2 3 239 -226422 0 1108 -226422 0
gene 4 6 392 273288 0 1154 273288 1
gene 4 392 14 33063 0 1155 33063 1
gene 3 9 403 -106449 0 1190 -106449 1
gene 3 403 13 340017 0 1191 340017 1
gene 3 92 421 -69753 0 1250 -69753 1
gene 3 421 14 242139 0 1251 242139 1
gene 1 10 436 -72027 0 1296 -72027 1
gene 1 436 14 187584 0 1297 187584 1
gene 2 7 495 127209 0 1472 127209 1
gene 2 495 239 -374388 0 1473 -374388 1
gene 1 92 239 -129813 0 1557 -129813 1
gene 4 392 121 18462 0 1749 18462 1
gene 1 330 421 -13509 0 1790 -13509 0
gene 4 11 346 -694454 0 1824 -694454 1
gene 2 1 239 332544 0 1958 332544 1
gene 1 330 714 -115128 0 2150 -115128 1
gene 1 714 421 130416 0 2151 130416 1
gene 2 714 14 852 0 2331 852 1
gene 2 3 847 -20544 0 2551 -20544 0
gene 2 847 239 159858 0 2552 159858 1
gene 3 224 121 -117768 0 2603 -117768 1
gene 1 6 882 47286 0 2654 47286 0
gene 1 882 15 200307 0 2655 200307 1
gene 2 3 898 -232155 0 2704 -232155 1
gene 3 898 847 -800000 0 2705 -800000 1
gene 1 6 914 -90023 0 2757 -90023 1
gene 1 914 882 -695333 0 2758 -695333 1
gene 1 121 121 58956 1 2807 58956 1
gene 3 13 15 -455187 0 3061 -455187 1
gene 1 421 239 39135 0 3494 39135 1
gene 3 898 898 96602 1 3585 96602 1
gene 2 847 330 12954 0 3623 12954 1
gene 1 9 92 -236307 0 3643 -236307 1
genomeend 72


/* Organism #78 Fitness: 500.000000 Time: 0 */
/* Position #78*/
#1 x: 23 y: 18
#2 x: 18 y: 25
#3 x: 39 y: 17
#4 x: 24 y: 60
#5 x: 26 y: 75
#6 x: 27 y: 80
genomestart 78
trait 1 0.000000 0.000000 0.000000 95168.000000 0.000000 0.000000 18088.000000 0.000000 trait 2 2.000000 0.000000 97946.000000 0.000000 0.000000 0.000000 50156.000000 0.000000 trait 3 3.000000 0.000000 0.000000 0.000000 87214.000000 0.000000 0.000000 43873.000000 trait 4 87559.000000 0.000000 0.000000 0.000000 0.000000 0.000000 48508.000000 17450.000000 node 1 4 1 3
node 2 2 1 1
node 3 2 1 1
node 4 2 1 1
node 5 1 1 1
node 6 1 1 1
node 7 3 1 1
node 8 1 1 1
node 9 1 1 1
node 10 4 1 1
node 11 4 1 1
node 12 1 1 1
node 13 3 0 2
node 14 1 0 2
node 15 2 0 2
node 92 1 0 0
node 121 1 0 0
node 183 1 0 0
node 238 1 0 0
node 293 1 0 0
node 409 2 0 0
node 471 1 0 0
node 524 1 0 0
node 617 1 0 0
node 634 1 0 0
node 652 1 0 0
node 701 1 0 0
node 737 1 0 0
node 851 1 0 0
node 1038 1 0 0
gene 4 1 13 102993 0 1 102993 1
gene 4 2 13 401511 0 2 401511 0
gene 2 3 13 -587043 0 3 -587043 1
gene 1 4 13 230193 0 4 230193 0
gene 1 5 13 -95979 0 5 -95979 0
gene 2 6 13 205308 0 6 205308 0
gene 3 7 13 -722330 0 7 -722330 1
gene 4 8 13 -300564 0 8 -300564 1
gene 3 9 13 -746721 0 9 -746721 1
gene 3 10 13 -524490 0 10 -524490 1
gene 1 11 13 258981 0 11 258981 1
gene 2 12 13 1359 0 12 1359 1
gene 1 1 14 8079 0 13 8079 1
gene 2 2 14 77214 0 14 77214 1
gene 1 3 14 -176001 0 15 -176001 1
gene 3 4 14 565083 0 16 565083 1
gene 4 5 14 -800000 0 17 -800000 1
gene 4 6 14 588146 0 18 588146 1
gene 2 7 14 -800000 0 19 -800000 1
gene 3 8 14 -182960 0 20 -182960 0
gene 2 9 14 -800000 0 21 -800000 0
gene 1 10 14 -92451 0 22 -92451 1
gene 3 11 14 -94287 0 23 -94287 0
gene 2 12 14 58941 0 24 58941 1
gene 3 1 15 46008 0 25 46008 1
gene 4 2 15 -670170 0 26 -670170 0
gene 3 3 15 563607 0 27 563607 1
gene 4 4 15 -553626 0 28 -553626 1
gene 1 5 15 -380760 0 29 -380760 0
gene 1 6 15 100407 0 30 100407 1
gene 2 7 15 213831 0 31 213831 0
gene 1 8 15 -8196 0 32 -8196 1
gene 4 9 15 285837 0 33 285837 1
gene 2 10 15 594111 0 34 594111 1
gene 4 11 15 273012 0 35 273012 1
gene 1 12 15 110688 0 36 110688 0
gene 3 14 15 -18936 0 66 -18936 1
gene 3 14 13 -7528 0 95 -7528 1
gene 3 8 92 -628677 0 253 -628677 1
gene 3 92 14 181974 0 254 181974 0
gene 2 92 92 -89532 1 305 -89532 1
gene 1 4 121 714 0 333 714 1
gene 1 121 13 -119703 0 334 -119703 1
gene 1 5 183 -253890 0 512 -253890 1
gene 1 183 13 -230043 0 513 -230043 1
gene 1 2 238 -165465 0 693 -165465 0
gene 1 238 13 800000 0 694 800000 1
gene 1 13 13 193039 1 827 193039 1
gene 2 7 293 -800000 0 869 -800000 1
gene 2 293 15 329190 0 870 329190 1
gene 3 15 13 158354 0 1133 158354 1
gene 2 9 409 56364 0 1210 56364 1
gene 2 409 14 104508 0 1211 104508 1
gene 2 92 121 57861 0 1278 57861 0
gene 2 409 293 77037 0 1355 77037 1
gene 1 12 471 65604 0 1399 65604 1
gene 1 471 15 -122397 0 1400 -122397 1
gene 3 11 524 55728 0 1569 55728 1
gene 3 524 14 366525 0 1570 366525 0
gene 4 6 471 342162 0 1663 342162 1
gene 4 409 15 528123 0 1765 528123 1
gene 1 5 617 -72414 0 1859 -72414 1
gene 1 617 15 622391 0 1860 622391 1
gene 1 2 634 -91743 0 1910 -91743 1
gene 1 634 238 230157 0 1911 230157 1
gene 2 92 652 -27015 0 1968 -27015 1
gene 2 652 121 445128 0 1969 445128 1
gene 2 6 701 195519 0 2113 195519 1
gene 2 701 13 -395775 0 2114 -395775 1
gene 3 92 737 89898 0 2224 89898 1
gene 3 737 14 535320 0 2225 535320 1
gene 2 121 617 104052 0 2527 104052 1
gene 4 2 851 800000 0 2565 800000 1
gene 4 851 15 -239991 0 2566 -239991 1
gene 3 15 183 -67512 0 2710 -67512 1
gene 4 9 701 81759 0 3030 81759 1
gene 3 524 1038 -255165 0 3120 -255165 1
gene 3 1038 14 718974 0 3121 718974 1
gene 3 9 851 -252651 0 3208 -252651 1
gene 1 121 701 153693 0 3279 153693 1
gene 2 12 92 49266 0 3322 49266 1
gene 1 121 183 -242004 0 3523 -242004 1
genomeend 78


