/* Organism #8 Fitness: 480.000000 Time: 0 */
/* Position #8*/
#1 x: 21 y: 22
#2 x: 24 y: 35
#3 x: 77 y: 40
#4 x: 22 y: 83
#5 x: 77 y: 63
#6 x: 52 y: 64
genomestart 8
trait 1 100000.000000 0.000000 0.000000 0.000000 0.000000 0.000000 0.000000 0.000000 trait 2 52534.000000 91990.000000 0.000000 100000.000000 0.000000 0.000000 0.000000 0.000000 trait 3 21555.000000 0.000000 74217.000000 0.000000 72769.000000 0.000000 0.000000 0.000000 trait 4 98930.000000 0.000000 63968.000000 0.000000 52848.000000 0.000000 0.000000 0.000000 node 1 1 1 3
node 2 2 1 1
node 3 4 1 1
node 4 4 1 1
node 5 1 1 1
node 6 4 1 1
node 7 3 1 1
node 8 3 1 1
node 9 3 1 1
node 10 4 1 1
node 11 4 1 1
node 12 1 1 1
node 13 1 0 2
node 14 2 0 2
node 15 4 0 2
node 24 1 0 0
node 188 3 0 0
node 222 1 0 0
node 272 1 0 0
node 301 1 0 0
node 380 1 0 0
node 393 1 0 0
node 453 4 0 0
node 469 1 0 0
node 557 1 0 0
node 729 1 0 0
node 875 1 0 0
node 927 1 0 0
node 1021 1 0 0
node 1084 1 0 0
node 1116 1 0 0
node 1234 1 0 0
node 1295 1 0 0
node 1374 1 0 0
node 1496 1 0 0
node 1522 1 0 0
node 1622 1 0 0
node 1712 1 0 0
node 1847 1 0 0
node 1890 1 0 0
node 2011 1 0 0
node 2035 1 0 0
node 2119 1 0 0
node 2161 1 0 0
node 2179 1 0 0
node 2221 1 0 0
node 2397 1 0 0
node 2505 1 0 0
node 2547 1 0 0
node 2578 1 0 0
node 2618 1 0 0
node 2697 1 0 0
node 2712 1 0 0
node 2874 1 0 0
node 2990 1 0 0
node 3002 1 0 0
node 3170 1 0 0
node 3195 1 0 0
node 3210 1 0 0
node 3259 1 0 0
node 3276 1 0 0
node 3300 1 0 0
gene 1 1 13 419037 0 1 419037 1
gene 2 2 13 285471 0 2 285471 1
gene 2 3 13 202832 0 3 202832 1
gene 2 4 13 -114564 0 4 -114564 0
gene 3 5 13 -382488 0 5 -382488 1
gene 1 6 13 -239489 0 6 -239489 1
gene 3 7 13 -323958 0 7 -323958 1
gene 1 8 13 294681 0 8 294681 0
gene 4 9 13 -581358 0 9 -581358 1
gene 2 10 13 -455826 0 10 -455826 1
gene 3 11 13 170490 0 11 170490 1
gene 4 12 13 -260970 0 12 -260970 1
gene 1 1 14 -186816 0 13 -186816 1
gene 1 2 14 -16122 0 14 -16122 1
gene 2 3 14 -357771 0 15 -357771 1
gene 2 4 14 -138570 0 16 -138570 1
gene 1 5 14 38148 0 17 38148 1
gene 2 6 14 -89439 0 18 -89439 0
gene 3 7 14 -127113 0 19 -127113 0
gene 3 8 14 -315558 0 20 -315558 1
gene 3 9 14 -580938 0 21 -580938 0
gene 2 10 14 -371027 0 22 -371027 1
gene 3 11 14 -119163 0 23 -119163 0
gene 2 12 14 38593 0 24 38593 1
gene 2 1 15 800000 0 25 800000 1
gene 3 2 15 262068 0 26 262068 1
gene 4 3 15 296061 0 27 296061 0
gene 1 4 15 800000 0 28 800000 0
gene 4 5 15 -288354 0 29 -288354 1
gene 2 6 15 364686 0 30 364686 0
gene 4 7 15 337059 0 31 337059 0
gene 2 8 15 34818 0 32 34818 0
gene 2 9 15 106887 0 33 106887 0
gene 2 10 15 722871 0 34 722871 0
gene 3 11 15 553605 0 35 553605 0
gene 2 12 15 -171525 0 36 -171525 0
gene 4 4 24 226614 0 62 226614 1
gene 3 24 13 54828 0 63 54828 1
gene 1 24 24 -35979 1 127 -35979 0
gene 3 15 13 85209 0 293 85209 1
gene 2 7 24 -259098 0 408 -259098 0
gene 3 7 188 425388 0 526 425388 1
gene 3 188 14 259773 0 527 259773 1
gene 2 9 222 -800000 0 645 -800000 0
gene 2 222 15 61050 0 646 61050 1
gene 3 3 272 -161349 0 798 -161349 1
gene 3 272 15 451374 0 799 451374 0
gene 3 3 24 119637 0 850 119637 1
gene 1 24 301 -28890 1 893 -28890 0
gene 1 301 24 160098 0 894 160098 0
gene 1 188 188 304335 1 934 304335 1
gene 3 4 188 719999 0 1080 719999 1
gene 2 6 380 -113106 0 1115 -113106 1
gene 2 380 14 2595 0 1116 2595 1
gene 1 4 393 230493 0 1157 230493 1
gene 3 393 15 -137427 0 1158 -137427 1
gene 1 15 380 115617 0 1196 115617 1
gene 2 12 188 136920 0 1302 136920 0
gene 2 9 453 -202227 0 1346 -202227 1
gene 2 453 222 111684 0 1347 111684 1
gene 1 24 469 -242130 1 1394 -242130 0
gene 1 469 301 75228 0 1395 75228 0
gene 3 222 24 123696 0 1576 123696 1
gene 4 3 188 -217830 0 1616 -217830 1
gene 3 272 557 -61815 0 1666 -61815 1
gene 1 557 15 -118569 0 1667 -118569 0
gene 1 6 272 -800000 0 1830 -800000 0
gene 4 12 380 244392 0 1879 244392 0
gene 1 469 729 221532 0 2197 221532 1
gene 1 729 301 -178287 0 2198 -178287 1
gene 2 14 301 -198106 0 2244 -198106 0
gene 1 188 380 287994 0 2284 287994 1
gene 3 8 875 124437 0 2630 124437 0
gene 1 875 13 404565 0 2631 404565 1
gene 4 12 927 -276135 0 2791 -276135 1
gene 4 927 380 294318 0 2792 294318 1
gene 2 393 380 -78147 0 3014 -78147 1
gene 2 7 1021 -270933 0 3066 -270933 1
gene 2 1021 24 77613 0 3067 77613 0
gene 1 8 1084 182730 0 3243 182730 0
gene 1 1084 875 -331794 0 3244 -331794 0
gene 4 188 927 34311 0 3297 34311 1
gene 1 1084 1116 -443928 0 3335 -443928 1
gene 1 1116 875 -98754 0 3336 -98754 0
gene 1 222 469 -468062 0 3394 -468062 1
gene 1 8 1234 -40515 0 3693 -40515 1
gene 1 1234 1084 85155 0 3694 85155 0
gene 1 301 1295 294375 0 3863 294375 1
gene 1 1295 24 -275244 0 3864 -275244 1
gene 1 2 393 153636 0 3943 153636 1
gene 4 1084 1084 373470 1 4053 373470 1
gene 3 1295 1084 260025 0 4076 260025 1
gene 1 1116 1374 -34275 0 4119 -34275 1
gene 1 1374 875 -209229 0 4120 -209229 1
gene 2 272 1084 52875 0 4218 52875 1
gene 2 12 1496 -22656 0 4474 -22656 1
gene 2 1496 15 -650265 0 4475 -650265 1
gene 1 557 1522 -28305 0 4546 -28305 1
gene 1 1522 15 4122 0 4547 4122 1
gene 3 1116 1021 -6228 0 4657 -6228 0
gene 3 9 380 179049 0 4725 179049 1
gene 2 12 1622 -264291 0 4831 -264291 0
gene 2 1622 188 -319266 0 4832 -319266 1
gene 4 453 453 313587 1 4965 313587 0
gene 2 8 1712 148836 0 5099 148836 1
gene 2 1712 15 163731 0 5100 163731 0
gene 1 6 1847 -58785 0 5495 -58785 1
gene 1 1847 272 35019 0 5496 35019 1
gene 3 9 1890 -350756 0 5636 -350756 0
gene 3 1890 14 -384729 0 5637 -384729 1
gene 4 1116 13 94332 0 5838 94332 1
gene 1 9 1712 -800000 0 5937 -800000 1
gene 1 24 2011 465672 1 5985 465672 1
gene 1 2011 469 -235146 0 5986 -235146 1
gene 2 1712 2035 -217988 0 6047 -217988 0
gene 2 2035 15 -11022 0 6048 -11022 1
gene 3 927 1084 -188664 0 6090 -188664 0
gene 4 1847 453 797976 0 6145 797976 1
gene 2 1712 2119 -263276 0 6302 -263276 1
gene 2 2119 2035 -148212 0 6303 -148212 1
gene 3 9 2161 -315363 0 6421 -315363 1
gene 3 2161 1890 262113 0 6422 262113 0
gene 4 453 2179 -223203 1 6471 -223203 1
gene 4 2179 453 168666 0 6472 168666 1
gene 4 7 2221 -183711 0 6590 -183711 0
gene 4 2221 15 158349 0 6591 158349 1
gene 2 1295 1021 329850 0 6920 329850 1
gene 4 2011 393 -19989 0 7009 -19989 0
gene 3 1295 557 160380 1 7060 160380 1
gene 3 11 2397 -302337 0 7109 -302337 1
gene 3 2397 14 220836 0 7110 220836 1
gene 3 469 272 272460 0 7207 272460 0
gene 2 14 2505 -209373 0 7409 -209373 1
gene 2 2505 301 58488 0 7410 58488 1
gene 4 7 2547 488316 0 7531 488316 1
gene 4 2547 2221 -2178 0 7532 -2178 1
gene 3 927 2578 137838 0 7639 137838 1
gene 3 2578 1084 -56064 0 7640 -56064 1
gene 2 12 2618 129627 0 7758 129627 0
gene 2 2618 1622 69087 0 7759 69087 1
gene 3 2161 2697 -556202 0 7981 -556202 1
gene 3 2697 1890 -103440 0 7982 -103440 1
gene 3 1116 2712 -238800 0 8023 -238800 1
gene 3 2712 1021 -191115 0 8024 -191115 1
gene 1 2 1234 268362 0 8214 268362 1
gene 4 1295 2578 -16635 0 8265 -16635 1
gene 1 4 729 -179781 0 8317 -179781 1
gene 2 1021 2874 89193 0 8528 89193 1
gene 2 2874 24 -97191 0 8529 -97191 1
gene 3 393 393 -27363 1 8658 -27363 1
gene 3 11 2990 -34542 0 8870 -34542 1
gene 3 2990 15 -159942 0 8871 -159942 1
gene 2 10 3002 -491742 0 8905 -491742 0
gene 2 3002 15 -287280 0 8906 -287280 1
gene 2 2119 2397 -38426 0 9223 -38426 1
gene 2 6 3170 -382961 0 9407 -382961 1
gene 2 3170 15 155412 0 9408 155412 1
gene 2 10 3195 178678 0 9482 178678 1
gene 2 3195 3002 -339714 0 9483 -339714 1
gene 2 12 3210 148285 0 9530 148285 1
gene 2 3210 2618 -297222 0 9531 -297222 1
gene 3 469 3259 1 0 9682 0 1
gene 3 3259 272 272460 0 9683 0 1
gene 4 2011 3276 1 0 9736 0 1
gene 4 3276 393 -19989 0 9737 0 1
gene 1 1234 3300 1 0 9792 0 1
gene 1 3300 1084 85155 0 9793 0 1
genomeend 8


/* Organism #22 Fitness: 280.000000 Time: 0 */
/* Position #22*/
#1 x: 53 y: 15
#2 x: 60 y: 26
#3 x: 73 y: 36
#4 x: 31 y: 70
#5 x: 21 y: 83
#6 x: 51 y: 80
genomestart 22
trait 1 100000.000000 0.000000 10519.000000 0.000000 0.000000 26593.000000 1198.000000 0.000000 trait 2 0.000000 12649.000000 36859.000000 100000.000000 0.000000 0.000000 0.000000 82672.000000 trait 3 21555.000000 0.000000 74217.000000 0.000000 72769.000000 0.000000 0.000000 0.000000 trait 4 4.000000 0.000000 0.000000 0.000000 0.000000 0.000000 0.000000 0.000000 node 1 1 1 3
node 2 2 1 1
node 3 4 1 1
node 4 4 1 1
node 5 1 1 1
node 6 1 1 1
node 7 3 1 1
node 8 3 1 1
node 9 3 1 1
node 10 4 1 1
node 11 4 1 1
node 12 1 1 1
node 13 1 0 2
node 14 2 0 2
node 15 4 0 2
node 24 1 0 0
node 188 3 0 0
node 222 1 0 0
node 272 1 0 0
node 301 1 0 0
node 380 1 0 0
node 393 1 0 0
node 453 4 0 0
node 469 1 0 0
node 557 1 0 0
node 729 1 0 0
node 875 1 0 0
node 927 1 0 0
node 1021 1 0 0
node 1084 1 0 0
node 1116 1 0 0
node 1234 4 0 0
node 1295 1 0 0
node 1374 1 0 0
node 1496 1 0 0
node 1522 1 0 0
node 1622 1 0 0
node 1712 1 0 0
node 1847 1 0 0
node 1890 1 0 0
node 2011 1 0 0
node 2035 1 0 0
node 2119 1 0 0
node 2161 1 0 0
node 2179 1 0 0
node 2221 1 0 0
node 2347 1 0 0
node 2379 1 0 0
node 2428 1 0 0
node 2441 1 0 0
node 2472 1 0 0
node 2511 1 0 0
node 2581 1 0 0
node 2603 1 0 0
node 2679 1 0 0
node 2689 1 0 0
node 2709 1 0 0
node 2977 1 0 0
node 3256 1 0 0
node 3306 1 0 0
gene 1 1 13 210375 0 1 210375 1
gene 2 2 13 528812 0 2 528812 1
gene 2 3 13 -525324 0 3 -525324 1
gene 4 4 13 31893 0 4 31893 0
gene 2 5 13 -85605 0 5 -85605 1
gene 1 6 13 -647135 0 6 -647135 1
gene 3 7 13 227259 0 7 227259 1
gene 1 8 13 -779480 0 8 -779480 0
gene 4 9 13 -106020 0 9 -106020 1
gene 2 10 13 -92820 0 10 -92820 1
gene 3 11 13 137241 0 11 137241 1
gene 4 12 13 385581 0 12 385581 1
gene 1 1 14 298692 0 13 298692 1
gene 1 2 14 -305223 0 14 -305223 1
gene 2 3 14 -505758 0 15 -505758 1
gene 2 4 14 -349098 0 16 -349098 1
gene 1 5 14 -374468 0 17 -374468 1
gene 2 6 14 607061 0 18 607061 0
gene 3 7 14 -195861 0 19 -195861 0
gene 3 8 14 364674 0 20 364674 1
gene 3 9 14 -173703 0 21 -173703 0
gene 2 10 14 464289 0 22 464289 1
gene 3 11 14 -492729 0 23 -492729 1
gene 2 12 14 -189558 0 24 -189558 1
gene 2 1 15 -397506 0 25 -397506 1
gene 3 2 15 -18048 0 26 -18048 1
gene 4 3 15 513570 0 27 513570 0
gene 1 4 15 119055 0 28 119055 0
gene 4 5 15 -172500 0 29 -172500 1
gene 2 6 15 416196 0 30 416196 0
gene 4 7 15 286860 0 31 286860 0
gene 2 8 15 211482 0 32 211482 0
gene 2 9 15 491514 0 33 491514 0
gene 2 10 15 280827 0 34 280827 1
gene 3 11 15 45495 0 35 45495 1
gene 2 12 15 36840 0 36 36840 0
gene 4 4 24 129276 0 62 129276 1
gene 4 24 13 -647196 0 63 -647196 1
gene 1 24 24 579803 1 127 579803 0
gene 3 15 13 93228 0 293 93228 1
gene 2 7 24 220647 0 408 220647 0
gene 3 7 188 -314418 0 526 -314418 1
gene 3 188 14 491775 0 527 491775 1
gene 2 9 222 178377 0 645 178377 0
gene 2 222 15 335682 0 646 335682 0
gene 3 3 272 -370122 0 798 -370122 0
gene 3 272 15 -407658 0 799 -407658 0
gene 2 3 24 -25995 0 850 -25995 1
gene 1 24 301 442311 1 893 442311 0
gene 1 301 24 -377058 0 894 -377058 0
gene 1 188 188 13452 1 934 13452 1
gene 3 4 188 -297548 0 1080 -297548 1
gene 2 6 380 127038 0 1115 127038 1
gene 2 380 14 -694451 0 1116 -694451 1
gene 1 4 393 -234804 0 1157 -234804 1
gene 1 393 15 -5748 0 1158 -5748 1
gene 1 15 380 512000 0 1196 512000 1
gene 2 12 188 500778 0 1302 500778 0
gene 2 9 453 -4425 0 1346 -4425 1
gene 2 453 222 473757 0 1347 473757 1
gene 1 24 469 -452297 1 1394 -452297 0
gene 1 469 301 -317271 0 1395 -317271 0
gene 3 222 24 -66294 0 1576 -66294 1
gene 4 3 188 -480267 0 1616 -480267 1
gene 3 272 557 -118268 0 1666 -118268 0
gene 1 557 15 -398862 0 1667 -398862 0
gene 1 6 272 -800000 0 1830 -800000 0
gene 4 12 380 -344642 0 1879 -344642 0
gene 1 469 729 -484443 0 2197 -484443 1
gene 1 729 301 572291 0 2198 572291 1
gene 2 14 301 415560 0 2244 415560 1
gene 1 188 380 -568995 0 2284 -568995 1
gene 3 8 875 511359 0 2630 511359 0
gene 1 875 13 351243 0 2631 351243 1
gene 4 12 927 -371850 0 2791 -371850 1
gene 4 927 380 -283251 0 2792 -283251 1
gene 2 393 380 393246 0 3014 393246 0
gene 2 7 1021 324000 0 3066 324000 1
gene 3 1021 24 -69012 0 3067 -69012 1
gene 1 8 1084 203565 0 3243 203565 0
gene 1 1084 875 -89223 0 3244 -89223 0
gene 4 188 927 -552891 0 3297 -552891 1
gene 1 1084 1116 436086 0 3335 436086 1
gene 1 1116 875 -311310 0 3336 -311310 0
gene 1 222 469 318644 0 3394 318644 1
gene 1 8 1234 -800000 0 3693 -800000 0
gene 1 1234 1084 -34941 0 3694 -34941 0
gene 1 301 1295 -189207 0 3863 -189207 1
gene 1 1295 24 -446704 0 3864 -446704 1
gene 1 2 393 614619 0 3943 614619 1
gene 4 1084 1084 -34938 1 4053 -34938 1
gene 3 1295 1084 -116406 0 4076 -116406 1
gene 1 1116 1374 -76509 0 4119 -76509 1
gene 1 1374 875 221100 0 4120 221100 1
gene 2 272 1084 141108 0 4218 141108 1
gene 2 12 1496 800000 0 4474 800000 0
gene 2 1496 15 87096 0 4475 87096 1
gene 1 557 1522 227811 0 4546 227811 1
gene 1 1522 15 278538 0 4547 278538 0
gene 4 1116 1021 -673206 0 4657 -673206 1
gene 3 9 380 34656 0 4725 34656 1
gene 2 12 1622 800000 0 4831 800000 0
gene 2 1622 188 75054 0 4832 75054 0
gene 4 453 453 136497 1 4965 136497 0
gene 2 8 1712 -95232 0 5099 -95232 1
gene 2 1712 15 253779 0 5100 253779 0
gene 1 6 1847 335487 0 5495 335487 1
gene 1 1847 272 -487611 0 5496 -487611 1
gene 3 9 1890 176409 0 5636 176409 0
gene 3 1890 14 -800000 0 5637 -800000 1
gene 4 1116 13 42915 0 5838 42915 1
gene 1 9 1712 -283427 0 5937 -283427 1
gene 1 24 2011 564984 1 5985 564984 1
gene 1 2011 469 284478 0 5986 284478 1
gene 2 1712 2035 423029 0 6047 423029 0
gene 2 2035 15 282426 0 6048 282426 1
gene 1 927 1084 -170634 0 6090 -170634 1
gene 4 1847 453 111339 0 6145 111339 0
gene 2 1712 2119 167003 0 6302 167003 1
gene 2 2119 2035 -525360 0 6303 -525360 1
gene 3 9 2161 -48153 0 6421 -48153 1
gene 3 2161 1890 202842 0 6422 202842 1
gene 4 453 2179 69000 1 6471 69000 1
gene 4 2179 453 -6018 0 6472 -6018 1
gene 4 7 2221 -206088 0 6590 -206088 1
gene 4 2221 15 -800000 0 6591 -800000 0
gene 2 393 2347 -200727 0 6963 -200727 1
gene 2 2347 380 100065 0 6964 100065 1
gene 2 729 188 -372366 0 7008 -372366 1
gene 2 6 2379 -156155 0 7058 -156155 1
gene 2 2379 15 113646 0 7059 113646 1
gene 1 1234 2428 -28908 0 7193 -28908 1
gene 1 2428 1084 221565 0 7194 221565 1
gene 4 2221 2441 -255741 0 7231 -255741 1
gene 4 2441 15 -222273 0 7232 -222273 1
gene 2 1622 2472 454980 0 7317 454980 1
gene 2 2472 188 735474 0 7318 735474 1
gene 4 1712 557 -66939 0 7368 -66939 1
gene 1 1522 2511 154611 0 7422 154611 1
gene 1 2511 15 -153546 0 7423 -153546 1
gene 2 4 301 139272 0 7485 139272 1
gene 2 2035 2379 -800000 0 7596 -800000 0
gene 3 3 2581 -298623 0 7648 -298623 1
gene 3 2581 272 -51057 0 7649 -51057 1
gene 1 8 2603 -531621 0 7715 -531621 1
gene 1 2603 1234 -45792 0 7716 -45792 1
gene 2 12 2679 -124809 0 7930 -124809 1
gene 2 2679 1622 32898 0 7931 32898 1
gene 2 2035 2689 -112896 0 7960 -112896 1
gene 2 2689 2379 -217656 0 7961 -217656 1
gene 2 12 2709 -279954 0 8017 -279954 1
gene 2 2709 1496 494061 0 8018 494061 1
gene 3 2428 188 -696390 0 8525 -696390 1
gene 3 875 380 204615 1 8704 204615 1
gene 3 272 2977 490566 0 8837 490566 1
gene 3 2977 557 629118 0 8838 629118 1
gene 3 2603 380 8118 0 8883 8118 1
gene 2 393 2221 -230346 0 8955 -230346 1
gene 2 222 3256 -51134 0 9672 -51134 1
gene 2 3256 15 215469 0 9673 215469 1
gene 4 1847 3306 1 0 9808 0 1
gene 4 3306 453 111339 0 9809 0 1
genomeend 22


/* Organism #26 Fitness: 320.000000 Time: 0 */
/* Position #26*/
#1 x: 42 y: 15
#2 x: 82 y: 38
#3 x: 53 y: 38
#4 x: 76 y: 78
#5 x: 53 y: 64
#6 x: 81 y: 71
genomestart 26
trait 1 100000.000000 0.000000 10519.000000 0.000000 0.000000 26593.000000 1198.000000 0.000000 trait 2 0.000000 12649.000000 36859.000000 100000.000000 0.000000 0.000000 0.000000 82672.000000 trait 3 21555.000000 0.000000 74217.000000 0.000000 72769.000000 0.000000 0.000000 0.000000 trait 4 4.000000 0.000000 0.000000 0.000000 0.000000 0.000000 0.000000 0.000000 node 1 1 1 3
node 2 2 1 1
node 3 4 1 1
node 4 4 1 1
node 5 1 1 1
node 6 1 1 1
node 7 3 1 1
node 8 3 1 1
node 9 3 1 1
node 10 4 1 1
node 11 4 1 1
node 12 1 1 1
node 13 1 0 2
node 14 2 0 2
node 15 4 0 2
node 24 1 0 0
node 188 3 0 0
node 222 1 0 0
node 272 1 0 0
node 301 1 0 0
node 380 1 0 0
node 393 1 0 0
node 453 4 0 0
node 469 1 0 0
node 557 1 0 0
node 729 1 0 0
node 875 1 0 0
node 927 1 0 0
node 1021 1 0 0
node 1084 1 0 0
node 1116 1 0 0
node 1234 4 0 0
node 1295 1 0 0
node 1374 1 0 0
node 1496 1 0 0
node 1522 1 0 0
node 1622 1 0 0
node 1712 1 0 0
node 1847 1 0 0
node 1890 1 0 0
node 2011 1 0 0
node 2035 1 0 0
node 2119 1 0 0
node 2161 1 0 0
node 2179 1 0 0
node 2221 1 0 0
node 2347 1 0 0
node 2379 1 0 0
node 2428 1 0 0
node 2441 1 0 0
node 2472 1 0 0
node 2511 1 0 0
node 2581 1 0 0
node 2603 1 0 0
node 2679 1 0 0
node 2689 1 0 0
node 2709 1 0 0
node 2977 1 0 0
node 3256 1 0 0
gene 1 1 13 4428 0 1 4428 1
gene 2 2 13 390917 0 2 390917 1
gene 2 3 13 -706974 0 3 -706974 1
gene 4 4 13 87663 0 4 87663 0
gene 2 5 13 128469 0 5 128469 1
gene 1 6 13 -580127 0 6 -580127 1
gene 3 7 13 482211 0 7 482211 1
gene 1 8 13 -594266 0 8 -594266 0
gene 4 9 13 145929 0 9 145929 1
gene 2 10 13 -178584 0 10 -178584 1
gene 3 11 13 177264 0 11 177264 1
gene 4 12 13 128940 0 12 128940 1
gene 1 1 14 168372 0 13 168372 1
gene 1 2 14 -560394 0 14 -560394 1
gene 2 3 14 -362196 0 15 -362196 1
gene 2 4 14 -316701 0 16 -316701 1
gene 1 5 14 -637673 0 17 -637673 1
gene 2 6 14 632042 0 18 632042 0
gene 3 7 14 42699 0 19 42699 0
gene 3 8 14 226224 0 20 226224 1
gene 3 9 14 -84381 0 21 -84381 0
gene 2 10 14 454401 0 22 454401 1
gene 3 11 14 -669168 0 23 -669168 1
gene 2 12 14 -456282 0 24 -456282 1
gene 2 1 15 -446232 0 25 -446232 1
gene 3 2 15 -63834 0 26 -63834 1
gene 4 3 15 514170 0 27 514170 0
gene 1 4 15 136803 0 28 136803 0
gene 4 5 15 46209 0 29 46209 1
gene 2 6 15 594936 0 30 594936 0
gene 4 7 15 128025 0 31 128025 0
gene 2 8 15 240807 0 32 240807 0
gene 2 9 15 302118 0 33 302118 0
gene 2 10 15 130377 0 34 130377 1
gene 3 11 15 -201357 0 35 -201357 1
gene 2 12 15 -251454 0 36 -251454 0
gene 4 4 24 -146415 0 62 -146415 1
gene 4 24 13 -475176 0 63 -475176 1
gene 1 24 24 535892 1 127 535892 0
gene 3 15 13 -18855 0 293 -18855 1
gene 2 7 24 450123 0 408 450123 0
gene 3 7 188 -385029 0 526 -385029 1
gene 3 188 14 335334 0 527 335334 1
gene 2 9 222 284256 0 645 284256 0
gene 2 222 15 445644 0 646 445644 0
gene 3 3 272 -110781 0 798 -110781 0
gene 3 272 15 -458244 0 799 -458244 0
gene 2 3 24 123663 0 850 123663 1
gene 1 24 301 351594 1 893 351594 0
gene 1 301 24 -312591 0 894 -312591 0
gene 1 188 188 153942 1 934 153942 1
gene 3 4 188 -249695 0 1080 -249695 1
gene 2 6 380 359394 0 1115 359394 1
gene 2 380 14 -685904 0 1116 -685904 1
gene 1 4 393 22374 0 1157 22374 1
gene 1 393 15 164979 0 1158 164979 1
gene 1 15 380 660326 0 1196 660326 1
gene 2 12 188 730464 0 1302 730464 0
gene 2 9 453 -173598 0 1346 -173598 1
gene 2 453 222 713880 0 1347 713880 1
gene 1 24 469 -274850 1 1394 -274850 0
gene 1 469 301 -68934 0 1395 -68934 0
gene 3 222 24 16623 0 1576 16623 1
gene 4 3 188 -254082 0 1616 -254082 1
gene 3 272 557 -386504 0 1666 -386504 0
gene 1 557 15 -691548 0 1667 -691548 0
gene 1 6 272 -800000 0 1830 -800000 0
gene 4 12 380 -63437 0 1879 -63437 0
gene 1 469 729 -485031 0 2197 -485031 1
gene 1 729 301 440129 0 2198 440129 1
gene 2 14 301 298695 0 2244 298695 1
gene 1 188 380 -689424 0 2284 -689424 1
gene 3 8 875 576291 0 2630 576291 0
gene 1 875 13 122337 0 2631 122337 1
gene 4 12 927 -625299 0 2791 -625299 1
gene 4 927 380 -338079 0 2792 -338079 1
gene 2 393 380 380271 0 3014 380271 0
gene 2 7 1021 586920 0 3066 586920 1
gene 3 1021 24 -159849 0 3067 -159849 1
gene 1 8 1084 198246 0 3243 198246 0
gene 1 1084 875 -120261 0 3244 -120261 0
gene 4 188 927 -552246 0 3297 -552246 1
gene 1 1084 1116 367038 0 3335 367038 1
gene 1 1116 875 -127563 0 3336 -127563 0
gene 1 222 469 380162 0 3394 380162 1
gene 1 8 1234 -673748 0 3693 -673748 0
gene 1 1234 1084 177960 0 3694 177960 0
gene 1 301 1295 -158436 0 3863 -158436 1
gene 1 1295 24 -485752 0 3864 -485752 1
gene 1 2 393 800000 0 3943 800000 1
gene 4 1084 1084 -7281 1 4053 -7281 1
gene 3 1295 1084 170334 0 4076 170334 1
gene 1 1116 1374 -158778 0 4119 -158778 1
gene 1 1374 875 445137 0 4120 445137 1
gene 2 272 1084 232329 0 4218 232329 1
gene 2 12 1496 628637 0 4474 628637 0
gene 2 1496 15 348711 0 4475 348711 1
gene 1 557 1522 468384 0 4546 468384 1
gene 1 1522 15 337437 0 4547 337437 0
gene 4 1116 1021 -613707 0 4657 -613707 1
gene 3 9 380 -140895 0 4725 -140895 1
gene 2 12 1622 800000 0 4831 800000 0
gene 2 1622 188 212259 0 4832 212259 0
gene 4 453 453 218307 1 4965 218307 0
gene 2 8 1712 134031 0 5099 134031 1
gene 2 1712 15 459201 0 5100 459201 0
gene 1 6 1847 495015 0 5495 495015 1
gene 1 1847 272 -228876 0 5496 -228876 1
gene 3 9 1890 206139 0 5636 206139 0
gene 3 1890 14 -800000 0 5637 -800000 1
gene 4 1116 13 210237 0 5838 210237 1
gene 1 9 1712 -368150 0 5937 -368150 1
gene 1 24 2011 755769 1 5985 755769 1
gene 1 2011 469 224664 0 5986 224664 1
gene 2 1712 2035 369797 0 6047 369797 0
gene 2 2035 15 92025 0 6048 92025 1
gene 1 927 1084 88017 0 6090 88017 1
gene 4 1847 453 121008 0 6145 121008 1
gene 2 1712 2119 453029 0 6302 453029 1
gene 2 2119 2035 -478902 0 6303 -478902 1
gene 3 9 2161 -203292 0 6421 -203292 1
gene 3 2161 1890 422361 0 6422 422361 1
gene 4 453 2179 170001 1 6471 170001 1
gene 4 2179 453 85749 0 6472 85749 1
gene 4 7 2221 66969 0 6590 66969 1
gene 4 2221 15 -800000 0 6591 -800000 0
gene 2 393 2347 -340455 0 6963 -340455 1
gene 2 2347 380 171873 0 6964 171873 1
gene 2 729 188 -451635 0 7008 -451635 1
gene 2 6 2379 242100 0 7058 242100 1
gene 2 2379 15 -70851 0 7059 -70851 1
gene 1 1234 2428 -124233 0 7193 -124233 1
gene 1 2428 1084 221565 0 7194 221565 1
gene 4 2221 2441 -58134 0 7231 -58134 1
gene 4 2441 15 -222273 0 7232 -222273 1
gene 2 1622 2472 -188115 0 7317 -188115 1
gene 2 2472 188 666990 0 7318 666990 1
gene 4 1712 557 -264786 0 7368 -264786 1
gene 1 1522 2511 229149 0 7422 229149 1
gene 1 2511 15 227907 0 7423 227907 1
gene 2 4 301 -10443 0 7485 -10443 1
gene 2 2035 2379 -800000 0 7596 -800000 0
gene 3 3 2581 -298623 0 7648 -298623 1
gene 3 2581 272 -51057 0 7649 -51057 1
gene 1 8 2603 -177861 0 7715 -177861 1
gene 1 2603 1234 -45792 0 7716 -45792 1
gene 2 12 2679 -306534 0 7930 -306534 1
gene 2 2679 1622 32898 0 7931 32898 1
gene 2 2035 2689 204018 0 7960 204018 1
gene 2 2689 2379 -34572 0 7961 -34572 1
gene 2 12 2709 -453576 0 8017 -453576 1
gene 2 2709 1496 576498 0 8018 576498 1
gene 3 2428 188 272610 0 8525 272610 1
gene 3 875 380 336048 1 8704 336048 1
gene 3 272 2977 94137 0 8837 94137 1
gene 3 2977 557 800000 0 8838 800000 1
gene 3 2603 380 8118 0 8883 8118 1
gene 2 393 2221 -27315 0 8955 -27315 1
gene 2 222 3256 -124251 0 9672 -124251 1
gene 2 3256 15 -24339 0 9673 -24339 1
genomeend 26


/* Organism #42 Fitness: 340.000000 Time: 0 */
/* Position #42*/
#1 x: 23 y: 36
#2 x: 72 y: 32
#3 x: 25 y: 19
#4 x: 25 y: 82
#5 x: 37 y: 75
#6 x: 50 y: 82
genomestart 42
trait 1 100000.000000 0.000000 65077.000000 92342.000000 0.000000 46966.000000 0.000000 91780.000000 trait 2 52534.000000 100000.000000 0.000000 100000.000000 0.000000 0.000000 0.000000 0.000000 trait 3 21555.000000 0.000000 74217.000000 0.000000 72769.000000 0.000000 0.000000 0.000000 trait 4 98930.000000 0.000000 63968.000000 0.000000 52848.000000 0.000000 0.000000 0.000000 node 1 1 1 3
node 2 2 1 1
node 3 4 1 1
node 4 4 1 1
node 5 1 1 1
node 6 4 1 1
node 7 3 1 1
node 8 3 1 1
node 9 3 1 1
node 10 4 1 1
node 11 4 1 1
node 12 1 1 1
node 13 1 0 2
node 14 2 0 2
node 15 4 0 2
node 24 1 0 0
node 188 3 0 0
node 222 1 0 0
node 272 1 0 0
node 301 1 0 0
node 380 1 0 0
node 393 1 0 0
node 453 4 0 0
node 469 1 0 0
node 557 1 0 0
node 729 1 0 0
node 875 1 0 0
node 927 1 0 0
node 1021 1 0 0
node 1084 1 0 0
node 1116 1 0 0
node 1234 1 0 0
node 1295 1 0 0
node 1374 1 0 0
node 1496 1 0 0
node 1522 1 0 0
node 1622 1 0 0
node 1712 1 0 0
node 1847 1 0 0
node 1890 1 0 0
node 2011 1 0 0
node 2035 1 0 0
node 2119 1 0 0
node 2161 1 0 0
node 2179 1 0 0
node 2221 1 0 0
node 2397 1 0 0
node 2505 1 0 0
node 2547 1 0 0
node 2578 1 0 0
node 2618 1 0 0
node 2697 1 0 0
node 2712 1 0 0
node 2874 1 0 0
node 2990 1 0 0
node 3002 1 0 0
node 3114 1 0 0
node 3133 1 0 0
node 3312 1 0 0
gene 1 1 13 -215274 0 1 -215274 1
gene 2 2 13 302925 0 2 302925 1
gene 2 3 13 800000 0 3 800000 1
gene 2 4 13 -13797 0 4 -13797 0
gene 3 5 13 257469 0 5 257469 1
gene 1 6 13 18414 0 6 18414 1
gene 3 7 13 -545547 0 7 -545547 1
gene 1 8 13 228327 0 8 228327 0
gene 4 9 13 120804 0 9 120804 1
gene 2 10 13 -437793 0 10 -437793 1
gene 3 11 13 475848 0 11 475848 1
gene 4 12 13 -196413 0 12 -196413 0
gene 1 1 14 460224 0 13 460224 1
gene 1 2 14 232737 0 14 232737 1
gene 2 3 14 -26499 0 15 -26499 1
gene 2 4 14 253590 0 16 253590 1
gene 1 5 14 -270390 0 17 -270390 1
gene 2 6 14 221910 0 18 221910 0
gene 3 7 14 -800000 0 19 -800000 0
gene 3 8 14 35928 0 20 35928 1
gene 3 9 14 21240 0 21 21240 0
gene 2 10 14 -578069 0 22 -578069 1
gene 3 11 14 -290786 0 23 -290786 0
gene 2 12 14 55461 0 24 55461 1
gene 2 1 15 -81648 0 25 -81648 1
gene 3 2 15 -17670 0 26 -17670 1
gene 4 3 15 -616277 0 27 -616277 0
gene 1 4 15 -198750 0 28 -198750 0
gene 4 5 15 -25251 0 29 -25251 1
gene 2 6 15 -179946 0 30 -179946 1
gene 4 7 15 211326 0 31 211326 0
gene 2 8 15 -278616 0 32 -278616 0
gene 2 9 15 -22521 0 33 -22521 0
gene 2 10 15 -733299 0 34 -733299 0
gene 3 11 15 -253731 0 35 -253731 0
gene 2 12 15 -262266 0 36 -262266 0
gene 4 4 24 128697 0 62 128697 1
gene 3 24 13 -635655 0 63 -635655 1
gene 1 24 24 288594 1 127 288594 0
gene 3 15 13 800000 0 293 800000 1
gene 2 7 24 267666 0 408 267666 0
gene 3 7 188 -274134 0 526 -274134 1
gene 3 188 14 -56163 0 527 -56163 1
gene 2 9 222 112365 0 645 112365 0
gene 2 222 15 -589560 0 646 -589560 1
gene 3 3 272 -104112 0 798 -104112 1
gene 3 272 15 -785105 0 799 -785105 0
gene 3 3 24 -295344 0 850 -295344 1
gene 1 24 301 31794 1 893 31794 0
gene 1 301 24 -531609 0 894 -531609 0
gene 1 188 188 -707019 1 934 -707019 1
gene 3 4 188 27395 0 1080 27395 1
gene 2 6 380 -137046 0 1115 -137046 1
gene 2 380 14 -293547 0 1116 -293547 1
gene 1 4 393 -608412 0 1157 -608412 1
gene 1 393 15 -139683 0 1158 -139683 1
gene 1 15 380 54237 0 1196 54237 1
gene 2 12 188 175272 0 1302 175272 0
gene 2 9 453 489426 0 1346 489426 1
gene 2 453 222 97158 0 1347 97158 1
gene 1 24 469 355017 1 1394 355017 0
gene 1 469 301 279780 0 1395 279780 0
gene 3 222 24 423339 0 1576 423339 1
gene 4 3 188 125397 0 1616 125397 1
gene 3 272 557 65622 0 1666 65622 1
gene 1 557 15 -174867 0 1667 -174867 0
gene 1 6 272 374691 0 1830 374691 0
gene 4 12 380 -99345 0 1879 -99345 0
gene 1 469 729 358170 0 2197 358170 1
gene 1 729 301 277641 0 2198 277641 1
gene 2 14 301 -220116 0 2244 -220116 0
gene 1 188 380 -316697 0 2284 -316697 1
gene 3 8 875 213879 0 2630 213879 0
gene 1 875 13 -501015 0 2631 -501015 1
gene 4 12 927 108300 0 2791 108300 1
gene 4 927 380 441708 0 2792 441708 1
gene 2 393 380 -618326 0 3014 -618326 1
gene 2 7 1021 -47172 0 3066 -47172 1
gene 2 1021 24 -134436 0 3067 -134436 0
gene 1 8 1084 -187530 0 3243 -187530 0
gene 1 1084 875 -694749 0 3244 -694749 0
gene 4 188 927 97791 0 3297 97791 1
gene 1 1084 1116 286935 0 3335 286935 1
gene 1 1116 875 -468966 0 3336 -468966 0
gene 1 222 469 -160887 0 3394 -160887 1
gene 1 8 1234 141357 0 3693 141357 1
gene 1 1234 1084 -62895 0 3694 -62895 1
gene 1 301 1295 -238368 0 3863 -238368 1
gene 1 1295 24 11067 0 3864 11067 1
gene 1 2 393 246495 0 3943 246495 1
gene 4 1084 1084 800000 1 4053 800000 1
gene 3 1295 1084 405591 0 4076 405591 1
gene 1 1116 1374 -341343 0 4119 -341343 1
gene 1 1374 875 -266829 0 4120 -266829 1
gene 2 272 1084 23373 0 4218 23373 1
gene 2 12 1496 491991 0 4474 491991 1
gene 2 1496 15 225885 0 4475 225885 1
gene 1 557 1522 187344 0 4546 187344 1
gene 1 1522 15 -83610 0 4547 -83610 1
gene 3 1116 1021 289536 0 4657 289536 0
gene 3 9 380 213621 0 4725 213621 1
gene 2 12 1622 -24792 0 4831 -24792 0
gene 2 1622 188 -126078 0 4832 -126078 1
gene 4 453 453 -213948 1 4965 -213948 0
gene 2 8 1712 -340779 0 5099 -340779 1
gene 2 1712 15 -416765 0 5100 -416765 0
gene 1 6 1847 542493 0 5495 542493 1
gene 1 1847 272 -800000 0 5496 -800000 1
gene 3 9 1890 -167931 0 5636 -167931 0
gene 3 1890 14 -321231 0 5637 -321231 1
gene 4 1116 13 602163 0 5838 602163 1
gene 1 9 1712 -47508 0 5937 -47508 1
gene 1 24 2011 171891 1 5985 171891 1
gene 1 2011 469 132978 0 5986 132978 1
gene 2 1712 2035 81507 0 6047 81507 0
gene 2 2035 15 -49548 0 6048 -49548 1
gene 3 927 1084 157488 0 6090 157488 0
gene 4 1847 453 439896 0 6145 439896 1
gene 2 1712 2119 154353 0 6302 154353 1
gene 2 2119 2035 206436 0 6303 206436 1
gene 3 9 2161 -156846 0 6421 -156846 1
gene 3 2161 1890 116958 0 6422 116958 0
gene 4 453 2179 175083 1 6471 175083 0
gene 4 2179 453 251829 0 6472 251829 1
gene 4 7 2221 -361389 0 6590 -361389 0
gene 4 2221 15 -31596 0 6591 -31596 1
gene 2 1295 1021 -227373 0 6920 -227373 1
gene 4 2011 393 800000 0 7009 800000 1
gene 3 1295 557 396216 1 7060 396216 1
gene 3 11 2397 -216708 0 7109 -216708 1
gene 3 2397 14 -14124 0 7110 -14124 1
gene 3 469 272 126555 0 7207 126555 1
gene 2 14 2505 -259266 0 7409 -259266 1
gene 2 2505 301 -800000 0 7410 -800000 1
gene 4 7 2547 -274668 0 7531 -274668 1
gene 4 2547 2221 -97266 0 7532 -97266 0
gene 3 927 2578 -421509 0 7639 -421509 1
gene 3 2578 1084 -292077 0 7640 -292077 1
gene 2 12 2618 215814 0 7758 215814 1
gene 2 2618 1622 442491 0 7759 442491 1
gene 3 2161 2697 -348141 0 7981 -348141 1
gene 3 2697 1890 48519 0 7982 48519 1
gene 3 1116 2712 174012 0 8023 174012 1
gene 3 2712 1021 216879 0 8024 216879 1
gene 1 2 1234 -29187 0 8214 -29187 1
gene 4 1295 2578 254340 0 8265 254340 1
gene 1 4 729 62319 0 8317 62319 1
gene 2 1021 2874 73557 0 8528 73557 1
gene 2 2874 24 12723 0 8529 12723 1
gene 3 393 393 41571 1 8658 41571 1
gene 3 11 2990 109554 0 8870 109554 1
gene 3 2990 15 -206421 0 8871 -206421 1
gene 2 10 3002 -74982 0 8905 -74982 1
gene 1 3002 15 107973 0 8906 107973 1
gene 4 453 3114 -199098 1 9247 -199098 1
gene 4 3114 2179 -81075 0 9248 -81075 1
gene 4 12 3133 -403764 0 9298 -403764 1
gene 4 3133 13 -117543 0 9299 -117543 1
gene 4 2547 3312 1 0 9828 0 1
gene 4 3312 2221 -97266 0 9829 0 1
genomeend 42


/* Organism #46 Fitness: 320.000000 Time: 0 */
/* Position #46*/
#1 x: 83 y: 31
#2 x: 22 y: 18
#3 x: 34 y: 30
#4 x: 29 y: 80
#5 x: 21 y: 85
#6 x: 45 y: 68
genomestart 46
trait 1 100000.000000 0.000000 65077.000000 42511.000000 0.000000 0.000000 0.000000 91780.000000 trait 2 52534.000000 100000.000000 0.000000 100000.000000 0.000000 0.000000 0.000000 0.000000 trait 3 21555.000000 0.000000 74217.000000 0.000000 72769.000000 0.000000 0.000000 0.000000 trait 4 98930.000000 0.000000 63968.000000 0.000000 52848.000000 0.000000 0.000000 0.000000 node 1 1 1 3
node 2 2 1 1
node 3 4 1 1
node 4 4 1 1
node 5 1 1 1
node 6 4 1 1
node 7 3 1 1
node 8 3 1 1
node 9 3 1 1
node 10 4 1 1
node 11 4 1 1
node 12 1 1 1
node 13 1 0 2
node 14 2 0 2
node 15 4 0 2
node 24 1 0 0
node 188 3 0 0
node 222 1 0 0
node 272 1 0 0
node 301 1 0 0
node 380 1 0 0
node 393 1 0 0
node 453 4 0 0
node 469 1 0 0
node 557 1 0 0
node 729 1 0 0
node 875 1 0 0
node 927 1 0 0
node 1021 1 0 0
node 1084 1 0 0
node 1116 1 0 0
node 1234 1 0 0
node 1295 1 0 0
node 1374 1 0 0
node 1496 1 0 0
node 1522 1 0 0
node 1622 1 0 0
node 1712 1 0 0
node 1847 1 0 0
node 1890 1 0 0
node 2011 1 0 0
node 2035 1 0 0
node 2119 1 0 0
node 2161 1 0 0
node 2179 1 0 0
node 2221 1 0 0
node 2397 1 0 0
node 2505 1 0 0
node 2547 1 0 0
node 2578 1 0 0
node 2618 1 0 0
node 2697 1 0 0
node 2712 1 0 0
node 2874 1 0 0
node 2990 1 0 0
node 3002 1 0 0
node 3114 1 0 0
node 3133 1 0 0
node 3203 1 0 0
node 3250 1 0 0
node 3260 1 0 0
gene 1 1 13 128910 0 1 128910 1
gene 2 2 13 96168 0 2 96168 1
gene 2 3 13 585008 0 3 585008 0
gene 2 4 13 -294384 0 4 -294384 0
gene 3 5 13 103725 0 5 103725 1
gene 1 6 13 14445 0 6 14445 1
gene 3 7 13 386211 0 7 386211 1
gene 1 8 13 321621 0 8 321621 0
gene 4 9 13 299265 0 9 299265 1
gene 2 10 13 -233670 0 10 -233670 1
gene 3 11 13 216363 0 11 216363 1
gene 4 12 13 -491994 0 12 -491994 0
gene 1 1 14 -400346 0 13 -400346 1
gene 1 2 14 139887 0 14 139887 1
gene 2 3 14 493998 0 15 493998 1
gene 2 4 14 -601929 0 16 -601929 1
gene 1 5 14 442490 0 17 442490 1
gene 2 6 14 -280596 0 18 -280596 0
gene 3 7 14 168303 0 19 168303 0
gene 3 8 14 105450 0 20 105450 1
gene 3 9 14 406644 0 21 406644 0
gene 2 10 14 -800000 0 22 -800000 1
gene 3 11 14 -504618 0 23 -504618 0
gene 2 12 14 86622 0 24 86622 1
gene 2 1 15 188361 0 25 188361 1
gene 3 2 15 -384498 0 26 -384498 1
gene 4 3 15 -200859 0 27 -200859 0
gene 1 4 15 -59064 0 28 -59064 0
gene 4 5 15 -159624 0 29 -159624 1
gene 2 6 15 579432 0 30 579432 1
gene 4 7 15 -779064 0 31 -779064 0
gene 2 8 15 -40089 0 32 -40089 0
gene 2 9 15 -479424 0 33 -479424 0
gene 2 10 15 244965 0 34 244965 0
gene 3 11 15 534192 0 35 534192 0
gene 2 12 15 -108081 0 36 -108081 0
gene 4 4 24 -123528 0 62 -123528 1
gene 3 24 13 -486467 0 63 -486467 1
gene 1 24 24 265908 1 127 265908 0
gene 3 15 13 -13878 0 293 -13878 1
gene 2 7 24 -546969 0 408 -546969 0
gene 3 7 188 -261369 0 526 -261369 1
gene 3 188 14 -185493 0 527 -185493 1
gene 2 9 222 281292 0 645 281292 0
gene 2 222 15 -193164 0 646 -193164 1
gene 3 3 272 -273780 0 798 -273780 1
gene 3 272 15 -646655 0 799 -646655 0
gene 3 3 24 -386268 0 850 -386268 1
gene 1 24 301 161052 1 893 161052 0
gene 1 301 24 -90927 0 894 -90927 0
gene 1 188 188 -492942 1 934 -492942 1
gene 3 4 188 215021 0 1080 215021 1
gene 2 6 380 56028 0 1115 56028 1
gene 2 380 14 436938 0 1116 436938 1
gene 1 4 393 213180 0 1157 213180 1
gene 1 393 15 -340593 0 1158 -340593 1
gene 1 15 380 -593151 0 1196 -593151 1
gene 2 12 188 35697 0 1302 35697 0
gene 2 9 453 -55197 0 1346 -55197 1
gene 2 453 222 -40716 0 1347 -40716 1
gene 1 24 469 197019 1 1394 197019 0
gene 1 469 301 -232434 0 1395 -232434 0
gene 3 222 24 -458664 0 1576 -458664 1
gene 4 3 188 -77592 0 1616 -77592 1
gene 3 272 557 175668 0 1666 175668 1
gene 1 557 15 800000 0 1667 800000 0
gene 1 6 272 185007 0 1830 185007 0
gene 4 12 380 -230082 0 1879 -230082 0
gene 1 469 729 453780 0 2197 453780 1
gene 1 729 301 39165 0 2198 39165 0
gene 2 14 301 -306438 0 2244 -306438 0
gene 1 188 380 -532799 0 2284 -532799 1
gene 3 8 875 -499130 0 2630 -499130 0
gene 1 875 13 -300051 0 2631 -300051 0
gene 4 12 927 -89493 0 2791 -89493 1
gene 4 927 380 -190299 0 2792 -190299 1
gene 2 393 380 62016 0 3014 62016 1
gene 2 7 1021 -726300 0 3066 -726300 1
gene 2 1021 24 297507 0 3067 297507 0
gene 1 8 1084 176367 0 3243 176367 0
gene 1 1084 875 -65925 0 3244 -65925 0
gene 4 188 927 47358 0 3297 47358 1
gene 1 1084 1116 77040 0 3335 77040 1
gene 1 1116 875 233871 0 3336 233871 0
gene 1 222 469 153294 0 3394 153294 1
gene 1 8 1234 368454 0 3693 368454 1
gene 1 1234 1084 693240 0 3694 693240 1
gene 1 301 1295 370401 0 3863 370401 1
gene 1 1295 24 448107 0 3864 448107 1
gene 1 2 393 -706731 0 3943 -706731 1
gene 4 1084 1084 602813 1 4053 602813 1
gene 3 1295 1084 -60624 0 4076 -60624 1
gene 1 1116 1374 2637 0 4119 2637 1
gene 1 1374 875 166566 0 4120 166566 1
gene 2 272 1084 354693 0 4218 354693 1
gene 2 12 1496 158841 0 4474 158841 1
gene 2 1496 15 -800000 0 4475 -800000 1
gene 1 557 1522 690518 0 4546 690518 1
gene 1 1522 15 -793599 0 4547 -793599 1
gene 3 1116 1021 186600 0 4657 186600 0
gene 3 9 380 410160 0 4725 410160 1
gene 2 12 1622 201537 0 4831 201537 0
gene 2 1622 188 -130512 0 4832 -130512 1
gene 4 453 453 6687 1 4965 6687 0
gene 2 8 1712 715781 0 5099 715781 1
gene 2 1712 15 -302703 0 5100 -302703 0
gene 1 6 1847 398865 0 5495 398865 1
gene 1 1847 272 115494 0 5496 115494 1
gene 3 9 1890 -528207 0 5636 -528207 0
gene 3 1890 14 -619038 0 5637 -619038 1
gene 4 1116 13 -191259 0 5838 -191259 1
gene 1 9 1712 -95232 0 5937 -95232 1
gene 1 24 2011 -149955 1 5985 -149955 1
gene 1 2011 469 -263715 0 5986 -263715 1
gene 2 1712 2035 275673 0 6047 275673 0
gene 2 2035 15 -293511 0 6048 -293511 1
gene 3 927 1084 107034 0 6090 107034 0
gene 4 1847 453 348720 0 6145 348720 1
gene 2 1712 2119 -495299 0 6302 -495299 1
gene 2 2119 2035 -193188 0 6303 -193188 1
gene 3 9 2161 -40575 0 6421 -40575 1
gene 3 2161 1890 -195213 0 6422 -195213 0
gene 4 453 2179 227844 1 6471 227844 0
gene 4 2179 453 -201540 0 6472 -201540 1
gene 4 7 2221 245508 0 6590 245508 0
gene 4 2221 15 283674 0 6591 283674 1
gene 2 1295 1021 191772 0 6920 191772 1
gene 4 2011 393 54654 0 7009 54654 1
gene 3 1295 557 -390762 1 7060 -390762 1
gene 3 11 2397 -424545 0 7109 -424545 1
gene 3 2397 14 -178668 0 7110 -178668 1
gene 3 469 272 208335 0 7207 208335 1
gene 2 14 2505 -74427 0 7409 -74427 1
gene 2 2505 301 -702252 0 7410 -702252 1
gene 4 7 2547 -176502 0 7531 -176502 1
gene 4 2547 2221 -35961 0 7532 -35961 1
gene 3 927 2578 -91398 0 7639 -91398 1
gene 3 2578 1084 347487 0 7640 347487 1
gene 2 12 2618 -175653 0 7758 -175653 1
gene 2 2618 1622 48459 0 7759 48459 1
gene 3 2161 2697 -281982 0 7981 -281982 1
gene 3 2697 1890 -407700 0 7982 -407700 1
gene 3 1116 2712 -9012 0 8023 -9012 1
gene 3 2712 1021 75567 0 8024 75567 1
gene 1 2 1234 -115557 0 8214 -115557 1
gene 4 1295 2578 -194352 0 8265 -194352 1
gene 1 4 729 -233412 0 8317 -233412 1
gene 2 1021 2874 549567 0 8528 549567 1
gene 2 2874 24 -137637 0 8529 -137637 1
gene 3 393 393 800000 1 8658 800000 1
gene 3 11 2990 -42660 0 8870 -42660 1
gene 3 2990 15 -522924 0 8871 -522924 1
gene 2 10 3002 122856 0 8905 122856 1
gene 1 3002 15 -94296 0 8906 -94296 1
gene 4 453 3114 -137928 1 9247 -137928 1
gene 4 3114 2179 10359 0 9248 10359 1
gene 4 12 3133 62130 0 9298 62130 1
gene 4 3133 13 -334590 0 9299 -334590 1
gene 2 3 3203 80617 0 9507 80617 1
gene 2 3203 13 800000 0 9508 800000 1
gene 1 729 3250 27100 0 9654 27100 1
gene 1 3250 301 -91632 0 9655 -91632 1
gene 1 875 3260 -42194 0 9691 -42194 1
gene 1 3260 13 -148779 0 9692 -148779 1
gene 2 301 188 -81812 1 9830 -81812 1
genomeend 46


/* Organism #48 Fitness: 420.000000 Time: 0 */
/* Position #48*/
#1 x: 32 y: 34
#2 x: 77 y: 40
#3 x: 82 y: 21
#4 x: 44 y: 66
#5 x: 53 y: 82
#6 x: 85 y: 70
genomestart 48
trait 1 100000.000000 0.000000 65077.000000 42511.000000 0.000000 0.000000 0.000000 91780.000000 trait 2 52534.000000 100000.000000 0.000000 100000.000000 0.000000 0.000000 0.000000 0.000000 trait 3 21555.000000 0.000000 74217.000000 0.000000 72769.000000 0.000000 0.000000 0.000000 trait 4 98930.000000 0.000000 63968.000000 0.000000 52848.000000 0.000000 0.000000 0.000000 node 1 1 1 3
node 2 2 1 1
node 3 4 1 1
node 4 4 1 1
node 5 1 1 1
node 6 4 1 1
node 7 3 1 1
node 8 3 1 1
node 9 3 1 1
node 10 4 1 1
node 11 4 1 1
node 12 1 1 1
node 13 1 0 2
node 14 2 0 2
node 15 4 0 2
node 24 1 0 0
node 188 3 0 0
node 222 1 0 0
node 272 1 0 0
node 301 1 0 0
node 380 1 0 0
node 393 1 0 0
node 453 4 0 0
node 469 1 0 0
node 557 1 0 0
node 729 1 0 0
node 875 1 0 0
node 927 1 0 0
node 1021 1 0 0
node 1084 1 0 0
node 1116 1 0 0
node 1234 1 0 0
node 1295 1 0 0
node 1374 1 0 0
node 1496 1 0 0
node 1522 1 0 0
node 1622 1 0 0
node 1712 1 0 0
node 1847 1 0 0
node 1890 1 0 0
node 2011 1 0 0
node 2035 1 0 0
node 2119 1 0 0
node 2161 1 0 0
node 2179 1 0 0
node 2221 1 0 0
node 2397 1 0 0
node 2505 1 0 0
node 2547 1 0 0
node 2578 1 0 0
node 2618 1 0 0
node 2697 1 0 0
node 2712 1 0 0
node 2874 1 0 0
node 2990 1 0 0
node 3002 1 0 0
node 3114 1 0 0
node 3133 1 0 0
node 3203 1 0 0
node 3250 1 0 0
node 3260 1 0 0
gene 1 1 13 426351 0 1 426351 1
gene 2 2 13 -108906 0 2 -108906 1
gene 2 3 13 800000 0 3 800000 0
gene 2 4 13 -73572 0 4 -73572 0
gene 3 5 13 104910 0 5 104910 1
gene 1 6 13 -220074 0 6 -220074 1
gene 3 7 13 575685 0 7 575685 1
gene 1 8 13 80916 0 8 80916 0
gene 4 9 13 354942 0 9 354942 1
gene 2 10 13 -384837 0 10 -384837 1
gene 3 11 13 106290 0 11 106290 1
gene 4 12 13 -647472 0 12 -647472 0
gene 1 1 14 -182288 0 13 -182288 1
gene 1 2 14 -75726 0 14 -75726 1
gene 2 3 14 590493 0 15 590493 1
gene 2 4 14 -701910 0 16 -701910 1
gene 1 5 14 624524 0 17 624524 1
gene 2 6 14 -478839 0 18 -478839 0
gene 3 7 14 2727 0 19 2727 0
gene 3 8 14 403038 0 20 403038 1
gene 3 9 14 129843 0 21 129843 0
gene 2 10 14 -519635 0 22 -519635 1
gene 3 11 14 -491742 0 23 -491742 0
gene 2 12 14 180978 0 24 180978 1
gene 2 1 15 456732 0 25 456732 1
gene 3 2 15 -495807 0 26 -495807 1
gene 4 3 15 -499218 0 27 -499218 0
gene 1 4 15 215157 0 28 215157 0
gene 4 5 15 -380370 0 29 -380370 1
gene 2 6 15 623823 0 30 623823 1
gene 4 7 15 -561867 0 31 -561867 0
gene 2 8 15 195651 0 32 195651 0
gene 2 9 15 -310602 0 33 -310602 0
gene 2 10 15 103371 0 34 103371 0
gene 3 11 15 539568 0 35 539568 0
gene 2 12 15 67929 0 36 67929 0
gene 4 4 24 -141252 0 62 -141252 1
gene 3 24 13 -245252 0 63 -245252 1
gene 1 24 24 317871 1 127 317871 0
gene 3 15 13 -56793 0 293 -56793 1
gene 2 7 24 -519909 0 408 -519909 0
gene 3 7 188 -360465 0 526 -360465 1
gene 3 188 14 -421545 0 527 -421545 1
gene 2 9 222 379281 0 645 379281 0
gene 2 222 15 -185337 0 646 -185337 1
gene 3 3 272 -439635 0 798 -439635 1
gene 3 272 15 -472448 0 799 -472448 0
gene 3 3 24 -466158 0 850 -466158 1
gene 1 24 301 58467 1 893 58467 0
gene 1 301 24 -278580 0 894 -278580 0
gene 1 188 188 -264519 1 934 -264519 1
gene 3 4 188 288005 0 1080 288005 1
gene 2 6 380 171291 0 1115 171291 1
gene 2 380 14 432522 0 1116 432522 1
gene 1 4 393 448272 0 1157 448272 1
gene 1 393 15 -587712 0 1158 -587712 1
gene 1 15 380 -533118 0 1196 -533118 1
gene 2 12 188 -215400 0 1302 -215400 0
gene 2 9 453 -318381 0 1346 -318381 1
gene 2 453 222 141162 0 1347 141162 1
gene 1 24 469 266871 1 1394 266871 0
gene 1 469 301 -96567 0 1395 -96567 0
gene 3 222 24 -351819 0 1576 -351819 1
gene 4 3 188 -34587 0 1616 -34587 1
gene 3 272 557 382539 0 1666 382539 1
gene 1 557 15 800000 0 1667 800000 0
gene 1 6 272 441177 0 1830 441177 0
gene 4 12 380 -318468 0 1879 -318468 0
gene 1 469 729 720663 0 2197 720663 1
gene 1 729 301 177975 0 2198 177975 0
gene 2 14 301 -62931 0 2244 -62931 0
gene 1 188 380 -308141 0 2284 -308141 1
gene 3 8 875 -776540 0 2630 -776540 0
gene 1 875 13 -313857 0 2631 -313857 0
gene 4 12 927 -167793 0 2791 -167793 1
gene 4 927 380 -301380 0 2792 -301380 1
gene 2 393 380 -18645 0 3014 -18645 1
gene 2 7 1021 -791760 0 3066 -791760 1
gene 2 1021 24 530016 0 3067 530016 0
gene 1 8 1084 293823 0 3243 293823 0
gene 1 1084 875 146574 0 3244 146574 0
gene 4 188 927 -150159 0 3297 -150159 1
gene 1 1084 1116 143658 0 3335 143658 1
gene 1 1116 875 404181 0 3336 404181 0
gene 1 222 469 51087 0 3394 51087 1
gene 1 8 1234 466482 0 3693 466482 1
gene 1 1234 1084 524898 0 3694 524898 1
gene 1 301 1295 142137 0 3863 142137 1
gene 1 1295 24 699930 0 3864 699930 1
gene 1 2 393 -800000 0 3943 -800000 1
gene 4 1084 1084 464120 1 4053 464120 1
gene 3 1295 1084 -171681 0 4076 -171681 1
gene 1 1116 1374 144843 0 4119 144843 1
gene 1 1374 875 312312 0 4120 312312 1
gene 2 272 1084 387948 0 4218 387948 1
gene 2 12 1496 155226 0 4474 155226 1
gene 2 1496 15 -522836 0 4475 -522836 1
gene 1 557 1522 528092 0 4546 528092 1
gene 1 1522 15 -732219 0 4547 -732219 1
gene 3 1116 1021 118329 0 4657 118329 0
gene 3 9 380 400893 0 4725 400893 1
gene 2 12 1622 265470 0 4831 265470 0
gene 2 1622 188 -313677 0 4832 -313677 1
gene 4 453 453 114648 1 4965 114648 0
gene 2 8 1712 800000 0 5099 800000 1
gene 2 1712 15 -149037 0 5100 -149037 0
gene 1 6 1847 133518 0 5495 133518 1
gene 1 1847 272 147642 0 5496 147642 1
gene 3 9 1890 -604176 0 5636 -604176 0
gene 3 1890 14 -723690 0 5637 -723690 1
gene 4 1116 13 -144003 0 5838 -144003 1
gene 1 9 1712 -181788 0 5937 -181788 1
gene 1 24 2011 -330279 1 5985 -330279 1
gene 1 2011 469 -7806 0 5986 -7806 1
gene 2 1712 2035 323271 0 6047 323271 0
gene 2 2035 15 -106353 0 6048 -106353 1
gene 3 927 1084 -40476 0 6090 -40476 0
gene 4 1847 453 468579 0 6145 468579 1
gene 2 1712 2119 -733130 0 6302 -733130 1
gene 2 2119 2035 -82524 0 6303 -82524 1
gene 3 9 2161 219303 0 6421 219303 1
gene 3 2161 1890 -282543 0 6422 -282543 0
gene 4 453 2179 336279 1 6471 336279 0
gene 4 2179 453 -280542 0 6472 -280542 1
gene 4 7 2221 303204 0 6590 303204 0
gene 4 2221 15 166800 0 6591 166800 1
gene 2 1295 1021 421560 0 6920 421560 1
gene 4 2011 393 129348 0 7009 129348 1
gene 3 1295 557 -650577 1 7060 -650577 1
gene 3 11 2397 -550359 0 7109 -550359 1
gene 3 2397 14 -220545 0 7110 -220545 1
gene 3 469 272 425730 0 7207 425730 1
gene 2 14 2505 -74427 0 7409 -74427 1
gene 2 2505 301 -800000 0 7410 -800000 1
gene 4 7 2547 -430479 0 7531 -430479 1
gene 4 2547 2221 120198 0 7532 120198 1
gene 3 927 2578 -113805 0 7639 -113805 1
gene 3 2578 1084 138675 0 7640 138675 1
gene 2 12 2618 -121032 0 7758 -121032 1
gene 2 2618 1622 48459 0 7759 48459 1
gene 3 2161 2697 -18930 0 7981 -18930 1
gene 3 2697 1890 -407700 0 7982 -407700 1
gene 3 1116 2712 -9012 0 8023 -9012 1
gene 3 2712 1021 75567 0 8024 75567 1
gene 1 2 1234 -55812 0 8214 -55812 1
gene 4 1295 2578 -330633 0 8265 -330633 1
gene 1 4 729 -485898 0 8317 -485898 1
gene 2 1021 2874 693384 0 8528 693384 1
gene 2 2874 24 -147288 0 8529 -147288 1
gene 3 393 393 800000 1 8658 800000 1
gene 3 11 2990 -42660 0 8870 -42660 1
gene 3 2990 15 -522924 0 8871 -522924 1
gene 2 10 3002 233295 0 8905 233295 1
gene 1 3002 15 -94296 0 8906 -94296 1
gene 4 453 3114 -137928 1 9247 -137928 1
gene 4 3114 2179 10359 0 9248 10359 1
gene 4 12 3133 -265971 0 9298 -265971 1
gene 4 3133 13 -334590 0 9299 -334590 1
gene 2 3 3203 -218787 0 9507 -218787 1
gene 2 3203 13 540743 0 9508 540743 1
gene 1 729 3250 -195356 0 9654 -195356 1
gene 1 3250 301 -117786 0 9655 -117786 1
gene 1 875 3260 -30953 0 9691 -30953 1
gene 1 3260 13 243246 0 9692 243246 1
genomeend 48


/* Organism #64 Fitness: 380.000000 Time: 0 */
/* Position #64*/
#1 x: 15 y: 37
#2 x: 59 y: 30
#3 x: 19 y: 19
#4 x: 61 y: 76
#5 x: 84 y: 75
#6 x: 41 y: 64
genomestart 64
trait 1 100000.000000 72749.000000 0.000000 0.000000 9967.000000 0.000000 0.000000 2585.000000 trait 2 52534.000000 91990.000000 0.000000 100000.000000 0.000000 0.000000 0.000000 0.000000 trait 3 0.000000 36934.000000 100000.000000 13920.000000 72769.000000 92491.000000 0.000000 0.000000 trait 4 4.000000 0.000000 0.000000 0.000000 0.000000 0.000000 0.000000 0.000000 node 1 1 1 3
node 2 2 1 1
node 3 4 1 1
node 4 4 1 1
node 5 1 1 1
node 6 4 1 1
node 7 3 1 1
node 8 3 1 1
node 9 3 1 1
node 10 4 1 1
node 11 4 1 1
node 12 1 1 1
node 13 1 0 2
node 14 2 0 2
node 15 4 0 2
node 24 1 0 0
node 188 3 0 0
node 222 1 0 0
node 272 1 0 0
node 301 1 0 0
node 380 2 0 0
node 393 1 0 0
node 453 4 0 0
node 469 1 0 0
node 557 1 0 0
node 729 1 0 0
node 875 1 0 0
node 927 1 0 0
node 1021 1 0 0
node 1084 1 0 0
node 1116 1 0 0
node 1234 1 0 0
node 1295 1 0 0
node 1374 1 0 0
node 1496 1 0 0
node 1522 1 0 0
node 1622 1 0 0
node 1712 1 0 0
node 1847 1 0 0
node 1890 1 0 0
node 2011 1 0 0
node 2035 1 0 0
node 2119 1 0 0
node 2161 2 0 0
node 2179 3 0 0
node 2221 1 0 0
node 2347 1 0 0
node 2379 1 0 0
node 2575 1 0 0
node 2588 3 0 0
node 2609 1 0 0
node 2698 1 0 0
node 2880 1 0 0
node 3032 1 0 0
node 3074 1 0 0
node 3092 1 0 0
node 3109 1 0 0
node 3130 1 0 0
gene 1 1 13 -602879 0 1 -602879 1
gene 2 2 13 573561 0 2 573561 1
gene 2 3 13 31257 0 3 31257 1
gene 4 4 13 507012 0 4 507012 0
gene 3 5 13 364791 0 5 364791 1
gene 1 6 13 -9720 0 6 -9720 1
gene 3 7 13 -127452 0 7 -127452 1
gene 1 8 13 -62508 0 8 -62508 0
gene 4 9 13 -531276 0 9 -531276 1
gene 2 10 13 -364598 0 10 -364598 1
gene 3 11 13 652190 0 11 652190 1
gene 4 12 13 -255251 0 12 -255251 1
gene 1 1 14 -1674 0 13 -1674 1
gene 1 2 14 -28641 0 14 -28641 1
gene 2 3 14 -212559 0 15 -212559 1
gene 2 4 14 800000 0 16 800000 1
gene 1 5 14 200556 0 17 200556 1
gene 2 6 14 413490 0 18 413490 0
gene 3 7 14 416952 0 19 416952 0
gene 3 8 14 168558 0 20 168558 1
gene 3 9 14 50982 0 21 50982 0
gene 2 10 14 -800000 0 22 -800000 1
gene 3 11 14 -209430 0 23 -209430 1
gene 2 12 14 -36483 0 24 -36483 1
gene 2 1 15 551982 0 25 551982 1
gene 3 2 15 178248 0 26 178248 1
gene 4 3 15 -685512 0 27 -685512 0
gene 1 4 15 103587 0 28 103587 0
gene 4 5 15 330927 0 29 330927 1
gene 2 6 15 268263 0 30 268263 0
gene 4 7 15 259062 0 31 259062 0
gene 2 8 15 464430 0 32 464430 0
gene 2 9 15 17391 0 33 17391 0
gene 2 10 15 194283 0 34 194283 1
gene 3 11 15 -44088 0 35 -44088 1
gene 2 12 15 -702980 0 36 -702980 0
gene 4 4 24 610935 0 62 610935 1
gene 4 24 13 -449931 0 63 -449931 1
gene 1 24 24 -142200 1 127 -142200 0
gene 3 15 13 376052 0 293 376052 1
gene 2 7 24 256671 0 408 256671 0
gene 3 7 188 -190160 0 526 -190160 1
gene 3 188 14 -411078 0 527 -411078 1
gene 2 9 222 127506 0 645 127506 0
gene 2 222 15 -40059 0 646 -40059 1
gene 3 3 272 39129 0 798 39129 1
gene 3 272 15 340986 0 799 340986 0
gene 2 3 24 -363489 0 850 -363489 1
gene 1 24 301 312612 1 893 312612 0
gene 1 301 24 -100416 0 894 -100416 0
gene 1 188 188 -517029 1 934 -517029 1
gene 3 4 188 471422 0 1080 471422 1
gene 2 6 380 169335 0 1115 169335 1
gene 2 380 14 -324282 0 1116 -324282 1
gene 1 4 393 -719807 0 1157 -719807 1
gene 1 393 15 -312708 0 1158 -312708 1
gene 1 15 380 -293682 0 1196 -293682 0
gene 2 12 188 -379419 0 1302 -379419 0
gene 2 9 453 -23949 0 1346 -23949 1
gene 2 453 222 231855 0 1347 231855 1
gene 1 24 469 1065 1 1394 1065 0
gene 1 469 301 659406 0 1395 659406 0
gene 3 222 24 61500 0 1576 61500 1
gene 4 3 188 -186600 0 1616 -186600 1
gene 3 272 557 425043 0 1666 425043 1
gene 1 557 15 -387939 0 1667 -387939 0
gene 1 6 272 -29550 0 1830 -29550 0
gene 4 12 380 -332079 0 1879 -332079 0
gene 1 469 729 -123024 0 2197 -123024 1
gene 1 729 301 101589 0 2198 101589 1
gene 2 14 301 11655 0 2244 11655 1
gene 1 188 380 -298146 0 2284 -298146 1
gene 3 8 875 129999 0 2630 129999 0
gene 1 875 13 436704 0 2631 436704 1
gene 4 12 927 604880 0 2791 604880 1
gene 4 927 380 289362 0 2792 289362 1
gene 2 393 380 -311247 0 3014 -311247 0
gene 2 7 1021 29427 0 3066 29427 1
gene 2 1021 24 621513 0 3067 621513 1
gene 1 8 1084 -94137 0 3243 -94137 0
gene 1 1084 875 321258 0 3244 321258 0
gene 4 188 927 -562446 0 3297 -562446 1
gene 1 1084 1116 -800000 0 3335 -800000 1
gene 1 1116 875 206490 0 3336 206490 0
gene 1 222 469 -160533 0 3394 -160533 1
gene 1 8 1234 -529002 0 3693 -529002 1
gene 1 1234 1084 434823 0 3694 434823 1
gene 1 301 1295 66315 0 3863 66315 1
gene 1 1295 24 -62943 0 3864 -62943 1
gene 1 2 393 -25692 0 3943 -25692 1
gene 4 1084 1084 -567102 1 4053 -567102 1
gene 3 1295 1084 504690 0 4076 504690 1
gene 1 1116 1374 416079 0 4119 416079 1
gene 1 1374 875 -213765 0 4120 -213765 1
gene 2 272 1084 -192960 0 4218 -192960 1
gene 2 12 1496 400155 0 4474 400155 1
gene 2 1496 15 370583 0 4475 370583 1
gene 1 557 1522 386391 0 4546 386391 0
gene 1 1522 15 -138918 0 4547 -138918 0
gene 3 1116 1021 -396183 0 4657 -396183 0
gene 3 9 380 -6360 0 4725 -6360 1
gene 2 12 1622 78603 0 4831 78603 1
gene 2 1622 188 110367 0 4832 110367 1
gene 4 453 453 -151623 1 4965 -151623 0
gene 2 8 1712 272787 0 5099 272787 1
gene 2 1712 15 -255807 0 5100 -255807 0
gene 1 6 1847 372399 0 5495 372399 1
gene 1 1847 272 264402 0 5496 264402 1
gene 3 9 1890 -217125 0 5636 -217125 0
gene 3 1890 14 297507 0 5637 297507 1
gene 4 1116 13 -394139 0 5838 -394139 1
gene 1 9 1712 314388 0 5937 314388 1
gene 1 24 2011 111936 1 5985 111936 0
gene 1 2011 469 249018 0 5986 249018 1
gene 2 1712 2035 560037 0 6047 560037 0
gene 2 2035 15 68955 0 6048 68955 1
gene 4 927 1084 196341 0 6090 196341 1
gene 4 1847 453 -143850 0 6145 -143850 0
gene 2 1712 2119 489531 0 6302 489531 1
gene 2 2119 2035 -26697 0 6303 -26697 1
gene 3 9 2161 -421149 0 6421 -421149 1
gene 3 2161 1890 -181011 0 6422 -181011 0
gene 4 453 2179 -797121 1 6471 -797121 1
gene 4 2179 453 -297417 0 6472 -297417 1
gene 3 7 2221 296475 0 6590 296475 1
gene 4 2221 15 -455001 0 6591 -455001 0
gene 2 393 2347 -249123 0 6963 -249123 1
gene 2 2347 380 -800000 0 6964 -800000 1
gene 2 729 188 29493 0 7008 29493 1
gene 2 6 2379 1707 0 7058 1707 1
gene 2 2379 15 357144 0 7059 357144 1
gene 3 557 1116 -208938 0 7304 -208938 1
gene 1 557 1712 -395889 0 7456 -395889 1
gene 1 2347 2347 119085 1 7587 119085 1
gene 4 2221 2575 -294267 0 7627 -294267 1
gene 4 2575 15 -38055 0 7628 -38055 1
gene 3 2161 2588 670731 0 7674 670731 1
gene 3 2588 1890 -161241 0 7675 -161241 1
gene 1 15 2609 -258903 0 7733 -258903 1
gene 1 2609 380 -63618 0 7734 -63618 1
gene 1 557 2698 147849 0 7984 147849 1
gene 1 2698 1522 473748 0 7985 473748 1
gene 4 927 875 179262 0 8025 179262 1
gene 2 2011 927 -159234 0 8104 -159234 1
gene 3 1234 2347 279324 0 8156 279324 1
gene 4 4 557 -63216 0 8359 -63216 1
gene 1 1522 2880 186351 0 8553 186351 1
gene 1 2880 15 108222 0 8554 108222 1
gene 2 2609 393 42060 1 8834 42060 0
gene 4 1847 3032 357093 0 8997 357093 1
gene 4 3032 453 -141 0 8998 -141 1
gene 2 1522 2588 -99978 0 9041 -99978 1
gene 2 1622 2035 80340 0 9074 80340 0
gene 3 1116 3074 151149 0 9123 151149 1
gene 3 3074 1021 156018 0 9124 156018 1
gene 2 1622 3092 -33738 0 9184 -33738 1
gene 2 3092 2035 -60099 0 9185 -60099 1
gene 2 2609 3109 -323310 1 9232 -323310 1
gene 2 3109 393 -7425 0 9233 -7425 1
gene 1 24 3130 -97667 1 9289 -97667 1
gene 1 3130 2011 532236 0 9290 532236 1
gene 4 3130 3130 -173379 1 9562 -173379 1
gene 2 1890 469 84475 0 9853 84475 1
genomeend 64


/* Organism #72 Fitness: 520.000000 Time: 0 */
/* Position #72*/
#1 x: 18 y: 18
#2 x: 23 y: 35
#3 x: 50 y: 24
#4 x: 16 y: 69
#5 x: 18 y: 84
#6 x: 43 y: 85
genomestart 72
trait 1 1.000000 0.000000 0.000000 0.000000 0.000000 0.000000 0.000000 0.000000 trait 2 2.000000 48677.000000 0.000000 0.000000 0.000000 67974.000000 0.000000 0.000000 trait 3 0.000000 91664.000000 0.000000 0.000000 0.000000 0.000000 30029.000000 0.000000 trait 4 4.000000 0.000000 0.000000 0.000000 0.000000 0.000000 0.000000 0.000000 node 1 4 1 3
node 2 2 1 1
node 3 4 1 1
node 4 2 1 1
node 5 4 1 1
node 6 3 1 1
node 7 2 1 1
node 8 1 1 1
node 9 4 1 1
node 10 1 1 1
node 11 1 1 1
node 12 4 1 1
node 13 3 0 2
node 14 1 0 2
node 15 4 0 2
node 71 1 0 0
node 289 1 0 0
node 317 1 0 0
node 368 1 0 0
node 381 1 0 0
node 394 1 0 0
node 473 1 0 0
node 490 1 0 0
node 568 1 0 0
node 647 1 0 0
node 686 1 0 0
node 704 1 0 0
node 760 3 0 0
node 834 1 0 0
node 877 1 0 0
node 886 1 0 0
node 948 1 0 0
node 996 1 0 0
node 1018 1 0 0
node 1030 1 0 0
node 1107 1 0 0
node 1188 1 0 0
node 1240 1 0 0
node 1316 1 0 0
node 1373 1 0 0
node 1445 1 0 0
node 1459 1 0 0
node 1474 4 0 0
node 1504 1 0 0
node 1625 1 0 0
node 1675 1 0 0
node 1700 1 0 0
node 1720 1 0 0
node 1888 1 0 0
node 2052 1 0 0
node 2089 1 0 0
node 2268 1 0 0
node 2464 1 0 0
node 2481 1 0 0
node 2494 1 0 0
node 2621 1 0 0
node 2677 1 0 0
node 2748 1 0 0
node 2788 1 0 0
node 2870 1 0 0
node 2962 1 0 0
node 2981 1 0 0
node 3070 1 0 0
gene 4 1 13 643002 0 1 643002 1
gene 3 2 13 -82299 0 2 -82299 1
gene 2 3 13 -40899 0 3 -40899 0
gene 4 4 13 41931 0 4 41931 1
gene 2 5 13 -275595 0 5 -275595 0
gene 3 6 13 74227 0 6 74227 1
gene 1 7 13 721334 0 7 721334 0
gene 1 8 13 -513344 0 8 -513344 1
gene 1 9 13 482739 0 9 482739 0
gene 2 10 13 -197436 0 10 -197436 1
gene 3 11 13 -148122 0 11 -148122 1
gene 3 12 13 638087 0 12 638087 1
gene 1 1 14 318183 0 13 318183 1
gene 1 2 14 -106044 0 14 -106044 0
gene 3 3 14 -407796 0 15 -407796 0
gene 1 4 14 -526755 0 16 -526755 0
gene 1 5 14 -800000 0 17 -800000 1
gene 1 6 14 297828 0 18 297828 1
gene 1 7 14 95130 0 19 95130 1
gene 1 8 14 150492 0 20 150492 1
gene 2 9 14 -441747 0 21 -441747 0
gene 1 10 14 297810 0 22 297810 0
gene 3 11 14 -130610 0 23 -130610 1
gene 2 12 14 -538704 0 24 -538704 0
gene 3 1 15 289257 0 25 289257 1
gene 2 2 15 -347145 0 26 -347145 1
gene 4 3 15 299703 0 27 299703 0
gene 2 4 15 -800000 0 28 -800000 0
gene 2 5 15 -588870 0 29 -588870 0
gene 1 6 15 -559028 0 30 -559028 1
gene 4 7 15 -227847 0 31 -227847 0
gene 2 8 15 435345 0 32 435345 0
gene 2 9 15 -178197 0 33 -178197 1
gene 1 10 15 -535076 0 34 -535076 0
gene 3 11 15 348768 0 35 348768 1
gene 1 12 15 -98037 0 36 -98037 0
gene 4 3 71 142923 0 201 142923 0
gene 3 71 14 177036 0 202 177036 0
gene 1 13 13 -418950 1 248 -418950 1
gene 2 13 15 -784259 0 413 -784259 1
gene 4 10 71 -631319 0 454 -631319 1
gene 2 7 71 591801 0 542 591801 0
gene 4 8 71 176139 0 717 176139 1
gene 4 71 71 -219151 1 769 -219151 0
gene 4 3 289 -271248 0 858 -271248 0
gene 4 289 15 -35667 0 859 -35667 0
gene 3 289 14 88827 0 897 88827 0
gene 4 3 317 -69987 0 942 -69987 0
gene 4 317 289 -209277 0 943 -209277 1
gene 2 8 368 214083 0 1081 214083 1
gene 2 368 15 177480 0 1082 177480 1
gene 1 2 381 689667 0 1117 689667 0
gene 2 381 14 -670120 0 1118 -670120 0
gene 4 3 394 318528 0 1159 318528 1
gene 4 394 71 -119787 0 1160 -119787 1
gene 4 1 394 -42021 0 1362 -42021 1
gene 2 3 473 306960 0 1405 306960 1
gene 2 473 13 -51690 0 1406 -51690 1
gene 1 10 490 -800000 0 1456 -800000 0
gene 1 490 14 -131859 0 1457 -131859 1
gene 3 13 289 -657788 0 1591 -657788 1
gene 4 71 568 203985 1 1699 203985 1
gene 4 568 71 800000 0 1700 800000 0
gene 3 568 15 -537090 0 1754 -537090 1
gene 3 289 394 335535 0 1809 335535 0
gene 4 568 647 -350811 0 1948 -350811 1
gene 4 647 71 -13491 0 1949 -13491 1
gene 1 7 686 210246 0 2069 210246 1
gene 1 686 71 245901 0 2070 245901 1
gene 3 71 704 800000 0 2122 800000 0
gene 3 704 14 -604812 0 2123 -604812 1
gene 3 289 760 124986 0 2296 124986 1
gene 3 760 394 160365 0 2297 160365 1
gene 4 368 394 -334284 0 2326 -334284 0
gene 2 10 289 485610 0 2376 485610 1
gene 4 3 834 332592 0 2518 332592 1
gene 4 834 317 139671 0 2519 139671 0
gene 2 12 877 -83090 0 2634 -83090 1
gene 2 877 14 -187392 0 2635 -187392 1
gene 2 4 886 50394 0 2665 50394 0
gene 2 886 15 68790 0 2666 68790 1
gene 2 5 948 -235041 0 2855 -235041 0
gene 2 948 13 -310535 0 2856 -310535 1
gene 2 877 877 -571104 1 2903 -571104 1
gene 1 7 996 359715 0 2996 359715 1
gene 1 996 13 -767685 0 2997 -767685 1
gene 3 7 1018 297186 0 3054 297186 1
gene 4 1018 15 126450 0 3055 126450 1
gene 1 4 1030 160353 0 3100 160353 1
gene 1 1030 14 683310 0 3101 683310 1
gene 3 568 568 213789 1 3154 213789 0
gene 2 5 1107 800000 0 3308 800000 1
gene 2 1107 948 -307606 0 3309 -307606 1
gene 4 686 686 77406 1 3352 77406 1
gene 3 996 490 297399 0 3408 297399 1
gene 2 9 1188 676595 0 3558 676595 0
gene 2 1188 14 -152460 0 3559 -152460 1
gene 4 381 71 -208041 0 3665 -208041 0
gene 1 10 1240 345255 0 3707 345255 1
gene 1 1240 490 487745 0 3708 487745 1
gene 3 1107 1030 190263 0 3763 190263 1
gene 2 9 1316 -375099 0 3922 -375099 0
gene 2 1316 1188 -288165 0 3923 -288165 1
gene 1 12 1373 240867 0 4116 240867 1
gene 1 1373 15 -105327 0 4117 -105327 0
gene 1 3 1316 800000 0 4180 800000 1
gene 4 834 1445 790670 0 4313 790670 1
gene 4 1445 317 29289 0 4314 29289 1
gene 4 381 1459 -158433 0 4355 -158433 1
gene 4 1459 71 529118 0 4356 529118 1
gene 3 289 1474 273192 0 4406 273192 1
gene 3 1474 14 217767 0 4407 217767 1
gene 2 394 1373 -500195 0 4457 -500195 1
gene 2 5 1504 -203109 0 4497 -203109 0
gene 2 1504 15 726108 0 4498 726108 1
gene 4 1504 886 -708704 0 4750 -708704 1
gene 2 9 1625 -295344 0 4838 -295344 1
gene 1 1625 1316 -27753 0 4839 -27753 1
gene 1 1 1625 380220 0 4968 380220 1
gene 3 568 1675 -800000 1 4996 -800000 1
gene 3 1675 568 675240 0 4997 675240 0
gene 2 5 1700 -186915 0 5071 -186915 1
gene 2 1700 1504 574239 0 5072 574239 1
gene 3 71 1720 -347190 0 5118 -347190 1
gene 3 1720 704 -294536 0 5119 -294536 0
gene 1 886 381 285945 0 5222 285945 0
gene 1 1373 1888 -219045 0 5630 -219045 1
gene 1 1888 15 -263031 0 5631 -263031 1
gene 1 1107 490 260715 0 5814 260715 1
gene 4 1107 15 188157 0 5917 188157 1
gene 4 14 14 -290895 1 5955 -290895 1
gene 2 1700 1700 51813 1 6001 51813 1
gene 3 1675 2052 102810 0 6096 102810 1
gene 3 2052 568 -17295 0 6097 -17295 1
gene 1 9 2089 241551 0 6209 241551 1
gene 1 2089 13 435537 0 6210 435537 1
gene 4 368 2268 184221 0 6730 184221 0
gene 4 2268 394 267675 0 6731 267675 0
gene 1 1018 1720 -91728 0 7116 -91728 1
gene 4 289 2464 -265623 0 7294 -265623 1
gene 4 2464 15 -800000 0 7295 -800000 1
gene 1 10 2481 32259 0 7343 32259 1
gene 1 2481 15 42123 0 7344 42123 1
gene 4 368 2494 -152997 0 7380 -152997 1
gene 4 2494 2268 62763 0 7381 62763 0
gene 1 647 568 650907 1 7528 650907 0
gene 4 2268 2621 -452283 0 7767 -452283 1
gene 4 2621 394 220098 0 7768 220098 1
gene 2 381 2677 -457142 0 7926 -457142 1
gene 2 2677 14 62571 0 7927 62571 1
gene 2 4 2748 -298869 0 8138 -298869 1
gene 2 2748 886 368856 0 8139 368856 1
gene 4 2677 289 56667 0 8179 56667 1
gene 4 2494 2788 71268 0 8266 71268 1
gene 4 2788 2268 -360297 0 8267 -360297 1
gene 2 948 2268 -131022 0 8366 -131022 1
gene 1 886 2870 138900 0 8514 138900 1
gene 1 2870 381 -38877 0 8515 -38877 1
gene 1 647 2962 30420 1 8800 30420 1
gene 1 2962 568 318711 0 8801 318711 1
gene 1 2 2981 647099 0 8850 647099 1
gene 1 2981 381 -214683 0 8851 -214683 1
gene 3 1720 3070 289009 0 9112 289009 1
gene 3 3070 704 13209 0 9113 13209 1
gene 4 13 647 -331365 0 9147 -331365 1
gene 2 2621 317 233913 0 9296 233913 1
gene 1 9 3070 -170058 0 9354 -170058 1
gene 1 2981 760 -277836 0 9417 -277836 1
genomeend 72


/* Organism #73 Fitness: 300.000000 Time: 0 */
/* Position #73*/
#1 x: 18 y: 18
#2 x: 23 y: 35
#3 x: 50 y: 24
#4 x: 16 y: 69
#5 x: 18 y: 84
#6 x: 43 y: 85
genomestart 73
trait 1 0.000000 0.000000 100000.000000 54452.000000 0.000000 76959.000000 0.000000 0.000000 trait 2 51558.000000 0.000000 0.000000 0.000000 78989.000000 0.000000 84160.000000 0.000000 trait 3 3.000000 0.000000 0.000000 0.000000 0.000000 0.000000 0.000000 0.000000 trait 4 4.000000 31394.000000 71462.000000 0.000000 0.000000 0.000000 0.000000 76528.000000 node 1 4 1 3
node 2 2 1 1
node 3 2 1 1
node 4 2 1 1
node 5 4 1 1
node 6 3 1 1
node 7 4 1 1
node 8 1 1 1
node 9 4 1 1
node 10 1 1 1
node 11 1 1 1
node 12 1 1 1
node 13 3 0 2
node 14 1 0 2
node 15 4 0 2
node 71 1 0 0
node 289 2 0 0
node 317 1 0 0
node 368 3 0 0
node 381 4 0 0
node 394 1 0 0
node 473 1 0 0
node 490 1 0 0
node 568 1 0 0
node 647 1 0 0
node 686 4 0 0
node 704 4 0 0
node 760 1 0 0
node 834 1 0 0
node 877 1 0 0
node 886 1 0 0
node 948 2 0 0
node 996 1 0 0
node 1018 1 0 0
node 1030 1 0 0
node 1107 1 0 0
node 1283 1 0 0
node 1318 3 0 0
node 1334 1 0 0
node 1348 1 0 0
node 1396 1 0 0
node 1501 1 0 0
node 1604 1 0 0
node 1683 1 0 0
node 1699 1 0 0
node 1811 1 0 0
node 1862 1 0 0
node 1886 1 0 0
node 1902 1 0 0
node 2048 1 0 0
node 2063 1 0 0
node 2095 1 0 0
node 2127 1 0 0
node 2202 1 0 0
node 2218 1 0 0
node 2385 1 0 0
node 2400 1 0 0
node 2432 1 0 0
node 2639 1 0 0
node 2716 1 0 0
node 2854 1 0 0
node 3148 1 0 0
node 3190 1 0 0
node 3242 1 0 0
gene 4 1 13 -363486 0 1 -363486 1
gene 3 2 13 85812 0 2 85812 0
gene 2 3 13 634086 0 3 634086 0
gene 4 4 13 -253485 0 4 -253485 1
gene 2 5 13 -2394 0 5 -2394 0
gene 3 6 13 227187 0 6 227187 0
gene 1 7 13 116778 0 7 116778 0
gene 1 8 13 120555 0 8 120555 0
gene 1 9 13 -480915 0 9 -480915 1
gene 2 10 13 -290976 0 10 -290976 0
gene 3 11 13 -552441 0 11 -552441 1
gene 3 12 13 -223485 0 12 -223485 0
gene 1 1 14 -204552 0 13 -204552 1
gene 1 2 14 -156054 0 14 -156054 0
gene 3 3 14 800000 0 15 800000 0
gene 1 4 14 -247119 0 16 -247119 0
gene 1 5 14 209523 0 17 209523 1
gene 1 6 14 437898 0 18 437898 0
gene 1 7 14 309387 0 19 309387 1
gene 2 8 14 -5259 0 20 -5259 1
gene 2 9 14 47961 0 21 47961 1
gene 1 10 14 -487355 0 22 -487355 0
gene 3 11 14 305325 0 23 305325 1
gene 2 12 14 -520641 0 24 -520641 0
gene 3 1 15 800000 0 25 800000 1
gene 2 2 15 256458 0 26 256458 1
gene 4 3 15 -159132 0 27 -159132 0
gene 2 4 15 -601706 0 28 -601706 0
gene 2 5 15 94626 0 29 94626 1
gene 1 6 15 31464 0 30 31464 1
gene 4 7 15 530211 0 31 530211 0
gene 2 8 15 126435 0 32 126435 0
gene 2 9 15 -403899 0 33 -403899 0
gene 1 10 15 83418 0 34 83418 1
gene 3 11 15 646763 0 35 646763 0
gene 1 12 15 -675606 0 36 -675606 1
gene 4 3 71 477702 0 201 477702 0
gene 3 71 14 -132270 0 202 -132270 0
gene 1 13 13 112308 1 248 112308 1
gene 2 13 15 800000 0 413 800000 1
gene 4 10 71 772242 0 454 772242 1
gene 1 7 71 -202374 0 542 -202374 0
gene 4 8 71 -247476 0 717 -247476 1
gene 4 71 71 -614447 1 769 -614447 0
gene 4 3 289 -135978 0 858 -135978 0
gene 4 289 15 91194 0 859 91194 1
gene 2 289 14 117066 0 897 117066 1
gene 4 3 317 -230850 0 942 -230850 0
gene 4 317 289 469707 0 943 469707 1
gene 2 8 368 -259776 0 1081 -259776 0
gene 2 368 15 131061 0 1082 131061 0
gene 2 2 381 595961 0 1117 595961 1
gene 2 381 14 49347 0 1118 49347 1
gene 4 3 394 97008 0 1159 97008 0
gene 4 394 71 454725 0 1160 454725 1
gene 4 1 394 209226 0 1362 209226 1
gene 2 3 473 -18822 0 1405 -18822 1
gene 2 473 13 -611316 0 1406 -611316 1
gene 1 10 490 133167 0 1456 133167 1
gene 1 490 14 156876 0 1457 156876 1
gene 3 13 289 613227 0 1591 613227 1
gene 4 71 568 -226977 1 1699 -226977 0
gene 4 568 71 -567861 0 1700 -567861 0
gene 3 568 15 -166083 0 1754 -166083 1
gene 3 289 394 43518 0 1809 43518 0
gene 4 568 647 -366081 0 1948 -366081 1
gene 4 647 71 223332 0 1949 223332 0
gene 1 7 686 -13797 0 2069 -13797 1
gene 1 686 71 -686328 0 2070 -686328 0
gene 3 71 704 -226074 0 2122 -226074 1
gene 3 704 14 51765 0 2123 51765 1
gene 3 289 760 -18831 0 2296 -18831 1
gene 3 760 394 -79197 0 2297 -79197 1
gene 4 368 394 240813 0 2326 240813 0
gene 2 10 289 45675 0 2376 45675 1
gene 4 3 834 169992 0 2518 169992 1
gene 4 834 317 124182 0 2519 124182 1
gene 2 12 877 -130668 0 2634 -130668 0
gene 2 877 14 687990 0 2635 687990 1
gene 2 4 886 156760 0 2665 156760 1
gene 2 886 15 229899 0 2666 229899 0
gene 2 5 948 -800000 0 2855 -800000 0
gene 2 948 13 -166155 0 2856 -166155 0
gene 2 877 877 -595197 1 2903 -595197 1
gene 4 7 996 -606057 0 2996 -606057 1
gene 1 996 13 294159 0 2997 294159 1
gene 3 7 1018 -133254 0 3054 -133254 1
gene 4 1018 15 -352494 0 3055 -352494 1
gene 1 4 1030 221478 0 3100 221478 0
gene 1 1030 14 -503010 0 3101 -503010 1
gene 3 568 568 -643635 1 3154 -643635 1
gene 2 5 1107 -104271 0 3308 -104271 1
gene 2 1107 948 -344964 0 3309 -344964 1
gene 4 686 686 -246672 1 3352 -246672 1
gene 3 996 490 355713 0 3408 355713 1
gene 3 996 996 278988 1 3624 278988 0
gene 3 381 381 800000 1 3767 800000 1
gene 4 3 1283 123705 0 3832 123705 0
gene 4 1283 394 294015 0 3833 294015 1
gene 2 8 1318 455061 0 3932 455061 1
gene 2 1318 368 541146 0 3933 541146 1
gene 4 3 1334 800000 0 3987 800000 1
gene 4 1334 1283 -109347 0 3988 -109347 1
gene 3 6 1348 559029 0 4030 559029 1
gene 3 1348 13 499296 0 4031 499296 0
gene 3 11 1396 -156435 0 4170 -156435 1
gene 3 1396 15 57414 0 4171 57414 1
gene 2 948 1501 -281649 0 4488 -281649 0
gene 2 1501 13 135642 0 4489 135642 1
gene 2 948 1604 -512334 0 4780 -512334 1
gene 2 1604 1501 -800000 0 4781 -800000 1
gene 4 490 317 -766293 0 4926 -766293 0
gene 3 996 1683 -535485 1 5017 -535485 1
gene 3 1683 996 8286 0 5018 8286 1
gene 2 368 1699 380685 0 5067 380685 1
gene 2 1699 15 -383481 0 5068 -383481 0
gene 4 8 1396 26307 0 5249 26307 1
gene 2 886 1811 -209643 0 5389 -209643 1
gene 2 1811 15 -142467 0 5390 -142467 1
gene 3 12 1862 293964 0 5541 293964 1
gene 3 1862 13 132807 0 5542 132807 1
gene 3 2 1862 40344 0 5583 40344 1
gene 4 490 1886 111771 0 5624 111771 1
gene 4 1886 317 -764904 0 5625 -764904 1
gene 4 368 1902 -195678 0 5673 -195678 1
gene 4 1902 394 11922 0 5674 11922 1
gene 3 1501 686 14355 0 5725 14355 1
gene 2 10 2048 412053 0 6086 412053 1
gene 2 2048 13 13698 0 6087 13698 1
gene 2 12 2063 150459 0 6128 150459 1
gene 2 2063 877 -393708 0 6129 -393708 0
gene 1 473 14 -100635 0 6174 -100635 0
gene 2 1699 2095 182433 0 6227 182433 1
gene 2 2095 15 -183933 0 6228 -183933 1
gene 4 7 886 -650997 0 6279 -650997 1
gene 4 647 2127 61464 0 6325 61464 1
gene 4 2127 71 -271998 0 6326 -271998 1
gene 3 2 2202 303210 0 6535 303210 1
gene 3 2202 13 -713844 0 6536 -713844 0
gene 2 2063 2218 251643 0 6583 251643 1
gene 2 2218 877 -670419 0 6584 -670419 1
gene 4 1811 1396 -351921 0 6829 -351921 1
gene 3 1348 2385 -43644 0 7077 -43644 1
gene 3 2385 13 96540 0 7078 96540 1
gene 1 686 2400 -664518 0 7118 -664518 1
gene 1 2400 71 422685 0 7119 422685 1
gene 2 9 2432 -444954 0 7209 -444954 1
gene 2 2432 15 138435 0 7210 138435 1
gene 3 1318 2400 466566 0 7258 466566 1
gene 3 1699 2202 274128 0 7477 274128 1
gene 2 1107 14 -110820 0 7705 -110820 1
gene 1 8 2639 -164628 0 7820 -164628 1
gene 1 2639 13 -174999 0 7821 -174999 1
gene 1 473 2716 7278 0 8036 7278 1
gene 1 2716 14 -239064 0 8037 -239064 1
gene 3 2432 760 -800000 0 8258 -800000 1
gene 3 2639 1699 184269 0 8394 184269 1
gene 4 71 2854 383028 1 8452 383028 1
gene 4 2854 568 -113979 0 8453 -113979 1
gene 4 1396 2202 331413 0 8699 331413 1
gene 2 5 473 541347 0 8747 541347 1
gene 3 2202 3148 126327 0 9337 126327 1
gene 3 3148 13 23337 0 9338 23337 1
gene 4 1886 289 -241324 0 9379 -241324 1
gene 1 4 3190 -258152 0 9471 -258152 1
gene 1 3190 1030 -157140 0 9472 -157140 1
gene 4 2095 2095 29283 1 9595 29283 1
gene 1 6 3242 1 0 9631 1 1
gene 1 3242 14 708255 0 9632 708255 1
genomeend 73


/* Organism #74 Fitness: 340.000000 Time: 0 */
/* Position #74*/
#1 x: 40 y: 31
#2 x: 20 y: 25
#3 x: 77 y: 23
#4 x: 79 y: 72
#5 x: 54 y: 61
#6 x: 30 y: 60
genomestart 74
trait 1 100000.000000 0.000000 65077.000000 42511.000000 0.000000 0.000000 0.000000 91780.000000 trait 2 52534.000000 100000.000000 0.000000 100000.000000 0.000000 0.000000 0.000000 0.000000 trait 3 21555.000000 0.000000 74217.000000 0.000000 72769.000000 0.000000 0.000000 0.000000 trait 4 98930.000000 0.000000 63968.000000 0.000000 52848.000000 0.000000 0.000000 0.000000 node 1 1 1 3
node 2 2 1 1
node 3 4 1 1
node 4 4 1 1
node 5 1 1 1
node 6 4 1 1
node 7 3 1 1
node 8 3 1 1
node 9 3 1 1
node 10 4 1 1
node 11 4 1 1
node 12 1 1 1
node 13 1 0 2
node 14 2 0 2
node 15 4 0 2
node 24 1 0 0
node 188 3 0 0
node 222 1 0 0
node 272 1 0 0
node 301 1 0 0
node 380 1 0 0
node 393 1 0 0
node 453 4 0 0
node 469 1 0 0
node 557 1 0 0
node 729 1 0 0
node 875 1 0 0
node 927 1 0 0
node 1021 1 0 0
node 1084 1 0 0
node 1116 1 0 0
node 1234 1 0 0
node 1295 1 0 0
node 1374 1 0 0
node 1496 1 0 0
node 1522 1 0 0
node 1622 1 0 0
node 1712 1 0 0
node 1847 1 0 0
node 1890 1 0 0
node 2011 1 0 0
node 2035 1 0 0
node 2119 1 0 0
node 2161 1 0 0
node 2179 1 0 0
node 2221 1 0 0
node 2397 1 0 0
node 2505 1 0 0
node 2547 1 0 0
node 2578 1 0 0
node 2618 1 0 0
node 2697 1 0 0
node 2712 1 0 0
node 2874 1 0 0
node 2990 1 0 0
node 3002 1 0 0
node 3114 1 0 0
node 3133 1 0 0
node 3203 1 0 0
gene 1 1 13 429348 0 1 429348 1
gene 2 2 13 46722 0 2 46722 1
gene 2 3 13 -508002 0 3 -508002 0
gene 2 4 13 -22461 0 4 -22461 0
gene 3 5 13 -339492 0 5 -339492 1
gene 1 6 13 -390266 0 6 -390266 1
gene 3 7 13 433386 0 7 433386 1
gene 1 8 13 439788 0 8 439788 0
gene 4 9 13 -774345 0 9 -774345 1
gene 2 10 13 -60840 0 10 -60840 1
gene 3 11 13 683775 0 11 683775 1
gene 4 12 13 786510 0 12 786510 0
gene 1 1 14 -484232 0 13 -484232 1
gene 1 2 14 248682 0 14 248682 1
gene 2 3 14 -59316 0 15 -59316 1
gene 2 4 14 -310047 0 16 -310047 1
gene 1 5 14 780308 0 17 780308 1
gene 2 6 14 -4827 0 18 -4827 0
gene 3 7 14 640425 0 19 640425 0
gene 3 8 14 349110 0 20 349110 1
gene 3 9 14 -278202 0 21 -278202 0
gene 2 10 14 -304578 0 22 -304578 1
gene 3 11 14 -800000 0 23 -800000 0
gene 2 12 14 17574 0 24 17574 1
gene 2 1 15 -623172 0 25 -623172 1
gene 3 2 15 -373686 0 26 -373686 1
gene 4 3 15 -209835 0 27 -209835 0
gene 1 4 15 -10446 0 28 -10446 0
gene 4 5 15 -230076 0 29 -230076 1
gene 2 6 15 241386 0 30 241386 1
gene 4 7 15 123498 0 31 123498 0
gene 2 8 15 89658 0 32 89658 0
gene 2 9 15 -32607 0 33 -32607 0
gene 2 10 15 -800000 0 34 -800000 0
gene 3 11 15 720726 0 35 720726 0
gene 2 12 15 522345 0 36 522345 0
gene 4 4 24 188763 0 62 188763 1
gene 3 24 13 -800000 0 63 -800000 1
gene 1 24 24 33990 1 127 33990 0
gene 3 15 13 145719 0 293 145719 1
gene 2 7 24 73926 0 408 73926 0
gene 3 7 188 705132 0 526 705132 1
gene 3 188 14 -142656 0 527 -142656 1
gene 2 9 222 424182 0 645 424182 0
gene 2 222 15 40539 0 646 40539 1
gene 3 3 272 -613848 0 798 -613848 1
gene 3 272 15 -800000 0 799 -800000 0
gene 3 3 24 312585 0 850 312585 1
gene 1 24 301 335703 1 893 335703 0
gene 1 301 24 431715 0 894 431715 0
gene 1 188 188 677754 1 934 677754 1
gene 3 4 188 688406 0 1080 688406 1
gene 2 6 380 709644 0 1115 709644 1
gene 2 380 14 554246 0 1116 554246 1
gene 1 4 393 -81909 0 1157 -81909 1
gene 1 393 15 -7368 0 1158 -7368 1
gene 1 15 380 -203988 0 1196 -203988 1
gene 2 12 188 -607869 0 1302 -607869 0
gene 2 9 453 382473 0 1346 382473 1
gene 2 453 222 59781 0 1347 59781 1
gene 1 24 469 311517 1 1394 311517 0
gene 1 469 301 -800000 0 1395 -800000 0
gene 3 222 24 376350 0 1576 376350 1
gene 4 3 188 -303498 0 1616 -303498 1
gene 3 272 557 -228933 0 1666 -228933 1
gene 1 557 15 491135 0 1667 491135 0
gene 1 6 272 555867 0 1830 555867 0
gene 4 12 380 634026 0 1879 634026 0
gene 1 469 729 250710 0 2197 250710 1
gene 1 729 301 -205086 0 2198 -205086 1
gene 2 14 301 316190 0 2244 316190 0
gene 1 188 380 -751667 0 2284 -751667 1
gene 3 8 875 -618998 0 2630 -618998 0
gene 1 875 13 -174153 0 2631 -174153 1
gene 4 12 927 -191901 0 2791 -191901 1
gene 4 927 380 53472 0 2792 53472 1
gene 2 393 380 -753186 0 3014 -753186 1
gene 2 7 1021 -294561 0 3066 -294561 1
gene 2 1021 24 -183447 0 3067 -183447 0
gene 1 8 1084 267684 0 3243 267684 0
gene 1 1084 875 -89532 0 3244 -89532 0
gene 4 188 927 -47448 0 3297 -47448 1
gene 1 1084 1116 111351 0 3335 111351 1
gene 1 1116 875 -420477 0 3336 -420477 0
gene 1 222 469 -416540 0 3394 -416540 1
gene 1 8 1234 567816 0 3693 567816 1
gene 1 1234 1084 250575 0 3694 250575 1
gene 1 301 1295 -630531 0 3863 -630531 1
gene 1 1295 24 760472 0 3864 760472 1
gene 1 2 393 -621770 0 3943 -621770 1
gene 4 1084 1084 674945 1 4053 674945 1
gene 3 1295 1084 317577 0 4076 317577 1
gene 1 1116 1374 44487 0 4119 44487 1
gene 1 1374 875 -335315 0 4120 -335315 1
gene 2 272 1084 -519180 0 4218 -519180 1
gene 2 12 1496 135003 0 4474 135003 1
gene 2 1496 15 -466736 0 4475 -466736 1
gene 1 557 1522 9447 0 4546 9447 1
gene 1 1522 15 -218394 0 4547 -218394 1
gene 3 1116 1021 382830 0 4657 382830 0
gene 3 9 380 -675552 0 4725 -675552 1
gene 2 12 1622 -800000 0 4831 -800000 0
gene 2 1622 188 145743 0 4832 145743 1
gene 4 453 453 -220335 1 4965 -220335 0
gene 2 8 1712 800000 0 5099 800000 1
gene 2 1712 15 -121350 0 5100 -121350 0
gene 1 6 1847 250677 0 5495 250677 1
gene 1 1847 272 367917 0 5496 367917 1
gene 3 9 1890 624279 0 5636 624279 0
gene 3 1890 14 386379 0 5637 386379 1
gene 4 1116 13 130857 0 5838 130857 1
gene 1 9 1712 -355233 0 5937 -355233 1
gene 1 24 2011 -406179 1 5985 -406179 1
gene 1 2011 469 -379161 0 5986 -379161 1
gene 2 1712 2035 -800000 0 6047 -800000 0
gene 2 2035 15 88920 0 6048 88920 1
gene 3 927 1084 -414951 0 6090 -414951 0
gene 4 1847 453 429387 0 6145 429387 1
gene 2 1712 2119 -296585 0 6302 -296585 1
gene 2 2119 2035 480666 0 6303 480666 1
gene 3 9 2161 -306639 0 6421 -306639 1
gene 3 2161 1890 369918 0 6422 369918 0
gene 4 453 2179 800000 1 6471 800000 0
gene 4 2179 453 -496593 0 6472 -496593 1
gene 4 7 2221 -203703 0 6590 -203703 0
gene 4 2221 15 326394 0 6591 326394 1
gene 2 1295 1021 154353 0 6920 154353 1
gene 4 2011 393 -372984 0 7009 -372984 1
gene 3 1295 557 -495411 1 7060 -495411 1
gene 3 11 2397 252936 0 7109 252936 1
gene 3 2397 14 275736 0 7110 275736 1
gene 3 469 272 224382 0 7207 224382 1
gene 2 14 2505 542442 0 7409 542442 1
gene 2 2505 301 -316371 0 7410 -316371 1
gene 4 7 2547 -331227 0 7531 -331227 1
gene 4 2547 2221 112029 0 7532 112029 1
gene 3 927 2578 -26727 0 7639 -26727 1
gene 3 2578 1084 -111825 0 7640 -111825 1
gene 2 12 2618 -439728 0 7758 -439728 1
gene 2 2618 1622 -66828 0 7759 -66828 1
gene 3 2161 2697 404976 0 7981 404976 1
gene 3 2697 1890 -78453 0 7982 -78453 1
gene 3 1116 2712 465381 0 8023 465381 1
gene 3 2712 1021 -536199 0 8024 -536199 1
gene 1 2 1234 122529 0 8214 122529 1
gene 4 1295 2578 9480 0 8265 9480 1
gene 1 4 729 -86598 0 8317 -86598 1
gene 2 1021 2874 293382 0 8528 293382 1
gene 2 2874 24 -149340 0 8529 -149340 1
gene 3 393 393 256518 1 8658 256518 1
gene 3 11 2990 -161850 0 8870 -161850 1
gene 3 2990 15 415431 0 8871 415431 1
gene 2 10 3002 169089 0 8905 169089 1
gene 1 3002 15 333573 0 8906 333573 1
gene 4 453 3114 52881 1 9247 52881 1
gene 4 3114 2179 -212685 0 9248 -212685 1
gene 4 12 3133 -172250 0 9298 -172250 1
gene 4 3133 13 -254136 0 9299 -254136 1
gene 2 3 3203 -10650 0 9507 -10650 1
gene 2 3203 13 800000 0 9508 800000 1
genomeend 74


/* Organism #76 Fitness: 300.000000 Time: 0 */
/* Position #76*/
#1 x: 48 y: 34
#2 x: 52 y: 26
#3 x: 22 y: 39
#4 x: 58 y: 74
#5 x: 28 y: 77
#6 x: 34 y: 72
genomestart 76
trait 1 100000.000000 0.000000 65077.000000 92342.000000 0.000000 46966.000000 0.000000 91780.000000 trait 2 52534.000000 100000.000000 0.000000 100000.000000 0.000000 0.000000 0.000000 0.000000 trait 3 21555.000000 0.000000 74217.000000 0.000000 72769.000000 0.000000 0.000000 0.000000 trait 4 98930.000000 0.000000 63968.000000 0.000000 52848.000000 0.000000 0.000000 0.000000 node 1 1 1 3
node 2 2 1 1
node 3 4 1 1
node 4 4 1 1
node 5 1 1 1
node 6 4 1 1
node 7 3 1 1
node 8 3 1 1
node 9 3 1 1
node 10 4 1 1
node 11 4 1 1
node 12 1 1 1
node 13 1 0 2
node 14 2 0 2
node 15 4 0 2
node 24 1 0 0
node 188 3 0 0
node 222 1 0 0
node 272 1 0 0
node 301 1 0 0
node 380 1 0 0
node 393 1 0 0
node 453 4 0 0
node 469 1 0 0
node 557 1 0 0
node 729 1 0 0
node 875 1 0 0
node 927 1 0 0
node 1021 1 0 0
node 1084 1 0 0
node 1116 1 0 0
node 1234 1 0 0
node 1295 1 0 0
node 1374 1 0 0
node 1496 1 0 0
node 1522 1 0 0
node 1622 1 0 0
node 1712 1 0 0
node 1847 1 0 0
node 1890 1 0 0
node 2011 1 0 0
node 2035 1 0 0
node 2119 1 0 0
node 2161 1 0 0
node 2179 1 0 0
node 2221 1 0 0
node 2397 1 0 0
node 2505 1 0 0
node 2547 1 0 0
node 2578 1 0 0
node 2618 1 0 0
node 2697 1 0 0
node 2712 1 0 0
node 2874 1 0 0
node 2990 1 0 0
node 3002 1 0 0
node 3114 1 0 0
node 3133 1 0 0
gene 1 1 13 -316392 0 1 -316392 1
gene 2 2 13 100503 0 2 100503 1
gene 2 3 13 553958 0 3 553958 1
gene 2 4 13 16314 0 4 16314 0
gene 3 5 13 535737 0 5 535737 1
gene 1 6 13 212070 0 6 212070 1
gene 3 7 13 -655518 0 7 -655518 1
gene 1 8 13 -36519 0 8 -36519 0
gene 4 9 13 -111819 0 9 -111819 1
gene 2 10 13 -653466 0 10 -653466 1
gene 3 11 13 765066 0 11 765066 1
gene 4 12 13 -81483 0 12 -81483 0
gene 1 1 14 633075 0 13 633075 1
gene 1 2 14 325542 0 14 325542 1
gene 2 3 14 264768 0 15 264768 1
gene 2 4 14 356976 0 16 356976 1
gene 1 5 14 -491958 0 17 -491958 1
gene 2 6 14 422700 0 18 422700 0
gene 3 7 14 -800000 0 19 -800000 0
gene 3 8 14 -102615 0 20 -102615 1
gene 3 9 14 -166959 0 21 -166959 0
gene 2 10 14 -504404 0 22 -504404 1
gene 3 11 14 -149192 0 23 -149192 0
gene 2 12 14 171168 0 24 171168 1
gene 2 1 15 -34143 0 25 -34143 1
gene 3 2 15 -193077 0 26 -193077 1
gene 4 3 15 -682832 0 27 -682832 0
gene 1 4 15 -454614 0 28 -454614 0
gene 4 5 15 -297927 0 29 -297927 1
gene 2 6 15 -413820 0 30 -413820 1
gene 4 7 15 452724 0 31 452724 0
gene 2 8 15 -272772 0 32 -272772 0
gene 2 9 15 -297717 0 33 -297717 0
gene 2 10 15 -800000 0 34 -800000 0
gene 3 11 15 -148086 0 35 -148086 0
gene 2 12 15 -543672 0 36 -543672 0
gene 4 4 24 -122157 0 62 -122157 1
gene 3 24 13 -705189 0 63 -705189 1
gene 1 24 24 410274 1 127 410274 0
gene 3 15 13 800000 0 293 800000 1
gene 2 7 24 351528 0 408 351528 0
gene 3 7 188 -381612 0 526 -381612 1
gene 3 188 14 109401 0 527 109401 1
gene 2 9 222 -75999 0 645 -75999 0
gene 2 222 15 -384672 0 646 -384672 1
gene 3 3 272 104145 0 798 104145 1
gene 3 272 15 -611861 0 799 -611861 0
gene 3 3 24 -377709 0 850 -377709 1
gene 1 24 301 263547 1 893 263547 0
gene 1 301 24 -639288 0 894 -639288 0
gene 1 188 188 -412383 1 934 -412383 1
gene 3 4 188 -76147 0 1080 -76147 1
gene 2 6 380 -315126 0 1115 -315126 1
gene 2 380 14 -437553 0 1116 -437553 1
gene 1 4 393 -800000 0 1157 -800000 1
gene 1 393 15 43710 0 1158 43710 1
gene 1 15 380 -117036 0 1196 -117036 1
gene 2 12 188 -74451 0 1302 -74451 0
gene 2 9 453 312810 0 1346 312810 1
gene 2 453 222 391938 0 1347 391938 1
gene 1 24 469 469896 1 1394 469896 0
gene 1 469 301 541476 0 1395 541476 0
gene 3 222 24 533811 0 1576 533811 1
gene 4 3 188 -134580 0 1616 -134580 1
gene 3 272 557 335067 0 1666 335067 1
gene 1 557 15 55905 0 1667 55905 0
gene 1 6 272 186990 0 1830 186990 0
gene 4 12 380 127923 0 1879 127923 0
gene 1 469 729 487347 0 2197 487347 1
gene 1 729 301 3141 0 2198 3141 1
gene 2 14 301 -449952 0 2244 -449952 0
gene 1 188 380 -479423 0 2284 -479423 1
gene 3 8 875 346548 0 2630 346548 0
gene 1 875 13 -288312 0 2631 -288312 1
gene 4 12 927 368238 0 2791 368238 1
gene 4 927 380 716076 0 2792 716076 1
gene 2 393 380 -488525 0 3014 -488525 1
gene 2 7 1021 164415 0 3066 164415 1
gene 2 1021 24 -311832 0 3067 -311832 0
gene 1 8 1084 -347976 0 3243 -347976 0
gene 1 1084 875 -800000 0 3244 -800000 0
gene 4 188 927 59433 0 3297 59433 1
gene 1 1084 1116 454338 0 3335 454338 1
gene 1 1116 875 -610365 0 3336 -610365 0
gene 1 222 469 26955 0 3394 26955 1
gene 1 8 1234 340623 0 3693 340623 1
gene 1 1234 1084 -151239 0 3694 -151239 1
gene 1 301 1295 -217098 0 3863 -217098 1
gene 1 1295 24 125604 0 3864 125604 1
gene 1 2 393 37770 0 3943 37770 1
gene 4 1084 1084 534275 1 4053 534275 1
gene 3 1295 1084 330372 0 4076 330372 1
gene 1 1116 1374 -440730 0 4119 -440730 1
gene 1 1374 875 -252366 0 4120 -252366 1
gene 2 272 1084 -275286 0 4218 -275286 1
gene 2 12 1496 695136 0 4474 695136 1
gene 2 1496 15 281241 0 4475 281241 1
gene 1 557 1522 376350 0 4546 376350 1
gene 1 1522 15 -331140 0 4547 -331140 1
gene 3 1116 1021 321234 0 4657 321234 0
gene 3 9 380 262245 0 4725 262245 1
gene 2 12 1622 -138348 0 4831 -138348 0
gene 2 1622 188 123183 0 4832 123183 1
gene 4 453 453 -508713 1 4965 -508713 0
gene 2 8 1712 -283569 0 5099 -283569 1
gene 2 1712 15 -588116 0 5100 -588116 0
gene 1 6 1847 499719 0 5495 499719 1
gene 1 1847 272 -800000 0 5496 -800000 1
gene 3 9 1890 -6702 0 5636 -6702 0
gene 3 1890 14 -136410 0 5637 -136410 1
gene 4 1116 13 506316 0 5838 506316 1
gene 1 9 1712 -327207 0 5937 -327207 1
gene 1 24 2011 141666 1 5985 141666 1
gene 1 2011 469 -79968 0 5986 -79968 1
gene 2 1712 2035 -138600 0 6047 -138600 0
gene 2 2035 15 231681 0 6048 231681 1
gene 3 927 1084 160509 0 6090 160509 0
gene 4 1847 453 654966 0 6145 654966 1
gene 2 1712 2119 7230 0 6302 7230 1
gene 2 2119 2035 217017 0 6303 217017 1
gene 3 9 2161 -412506 0 6421 -412506 1
gene 3 2161 1890 224949 0 6422 224949 0
gene 4 453 2179 406338 1 6471 406338 0
gene 4 2179 453 342564 0 6472 342564 1
gene 4 7 2221 -239043 0 6590 -239043 0
gene 4 2221 15 -79566 0 6591 -79566 1
gene 2 1295 1021 56181 0 6920 56181 1
gene 4 2011 393 800000 0 7009 800000 1
gene 3 1295 557 163902 1 7060 163902 1
gene 3 11 2397 -285885 0 7109 -285885 1
gene 3 2397 14 -46422 0 7110 -46422 1
gene 3 469 272 -89550 0 7207 -89550 1
gene 2 14 2505 -444591 0 7409 -444591 1
gene 2 2505 301 -800000 0 7410 -800000 1
gene 4 7 2547 -275754 0 7531 -275754 1
gene 4 2547 2221 -97266 0 7532 -97266 1
gene 3 927 2578 -127413 0 7639 -127413 1
gene 3 2578 1084 -341181 0 7640 -341181 1
gene 2 12 2618 215814 0 7758 215814 1
gene 2 2618 1622 -71202 0 7759 -71202 1
gene 3 2161 2697 61770 0 7981 61770 1
gene 3 2697 1890 48519 0 7982 48519 1
gene 3 1116 2712 217464 0 8023 217464 1
gene 3 2712 1021 205791 0 8024 205791 1
gene 1 2 1234 -29187 0 8214 -29187 1
gene 4 1295 2578 362760 0 8265 362760 1
gene 1 4 729 62319 0 8317 62319 1
gene 2 1021 2874 216549 0 8528 216549 1
gene 2 2874 24 12723 0 8529 12723 1
gene 3 393 393 59172 1 8658 59172 1
gene 3 11 2990 278931 0 8870 278931 1
gene 3 2990 15 -408261 0 8871 -408261 1
gene 2 10 3002 54780 0 8905 54780 1
gene 1 3002 15 107973 0 8906 107973 1
gene 4 453 3114 -375366 1 9247 -375366 1
gene 4 3114 2179 -81075 0 9248 -81075 1
gene 4 12 3133 236556 0 9298 236556 1
gene 4 3133 13 -117543 0 9299 -117543 1
genomeend 76


