/* Organism #2 Fitness: 230.000000 Time: 0 */
/* Position #2*/
#1 x: 74 y: 34
#2 x: 82 y: 36
#3 x: 54 y: 18
#4 x: 51 y: 61
#5 x: 47 y: 61
#6 x: 54 y: 84
genomestart 2
trait 1 71503.000000 52572.000000 0.000000 48265.000000 0.000000 0.000000 100000.000000 393.000000 trait 2 0.000000 0.000000 0.000000 0.000000 0.000000 0.000000 17319.000000 0.000000 trait 3 21593.000000 0.000000 100000.000000 100000.000000 87543.000000 13538.000000 32393.000000 78834.000000 trait 4 100000.000000 19256.000000 0.000000 100000.000000 19327.000000 74834.000000 35631.000000 100000.000000 node 1 4 1 3
node 2 4 1 1
node 3 1 1 1
node 4 1 1 1
node 5 1 1 1
node 6 2 1 1
node 7 4 1 1
node 8 4 1 1
node 9 2 1 1
node 10 1 1 1
node 11 2 1 1
node 12 4 1 1
node 13 2 0 2
node 14 1 0 2
node 15 3 0 2
node 121 1 0 0
node 235 1 0 0
node 384 1 0 0
node 420 1 0 0
node 433 1 0 0
node 461 1 0 0
node 500 1 0 0
node 516 1 0 0
node 697 1 0 0
node 1018 2 0 0
node 1130 1 0 0
node 1323 3 0 0
node 1393 1 0 0
node 1479 1 0 0
node 1531 4 0 0
node 1683 1 0 0
node 1735 1 0 0
node 1875 1 0 0
node 1975 1 0 0
node 2022 1 0 0
node 2179 1 0 0
node 2295 1 0 0
node 2730 1 0 0
node 2767 1 0 0
node 2826 1 0 0
node 2977 1 0 0
node 3362 1 0 0
node 3398 1 0 0
gene 2 1 13 -37107 0 1 -37107 1
gene 3 2 13 -79047 0 2 -79047 1
gene 2 3 13 -73821 0 3 -73821 1
gene 3 4 13 -661161 0 4 -661161 1
gene 2 5 13 -710232 0 5 -710232 1
gene 4 6 13 527285 0 6 527285 0
gene 3 7 13 -650061 0 7 -650061 1
gene 2 8 13 -125814 0 8 -125814 0
gene 3 9 13 739977 0 9 739977 1
gene 2 10 13 -24147 0 10 -24147 1
gene 2 11 13 431586 0 11 431586 1
gene 4 12 13 643952 0 12 643952 1
gene 2 1 14 100182 0 13 100182 1
gene 2 2 14 634293 0 14 634293 1
gene 4 3 14 692472 0 15 692472 1
gene 4 4 14 191268 0 16 191268 0
gene 4 5 14 -286377 0 17 -286377 1
gene 3 6 14 -100593 0 18 -100593 0
gene 2 7 14 -795270 0 19 -795270 1
gene 1 8 14 156387 0 20 156387 0
gene 3 9 14 303315 0 21 303315 1
gene 1 10 14 -765203 0 22 -765203 1
gene 1 11 14 201108 0 23 201108 1
gene 4 12 14 136878 0 24 136878 0
gene 3 1 15 149244 0 25 149244 1
gene 3 2 15 -37110 0 26 -37110 1
gene 3 3 15 428757 0 27 428757 0
gene 3 4 15 172668 0 28 172668 1
gene 3 5 15 800000 0 29 800000 1
gene 1 6 15 617292 0 30 617292 0
gene 3 7 15 -399552 0 31 -399552 0
gene 3 8 15 508650 0 32 508650 1
gene 3 9 15 526631 0 33 526631 1
gene 3 10 15 223992 0 34 223992 0
gene 2 11 15 -111267 0 35 -111267 1
gene 4 12 15 193707 0 36 193707 0
gene 4 15 15 81078 1 174 81078 0
gene 3 8 121 -444405 0 329 -444405 0
gene 3 121 15 91308 0 330 91308 1
gene 2 5 121 378627 0 438 378627 1
gene 2 7 121 397887 0 483 397887 1
gene 4 4 235 526419 0 666 526419 1
gene 4 235 14 437366 0 667 437366 1
gene 1 1 235 -562245 0 753 -562245 1
gene 1 9 235 572601 0 1108 572601 1
gene 3 10 384 -322704 0 1126 -322704 1
gene 3 384 15 372777 0 1127 372777 0
gene 2 14 14 -264585 1 1197 -264585 0
gene 3 7 420 -325716 0 1239 -325716 1
gene 3 420 15 -457857 0 1240 -457857 1
gene 3 2 433 -368148 0 1284 -368148 0
gene 3 433 13 134424 0 1285 134424 1
gene 4 3 461 37191 0 1352 37191 1
gene 4 461 14 -496365 0 1353 -496365 1
gene 4 15 500 -56514 1 1453 -56514 1
gene 4 500 15 17814 0 1454 17814 0
gene 1 8 516 -794876 0 1500 -794876 1
gene 1 516 14 -13437 0 1501 -13437 1
gene 1 384 121 133866 0 1548 133866 1
gene 2 8 461 -225750 0 1965 -225750 1
gene 3 3 697 -90270 0 2038 -90270 0
gene 2 697 15 48369 0 2039 48369 1
gene 2 1 500 371465 0 2133 371465 1
gene 1 3 433 -109322 0 2628 -109322 1
gene 1 516 516 702233 1 2664 702233 1
gene 3 8 1018 -69216 0 2997 -69216 0
gene 3 1018 121 740652 0 2998 740652 0
gene 3 15 433 613689 0 3156 613689 1
gene 1 10 1130 -621180 0 3329 -621180 1
gene 1 1130 14 468174 0 3330 468174 1
gene 3 500 697 -60279 0 3371 -60279 1
gene 2 3 516 -208443 0 3603 -208443 0
gene 2 9 1323 398952 0 3885 398952 1
gene 2 1323 14 92990 0 3886 92990 0
gene 2 121 420 -146688 0 3959 -146688 1
gene 2 8 1393 313587 0 4093 313587 1
gene 2 1393 13 -540579 0 4094 -540579 1
gene 1 11 1479 -286170 0 4325 -286170 1
gene 1 1479 14 -74497 0 4326 -74497 1
gene 4 12 1531 -295737 0 4477 -295737 1
gene 4 1531 15 -442740 0 4478 -442740 0
gene 3 1393 433 -698211 0 4734 -698211 1
gene 2 1323 1683 800000 0 4950 800000 1
gene 2 1683 14 242259 0 4951 242259 1
gene 3 6 1735 800000 0 5103 800000 1
gene 3 1735 14 -350352 0 5104 -350352 0
gene 1 5 516 194034 0 5346 194034 1
gene 1 516 433 325965 0 5443 325965 1
gene 3 2 1875 -213351 0 5505 -213351 0
gene 3 1875 433 -220644 0 5506 -220644 1
gene 1 1683 461 416439 0 5687 416439 1
gene 1 6 1975 800000 0 5780 800000 1
gene 1 1975 15 -489189 0 5781 -489189 1
gene 4 1531 2022 -416514 0 5905 -416514 1
gene 4 2022 15 -63027 0 5906 -63027 1
gene 3 121 1875 -104280 0 5987 -104280 1
gene 1 1683 1393 388032 0 6232 388032 1
gene 4 500 2179 -327129 0 6351 -327129 1
gene 4 2179 15 -178341 0 6352 -178341 1
gene 3 12 2179 553329 0 6539 553329 1
gene 1 1975 1975 481110 1 6578 481110 1
gene 2 14 2295 -168147 1 6699 -168147 1
gene 2 2295 14 304014 0 6700 304014 1
gene 4 4 433 297252 0 7064 297252 1
gene 3 12 235 -33048 0 7098 -33048 1
gene 1 384 384 82743 1 7242 82743 1
gene 2 500 500 -337002 1 7740 -337002 1
gene 3 8 2730 -547893 0 7969 -547893 1
gene 3 2730 1018 232164 0 7970 232164 1
gene 2 2730 516 -234444 0 8040 -234444 1
gene 4 6 2767 -4692 0 8075 -4692 1
gene 4 2767 13 -134478 0 8076 -134478 1
gene 3 13 15 -14457 1 8122 -14457 1
gene 4 12 2826 110982 0 8243 110982 1
gene 4 2826 14 -100314 0 8244 -100314 1
gene 3 384 1975 167079 0 8469 167079 1
gene 3 3 2977 114339 0 8686 114339 1
gene 3 2977 697 -26358 0 8687 -26358 1
gene 2 1479 1683 -33786 0 9102 -33786 1
gene 2 2179 2179 158994 1 9183 158994 1
gene 3 1531 1531 -230067 1 9535 -230067 1
gene 2 3 3362 -17402 0 9863 -17402 1
gene 2 3362 516 472791 0 9864 472791 1
gene 3 2 3398 -314726 0 9975 -314726 1
gene 3 3398 1875 -84459 0 9976 -84459 1
gene 3 2179 2767 -116329 0 10025 -116329 1
gene 2 13 13 -99405 1 10229 -99405 1
gene 1 2295 2179 -53873 0 10266 -53873 1
genomeend 2


/* Organism #6 Fitness: 200.000000 Time: 0 */
/* Position #6*/
#1 x: 35 y: 16
#2 x: 78 y: 25
#3 x: 31 y: 21
#4 x: 79 y: 71
#5 x: 83 y: 83
#6 x: 68 y: 68
genomestart 6
trait 1 96513.000000 100000.000000 0.000000 48265.000000 0.000000 0.000000 100000.000000 393.000000 trait 2 2.000000 0.000000 0.000000 0.000000 0.000000 0.000000 0.000000 0.000000 trait 3 0.000000 0.000000 0.000000 51304.000000 0.000000 13538.000000 70969.000000 30146.000000 trait 4 4.000000 0.000000 0.000000 36940.000000 0.000000 0.000000 100000.000000 100000.000000 node 1 4 1 3
node 2 4 1 1
node 3 1 1 1
node 4 1 1 1
node 5 1 1 1
node 6 2 1 1
node 7 4 1 1
node 8 4 1 1
node 9 2 1 1
node 10 1 1 1
node 11 2 1 1
node 12 4 1 1
node 13 2 0 2
node 14 1 0 2
node 15 1 0 2
node 121 1 0 0
node 235 1 0 0
node 384 1 0 0
node 420 1 0 0
node 433 1 0 0
node 461 1 0 0
node 500 1 0 0
node 516 1 0 0
node 697 1 0 0
node 1018 1 0 0
node 1130 1 0 0
node 1323 3 0 0
node 1393 1 0 0
node 1479 1 0 0
node 1531 4 0 0
node 1683 1 0 0
node 1735 1 0 0
node 1875 1 0 0
node 1975 1 0 0
node 2022 1 0 0
node 2179 1 0 0
node 2295 1 0 0
node 2730 1 0 0
node 2767 1 0 0
node 2826 1 0 0
node 2977 1 0 0
node 3203 1 0 0
node 3486 1 0 0
node 3496 1 0 0
gene 2 1 13 468903 0 1 468903 1
gene 3 2 13 -153885 0 2 -153885 1
gene 2 3 13 -800000 0 3 -800000 1
gene 3 4 13 28779 0 4 28779 1
gene 2 5 13 -244386 0 5 -244386 1
gene 4 6 13 529427 0 6 529427 0
gene 3 7 13 302010 0 7 302010 1
gene 2 8 13 -178278 0 8 -178278 0
gene 3 9 13 227154 0 9 227154 1
gene 2 10 13 354570 0 10 354570 1
gene 2 11 13 39127 0 11 39127 1
gene 4 12 13 232061 0 12 232061 1
gene 2 1 14 -414006 0 13 -414006 1
gene 2 2 14 -201558 0 14 -201558 1
gene 4 3 14 -29343 0 15 -29343 1
gene 4 4 14 602583 0 16 602583 0
gene 4 5 14 294822 0 17 294822 1
gene 3 6 14 181794 0 18 181794 0
gene 2 7 14 -432564 0 19 -432564 1
gene 1 8 14 423618 0 20 423618 0
gene 3 9 14 800000 0 21 800000 1
gene 1 10 14 -782322 0 22 -782322 1
gene 1 11 14 -650675 0 23 -650675 1
gene 4 12 14 -800000 0 24 -800000 0
gene 3 1 15 756084 0 25 756084 1
gene 3 2 15 -29358 0 26 -29358 1
gene 3 3 15 476511 0 27 476511 0
gene 3 4 15 22689 0 28 22689 1
gene 3 5 15 56766 0 29 56766 1
gene 1 6 15 -508392 0 30 -508392 0
gene 3 7 15 -690117 0 31 -690117 0
gene 3 8 15 -387582 0 32 -387582 1
gene 3 9 15 -5331 0 33 -5331 1
gene 3 10 15 800000 0 34 800000 0
gene 2 11 15 -270474 0 35 -270474 1
gene 4 12 15 -219654 0 36 -219654 0
gene 4 15 15 -75966 1 174 -75966 0
gene 3 8 121 391329 0 329 391329 0
gene 3 121 15 -800000 0 330 -800000 1
gene 2 5 121 640370 0 438 640370 1
gene 2 7 121 -537998 0 483 -537998 1
gene 4 4 235 24669 0 666 24669 1
gene 4 235 14 -373104 0 667 -373104 1
gene 1 1 235 181170 0 753 181170 1
gene 1 9 235 -550595 0 1108 -550595 1
gene 3 10 384 371390 0 1126 371390 1
gene 3 384 15 -213027 0 1127 -213027 0
gene 2 14 14 -748554 1 1197 -748554 0
gene 3 7 420 231993 0 1239 231993 1
gene 3 420 15 800000 0 1240 800000 1
gene 3 2 433 265644 0 1284 265644 0
gene 3 433 13 800000 0 1285 800000 1
gene 4 3 461 203310 0 1352 203310 1
gene 4 461 14 -29152 0 1353 -29152 1
gene 4 15 500 54921 1 1453 54921 1
gene 4 500 15 270438 0 1454 270438 0
gene 1 8 516 -144912 0 1500 -144912 1
gene 1 516 14 800000 0 1501 800000 1
gene 1 384 121 -444612 0 1548 -444612 1
gene 2 8 461 235824 0 1965 235824 0
gene 3 3 697 227541 0 2038 227541 0
gene 2 697 15 -321051 0 2039 -321051 1
gene 2 1 500 240093 0 2133 240093 1
gene 1 3 433 107325 0 2628 107325 1
gene 1 516 516 -800000 1 2664 -800000 1
gene 3 8 1018 -597221 0 2997 -597221 0
gene 3 1018 121 -786558 0 2998 -786558 0
gene 3 15 433 280839 0 3156 280839 1
gene 1 10 1130 750611 0 3329 750611 1
gene 1 1130 14 -603126 0 3330 -603126 1
gene 3 500 697 -59175 0 3371 -59175 1
gene 2 3 516 -800000 0 3603 -800000 1
gene 2 9 1323 -97647 0 3885 -97647 1
gene 2 1323 14 -478167 0 3886 -478167 0
gene 4 121 420 83379 0 3959 83379 1
gene 2 8 1393 291177 0 4093 291177 1
gene 2 1393 13 -604620 0 4094 -604620 1
gene 1 11 1479 213525 0 4325 213525 1
gene 1 1479 14 -292209 0 4326 -292209 1
gene 4 12 1531 87321 0 4477 87321 1
gene 4 1531 15 -21111 0 4478 -21111 0
gene 3 1393 433 111081 0 4734 111081 1
gene 2 1323 1683 -800000 0 4950 -800000 1
gene 2 1683 14 -157857 0 4951 -157857 1
gene 3 6 1735 -104787 0 5103 -104787 1
gene 3 1735 14 -76392 0 5104 -76392 0
gene 1 5 516 353849 0 5346 353849 1
gene 1 516 433 -272703 0 5443 -272703 1
gene 3 2 1875 -286565 0 5505 -286565 1
gene 3 1875 433 -325002 0 5506 -325002 1
gene 1 1683 461 196131 0 5687 196131 1
gene 1 6 1975 -5019 0 5780 -5019 1
gene 1 1975 15 274863 0 5781 274863 1
gene 4 1531 2022 203820 0 5905 203820 1
gene 4 2022 15 762642 0 5906 762642 1
gene 3 121 1875 -142113 0 5987 -142113 1
gene 1 1683 1393 -488213 0 6232 -488213 1
gene 4 500 2179 243996 0 6351 243996 1
gene 4 2179 15 302622 0 6352 302622 1
gene 3 12 2179 -6792 0 6539 -6792 1
gene 1 1975 1975 135096 1 6578 135096 1
gene 2 14 2295 -497412 1 6699 -497412 0
gene 2 2295 14 -97713 0 6700 -97713 1
gene 4 4 433 800000 0 7064 800000 1
gene 3 12 235 198822 0 7098 198822 1
gene 1 384 384 154662 1 7242 154662 1
gene 2 500 500 -132663 1 7740 -132663 1
gene 3 8 2730 419226 0 7969 419226 1
gene 3 2730 1018 434085 0 7970 434085 1
gene 2 2730 516 -471822 0 8040 -471822 1
gene 4 6 2767 -353274 0 8075 -353274 1
gene 4 2767 13 9108 0 8076 9108 1
gene 3 13 15 201792 1 8122 201792 1
gene 4 12 2826 -200658 0 8243 -200658 1
gene 4 2826 14 -298509 0 8244 -298509 1
gene 3 384 1975 209313 0 8469 209313 1
gene 3 3 2977 163386 0 8686 163386 1
gene 3 2977 697 533283 0 8687 533283 0
gene 2 2179 2179 110841 1 9153 110841 1
gene 3 2977 3203 38068 0 9390 38068 1
gene 3 3203 697 -122175 0 9391 -122175 1
gene 1 697 697 -50374 1 9937 -50374 1
gene 2 12 1323 -61128 0 10093 -61128 1
gene 2 2295 2295 -66063 1 10137 -66063 1
gene 2 14 3486 1 1 10232 0 1
gene 2 3486 2295 -497412 0 10233 0 1
gene 2 8 3496 1 0 10267 0 1
gene 2 3496 461 235824 0 10268 0 1
genomeend 6


/* Organism #10 Fitness: 370.000000 Time: 0 */
/* Position #10*/
#1 x: 32 y: 27
#2 x: 30 y: 31
#3 x: 26 y: 37
#4 x: 25 y: 62
#5 x: 28 y: 84
#6 x: 51 y: 85
genomestart 10
trait 1 43007.000000 16300.000000 6994.000000 28041.000000 57524.000000 37112.000000 87908.000000 80535.000000 trait 2 30533.000000 24215.000000 70868.000000 0.000000 0.000000 0.000000 0.000000 18399.000000 trait 3 0.000000 0.000000 44883.000000 65858.000000 41337.000000 0.000000 100000.000000 41343.000000 trait 4 4.000000 0.000000 0.000000 36940.000000 0.000000 0.000000 0.000000 37957.000000 node 1 4 1 3
node 2 4 1 1
node 3 1 1 1
node 4 1 1 1
node 5 1 1 1
node 6 2 1 1
node 7 4 1 1
node 8 4 1 1
node 9 2 1 1
node 10 1 1 1
node 11 2 1 1
node 12 4 1 1
node 13 2 0 2
node 14 1 0 2
node 15 3 0 2
node 121 1 0 0
node 235 1 0 0
node 384 2 0 0
node 420 1 0 0
node 433 1 0 0
node 461 1 0 0
node 500 1 0 0
node 516 1 0 0
node 697 3 0 0
node 1018 1 0 0
node 1130 1 0 0
node 1323 3 0 0
node 1393 1 0 0
node 1479 1 0 0
node 1531 3 0 0
node 1683 1 0 0
node 1735 1 0 0
node 1875 1 0 0
node 2034 1 0 0
node 2142 1 0 0
node 2172 1 0 0
node 2206 1 0 0
node 2313 1 0 0
node 2332 1 0 0
node 2368 1 0 0
node 2491 1 0 0
node 2512 1 0 0
node 2530 1 0 0
node 2547 1 0 0
node 2692 1 0 0
node 2786 1 0 0
node 2912 1 0 0
node 3009 1 0 0
node 3108 1 0 0
node 3213 1 0 0
node 3249 1 0 0
node 3336 1 0 0
node 3356 1 0 0
node 3443 1 0 0
node 3469 1 0 0
gene 2 1 13 -422253 0 1 -422253 1
gene 3 2 13 -62637 0 2 -62637 1
gene 2 3 13 -560154 0 3 -560154 1
gene 3 4 13 122874 0 4 122874 1
gene 2 5 13 800000 0 5 800000 0
gene 4 6 13 -800000 0 6 -800000 1
gene 3 7 13 592808 0 7 592808 1
gene 2 8 13 -132966 0 8 -132966 0
gene 3 9 13 37143 0 9 37143 1
gene 2 10 13 -393207 0 10 -393207 0
gene 2 11 13 46944 0 11 46944 1
gene 4 12 13 -422670 0 12 -422670 1
gene 2 1 14 -800000 0 13 -800000 1
gene 2 2 14 16023 0 14 16023 1
gene 4 3 14 484917 0 15 484917 0
gene 4 4 14 41226 0 16 41226 0
gene 4 5 14 -413220 0 17 -413220 1
gene 3 6 14 -5718 0 18 -5718 0
gene 2 7 14 699584 0 19 699584 1
gene 1 8 14 -262062 0 20 -262062 0
gene 3 9 14 243051 0 21 243051 1
gene 1 10 14 601815 0 22 601815 1
gene 1 11 14 455159 0 23 455159 1
gene 4 12 14 -147999 0 24 -147999 1
gene 3 1 15 293103 0 25 293103 1
gene 3 2 15 -68622 0 26 -68622 1
gene 3 3 15 731000 0 27 731000 0
gene 3 4 15 -107337 0 28 -107337 1
gene 3 5 15 389139 0 29 389139 1
gene 1 6 15 273453 0 30 273453 1
gene 3 7 15 348678 0 31 348678 1
gene 3 8 15 135228 0 32 135228 1
gene 3 9 15 205572 0 33 205572 1
gene 3 10 15 519156 0 34 519156 0
gene 2 11 15 -187635 0 35 -187635 1
gene 4 12 15 800000 0 36 800000 0
gene 4 15 15 354078 1 174 354078 0
gene 3 8 121 -95334 0 329 -95334 0
gene 3 121 15 -234960 0 330 -234960 1
gene 2 5 121 -279909 0 438 -279909 1
gene 2 7 121 -431577 0 483 -431577 0
gene 4 4 235 452745 0 666 452745 1
gene 4 235 14 253209 0 667 253209 1
gene 1 1 235 78462 0 753 78462 1
gene 3 9 235 -220293 0 1108 -220293 1
gene 3 10 384 273723 0 1126 273723 1
gene 3 384 15 604578 0 1127 604578 1
gene 2 14 14 154923 1 1197 154923 1
gene 3 7 420 -57213 0 1239 -57213 0
gene 3 420 15 -53640 0 1240 -53640 0
gene 3 2 433 -498936 0 1284 -498936 1
gene 3 433 13 199476 0 1285 199476 1
gene 4 3 461 -151592 0 1352 -151592 1
gene 4 461 14 -255822 0 1353 -255822 1
gene 4 15 500 -425694 1 1453 -425694 1
gene 4 500 15 441933 0 1454 441933 0
gene 1 8 516 800000 0 1500 800000 1
gene 1 516 14 42558 0 1501 42558 0
gene 1 384 121 180201 0 1548 180201 1
gene 2 8 461 89652 0 1965 89652 1
gene 3 3 697 713676 0 2038 713676 1
gene 3 697 15 714746 0 2039 714746 0
gene 2 1 500 60471 0 2133 60471 1
gene 1 3 433 3207 0 2628 3207 1
gene 1 516 516 -155865 1 2664 -155865 1
gene 3 8 1018 800000 0 2997 800000 1
gene 3 1018 121 717221 0 2998 717221 0
gene 3 15 433 582222 0 3156 582222 1
gene 2 10 1130 265863 0 3329 265863 1
gene 1 1130 14 -67902 0 3330 -67902 1
gene 3 500 697 574215 0 3371 574215 1
gene 2 3 516 251082 0 3603 251082 1
gene 2 9 1323 -160287 0 3885 -160287 0
gene 2 1323 14 502182 0 3886 502182 0
gene 2 121 420 -427032 0 3959 -427032 1
gene 2 8 1393 506133 0 4093 506133 1
gene 2 1393 13 42333 0 4094 42333 0
gene 1 11 1479 -352146 0 4325 -352146 1
gene 1 1479 14 -455088 0 4326 -455088 1
gene 4 12 1531 -175245 0 4477 -175245 1
gene 4 1531 15 67746 0 4478 67746 1
gene 3 1393 433 -797538 0 4734 -797538 1
gene 2 1323 1683 613838 0 4950 613838 1
gene 2 1683 14 800000 0 4951 800000 1
gene 3 6 1735 -353394 0 5103 -353394 1
gene 3 1735 14 596009 0 5104 596009 1
gene 1 5 516 271911 0 5346 271911 1
gene 1 516 433 43695 0 5443 43695 1
gene 3 2 1875 800000 0 5505 800000 1
gene 3 1875 433 -329052 0 5506 -329052 1
gene 1 1683 461 -736319 0 5687 -736319 1
gene 1 516 121 -297876 0 5877 -297876 1
gene 3 3 2034 636039 0 5939 636039 1
gene 3 2034 697 543225 0 5940 543225 1
gene 3 5 1479 340470 0 6157 340470 1
gene 3 7 2142 -800000 0 6248 -800000 1
gene 3 2142 420 368988 0 6249 368988 1
gene 3 420 2172 -614154 0 6332 -614154 1
gene 3 2172 15 -296370 0 6333 -296370 1
gene 2 1735 1735 -756983 1 6388 -756983 1
gene 2 8 2206 -707499 0 6436 -707499 1
gene 2 2206 1393 118659 0 6437 118659 1
gene 2 121 2313 -216099 0 6747 -216099 1
gene 2 2313 420 122424 0 6748 122424 1
gene 2 9 2332 -312294 0 6797 -312294 0
gene 2 2332 1323 313785 0 6798 313785 1
gene 4 1323 2034 -406131 0 6848 -406131 1
gene 2 7 2368 -38417 0 6897 -38417 1
gene 2 2368 121 283698 0 6898 283698 1
gene 2 384 1531 -155985 0 7018 -155985 1
gene 2 2142 1018 -241149 0 7205 -241149 0
gene 3 2206 2034 -147708 0 7245 -147708 1
gene 2 7 2491 -477459 0 7283 -477459 1
gene 2 2491 2368 -39882 0 7284 -39882 1
gene 2 5 2512 316566 0 7337 316566 1
gene 2 2512 13 747756 0 7338 747756 0
gene 2 10 2530 -800000 0 7387 -800000 1
gene 2 2530 13 365019 0 7388 365019 1
gene 3 9 2547 613179 0 7440 613179 1
gene 3 2547 13 -173250 0 7441 -173250 1
gene 2 2530 1479 -37458 0 7594 -37458 0
gene 1 1479 2692 -158283 0 7856 -158283 1
gene 1 2692 14 163011 0 7857 163011 1
gene 3 4 1130 -299451 0 7980 -299451 1
gene 4 3 2786 202092 0 8132 202092 1
gene 4 2786 14 431889 0 8133 431889 1
gene 4 2547 1735 131460 0 8311 131460 1
gene 3 2692 461 -253029 0 8358 -253029 1
gene 4 500 2912 -22236 0 8507 -22236 1
gene 1 2912 15 362880 0 8508 362880 1
gene 1 2912 1130 -71871 0 8750 -71871 1
gene 2 2142 3009 155286 0 8799 155286 1
gene 2 3009 1018 -60492 0 8800 -60492 1
gene 3 2034 2034 144450 1 8851 144450 0
gene 2 2512 3108 -69345 0 9104 -69345 1
gene 2 3108 13 51483 0 9105 51483 1
gene 1 2491 235 -519576 0 9236 -519576 1
gene 2 9 3213 -52824 0 9416 -52824 1
gene 2 3213 2332 46413 0 9417 46413 1
gene 1 516 3249 -148476 0 9516 -148476 1
gene 1 3249 14 -327105 0 9517 -327105 1
gene 2 1393 3336 151803 0 9780 151803 1
gene 2 3336 13 12597 0 9781 12597 1
gene 2 2530 3356 -249963 0 9835 -249963 1
gene 2 3356 1479 42282 0 9836 42282 1
gene 3 2034 3443 58681 1 10105 58681 1
gene 3 3443 2034 413511 0 10106 413511 1
gene 3 697 3469 1 0 10184 0 1
gene 3 3469 15 714746 0 10185 0 1
gene 3 3009 3009 47926 1 10235 47926 1
genomeend 10


/* Organism #32 Fitness: 280.000000 Time: 0 */
/* Position #32*/
#1 x: 74 y: 21
#2 x: 29 y: 39
#3 x: 33 y: 33
#4 x: 83 y: 71
#5 x: 75 y: 75
#6 x: 48 y: 80
genomestart 32
trait 1 96513.000000 100000.000000 0.000000 48265.000000 0.000000 0.000000 100000.000000 393.000000 trait 2 2.000000 0.000000 0.000000 0.000000 0.000000 0.000000 0.000000 0.000000 trait 3 0.000000 0.000000 0.000000 51304.000000 0.000000 13538.000000 70969.000000 30146.000000 trait 4 4.000000 0.000000 0.000000 36940.000000 0.000000 0.000000 100000.000000 100000.000000 node 1 4 1 3
node 2 4 1 1
node 3 1 1 1
node 4 1 1 1
node 5 1 1 1
node 6 2 1 1
node 7 4 1 1
node 8 4 1 1
node 9 2 1 1
node 10 1 1 1
node 11 2 1 1
node 12 4 1 1
node 13 2 0 2
node 14 1 0 2
node 15 3 0 2
node 121 1 0 0
node 235 1 0 0
node 384 1 0 0
node 420 1 0 0
node 433 1 0 0
node 461 1 0 0
node 500 1 0 0
node 516 1 0 0
node 697 1 0 0
node 1018 1 0 0
node 1130 1 0 0
node 1323 3 0 0
node 1393 1 0 0
node 1479 1 0 0
node 1531 4 0 0
node 1683 1 0 0
node 1735 1 0 0
node 1875 1 0 0
node 1975 1 0 0
node 2022 1 0 0
node 2179 1 0 0
node 2295 1 0 0
node 2730 1 0 0
node 2767 1 0 0
node 2826 1 0 0
node 2977 1 0 0
node 3203 1 0 0
node 3406 1 0 0
node 3457 1 0 0
gene 2 1 13 291240 0 1 291240 1
gene 3 2 13 -606084 0 2 -606084 1
gene 2 3 13 -141933 0 3 -141933 1
gene 3 4 13 -306813 0 4 -306813 1
gene 2 5 13 -766920 0 5 -766920 1
gene 4 6 13 774629 0 6 774629 0
gene 3 7 13 -46281 0 7 -46281 1
gene 2 8 13 7146 0 8 7146 0
gene 3 9 13 800000 0 9 800000 1
gene 2 10 13 800000 0 10 800000 1
gene 2 11 13 257638 0 11 257638 1
gene 4 12 13 -4360 0 12 -4360 1
gene 2 1 14 -753012 0 13 -753012 1
gene 2 2 14 -14142 0 14 -14142 1
gene 4 3 14 47532 0 15 47532 1
gene 4 4 14 -29499 0 16 -29499 0
gene 4 5 14 317880 0 17 317880 1
gene 3 6 14 648024 0 18 648024 0
gene 2 7 14 288180 0 19 288180 1
gene 1 8 14 124125 0 20 124125 0
gene 3 9 14 -5487 0 21 -5487 1
gene 1 10 14 -472890 0 22 -472890 1
gene 1 11 14 -656090 0 23 -656090 1
gene 4 12 14 -800000 0 24 -800000 0
gene 3 1 15 709466 0 25 709466 1
gene 3 2 15 -177396 0 26 -177396 1
gene 3 3 15 -119676 0 27 -119676 0
gene 3 4 15 -447690 0 28 -447690 1
gene 3 5 15 -152982 0 29 -152982 1
gene 1 6 15 21888 0 30 21888 0
gene 3 7 15 -452070 0 31 -452070 0
gene 3 8 15 -458820 0 32 -458820 1
gene 3 9 15 219606 0 33 219606 1
gene 3 10 15 118236 0 34 118236 0
gene 2 11 15 -499626 0 35 -499626 1
gene 4 12 15 -2844 0 36 -2844 0
gene 4 15 15 48831 1 174 48831 0
gene 3 8 121 781134 0 329 781134 0
gene 3 121 15 -544962 0 330 -544962 1
gene 2 5 121 578669 0 438 578669 1
gene 2 7 121 -620834 0 483 -620834 1
gene 4 4 235 212010 0 666 212010 1
gene 4 235 14 -364023 0 667 -364023 1
gene 1 1 235 325923 0 753 325923 1
gene 1 9 235 -800000 0 1108 -800000 1
gene 3 10 384 599396 0 1126 599396 1
gene 3 384 15 -144864 0 1127 -144864 0
gene 2 14 14 -449496 1 1197 -449496 0
gene 3 7 420 -255471 0 1239 -255471 1
gene 3 420 15 -204783 0 1240 -204783 1
gene 3 2 433 66024 0 1284 66024 0
gene 3 433 13 539597 0 1285 539597 1
gene 4 3 461 -361020 0 1352 -361020 1
gene 4 461 14 -321112 0 1353 -321112 1
gene 4 15 500 -156398 1 1453 -156398 1
gene 4 500 15 -129012 0 1454 -129012 0
gene 1 8 516 133071 0 1500 133071 1
gene 1 516 14 -99789 0 1501 -99789 1
gene 1 384 121 -116730 0 1548 -116730 1
gene 2 8 461 210792 0 1965 210792 1
gene 3 3 697 144402 0 2038 144402 0
gene 2 697 15 -275700 0 2039 -275700 1
gene 2 1 500 142767 0 2133 142767 1
gene 1 3 433 -270894 0 2628 -270894 1
gene 1 516 516 -800000 1 2664 -800000 1
gene 3 8 1018 -800000 0 2997 -800000 0
gene 3 1018 121 -301200 0 2998 -301200 0
gene 3 15 433 98658 0 3156 98658 1
gene 1 10 1130 592367 0 3329 592367 1
gene 1 1130 14 -202905 0 3330 -202905 1
gene 3 500 697 436593 0 3371 436593 0
gene 2 3 516 -388637 0 3603 -388637 1
gene 2 9 1323 -102951 0 3885 -102951 1
gene 2 1323 14 -800000 0 3886 -800000 0
gene 4 121 420 -98400 0 3959 -98400 1
gene 2 8 1393 126675 0 4093 126675 1
gene 2 1393 13 -602358 0 4094 -602358 1
gene 1 11 1479 5832 0 4325 5832 1
gene 1 1479 14 66588 0 4326 66588 1
gene 4 12 1531 161631 0 4477 161631 1
gene 4 1531 15 511262 0 4478 511262 0
gene 3 1393 433 788661 0 4734 788661 1
gene 2 1323 1683 -398291 0 4950 -398291 1
gene 2 1683 14 -275217 0 4951 -275217 1
gene 3 6 1735 225936 0 5103 225936 1
gene 3 1735 14 -224109 0 5104 -224109 0
gene 1 5 516 299258 0 5346 299258 1
gene 1 516 433 635282 0 5443 635282 1
gene 3 2 1875 -491531 0 5505 -491531 1
gene 3 1875 433 81798 0 5506 81798 1
gene 1 1683 461 57864 0 5687 57864 1
gene 1 6 1975 -198471 0 5780 -198471 1
gene 1 1975 15 181428 0 5781 181428 1
gene 4 1531 2022 295794 0 5905 295794 1
gene 4 2022 15 194319 0 5906 194319 1
gene 3 121 1875 48318 0 5987 48318 1
gene 1 1683 1393 -689285 0 6232 -689285 1
gene 4 500 2179 668988 0 6351 668988 1
gene 4 2179 15 39642 0 6352 39642 1
gene 3 12 2179 99963 0 6539 99963 1
gene 1 1975 1975 119739 1 6578 119739 1
gene 2 14 2295 -179787 1 6699 -179787 1
gene 2 2295 14 87270 0 6700 87270 1
gene 4 4 433 161550 0 7064 161550 1
gene 3 12 235 -208743 0 7098 -208743 1
gene 1 384 384 42906 1 7242 42906 1
gene 2 500 500 122556 1 7740 122556 1
gene 3 8 2730 40899 0 7969 40899 1
gene 3 2730 1018 178179 0 7970 178179 1
gene 2 2730 516 -314907 0 8040 -314907 1
gene 4 6 2767 206865 0 8075 206865 1
gene 4 2767 13 -218364 0 8076 -218364 1
gene 3 13 15 466362 1 8122 466362 1
gene 4 12 2826 -50517 0 8243 -50517 1
gene 4 2826 14 106218 0 8244 106218 1
gene 3 384 1975 -83283 0 8469 -83283 1
gene 3 3 2977 251109 0 8686 251109 1
gene 3 2977 697 -191004 0 8687 -191004 0
gene 2 2179 2179 -44628 1 9153 -44628 1
gene 3 2977 3203 -253776 0 9390 -253776 1
gene 3 3203 697 295380 0 9391 295380 1
gene 1 697 697 130280 1 9937 130280 0
gene 1 697 3406 142866 1 9998 142866 1
gene 1 3406 697 -252436 0 9999 -252436 1
gene 3 500 3457 1 0 10151 1 1
gene 3 3457 697 142257 0 10152 142257 1
gene 1 1018 1130 12882 0 10194 12882 1
gene 4 433 2826 26834 0 10288 26834 1
genomeend 32


/* Organism #34 Fitness: 290.000000 Time: 0 */
/* Position #34*/
#1 x: 22 y: 20
#2 x: 65 y: 23
#3 x: 18 y: 29
#4 x: 73 y: 60
#5 x: 49 y: 63
#6 x: 47 y: 75
genomestart 34
trait 1 96513.000000 100000.000000 0.000000 48265.000000 0.000000 0.000000 100000.000000 393.000000 trait 2 2.000000 0.000000 0.000000 0.000000 0.000000 0.000000 0.000000 0.000000 trait 3 0.000000 0.000000 0.000000 51304.000000 0.000000 13538.000000 70969.000000 30146.000000 trait 4 4.000000 0.000000 0.000000 36940.000000 0.000000 0.000000 100000.000000 100000.000000 node 1 4 1 3
node 2 4 1 1
node 3 1 1 1
node 4 1 1 1
node 5 1 1 1
node 6 2 1 1
node 7 4 1 1
node 8 4 1 1
node 9 2 1 1
node 10 1 1 1
node 11 2 1 1
node 12 4 1 1
node 13 2 0 2
node 14 1 0 2
node 15 3 0 2
node 121 1 0 0
node 235 1 0 0
node 384 1 0 0
node 420 1 0 0
node 433 1 0 0
node 461 1 0 0
node 500 1 0 0
node 516 1 0 0
node 697 1 0 0
node 1018 1 0 0
node 1130 1 0 0
node 1323 3 0 0
node 1393 1 0 0
node 1479 1 0 0
node 1531 4 0 0
node 1683 1 0 0
node 1735 1 0 0
node 1875 1 0 0
node 1975 1 0 0
node 2022 1 0 0
node 2179 1 0 0
node 2295 1 0 0
node 2730 1 0 0
node 2767 1 0 0
node 2826 1 0 0
node 2977 1 0 0
node 3203 1 0 0
node 3406 1 0 0
node 3457 1 0 0
node 3503 1 0 0
gene 2 1 13 -129138 0 1 -129138 1
gene 3 2 13 -635409 0 2 -635409 1
gene 2 3 13 23244 0 3 23244 1
gene 3 4 13 -289302 0 4 -289302 1
gene 2 5 13 -203340 0 5 -203340 1
gene 4 6 13 800000 0 6 800000 0
gene 3 7 13 7896 0 7 7896 1
gene 2 8 13 159828 0 8 159828 0
gene 3 9 13 655857 0 9 655857 1
gene 2 10 13 -109944 0 10 -109944 1
gene 2 11 13 -243036 0 11 -243036 1
gene 4 12 13 300383 0 12 300383 1
gene 2 1 14 -254052 0 13 -254052 1
gene 2 2 14 -230574 0 14 -230574 1
gene 4 3 14 335619 0 15 335619 1
gene 4 4 14 -100722 0 16 -100722 0
gene 4 5 14 536970 0 17 536970 1
gene 3 6 14 154128 0 18 154128 0
gene 2 7 14 160074 0 19 160074 1
gene 1 8 14 19512 0 20 19512 0
gene 3 9 14 293229 0 21 293229 1
gene 1 10 14 -669492 0 22 -669492 1
gene 1 11 14 -526223 0 23 -526223 1
gene 4 12 14 -709685 0 24 -709685 0
gene 3 1 15 800000 0 25 800000 1
gene 3 2 15 -415677 0 26 -415677 1
gene 3 3 15 89310 0 27 89310 0
gene 3 4 15 -245742 0 28 -245742 1
gene 3 5 15 137175 0 29 137175 1
gene 1 6 15 256740 0 30 256740 0
gene 3 7 15 -7821 0 31 -7821 0
gene 3 8 15 -677964 0 32 -677964 1
gene 3 9 15 235953 0 33 235953 1
gene 3 10 15 -198537 0 34 -198537 0
gene 2 11 15 -117276 0 35 -117276 1
gene 4 12 15 -397701 0 36 -397701 0
gene 4 15 15 132960 1 174 132960 0
gene 3 8 121 549663 0 329 549663 0
gene 3 121 15 -413067 0 330 -413067 1
gene 2 5 121 800000 0 438 800000 1
gene 2 7 121 -237542 0 483 -237542 1
gene 4 4 235 155835 0 666 155835 1
gene 4 235 14 -189525 0 667 -189525 1
gene 1 1 235 371220 0 753 371220 1
gene 1 9 235 -696443 0 1108 -696443 1
gene 3 10 384 138564 0 1126 138564 1
gene 3 384 15 242142 0 1127 242142 0
gene 2 14 14 -407784 1 1197 -407784 0
gene 3 7 420 -238050 0 1239 -238050 1
gene 3 420 15 -15204 0 1240 -15204 1
gene 3 2 433 9891 0 1284 9891 0
gene 3 433 13 800000 0 1285 800000 0
gene 4 3 461 -159078 0 1352 -159078 1
gene 4 461 14 -296521 0 1353 -296521 1
gene 4 15 500 -353855 1 1453 -353855 1
gene 4 500 15 -42171 0 1454 -42171 0
gene 1 8 516 246021 0 1500 246021 1
gene 1 516 14 46176 0 1501 46176 1
gene 1 384 121 -168579 0 1548 -168579 1
gene 2 8 461 336693 0 1965 336693 1
gene 3 3 697 257412 0 2038 257412 0
gene 2 697 15 -148497 0 2039 -148497 1
gene 2 1 500 166326 0 2133 166326 1
gene 1 3 433 30525 0 2628 30525 1
gene 1 516 516 -659417 1 2664 -659417 1
gene 3 8 1018 -800000 0 2997 -800000 0
gene 3 1018 121 -438294 0 2998 -438294 0
gene 3 15 433 172827 0 3156 172827 1
gene 1 10 1130 738563 0 3329 738563 1
gene 1 1130 14 954 0 3330 954 1
gene 3 500 697 -121473 0 3371 -121473 0
gene 2 3 516 -98073 0 3603 -98073 1
gene 2 9 1323 -369846 0 3885 -369846 1
gene 2 1323 14 -664001 0 3886 -664001 0
gene 4 121 420 51207 0 3959 51207 1
gene 2 8 1393 -93630 0 4093 -93630 1
gene 2 1393 13 -506262 0 4094 -506262 1
gene 1 11 1479 -88896 0 4325 -88896 1
gene 1 1479 14 39009 0 4326 39009 1
gene 4 12 1531 -31920 0 4477 -31920 1
gene 4 1531 15 800000 0 4478 800000 0
gene 3 1393 433 641301 0 4734 641301 1
gene 2 1323 1683 -406724 0 4950 -406724 1
gene 2 1683 14 -565053 0 4951 -565053 1
gene 3 6 1735 184356 0 5103 184356 1
gene 3 1735 14 -141345 0 5104 -141345 0
gene 1 5 516 258587 0 5346 258587 1
gene 1 516 433 273660 0 5443 273660 1
gene 3 2 1875 -128648 0 5505 -128648 1
gene 3 1875 433 -189291 0 5506 -189291 1
gene 1 1683 461 -277239 0 5687 -277239 1
gene 1 6 1975 9870 0 5780 9870 1
gene 1 1975 15 -5775 0 5781 -5775 1
gene 4 1531 2022 214266 0 5905 214266 1
gene 4 2022 15 723822 0 5906 723822 1
gene 3 121 1875 -138756 0 5987 -138756 1
gene 1 1683 1393 47043 0 6232 47043 1
gene 4 500 2179 405873 0 6351 405873 1
gene 4 2179 15 60501 0 6352 60501 1
gene 3 12 2179 -310596 0 6539 -310596 1
gene 1 1975 1975 333198 1 6578 333198 1
gene 2 14 2295 -75330 1 6699 -75330 1
gene 2 2295 14 109677 0 6700 109677 1
gene 4 4 433 800000 0 7064 800000 1
gene 3 12 235 210036 0 7098 210036 1
gene 1 384 384 -152880 1 7242 -152880 1
gene 2 500 500 -207450 1 7740 -207450 1
gene 3 8 2730 -26229 0 7969 -26229 1
gene 3 2730 1018 111687 0 7970 111687 1
gene 2 2730 516 -593235 0 8040 -593235 1
gene 4 6 2767 84558 0 8075 84558 1
gene 4 2767 13 71262 0 8076 71262 1
gene 3 13 15 284496 1 8122 284496 1
gene 4 12 2826 -63669 0 8243 -63669 1
gene 4 2826 14 -800000 0 8244 -800000 1
gene 3 384 1975 -124731 0 8469 -124731 1
gene 3 3 2977 -6924 0 8686 -6924 1
gene 3 2977 697 -8937 0 8687 -8937 0
gene 2 2179 2179 133863 1 9153 133863 1
gene 3 2977 3203 38115 0 9390 38115 1
gene 3 3203 697 -145143 0 9391 -145143 1
gene 1 697 697 46805 1 9937 46805 0
gene 1 697 3406 77751 1 9998 77751 1
gene 1 3406 697 -480136 0 9999 -480136 1
gene 3 500 3457 126652 0 10151 126652 1
gene 3 3457 697 434436 0 10152 434436 1
gene 1 1018 1130 -120871 0 10194 -120871 1
gene 3 433 3503 1 0 10289 0 1
gene 3 3503 13 800000 0 10290 0 1
genomeend 34


/* Organism #37 Fitness: 200.000000 Time: 0 */
/* Position #37*/
#1 x: 29 y: 22
#2 x: 49 y: 19
#3 x: 27 y: 25
#4 x: 68 y: 73
#5 x: 63 y: 69
#6 x: 25 y: 64
genomestart 37
trait 1 71503.000000 52572.000000 0.000000 48265.000000 0.000000 0.000000 100000.000000 393.000000 trait 2 2.000000 0.000000 0.000000 0.000000 0.000000 0.000000 0.000000 0.000000 trait 3 0.000000 0.000000 0.000000 51304.000000 0.000000 13538.000000 70969.000000 30146.000000 trait 4 4.000000 0.000000 0.000000 36940.000000 0.000000 0.000000 100000.000000 100000.000000 node 1 4 1 3
node 2 4 1 1
node 3 1 1 1
node 4 1 1 1
node 5 1 1 1
node 6 2 1 1
node 7 4 1 1
node 8 4 1 1
node 9 2 1 1
node 10 1 1 1
node 11 2 1 1
node 12 4 1 1
node 13 2 0 2
node 14 1 0 2
node 15 3 0 2
node 121 1 0 0
node 235 1 0 0
node 384 1 0 0
node 420 1 0 0
node 433 1 0 0
node 461 1 0 0
node 500 1 0 0
node 516 1 0 0
node 697 1 0 0
node 1018 1 0 0
node 1130 1 0 0
node 1323 3 0 0
node 1393 1 0 0
node 1479 1 0 0
node 1531 2 0 0
node 1683 1 0 0
node 1735 1 0 0
node 1875 1 0 0
node 1975 1 0 0
node 2022 1 0 0
node 2179 1 0 0
node 2295 1 0 0
node 2730 1 0 0
node 2767 1 0 0
node 2826 1 0 0
node 2977 1 0 0
node 3105 1 0 0
node 3118 1 0 0
node 3448 1 0 0
node 3505 1 0 0
gene 2 1 13 106218 0 1 106218 1
gene 3 2 13 372576 0 2 372576 1
gene 2 3 13 226434 0 3 226434 1
gene 3 4 13 11967 0 4 11967 1
gene 2 5 13 118569 0 5 118569 1
gene 4 6 13 56610 0 6 56610 0
gene 3 7 13 -287718 0 7 -287718 1
gene 2 8 13 -41073 0 8 -41073 0
gene 3 9 13 -7788 0 9 -7788 1
gene 2 10 13 -61440 0 10 -61440 1
gene 2 11 13 -259881 0 11 -259881 1
gene 4 12 13 -54009 0 12 -54009 1
gene 2 1 14 -37470 0 13 -37470 1
gene 2 2 14 -314031 0 14 -314031 1
gene 4 3 14 -561821 0 15 -561821 1
gene 4 4 14 -440013 0 16 -440013 0
gene 4 5 14 -47526 0 17 -47526 1
gene 3 6 14 215567 0 18 215567 0
gene 2 7 14 191955 0 19 191955 1
gene 1 8 14 143769 0 20 143769 0
gene 3 9 14 -118848 0 21 -118848 1
gene 1 10 14 -800000 0 22 -800000 1
gene 1 11 14 283248 0 23 283248 1
gene 4 12 14 -212017 0 24 -212017 0
gene 3 1 15 -133914 0 25 -133914 1
gene 3 2 15 -571566 0 26 -571566 1
gene 3 3 15 800000 0 27 800000 0
gene 3 4 15 395985 0 28 395985 1
gene 3 5 15 -317841 0 29 -317841 1
gene 1 6 15 233085 0 30 233085 0
gene 3 7 15 -108033 0 31 -108033 0
gene 3 8 15 37707 0 32 37707 1
gene 3 9 15 198570 0 33 198570 1
gene 3 10 15 14010 0 34 14010 0
gene 2 11 15 -181953 0 35 -181953 1
gene 4 12 15 715473 0 36 715473 0
gene 4 15 15 -800000 1 174 -800000 0
gene 3 8 121 -761730 0 329 -761730 0
gene 3 121 15 219360 0 330 219360 1
gene 2 5 121 -137082 0 438 -137082 1
gene 2 7 121 -560681 0 483 -560681 1
gene 4 4 235 89430 0 666 89430 1
gene 4 235 14 112590 0 667 112590 1
gene 1 1 235 335598 0 753 335598 1
gene 1 9 235 -109422 0 1108 -109422 1
gene 3 10 384 767204 0 1126 767204 0
gene 3 384 15 -333900 0 1127 -333900 0
gene 2 14 14 -86694 1 1197 -86694 0
gene 3 7 420 245286 0 1239 245286 1
gene 3 420 15 -381146 0 1240 -381146 1
gene 3 2 433 -60396 0 1284 -60396 0
gene 3 433 13 -50820 0 1285 -50820 1
gene 4 3 461 -242604 0 1352 -242604 1
gene 4 461 14 -285492 0 1353 -285492 1
gene 4 15 500 -117903 1 1453 -117903 0
gene 4 500 15 -535280 0 1454 -535280 0
gene 1 8 516 -64230 0 1500 -64230 1
gene 1 516 14 162789 0 1501 162789 1
gene 1 384 121 667215 0 1548 667215 1
gene 2 8 461 186741 0 1965 186741 1
gene 3 3 697 287766 0 2038 287766 0
gene 2 697 15 -176124 0 2039 -176124 1
gene 2 1 500 233181 0 2133 233181 1
gene 1 3 433 -80343 0 2628 -80343 1
gene 1 516 516 228972 1 2664 228972 1
gene 3 8 1018 80907 0 2997 80907 0
gene 3 1018 121 233346 0 2998 233346 0
gene 3 15 433 -137511 0 3156 -137511 1
gene 1 10 1130 9822 0 3329 9822 1
gene 1 1130 14 405477 0 3330 405477 0
gene 3 500 697 515139 0 3371 515139 1
gene 2 3 516 271419 0 3603 271419 0
gene 2 9 1323 -381612 0 3885 -381612 1
gene 2 1323 14 269088 0 3886 269088 0
gene 2 121 420 -351650 0 3959 -351650 1
gene 2 8 1393 158853 0 4093 158853 1
gene 2 1393 13 503058 0 4094 503058 1
gene 1 11 1479 -277278 0 4325 -277278 1
gene 1 1479 14 199227 0 4326 199227 1
gene 4 12 1531 -202389 0 4477 -202389 1
gene 4 1531 15 -59757 0 4478 -59757 0
gene 3 1393 433 -611096 0 4734 -611096 1
gene 2 1323 1683 10242 0 4950 10242 1
gene 2 1683 14 -286160 0 4951 -286160 1
gene 3 6 1735 -280266 0 5103 -280266 1
gene 3 1735 14 661359 0 5104 661359 0
gene 1 5 516 546897 0 5346 546897 1
gene 1 516 433 298500 0 5443 298500 1
gene 3 2 1875 -253869 0 5505 -253869 1
gene 3 1875 433 366385 0 5506 366385 1
gene 1 1683 461 745403 0 5687 745403 1
gene 1 6 1975 545997 0 5780 545997 1
gene 1 1975 15 269289 0 5781 269289 1
gene 4 1531 2022 48204 0 5905 48204 1
gene 4 2022 15 172563 0 5906 172563 1
gene 3 121 1875 149325 0 5987 149325 1
gene 1 1683 1393 258246 0 6232 258246 1
gene 4 500 2179 -218112 0 6351 -218112 1
gene 4 2179 15 -78249 0 6352 -78249 1
gene 3 12 2179 163113 0 6539 163113 1
gene 1 1975 1975 473297 1 6578 473297 1
gene 2 14 2295 -272796 1 6699 -272796 1
gene 2 2295 14 158022 0 6700 158022 1
gene 4 4 433 -180219 0 7064 -180219 1
gene 3 12 235 -34239 0 7098 -34239 1
gene 1 384 384 -259452 1 7242 -259452 1
gene 2 500 500 80568 1 7740 80568 1
gene 3 8 2730 273726 0 7969 273726 1
gene 3 2730 1018 447267 0 7970 447267 1
gene 2 2730 516 73125 0 8040 73125 1
gene 4 6 2767 -549276 0 8075 -549276 1
gene 4 2767 13 -237516 0 8076 -237516 1
gene 3 13 15 -270279 1 8122 -270279 1
gene 4 12 2826 -35568 0 8243 -35568 1
gene 4 2826 14 -255984 0 8244 -255984 1
gene 3 384 1975 20619 0 8469 20619 1
gene 3 3 2977 -356400 0 8686 -356400 1
gene 3 2977 697 326007 0 8687 326007 1
gene 1 1130 3105 78147 0 9092 78147 1
gene 1 3105 14 -479769 0 9093 -479769 1
gene 4 15 3118 212661 1 9132 212661 1
gene 4 3118 500 8118 0 9133 8118 1
gene 4 3118 2295 -311952 0 9282 -311952 1
gene 3 10 121 463199 0 9403 463199 1
gene 4 500 2767 -148560 0 9643 -148560 1
gene 1 2179 420 113574 0 9783 113574 1
gene 2 2295 384 294909 0 9889 294909 1
gene 3 1531 516 -42279 0 10059 -42279 1
gene 3 10 3448 55026 0 10120 55026 1
gene 3 3448 384 589226 0 10121 589226 1
gene 2 3 3505 1 0 10293 0 1
gene 2 3505 516 271419 0 10294 0 1
genomeend 37


/* Organism #38 Fitness: 190.000000 Time: 0 */
/* Position #38*/
#1 x: 31 y: 15
#2 x: 62 y: 33
#3 x: 77 y: 33
#4 x: 23 y: 71
#5 x: 47 y: 77
#6 x: 83 y: 70
genomestart 38
trait 1 19747.000000 88699.000000 0.000000 100000.000000 57524.000000 37112.000000 84759.000000 100000.000000 trait 2 2.000000 0.000000 0.000000 63677.000000 0.000000 0.000000 0.000000 0.000000 trait 3 0.000000 0.000000 0.000000 51304.000000 0.000000 13538.000000 70969.000000 30146.000000 trait 4 21476.000000 86360.000000 0.000000 7706.000000 0.000000 13521.000000 43316.000000 66023.000000 node 1 4 1 3
node 2 4 1 1
node 3 1 1 1
node 4 1 1 1
node 5 1 1 1
node 6 2 1 1
node 7 4 1 1
node 8 4 1 1
node 9 2 1 1
node 10 1 1 1
node 11 2 1 1
node 12 4 1 1
node 13 2 0 2
node 14 1 0 2
node 15 3 0 2
node 121 1 0 0
node 235 1 0 0
node 384 1 0 0
node 420 1 0 0
node 433 1 0 0
node 461 1 0 0
node 500 1 0 0
node 516 1 0 0
node 697 3 0 0
node 1018 1 0 0
node 1130 1 0 0
node 1323 3 0 0
node 1393 1 0 0
node 1479 1 0 0
node 1531 4 0 0
node 1683 1 0 0
node 1735 1 0 0
node 1875 3 0 0
node 2034 2 0 0
node 2142 1 0 0
node 2172 1 0 0
node 2206 1 0 0
node 2313 2 0 0
node 2332 1 0 0
node 2368 1 0 0
node 2412 1 0 0
node 2430 1 0 0
node 2481 1 0 0
node 2494 1 0 0
node 2768 1 0 0
node 2783 1 0 0
node 2799 1 0 0
node 2880 1 0 0
node 3142 1 0 0
node 3225 1 0 0
node 3236 1 0 0
node 3340 1 0 0
node 3377 1 0 0
node 3449 1 0 0
gene 2 1 13 -343080 0 1 -343080 1
gene 3 2 13 96579 0 2 96579 1
gene 2 3 13 -325224 0 3 -325224 1
gene 3 4 13 220008 0 4 220008 1
gene 2 5 13 477786 0 5 477786 1
gene 4 6 13 508947 0 6 508947 1
gene 3 7 13 -105456 0 7 -105456 1
gene 2 8 13 162945 0 8 162945 0
gene 3 9 13 -26399 0 9 -26399 1
gene 2 10 13 204477 0 10 204477 0
gene 2 11 13 -532332 0 11 -532332 0
gene 4 12 13 -340818 0 12 -340818 1
gene 2 1 14 -79092 0 13 -79092 1
gene 2 2 14 42411 0 14 42411 1
gene 4 3 14 -800000 0 15 -800000 1
gene 4 4 14 522390 0 16 522390 0
gene 4 5 14 -634164 0 17 -634164 1
gene 3 6 14 620223 0 18 620223 0
gene 2 7 14 -228939 0 19 -228939 1
gene 1 8 14 -290529 0 20 -290529 0
gene 3 9 14 -676332 0 21 -676332 1
gene 1 10 14 455802 0 22 455802 1
gene 1 11 14 346449 0 23 346449 1
gene 4 12 14 157578 0 24 157578 0
gene 3 1 15 420291 0 25 420291 1
gene 3 2 15 164826 0 26 164826 1
gene 3 3 15 -543096 0 27 -543096 0
gene 3 4 15 -25113 0 28 -25113 1
gene 3 5 15 667061 0 29 667061 1
gene 1 6 15 -260286 0 30 -260286 1
gene 3 7 15 -348575 0 31 -348575 0
gene 3 8 15 -307329 0 32 -307329 0
gene 3 9 15 398757 0 33 398757 0
gene 3 10 15 74034 0 34 74034 0
gene 2 11 15 460742 0 35 460742 1
gene 4 12 15 800000 0 36 800000 0
gene 4 15 15 -213618 1 174 -213618 0
gene 3 8 121 -488169 0 329 -488169 0
gene 3 121 15 617862 0 330 617862 1
gene 2 5 121 -528927 0 438 -528927 1
gene 2 7 121 461487 0 483 461487 0
gene 4 4 235 -11445 0 666 -11445 1
gene 4 235 14 -184203 0 667 -184203 0
gene 1 1 235 324009 0 753 324009 1
gene 1 9 235 -159051 0 1108 -159051 1
gene 3 10 384 85848 0 1126 85848 1
gene 3 384 15 -215820 0 1127 -215820 0
gene 2 14 14 -797280 1 1197 -797280 0
gene 3 7 420 696627 0 1239 696627 0
gene 3 420 15 698424 0 1240 698424 0
gene 3 2 433 -689084 0 1284 -689084 0
gene 3 433 13 -657051 0 1285 -657051 1
gene 4 3 461 352854 0 1352 352854 1
gene 4 461 14 511362 0 1353 511362 1
gene 4 15 500 -135609 1 1453 -135609 1
gene 4 500 15 -19272 0 1454 -19272 1
gene 1 8 516 -666182 0 1500 -666182 1
gene 1 516 14 -1683 0 1501 -1683 1
gene 1 384 121 202716 0 1548 202716 1
gene 2 8 461 -133305 0 1965 -133305 1
gene 3 3 697 -95223 0 2038 -95223 0
gene 3 697 15 380043 0 2039 380043 1
gene 2 1 500 -274014 0 2133 -274014 1
gene 1 3 433 -488949 0 2628 -488949 1
gene 1 516 516 -319193 1 2664 -319193 1
gene 3 8 1018 800000 0 2997 800000 1
gene 3 1018 121 -201081 0 2998 -201081 0
gene 3 15 433 800000 0 3156 800000 1
gene 1 10 1130 -367887 0 3329 -367887 1
gene 1 1130 14 -487980 0 3330 -487980 1
gene 3 500 697 230523 0 3371 230523 1
gene 1 3 516 -800000 0 3603 -800000 1
gene 2 9 1323 -182499 0 3885 -182499 0
gene 2 1323 14 -112269 0 3886 -112269 0
gene 2 121 420 185706 0 3959 185706 0
gene 2 8 1393 553596 0 4093 553596 0
gene 2 1393 13 -306177 0 4094 -306177 1
gene 1 11 1479 612531 0 4325 612531 1
gene 1 1479 14 97044 0 4326 97044 1
gene 4 12 1531 800000 0 4477 800000 1
gene 4 1531 15 257298 0 4478 257298 1
gene 3 1393 433 367611 0 4734 367611 1
gene 2 1323 1683 665831 0 4950 665831 1
gene 2 1683 14 256769 0 4951 256769 1
gene 3 6 1735 71277 0 5103 71277 1
gene 3 1735 14 561507 0 5104 561507 1
gene 1 5 516 -162429 0 5346 -162429 1
gene 1 516 433 -551357 0 5443 -551357 1
gene 3 2 1875 -312513 0 5505 -312513 1
gene 3 1875 433 -539826 0 5506 -539826 1
gene 1 1683 461 -103119 0 5687 -103119 1
gene 1 516 121 409389 0 5877 409389 1
gene 3 3 2034 741123 0 5939 741123 0
gene 3 2034 697 -161064 0 5940 -161064 1
gene 3 5 1479 -188631 0 6157 -188631 1
gene 3 7 2142 -326484 0 6248 -326484 1
gene 3 2142 420 -800000 0 6249 -800000 1
gene 3 420 2172 -674175 0 6332 -674175 1
gene 3 2172 15 -718647 0 6333 -718647 1
gene 2 1735 1735 -800000 1 6388 -800000 1
gene 2 8 2206 -800000 0 6436 -800000 0
gene 2 2206 1393 268488 0 6437 268488 1
gene 2 121 2313 697103 0 6747 697103 0
gene 2 2313 420 -78705 0 6748 -78705 1
gene 2 9 2332 -587673 0 6797 -587673 1
gene 2 2332 1323 -569136 0 6798 -569136 1
gene 4 1323 2034 492588 0 6848 492588 1
gene 2 7 2368 763641 0 6897 763641 1
gene 2 2368 121 57681 0 6898 57681 1
gene 3 8 2412 -9606 0 7028 -9606 0
gene 3 2412 15 -126738 0 7029 -126738 1
gene 2 8 2430 231213 0 7088 231213 1
gene 2 2430 2206 -489563 0 7089 -489563 1
gene 2 121 2481 334026 0 7252 334026 0
gene 2 2481 2313 -538248 0 7253 -538248 1
gene 3 9 2494 -24528 0 7292 -24528 1
gene 3 2494 15 -575844 0 7293 -575844 1
gene 2 1479 384 -405294 0 7389 -405294 1
gene 2 121 2142 230313 0 7445 230313 1
gene 2 6 433 237660 0 7711 237660 1
gene 2 14 2768 -289479 1 8077 -289479 1
gene 2 2768 14 -251235 0 8078 -251235 1
gene 2 10 2783 -457353 0 8123 -457353 1
gene 2 2783 13 -219027 0 8124 -219027 1
gene 2 11 2799 -112263 0 8166 -112263 1
gene 2 2799 13 169086 0 8167 169086 1
gene 4 12 2880 -15321 0 8396 -15321 1
gene 4 2880 14 62793 0 8397 62793 1
gene 2 500 235 55734 0 8692 55734 1
gene 2 2332 2783 -71373 0 8834 -71373 1
gene 4 9 1393 -166635 0 8909 -166635 1
gene 2 1 384 206415 0 8970 206415 1
gene 4 235 3142 -471303 0 9204 -471303 1
gene 4 3142 14 -157101 0 9205 -157101 0
gene 3 11 2172 -163677 0 9230 -163677 1
gene 2 121 3225 -543924 0 9445 -543924 1
gene 2 3225 2481 46134 0 9446 46134 1
gene 4 3142 3236 -310083 0 9483 -310083 1
gene 4 3236 14 -95553 0 9484 -95553 1
gene 1 11 3236 -257137 0 9528 -257137 1
gene 3 8 3340 459330 0 9791 459330 1
gene 3 3340 2412 -45453 0 9792 -45453 1
gene 3 3 3377 -54756 0 9914 -54756 1
gene 3 3377 2034 110475 0 9915 110475 0
gene 2 2880 2880 227193 1 9954 227193 1
gene 3 1018 1683 -114471 0 10013 -114471 1
gene 3 3377 3449 -286328 0 10123 -286328 1
gene 3 3449 2034 57159 0 10124 57159 1
gene 3 2368 2799 -76427 0 10295 -76427 1
genomeend 38


/* Organism #43 Fitness: 290.000000 Time: 0 */
/* Position #43*/
#1 x: 54 y: 16
#2 x: 22 y: 17
#3 x: 30 y: 21
#4 x: 38 y: 63
#5 x: 53 y: 67
#6 x: 49 y: 73
genomestart 43
trait 1 43007.000000 16300.000000 6994.000000 28041.000000 57524.000000 37112.000000 87908.000000 80535.000000 trait 2 30533.000000 24215.000000 70868.000000 0.000000 0.000000 0.000000 0.000000 18399.000000 trait 3 0.000000 0.000000 44883.000000 66271.000000 11501.000000 0.000000 100000.000000 41343.000000 trait 4 4.000000 0.000000 0.000000 36940.000000 0.000000 0.000000 43316.000000 37957.000000 node 1 4 1 3
node 2 4 1 1
node 3 1 1 1
node 4 1 1 1
node 5 1 1 1
node 6 2 1 1
node 7 4 1 1
node 8 4 1 1
node 9 2 1 1
node 10 1 1 1
node 11 2 1 1
node 12 4 1 1
node 13 2 0 2
node 14 1 0 2
node 15 3 0 2
node 121 1 0 0
node 235 1 0 0
node 384 1 0 0
node 420 1 0 0
node 433 1 0 0
node 461 1 0 0
node 500 1 0 0
node 516 1 0 0
node 697 3 0 0
node 1018 1 0 0
node 1130 1 0 0
node 1323 3 0 0
node 1393 1 0 0
node 1479 1 0 0
node 1531 3 0 0
node 1683 1 0 0
node 1735 1 0 0
node 1875 1 0 0
node 2034 1 0 0
node 2142 1 0 0
node 2172 1 0 0
node 2206 1 0 0
node 2313 1 0 0
node 2332 1 0 0
node 2368 1 0 0
node 2491 1 0 0
node 2512 1 0 0
node 2530 1 0 0
node 2547 1 0 0
node 2692 1 0 0
node 2786 1 0 0
node 2912 1 0 0
node 3009 1 0 0
node 3108 1 0 0
node 3213 1 0 0
node 3249 1 0 0
node 3354 1 0 0
node 3379 1 0 0
node 3455 1 0 0
node 3508 1 0 0
gene 2 1 13 212301 0 1 212301 1
gene 3 2 13 138444 0 2 138444 1
gene 2 3 13 -140694 0 3 -140694 1
gene 3 4 13 146376 0 4 146376 1
gene 2 5 13 278277 0 5 278277 0
gene 4 6 13 512163 0 6 512163 1
gene 3 7 13 -441516 0 7 -441516 1
gene 2 8 13 458013 0 8 458013 0
gene 3 9 13 -325830 0 9 -325830 1
gene 2 10 13 -199764 0 10 -199764 0
gene 2 11 13 458564 0 11 458564 1
gene 4 12 13 -147363 0 12 -147363 1
gene 2 1 14 -16683 0 13 -16683 1
gene 2 2 14 -292938 0 14 -292938 1
gene 4 3 14 -648546 0 15 -648546 0
gene 4 4 14 71343 0 16 71343 0
gene 4 5 14 110766 0 17 110766 1
gene 3 6 14 530451 0 18 530451 0
gene 2 7 14 27636 0 19 27636 1
gene 1 8 14 -246306 0 20 -246306 0
gene 3 9 14 -604869 0 21 -604869 1
gene 1 10 14 67029 0 22 67029 1
gene 1 11 14 -119220 0 23 -119220 1
gene 4 12 14 -49704 0 24 -49704 1
gene 3 1 15 128637 0 25 128637 1
gene 3 2 15 783248 0 26 783248 1
gene 3 3 15 -582798 0 27 -582798 0
gene 3 4 15 -62619 0 28 -62619 1
gene 3 5 15 20403 0 29 20403 1
gene 1 6 15 312969 0 30 312969 1
gene 3 7 15 373785 0 31 373785 1
gene 3 8 15 -77907 0 32 -77907 1
gene 3 9 15 -111570 0 33 -111570 1
gene 3 10 15 402804 0 34 402804 0
gene 2 11 15 -308169 0 35 -308169 1
gene 4 12 15 -81573 0 36 -81573 0
gene 4 15 15 398352 1 174 398352 0
gene 3 8 121 8007 0 329 8007 0
gene 3 121 15 -617850 0 330 -617850 1
gene 2 5 121 -187365 0 438 -187365 1
gene 2 7 121 255891 0 483 255891 0
gene 4 4 235 92283 0 666 92283 1
gene 4 235 14 503046 0 667 503046 1
gene 1 1 235 459408 0 753 459408 1
gene 3 9 235 -198813 0 1108 -198813 1
gene 3 10 384 800000 0 1126 800000 1
gene 3 384 15 468654 0 1127 468654 1
gene 2 14 14 373098 1 1197 373098 1
gene 3 7 420 -338313 0 1239 -338313 0
gene 3 420 15 -39591 0 1240 -39591 0
gene 3 2 433 -192879 0 1284 -192879 1
gene 3 433 13 700001 0 1285 700001 1
gene 4 3 461 -800000 0 1352 -800000 1
gene 4 461 14 -88203 0 1353 -88203 1
gene 4 15 500 257487 1 1453 257487 1
gene 4 500 15 -442356 0 1454 -442356 0
gene 1 8 516 -566391 0 1500 -566391 1
gene 1 516 14 -38814 0 1501 -38814 0
gene 1 384 121 513831 0 1548 513831 1
gene 2 8 461 435237 0 1965 435237 1
gene 3 3 697 -83331 0 2038 -83331 1
gene 3 697 15 -562509 0 2039 -562509 1
gene 2 1 500 -100815 0 2133 -100815 1
gene 1 3 433 -81522 0 2628 -81522 1
gene 1 516 516 -552084 1 2664 -552084 1
gene 3 8 1018 -100077 0 2997 -100077 1
gene 3 1018 121 386408 0 2998 386408 0
gene 3 15 433 -415434 0 3156 -415434 1
gene 1 10 1130 -232536 0 3329 -232536 1
gene 1 1130 14 -48012 0 3330 -48012 1
gene 3 500 697 -74094 0 3371 -74094 1
gene 2 3 516 300783 0 3603 300783 1
gene 2 9 1323 -298950 0 3885 -298950 0
gene 2 1323 14 223428 0 3886 223428 0
gene 2 121 420 -298893 0 3959 -298893 1
gene 2 8 1393 498729 0 4093 498729 1
gene 2 1393 13 44439 0 4094 44439 1
gene 1 11 1479 461997 0 4325 461997 0
gene 1 1479 14 492852 0 4326 492852 1
gene 4 12 1531 174033 0 4477 174033 1
gene 4 1531 15 -52788 0 4478 -52788 1
gene 3 1393 433 -416895 0 4734 -416895 1
gene 2 1323 1683 -123189 0 4950 -123189 1
gene 2 1683 14 -243930 0 4951 -243930 1
gene 3 6 1735 407043 0 5103 407043 1
gene 3 1735 14 -133014 0 5104 -133014 1
gene 1 5 516 206550 0 5346 206550 1
gene 1 516 433 800000 0 5443 800000 1
gene 3 2 1875 118992 0 5505 118992 1
gene 3 1875 433 800000 0 5506 800000 1
gene 1 1683 461 266262 0 5687 266262 0
gene 1 516 121 180309 0 5877 180309 1
gene 3 3 2034 -800000 0 5939 -800000 1
gene 3 2034 697 -95649 0 5940 -95649 1
gene 3 5 1479 -165264 0 6157 -165264 1
gene 3 7 2142 -143607 0 6248 -143607 1
gene 3 2142 420 -38748 0 6249 -38748 1
gene 3 420 2172 -580250 0 6332 -580250 1
gene 3 2172 15 21537 0 6333 21537 1
gene 2 1735 1735 653097 1 6388 653097 1
gene 2 8 2206 277548 0 6436 277548 0
gene 2 2206 1393 162678 0 6437 162678 1
gene 2 121 2313 48372 0 6747 48372 1
gene 2 2313 420 -89640 0 6748 -89640 1
gene 2 9 2332 -704645 0 6797 -704645 0
gene 2 2332 1323 217497 0 6798 217497 1
gene 4 1323 2034 -364218 0 6848 -364218 1
gene 2 7 2368 -797324 0 6897 -797324 1
gene 2 2368 121 -370983 0 6898 -370983 1
gene 2 384 1531 -504407 0 7018 -504407 1
gene 2 2142 1018 230775 0 7205 230775 0
gene 3 2206 2034 51885 0 7245 51885 1
gene 2 7 2491 211026 0 7283 211026 1
gene 2 2491 2368 -184302 0 7284 -184302 1
gene 2 5 2512 -312378 0 7337 -312378 1
gene 2 2512 13 394425 0 7338 394425 0
gene 2 10 2530 -800000 0 7387 -800000 1
gene 2 2530 13 -670689 0 7388 -670689 1
gene 3 9 2547 -423219 0 7440 -423219 1
gene 3 2547 13 299187 0 7441 299187 1
gene 2 2530 1479 329721 0 7594 329721 1
gene 1 1479 2692 139920 0 7856 139920 1
gene 1 2692 14 -204852 0 7857 -204852 0
gene 3 4 1130 -372714 0 7980 -372714 1
gene 4 3 2786 -366222 0 8132 -366222 1
gene 4 2786 14 98127 0 8133 98127 1
gene 4 2547 1735 -800000 0 8311 -800000 1
gene 3 2692 461 137355 0 8358 137355 1
gene 4 500 2912 3756 0 8507 3756 1
gene 1 2912 15 112656 0 8508 112656 1
gene 1 2912 1130 560427 0 8750 560427 1
gene 2 2142 3009 -287643 0 8799 -287643 1
gene 2 3009 1018 308010 0 8800 308010 1
gene 3 2034 2034 187983 1 8851 187983 1
gene 2 2512 3108 -138054 0 9104 -138054 1
gene 2 3108 13 -167157 0 9105 -167157 1
gene 1 2491 235 -15831 0 9236 -15831 1
gene 2 9 3213 210450 0 9416 210450 1
gene 2 3213 2332 -185589 0 9417 -185589 1
gene 1 516 3249 -14205 0 9516 -14205 1
gene 1 3249 14 -274500 0 9517 -274500 1
gene 4 3 1393 -723823 0 9617 -723823 1
gene 2 3108 2912 -432618 0 9658 -432618 1
gene 1 1683 3354 24210 0 9826 24210 1
gene 1 3354 461 -800000 0 9827 -800000 1
gene 1 2692 3379 -162983 0 9920 -162983 1
gene 1 3379 14 -112008 0 9921 -112008 1
gene 2 10 2547 277254 0 9957 277254 1
gene 4 2530 2530 1501 1 10098 1501 1
gene 2 8 3455 269436 0 10143 269436 1
gene 2 3455 2206 34821 0 10144 34821 1
gene 1 11 3508 1 0 10302 0 1
gene 1 3508 1479 461997 0 10303 0 1
genomeend 43


/* Organism #61 Fitness: 220.000000 Time: 0 */
/* Position #61*/
#1 x: 80 y: 27
#2 x: 55 y: 25
#3 x: 68 y: 40
#4 x: 30 y: 62
#5 x: 62 y: 76
#6 x: 29 y: 78
genomestart 61
trait 1 43007.000000 16300.000000 6994.000000 28041.000000 57524.000000 37112.000000 87908.000000 80535.000000 trait 2 0.000000 0.000000 100000.000000 95786.000000 51940.000000 0.000000 0.000000 62181.000000 trait 3 0.000000 0.000000 0.000000 51304.000000 0.000000 13538.000000 70969.000000 30146.000000 trait 4 4.000000 0.000000 0.000000 36940.000000 0.000000 0.000000 0.000000 0.000000 node 1 4 1 3
node 2 4 1 1
node 3 1 1 1
node 4 1 1 1
node 5 1 1 1
node 6 2 1 1
node 7 4 1 1
node 8 4 1 1
node 9 2 1 1
node 10 1 1 1
node 11 2 1 1
node 12 4 1 1
node 13 2 0 2
node 14 1 0 2
node 15 3 0 2
node 121 1 0 0
node 235 1 0 0
node 384 1 0 0
node 420 1 0 0
node 433 1 0 0
node 461 1 0 0
node 500 1 0 0
node 516 1 0 0
node 697 3 0 0
node 1018 1 0 0
node 1130 1 0 0
node 1323 3 0 0
node 1393 1 0 0
node 1479 1 0 0
node 1531 4 0 0
node 1683 1 0 0
node 1735 1 0 0
node 1875 1 0 0
node 2034 1 0 0
node 2142 1 0 0
node 2172 1 0 0
node 2206 1 0 0
node 2313 1 0 0
node 2332 1 0 0
node 2368 3 0 0
node 2491 1 0 0
node 2512 1 0 0
node 2530 1 0 0
node 2547 1 0 0
node 2692 1 0 0
node 2786 1 0 0
node 2915 1 0 0
node 3042 1 0 0
node 3079 1 0 0
node 3409 1 0 0
gene 2 1 13 260364 0 1 260364 1
gene 3 2 13 -202308 0 2 -202308 1
gene 2 3 13 -600078 0 3 -600078 1
gene 3 4 13 691038 0 4 691038 1
gene 2 5 13 119322 0 5 119322 0
gene 4 6 13 18909 0 6 18909 1
gene 3 7 13 -22479 0 7 -22479 1
gene 2 8 13 56271 0 8 56271 0
gene 3 9 13 -199160 0 9 -199160 1
gene 2 10 13 -323579 0 10 -323579 0
gene 2 11 13 -753345 0 11 -753345 1
gene 4 12 13 645485 0 12 645485 1
gene 2 1 14 197541 0 13 197541 1
gene 2 2 14 374597 0 14 374597 1
gene 4 3 14 -292278 0 15 -292278 1
gene 4 4 14 784088 0 16 784088 1
gene 4 5 14 800000 0 17 800000 1
gene 3 6 14 -157362 0 18 -157362 0
gene 2 7 14 129510 0 19 129510 1
gene 1 8 14 -108513 0 20 -108513 0
gene 3 9 14 -234267 0 21 -234267 1
gene 1 10 14 -450828 0 22 -450828 1
gene 1 11 14 -480372 0 23 -480372 1
gene 3 12 14 -340962 0 24 -340962 1
gene 3 1 15 -520806 0 25 -520806 1
gene 3 2 15 -115401 0 26 -115401 1
gene 3 3 15 -98202 0 27 -98202 0
gene 3 4 15 646260 0 28 646260 1
gene 3 5 15 302031 0 29 302031 1
gene 1 6 15 -309143 0 30 -309143 1
gene 3 7 15 366524 0 31 366524 1
gene 3 8 15 242460 0 32 242460 1
gene 3 9 15 -255240 0 33 -255240 1
gene 3 10 15 -89910 0 34 -89910 1
gene 2 11 15 -163533 0 35 -163533 1
gene 4 12 15 -261357 0 36 -261357 1
gene 4 15 15 37635 1 174 37635 1
gene 3 8 121 -197754 0 329 -197754 1
gene 3 121 15 -428259 0 330 -428259 1
gene 2 5 121 -430138 0 438 -430138 0
gene 2 7 121 -393684 0 483 -393684 0
gene 4 4 235 230598 0 666 230598 1
gene 4 235 14 463616 0 667 463616 1
gene 1 1 235 534954 0 753 534954 1
gene 3 9 235 209316 0 1108 209316 1
gene 3 10 384 -148530 0 1126 -148530 1
gene 3 384 15 -201456 0 1127 -201456 1
gene 2 14 14 402627 1 1197 402627 1
gene 3 7 420 136554 0 1239 136554 0
gene 3 420 15 800000 0 1240 800000 0
gene 3 2 433 -420587 0 1284 -420587 1
gene 3 433 13 374175 0 1285 374175 1
gene 4 3 461 455157 0 1352 455157 1
gene 4 461 14 -151590 0 1353 -151590 1
gene 4 15 500 -455714 1 1453 -455714 1
gene 4 500 15 298070 0 1454 298070 1
gene 1 8 516 -55611 0 1500 -55611 1
gene 1 516 14 -129660 0 1501 -129660 1
gene 1 384 121 66093 0 1548 66093 1
gene 2 8 461 50718 0 1965 50718 1
gene 3 3 697 17118 0 2038 17118 1
gene 3 697 15 -538902 0 2039 -538902 1
gene 2 1 500 800000 0 2133 800000 1
gene 1 3 433 277485 0 2628 277485 1
gene 1 516 516 -800000 1 2664 -800000 1
gene 3 8 1018 -99687 0 2997 -99687 1
gene 3 1018 121 214500 0 2998 214500 0
gene 3 15 433 -349500 0 3156 -349500 1
gene 1 10 1130 -248208 0 3329 -248208 1
gene 1 1130 14 196476 0 3330 196476 1
gene 3 500 697 300126 0 3371 300126 1
gene 2 3 516 -144085 0 3603 -144085 0
gene 2 9 1323 -314016 0 3885 -314016 0
gene 2 1323 14 -150929 0 3886 -150929 1
gene 2 121 420 21477 0 3959 21477 1
gene 2 8 1393 -800000 0 4093 -800000 1
gene 2 1393 13 -51317 0 4094 -51317 1
gene 1 11 1479 26106 0 4325 26106 1
gene 1 1479 14 -262596 0 4326 -262596 1
gene 4 12 1531 -575970 0 4477 -575970 1
gene 4 1531 15 25512 0 4478 25512 1
gene 3 1393 433 -294836 0 4734 -294836 1
gene 2 1323 1683 -459122 0 4950 -459122 1
gene 2 1683 14 173659 0 4951 173659 1
gene 3 6 1735 -202758 0 5103 -202758 1
gene 3 1735 14 -290205 0 5104 -290205 1
gene 1 5 516 319782 0 5346 319782 1
gene 1 516 433 181020 0 5443 181020 1
gene 3 2 1875 73809 0 5505 73809 1
gene 3 1875 433 236073 0 5506 236073 1
gene 1 1683 461 174819 0 5687 174819 1
gene 1 516 121 -512393 0 5877 -512393 1
gene 3 3 2034 -61047 0 5939 -61047 1
gene 3 2034 697 228963 0 5940 228963 1
gene 3 5 1479 395355 0 6157 395355 1
gene 3 7 2142 -18552 0 6248 -18552 1
gene 3 2142 420 241923 0 6249 241923 1
gene 3 420 2172 56523 0 6332 56523 1
gene 3 2172 15 594546 0 6333 594546 1
gene 2 1735 1735 501861 1 6388 501861 1
gene 2 8 2206 47871 0 6436 47871 1
gene 2 2206 1393 654411 0 6437 654411 1
gene 2 121 2313 -593757 0 6747 -593757 1
gene 2 2313 420 501216 0 6748 501216 1
gene 2 9 2332 -377325 0 6797 -377325 1
gene 2 2332 1323 -153504 0 6798 -153504 1
gene 4 1323 2034 352878 0 6848 352878 1
gene 2 7 2368 -343149 0 6897 -343149 1
gene 2 2368 121 -201162 0 6898 -201162 1
gene 2 384 1531 135342 0 7018 135342 1
gene 2 2142 1018 183003 0 7205 183003 1
gene 3 2206 2034 -124431 0 7245 -124431 1
gene 2 7 2491 244200 0 7283 244200 1
gene 2 2491 2368 273915 0 7284 273915 1
gene 2 5 2512 -168189 0 7337 -168189 1
gene 2 2512 13 -472419 0 7338 -472419 1
gene 2 10 2530 -78234 0 7387 -78234 1
gene 2 2530 13 367017 0 7388 367017 1
gene 3 9 2547 -7989 0 7440 -7989 1
gene 3 2547 13 103530 0 7441 103530 1
gene 2 2530 1479 -418950 0 7594 -418950 1
gene 1 1479 2692 -334268 0 7856 -334268 0
gene 1 2692 14 672252 0 7857 672252 1
gene 3 4 1130 -247161 0 7980 -247161 1
gene 4 3 2786 248829 0 8132 248829 1
gene 4 2786 14 221136 0 8133 221136 1
gene 3 384 384 197823 1 8429 197823 1
gene 2 3 2915 123204 0 8516 123204 1
gene 2 2915 516 -315153 0 8517 -315153 1
gene 4 433 433 -539571 1 8562 -539571 1
gene 2 2547 1479 359670 0 8709 359670 0
gene 3 2206 1683 83733 0 8777 83733 1
gene 2 5 3042 115821 0 8890 115821 1
gene 2 3042 121 115674 0 8891 115674 1
gene 1 1479 3079 -75105 0 9004 -75105 1
gene 1 3079 2692 59790 0 9005 59790 1
gene 4 516 2547 198129 0 9030 198129 1
gene 3 1875 2915 73665 0 9219 73665 1
gene 2 2 420 -147708 0 9364 -147708 1
gene 2 1735 1531 800000 0 9549 800000 1
gene 4 9 697 -2535 0 9875 -2535 1
gene 4 12 2786 -94083 0 9948 -94083 1
gene 2 2547 3409 66198 0 10007 66198 1
gene 2 3409 1479 -222876 0 10008 -222876 1
gene 2 2206 2206 61422 1 10238 61422 1
genomeend 61


/* Organism #76 Fitness: 240.000000 Time: 0 */
/* Position #76*/
#1 x: 32 y: 16
#2 x: 20 y: 33
#3 x: 50 y: 40
#4 x: 25 y: 71
#5 x: 37 y: 70
#6 x: 46 y: 68
genomestart 76
trait 1 43007.000000 16300.000000 6994.000000 28041.000000 57524.000000 37112.000000 87908.000000 80535.000000 trait 2 0.000000 43855.000000 0.000000 95786.000000 51940.000000 72099.000000 50358.000000 23911.000000 trait 3 0.000000 0.000000 0.000000 51304.000000 0.000000 13538.000000 70969.000000 30146.000000 trait 4 4.000000 0.000000 0.000000 36940.000000 0.000000 0.000000 43316.000000 37957.000000 node 1 4 1 3
node 2 4 1 1
node 3 1 1 1
node 4 1 1 1
node 5 1 1 1
node 6 2 1 1
node 7 4 1 1
node 8 4 1 1
node 9 2 1 1
node 10 1 1 1
node 11 2 1 1
node 12 4 1 1
node 13 2 0 2
node 14 1 0 2
node 15 3 0 2
node 121 1 0 0
node 235 1 0 0
node 384 1 0 0
node 420 1 0 0
node 433 1 0 0
node 461 1 0 0
node 500 1 0 0
node 516 1 0 0
node 697 3 0 0
node 1018 1 0 0
node 1130 1 0 0
node 1323 3 0 0
node 1393 1 0 0
node 1479 1 0 0
node 1531 4 0 0
node 1683 1 0 0
node 1735 1 0 0
node 1875 1 0 0
node 2034 1 0 0
node 2142 1 0 0
node 2172 1 0 0
node 2206 1 0 0
node 2313 1 0 0
node 2332 1 0 0
node 2368 3 0 0
node 2491 1 0 0
node 2512 1 0 0
node 2530 1 0 0
node 2547 1 0 0
node 2692 1 0 0
node 2786 1 0 0
node 2915 1 0 0
node 3042 1 0 0
node 3079 1 0 0
node 3409 1 0 0
gene 2 1 13 -597159 0 1 -597159 1
gene 3 2 13 560205 0 2 560205 1
gene 2 3 13 53427 0 3 53427 1
gene 3 4 13 -192546 0 4 -192546 1
gene 2 5 13 -272442 0 5 -272442 0
gene 4 6 13 28095 0 6 28095 1
gene 3 7 13 54966 0 7 54966 1
gene 2 8 13 498729 0 8 498729 0
gene 3 9 13 -709358 0 9 -709358 1
gene 2 10 13 252661 0 10 252661 0
gene 2 11 13 -252351 0 11 -252351 1
gene 4 12 13 456086 0 12 456086 1
gene 2 1 14 -129696 0 13 -129696 1
gene 2 2 14 114492 0 14 114492 1
gene 4 3 14 86664 0 15 86664 1
gene 4 4 14 -9171 0 16 -9171 1
gene 4 5 14 682851 0 17 682851 1
gene 3 6 14 399156 0 18 399156 0
gene 2 7 14 788694 0 19 788694 1
gene 1 8 14 109182 0 20 109182 0
gene 3 9 14 247092 0 21 247092 1
gene 1 10 14 480822 0 22 480822 1
gene 1 11 14 -800000 0 23 -800000 1
gene 3 12 14 775974 0 24 775974 1
gene 3 1 15 186627 0 25 186627 1
gene 3 2 15 -64074 0 26 -64074 1
gene 3 3 15 -103616 0 27 -103616 0
gene 3 4 15 -100629 0 28 -100629 1
gene 3 5 15 279447 0 29 279447 1
gene 1 6 15 132447 0 30 132447 1
gene 3 7 15 225947 0 31 225947 1
gene 3 8 15 587376 0 32 587376 1
gene 3 9 15 -100194 0 33 -100194 1
gene 3 10 15 34986 0 34 34986 1
gene 2 11 15 -545480 0 35 -545480 1
gene 4 12 15 -66642 0 36 -66642 1
gene 4 15 15 -291660 1 174 -291660 1
gene 3 8 121 502515 0 329 502515 1
gene 3 121 15 138153 0 330 138153 1
gene 2 5 121 -447088 0 438 -447088 0
gene 2 7 121 119868 0 483 119868 0
gene 4 4 235 -219624 0 666 -219624 1
gene 4 235 14 49580 0 667 49580 1
gene 1 1 235 167232 0 753 167232 1
gene 3 9 235 -103746 0 1108 -103746 1
gene 3 10 384 403054 0 1126 403054 1
gene 3 384 15 -39957 0 1127 -39957 1
gene 2 14 14 211227 1 1197 211227 1
gene 3 7 420 -581721 0 1239 -581721 0
gene 3 420 15 217329 0 1240 217329 0
gene 3 2 433 -561686 0 1284 -561686 1
gene 3 433 13 576261 0 1285 576261 1
gene 4 3 461 162897 0 1352 162897 1
gene 4 461 14 -110751 0 1353 -110751 1
gene 4 15 500 -105927 1 1453 -105927 1
gene 4 500 15 632252 0 1454 632252 1
gene 1 8 516 -261597 0 1500 -261597 1
gene 1 516 14 138246 0 1501 138246 1
gene 1 384 121 -290721 0 1548 -290721 1
gene 2 8 461 386502 0 1965 386502 1
gene 3 3 697 331050 0 2038 331050 1
gene 3 697 15 128238 0 2039 128238 1
gene 2 1 500 800000 0 2133 800000 1
gene 1 3 433 -154344 0 2628 -154344 1
gene 1 516 516 -126246 1 2664 -126246 1
gene 3 8 1018 -203520 0 2997 -203520 1
gene 3 1018 121 504900 0 2998 504900 0
gene 3 15 433 -345057 0 3156 -345057 1
gene 1 10 1130 320832 0 3329 320832 1
gene 1 1130 14 740421 0 3330 740421 1
gene 3 500 697 306417 0 3371 306417 1
gene 2 3 516 164177 0 3603 164177 0
gene 2 9 1323 -223752 0 3885 -223752 0
gene 2 1323 14 -169917 0 3886 -169917 1
gene 2 121 420 358787 0 3959 358787 1
gene 2 8 1393 85485 0 4093 85485 1
gene 2 1393 13 188664 0 4094 188664 1
gene 1 11 1479 -214833 0 4325 -214833 1
gene 1 1479 14 93243 0 4326 93243 1
gene 4 12 1531 66270 0 4477 66270 1
gene 4 1531 15 -184920 0 4478 -184920 1
gene 3 1393 433 -356825 0 4734 -356825 1
gene 2 1323 1683 -476382 0 4950 -476382 1
gene 2 1683 14 -365780 0 4951 -365780 1
gene 3 6 1735 31509 0 5103 31509 1
gene 3 1735 14 -49455 0 5104 -49455 1
gene 1 5 516 -34194 0 5346 -34194 1
gene 1 516 433 -428376 0 5443 -428376 1
gene 3 2 1875 -120162 0 5505 -120162 1
gene 3 1875 433 -189570 0 5506 -189570 1
gene 1 1683 461 -626856 0 5687 -626856 1
gene 1 516 121 8499 0 5877 8499 1
gene 3 3 2034 266868 0 5939 266868 1
gene 3 2034 697 340815 0 5940 340815 1
gene 3 5 1479 -273078 0 6157 -273078 1
gene 3 7 2142 293403 0 6248 293403 1
gene 3 2142 420 -293388 0 6249 -293388 1
gene 3 420 2172 389574 0 6332 389574 1
gene 3 2172 15 59877 0 6333 59877 1
gene 2 1735 1735 -21180 1 6388 -21180 1
gene 2 8 2206 6642 0 6436 6642 1
gene 2 2206 1393 296601 0 6437 296601 1
gene 2 121 2313 -800000 0 6747 -800000 1
gene 2 2313 420 -246483 0 6748 -246483 1
gene 2 9 2332 -594308 0 6797 -594308 1
gene 2 2332 1323 -354183 0 6798 -354183 1
gene 4 1323 2034 85701 0 6848 85701 1
gene 2 7 2368 380679 0 6897 380679 1
gene 2 2368 121 193440 0 6898 193440 1
gene 2 384 1531 -141162 0 7018 -141162 1
gene 2 2142 1018 -160560 0 7205 -160560 1
gene 3 2206 2034 -170889 0 7245 -170889 1
gene 2 7 2491 -104999 0 7283 -104999 1
gene 2 2491 2368 -342183 0 7284 -342183 1
gene 2 5 2512 215355 0 7337 215355 1
gene 2 2512 13 74286 0 7338 74286 1
gene 2 10 2530 800000 0 7387 800000 1
gene 2 2530 13 -800000 0 7388 -800000 1
gene 3 9 2547 -212664 0 7440 -212664 1
gene 3 2547 13 -53925 0 7441 -53925 1
gene 2 2530 1479 -33357 0 7594 -33357 1
gene 1 1479 2692 -211323 0 7856 -211323 0
gene 1 2692 14 252972 0 7857 252972 1
gene 3 4 1130 207798 0 7980 207798 1
gene 4 3 2786 53526 0 8132 53526 1
gene 4 2786 14 252561 0 8133 252561 1
gene 3 384 384 166275 1 8429 166275 1
gene 2 3 2915 -77193 0 8516 -77193 1
gene 2 2915 516 143085 0 8517 143085 1
gene 4 433 433 -419433 1 8562 -419433 1
gene 2 2547 1479 -398520 0 8709 -398520 0
gene 3 2206 1683 -322005 0 8777 -322005 1
gene 2 5 3042 -193974 0 8890 -193974 1
gene 2 3042 121 -67266 0 8891 -67266 1
gene 1 1479 3079 70254 0 9004 70254 1
gene 1 3079 2692 390819 0 9005 390819 1
gene 4 516 2547 -293916 0 9030 -293916 1
gene 3 1875 2915 243768 0 9219 243768 1
gene 2 2 420 -56955 0 9364 -56955 1
gene 2 1735 1531 -133518 0 9549 -133518 1
gene 4 9 697 -116595 0 9875 -116595 1
gene 4 12 2786 161652 0 9948 161652 1
gene 2 2547 3409 -3990 0 10007 -3990 1
gene 2 3409 1479 525705 0 10008 525705 1
gene 2 8 500 233133 0 10064 233133 1
genomeend 76


