/* Organism #0 Fitness: 420.000000 Time: 0 */
/* Position #0*/
#1 x: 25 y: 27
#2 x: 22 y: 19
#3 x: 72 y: 17
#4 x: 27 y: 69
#5 x: 32 y: 78
#6 x: 41 y: 62
genomestart 0
trait 1 1.000000 0.000000 0.000000 0.000000 0.000000 0.000000 0.000000 0.000000 trait 2 2.000000 42160.000000 0.000000 0.000000 0.000000 0.000000 0.000000 0.000000 trait 3 3.000000 0.000000 0.000000 0.000000 0.000000 0.000000 0.000000 0.000000 trait 4 4.000000 0.000000 0.000000 0.000000 0.000000 0.000000 0.000000 0.000000 node 1 4 1 3
node 2 2 1 1
node 3 4 1 1
node 4 2 1 1
node 5 4 1 1
node 6 3 1 1
node 7 2 1 1
node 8 1 1 1
node 9 4 1 1
node 10 1 1 1
node 11 1 1 1
node 12 4 1 1
node 13 3 0 2
node 14 1 0 2
node 15 4 0 2
node 71 1 0 0
node 289 1 0 0
node 317 1 0 0
node 368 1 0 0
node 389 1 0 0
node 467 1 0 0
node 555 1 0 0
node 573 1 0 0
node 587 1 0 0
node 651 1 0 0
gene 4 1 13 -35355 0 1 -35355 1
gene 3 2 13 -800000 0 2 -800000 1
gene 2 3 13 105321 0 3 105321 0
gene 4 4 13 800000 0 4 800000 1
gene 2 5 13 27054 0 5 27054 0
gene 3 6 13 -424265 0 6 -424265 1
gene 1 7 13 -534515 0 7 -534515 1
gene 1 8 13 -800000 0 8 -800000 1
gene 1 9 13 -133542 0 9 -133542 1
gene 2 10 13 -413451 0 10 -413451 1
gene 3 11 13 -607044 0 11 -607044 1
gene 3 12 13 124059 0 12 124059 1
gene 1 1 14 429507 0 13 429507 1
gene 1 2 14 800000 0 14 800000 1
gene 3 3 14 120228 0 15 120228 0
gene 1 4 14 -800000 0 16 -800000 1
gene 1 5 14 44733 0 17 44733 1
gene 1 6 14 91614 0 18 91614 1
gene 1 7 14 346188 0 19 346188 0
gene 2 8 14 -551699 0 20 -551699 1
gene 2 9 14 800000 0 21 800000 0
gene 1 10 14 -104631 0 22 -104631 1
gene 3 11 14 -163770 0 23 -163770 1
gene 2 12 14 -218494 0 24 -218494 1
gene 3 1 15 -608295 0 25 -608295 1
gene 2 2 15 689589 0 26 689589 1
gene 4 3 15 425844 0 27 425844 0
gene 2 4 15 130887 0 28 130887 1
gene 2 5 15 533973 0 29 533973 1
gene 1 6 15 23367 0 30 23367 1
gene 4 7 15 -90627 0 31 -90627 0
gene 2 8 15 -612855 0 32 -612855 0
gene 2 9 15 548529 0 33 548529 1
gene 1 10 15 266031 0 34 266031 1
gene 3 11 15 166704 0 35 166704 1
gene 1 12 15 158895 0 36 158895 1
gene 4 3 71 454044 0 201 454044 1
gene 3 71 14 -601605 0 202 -601605 0
gene 1 13 13 -597246 1 248 -597246 1
gene 2 13 15 -34545 0 413 -34545 1
gene 4 10 71 401868 0 454 401868 1
gene 1 7 71 -77010 0 542 -77010 1
gene 4 8 71 -77184 0 717 -77184 1
gene 4 71 71 396093 1 769 396093 1
gene 4 3 289 -192447 0 858 -192447 0
gene 4 289 15 -363366 0 859 -363366 1
gene 3 289 14 -125490 0 897 -125490 1
gene 4 3 317 -49947 0 942 -49947 1
gene 4 317 289 800000 0 943 800000 1
gene 2 8 368 346143 0 1081 346143 1
gene 2 368 15 -185916 0 1082 -185916 1
gene 2 5 389 -171417 0 1147 -171417 1
gene 2 389 13 -326097 0 1148 -326097 1
gene 2 3 467 156472 0 1387 156472 1
gene 2 467 13 388356 0 1388 388356 1
gene 3 467 14 -16224 0 1499 -16224 1
gene 1 8 467 25185 0 1566 25185 1
gene 1 7 555 -140574 0 1657 -140574 1
gene 1 555 14 598731 0 1658 598731 1
gene 2 9 573 1 0 1712 1 1
gene 2 573 14 211524 0 1713 211524 1
gene 3 71 587 272833 0 1761 272833 1
gene 3 587 14 -84909 0 1762 -84909 1
gene 1 467 467 76775 1 1858 76775 1
gene 2 467 15 20567 0 1909 20567 1
gene 4 7 651 21775 0 1966 21775 1
gene 4 651 15 -8490 0 1967 -8490 1
genomeend 0


/* Organism #2 Fitness: 560.000000 Time: 0 */
/* Position #2*/
#1 x: 32 y: 21
#2 x: 70 y: 34
#3 x: 45 y: 21
#4 x: 29 y: 74
#5 x: 58 y: 75
#6 x: 69 y: 69
genomestart 2
trait 1 1.000000 0.000000 0.000000 0.000000 0.000000 0.000000 0.000000 0.000000 trait 2 2.000000 42160.000000 0.000000 0.000000 0.000000 0.000000 0.000000 0.000000 trait 3 3.000000 0.000000 0.000000 0.000000 0.000000 0.000000 0.000000 0.000000 trait 4 4.000000 0.000000 0.000000 0.000000 0.000000 0.000000 0.000000 0.000000 node 1 4 1 3
node 2 2 1 1
node 3 4 1 1
node 4 2 1 1
node 5 4 1 1
node 6 3 1 1
node 7 2 1 1
node 8 1 1 1
node 9 4 1 1
node 10 1 1 1
node 11 1 1 1
node 12 4 1 1
node 13 3 0 2
node 14 1 0 2
node 15 4 0 2
node 71 1 0 0
node 289 1 0 0
node 317 1 0 0
node 368 1 0 0
node 389 1 0 0
node 467 1 0 0
node 555 1 0 0
node 573 1 0 0
node 587 1 0 0
node 651 1 0 0
gene 4 1 13 77604 0 1 77604 1
gene 3 2 13 -739475 0 2 -739475 1
gene 2 3 13 175365 0 3 175365 0
gene 4 4 13 800000 0 4 800000 1
gene 2 5 13 88674 0 5 88674 0
gene 3 6 13 -569195 0 6 -569195 1
gene 1 7 13 -251309 0 7 -251309 1
gene 1 8 13 -800000 0 8 -800000 1
gene 1 9 13 125406 0 9 125406 1
gene 2 10 13 -446187 0 10 -446187 1
gene 3 11 13 -401844 0 11 -401844 1
gene 3 12 13 55425 0 12 55425 1
gene 1 1 14 282897 0 13 282897 1
gene 1 2 14 800000 0 14 800000 1
gene 3 3 14 309843 0 15 309843 0
gene 1 4 14 -659094 0 16 -659094 1
gene 1 5 14 -143502 0 17 -143502 1
gene 1 6 14 27978 0 18 27978 1
gene 1 7 14 419439 0 19 419439 0
gene 2 8 14 -314783 0 20 -314783 1
gene 2 9 14 800000 0 21 800000 0
gene 1 10 14 -54015 0 22 -54015 1
gene 3 11 14 -378042 0 23 -378042 1
gene 2 12 14 -264481 0 24 -264481 1
gene 3 1 15 -591930 0 25 -591930 1
gene 2 2 15 489669 0 26 489669 1
gene 4 3 15 486948 0 27 486948 0
gene 2 4 15 398232 0 28 398232 1
gene 2 5 15 361710 0 29 361710 1
gene 1 6 15 145005 0 30 145005 1
gene 4 7 15 -280854 0 31 -280854 0
gene 2 8 15 -370899 0 32 -370899 0
gene 2 9 15 516489 0 33 516489 1
gene 1 10 15 442506 0 34 442506 1
gene 3 11 15 200436 0 35 200436 1
gene 1 12 15 -82146 0 36 -82146 1
gene 4 3 71 506739 0 201 506739 1
gene 3 71 14 -511587 0 202 -511587 0
gene 1 13 13 -530736 1 248 -530736 1
gene 2 13 15 -211590 0 413 -211590 1
gene 4 10 71 659862 0 454 659862 1
gene 1 7 71 -293172 0 542 -293172 1
gene 4 8 71 -239778 0 717 -239778 1
gene 4 71 71 347316 1 769 347316 1
gene 4 3 289 -355176 0 858 -355176 0
gene 4 289 15 -138657 0 859 -138657 1
gene 3 289 14 172080 0 897 172080 1
gene 4 3 317 97440 0 942 97440 1
gene 4 317 289 753230 0 943 753230 1
gene 2 8 368 302337 0 1081 302337 1
gene 2 368 15 -196626 0 1082 -196626 1
gene 2 5 389 -158733 0 1147 -158733 1
gene 2 389 13 -249573 0 1148 -249573 1
gene 2 3 467 -120770 0 1387 -120770 1
gene 2 467 13 227496 0 1388 227496 1
gene 3 467 14 74016 0 1499 74016 1
gene 1 8 467 25185 0 1566 25185 1
gene 1 7 555 -265488 0 1657 -265488 1
gene 1 555 14 335124 0 1658 335124 1
gene 2 9 573 1 0 1712 1 1
gene 2 573 14 211524 0 1713 211524 1
gene 3 71 587 1 0 1761 1 1
gene 3 587 14 -274827 0 1762 -274827 1
gene 1 467 467 76775 1 1858 76775 1
gene 2 467 15 20567 0 1909 20567 1
gene 4 7 651 1 0 1966 0 1
gene 4 651 15 -280854 0 1967 0 1
gene 4 8 573 -83395 0 2012 -83395 1
genomeend 2


/* Organism #3 Fitness: 280.000000 Time: 0 */
/* Position #3*/
#1 x: 32 y: 21
#2 x: 70 y: 34
#3 x: 45 y: 21
#4 x: 29 y: 74
#5 x: 58 y: 75
#6 x: 69 y: 69
genomestart 3
trait 1 1.000000 0.000000 0.000000 0.000000 0.000000 0.000000 0.000000 0.000000 trait 2 2.000000 0.000000 0.000000 0.000000 0.000000 0.000000 0.000000 0.000000 trait 3 3.000000 0.000000 0.000000 0.000000 0.000000 0.000000 0.000000 0.000000 trait 4 87559.000000 0.000000 0.000000 0.000000 0.000000 0.000000 48508.000000 17450.000000 node 1 4 1 3
node 2 2 1 1
node 3 2 1 1
node 4 2 1 1
node 5 1 1 1
node 6 1 1 1
node 7 3 1 1
node 8 1 1 1
node 9 1 1 1
node 10 4 1 1
node 11 4 1 1
node 12 1 1 1
node 13 3 0 2
node 14 1 0 2
node 15 2 0 2
node 92 1 0 0
node 121 1 0 0
node 183 1 0 0
node 238 1 0 0
node 293 1 0 0
node 409 2 0 0
node 471 1 0 0
node 524 1 0 0
node 617 1 0 0
node 634 1 0 0
node 652 1 0 0
gene 4 1 13 418395 0 1 418395 1
gene 1 2 13 -3756 0 2 -3756 0
gene 4 3 13 -6261 0 3 -6261 1
gene 1 4 13 128916 0 4 128916 0
gene 1 5 13 -745668 0 5 -745668 0
gene 2 6 13 -325995 0 6 -325995 1
gene 3 7 13 -779609 0 7 -779609 1
gene 4 8 13 -661904 0 8 -661904 1
gene 3 9 13 -267615 0 9 -267615 1
gene 3 10 13 -194412 0 10 -194412 1
gene 1 11 13 -113085 0 11 -113085 1
gene 2 12 13 105336 0 12 105336 1
gene 1 1 14 -520275 0 13 -520275 1
gene 2 2 14 -77233 0 14 -77233 1
gene 1 3 14 -34353 0 15 -34353 1
gene 3 4 14 61849 0 16 61849 1
gene 4 5 14 -120261 0 17 -120261 1
gene 4 6 14 211938 0 18 211938 1
gene 2 7 14 357618 0 19 357618 1
gene 3 8 14 -791624 0 20 -791624 0
gene 2 9 14 261851 0 21 261851 0
gene 1 10 14 -268878 0 22 -268878 1
gene 3 11 14 630618 0 23 630618 0
gene 2 12 14 680828 0 24 680828 1
gene 3 1 15 360621 0 25 360621 1
gene 4 2 15 -467898 0 26 -467898 1
gene 3 3 15 -182445 0 27 -182445 1
gene 4 4 15 563487 0 28 563487 1
gene 1 5 15 354006 0 29 354006 0
gene 1 6 15 596985 0 30 596985 1
gene 2 7 15 -800000 0 31 -800000 0
gene 1 8 15 -191580 0 32 -191580 1
gene 4 9 15 800000 0 33 800000 1
gene 2 10 15 -269974 0 34 -269974 1
gene 4 11 15 738042 0 35 738042 1
gene 1 12 15 -338973 0 36 -338973 0
gene 3 14 15 -302351 0 66 -302351 1
gene 3 14 13 492705 0 95 492705 1
gene 3 8 92 -800000 0 253 -800000 1
gene 3 92 14 340698 0 254 340698 1
gene 2 92 92 800000 1 305 800000 1
gene 1 4 121 198594 0 333 198594 1
gene 1 121 13 55764 0 334 55764 1
gene 1 5 183 -194450 0 512 -194450 1
gene 1 183 13 275529 0 513 275529 1
gene 1 2 238 -770607 0 693 -770607 0
gene 1 238 13 -594657 0 694 -594657 1
gene 1 13 13 -800000 1 827 -800000 1
gene 2 7 293 -345729 0 869 -345729 1
gene 2 293 15 -94200 0 870 -94200 1
gene 3 15 13 143919 0 1133 143919 1
gene 2 9 409 -363722 0 1210 -363722 1
gene 2 409 14 -368613 0 1211 -368613 1
gene 2 92 121 -274121 0 1278 -274121 0
gene 2 409 293 267096 0 1355 267096 1
gene 1 12 471 354925 0 1399 354925 1
gene 1 471 15 625923 0 1400 625923 1
gene 3 11 524 310509 0 1569 310509 1
gene 3 524 14 24642 0 1570 24642 1
gene 4 6 471 105190 0 1663 105190 1
gene 4 409 15 45120 0 1765 45120 1
gene 1 5 617 69823 0 1859 69823 1
gene 1 617 15 800000 0 1860 800000 1
gene 1 2 634 -234261 0 1910 -234261 1
gene 1 634 238 164994 0 1911 164994 1
gene 2 92 652 144472 0 1968 144472 1
gene 2 652 121 -235895 0 1969 -235895 1
genomeend 3


/* Organism #16 Fitness: 340.000000 Time: 0 */
/* Position #16*/
#1 x: 75 y: 32
#2 x: 62 y: 36
#3 x: 17 y: 37
#4 x: 36 y: 78
#5 x: 61 y: 63
#6 x: 53 y: 64
genomestart 16
trait 1 1.000000 0.000000 0.000000 0.000000 0.000000 0.000000 0.000000 0.000000 trait 2 2.000000 42160.000000 0.000000 0.000000 0.000000 36783.000000 0.000000 0.000000 trait 3 3.000000 0.000000 0.000000 0.000000 0.000000 0.000000 0.000000 0.000000 trait 4 0.000000 0.000000 0.000000 0.000000 51838.000000 0.000000 0.000000 0.000000 node 1 4 1 3
node 2 2 1 1
node 3 4 1 1
node 4 2 1 1
node 5 4 1 1
node 6 3 1 1
node 7 2 1 1
node 8 1 1 1
node 9 4 1 1
node 10 1 1 1
node 11 1 1 1
node 12 4 1 1
node 13 4 0 2
node 14 1 0 2
node 15 4 0 2
node 71 1 0 0
node 289 1 0 0
node 317 1 0 0
node 368 1 0 0
node 389 1 0 0
node 467 1 0 0
node 630 1 0 0
node 644 1 0 0
gene 4 1 13 184053 0 1 184053 1
gene 3 2 13 -645674 0 2 -645674 1
gene 2 3 13 -129897 0 3 -129897 0
gene 4 4 13 -164160 0 4 -164160 1
gene 2 5 13 -3150 0 5 -3150 0
gene 3 6 13 -544898 0 6 -544898 1
gene 1 7 13 -800000 0 7 -800000 1
gene 1 8 13 -739697 0 8 -739697 1
gene 1 9 13 -341694 0 9 -341694 1
gene 2 10 13 -225750 0 10 -225750 1
gene 3 11 13 376671 0 11 376671 1
gene 3 12 13 5217 0 12 5217 1
gene 1 1 14 590697 0 13 590697 1
gene 1 2 14 789992 0 14 789992 1
gene 3 3 14 -214245 0 15 -214245 0
gene 1 4 14 -279573 0 16 -279573 1
gene 1 5 14 237696 0 17 237696 1
gene 1 6 14 175014 0 18 175014 1
gene 1 7 14 -171828 0 19 -171828 1
gene 2 8 14 -800000 0 20 -800000 1
gene 2 9 14 800000 0 21 800000 1
gene 1 10 14 -413187 0 22 -413187 1
gene 3 11 14 -224211 0 23 -224211 1
gene 2 12 14 -133504 0 24 -133504 1
gene 3 1 15 -85971 0 25 -85971 1
gene 2 2 15 635799 0 26 635799 1
gene 4 3 15 77169 0 27 77169 0
gene 2 4 15 800000 0 28 800000 1
gene 2 5 15 219162 0 29 219162 1
gene 1 6 15 -185184 0 30 -185184 1
gene 4 7 15 -800000 0 31 -800000 1
gene 2 8 15 197451 0 32 197451 0
gene 2 9 15 221685 0 33 221685 1
gene 1 10 15 186624 0 34 186624 1
gene 3 11 15 -70653 0 35 -70653 1
gene 1 12 15 514452 0 36 514452 1
gene 4 3 71 694329 0 201 694329 1
gene 3 71 14 210171 0 202 210171 0
gene 1 13 13 101442 1 248 101442 1
gene 2 13 15 -221232 0 413 -221232 1
gene 4 10 71 -205641 0 454 -205641 1
gene 1 7 71 -34662 0 542 -34662 1
gene 4 8 71 133398 0 717 133398 1
gene 4 71 71 162075 1 769 162075 1
gene 4 3 289 -26073 0 858 -26073 0
gene 4 289 15 -271704 0 859 -271704 1
gene 3 289 14 116211 0 897 116211 1
gene 4 3 317 100905 0 942 100905 1
gene 4 317 289 138867 0 943 138867 0
gene 2 8 368 114741 0 1081 114741 1
gene 2 368 15 49365 0 1082 49365 1
gene 2 5 389 800000 0 1147 800000 1
gene 2 389 13 145587 0 1148 145587 1
gene 2 3 467 254115 0 1387 254115 1
gene 2 467 13 269301 0 1388 269301 1
gene 3 467 14 162126 0 1499 162126 1
gene 1 8 467 -361023 0 1566 -361023 1
gene 1 10 389 62185 0 1734 62185 1
gene 3 71 630 -65012 0 1896 -65012 1
gene 3 630 14 305106 0 1897 305106 1
gene 4 317 644 167178 0 1942 167178 1
gene 4 644 289 125226 0 1943 125226 1
gene 1 1 368 49294 0 1986 49294 1
genomeend 16


/* Organism #32 Fitness: 280.000000 Time: 0 */
/* Position #32*/
#1 x: 65 y: 21
#2 x: 85 y: 38
#3 x: 42 y: 29
#4 x: 70 y: 62
#5 x: 68 y: 81
#6 x: 48 y: 79
genomestart 32
trait 1 1.000000 0.000000 0.000000 0.000000 0.000000 0.000000 0.000000 0.000000 trait 2 2.000000 0.000000 0.000000 0.000000 0.000000 0.000000 0.000000 0.000000 trait 3 3.000000 0.000000 0.000000 0.000000 0.000000 0.000000 0.000000 0.000000 trait 4 73910.000000 58593.000000 0.000000 0.000000 0.000000 0.000000 0.000000 0.000000 node 1 4 1 3
node 2 2 1 1
node 3 4 1 1
node 4 2 1 1
node 5 4 1 1
node 6 3 1 1
node 7 2 1 1
node 8 1 1 1
node 9 4 1 1
node 10 1 1 1
node 11 1 1 1
node 12 4 1 1
node 13 3 0 2
node 14 1 0 2
node 15 4 0 2
node 71 1 0 0
node 289 1 0 0
node 317 1 0 0
node 368 1 0 0
node 381 3 0 0
node 394 1 0 0
node 405 1 0 0
node 439 1 0 0
node 665 1 0 0
gene 4 1 13 -106038 0 1 -106038 1
gene 3 2 13 -112062 0 2 -112062 1
gene 2 3 13 -314838 0 3 -314838 1
gene 4 4 13 44770 0 4 44770 1
gene 2 5 13 -256812 0 5 -256812 1
gene 3 6 13 -121764 0 6 -121764 1
gene 1 7 13 -408186 0 7 -408186 1
gene 1 8 13 -800000 0 8 -800000 1
gene 1 9 13 113148 0 9 113148 1
gene 2 10 13 -669468 0 10 -669468 1
gene 3 11 13 -118035 0 11 -118035 1
gene 3 12 13 -195660 0 12 -195660 1
gene 1 1 14 590750 0 13 590750 1
gene 1 2 14 -25371 0 14 -25371 0
gene 3 3 14 -9276 0 15 -9276 0
gene 1 4 14 -607074 0 16 -607074 1
gene 1 5 14 -235305 0 17 -235305 1
gene 1 6 14 -594749 0 18 -594749 1
gene 1 7 14 94446 0 19 94446 1
gene 2 8 14 10623 0 20 10623 1
gene 2 9 14 282337 0 21 282337 1
gene 1 10 14 230802 0 22 230802 1
gene 3 11 14 -337029 0 23 -337029 0
gene 2 12 14 19317 0 24 19317 1
gene 3 1 15 -716517 0 25 -716517 1
gene 2 2 15 -217503 0 26 -217503 1
gene 4 3 15 28389 0 27 28389 0
gene 2 4 15 126636 0 28 126636 1
gene 2 5 15 122484 0 29 122484 1
gene 1 6 15 210060 0 30 210060 1
gene 4 7 15 -800000 0 31 -800000 1
gene 2 8 15 327969 0 32 327969 0
gene 2 9 15 353502 0 33 353502 1
gene 1 10 15 -323961 0 34 -323961 1
gene 3 11 15 -667413 0 35 -667413 1
gene 1 12 15 -522540 0 36 -522540 1
gene 4 3 71 442454 0 201 442454 0
gene 3 71 14 -353097 0 202 -353097 1
gene 1 13 13 -315300 1 248 -315300 1
gene 2 13 15 -547494 0 413 -547494 1
gene 4 10 71 569099 0 454 569099 1
gene 1 7 71 -239181 0 542 -239181 1
gene 4 8 71 -54885 0 717 -54885 1
gene 4 71 71 92568 1 769 92568 1
gene 4 3 289 232986 0 858 232986 0
gene 4 289 15 -36411 0 859 -36411 1
gene 3 289 14 560016 0 897 560016 1
gene 4 3 317 -76623 0 942 -76623 1
gene 4 317 289 -8280 0 943 -8280 1
gene 2 8 368 -259944 0 1081 -259944 1
gene 2 368 15 800000 0 1082 800000 1
gene 1 2 381 -440837 0 1117 -440837 1
gene 1 381 14 142854 0 1118 142854 1
gene 4 3 394 231780 0 1159 231780 0
gene 4 394 71 233625 0 1160 233625 1
gene 3 11 405 136512 0 1197 136512 1
gene 3 405 14 -198174 0 1198 -198174 1
gene 4 14 405 -243417 1 1256 -243417 1
gene 4 3 439 -199734 0 1305 -199734 1
gene 4 439 394 -190593 0 1306 -190593 1
gene 4 14 381 7507 1 1807 7507 1
gene 4 6 381 -90588 0 1838 -90588 0
gene 4 6 665 196674 0 2003 196674 1
gene 4 665 381 373947 0 2004 373947 1
genomeend 32


/* Organism #50 Fitness: 440.000000 Time: 0 */
/* Position #50*/
#1 x: 82 y: 18
#2 x: 35 y: 20
#3 x: 32 y: 26
#4 x: 76 y: 66
#5 x: 28 y: 72
#6 x: 55 y: 69
genomestart 50
trait 1 1.000000 0.000000 0.000000 0.000000 0.000000 0.000000 0.000000 0.000000 trait 2 2.000000 42160.000000 0.000000 0.000000 0.000000 0.000000 0.000000 0.000000 trait 3 3.000000 0.000000 0.000000 0.000000 38724.000000 0.000000 0.000000 0.000000 trait 4 4.000000 0.000000 0.000000 0.000000 0.000000 0.000000 0.000000 0.000000 node 1 4 1 3
node 2 2 1 1
node 3 4 1 1
node 4 2 1 1
node 5 4 1 1
node 6 3 1 1
node 7 2 1 1
node 8 1 1 1
node 9 4 1 1
node 10 1 1 1
node 11 1 1 1
node 12 4 1 1
node 13 3 0 2
node 14 1 0 2
node 15 4 0 2
node 71 1 0 0
node 289 1 0 0
node 317 1 0 0
node 368 1 0 0
node 389 1 0 0
node 467 1 0 0
gene 4 1 13 349623 0 1 349623 1
gene 3 2 13 -150837 0 2 -150837 1
gene 2 3 13 1557 0 3 1557 0
gene 4 4 13 -449211 0 4 -449211 1
gene 2 5 13 6780 0 5 6780 0
gene 3 6 13 -575921 0 6 -575921 1
gene 1 7 13 281403 0 7 281403 1
gene 1 8 13 112200 0 8 112200 1
gene 1 9 13 4818 0 9 4818 1
gene 2 10 13 -418788 0 10 -418788 1
gene 3 11 13 -27741 0 11 -27741 1
gene 3 12 13 42366 0 12 42366 1
gene 1 1 14 189855 0 13 189855 1
gene 1 2 14 229332 0 14 229332 1
gene 3 3 14 181101 0 15 181101 0
gene 1 4 14 -190602 0 16 -190602 1
gene 1 5 14 162771 0 17 162771 1
gene 1 6 14 -582954 0 18 -582954 1
gene 1 7 14 -88974 0 19 -88974 1
gene 2 8 14 -94008 0 20 -94008 1
gene 2 9 14 -11547 0 21 -11547 1
gene 1 10 14 -31521 0 22 -31521 1
gene 3 11 14 -240198 0 23 -240198 1
gene 2 12 14 106533 0 24 106533 1
gene 3 1 15 329457 0 25 329457 1
gene 2 2 15 119451 0 26 119451 1
gene 4 3 15 468705 0 27 468705 0
gene 2 4 15 -443724 0 28 -443724 1
gene 2 5 15 202155 0 29 202155 1
gene 4 6 15 488691 0 30 488691 1
gene 4 7 15 -604839 0 31 -604839 1
gene 2 8 15 -388164 0 32 -388164 0
gene 2 9 15 -800000 0 33 -800000 1
gene 1 10 15 94167 0 34 94167 1
gene 3 11 15 -178053 0 35 -178053 1
gene 1 12 15 -487862 0 36 -487862 1
gene 4 3 71 -735800 0 201 -735800 1
gene 1 71 14 -486594 0 202 -486594 1
gene 1 13 13 -236517 1 248 -236517 1
gene 2 13 15 -596379 0 413 -596379 1
gene 4 10 71 800000 0 454 800000 1
gene 1 7 71 -6561 0 542 -6561 1
gene 4 8 71 -39177 0 717 -39177 1
gene 4 71 71 -338172 1 769 -338172 1
gene 4 3 289 343440 0 858 343440 0
gene 4 289 15 262044 0 859 262044 1
gene 3 289 14 16365 0 897 16365 1
gene 4 3 317 206371 0 942 206371 1
gene 4 317 289 560525 0 943 560525 1
gene 2 8 368 -247896 0 1081 -247896 1
gene 2 368 15 -145392 0 1082 -145392 1
gene 2 5 389 79755 0 1147 79755 1
gene 2 389 13 206538 0 1148 206538 1
gene 2 3 467 -714552 0 1387 -714552 1
gene 2 467 13 -10305 0 1388 -10305 1
gene 1 368 71 277119 0 1534 277119 1
gene 3 289 71 27282 0 1786 27282 1
gene 4 6 368 81483 0 2050 81483 1
genomeend 50


/* Organism #51 Fitness: 320.000000 Time: 0 */
/* Position #51*/
#1 x: 82 y: 18
#2 x: 35 y: 20
#3 x: 32 y: 26
#4 x: 76 y: 66
#5 x: 28 y: 72
#6 x: 55 y: 69
genomestart 51
trait 1 1.000000 0.000000 0.000000 0.000000 0.000000 0.000000 0.000000 0.000000 trait 2 2.000000 42160.000000 0.000000 0.000000 0.000000 0.000000 0.000000 0.000000 trait 3 3.000000 0.000000 0.000000 0.000000 38724.000000 0.000000 0.000000 0.000000 trait 4 4.000000 0.000000 0.000000 0.000000 0.000000 0.000000 0.000000 0.000000 node 1 4 1 3
node 2 2 1 1
node 3 4 1 1
node 4 2 1 1
node 5 4 1 1
node 6 3 1 1
node 7 2 1 1
node 8 1 1 1
node 9 4 1 1
node 10 1 1 1
node 11 1 1 1
node 12 4 1 1
node 13 3 0 2
node 14 1 0 2
node 15 4 0 2
node 71 1 0 0
node 289 1 0 0
node 317 1 0 0
node 368 1 0 0
node 389 1 0 0
node 467 1 0 0
gene 4 1 13 349623 0 1 349623 1
gene 3 2 13 -150837 0 2 -150837 1
gene 2 3 13 1557 0 3 1557 0
gene 4 4 13 -449211 0 4 -449211 1
gene 2 5 13 6780 0 5 6780 0
gene 3 6 13 -575921 0 6 -575921 1
gene 1 7 13 281403 0 7 281403 1
gene 1 8 13 112200 0 8 112200 1
gene 1 9 13 4818 0 9 4818 1
gene 2 10 13 -418788 0 10 -418788 1
gene 3 11 13 -27741 0 11 -27741 1
gene 3 12 13 42366 0 12 42366 1
gene 1 1 14 189855 0 13 189855 1
gene 1 2 14 229332 0 14 229332 1
gene 3 3 14 181101 0 15 181101 0
gene 1 4 14 -190602 0 16 -190602 1
gene 1 5 14 162771 0 17 162771 1
gene 1 6 14 -582954 0 18 -582954 1
gene 1 7 14 -88974 0 19 -88974 1
gene 2 8 14 -94008 0 20 -94008 1
gene 2 9 14 -11547 0 21 -11547 1
gene 1 10 14 -31521 0 22 -31521 1
gene 3 11 14 -240198 0 23 -240198 1
gene 2 12 14 106533 0 24 106533 1
gene 3 1 15 329457 0 25 329457 1
gene 2 2 15 119451 0 26 119451 1
gene 4 3 15 468705 0 27 468705 0
gene 2 4 15 -443724 0 28 -443724 1
gene 2 5 15 202155 0 29 202155 1
gene 4 6 15 488691 0 30 488691 1
gene 4 7 15 -604839 0 31 -604839 1
gene 2 8 15 -388164 0 32 -388164 0
gene 2 9 15 -800000 0 33 -800000 1
gene 1 10 15 94167 0 34 94167 1
gene 3 11 15 -178053 0 35 -178053 1
gene 1 12 15 -487862 0 36 -487862 1
gene 4 3 71 -735800 0 201 -735800 1
gene 1 71 14 -486594 0 202 -486594 1
gene 1 13 13 -236517 1 248 -236517 1
gene 2 13 15 -596379 0 413 -596379 1
gene 4 10 71 800000 0 454 800000 1
gene 1 7 71 -6561 0 542 -6561 1
gene 4 8 71 -39177 0 717 -39177 1
gene 4 71 71 -338172 1 769 -338172 1
gene 4 3 289 343440 0 858 343440 0
gene 4 289 15 262044 0 859 262044 1
gene 3 289 14 16365 0 897 16365 1
gene 4 3 317 206371 0 942 206371 1
gene 4 317 289 560525 0 943 560525 1
gene 2 8 368 -247896 0 1081 -247896 1
gene 2 368 15 -145392 0 1082 -145392 1
gene 2 5 389 79755 0 1147 79755 1
gene 2 389 13 206538 0 1148 206538 1
gene 2 3 467 -714552 0 1387 -714552 1
gene 2 467 13 -10305 0 1388 -10305 1
gene 1 368 71 277119 0 1534 277119 1
gene 3 289 71 27282 0 1786 27282 1
gene 1 10 289 24533 0 2051 24533 1
genomeend 51


/* Organism #54 Fitness: 280.000000 Time: 0 */
/* Position #54*/
#1 x: 56 y: 17
#2 x: 21 y: 21
#3 x: 81 y: 38
#4 x: 65 y: 81
#5 x: 73 y: 71
#6 x: 15 y: 83
genomestart 54
trait 1 1.000000 2785.000000 0.000000 0.000000 0.000000 0.000000 0.000000 0.000000 trait 2 2.000000 0.000000 0.000000 0.000000 0.000000 0.000000 0.000000 0.000000 trait 3 3.000000 0.000000 41384.000000 0.000000 0.000000 20992.000000 0.000000 0.000000 trait 4 4.000000 0.000000 0.000000 0.000000 0.000000 0.000000 0.000000 0.000000 node 1 4 1 3
node 2 2 1 1
node 3 3 1 1
node 4 2 1 1
node 5 1 1 1
node 6 1 1 1
node 7 3 1 1
node 8 2 1 1
node 9 3 1 1
node 10 4 1 1
node 11 4 1 1
node 12 1 1 1
node 13 3 0 2
node 14 1 0 2
node 15 2 0 2
node 92 1 0 0
node 121 1 0 0
node 183 1 0 0
node 238 1 0 0
node 293 1 0 0
node 441 4 0 0
node 494 1 0 0
gene 4 1 13 327303 0 1 327303 1
gene 1 2 13 -30161 0 2 -30161 0
gene 4 3 13 -204669 0 3 -204669 1
gene 1 4 13 -72597 0 4 -72597 0
gene 1 5 13 339513 0 5 339513 0
gene 2 6 13 -136458 0 6 -136458 1
gene 3 7 13 -465333 0 7 -465333 1
gene 4 8 13 -521771 0 8 -521771 1
gene 3 9 13 683772 0 9 683772 1
gene 3 10 13 -450918 0 10 -450918 1
gene 1 11 13 -53073 0 11 -53073 1
gene 2 12 13 800000 0 12 800000 1
gene 1 1 14 70050 0 13 70050 1
gene 2 2 14 -513815 0 14 -513815 1
gene 1 3 14 134202 0 15 134202 1
gene 3 4 14 -456594 0 16 -456594 1
gene 4 5 14 261616 0 17 261616 1
gene 4 6 14 -180303 0 18 -180303 1
gene 2 7 14 -800000 0 19 -800000 1
gene 3 8 14 -173975 0 20 -173975 0
gene 2 9 14 381810 0 21 381810 1
gene 1 10 14 -295605 0 22 -295605 1
gene 3 11 14 187509 0 23 187509 1
gene 2 12 14 342339 0 24 342339 1
gene 3 1 15 -75189 0 25 -75189 1
gene 4 2 15 800000 0 26 800000 1
gene 3 3 15 -285639 0 27 -285639 1
gene 4 4 15 -343458 0 28 -343458 1
gene 1 5 15 -139820 0 29 -139820 1
gene 1 6 15 145929 0 30 145929 1
gene 2 7 15 -334485 0 31 -334485 0
gene 4 8 15 143928 0 32 143928 1
gene 4 9 15 -299880 0 33 -299880 1
gene 2 10 15 502154 0 34 502154 1
gene 4 11 15 -748071 0 35 -748071 1
gene 1 12 15 -246246 0 36 -246246 1
gene 3 14 15 -638245 0 66 -638245 1
gene 3 14 13 180198 0 95 180198 1
gene 3 8 92 26499 0 253 26499 1
gene 3 92 14 -40815 0 254 -40815 1
gene 2 92 92 18894 1 305 18894 0
gene 1 4 121 -209172 0 333 -209172 1
gene 1 121 13 -468681 0 334 -468681 1
gene 1 5 183 -561705 0 512 -561705 0
gene 1 183 13 266115 0 513 266115 1
gene 1 2 238 -210243 0 693 -210243 1
gene 1 238 13 166902 0 694 166902 1
gene 1 13 13 84669 1 827 84669 1
gene 2 7 293 263704 0 869 263704 1
gene 2 293 15 182634 0 870 182634 1
gene 1 5 441 82923 0 1311 82923 1
gene 1 441 183 -39933 0 1312 -39933 1
gene 2 92 494 -72638 1 1469 -72638 1
gene 2 494 92 -25485 0 1470 -25485 1
gene 3 494 238 111401 0 1628 111401 1
gene 3 10 494 270216 0 1680 270216 1
gene 4 7 494 -166230 0 1776 -166230 1
genomeend 54


/* Organism #58 Fitness: 340.000000 Time: 0 */
/* Position #58*/
#1 x: 56 y: 36
#2 x: 58 y: 18
#3 x: 35 y: 40
#4 x: 59 y: 82
#5 x: 50 y: 80
#6 x: 45 y: 73
genomestart 58
trait 1 1.000000 0.000000 0.000000 0.000000 0.000000 0.000000 0.000000 0.000000 trait 2 24025.000000 0.000000 0.000000 55806.000000 39035.000000 0.000000 88622.000000 0.000000 trait 3 3.000000 0.000000 0.000000 0.000000 0.000000 0.000000 0.000000 0.000000 trait 4 4.000000 0.000000 0.000000 0.000000 0.000000 0.000000 0.000000 0.000000 node 1 4 1 3
node 2 2 1 1
node 3 3 1 1
node 4 2 1 1
node 5 1 1 1
node 6 1 1 1
node 7 3 1 1
node 8 1 1 1
node 9 1 1 1
node 10 4 1 1
node 11 2 1 1
node 12 1 1 1
node 13 3 0 2
node 14 1 0 2
node 15 2 0 2
node 92 1 0 0
node 121 1 0 0
node 224 1 0 0
node 239 1 0 0
node 281 1 0 0
node 357 1 0 0
node 374 1 0 0
node 386 1 0 0
node 543 1 0 0
node 561 1 0 0
node 607 1 0 0
gene 4 1 13 317091 0 1 317091 1
gene 1 2 13 -355403 0 2 -355403 1
gene 4 3 13 634472 0 3 634472 1
gene 1 4 13 -162942 0 4 -162942 0
gene 1 5 13 143723 0 5 143723 1
gene 2 6 13 -47868 0 6 -47868 0
gene 1 7 13 -723893 0 7 -723893 1
gene 4 8 13 -318879 0 8 -318879 1
gene 3 9 13 152487 0 9 152487 1
gene 3 10 13 -275694 0 10 -275694 1
gene 1 11 13 544191 0 11 544191 1
gene 2 12 13 -381078 0 12 -381078 0
gene 1 1 14 20238 0 13 20238 1
gene 2 2 14 227253 0 14 227253 1
gene 1 3 14 238566 0 15 238566 1
gene 3 4 14 -48162 0 16 -48162 1
gene 4 5 14 -239973 0 17 -239973 1
gene 4 6 14 222252 0 18 222252 1
gene 2 7 14 -166953 0 19 -166953 1
gene 3 8 14 91608 0 20 91608 0
gene 2 9 14 -221874 0 21 -221874 1
gene 1 10 14 -254363 0 22 -254363 1
gene 3 11 14 -361980 0 23 -361980 1
gene 2 12 14 117528 0 24 117528 1
gene 3 1 15 -264909 0 25 -264909 1
gene 4 2 15 584673 0 26 584673 1
gene 3 3 15 521196 0 27 521196 1
gene 4 4 15 -156948 0 28 -156948 1
gene 1 5 15 531566 0 29 531566 1
gene 4 6 15 796397 0 30 796397 1
gene 2 7 15 25425 0 31 25425 0
gene 1 8 15 422514 0 32 422514 1
gene 1 9 15 118419 0 33 118419 1
gene 2 10 15 -6972 0 34 -6972 1
gene 4 11 15 -501309 0 35 -501309 0
gene 1 12 15 -656159 0 36 -656159 0
gene 3 14 15 74919 0 66 74919 0
gene 3 14 13 195900 0 95 195900 1
gene 3 8 92 -235704 0 253 -235704 1
gene 3 92 14 290481 0 254 290481 1
gene 2 92 92 792174 1 305 792174 1
gene 1 4 121 85980 0 333 85980 1
gene 1 121 13 -800000 0 334 -800000 1
gene 3 11 121 -56871 0 561 -56871 1
gene 2 6 224 149889 0 649 149889 0
gene 2 224 13 -607163 0 650 -607163 1
gene 2 7 239 -17643 0 695 -17643 1
gene 2 239 15 117417 0 696 117417 1
gene 2 12 281 -257445 0 828 -257445 1
gene 2 281 13 -616497 0 829 -616497 1
gene 2 6 357 99538 0 1048 99538 1
gene 2 357 224 -36600 0 1049 -36600 1
gene 1 12 374 106165 0 1098 106165 0
gene 1 374 15 -646814 0 1099 -646814 0
gene 1 374 386 167712 0 1141 167712 1
gene 1 386 15 455286 0 1142 455286 1
gene 1 9 386 147207 0 1287 147207 1
gene 1 11 239 241249 0 1440 241249 1
gene 3 374 121 -247017 0 1477 -247017 1
gene 4 14 386 158697 0 1519 158697 1
gene 3 14 543 247519 0 1629 247519 1
gene 3 543 15 538923 0 1630 538923 1
gene 4 11 561 -302264 0 1681 -302264 1
gene 4 561 15 253443 0 1682 253443 1
gene 1 11 357 -294778 0 1802 -294778 1
gene 1 12 607 178695 0 1831 178695 1
gene 1 607 374 6601 0 1832 6601 1
gene 1 374 13 -5884 0 1880 -5884 1
gene 4 8 561 197283 0 1926 197283 1
genomeend 58


/* Organism #70 Fitness: 320.000000 Time: 0 */
/* Position #70*/
#1 x: 64 y: 20
#2 x: 39 y: 39
#3 x: 84 y: 30
#4 x: 17 y: 77
#5 x: 84 y: 62
#6 x: 84 y: 71
genomestart 70
trait 1 31567.000000 0.000000 0.000000 0.000000 0.000000 0.000000 18973.000000 0.000000 trait 2 0.000000 0.000000 0.000000 100000.000000 0.000000 0.000000 39143.000000 0.000000 trait 3 3.000000 0.000000 0.000000 0.000000 0.000000 0.000000 0.000000 0.000000 trait 4 4.000000 0.000000 0.000000 0.000000 0.000000 0.000000 0.000000 0.000000 node 1 1 1 3
node 2 2 1 1
node 3 4 1 1
node 4 4 1 1
node 5 1 1 1
node 6 4 1 1
node 7 3 1 1
node 8 2 1 1
node 9 3 1 1
node 10 4 1 1
node 11 4 1 1
node 12 1 1 1
node 13 1 0 2
node 14 2 0 2
node 15 4 0 2
node 24 1 0 0
node 188 3 0 0
node 222 1 0 0
node 272 1 0 0
node 301 1 0 0
node 380 1 0 0
node 393 1 0 0
node 453 2 0 0
node 469 1 0 0
node 557 1 0 0
gene 1 1 13 -3651 0 1 -3651 1
gene 2 2 13 -222834 0 2 -222834 1
gene 2 3 13 177048 0 3 177048 1
gene 4 4 13 111018 0 4 111018 0
gene 3 5 13 275910 0 5 275910 1
gene 1 6 13 -59733 0 6 -59733 1
gene 3 7 13 800000 0 7 800000 1
gene 1 8 13 -650849 0 8 -650849 1
gene 4 9 13 -127680 0 9 -127680 1
gene 2 10 13 -800000 0 10 -800000 1
gene 3 11 13 -694224 0 11 -694224 1
gene 4 12 13 -800000 0 12 -800000 1
gene 1 1 14 -317472 0 13 -317472 1
gene 1 2 14 280728 0 14 280728 1
gene 2 3 14 741924 0 15 741924 1
gene 2 4 14 -16464 0 16 -16464 1
gene 1 5 14 -259133 0 17 -259133 1
gene 2 6 14 -372822 0 18 -372822 0
gene 3 7 14 596058 0 19 596058 0
gene 3 8 14 168159 0 20 168159 1
gene 3 9 14 -483501 0 21 -483501 1
gene 2 10 14 -105555 0 22 -105555 1
gene 3 11 14 280896 0 23 280896 1
gene 2 12 14 -18291 0 24 -18291 1
gene 2 1 15 52662 0 25 52662 1
gene 3 2 15 -533541 0 26 -533541 1
gene 4 3 15 -201663 0 27 -201663 0
gene 1 4 15 278472 0 28 278472 0
gene 4 5 15 800000 0 29 800000 1
gene 2 6 15 619596 0 30 619596 1
gene 4 7 15 163809 0 31 163809 1
gene 2 8 15 -12180 0 32 -12180 1
gene 2 9 15 -800000 0 33 -800000 0
gene 2 10 15 212940 0 34 212940 1
gene 3 11 15 67890 0 35 67890 1
gene 2 12 15 -22329 0 36 -22329 1
gene 4 4 24 7227 0 62 7227 1
gene 4 24 13 -108777 0 63 -108777 1
gene 1 24 24 83910 1 127 83910 0
gene 3 15 13 604925 0 293 604925 1
gene 2 7 24 482133 0 408 482133 1
gene 3 7 188 -95172 0 526 -95172 1
gene 3 188 14 -289350 0 527 -289350 1
gene 2 9 222 -754355 0 645 -754355 0
gene 2 222 15 -361557 0 646 -361557 1
gene 3 3 272 184785 0 798 184785 1
gene 3 272 15 -247713 0 799 -247713 0
gene 2 3 24 -205476 0 850 -205476 1
gene 1 24 301 91197 1 893 91197 0
gene 1 301 24 237531 0 894 237531 1
gene 1 188 188 115905 1 934 115905 1
gene 3 4 188 113901 0 1080 113901 1
gene 2 6 380 -649043 0 1115 -649043 1
gene 2 380 14 93018 0 1116 93018 1
gene 1 4 393 68283 0 1157 68283 1
gene 1 393 15 -298977 0 1158 -298977 1
gene 1 15 380 -82227 0 1196 -82227 1
gene 2 12 188 176187 0 1302 176187 1
gene 2 9 453 -606936 0 1346 -606936 1
gene 2 453 222 -138009 0 1347 -138009 1
gene 1 24 469 -218610 1 1394 -218610 1
gene 1 469 301 -516530 0 1395 -516530 1
gene 3 222 24 -69513 0 1576 -69513 1
gene 4 3 188 260634 0 1616 260634 1
gene 3 272 557 -5021 0 1666 -5021 1
gene 3 557 15 94515 0 1667 94515 1
gene 1 6 272 -46875 0 1830 -46875 1
gene 4 12 380 378265 0 1879 378265 1
genomeend 70


/* Organism #74 Fitness: 320.000000 Time: 0 */
/* Position #74*/
#1 x: 30 y: 32
#2 x: 73 y: 39
#3 x: 47 y: 39
#4 x: 59 y: 84
#5 x: 78 y: 67
#6 x: 62 y: 62
genomestart 74
trait 1 1.000000 0.000000 0.000000 0.000000 0.000000 0.000000 0.000000 0.000000 trait 2 73766.000000 60836.000000 8520.000000 0.000000 0.000000 0.000000 0.000000 3060.000000 trait 3 3.000000 0.000000 0.000000 0.000000 0.000000 0.000000 0.000000 0.000000 trait 4 4.000000 0.000000 0.000000 0.000000 0.000000 0.000000 0.000000 0.000000 node 1 4 1 3
node 2 2 1 1
node 3 4 1 1
node 4 2 1 1
node 5 2 1 1
node 6 3 1 1
node 7 2 1 1
node 8 1 1 1
node 9 4 1 1
node 10 1 1 1
node 11 1 1 1
node 12 4 1 1
node 13 3 0 2
node 14 1 0 2
node 15 4 0 2
node 71 1 0 0
node 289 1 0 0
node 317 1 0 0
node 368 1 0 0
node 389 1 0 0
node 528 1 0 0
gene 4 1 13 -126495 0 1 -126495 1
gene 3 2 13 -480098 0 2 -480098 1
gene 2 3 13 800000 0 3 800000 1
gene 4 4 13 -70515 0 4 -70515 1
gene 2 5 13 285825 0 5 285825 0
gene 3 6 13 -168051 0 6 -168051 1
gene 1 7 13 -204627 0 7 -204627 0
gene 1 8 13 -465798 0 8 -465798 1
gene 1 9 13 586635 0 9 586635 1
gene 2 10 13 -228225 0 10 -228225 1
gene 3 11 13 -56328 0 11 -56328 1
gene 2 12 13 -188921 0 12 -188921 1
gene 1 1 14 -98445 0 13 -98445 1
gene 1 2 14 399446 0 14 399446 1
gene 3 3 14 252096 0 15 252096 0
gene 1 4 14 -101367 0 16 -101367 1
gene 1 5 14 -800000 0 17 -800000 1
gene 1 6 14 -790230 0 18 -790230 1
gene 1 7 14 -800000 0 19 -800000 1
gene 2 8 14 176478 0 20 176478 1
gene 2 9 14 -26850 0 21 -26850 1
gene 2 10 14 203616 0 22 203616 1
gene 3 11 14 -297465 0 23 -297465 1
gene 2 12 14 385374 0 24 385374 1
gene 3 1 15 162117 0 25 162117 1
gene 2 2 15 -658029 0 26 -658029 1
gene 4 3 15 -97800 0 27 -97800 0
gene 2 4 15 -42495 0 28 -42495 1
gene 2 5 15 -569471 0 29 -569471 1
gene 1 6 15 212454 0 30 212454 1
gene 4 7 15 -529899 0 31 -529899 1
gene 2 8 15 -3021 0 32 -3021 0
gene 2 9 15 152874 0 33 152874 1
gene 1 10 15 800000 0 34 800000 1
gene 3 11 15 -554616 0 35 -554616 1
gene 1 12 15 20286 0 36 20286 1
gene 4 3 71 -526758 0 201 -526758 1
gene 3 71 14 132102 0 202 132102 1
gene 1 13 13 117900 1 248 117900 1
gene 2 13 15 208278 0 413 208278 1
gene 4 10 71 -502740 0 454 -502740 1
gene 1 7 71 -308366 0 542 -308366 1
gene 4 8 71 -154866 0 717 -154866 1
gene 4 71 71 800000 1 769 800000 1
gene 4 3 289 -746727 0 858 -746727 0
gene 4 289 15 -117981 0 859 -117981 1
gene 3 289 14 -261888 0 897 -261888 1
gene 4 3 317 122367 0 942 122367 1
gene 4 317 289 44364 0 943 44364 1
gene 2 8 368 49806 0 1081 49806 1
gene 2 368 15 143433 0 1082 143433 1
gene 2 5 389 -114000 0 1147 -114000 1
gene 2 389 13 38820 0 1148 38820 1
gene 3 11 368 -384549 0 1418 -384549 1
gene 1 7 528 -402279 0 1580 -402279 1
gene 1 528 13 -764399 0 1581 -764399 1
gene 2 10 317 629019 0 1618 629019 1
gene 4 5 317 580153 0 1744 580153 1
genomeend 74


/* Organism #78 Fitness: 360.000000 Time: 0 */
/* Position #78*/
#1 x: 27 y: 38
#2 x: 53 y: 21
#3 x: 19 y: 31
#4 x: 30 y: 63
#5 x: 48 y: 80
#6 x: 59 y: 69
genomestart 78
trait 1 0.000000 0.000000 0.000000 0.000000 0.000000 0.000000 0.000000 0.000000 trait 2 2.000000 0.000000 0.000000 0.000000 0.000000 0.000000 0.000000 0.000000 trait 3 3.000000 0.000000 0.000000 0.000000 0.000000 0.000000 0.000000 0.000000 trait 4 4.000000 0.000000 0.000000 0.000000 0.000000 0.000000 0.000000 0.000000 node 1 4 1 3
node 2 2 1 1
node 3 3 1 1
node 4 2 1 1
node 5 1 1 1
node 6 1 1 1
node 7 3 1 1
node 8 1 1 1
node 9 1 1 1
node 10 4 1 1
node 11 4 1 1
node 12 1 1 1
node 13 3 0 2
node 14 4 0 2
node 15 2 0 2
node 92 1 0 0
node 121 1 0 0
node 183 1 0 0
node 238 1 0 0
node 293 3 0 0
node 487 1 0 0
gene 4 1 13 -800000 0 1 -800000 1
gene 1 2 13 800000 0 2 800000 0
gene 4 3 13 -297147 0 3 -297147 1
gene 1 4 13 -15906 0 4 -15906 0
gene 1 5 13 257994 0 5 257994 0
gene 2 6 13 -344892 0 6 -344892 1
gene 3 7 13 -362169 0 7 -362169 1
gene 4 8 13 -284285 0 8 -284285 1
gene 3 9 13 -665739 0 9 -665739 1
gene 3 10 13 -800000 0 10 -800000 1
gene 1 11 13 561239 0 11 561239 1
gene 2 12 13 -369744 0 12 -369744 1
gene 1 1 14 63569 0 13 63569 1
gene 2 2 14 761871 0 14 761871 1
gene 1 3 14 199221 0 15 199221 1
gene 3 4 14 68629 0 16 68629 1
gene 4 5 14 -514604 0 17 -514604 1
gene 4 6 14 -279003 0 18 -279003 1
gene 2 7 14 -532709 0 19 -532709 1
gene 3 8 14 -17304 0 20 -17304 0
gene 2 9 14 -610032 0 21 -610032 1
gene 1 10 14 387630 0 22 387630 1
gene 3 11 14 273978 0 23 273978 1
gene 2 12 14 -214494 0 24 -214494 1
gene 3 1 15 -800000 0 25 -800000 1
gene 4 2 15 123452 0 26 123452 1
gene 3 3 15 -142128 0 27 -142128 1
gene 4 4 15 -685624 0 28 -685624 1
gene 1 5 15 -800000 0 29 -800000 1
gene 1 6 15 65922 0 30 65922 0
gene 2 7 15 600717 0 31 600717 0
gene 1 8 15 42765 0 32 42765 1
gene 4 9 15 343218 0 33 343218 1
gene 2 10 15 438168 0 34 438168 1
gene 4 11 15 -41001 0 35 -41001 1
gene 1 12 15 78522 0 36 78522 1
gene 3 14 15 800000 0 66 800000 1
gene 3 14 13 -403734 0 95 -403734 1
gene 3 8 92 88029 0 253 88029 1
gene 3 92 14 -197649 0 254 -197649 1
gene 2 92 92 127965 1 305 127965 1
gene 1 4 121 122829 0 333 122829 1
gene 1 121 13 -152277 0 334 -152277 1
gene 1 5 183 -267135 0 512 -267135 1
gene 1 183 13 182493 0 513 182493 1
gene 1 2 238 484662 0 693 484662 1
gene 1 238 13 -342777 0 694 -342777 1
gene 1 13 13 618318 1 827 618318 1
gene 2 7 293 612152 0 869 612152 1
gene 2 293 15 -189891 0 870 -189891 1
gene 4 92 121 -206667 0 1329 -206667 1
gene 1 6 487 457323 0 1442 457323 1
gene 1 487 15 -100698 0 1443 -100698 1
gene 2 5 487 209613 0 1599 209613 1
gene 2 3 238 -175392 0 1785 -175392 1
genomeend 78


