/* Organism #0 Fitness: 460.000000 Time: 0 */
/* Position #0*/
#1 x: 59 y: 21
#2 x: 27 y: 30
#3 x: 67 y: 29
#4 x: 28 y: 61
#5 x: 39 y: 66
#6 x: 57 y: 79
genomestart 0
node 1 3 1 3
node 2 1 1 1
node 3 2 1 1
node 4 2 1 1
node 5 3 1 1
node 6 1 1 1
node 7 3 1 1
node 8 3 1 1
node 9 2 1 1
node 10 2 1 1
node 11 4 1 1
node 12 1 1 1
node 13 4 0 2
node 14 1 0 2
node 15 1 0 2
gene 2 1 13 800000 0 1 800000 1
gene 1 2 13 -498075 0 2 -498075 1
gene 1 3 13 15378 0 3 15378 1
gene 4 4 13 -40709 0 4 -40709 1
gene 4 5 13 332904 0 5 332904 1
gene 3 6 13 147708 0 6 147708 1
gene 1 7 13 -448858 0 7 -448858 1
gene 1 8 13 219513 0 8 219513 1
gene 3 9 13 131484 0 9 131484 1
gene 2 10 13 -472302 0 10 -472302 1
gene 1 11 13 -667464 0 11 -667464 1
gene 2 12 13 -90702 0 12 -90702 1
gene 1 1 14 -272949 0 13 -272949 1
gene 4 2 14 -177756 0 14 -177756 1
gene 4 3 14 365049 0 15 365049 1
gene 4 4 14 137634 0 16 137634 1
gene 2 5 14 25707 0 17 25707 1
gene 4 6 14 -280272 0 18 -280272 1
gene 2 7 14 -569922 0 19 -569922 1
gene 2 8 14 485442 0 20 485442 1
gene 4 9 14 301164 0 21 301164 1
gene 2 10 14 -112794 0 22 -112794 1
gene 4 11 14 -661610 0 23 -661610 1
gene 3 12 14 348549 0 24 348549 1
gene 3 1 15 -509936 0 25 -509936 1
gene 2 2 15 800000 0 26 800000 1
gene 4 3 15 -774182 0 27 -774182 1
gene 4 4 15 -186260 0 28 -186260 1
gene 2 5 15 710052 0 29 710052 1
gene 2 6 15 418737 0 30 418737 1
gene 3 7 15 576347 0 31 576347 1
gene 3 8 15 -800000 0 32 -800000 1
gene 4 9 15 -278982 0 33 -278982 1
gene 3 10 15 -47442 0 34 -47442 1
gene 2 11 15 21516 0 35 21516 1
gene 2 12 15 -406944 0 36 -406944 1
gene 4 14 15 338877 0 48 338877 1
gene 2 14 13 266766 0 87 266766 1
gene 2 15 13 -246939 0 128 -246939 1
genomeend 0


/* Organism #2 Fitness: 720.000000 Time: 0 */
/* Position #2*/
#1 x: 65 y: 34
#2 x: 69 y: 28
#3 x: 57 y: 32
#4 x: 55 y: 60
#5 x: 58 y: 85
#6 x: 68 y: 69
genomestart 2
node 1 3 1 3
node 2 2 1 1
node 3 2 1 1
node 4 2 1 1
node 5 3 1 1
node 6 1 1 1
node 7 4 1 1
node 8 1 1 1
node 9 2 1 1
node 10 2 1 1
node 11 4 1 1
node 12 1 1 1
node 13 4 0 2
node 14 1 0 2
node 15 1 0 2
gene 3 1 13 -567521 0 1 -567521 1
gene 2 2 13 -303731 0 2 -303731 1
gene 1 3 13 335607 0 3 335607 1
gene 4 4 13 -306021 0 4 -306021 1
gene 4 5 13 -116908 0 5 -116908 1
gene 3 6 13 1221 0 6 1221 1
gene 1 7 13 167043 0 7 167043 1
gene 1 8 13 -264432 0 8 -264432 1
gene 3 9 13 213690 0 9 213690 1
gene 2 10 13 -800000 0 10 -800000 1
gene 1 11 13 290778 0 11 290778 1
gene 2 12 13 -118850 0 12 -118850 1
gene 1 1 14 -307461 0 13 -307461 1
gene 4 2 14 -426702 0 14 -426702 1
gene 4 3 14 -437187 0 15 -437187 1
gene 4 4 14 -598259 0 16 -598259 1
gene 2 5 14 -336774 0 17 -336774 1
gene 4 6 14 -406341 0 18 -406341 1
gene 2 7 14 481776 0 19 481776 1
gene 2 8 14 452157 0 20 452157 1
gene 4 9 14 -733022 0 21 -733022 1
gene 2 10 14 196167 0 22 196167 1
gene 4 11 14 -243300 0 23 -243300 1
gene 3 12 14 -90003 0 24 -90003 1
gene 1 1 15 -457116 0 25 -457116 1
gene 2 2 15 122058 0 26 122058 1
gene 4 3 15 114303 0 27 114303 1
gene 4 4 15 54972 0 28 54972 1
gene 2 5 15 800000 0 29 800000 1
gene 2 6 15 342957 0 30 342957 1
gene 3 7 15 498485 0 31 498485 1
gene 3 8 15 -800000 0 32 -800000 1
gene 4 9 15 120042 0 33 120042 1
gene 3 10 15 -143298 0 34 -143298 1
gene 2 11 15 -233220 0 35 -233220 1
gene 2 12 15 290889 0 36 290889 1
gene 4 14 15 605111 0 48 605111 1
gene 2 14 13 -226497 0 73 -226497 1
gene 1 15 15 207195 1 93 207195 1
gene 3 14 14 -21978 1 150 -21978 1
genomeend 2


/* Organism #8 Fitness: 400.000000 Time: 0 */
/* Position #8*/
#1 x: 59 y: 40
#2 x: 75 y: 15
#3 x: 80 y: 22
#4 x: 55 y: 66
#5 x: 81 y: 72
#6 x: 34 y: 65
genomestart 8
node 1 1 1 3
node 2 4 1 1
node 3 4 1 1
node 4 1 1 1
node 5 4 1 1
node 6 4 1 1
node 7 4 1 1
node 8 3 1 1
node 9 4 1 1
node 10 4 1 1
node 11 3 1 1
node 12 2 1 1
node 13 4 0 2
node 14 3 0 2
node 15 3 0 2
gene 4 1 13 43317 0 1 43317 1
gene 1 2 13 -404358 0 2 -404358 1
gene 4 3 13 359520 0 3 359520 1
gene 3 4 13 -261315 0 4 -261315 1
gene 3 5 13 -303894 0 5 -303894 1
gene 1 6 13 74277 0 6 74277 1
gene 2 7 13 143544 0 7 143544 1
gene 1 8 13 -777281 0 8 -777281 1
gene 1 9 13 -462533 0 9 -462533 1
gene 1 10 13 38133 0 10 38133 1
gene 4 11 13 -664188 0 11 -664188 1
gene 1 12 13 -359124 0 12 -359124 1
gene 2 1 14 -100560 0 13 -100560 1
gene 1 2 14 140199 0 14 140199 1
gene 2 3 14 -77418 0 15 -77418 1
gene 3 4 14 107187 0 16 107187 1
gene 4 5 14 309621 0 17 309621 1
gene 3 6 14 67230 0 18 67230 1
gene 1 7 14 363196 0 19 363196 1
gene 4 8 14 -191265 0 20 -191265 1
gene 4 9 14 16611 0 21 16611 1
gene 3 10 14 149319 0 22 149319 1
gene 3 11 14 -315039 0 23 -315039 1
gene 4 12 14 -310869 0 24 -310869 1
gene 3 1 15 565530 0 25 565530 1
gene 2 2 15 -92790 0 26 -92790 1
gene 3 3 15 83757 0 27 83757 1
gene 4 4 15 -299652 0 28 -299652 1
gene 1 5 15 10869 0 29 10869 1
gene 2 6 15 -720590 0 30 -720590 1
gene 4 7 15 -502842 0 31 -502842 1
gene 3 8 15 -540420 0 32 -540420 1
gene 2 9 15 -135999 0 33 -135999 1
gene 4 10 15 -18633 0 34 -18633 1
gene 4 11 15 -13605 0 35 -13605 1
gene 4 12 15 364077 0 36 364077 1
gene 2 15 15 -273237 1 85 -273237 1
gene 1 15 13 -110004 0 110 -110004 1
gene 3 13 14 800000 0 122 800000 1
genomeend 8


/* Organism #26 Fitness: 420.000000 Time: 0 */
/* Position #26*/
#1 x: 42 y: 17
#2 x: 35 y: 18
#3 x: 19 y: 38
#4 x: 32 y: 70
#5 x: 85 y: 63
#6 x: 20 y: 85
genomestart 26
node 1 2 1 3
node 2 4 1 1
node 3 4 1 1
node 4 1 1 1
node 5 4 1 1
node 6 4 1 1
node 7 3 1 1
node 8 3 1 1
node 9 4 1 1
node 10 3 1 1
node 11 4 1 1
node 12 2 1 1
node 13 4 0 2
node 14 3 0 2
node 15 4 0 2
gene 4 1 13 510015 0 1 510015 1
gene 1 2 13 -122490 0 2 -122490 1
gene 4 3 13 -184275 0 3 -184275 1
gene 3 4 13 74679 0 4 74679 1
gene 3 5 13 -146643 0 5 -146643 1
gene 2 6 13 -158823 0 6 -158823 1
gene 2 7 13 442251 0 7 442251 1
gene 1 8 13 -459 0 8 -459 1
gene 1 9 13 -321684 0 9 -321684 1
gene 1 10 13 665145 0 10 665145 1
gene 4 11 13 81786 0 11 81786 1
gene 1 12 13 123477 0 12 123477 1
gene 2 1 14 -59158 0 13 -59158 1
gene 3 2 14 79389 0 14 79389 1
gene 2 3 14 164661 0 15 164661 1
gene 1 4 14 -173946 0 16 -173946 1
gene 4 5 14 -225906 0 17 -225906 1
gene 3 6 14 -78567 0 18 -78567 1
gene 1 7 14 -74913 0 19 -74913 1
gene 4 8 14 -83667 0 20 -83667 1
gene 4 9 14 -155805 0 21 -155805 1
gene 3 10 14 124425 0 22 124425 1
gene 3 11 14 -561704 0 23 -561704 1
gene 4 12 14 344159 0 24 344159 1
gene 3 1 15 -800000 0 25 -800000 1
gene 2 2 15 -88584 0 26 -88584 1
gene 3 3 15 -153170 0 27 -153170 1
gene 4 4 15 -462789 0 28 -462789 1
gene 2 5 15 -283437 0 29 -283437 1
gene 2 6 15 -800000 0 30 -800000 1
gene 4 7 15 -769214 0 31 -769214 1
gene 3 8 15 13395 0 32 13395 1
gene 2 9 15 -56286 0 33 -56286 1
gene 4 10 15 -465030 0 34 -465030 1
gene 4 11 15 696042 0 35 696042 1
gene 4 12 15 -67482 0 36 -67482 1
gene 4 13 14 204507 0 71 204507 1
gene 2 14 15 118053 0 84 118053 1
gene 1 13 15 -241176 0 112 -241176 1
genomeend 26


/* Organism #32 Fitness: 380.000000 Time: 0 */
/* Position #32*/
#1 x: 49 y: 17
#2 x: 60 y: 21
#3 x: 46 y: 39
#4 x: 52 y: 77
#5 x: 23 y: 72
#6 x: 53 y: 70
genomestart 32
node 1 3 1 3
node 2 4 1 1
node 3 1 1 1
node 4 4 1 1
node 5 3 1 1
node 6 1 1 1
node 7 1 1 1
node 8 2 1 1
node 9 3 1 1
node 10 1 1 1
node 11 2 1 1
node 12 2 1 1
node 13 1 0 2
node 14 3 0 2
node 15 4 0 2
gene 2 1 13 230934 0 1 230934 1
gene 4 2 13 800000 0 2 800000 1
gene 3 3 13 690411 0 3 690411 1
gene 3 4 13 -539568 0 4 -539568 1
gene 2 5 13 -129496 0 5 -129496 1
gene 1 6 13 52131 0 6 52131 1
gene 1 7 13 -1413 0 7 -1413 1
gene 2 8 13 -724610 0 8 -724610 1
gene 4 9 13 62910 0 9 62910 1
gene 3 10 13 -232995 0 10 -232995 1
gene 1 11 13 -144678 0 11 -144678 1
gene 2 12 13 -34011 0 12 -34011 1
gene 2 1 14 -495031 0 13 -495031 1
gene 3 2 14 800000 0 14 800000 1
gene 1 3 14 -800000 0 15 -800000 1
gene 4 4 14 579438 0 16 579438 1
gene 4 5 14 -153117 0 17 -153117 1
gene 2 6 14 275118 0 18 275118 1
gene 4 7 14 -112842 0 19 -112842 1
gene 3 8 14 800000 0 20 800000 1
gene 4 9 14 129585 0 21 129585 1
gene 2 10 14 -599529 0 22 -599529 1
gene 1 11 14 -291900 0 23 -291900 1
gene 4 12 14 309042 0 24 309042 1
gene 4 1 15 655443 0 25 655443 1
gene 3 2 15 -149700 0 26 -149700 1
gene 4 3 15 -96288 0 27 -96288 1
gene 2 4 15 -539388 0 28 -539388 1
gene 4 5 15 266007 0 29 266007 1
gene 2 6 15 -122988 0 30 -122988 1
gene 4 7 15 77340 0 31 77340 1
gene 4 8 15 -311127 0 32 -311127 1
gene 2 9 15 85515 0 33 85515 1
gene 3 10 15 165810 0 34 165810 1
gene 3 11 15 -371913 0 35 -371913 1
gene 1 12 15 508227 0 36 508227 1
genomeend 32


/* Organism #37 Fitness: 360.000000 Time: 0 */
/* Position #37*/
#1 x: 67 y: 38
#2 x: 68 y: 27
#3 x: 77 y: 28
#4 x: 68 y: 85
#5 x: 52 y: 68
#6 x: 71 y: 64
genomestart 37
node 1 1 1 3
node 2 1 1 1
node 3 2 1 1
node 4 2 1 1
node 5 3 1 1
node 6 1 1 1
node 7 3 1 1
node 8 3 1 1
node 9 2 1 1
node 10 2 1 1
node 11 4 1 1
node 12 1 1 1
node 13 3 0 2
node 14 1 0 2
node 15 2 0 2
gene 2 1 13 -275448 0 1 -275448 1
gene 2 2 13 -62244 0 2 -62244 1
gene 1 3 13 -640704 0 3 -640704 1
gene 4 4 13 -391494 0 4 -391494 1
gene 4 5 13 -371351 0 5 -371351 1
gene 3 6 13 250251 0 6 250251 1
gene 1 7 13 -87006 0 7 -87006 1
gene 1 8 13 -284985 0 8 -284985 1
gene 3 9 13 56583 0 9 56583 1
gene 2 10 13 154014 0 10 154014 1
gene 1 11 13 -678687 0 11 -678687 1
gene 2 12 13 -85824 0 12 -85824 1
gene 1 1 14 -682944 0 13 -682944 1
gene 4 2 14 -641922 0 14 -641922 1
gene 4 3 14 -786341 0 15 -786341 1
gene 4 4 14 -199899 0 16 -199899 1
gene 2 5 14 458748 0 17 458748 1
gene 4 6 14 168972 0 18 168972 1
gene 2 7 14 -719760 0 19 -719760 1
gene 2 8 14 -25531 0 20 -25531 1
gene 4 9 14 8487 0 21 8487 1
gene 2 10 14 -753659 0 22 -753659 1
gene 4 11 14 164256 0 23 164256 1
gene 3 12 14 83517 0 24 83517 1
gene 3 1 15 -517254 0 25 -517254 1
gene 2 2 15 153180 0 26 153180 1
gene 4 3 15 209319 0 27 209319 1
gene 4 4 15 81556 0 28 81556 1
gene 2 5 15 -326763 0 29 -326763 1
gene 4 6 15 800000 0 30 800000 1
gene 3 7 15 -284610 0 31 -284610 1
gene 3 8 15 -694490 0 32 -694490 1
gene 4 9 15 3165 0 33 3165 1
gene 4 10 15 99648 0 34 99648 1
gene 2 11 15 250335 0 35 250335 1
gene 2 12 15 -365976 0 36 -365976 1
gene 4 14 15 800000 0 48 800000 1
gene 1 14 13 -219726 0 131 -219726 1
genomeend 37


/* Organism #50 Fitness: 340.000000 Time: 0 */
/* Position #50*/
#1 x: 45 y: 29
#2 x: 80 y: 17
#3 x: 26 y: 39
#4 x: 82 y: 65
#5 x: 53 y: 75
#6 x: 74 y: 84
genomestart 50
node 1 3 1 3
node 2 4 1 1
node 3 1 1 1
node 4 4 1 1
node 5 3 1 1
node 6 2 1 1
node 7 1 1 1
node 8 2 1 1
node 9 3 1 1
node 10 1 1 1
node 11 2 1 1
node 12 2 1 1
node 13 1 0 2
node 14 3 0 2
node 15 2 0 2
gene 2 1 13 -195702 0 1 -195702 1
gene 4 2 13 597413 0 2 597413 1
gene 3 3 13 -192219 0 3 -192219 1
gene 3 4 13 -171702 0 4 -171702 1
gene 3 5 13 800000 0 5 800000 1
gene 1 6 13 -312969 0 6 -312969 1
gene 1 7 13 13425 0 7 13425 1
gene 2 8 13 161889 0 8 161889 1
gene 4 9 13 215259 0 9 215259 1
gene 3 10 13 -332814 0 10 -332814 1
gene 1 11 13 -607569 0 11 -607569 1
gene 2 12 13 257520 0 12 257520 1
gene 2 1 14 -29715 0 13 -29715 1
gene 3 2 14 742001 0 14 742001 1
gene 3 3 14 -46977 0 15 -46977 1
gene 4 4 14 -800000 0 16 -800000 1
gene 4 5 14 613875 0 17 613875 1
gene 3 6 14 105954 0 18 105954 1
gene 4 7 14 72714 0 19 72714 1
gene 3 8 14 225702 0 20 225702 1
gene 4 9 14 -34803 0 21 -34803 1
gene 2 10 14 -220977 0 22 -220977 1
gene 1 11 14 371229 0 23 371229 1
gene 4 12 14 -185778 0 24 -185778 1
gene 4 1 15 273531 0 25 273531 1
gene 3 2 15 -68060 0 26 -68060 1
gene 4 3 15 249090 0 27 249090 1
gene 2 4 15 8697 0 28 8697 1
gene 4 5 15 29889 0 29 29889 1
gene 2 6 15 -157791 0 30 -157791 1
gene 4 7 15 -295836 0 31 -295836 1
gene 4 8 15 500514 0 32 500514 1
gene 2 9 15 32649 0 33 32649 1
gene 3 10 15 800000 0 34 800000 1
gene 3 11 15 800000 0 35 800000 1
gene 1 12 15 317853 0 36 317853 1
gene 3 13 15 -356943 0 149 -356943 1
genomeend 50


/* Organism #62 Fitness: 320.000000 Time: 0 */
/* Position #62*/
#1 x: 20 y: 34
#2 x: 45 y: 25
#3 x: 63 y: 25
#4 x: 50 y: 75
#5 x: 41 y: 84
#6 x: 64 y: 61
genomestart 62
node 1 1 1 3
node 2 4 1 1
node 3 4 1 1
node 4 1 1 1
node 5 4 1 1
node 6 4 1 1
node 7 3 1 1
node 8 3 1 1
node 9 4 1 1
node 10 3 1 1
node 11 3 1 1
node 12 2 1 1
node 13 4 0 2
node 14 3 0 2
node 15 4 0 2
node 19 1 0 0
gene 4 1 13 319272 0 1 319272 1
gene 1 2 13 -583281 0 2 -583281 1
gene 4 3 13 416454 0 3 416454 1
gene 3 4 13 516500 0 4 516500 1
gene 3 5 13 -102102 0 5 -102102 1
gene 2 6 13 -20877 0 6 -20877 1
gene 2 7 13 112596 0 7 112596 1
gene 1 8 13 223653 0 8 223653 1
gene 1 9 13 127371 0 9 127371 1
gene 1 10 13 51003 0 10 51003 1
gene 4 11 13 406974 0 11 406974 1
gene 1 12 13 156510 0 12 156510 1
gene 2 1 14 -800000 0 13 -800000 1
gene 3 2 14 267117 0 14 267117 1
gene 2 3 14 81522 0 15 81522 1
gene 1 4 14 -792252 0 16 -792252 1
gene 4 5 14 195210 0 17 195210 1
gene 3 6 14 -203919 0 18 -203919 1
gene 2 7 14 664821 0 19 664821 1
gene 4 8 14 46137 0 20 46137 1
gene 4 9 14 -38022 0 21 -38022 1
gene 3 10 14 639314 0 22 639314 1
gene 3 11 14 -649574 0 23 -649574 1
gene 4 12 14 757373 0 24 757373 0
gene 3 1 15 -55962 0 25 -55962 1
gene 2 2 15 -800000 0 26 -800000 1
gene 3 3 15 381612 0 27 381612 1
gene 4 4 15 301572 0 28 301572 1
gene 2 5 15 518843 0 29 518843 1
gene 2 6 15 -192060 0 30 -192060 1
gene 4 7 15 495459 0 31 495459 1
gene 3 8 15 138426 0 32 138426 1
gene 2 9 15 -800000 0 33 -800000 1
gene 4 10 15 -120603 0 34 -120603 1
gene 4 11 15 -220527 0 35 -220527 1
gene 4 12 15 -213855 0 36 -213855 1
gene 4 13 14 -247767 0 71 -247767 1
gene 2 14 15 -387114 0 84 -387114 1
gene 1 14 14 354486 1 120 354486 1
gene 4 12 19 -146628 0 139 -146628 1
gene 4 19 14 105483 0 140 105483 1
genomeend 62


/* Organism #70 Fitness: 320.000000 Time: 0 */
/* Position #70*/
#1 x: 32 y: 37
#2 x: 53 y: 33
#3 x: 44 y: 17
#4 x: 52 y: 66
#5 x: 16 y: 84
#6 x: 18 y: 75
genomestart 70
node 1 1 1 3
node 2 1 1 1
node 3 2 1 1
node 4 2 1 1
node 5 3 1 1
node 6 1 1 1
node 7 3 1 1
node 8 3 1 1
node 9 2 1 1
node 10 2 1 1
node 11 4 1 1
node 12 1 1 1
node 13 3 0 2
node 14 1 0 2
node 15 2 0 2
gene 2 1 13 -534306 0 1 -534306 1
gene 2 2 13 16308 0 2 16308 1
gene 1 3 13 -372267 0 3 -372267 1
gene 4 4 13 -378564 0 4 -378564 1
gene 4 5 13 -425339 0 5 -425339 1
gene 3 6 13 582183 0 6 582183 1
gene 1 7 13 166188 0 7 166188 1
gene 1 8 13 94680 0 8 94680 1
gene 3 9 13 -123483 0 9 -123483 1
gene 2 10 13 315357 0 10 315357 1
gene 1 11 13 -453522 0 11 -453522 1
gene 2 12 13 329760 0 12 329760 1
gene 1 1 14 -151251 0 13 -151251 1
gene 4 2 14 -584655 0 14 -584655 1
gene 4 3 14 -686726 0 15 -686726 1
gene 4 4 14 -151653 0 16 -151653 1
gene 2 5 14 298281 0 17 298281 1
gene 4 6 14 432483 0 18 432483 1
gene 2 7 14 -547821 0 19 -547821 1
gene 2 8 14 357494 0 20 357494 1
gene 4 9 14 -190725 0 21 -190725 1
gene 2 10 14 -800000 0 22 -800000 1
gene 4 11 14 229077 0 23 229077 1
gene 3 12 14 122748 0 24 122748 1
gene 3 1 15 -37803 0 25 -37803 1
gene 2 2 15 -400332 0 26 -400332 1
gene 4 3 15 235749 0 27 235749 1
gene 4 4 15 258979 0 28 258979 1
gene 2 5 15 -494376 0 29 -494376 1
gene 4 6 15 505352 0 30 505352 1
gene 3 7 15 -322341 0 31 -322341 1
gene 3 8 15 -598832 0 32 -598832 1
gene 4 9 15 154239 0 33 154239 1
gene 4 10 15 160020 0 34 160020 1
gene 2 11 15 -258501 0 35 -258501 1
gene 2 12 15 -27351 0 36 -27351 1
gene 4 14 15 800000 0 48 800000 1
gene 1 14 13 148719 0 131 148719 1
genomeend 70


/* Organism #74 Fitness: 340.000000 Time: 0 */
/* Position #74*/
#1 x: 46 y: 32
#2 x: 45 y: 29
#3 x: 21 y: 35
#4 x: 18 y: 72
#5 x: 76 y: 68
#6 x: 35 y: 73
genomestart 74
node 1 3 1 3
node 2 1 1 1
node 3 2 1 1
node 4 2 1 1
node 5 3 1 1
node 6 1 1 1
node 7 3 1 1
node 8 1 1 1
node 9 2 1 1
node 10 2 1 1
node 11 4 1 1
node 12 3 1 1
node 13 4 0 2
node 14 1 0 2
node 15 1 0 2
node 18 1 0 0
gene 3 1 13 296826 0 1 296826 1
gene 1 2 13 227466 0 2 227466 1
gene 4 3 13 592890 0 3 592890 1
gene 2 4 13 -795231 0 4 -795231 1
gene 3 5 13 41730 0 5 41730 1
gene 4 6 13 267642 0 6 267642 1
gene 1 7 13 -97452 0 7 -97452 1
gene 1 8 13 200868 0 8 200868 1
gene 3 9 13 109506 0 9 109506 1
gene 4 10 13 465083 0 10 465083 1
gene 1 11 13 257559 0 11 257559 1
gene 1 12 13 70251 0 12 70251 1
gene 1 1 14 -210117 0 13 -210117 1
gene 4 2 14 -371159 0 14 -371159 1
gene 1 3 14 -234624 0 15 -234624 1
gene 4 4 14 -484140 0 16 -484140 0
gene 1 5 14 -63264 0 17 -63264 1
gene 4 6 14 284718 0 18 284718 1
gene 4 7 14 209355 0 19 209355 1
gene 1 8 14 -162885 0 20 -162885 1
gene 4 9 14 -182547 0 21 -182547 1
gene 2 10 14 -270663 0 22 -270663 1
gene 1 11 14 -46440 0 23 -46440 1
gene 4 12 14 800000 0 24 800000 1
gene 2 1 15 141482 0 25 141482 1
gene 2 2 15 233031 0 26 233031 1
gene 2 3 15 -89115 0 27 -89115 1
gene 4 4 15 -645920 0 28 -645920 1
gene 2 5 15 -488367 0 29 -488367 1
gene 1 6 15 150768 0 30 150768 1
gene 2 7 15 -244533 0 31 -244533 1
gene 1 8 15 -120699 0 32 -120699 1
gene 3 9 15 115491 0 33 115491 1
gene 3 10 15 -370467 0 34 -370467 1
gene 1 11 15 254880 0 35 254880 1
gene 2 12 15 36597 0 36 36597 1
gene 4 4 18 4878 0 133 4878 1
gene 4 18 14 -43344 0 134 -43344 1
genomeend 74


