/* Organism #0 Fitness: 310.000000 Time: 0 */
/* Position #0*/
#1 x: 42 y: 24
#2 x: 77 y: 24
#3 x: 65 y: 31
#4 x: 79 y: 85
#5 x: 62 y: 68
#6 x: 47 y: 82
genomestart 0
trait 1 1.000000 0.000000 0.000000 0.000000 0.000000 0.000000 0.000000 0.000000 trait 2 2.000000 0.000000 0.000000 0.000000 0.000000 0.000000 0.000000 0.000000 trait 3 3.000000 0.000000 0.000000 0.000000 0.000000 0.000000 0.000000 0.000000 trait 4 4.000000 0.000000 0.000000 0.000000 0.000000 0.000000 0.000000 0.000000 node 1 2 1 3
node 2 4 1 1
node 3 3 1 1
node 4 1 1 1
node 5 2 1 1
node 6 4 1 1
node 7 2 1 1
node 8 2 1 1
node 9 3 1 1
node 10 4 1 1
node 11 4 1 1
node 12 1 1 1
node 13 4 0 2
node 14 4 0 2
node 15 2 0 2
node 61 1 0 0
node 82 1 0 0
node 133 1 0 0
node 158 1 0 0
node 207 1 0 0
node 233 1 0 0
node 267 1 0 0
node 346 1 0 0
gene 1 1 13 -161769 0 1 -161769 1
gene 4 2 13 211446 0 2 211446 1
gene 1 3 13 75309 0 3 75309 0
gene 1 4 13 164793 0 4 164793 1
gene 2 5 13 -96078 0 5 -96078 1
gene 4 6 13 303155 0 6 303155 1
gene 4 7 13 310251 0 7 310251 1
gene 3 8 13 234983 0 8 234983 1
gene 2 9 13 335308 0 9 335308 1
gene 1 10 13 -117631 0 10 -117631 1
gene 4 11 13 -138679 0 11 -138679 1
gene 4 12 13 283268 0 12 283268 1
gene 4 1 14 -20451 0 13 -20451 1
gene 2 2 14 124581 0 14 124581 1
gene 4 3 14 -132929 0 15 -132929 1
gene 3 4 14 386554 0 16 386554 1
gene 1 5 14 -143013 0 17 -143013 1
gene 3 6 14 234096 0 18 234096 1
gene 3 7 14 159836 0 19 159836 1
gene 3 8 14 -215146 0 20 -215146 1
gene 1 9 14 -348241 0 21 -348241 0
gene 2 10 14 77888 0 22 77888 1
gene 1 11 14 408187 0 23 408187 0
gene 2 12 14 163594 0 24 163594 1
gene 3 1 15 111233 0 25 111233 1
gene 3 2 15 183638 0 26 183638 1
gene 2 3 15 -247286 0 27 -247286 1
gene 4 4 15 -33241 0 28 -33241 1
gene 2 5 15 136003 0 29 136003 1
gene 1 6 15 101195 0 30 101195 1
gene 3 7 15 -94267 0 31 -94267 1
gene 2 8 15 -219024 0 32 -219024 1
gene 4 9 15 245721 0 33 245721 0
gene 3 10 15 420582 0 34 420582 1
gene 3 11 15 158107 0 35 158107 1
gene 1 12 15 301460 0 36 301460 1
gene 1 9 61 -214457 0 142 -214457 0
gene 1 61 14 127001 0 143 127001 1
gene 1 3 82 25162 0 199 25162 0
gene 1 82 13 91014 0 200 91014 1
gene 1 3 133 1 0 329 0 1
gene 1 133 82 25162 0 330 0 1
gene 4 9 158 1 0 388 0 1
gene 4 158 15 245721 0 389 0 1
gene 3 15 14 44309 0 451 44309 1
gene 1 11 207 1 0 515 0 1
gene 1 207 14 408187 0 516 0 0
gene 1 207 233 1 0 583 0 1
gene 1 233 14 408187 0 584 0 1
gene 1 9 267 1 0 679 0 1
gene 1 267 61 -214457 0 680 0 1
gene 2 15 61 -77395 0 749 -77395 1
gene 2 5 82 92088 0 817 92088 0
gene 2 5 346 1 0 899 0 1
gene 2 346 82 92088 0 900 0 1
genomeend 0


/* Organism #2 Fitness: 290.000000 Time: 0 */
/* Position #2*/
#1 x: 62 y: 28
#2 x: 24 y: 32
#3 x: 60 y: 31
#4 x: 61 y: 81
#5 x: 67 y: 82
#6 x: 77 y: 71
genomestart 2
trait 1 1.000000 0.000000 0.000000 0.000000 0.000000 0.000000 0.000000 0.000000 trait 2 2.000000 0.000000 0.000000 0.000000 0.000000 0.000000 0.000000 0.000000 trait 3 3.000000 0.000000 0.000000 0.000000 0.000000 0.000000 0.000000 0.000000 trait 4 4.000000 0.000000 0.000000 0.000000 0.000000 0.000000 0.000000 0.000000 node 1 4 1 3
node 2 2 1 1
node 3 3 1 1
node 4 3 1 1
node 5 4 1 1
node 6 4 1 1
node 7 4 1 1
node 8 3 1 1
node 9 1 1 1
node 10 1 1 1
node 11 3 1 1
node 12 3 1 1
node 13 1 0 2
node 14 3 0 2
node 15 2 0 2
node 144 1 0 0
node 160 1 0 0
node 193 1 0 0
node 295 1 0 0
node 321 1 0 0
node 348 1 0 0
gene 1 1 13 -252699 0 1 -252699 1
gene 4 2 13 -55545 0 2 -55545 1
gene 1 3 13 -177455 0 3 -177455 1
gene 1 4 13 -110299 0 4 -110299 1
gene 2 5 13 -136020 0 5 -136020 1
gene 4 6 13 299827 0 6 299827 1
gene 2 7 13 -265671 0 7 -265671 1
gene 3 8 13 -27928 0 8 -27928 1
gene 3 9 13 227293 0 9 227293 0
gene 2 10 13 3444 0 10 3444 1
gene 2 11 13 -230531 0 11 -230531 1
gene 4 12 13 82070 0 12 82070 0
gene 2 1 14 17839 0 13 17839 1
gene 2 2 14 80856 0 14 80856 1
gene 4 3 14 -171020 0 15 -171020 0
gene 2 4 14 -211546 0 16 -211546 1
gene 1 5 14 250476 0 17 250476 1
gene 3 6 14 114766 0 18 114766 1
gene 3 7 14 237272 0 19 237272 1
gene 1 8 14 -25533 0 20 -25533 1
gene 1 9 14 -188942 0 21 -188942 1
gene 2 10 14 386098 0 22 386098 1
gene 1 11 14 -135533 0 23 -135533 1
gene 2 12 14 350512 0 24 350512 1
gene 3 1 15 116548 0 25 116548 1
gene 3 2 15 -117838 0 26 -117838 1
gene 2 3 15 -261464 0 27 -261464 1
gene 4 4 15 9509 0 28 9509 1
gene 2 5 15 266350 0 29 266350 1
gene 1 6 15 257157 0 30 257157 1
gene 3 7 15 -69477 0 31 -69477 1
gene 2 8 15 63796 0 32 63796 0
gene 4 9 15 -366755 0 33 -366755 1
gene 3 10 15 -210906 0 34 -210906 1
gene 1 11 15 52534 0 35 52534 0
gene 3 12 15 39942 0 36 39942 1
gene 1 15 14 55444 0 176 0 0
gene 3 9 144 1 0 352 0 1
gene 3 144 13 227293 0 353 0 1
gene 2 8 160 1 0 392 0 1
gene 2 160 15 63796 0 393 0 1
gene 1 15 193 1 0 474 0 1
gene 1 193 14 55444 0 475 0 1
gene 4 11 144 99351 0 537 99351 1
gene 3 160 160 46546 1 612 46546 1
gene 4 2 144 8738 0 693 8738 1
gene 4 12 295 1 0 758 0 1
gene 4 295 13 82070 0 759 0 1
gene 4 3 321 1 0 829 0 1
gene 4 321 14 -171020 0 830 0 1
gene 1 11 348 1 0 903 0 1
gene 1 348 15 52534 0 904 0 1
genomeend 2


/* Organism #12 Fitness: 460.000000 Time: 0 */
/* Position #12*/
#1 x: 42 y: 40
#2 x: 18 y: 18
#3 x: 61 y: 16
#4 x: 58 y: 72
#5 x: 42 y: 76
#6 x: 85 y: 82
genomestart 12
trait 1 1.000000 0.000000 0.000000 0.000000 0.000000 0.000000 0.000000 0.000000 trait 2 2.000000 0.000000 0.000000 0.000000 0.000000 0.000000 0.000000 0.000000 trait 3 3.000000 0.000000 0.000000 0.000000 0.000000 0.000000 0.000000 0.000000 trait 4 0.000000 0.000000 0.000000 0.000000 60204.000000 0.000000 0.000000 0.000000 node 1 4 1 3
node 2 2 1 1
node 3 3 1 1
node 4 3 1 1
node 5 4 1 1
node 6 4 1 1
node 7 4 1 1
node 8 3 1 1
node 9 2 1 1
node 10 1 1 1
node 11 3 1 1
node 12 3 1 1
node 13 1 0 2
node 14 3 0 2
node 15 2 0 2
node 45 1 0 0
node 113 1 0 0
node 190 1 0 0
node 213 1 0 0
node 280 1 0 0
node 327 1 0 0
gene 1 1 13 506040 0 1 506040 1
gene 3 2 13 -231850 0 2 -231850 1
gene 1 3 13 -493197 0 3 -493197 0
gene 3 4 13 -182961 0 4 -182961 1
gene 2 5 13 -144496 0 5 -144496 1
gene 2 6 13 -542775 0 6 -542775 0
gene 2 7 13 175753 0 7 175753 1
gene 2 8 13 252363 0 8 252363 1
gene 4 9 13 -426931 0 9 -426931 0
gene 2 10 13 -523305 0 10 -523305 1
gene 2 11 13 -234171 0 11 -234171 1
gene 4 12 13 -308682 0 12 -308682 1
gene 4 1 14 -145057 0 13 -145057 1
gene 1 2 14 606964 0 14 606964 1
gene 1 3 14 223129 0 15 223129 1
gene 2 4 14 -138433 0 16 -138433 0
gene 1 5 14 217701 0 17 217701 1
gene 1 6 14 37067 0 18 37067 1
gene 2 7 14 -38712 0 19 -38712 1
gene 1 8 14 94801 0 20 94801 1
gene 1 9 14 -379161 0 21 -379161 1
gene 3 10 14 -134515 0 22 -134515 1
gene 2 11 14 -496765 0 23 -496765 1
gene 3 12 14 281226 0 24 281226 1
gene 3 1 15 -559070 0 25 -559070 1
gene 2 2 15 96541 0 26 96541 1
gene 1 3 15 246987 0 27 246987 1
gene 1 4 15 -410496 0 28 -410496 1
gene 3 5 15 -6782 0 29 -6782 1
gene 3 6 15 116343 0 30 116343 1
gene 1 7 15 -234904 0 31 -234904 1
gene 3 8 15 -87987 0 32 -87987 0
gene 3 9 15 -142155 0 33 -142155 1
gene 1 10 15 -164151 0 34 -164151 1
gene 1 11 15 422466 0 35 422466 1
gene 3 12 15 -59461 0 36 -59461 1
gene 4 9 45 -31112 0 104 -31112 1
gene 4 45 13 -137579 0 105 -137579 1
gene 1 3 113 26935 0 275 26935 1
gene 1 113 13 -423941 0 276 -423941 1
gene 4 15 45 -353101 0 403 -353101 1
gene 2 6 190 -64325 0 468 -64325 1
gene 2 190 13 240924 0 469 240924 0
gene 2 4 213 127854 0 528 127854 1
gene 2 213 14 -399409 0 529 -399409 1
gene 3 8 280 -217155 0 715 -217155 1
gene 3 280 15 128835 0 716 128835 1
gene 2 190 327 1 0 849 0 1
gene 2 327 13 240924 0 850 0 1
gene 3 45 190 -33922 0 918 -33922 1
genomeend 12


/* Organism #14 Fitness: 300.000000 Time: 0 */
/* Position #14*/
#1 x: 36 y: 34
#2 x: 79 y: 37
#3 x: 42 y: 35
#4 x: 51 y: 80
#5 x: 66 y: 75
#6 x: 51 y: 76
genomestart 14
trait 1 1.000000 0.000000 0.000000 0.000000 0.000000 0.000000 0.000000 0.000000 trait 2 2.000000 0.000000 0.000000 0.000000 0.000000 0.000000 0.000000 0.000000 trait 3 3.000000 0.000000 0.000000 0.000000 0.000000 0.000000 0.000000 0.000000 trait 4 0.000000 0.000000 0.000000 0.000000 60204.000000 0.000000 0.000000 0.000000 node 1 4 1 3
node 2 2 1 1
node 3 3 1 1
node 4 3 1 1
node 5 4 1 1
node 6 4 1 1
node 7 4 1 1
node 8 3 1 1
node 9 2 1 1
node 10 1 1 1
node 11 3 1 1
node 12 3 1 1
node 13 1 0 2
node 14 3 0 2
node 15 2 0 2
node 45 1 0 0
node 113 1 0 0
node 190 1 0 0
node 213 1 0 0
node 280 1 0 0
node 327 1 0 0
node 354 1 0 0
gene 1 1 13 506040 0 1 506040 1
gene 3 2 13 -231850 0 2 -231850 1
gene 1 3 13 -493197 0 3 -493197 0
gene 3 4 13 -182961 0 4 -182961 1
gene 2 5 13 -144496 0 5 -144496 1
gene 2 6 13 -542775 0 6 -542775 0
gene 2 7 13 175753 0 7 175753 1
gene 2 8 13 252363 0 8 252363 1
gene 4 9 13 -426931 0 9 -426931 0
gene 2 10 13 -523305 0 10 -523305 1
gene 2 11 13 -234171 0 11 -234171 1
gene 4 12 13 -308682 0 12 -308682 1
gene 4 1 14 -145057 0 13 -145057 1
gene 1 2 14 606964 0 14 606964 1
gene 1 3 14 223129 0 15 223129 1
gene 2 4 14 -138433 0 16 -138433 0
gene 1 5 14 217701 0 17 217701 1
gene 1 6 14 37067 0 18 37067 1
gene 2 7 14 -38712 0 19 -38712 1
gene 1 8 14 94801 0 20 94801 1
gene 1 9 14 -379161 0 21 -379161 1
gene 3 10 14 -134515 0 22 -134515 1
gene 2 11 14 -496765 0 23 -496765 1
gene 3 12 14 281226 0 24 281226 1
gene 3 1 15 -559070 0 25 -559070 1
gene 2 2 15 96541 0 26 96541 1
gene 1 3 15 246987 0 27 246987 1
gene 1 4 15 -410496 0 28 -410496 1
gene 3 5 15 -6782 0 29 -6782 1
gene 3 6 15 116343 0 30 116343 1
gene 1 7 15 -234904 0 31 -234904 1
gene 3 8 15 -87987 0 32 -87987 0
gene 3 9 15 -142155 0 33 -142155 1
gene 1 10 15 -164151 0 34 -164151 1
gene 1 11 15 422466 0 35 422466 1
gene 3 12 15 -59461 0 36 -59461 1
gene 4 9 45 -31112 0 104 -31112 1
gene 4 45 13 -137579 0 105 -137579 1
gene 1 3 113 26935 0 275 26935 1
gene 1 113 13 -423941 0 276 -423941 1
gene 4 15 45 -353101 0 403 -353101 1
gene 2 6 190 -64325 0 468 -64325 1
gene 2 190 13 240924 0 469 240924 0
gene 2 4 213 127854 0 528 127854 1
gene 2 213 14 -399409 0 529 -399409 1
gene 3 8 280 -217155 0 715 -217155 1
gene 3 280 15 128835 0 716 128835 1
gene 2 190 327 1 0 849 0 1
gene 2 327 13 240924 0 850 0 0
gene 2 327 354 1 0 920 0 1
gene 2 354 13 240924 0 921 0 1
genomeend 14


/* Organism #34 Fitness: 250.000000 Time: 0 */
/* Position #34*/
#1 x: 77 y: 18
#2 x: 26 y: 34
#3 x: 81 y: 37
#4 x: 39 y: 63
#5 x: 49 y: 85
#6 x: 45 y: 84
genomestart 34
trait 1 1.000000 0.000000 0.000000 0.000000 0.000000 0.000000 0.000000 0.000000 trait 2 2.000000 0.000000 0.000000 0.000000 0.000000 0.000000 0.000000 0.000000 trait 3 3.000000 0.000000 97060.000000 56985.000000 0.000000 0.000000 0.000000 36358.000000 trait 4 4.000000 0.000000 0.000000 0.000000 0.000000 0.000000 0.000000 0.000000 node 1 2 1 3
node 2 1 1 1
node 3 4 1 1
node 4 4 1 1
node 5 1 1 1
node 6 4 1 1
node 7 3 1 1
node 8 2 1 1
node 9 3 1 1
node 10 4 1 1
node 11 4 1 1
node 12 3 1 1
node 13 3 0 2
node 14 1 0 2
node 15 4 0 2
node 63 1 0 0
node 117 1 0 0
node 176 1 0 0
node 204 1 0 0
node 231 1 0 0
node 341 1 0 0
node 347 1 0 0
gene 3 1 13 137634 0 1 137634 1
gene 1 2 13 -296146 0 2 -296146 1
gene 2 3 13 85195 0 3 85195 1
gene 3 4 13 -103290 0 4 -103290 1
gene 4 5 13 548607 0 5 548607 1
gene 1 6 13 -354225 0 6 -354225 1
gene 2 7 13 71540 0 7 71540 1
gene 3 8 13 6198 0 8 6198 1
gene 3 9 13 -177810 0 9 -177810 1
gene 4 10 13 61392 0 10 61392 1
gene 3 11 13 -3103 0 11 -3103 1
gene 4 12 13 -693789 0 12 -693789 0
gene 1 1 14 -83096 0 13 -83096 1
gene 4 2 14 152754 0 14 152754 1
gene 1 3 14 -51207 0 15 -51207 1
gene 2 4 14 -183921 0 16 -183921 1
gene 2 5 14 192108 0 17 192108 0
gene 2 6 14 587644 0 18 587644 1
gene 4 7 14 155829 0 19 155829 1
gene 1 8 14 212967 0 20 212967 1
gene 3 9 14 -431356 0 21 -431356 1
gene 4 10 14 218205 0 22 218205 1
gene 4 11 14 213108 0 23 213108 1
gene 1 12 14 -256683 0 24 -256683 1
gene 1 1 15 210300 0 25 210300 1
gene 3 2 15 745057 0 26 745057 1
gene 2 3 15 800000 0 27 800000 1
gene 2 4 15 -318148 0 28 -318148 1
gene 1 5 15 109497 0 29 109497 1
gene 2 6 15 -156126 0 30 -156126 0
gene 4 7 15 -383568 0 31 -383568 1
gene 1 8 15 155391 0 32 155391 0
gene 4 9 15 330900 0 33 330900 0
gene 4 10 15 57828 0 34 57828 1
gene 2 11 15 -598914 0 35 -598914 0
gene 2 12 15 221676 0 36 221676 1
gene 2 6 63 -100173 0 151 -100173 1
gene 2 63 15 -58050 0 152 -58050 1
gene 2 11 117 -121095 0 289 -121095 0
gene 2 117 15 -52881 0 290 -52881 1
gene 4 12 176 -358283 0 435 -358283 1
gene 4 176 13 -114996 0 436 -114996 1
gene 1 8 204 141600 0 508 141600 1
gene 1 204 15 -285792 0 509 -285792 1
gene 2 5 231 -11636 0 578 -11636 1
gene 2 231 14 -37458 0 579 -37458 1
gene 2 11 341 1 0 881 0 1
gene 2 341 117 -121095 0 882 0 1
gene 4 9 347 1 0 901 0 1
gene 4 347 15 330900 0 902 0 1
genomeend 34


/* Organism #54 Fitness: 400.000000 Time: 0 */
/* Position #54*/
#1 x: 32 y: 37
#2 x: 30 y: 20
#3 x: 54 y: 32
#4 x: 29 y: 60
#5 x: 47 y: 83
#6 x: 73 y: 62
genomestart 54
trait 1 1.000000 0.000000 0.000000 0.000000 0.000000 0.000000 0.000000 0.000000 trait 2 2.000000 0.000000 0.000000 0.000000 0.000000 0.000000 0.000000 0.000000 trait 3 3.000000 0.000000 97060.000000 56985.000000 0.000000 0.000000 0.000000 36358.000000 trait 4 4.000000 0.000000 0.000000 0.000000 0.000000 0.000000 0.000000 0.000000 node 1 2 1 3
node 2 1 1 1
node 3 4 1 1
node 4 4 1 1
node 5 1 1 1
node 6 4 1 1
node 7 3 1 1
node 8 2 1 1
node 9 3 1 1
node 10 4 1 1
node 11 4 1 1
node 12 3 1 1
node 13 3 0 2
node 14 1 0 2
node 15 4 0 2
node 63 1 0 0
node 117 1 0 0
node 176 1 0 0
node 204 1 0 0
node 231 1 0 0
gene 3 1 13 -90045 0 1 -90045 1
gene 1 2 13 -62455 0 2 -62455 1
gene 2 3 13 175000 0 3 175000 1
gene 3 4 13 -112182 0 4 -112182 1
gene 4 5 13 526692 0 5 526692 1
gene 1 6 13 -76236 0 6 -76236 1
gene 2 7 13 177377 0 7 177377 1
gene 3 8 13 -185478 0 8 -185478 1
gene 3 9 13 8568 0 9 8568 1
gene 4 10 13 152715 0 10 152715 1
gene 3 11 13 82199 0 11 82199 1
gene 4 12 13 -604491 0 12 -604491 0
gene 1 1 14 98224 0 13 98224 1
gene 4 2 14 -136827 0 14 -136827 1
gene 1 3 14 90489 0 15 90489 1
gene 2 4 14 -289800 0 16 -289800 1
gene 2 5 14 -69069 0 17 -69069 0
gene 2 6 14 800000 0 18 800000 1
gene 4 7 14 115326 0 19 115326 1
gene 1 8 14 377478 0 20 377478 1
gene 3 9 14 -322468 0 21 -322468 1
gene 4 10 14 83238 0 22 83238 1
gene 4 11 14 406314 0 23 406314 1
gene 1 12 14 -158406 0 24 -158406 1
gene 1 1 15 485649 0 25 485649 1
gene 3 2 15 558544 0 26 558544 1
gene 2 3 15 540068 0 27 540068 1
gene 2 4 15 -289846 0 28 -289846 1
gene 1 5 15 -175023 0 29 -175023 1
gene 2 6 15 -434163 0 30 -434163 0
gene 4 7 15 -279972 0 31 -279972 1
gene 1 8 15 437595 0 32 437595 0
gene 4 9 15 341289 0 33 341289 1
gene 4 10 15 -91857 0 34 -91857 1
gene 2 11 15 -740031 0 35 -740031 0
gene 2 12 15 140889 0 36 140889 1
gene 2 6 63 -341316 0 151 -341316 1
gene 2 63 15 -357525 0 152 -357525 1
gene 2 11 117 139629 0 289 139629 1
gene 2 117 15 109866 0 290 109866 1
gene 4 12 176 132705 0 435 132705 1
gene 4 176 13 -114996 0 436 -114996 1
gene 1 8 204 -98001 0 508 -98001 1
gene 1 204 15 224628 0 509 224628 1
gene 2 5 231 81031 0 578 81031 1
gene 2 231 14 -459 0 579 -459 1
gene 2 7 117 -48094 0 968 -48094 1
genomeend 54


/* Organism #56 Fitness: 300.000000 Time: 0 */
/* Position #56*/
#1 x: 66 y: 36
#2 x: 41 y: 24
#3 x: 15 y: 35
#4 x: 19 y: 73
#5 x: 55 y: 78
#6 x: 29 y: 60
genomestart 56
trait 1 1.000000 0.000000 0.000000 0.000000 0.000000 0.000000 0.000000 0.000000 trait 2 2.000000 0.000000 0.000000 0.000000 0.000000 0.000000 0.000000 0.000000 trait 3 3.000000 0.000000 0.000000 0.000000 0.000000 0.000000 0.000000 0.000000 trait 4 4.000000 0.000000 0.000000 0.000000 0.000000 0.000000 0.000000 0.000000 node 1 2 1 3
node 2 4 1 1
node 3 3 1 1
node 4 1 1 1
node 5 2 1 1
node 6 4 1 1
node 7 2 1 1
node 8 2 1 1
node 9 3 1 1
node 10 4 1 1
node 11 4 1 1
node 12 1 1 1
node 13 4 0 2
node 14 4 0 2
node 15 2 0 2
node 34 1 0 0
node 42 1 0 0
node 83 1 0 0
node 196 1 0 0
node 217 1 0 0
node 242 1 0 0
node 374 1 0 0
gene 2 1 13 524460 0 1 524460 1
gene 1 2 13 376642 0 2 376642 1
gene 1 3 13 -210545 0 3 -210545 1
gene 1 4 13 -197163 0 4 -197163 1
gene 3 5 13 -551145 0 5 -551145 0
gene 2 6 13 -49642 0 6 -49642 1
gene 4 7 13 -594795 0 7 -594795 1
gene 1 8 13 58713 0 8 58713 1
gene 2 9 13 -706336 0 9 -706336 1
gene 2 10 13 184515 0 10 184515 0
gene 3 11 13 -632478 0 11 -632478 1
gene 4 12 13 228492 0 12 228492 1
gene 4 1 14 236490 0 13 236490 1
gene 2 2 14 -81978 0 14 -81978 1
gene 1 3 14 -291120 0 15 -291120 1
gene 3 4 14 67602 0 16 67602 0
gene 1 5 14 -487956 0 17 -487956 1
gene 3 6 14 4890 0 18 4890 1
gene 2 7 14 389706 0 19 389706 1
gene 3 8 14 63367 0 20 63367 1
gene 1 9 14 -457131 0 21 -457131 1
gene 2 10 14 -265992 0 22 -265992 1
gene 4 11 14 -209130 0 23 -209130 0
gene 1 12 14 -54849 0 24 -54849 1
gene 3 1 15 295992 0 25 295992 1
gene 3 2 15 472542 0 26 472542 1
gene 1 3 15 -58021 0 27 -58021 1
gene 4 4 15 -363395 0 28 -363395 1
gene 3 5 15 -276423 0 29 -276423 0
gene 1 6 15 800000 0 30 800000 1
gene 3 7 15 -330106 0 31 -330106 1
gene 2 8 15 333729 0 32 333729 1
gene 4 9 15 -49920 0 33 -49920 1
gene 3 10 15 -707 0 34 -707 0
gene 1 11 15 -406363 0 35 -406363 1
gene 2 12 15 190266 0 36 190266 1
gene 3 5 34 436159 0 79 436159 1
gene 3 34 13 59052 0 80 59052 1
gene 4 11 42 427846 0 98 427846 1
gene 4 42 14 236673 0 99 236673 1
gene 2 10 83 286945 0 201 286945 1
gene 2 83 13 -774 0 202 -774 1
gene 3 2 34 -234252 0 412 -234252 1
gene 3 4 196 79756 0 482 79756 1
gene 3 196 14 257817 0 483 257817 1
gene 3 10 217 682333 0 538 682333 1
gene 3 217 15 218952 0 539 218952 0
gene 3 5 242 58446 0 604 58446 1
gene 3 242 15 386876 0 605 386876 1
gene 3 217 374 1 0 969 0 1
gene 3 374 15 218952 0 970 0 1
genomeend 56


/* Organism #64 Fitness: 370.000000 Time: 0 */
/* Position #64*/
#1 x: 75 y: 18
#2 x: 26 y: 15
#3 x: 70 y: 23
#4 x: 75 y: 61
#5 x: 79 y: 64
#6 x: 84 y: 72
genomestart 64
trait 1 1.000000 0.000000 0.000000 0.000000 0.000000 0.000000 0.000000 0.000000 trait 2 2.000000 0.000000 0.000000 0.000000 0.000000 0.000000 0.000000 0.000000 trait 3 3.000000 0.000000 0.000000 0.000000 0.000000 0.000000 0.000000 0.000000 trait 4 0.000000 0.000000 0.000000 0.000000 60204.000000 0.000000 0.000000 0.000000 node 1 4 1 3
node 2 2 1 1
node 3 3 1 1
node 4 3 1 1
node 5 4 1 1
node 6 4 1 1
node 7 4 1 1
node 8 3 1 1
node 9 1 1 1
node 10 1 1 1
node 11 3 1 1
node 12 3 1 1
node 13 1 0 2
node 14 3 0 2
node 15 2 0 2
node 45 1 0 0
node 113 1 0 0
node 189 1 0 0
gene 1 1 13 -365358 0 1 -365358 1
gene 3 2 13 -472524 0 2 -472524 1
gene 1 3 13 184230 0 3 184230 0
gene 3 4 13 230442 0 4 230442 1
gene 2 5 13 -408789 0 5 -408789 1
gene 2 6 13 -714387 0 6 -714387 1
gene 2 7 13 -200436 0 7 -200436 1
gene 2 8 13 -231343 0 8 -231343 1
gene 4 9 13 207261 0 9 207261 0
gene 2 10 13 502023 0 10 502023 1
gene 2 11 13 17898 0 11 17898 1
gene 4 12 13 233205 0 12 233205 1
gene 4 1 14 -96951 0 13 -96951 1
gene 1 2 14 -191940 0 14 -191940 1
gene 1 3 14 193863 0 15 193863 1
gene 2 4 14 245616 0 16 245616 1
gene 1 5 14 800000 0 17 800000 1
gene 1 6 14 559839 0 18 559839 1
gene 2 7 14 -252048 0 19 -252048 1
gene 1 8 14 470211 0 20 470211 1
gene 1 9 14 -207864 0 21 -207864 1
gene 3 10 14 -5274 0 22 -5274 1
gene 2 11 14 46368 0 23 46368 1
gene 3 12 14 477305 0 24 477305 1
gene 3 1 15 -44280 0 25 -44280 1
gene 2 2 15 -235410 0 26 -235410 0
gene 1 3 15 257859 0 27 257859 1
gene 1 4 15 515922 0 28 515922 1
gene 3 5 15 -320526 0 29 -320526 1
gene 3 6 15 242145 0 30 242145 1
gene 1 7 15 -663333 0 31 -663333 1
gene 3 8 15 -183765 0 32 -183765 1
gene 3 9 15 -315591 0 33 -315591 1
gene 1 10 15 -93099 0 34 -93099 1
gene 1 11 15 -116451 0 35 -116451 1
gene 3 12 15 62118 0 36 62118 1
gene 4 9 45 -143828 0 104 -143828 1
gene 4 45 13 34182 0 105 34182 1
gene 1 3 113 -195201 0 275 -195201 1
gene 1 113 13 -137907 0 276 -137907 1
gene 2 2 189 -113484 0 464 -113484 1
gene 2 189 15 -272556 0 465 -272556 1
gene 2 5 189 -26097 0 566 -26097 1
gene 4 13 13 -256107 1 644 -256107 1
genomeend 64


/* Organism #70 Fitness: 240.000000 Time: 0 */
/* Position #70*/
#1 x: 66 y: 25
#2 x: 26 y: 35
#3 x: 22 y: 22
#4 x: 21 y: 75
#5 x: 72 y: 76
#6 x: 64 y: 79
genomestart 70
trait 1 1.000000 0.000000 0.000000 0.000000 0.000000 0.000000 0.000000 0.000000 trait 2 2.000000 0.000000 0.000000 0.000000 0.000000 0.000000 0.000000 0.000000 trait 3 3.000000 0.000000 0.000000 0.000000 0.000000 0.000000 0.000000 0.000000 trait 4 4.000000 0.000000 0.000000 0.000000 0.000000 0.000000 0.000000 0.000000 node 1 3 1 3
node 2 4 1 1
node 3 4 1 1
node 4 1 1 1
node 5 2 1 1
node 6 1 1 1
node 7 3 1 1
node 8 4 1 1
node 9 3 1 1
node 10 1 1 1
node 11 2 1 1
node 12 1 1 1
node 13 2 0 2
node 14 2 0 2
node 15 1 0 2
node 17 1 0 0
node 87 1 0 0
node 121 1 0 0
node 198 1 0 0
node 221 1 0 0
node 247 1 0 0
node 285 1 0 0
node 310 1 0 0
node 332 1 0 0
gene 3 1 13 -158847 0 1 -158847 1
gene 1 2 13 -225711 0 2 -225711 1
gene 1 3 13 483502 0 3 483502 1
gene 1 4 13 564545 0 4 564545 1
gene 3 5 13 -29217 0 5 -29217 1
gene 1 6 13 135744 0 6 135744 1
gene 4 7 13 44799 0 7 44799 1
gene 1 8 13 933 0 8 933 1
gene 4 9 13 -198487 0 9 -198487 1
gene 2 10 13 -122500 0 10 -122500 1
gene 3 11 13 70170 0 11 70170 1
gene 2 12 13 509411 0 12 509411 1
gene 4 1 14 24277 0 13 24277 1
gene 2 2 14 132103 0 14 132103 1
gene 4 3 14 -163230 0 15 -163230 1
gene 2 4 14 -130866 0 16 -130866 0
gene 1 5 14 15630 0 17 15630 1
gene 4 6 14 259950 0 18 259950 1
gene 2 7 14 -181818 0 19 -181818 0
gene 4 8 14 -199613 0 20 -199613 1
gene 1 9 14 359097 0 21 359097 1
gene 3 10 14 -494776 0 22 -494776 1
gene 1 11 14 -74734 0 23 -74734 1
gene 1 12 14 108591 0 24 108591 1
gene 2 1 15 518921 0 25 518921 1
gene 3 2 15 -157421 0 26 -157421 1
gene 1 3 15 -329824 0 27 -329824 1
gene 1 4 15 -587889 0 28 -587889 1
gene 3 5 15 -68094 0 29 -68094 1
gene 1 6 15 379920 0 30 379920 1
gene 1 7 15 30147 0 31 30147 0
gene 4 8 15 -425779 0 32 -425779 0
gene 1 9 15 439088 0 33 439088 1
gene 1 10 15 147175 0 34 147175 0
gene 3 11 15 351141 0 35 351141 1
gene 3 12 15 -128905 0 36 -128905 1
gene 1 2 17 441738 0 40 441738 1
gene 1 17 13 -383139 0 41 -383139 1
gene 1 10 87 -72987 0 211 -72987 1
gene 1 87 15 385405 0 212 385405 1
gene 2 7 121 108598 0 299 108598 1
gene 2 121 14 181389 0 300 181389 1
gene 1 2 198 142876 0 486 142876 1
gene 1 198 17 320298 0 487 320298 0
gene 2 7 221 -109856 0 546 -109856 1
gene 2 221 121 166531 0 547 166531 1
gene 1 7 247 1 0 617 1 1
gene 1 247 15 404189 0 618 404189 1
gene 1 198 285 185569 0 730 185569 1
gene 1 285 17 320298 0 731 320298 1
gene 2 4 310 294049 0 795 294049 1
gene 2 310 14 32382 0 796 32382 1
gene 4 8 332 -140402 0 863 -140402 1
gene 4 332 15 103569 0 864 103569 1
genomeend 70


/* Organism #74 Fitness: 270.000000 Time: 0 */
/* Position #74*/
#1 x: 80 y: 27
#2 x: 78 y: 22
#3 x: 25 y: 37
#4 x: 38 y: 78
#5 x: 58 y: 60
#6 x: 72 y: 74
genomestart 74
trait 1 1.000000 0.000000 0.000000 0.000000 0.000000 0.000000 0.000000 0.000000 trait 2 2.000000 0.000000 0.000000 0.000000 0.000000 0.000000 0.000000 0.000000 trait 3 3.000000 0.000000 0.000000 0.000000 0.000000 0.000000 0.000000 0.000000 trait 4 0.000000 0.000000 25387.000000 3476.000000 64310.000000 44541.000000 0.000000 0.000000 node 1 4 1 3
node 2 2 1 1
node 3 3 1 1
node 4 3 1 1
node 5 4 1 1
node 6 4 1 1
node 7 4 1 1
node 8 3 1 1
node 9 1 1 1
node 10 1 1 1
node 11 3 1 1
node 12 3 1 1
node 13 1 0 2
node 14 3 0 2
node 15 2 0 2
node 45 1 0 0
node 113 1 0 0
node 189 1 0 0
node 366 1 0 0
gene 1 1 13 621357 0 1 621357 1
gene 3 2 13 -210940 0 2 -210940 1
gene 1 3 13 -448169 0 3 -448169 0
gene 3 4 13 168048 0 4 168048 1
gene 2 5 13 -82674 0 5 -82674 1
gene 2 6 13 -573546 0 6 -573546 1
gene 2 7 13 -70026 0 7 -70026 1
gene 2 8 13 170942 0 8 170942 1
gene 4 9 13 75333 0 9 75333 0
gene 2 10 13 289518 0 10 289518 1
gene 2 11 13 143223 0 11 143223 1
gene 4 12 13 104799 0 12 104799 1
gene 4 1 14 -414120 0 13 -414120 1
gene 1 2 14 -266091 0 14 -266091 1
gene 1 3 14 391158 0 15 391158 1
gene 2 4 14 -800000 0 16 -800000 1
gene 1 5 14 732687 0 17 732687 0
gene 1 6 14 552258 0 18 552258 1
gene 2 7 14 -26703 0 19 -26703 1
gene 1 8 14 429525 0 20 429525 1
gene 1 9 14 21795 0 21 21795 1
gene 3 10 14 -66042 0 22 -66042 1
gene 2 11 14 -645396 0 23 -645396 1
gene 3 12 14 644681 0 24 644681 1
gene 3 1 15 -96939 0 25 -96939 1
gene 2 2 15 -582429 0 26 -582429 0
gene 1 3 15 144642 0 27 144642 1
gene 1 4 15 406308 0 28 406308 1
gene 3 5 15 8621 0 29 8621 1
gene 3 6 15 -214698 0 30 -214698 1
gene 1 7 15 -212292 0 31 -212292 1
gene 3 8 15 83394 0 32 83394 1
gene 3 9 15 -450831 0 33 -450831 1
gene 1 10 15 242130 0 34 242130 1
gene 1 11 15 282969 0 35 282969 1
gene 3 12 15 -154512 0 36 -154512 1
gene 4 9 45 96850 0 104 96850 1
gene 4 45 13 560055 0 105 560055 1
gene 1 3 113 43191 0 275 43191 1
gene 1 113 13 -448439 0 276 -448439 1
gene 2 2 189 270396 0 464 270396 0
gene 2 189 15 -185121 0 465 -185121 1
gene 2 5 189 -204051 0 566 -204051 1
gene 4 13 13 -49272 1 644 -49272 1
gene 1 5 366 1 0 949 0 1
gene 1 366 14 732687 0 950 0 1
genomeend 74


