/* Organism #0 Fitness: 460.000000 Time: 0 */
/* Position #0*/
#1 x: 62 y: 37
#2 x: 29 y: 18
#3 x: 20 y: 27
#4 x: 20 y: 65
#5 x: 41 y: 77
#6 x: 30 y: 68
genomestart 0
trait 1 43007.000000 16300.000000 6994.000000 28041.000000 57524.000000 37112.000000 87908.000000 80535.000000 trait 2 2.000000 0.000000 0.000000 0.000000 0.000000 0.000000 0.000000 0.000000 trait 3 0.000000 0.000000 0.000000 51304.000000 0.000000 13538.000000 70969.000000 30146.000000 trait 4 4.000000 0.000000 0.000000 36940.000000 0.000000 0.000000 43316.000000 37957.000000 node 1 4 1 3
node 2 4 1 1
node 3 1 1 1
node 4 1 1 1
node 5 1 1 1
node 6 2 1 1
node 7 4 1 1
node 8 4 1 1
node 9 2 1 1
node 10 1 1 1
node 11 2 1 1
node 12 4 1 1
node 13 2 0 2
node 14 2 0 2
node 15 3 0 2
node 121 1 0 0
node 235 1 0 0
node 384 1 0 0
node 420 1 0 0
node 433 1 0 0
node 461 1 0 0
node 500 1 0 0
node 516 1 0 0
node 697 3 0 0
node 1018 1 0 0
node 1130 1 0 0
node 1323 3 0 0
node 1393 1 0 0
node 1479 1 0 0
node 1531 4 0 0
node 1683 1 0 0
node 1735 1 0 0
node 1875 1 0 0
node 2034 1 0 0
node 2142 1 0 0
node 2172 1 0 0
node 2206 1 0 0
node 2313 1 0 0
node 2332 1 0 0
node 2368 1 0 0
node 2491 1 0 0
node 2512 1 0 0
node 2530 1 0 0
node 2547 1 0 0
node 2645 1 0 0
node 2707 1 0 0
gene 2 1 13 313215 0 1 313215 1
gene 3 2 13 -487479 0 2 -487479 1
gene 2 3 13 -518232 0 3 -518232 1
gene 3 4 13 215052 0 4 215052 1
gene 2 5 13 -637946 0 5 -637946 0
gene 4 6 13 200364 0 6 200364 1
gene 3 7 13 623958 0 7 623958 1
gene 2 8 13 731030 0 8 731030 0
gene 3 9 13 -800000 0 9 -800000 0
gene 2 10 13 -39465 0 10 -39465 0
gene 2 11 13 485112 0 11 485112 1
gene 4 12 13 404280 0 12 404280 1
gene 2 1 14 537575 0 13 537575 1
gene 2 2 14 224808 0 14 224808 1
gene 4 3 14 800000 0 15 800000 1
gene 4 4 14 276546 0 16 276546 0
gene 4 5 14 99717 0 17 99717 1
gene 3 6 14 173130 0 18 173130 0
gene 2 7 14 800000 0 19 800000 1
gene 1 8 14 635190 0 20 635190 0
gene 3 9 14 432150 0 21 432150 1
gene 1 10 14 264717 0 22 264717 1
gene 1 11 14 -593414 0 23 -593414 1
gene 4 12 14 -48307 0 24 -48307 1
gene 3 1 15 580058 0 25 580058 1
gene 3 2 15 -598128 0 26 -598128 1
gene 3 3 15 -800000 0 27 -800000 0
gene 3 4 15 624266 0 28 624266 1
gene 3 5 15 -800000 0 29 -800000 1
gene 1 6 15 -33117 0 30 -33117 1
gene 3 7 15 -215079 0 31 -215079 0
gene 3 8 15 -209106 0 32 -209106 1
gene 3 9 15 -154407 0 33 -154407 1
gene 3 10 15 -62577 0 34 -62577 0
gene 2 11 15 800000 0 35 800000 1
gene 4 12 15 -500250 0 36 -500250 0
gene 4 15 15 309633 1 174 309633 0
gene 3 8 121 305385 0 329 305385 0
gene 3 121 15 596118 0 330 596118 1
gene 2 5 121 -168912 0 438 -168912 1
gene 2 7 121 -702501 0 483 -702501 0
gene 4 4 235 -101463 0 666 -101463 1
gene 4 235 14 -800000 0 667 -800000 1
gene 1 1 235 -120969 0 753 -120969 1
gene 3 9 235 -287025 0 1108 -287025 1
gene 3 10 384 -138717 0 1126 -138717 1
gene 3 384 15 -636746 0 1127 -636746 0
gene 2 14 14 -704586 1 1197 -704586 1
gene 3 7 420 73137 0 1239 73137 0
gene 3 420 15 -272055 0 1240 -272055 0
gene 3 2 433 -151266 0 1284 -151266 0
gene 3 433 13 -48927 0 1285 -48927 1
gene 4 3 461 -714599 0 1352 -714599 1
gene 4 461 14 432173 0 1353 432173 1
gene 4 15 500 -179838 1 1453 -179838 1
gene 4 500 15 -15465 0 1454 -15465 1
gene 1 8 516 -25791 0 1500 -25791 1
gene 1 516 14 247452 0 1501 247452 1
gene 1 384 121 541260 0 1548 541260 1
gene 2 8 461 -250011 0 1965 -250011 1
gene 1 3 697 51423 0 2038 51423 0
gene 3 697 15 800000 0 2039 800000 1
gene 2 1 500 714575 0 2133 714575 1
gene 1 3 433 -609926 0 2628 -609926 1
gene 1 516 516 573192 1 2664 573192 1
gene 3 8 1018 732432 0 2997 732432 1
gene 3 1018 121 351605 0 2998 351605 0
gene 3 15 433 57267 0 3156 57267 1
gene 1 10 1130 304587 0 3329 304587 1
gene 1 1130 14 198552 0 3330 198552 1
gene 3 500 697 -24948 0 3371 -24948 1
gene 2 3 516 -15789 0 3603 -15789 1
gene 2 9 1323 -106200 0 3885 -106200 0
gene 2 1323 14 -409254 0 3886 -409254 0
gene 2 121 420 628007 0 3959 628007 0
gene 2 8 1393 130797 0 4093 130797 0
gene 2 1393 13 -268182 0 4094 -268182 1
gene 1 11 1479 -16728 0 4325 -16728 1
gene 1 1479 14 287472 0 4326 287472 1
gene 4 12 1531 763323 0 4477 763323 1
gene 4 1531 15 270654 0 4478 270654 1
gene 3 1393 433 156486 0 4734 156486 1
gene 2 1323 1683 469728 0 4950 469728 1
gene 2 1683 14 -80535 0 4951 -80535 1
gene 3 6 1735 -174021 0 5103 -174021 1
gene 3 1735 14 232599 0 5104 232599 1
gene 1 5 516 88002 0 5346 88002 1
gene 1 516 433 -800000 0 5443 -800000 1
gene 3 2 1875 203010 0 5505 203010 1
gene 3 1875 433 152415 0 5506 152415 1
gene 1 1683 461 -14970 0 5687 -14970 1
gene 1 516 121 289263 0 5877 289263 1
gene 3 3 2034 85743 0 5939 85743 1
gene 3 2034 697 370113 0 5940 370113 1
gene 3 5 1479 600746 0 6157 600746 1
gene 3 7 2142 -102783 0 6248 -102783 1
gene 3 2142 420 6747 0 6249 6747 1
gene 3 420 2172 800000 0 6332 800000 0
gene 3 2172 15 -80013 0 6333 -80013 1
gene 2 1735 1735 239835 1 6388 239835 0
gene 2 8 2206 -267105 0 6436 -267105 1
gene 2 2206 1393 53844 0 6437 53844 1
gene 2 121 2313 -15678 0 6747 -15678 1
gene 2 2313 420 265143 0 6748 265143 1
gene 2 9 2332 -534216 0 6797 -534216 1
gene 2 2332 1323 -567504 0 6798 -567504 1
gene 4 1323 2034 -287790 0 6848 -287790 1
gene 2 7 2368 -23801 0 6897 -23801 0
gene 2 2368 121 -186066 0 6898 -186066 1
gene 2 384 1531 -233397 0 7018 -233397 1
gene 2 2142 1018 218688 0 7205 218688 1
gene 3 2206 2034 -44079 0 7245 -44079 1
gene 2 7 2491 198121 0 7283 198121 1
gene 2 2491 2368 29529 0 7284 29529 1
gene 2 5 2512 190711 0 7337 190711 1
gene 2 2512 13 -800000 0 7338 -800000 1
gene 2 10 2530 -294059 0 7387 -294059 1
gene 2 2530 13 -800000 0 7388 -800000 1
gene 3 9 2547 -262253 0 7440 -262253 1
gene 3 2547 13 -800000 0 7441 -800000 1
gene 2 2034 1479 -49239 0 7646 -49239 1
gene 3 420 2645 1 0 7731 0 1
gene 3 2645 2172 800000 0 7732 0 1
gene 3 516 2142 -64584 0 7791 -64584 1
gene 2 1735 2707 1 1 7896 0 1
gene 2 2707 1735 239835 0 7897 0 1
genomeend 0


/* Organism #6 Fitness: 320.000000 Time: 0 */
/* Position #6*/
#1 x: 84 y: 30
#2 x: 73 y: 19
#3 x: 16 y: 21
#4 x: 47 y: 78
#5 x: 50 y: 78
#6 x: 32 y: 63
genomestart 6
trait 1 43007.000000 16300.000000 6994.000000 28041.000000 57524.000000 37112.000000 87908.000000 80535.000000 trait 2 2.000000 0.000000 0.000000 0.000000 0.000000 0.000000 0.000000 0.000000 trait 3 0.000000 0.000000 0.000000 51304.000000 0.000000 13538.000000 70969.000000 30146.000000 trait 4 4.000000 0.000000 0.000000 36940.000000 0.000000 0.000000 43316.000000 37957.000000 node 1 4 1 3
node 2 4 1 1
node 3 1 1 1
node 4 1 1 1
node 5 1 1 1
node 6 2 1 1
node 7 4 1 1
node 8 4 1 1
node 9 2 1 1
node 10 1 1 1
node 11 2 1 1
node 12 4 1 1
node 13 2 0 2
node 14 1 0 2
node 15 3 0 2
node 121 1 0 0
node 235 1 0 0
node 384 1 0 0
node 420 1 0 0
node 433 1 0 0
node 461 1 0 0
node 500 1 0 0
node 516 1 0 0
node 697 3 0 0
node 1018 1 0 0
node 1130 1 0 0
node 1323 3 0 0
node 1393 1 0 0
node 1479 1 0 0
node 1531 4 0 0
node 1683 1 0 0
node 1735 1 0 0
node 1875 1 0 0
node 2034 1 0 0
node 2142 1 0 0
node 2172 1 0 0
node 2206 1 0 0
node 2313 1 0 0
node 2332 1 0 0
node 2368 1 0 0
node 2412 1 0 0
node 2430 1 0 0
node 2481 1 0 0
node 2494 1 0 0
node 2636 1 0 0
node 2655 1 0 0
node 2672 1 0 0
node 2689 1 0 0
node 2709 1 0 0
gene 2 1 13 101040 0 1 101040 1
gene 3 2 13 800000 0 2 800000 1
gene 2 3 13 107586 0 3 107586 1
gene 3 4 13 626451 0 4 626451 1
gene 2 5 13 -623207 0 5 -623207 1
gene 4 6 13 69990 0 6 69990 1
gene 3 7 13 -264744 0 7 -264744 1
gene 2 8 13 350765 0 8 350765 0
gene 3 9 13 228640 0 9 228640 0
gene 2 10 13 454533 0 10 454533 1
gene 2 11 13 -419955 0 11 -419955 0
gene 4 12 13 -600237 0 12 -600237 1
gene 2 1 14 -25686 0 13 -25686 1
gene 2 2 14 -191490 0 14 -191490 1
gene 4 3 14 109356 0 15 109356 1
gene 4 4 14 -140889 0 16 -140889 0
gene 4 5 14 -71076 0 17 -71076 1
gene 3 6 14 -141927 0 18 -141927 0
gene 2 7 14 -108597 0 19 -108597 1
gene 1 8 14 -800000 0 20 -800000 0
gene 3 9 14 -289446 0 21 -289446 1
gene 1 10 14 549219 0 22 549219 1
gene 1 11 14 -784280 0 23 -784280 1
gene 4 12 14 -124984 0 24 -124984 1
gene 3 1 15 180969 0 25 180969 1
gene 3 2 15 138504 0 26 138504 1
gene 3 3 15 -384444 0 27 -384444 0
gene 3 4 15 233433 0 28 233433 1
gene 3 5 15 -221337 0 29 -221337 1
gene 1 6 15 -252294 0 30 -252294 1
gene 3 7 15 -37356 0 31 -37356 0
gene 3 8 15 -416742 0 32 -416742 0
gene 3 9 15 -215562 0 33 -215562 0
gene 3 10 15 90150 0 34 90150 0
gene 2 11 15 197672 0 35 197672 1
gene 4 12 15 -800000 0 36 -800000 0
gene 4 15 15 300540 1 174 300540 0
gene 3 8 121 90171 0 329 90171 0
gene 3 121 15 -465483 0 330 -465483 1
gene 2 5 121 109362 0 438 109362 1
gene 2 7 121 108318 0 483 108318 0
gene 4 4 235 -56673 0 666 -56673 1
gene 4 235 14 -653639 0 667 -653639 1
gene 1 1 235 24243 0 753 24243 1
gene 1 9 235 -724985 0 1108 -724985 1
gene 3 10 384 -156186 0 1126 -156186 1
gene 3 384 15 134625 0 1127 134625 0
gene 2 14 14 -111855 1 1197 -111855 1
gene 3 7 420 82500 0 1239 82500 0
gene 3 420 15 800000 0 1240 800000 0
gene 3 2 433 -311241 0 1284 -311241 0
gene 3 433 13 117942 0 1285 117942 1
gene 4 3 461 70944 0 1352 70944 1
gene 4 461 14 800000 0 1353 800000 0
gene 4 15 500 445169 1 1453 445169 1
gene 4 500 15 -800000 0 1454 -800000 1
gene 1 8 516 -401949 0 1500 -401949 1
gene 1 516 14 -430137 0 1501 -430137 1
gene 1 384 121 257700 0 1548 257700 1
gene 2 8 461 249 0 1965 249 1
gene 3 3 697 26451 0 2038 26451 0
gene 3 697 15 800000 0 2039 800000 1
gene 2 1 500 644693 0 2133 644693 1
gene 1 3 433 -514379 0 2628 -514379 1
gene 1 516 516 -528630 1 2664 -528630 1
gene 3 8 1018 591648 0 2997 591648 1
gene 3 1018 121 480563 0 2998 480563 0
gene 3 15 433 -489678 0 3156 -489678 1
gene 1 10 1130 -750521 0 3329 -750521 1
gene 1 1130 14 97668 0 3330 97668 1
gene 3 500 697 -251244 0 3371 -251244 1
gene 2 3 516 -396789 0 3603 -396789 1
gene 2 9 1323 -228201 0 3885 -228201 0
gene 2 1323 14 230589 0 3886 230589 0
gene 2 121 420 294474 0 3959 294474 0
gene 2 8 1393 -21879 0 4093 -21879 0
gene 2 1393 13 800000 0 4094 800000 1
gene 1 11 1479 -201306 0 4325 -201306 1
gene 1 1479 14 -402801 0 4326 -402801 1
gene 4 12 1531 317892 0 4477 317892 1
gene 4 1531 15 279036 0 4478 279036 1
gene 3 1393 433 713487 0 4734 713487 1
gene 2 1323 1683 283542 0 4950 283542 1
gene 2 1683 14 284193 0 4951 284193 1
gene 3 6 1735 288171 0 5103 288171 1
gene 3 1735 14 58224 0 5104 58224 1
gene 1 5 516 577683 0 5346 577683 1
gene 1 516 433 477948 0 5443 477948 1
gene 3 2 1875 -106116 0 5505 -106116 1
gene 3 1875 433 301899 0 5506 301899 1
gene 1 1683 461 -356832 0 5687 -356832 1
gene 1 516 121 429387 0 5877 429387 1
gene 3 3 2034 599328 0 5939 599328 1
gene 3 2034 697 -459498 0 5940 -459498 1
gene 3 5 1479 24594 0 6157 24594 1
gene 3 7 2142 -15291 0 6248 -15291 1
gene 3 2142 420 -26973 0 6249 -26973 1
gene 3 420 2172 -404076 0 6332 -404076 1
gene 3 2172 15 -352614 0 6333 -352614 1
gene 2 1735 1735 -87066 1 6388 -87066 1
gene 2 8 2206 -60744 0 6436 -60744 0
gene 2 2206 1393 -780864 0 6437 -780864 1
gene 2 121 2313 417436 0 6747 417436 0
gene 2 2313 420 423774 0 6748 423774 1
gene 2 9 2332 289122 0 6797 289122 1
gene 2 2332 1323 132348 0 6798 132348 1
gene 4 1323 2034 -255933 0 6848 -255933 1
gene 2 7 2368 135192 0 6897 135192 0
gene 2 2368 121 -279786 0 6898 -279786 1
gene 3 8 2412 161232 0 7028 161232 1
gene 3 2412 15 508632 0 7029 508632 1
gene 2 8 2430 -76308 0 7088 -76308 1
gene 2 2430 2206 -541290 0 7089 -541290 1
gene 2 121 2481 29361 0 7252 29361 1
gene 2 2481 2313 178015 0 7253 178015 1
gene 3 9 2494 -295532 0 7292 -295532 1
gene 3 2494 15 -187320 0 7293 -187320 1
gene 2 1479 384 -279473 0 7389 -279473 1
gene 2 121 2142 -31719 0 7445 -31719 1
gene 2 7 2636 1 0 7707 0 1
gene 2 2636 2368 135192 0 7708 0 1
gene 4 461 2655 1 0 7760 0 1
gene 4 2655 14 800000 0 7761 0 0
gene 4 2655 2672 1 0 7800 0 1
gene 4 2672 14 800000 0 7801 0 1
gene 2 11 2689 1 0 7847 0 1
gene 2 2689 13 -419955 0 7848 0 1
gene 3 9 2709 1 0 7901 0 1
gene 3 2709 13 228640 0 7902 0 1
genomeend 6


/* Organism #8 Fitness: 340.000000 Time: 0 */
/* Position #8*/
#1 x: 85 y: 35
#2 x: 67 y: 28
#3 x: 80 y: 25
#4 x: 19 y: 78
#5 x: 72 y: 81
#6 x: 55 y: 65
genomestart 8
trait 1 43007.000000 16300.000000 6994.000000 28041.000000 57524.000000 37112.000000 87908.000000 80535.000000 trait 2 2.000000 0.000000 0.000000 0.000000 0.000000 0.000000 0.000000 0.000000 trait 3 0.000000 0.000000 0.000000 51304.000000 0.000000 13538.000000 70969.000000 30146.000000 trait 4 4.000000 0.000000 0.000000 36940.000000 0.000000 0.000000 43316.000000 37957.000000 node 1 4 1 3
node 2 4 1 1
node 3 1 1 1
node 4 1 1 1
node 5 1 1 1
node 6 2 1 1
node 7 4 1 1
node 8 4 1 1
node 9 2 1 1
node 10 1 1 1
node 11 2 1 1
node 12 4 1 1
node 13 2 0 2
node 14 1 0 2
node 15 3 0 2
node 121 1 0 0
node 235 1 0 0
node 384 1 0 0
node 420 1 0 0
node 433 1 0 0
node 461 1 0 0
node 500 1 0 0
node 516 1 0 0
node 697 3 0 0
node 1018 1 0 0
node 1130 1 0 0
node 1323 3 0 0
node 1393 1 0 0
node 1479 1 0 0
node 1531 4 0 0
node 1683 1 0 0
node 1735 1 0 0
node 1875 3 0 0
node 2034 1 0 0
node 2142 1 0 0
node 2172 1 0 0
node 2206 1 0 0
node 2313 1 0 0
node 2332 1 0 0
node 2368 1 0 0
node 2412 1 0 0
node 2430 1 0 0
node 2481 1 0 0
node 2494 1 0 0
gene 2 1 13 428127 0 1 428127 1
gene 3 2 13 781391 0 2 781391 1
gene 2 3 13 -183396 0 3 -183396 1
gene 3 4 13 -242190 0 4 -242190 1
gene 2 5 13 571899 0 5 571899 1
gene 4 6 13 -215930 0 6 -215930 1
gene 3 7 13 800000 0 7 800000 1
gene 2 8 13 800000 0 8 800000 0
gene 3 9 13 215572 0 9 215572 1
gene 2 10 13 -800000 0 10 -800000 1
gene 2 11 13 -435957 0 11 -435957 1
gene 4 12 13 90726 0 12 90726 1
gene 2 1 14 630351 0 13 630351 1
gene 2 2 14 105624 0 14 105624 1
gene 4 3 14 34173 0 15 34173 1
gene 4 4 14 179517 0 16 179517 0
gene 4 5 14 142374 0 17 142374 1
gene 3 6 14 56295 0 18 56295 0
gene 2 7 14 320820 0 19 320820 1
gene 1 8 14 -387108 0 20 -387108 0
gene 3 9 14 -107382 0 21 -107382 1
gene 1 10 14 189273 0 22 189273 1
gene 1 11 14 -301376 0 23 -301376 1
gene 4 12 14 402123 0 24 402123 1
gene 3 1 15 -150210 0 25 -150210 1
gene 3 2 15 -30762 0 26 -30762 1
gene 3 3 15 -800000 0 27 -800000 0
gene 3 4 15 541248 0 28 541248 1
gene 3 5 15 -44268 0 29 -44268 1
gene 1 6 15 23628 0 30 23628 1
gene 3 7 15 -377754 0 31 -377754 0
gene 3 8 15 516069 0 32 516069 0
gene 3 9 15 -560928 0 33 -560928 0
gene 3 10 15 186246 0 34 186246 0
gene 2 11 15 -144505 0 35 -144505 1
gene 4 12 15 -800000 0 36 -800000 0
gene 4 15 15 294636 1 174 294636 0
gene 3 8 121 -165831 0 329 -165831 0
gene 3 121 15 -43803 0 330 -43803 1
gene 2 5 121 242217 0 438 242217 1
gene 2 7 121 433095 0 483 433095 0
gene 4 4 235 410745 0 666 410745 1
gene 4 235 14 54273 0 667 54273 1
gene 1 1 235 284820 0 753 284820 1
gene 1 9 235 -800000 0 1108 -800000 1
gene 3 10 384 -800000 0 1126 -800000 1
gene 3 384 15 -82295 0 1127 -82295 0
gene 2 14 14 603783 1 1197 603783 1
gene 3 7 420 -479943 0 1239 -479943 0
gene 3 420 15 131370 0 1240 131370 0
gene 3 2 433 271833 0 1284 271833 0
gene 3 433 13 571536 0 1285 571536 1
gene 4 3 461 -578364 0 1352 -578364 1
gene 4 461 14 -95781 0 1353 -95781 1
gene 4 15 500 -290088 1 1453 -290088 1
gene 4 500 15 -800000 0 1454 -800000 1
gene 1 8 516 -388725 0 1500 -388725 1
gene 1 516 14 683253 0 1501 683253 1
gene 1 384 121 -570726 0 1548 -570726 1
gene 2 8 461 -31158 0 1965 -31158 1
gene 3 3 697 -229101 0 2038 -229101 0
gene 3 697 15 -171084 0 2039 -171084 1
gene 2 1 500 800000 0 2133 800000 1
gene 1 3 433 -527562 0 2628 -527562 1
gene 1 516 516 -253929 1 2664 -253929 1
gene 3 8 1018 216783 0 2997 216783 1
gene 3 1018 121 469460 0 2998 469460 0
gene 3 15 433 -146787 0 3156 -146787 1
gene 1 10 1130 -800000 0 3329 -800000 1
gene 1 1130 14 10146 0 3330 10146 1
gene 3 500 697 -150663 0 3371 -150663 1
gene 2 3 516 800000 0 3603 800000 1
gene 2 9 1323 364521 0 3885 364521 0
gene 2 1323 14 735162 0 3886 735162 0
gene 2 121 420 183852 0 3959 183852 0
gene 2 8 1393 -16734 0 4093 -16734 0
gene 2 1393 13 138210 0 4094 138210 1
gene 1 11 1479 -69357 0 4325 -69357 1
gene 1 1479 14 -722031 0 4326 -722031 1
gene 4 12 1531 497160 0 4477 497160 1
gene 4 1531 15 -264858 0 4478 -264858 1
gene 3 1393 433 800000 0 4734 800000 1
gene 2 1323 1683 414633 0 4950 414633 1
gene 2 1683 14 -315009 0 4951 -315009 1
gene 3 6 1735 -800000 0 5103 -800000 1
gene 3 1735 14 -109512 0 5104 -109512 1
gene 1 5 516 153990 0 5346 153990 1
gene 1 516 433 -478086 0 5443 -478086 1
gene 3 2 1875 -202770 0 5505 -202770 1
gene 3 1875 433 339342 0 5506 339342 1
gene 1 1683 461 -513699 0 5687 -513699 1
gene 1 516 121 800000 0 5877 800000 1
gene 3 3 2034 -306927 0 5939 -306927 1
gene 3 2034 697 -773066 0 5940 -773066 1
gene 3 5 1479 301005 0 6157 301005 1
gene 3 7 2142 736504 0 6248 736504 1
gene 3 2142 420 205290 0 6249 205290 1
gene 3 420 2172 -230985 0 6332 -230985 1
gene 3 2172 15 232659 0 6333 232659 1
gene 2 1735 1735 -212157 1 6388 -212157 1
gene 2 8 2206 -668451 0 6436 -668451 0
gene 2 2206 1393 -11052 0 6437 -11052 1
gene 2 121 2313 70722 0 6747 70722 0
gene 2 2313 420 -58098 0 6748 -58098 1
gene 2 9 2332 405489 0 6797 405489 1
gene 2 2332 1323 293052 0 6798 293052 1
gene 4 1323 2034 800000 0 6848 800000 1
gene 2 7 2368 89916 0 6897 89916 1
gene 2 2368 121 -366750 0 6898 -366750 1
gene 3 8 2412 235143 0 7028 235143 1
gene 3 2412 15 128586 0 7029 128586 1
gene 2 8 2430 -837 0 7088 -837 1
gene 2 2430 2206 -147687 0 7089 -147687 1
gene 2 121 2481 -188121 0 7252 -188121 1
gene 2 2481 2313 525555 0 7253 525555 1
gene 3 9 2494 4095 0 7292 4095 1
gene 3 2494 15 -270813 0 7293 -270813 1
gene 2 1479 384 -300909 0 7389 -300909 1
gene 2 121 2142 -118110 0 7445 -118110 1
gene 2 6 433 -115845 0 7711 -115845 1
genomeend 8


/* Organism #9 Fitness: 310.000000 Time: 0 */
/* Position #9*/
#1 x: 85 y: 35
#2 x: 67 y: 28
#3 x: 80 y: 25
#4 x: 19 y: 78
#5 x: 72 y: 81
#6 x: 55 y: 65
genomestart 9
trait 1 43007.000000 16300.000000 6994.000000 28041.000000 57524.000000 37112.000000 87908.000000 80535.000000 trait 2 2.000000 0.000000 0.000000 0.000000 0.000000 0.000000 0.000000 0.000000 trait 3 0.000000 0.000000 0.000000 51304.000000 0.000000 13538.000000 70969.000000 30146.000000 trait 4 4.000000 0.000000 0.000000 36940.000000 0.000000 0.000000 43316.000000 37957.000000 node 1 4 1 3
node 2 4 1 1
node 3 1 1 1
node 4 1 1 1
node 5 1 1 1
node 6 2 1 1
node 7 4 1 1
node 8 4 1 1
node 9 2 1 1
node 10 1 1 1
node 11 2 1 1
node 12 4 1 1
node 13 2 0 2
node 14 1 0 2
node 15 3 0 2
node 121 1 0 0
node 235 1 0 0
node 384 1 0 0
node 420 1 0 0
node 433 1 0 0
node 461 1 0 0
node 500 1 0 0
node 516 1 0 0
node 697 3 0 0
node 1018 1 0 0
node 1130 1 0 0
node 1323 3 0 0
node 1393 1 0 0
node 1479 1 0 0
node 1531 4 0 0
node 1683 1 0 0
node 1735 1 0 0
node 1875 3 0 0
node 2034 1 0 0
node 2142 1 0 0
node 2172 1 0 0
node 2206 1 0 0
node 2313 1 0 0
node 2332 1 0 0
node 2368 1 0 0
node 2412 1 0 0
node 2430 1 0 0
node 2481 1 0 0
node 2494 1 0 0
node 2710 1 0 0
gene 2 1 13 400701 0 1 400701 1
gene 3 2 13 680651 0 2 680651 1
gene 2 3 13 -153153 0 3 -153153 1
gene 3 4 13 -383085 0 4 -383085 1
gene 2 5 13 614940 0 5 614940 1
gene 4 6 13 -237368 0 6 -237368 1
gene 3 7 13 525945 0 7 525945 1
gene 2 8 13 781163 0 8 781163 0
gene 3 9 13 58615 0 9 58615 1
gene 2 10 13 -800000 0 10 -800000 1
gene 2 11 13 -586050 0 11 -586050 1
gene 4 12 13 277140 0 12 277140 1
gene 2 1 14 426888 0 13 426888 1
gene 2 2 14 182352 0 14 182352 1
gene 4 3 14 208191 0 15 208191 1
gene 4 4 14 249009 0 16 249009 0
gene 4 5 14 365121 0 17 365121 1
gene 3 6 14 76101 0 18 76101 0
gene 2 7 14 79965 0 19 79965 1
gene 1 8 14 -158331 0 20 -158331 0
gene 3 9 14 -174177 0 21 -174177 1
gene 1 10 14 476976 0 22 476976 1
gene 1 11 14 -391847 0 23 -391847 1
gene 4 12 14 391923 0 24 391923 1
gene 3 1 15 62628 0 25 62628 1
gene 3 2 15 -239319 0 26 -239319 1
gene 3 3 15 -800000 0 27 -800000 0
gene 3 4 15 368508 0 28 368508 1
gene 3 5 15 -339708 0 29 -339708 1
gene 1 6 15 -229857 0 30 -229857 1
gene 3 7 15 -80001 0 31 -80001 0
gene 3 8 15 216585 0 32 216585 0
gene 3 9 15 -570591 0 33 -570591 0
gene 3 10 15 145581 0 34 145581 0
gene 2 11 15 152768 0 35 152768 1
gene 4 12 15 -800000 0 36 -800000 0
gene 4 15 15 152643 1 174 152643 0
gene 3 8 121 131679 0 329 131679 0
gene 3 121 15 38316 0 330 38316 1
gene 2 5 121 193239 0 438 193239 1
gene 2 7 121 144720 0 483 144720 0
gene 4 4 235 173688 0 666 173688 1
gene 4 235 14 254994 0 667 254994 1
gene 1 1 235 347802 0 753 347802 1
gene 1 9 235 -610041 0 1108 -610041 1
gene 3 10 384 -689567 0 1126 -689567 1
gene 3 384 15 -292463 0 1127 -292463 0
gene 2 14 14 425646 1 1197 425646 1
gene 3 7 420 -262992 0 1239 -262992 0
gene 3 420 15 201921 0 1240 201921 0
gene 3 2 433 473052 0 1284 473052 0
gene 3 433 13 441114 0 1285 441114 1
gene 4 3 461 -388239 0 1352 -388239 1
gene 4 461 14 27888 0 1353 27888 1
gene 4 15 500 -119427 1 1453 -119427 1
gene 4 500 15 -800000 0 1454 -800000 1
gene 1 8 516 -278118 0 1500 -278118 1
gene 1 516 14 480711 0 1501 480711 1
gene 1 384 121 -395355 0 1548 -395355 1
gene 2 8 461 -81267 0 1965 -81267 1
gene 3 3 697 -356511 0 2038 -356511 0
gene 3 697 15 -289290 0 2039 -289290 1
gene 2 1 500 637199 0 2133 637199 1
gene 1 3 433 -543504 0 2628 -543504 1
gene 1 516 516 -137466 1 2664 -137466 1
gene 3 8 1018 67926 0 2997 67926 1
gene 3 1018 121 219302 0 2998 219302 0
gene 3 15 433 -179670 0 3156 -179670 1
gene 1 10 1130 -800000 0 3329 -800000 1
gene 1 1130 14 -254577 0 3330 -254577 1
gene 3 500 697 -156885 0 3371 -156885 1
gene 2 3 516 651270 0 3603 651270 1
gene 2 9 1323 123150 0 3885 123150 0
gene 2 1323 14 529890 0 3886 529890 0
gene 2 121 420 364152 0 3959 364152 0
gene 2 8 1393 70578 0 4093 70578 0
gene 2 1393 13 -25872 0 4094 -25872 1
gene 1 11 1479 122325 0 4325 122325 1
gene 1 1479 14 -493839 0 4326 -493839 1
gene 4 12 1531 254736 0 4477 254736 1
gene 4 1531 15 -24153 0 4478 -24153 1
gene 3 1393 433 800000 0 4734 800000 1
gene 2 1323 1683 389949 0 4950 389949 1
gene 2 1683 14 -110235 0 4951 -110235 1
gene 3 6 1735 -800000 0 5103 -800000 1
gene 3 1735 14 -332187 0 5104 -332187 1
gene 1 5 516 28035 0 5346 28035 1
gene 1 516 433 -239553 0 5443 -239553 1
gene 3 2 1875 31989 0 5505 31989 1
gene 3 1875 433 415263 0 5506 415263 1
gene 1 1683 461 -336222 0 5687 -336222 1
gene 1 516 121 795201 0 5877 795201 1
gene 3 3 2034 -408597 0 5939 -408597 1
gene 3 2034 697 -800000 0 5940 -800000 1
gene 3 5 1479 129423 0 6157 129423 1
gene 3 7 2142 606589 0 6248 606589 1
gene 3 2142 420 227667 0 6249 227667 1
gene 3 420 2172 -230985 0 6332 -230985 1
gene 3 2172 15 -349599 0 6333 -349599 1
gene 2 1735 1735 -212157 1 6388 -212157 1
gene 2 8 2206 -412017 0 6436 -412017 0
gene 2 2206 1393 -188700 0 6437 -188700 1
gene 2 121 2313 449422 0 6747 449422 0
gene 2 2313 420 39129 0 6748 39129 1
gene 2 9 2332 405489 0 6797 405489 1
gene 2 2332 1323 41550 0 6798 41550 1
gene 4 1323 2034 800000 0 6848 800000 1
gene 2 7 2368 89916 0 6897 89916 1
gene 2 2368 121 -366750 0 6898 -366750 1
gene 3 8 2412 58071 0 7028 58071 1
gene 3 2412 15 128586 0 7029 128586 1
gene 2 8 2430 -178311 0 7088 -178311 1
gene 2 2430 2206 -258366 0 7089 -258366 1
gene 2 121 2481 -188121 0 7252 -188121 0
gene 2 2481 2313 311634 0 7253 311634 1
gene 3 9 2494 -426462 0 7292 -426462 1
gene 3 2494 15 310914 0 7293 310914 1
gene 2 1479 384 -300909 0 7389 -300909 1
gene 2 121 2142 -16095 0 7445 -16095 1
gene 2 6 433 -226761 0 7711 -226761 1
gene 2 121 2710 1 0 7904 0 1
gene 2 2710 2481 -188121 0 7905 0 1
genomeend 9


/* Organism #10 Fitness: 300.000000 Time: 0 */
/* Position #10*/
#1 x: 45 y: 27
#2 x: 72 y: 38
#3 x: 34 y: 26
#4 x: 69 y: 61
#5 x: 31 y: 62
#6 x: 46 y: 75
genomestart 10
trait 1 43007.000000 16300.000000 6994.000000 28041.000000 57524.000000 37112.000000 87908.000000 80535.000000 trait 2 2.000000 0.000000 0.000000 0.000000 0.000000 0.000000 0.000000 0.000000 trait 3 0.000000 0.000000 0.000000 51304.000000 0.000000 13538.000000 70969.000000 30146.000000 trait 4 4.000000 0.000000 0.000000 36940.000000 0.000000 0.000000 43316.000000 37957.000000 node 1 4 1 3
node 2 4 1 1
node 3 1 1 1
node 4 1 1 1
node 5 1 1 1
node 6 2 1 1
node 7 4 1 1
node 8 4 1 1
node 9 2 1 1
node 10 1 1 1
node 11 2 1 1
node 12 4 1 1
node 13 2 0 2
node 14 1 0 2
node 15 3 0 2
node 121 1 0 0
node 235 1 0 0
node 384 1 0 0
node 420 1 0 0
node 433 1 0 0
node 461 1 0 0
node 500 1 0 0
node 516 1 0 0
node 697 3 0 0
node 1018 1 0 0
node 1130 1 0 0
node 1323 3 0 0
node 1393 1 0 0
node 1479 1 0 0
node 1531 4 0 0
node 1683 1 0 0
node 1735 1 0 0
node 1875 3 0 0
node 2034 1 0 0
node 2142 1 0 0
node 2172 1 0 0
node 2206 1 0 0
node 2313 1 0 0
node 2332 1 0 0
node 2368 1 0 0
node 2412 1 0 0
node 2430 1 0 0
node 2481 1 0 0
node 2494 1 0 0
gene 2 1 13 228081 0 1 228081 1
gene 3 2 13 624434 0 2 624434 1
gene 2 3 13 75885 0 3 75885 1
gene 3 4 13 -468159 0 4 -468159 1
gene 2 5 13 615204 0 5 615204 1
gene 4 6 13 -43212 0 6 -43212 1
gene 3 7 13 800000 0 7 800000 1
gene 2 8 13 800000 0 8 800000 0
gene 3 9 13 210703 0 9 210703 1
gene 2 10 13 -636032 0 10 -636032 1
gene 2 11 13 -570699 0 11 -570699 1
gene 4 12 13 277140 0 12 277140 1
gene 2 1 14 520062 0 13 520062 1
gene 2 2 14 341334 0 14 341334 1
gene 4 3 14 185352 0 15 185352 1
gene 4 4 14 346974 0 16 346974 0
gene 4 5 14 416070 0 17 416070 1
gene 3 6 14 -149673 0 18 -149673 0
gene 2 7 14 -15918 0 19 -15918 1
gene 1 8 14 127260 0 20 127260 0
gene 3 9 14 -268392 0 21 -268392 1
gene 1 10 14 282114 0 22 282114 1
gene 1 11 14 -131579 0 23 -131579 1
gene 4 12 14 317658 0 24 317658 1
gene 3 1 15 80673 0 25 80673 1
gene 3 2 15 -66036 0 26 -66036 1
gene 3 3 15 -593063 0 27 -593063 0
gene 3 4 15 245109 0 28 245109 1
gene 3 5 15 -108795 0 29 -108795 1
gene 1 6 15 -117735 0 30 -117735 1
gene 3 7 15 -80001 0 31 -80001 0
gene 3 8 15 207006 0 32 207006 0
gene 3 9 15 -589707 0 33 -589707 0
gene 3 10 15 104370 0 34 104370 0
gene 2 11 15 436505 0 35 436505 1
gene 4 12 15 -508511 0 36 -508511 0
gene 4 15 15 14583 1 174 14583 0
gene 3 8 121 142074 0 329 142074 0
gene 3 121 15 69042 0 330 69042 1
gene 2 5 121 -95481 0 438 -95481 1
gene 2 7 121 144720 0 483 144720 0
gene 4 4 235 370101 0 666 370101 1
gene 4 235 14 -204393 0 667 -204393 1
gene 1 1 235 619650 0 753 619650 1
gene 1 9 235 -547179 0 1108 -547179 1
gene 3 10 384 -786221 0 1126 -786221 1
gene 3 384 15 -366998 0 1127 -366998 0
gene 2 14 14 484113 1 1197 484113 1
gene 3 7 420 -234327 0 1239 -234327 0
gene 3 420 15 477630 0 1240 477630 0
gene 3 2 433 35886 0 1284 35886 0
gene 3 433 13 173634 0 1285 173634 1
gene 4 3 461 -388239 0 1352 -388239 1
gene 4 461 14 223119 0 1353 223119 1
gene 4 15 500 -208290 1 1453 -208290 1
gene 4 500 15 -800000 0 1454 -800000 1
gene 1 8 516 -241071 0 1500 -241071 1
gene 1 516 14 749664 0 1501 749664 1
gene 1 384 121 -198606 0 1548 -198606 1
gene 2 8 461 14457 0 1965 14457 1
gene 3 3 697 -259020 0 2038 -259020 0
gene 3 697 15 -96381 0 2039 -96381 1
gene 2 1 500 519710 0 2133 519710 1
gene 1 3 433 -543504 0 2628 -543504 1
gene 1 516 516 -6702 1 2664 -6702 1
gene 3 8 1018 -76305 0 2997 -76305 1
gene 3 1018 121 183344 0 2998 183344 0
gene 3 15 433 -241545 0 3156 -241545 1
gene 1 10 1130 -35421 0 3329 -35421 1
gene 1 1130 14 -450012 0 3330 -450012 1
gene 3 500 697 -4494 0 3371 -4494 1
gene 2 3 516 651270 0 3603 651270 1
gene 2 9 1323 -39543 0 3885 -39543 0
gene 2 1323 14 744333 0 3886 744333 0
gene 2 121 420 -264759 0 3959 -264759 0
gene 2 8 1393 70578 0 4093 70578 0
gene 2 1393 13 89034 0 4094 89034 1
gene 1 11 1479 -51123 0 4325 -51123 1
gene 1 1479 14 -474534 0 4326 -474534 1
gene 4 12 1531 254736 0 4477 254736 1
gene 4 1531 15 202251 0 4478 202251 1
gene 3 1393 433 523436 0 4734 523436 1
gene 2 1323 1683 572805 0 4950 572805 1
gene 2 1683 14 -68370 0 4951 -68370 1
gene 3 6 1735 -800000 0 5103 -800000 1
gene 3 1735 14 -332187 0 5104 -332187 1
gene 1 5 516 -192618 0 5346 -192618 1
gene 1 516 433 -531324 0 5443 -531324 1
gene 3 2 1875 196398 0 5505 196398 1
gene 3 1875 433 442881 0 5506 442881 1
gene 1 1683 461 -492009 0 5687 -492009 1
gene 1 516 121 -181680 0 5877 -181680 1
gene 3 3 2034 -254403 0 5939 -254403 1
gene 3 2034 697 -800000 0 5940 -800000 1
gene 3 5 1479 -219354 0 6157 -219354 1
gene 3 7 2142 567838 0 6248 567838 1
gene 3 2142 420 146697 0 6249 146697 1
gene 3 420 2172 -168546 0 6332 -168546 1
gene 3 2172 15 -349599 0 6333 -349599 1
gene 2 1735 1735 -43905 1 6388 -43905 1
gene 2 8 2206 -699717 0 6436 -699717 0
gene 2 2206 1393 -251943 0 6437 -251943 1
gene 2 121 2313 304006 0 6747 304006 0
gene 2 2313 420 -26985 0 6748 -26985 1
gene 2 9 2332 540924 0 6797 540924 1
gene 2 2332 1323 -226809 0 6798 -226809 1
gene 4 1323 2034 690497 0 6848 690497 1
gene 2 7 2368 -40113 0 6897 -40113 1
gene 2 2368 121 -577008 0 6898 -577008 1
gene 3 8 2412 -28128 0 7028 -28128 1
gene 3 2412 15 188655 0 7029 188655 1
gene 2 8 2430 -419160 0 7088 -419160 1
gene 2 2430 2206 -227175 0 7089 -227175 1
gene 2 121 2481 -347685 0 7252 -347685 1
gene 2 2481 2313 559818 0 7253 559818 1
gene 3 9 2494 -426462 0 7292 -426462 1
gene 3 2494 15 48003 0 7293 48003 1
gene 2 1479 384 -186249 0 7389 -186249 1
gene 2 121 2142 -207006 0 7445 -207006 1
gene 2 6 433 -14481 0 7711 -14481 1
genomeend 10


/* Organism #46 Fitness: 240.000000 Time: 0 */
/* Position #46*/
#1 x: 22 y: 34
#2 x: 43 y: 22
#3 x: 50 y: 16
#4 x: 43 y: 65
#5 x: 67 y: 84
#6 x: 78 y: 84
genomestart 46
trait 1 43007.000000 16300.000000 0.000000 0.000000 0.000000 0.000000 87908.000000 0.000000 trait 2 2.000000 0.000000 0.000000 0.000000 0.000000 0.000000 0.000000 0.000000 trait 3 0.000000 0.000000 0.000000 51304.000000 0.000000 13538.000000 70969.000000 30146.000000 trait 4 4.000000 0.000000 0.000000 36940.000000 0.000000 0.000000 43316.000000 37957.000000 node 1 4 1 3
node 2 4 1 1
node 3 1 1 1
node 4 1 1 1
node 5 1 1 1
node 6 2 1 1
node 7 4 1 1
node 8 4 1 1
node 9 2 1 1
node 10 1 1 1
node 11 2 1 1
node 12 4 1 1
node 13 2 0 2
node 14 1 0 2
node 15 3 0 2
node 121 1 0 0
node 235 1 0 0
node 384 1 0 0
node 420 1 0 0
node 433 1 0 0
node 461 1 0 0
node 500 1 0 0
node 516 2 0 0
node 697 1 0 0
node 1018 1 0 0
node 1130 1 0 0
node 1323 3 0 0
node 1393 1 0 0
node 1479 1 0 0
node 1531 4 0 0
node 1683 1 0 0
node 1735 1 0 0
node 1875 1 0 0
node 1975 1 0 0
node 2022 1 0 0
node 2179 1 0 0
node 2295 1 0 0
node 2574 1 0 0
gene 2 1 13 -6390 0 1 -6390 1
gene 3 2 13 -754329 0 2 -754329 1
gene 2 3 13 472145 0 3 472145 1
gene 3 4 13 -730263 0 4 -730263 1
gene 2 5 13 74007 0 5 74007 1
gene 4 6 13 88005 0 6 88005 1
gene 3 7 13 -800000 0 7 -800000 1
gene 2 8 13 392499 0 8 392499 0
gene 3 9 13 -5028 0 9 -5028 1
gene 2 10 13 -105786 0 10 -105786 1
gene 2 11 13 268479 0 11 268479 1
gene 4 12 13 432603 0 12 432603 1
gene 2 1 14 191006 0 13 191006 1
gene 1 2 14 -483600 0 14 -483600 1
gene 4 3 14 329741 0 15 329741 1
gene 4 4 14 800000 0 16 800000 0
gene 4 5 14 -197274 0 17 -197274 1
gene 3 6 14 24129 0 18 24129 0
gene 2 7 14 212274 0 19 212274 1
gene 1 8 14 -109887 0 20 -109887 0
gene 3 9 14 171684 0 21 171684 1
gene 1 10 14 10422 0 22 10422 1
gene 1 11 14 40809 0 23 40809 1
gene 4 12 14 624681 0 24 624681 1
gene 3 1 15 179085 0 25 179085 1
gene 3 2 15 -479250 0 26 -479250 1
gene 3 3 15 17712 0 27 17712 0
gene 3 4 15 492771 0 28 492771 1
gene 3 5 15 289158 0 29 289158 1
gene 1 6 15 27489 0 30 27489 0
gene 3 7 15 -800000 0 31 -800000 0
gene 3 8 15 235143 0 32 235143 1
gene 3 9 15 544319 0 33 544319 1
gene 3 10 15 -257148 0 34 -257148 0
gene 2 11 15 -129834 0 35 -129834 1
gene 4 12 15 457116 0 36 457116 0
gene 4 15 15 -228696 1 174 -228696 0
gene 3 8 121 153270 0 329 153270 0
gene 3 121 15 188487 0 330 188487 1
gene 2 5 121 -403553 0 438 -403553 1
gene 2 7 121 -101058 0 483 -101058 1
gene 4 4 235 -27063 0 666 -27063 1
gene 4 235 14 442095 0 667 442095 1
gene 1 1 235 255453 0 753 255453 1
gene 1 9 235 247914 0 1108 247914 1
gene 3 10 384 -195228 0 1126 -195228 1
gene 3 384 15 103533 0 1127 103533 0
gene 2 14 14 -220236 1 1197 -220236 0
gene 3 7 420 -570794 0 1239 -570794 1
gene 3 420 15 109080 0 1240 109080 1
gene 3 2 433 311616 0 1284 311616 0
gene 3 433 13 23550 0 1285 23550 1
gene 4 3 461 -239136 0 1352 -239136 1
gene 4 461 14 -236700 0 1353 -236700 1
gene 4 15 500 800000 1 1453 800000 1
gene 4 500 15 -193248 0 1454 -193248 0
gene 1 8 516 291783 0 1500 291783 1
gene 1 516 14 30306 0 1501 30306 1
gene 1 384 121 -200970 0 1548 -200970 1
gene 2 8 461 -601926 0 1965 -601926 1
gene 3 3 697 -208374 0 2038 -208374 1
gene 2 697 15 118902 0 2039 118902 1
gene 2 1 500 180297 0 2133 180297 1
gene 1 3 433 306357 0 2628 306357 1
gene 1 516 516 56739 1 2664 56739 1
gene 3 8 1018 -454335 0 2997 -454335 1
gene 3 1018 121 -166875 0 2998 -166875 0
gene 3 15 433 48800 0 3156 48800 1
gene 1 10 1130 199329 0 3329 199329 1
gene 1 1130 14 -574001 0 3330 -574001 1
gene 3 500 697 -772511 0 3371 -772511 1
gene 2 3 516 518049 0 3603 518049 1
gene 2 9 1323 -43938 0 3885 -43938 1
gene 2 1323 14 -486365 0 3886 -486365 0
gene 2 121 420 28311 0 3959 28311 1
gene 2 8 1393 -148095 0 4093 -148095 1
gene 2 1393 13 -479196 0 4094 -479196 1
gene 1 11 1479 -800000 0 4325 -800000 1
gene 1 1479 14 53991 0 4326 53991 1
gene 4 12 1531 250236 0 4477 250236 1
gene 4 1531 15 -526728 0 4478 -526728 0
gene 3 1393 433 382062 0 4734 382062 1
gene 2 1323 1683 517560 0 4950 517560 1
gene 2 1683 14 -451275 0 4951 -451275 1
gene 3 6 1735 194691 0 5103 194691 1
gene 3 1735 14 220758 0 5104 220758 0
gene 1 5 516 -296019 0 5346 -296019 1
gene 1 516 433 -179286 0 5443 -179286 1
gene 3 2 1875 -112890 0 5505 -112890 1
gene 3 1875 433 387570 0 5506 387570 1
gene 1 1683 461 -271104 0 5687 -271104 1
gene 1 6 1975 -250719 0 5780 -250719 1
gene 1 1975 15 -276981 0 5781 -276981 1
gene 4 1531 2022 4881 0 5905 4881 1
gene 4 2022 15 -269727 0 5906 -269727 1
gene 3 121 1875 -94044 0 5987 -94044 1
gene 1 1683 1393 162780 0 6232 162780 1
gene 4 500 2179 550470 0 6351 550470 1
gene 4 2179 15 -418248 0 6352 -418248 1
gene 3 12 2179 -18651 0 6539 -18651 1
gene 1 1975 1975 -520116 1 6578 -520116 1
gene 2 14 2295 -630591 1 6699 -630591 0
gene 2 2295 14 353163 0 6700 353163 1
gene 4 4 433 151509 0 7064 151509 1
gene 3 12 235 -226272 0 7098 -226272 1
gene 2 14 2574 63844 1 7533 63844 1
gene 2 2574 2295 -335064 0 7534 -335064 1
gene 2 1735 235 -80664 0 7653 -80664 1
gene 3 235 13 235290 0 7783 235290 1
gene 2 420 14 50034 0 7805 50034 1
genomeend 46


/* Organism #54 Fitness: 420.000000 Time: 0 */
/* Position #54*/
#1 x: 72 y: 18
#2 x: 58 y: 16
#3 x: 78 y: 20
#4 x: 40 y: 62
#5 x: 78 y: 68
#6 x: 75 y: 75
genomestart 54
trait 1 43007.000000 16300.000000 0.000000 0.000000 0.000000 0.000000 87908.000000 0.000000 trait 2 0.000000 50111.000000 0.000000 0.000000 5818.000000 0.000000 21161.000000 0.000000 trait 3 28689.000000 0.000000 0.000000 51304.000000 0.000000 0.000000 100000.000000 0.000000 trait 4 4.000000 0.000000 0.000000 0.000000 0.000000 0.000000 0.000000 37957.000000 node 1 4 1 3
node 2 4 1 1
node 3 1 1 1
node 4 1 1 1
node 5 1 1 1
node 6 2 1 1
node 7 4 1 1
node 8 4 1 1
node 9 2 1 1
node 10 1 1 1
node 11 4 1 1
node 12 4 1 1
node 13 2 0 2
node 14 1 0 2
node 15 3 0 2
node 121 1 0 0
node 235 1 0 0
node 384 1 0 0
node 420 1 0 0
node 433 1 0 0
node 461 1 0 0
node 500 1 0 0
node 516 1 0 0
node 697 1 0 0
node 1018 1 0 0
node 1130 1 0 0
node 1323 1 0 0
node 1393 1 0 0
node 1479 2 0 0
node 1531 1 0 0
node 1683 1 0 0
node 1734 1 0 0
node 1953 1 0 0
node 1976 1 0 0
node 1994 1 0 0
node 2272 1 0 0
node 2286 4 0 0
node 2474 1 0 0
node 2630 1 0 0
node 2716 1 0 0
gene 2 1 13 -32454 0 1 -32454 1
gene 3 2 13 -255897 0 2 -255897 1
gene 2 3 13 669360 0 3 669360 1
gene 3 4 13 107331 0 4 107331 1
gene 2 5 13 -92205 0 5 -92205 1
gene 4 6 13 -21948 0 6 -21948 1
gene 3 7 13 -751607 0 7 -751607 1
gene 2 8 13 634584 0 8 634584 0
gene 3 9 13 -539706 0 9 -539706 0
gene 2 10 13 -177213 0 10 -177213 0
gene 2 11 13 -83433 0 11 -83433 1
gene 4 12 13 683538 0 12 683538 1
gene 2 1 14 424809 0 13 424809 1
gene 2 2 14 85332 0 14 85332 1
gene 4 3 14 -594879 0 15 -594879 1
gene 4 4 14 -235668 0 16 -235668 0
gene 4 5 14 -103071 0 17 -103071 1
gene 3 6 14 -246990 0 18 -246990 1
gene 2 7 14 588180 0 19 588180 1
gene 1 8 14 479538 0 20 479538 0
gene 2 9 14 9360 0 21 9360 0
gene 1 10 14 -800000 0 22 -800000 0
gene 1 11 14 -800000 0 23 -800000 0
gene 4 12 14 543129 0 24 543129 1
gene 3 1 15 179610 0 25 179610 1
gene 3 2 15 -800000 0 26 -800000 1
gene 3 3 15 -414759 0 27 -414759 0
gene 3 4 15 800000 0 28 800000 1
gene 2 5 15 -800000 0 29 -800000 1
gene 1 6 15 -256701 0 30 -256701 1
gene 3 7 15 539045 0 31 539045 0
gene 3 8 15 -173172 0 32 -173172 1
gene 3 9 15 625541 0 33 625541 1
gene 3 10 15 -255852 0 34 -255852 0
gene 2 11 15 -752007 0 35 -752007 1
gene 4 12 15 565572 0 36 565572 0
gene 4 15 15 -209478 1 174 -209478 0
gene 3 8 121 352800 0 329 352800 0
gene 3 121 15 -213546 0 330 -213546 1
gene 2 5 121 -183924 0 438 -183924 1
gene 2 7 121 25848 0 483 25848 1
gene 4 4 235 461448 0 666 461448 1
gene 4 235 14 -800000 0 667 -800000 1
gene 1 1 235 -578367 0 753 -578367 1
gene 1 9 235 332661 0 1108 332661 1
gene 3 10 384 -800000 0 1126 -800000 1
gene 3 384 15 88845 0 1127 88845 0
gene 2 14 14 -28308 1 1197 -28308 1
gene 3 7 420 -158343 0 1239 -158343 1
gene 3 420 15 -634263 0 1240 -634263 1
gene 3 2 433 440721 0 1284 440721 0
gene 3 433 13 -596637 0 1285 -596637 1
gene 4 3 461 -800000 0 1352 -800000 1
gene 4 461 14 478260 0 1353 478260 1
gene 4 15 500 -562296 1 1453 -562296 1
gene 4 500 15 -220272 0 1454 -220272 1
gene 1 8 516 286716 0 1500 286716 1
gene 1 516 14 182457 0 1501 182457 1
gene 1 384 121 2958 0 1548 2958 1
gene 2 8 461 315840 0 1965 315840 0
gene 3 3 697 -111630 0 2038 -111630 1
gene 3 697 15 -257406 0 2039 -257406 1
gene 2 1 500 -187332 0 2133 -187332 1
gene 1 3 433 -131223 0 2628 -131223 1
gene 2 516 516 178242 1 2664 178242 1
gene 3 8 1018 224565 0 2997 224565 1
gene 3 1018 121 -240999 0 2998 -240999 0
gene 3 15 433 580743 0 3156 580743 0
gene 1 10 1130 -582413 0 3329 -582413 1
gene 1 1130 14 86646 0 3330 86646 0
gene 3 500 697 178815 0 3371 178815 1
gene 1 3 516 74877 0 3603 74877 1
gene 2 9 1323 -549644 0 3885 -549644 0
gene 2 1323 14 -702840 0 3886 -702840 0
gene 2 121 420 -710978 0 3959 -710978 1
gene 2 8 1393 222792 0 4093 222792 1
gene 2 1393 13 225660 0 4094 225660 1
gene 1 11 1479 520040 0 4325 520040 1
gene 1 1479 14 101604 0 4326 101604 1
gene 4 12 1531 -5154 0 4477 -5154 1
gene 4 1531 15 -329727 0 4478 -329727 1
gene 3 1393 433 272781 0 4734 272781 1
gene 2 1323 1683 -154137 0 4950 -154137 1
gene 2 1683 14 -800000 0 4951 -800000 1
gene 2 9 1734 291903 0 5099 291903 1
gene 2 1734 1323 544587 0 5100 544587 1
gene 1 5 1531 431142 0 5504 431142 0
gene 2 1323 461 27027 0 5534 27027 1
gene 2 1734 1734 -213072 1 5573 -213072 1
gene 4 2 1683 176811 0 5674 176811 1
gene 1 1130 1953 70749 0 5725 70749 1
gene 1 1953 14 181647 0 5726 181647 1
gene 3 2 1976 185340 0 5782 185340 1
gene 3 1976 433 -79767 0 5783 -79767 1
gene 2 8 1994 425250 0 5831 425250 1
gene 2 1994 461 212235 0 5832 212235 1
gene 4 384 1323 255438 0 6182 255438 1
gene 2 3 420 185238 0 6444 185238 1
gene 1 7 1393 -378573 0 6586 -378573 1
gene 3 9 2272 712326 0 6629 712326 1
gene 3 2272 13 -26562 0 6630 -26562 1
gene 3 15 2286 21465 0 6668 21465 1
gene 3 2286 433 39261 0 6669 39261 1
gene 1 1994 697 38775 0 6884 38775 1
gene 3 384 420 -14502 0 7012 -14502 0
gene 1 5 2474 283089 0 7224 283089 1
gene 1 2474 1531 22911 0 7225 22911 1
gene 2 2 1734 -224555 0 7259 -224555 1
gene 3 1953 1130 179931 1 7296 179931 1
gene 3 433 433 -148794 1 7429 -148794 1
gene 4 10 2474 539409 0 7467 539409 1
gene 3 384 2630 -110741 0 7685 -110741 1
gene 3 2630 420 226140 0 7686 226140 1
gene 2 10 2716 1 0 7920 0 1
gene 2 2716 13 -177213 0 7921 0 1
genomeend 54


/* Organism #62 Fitness: 410.000000 Time: 0 */
/* Position #62*/
#1 x: 16 y: 36
#2 x: 60 y: 35
#3 x: 79 y: 23
#4 x: 58 y: 75
#5 x: 37 y: 77
#6 x: 27 y: 71
genomestart 62
trait 1 43007.000000 16300.000000 0.000000 0.000000 0.000000 0.000000 87908.000000 0.000000 trait 2 0.000000 50111.000000 0.000000 0.000000 5818.000000 0.000000 21161.000000 0.000000 trait 3 28689.000000 0.000000 0.000000 51304.000000 0.000000 0.000000 100000.000000 0.000000 trait 4 4.000000 0.000000 0.000000 0.000000 0.000000 0.000000 0.000000 37957.000000 node 1 4 1 3
node 2 4 1 1
node 3 1 1 1
node 4 1 1 1
node 5 1 1 1
node 6 2 1 1
node 7 4 1 1
node 8 4 1 1
node 9 2 1 1
node 10 1 1 1
node 11 4 1 1
node 12 4 1 1
node 13 2 0 2
node 14 1 0 2
node 15 3 0 2
node 121 1 0 0
node 235 1 0 0
node 384 1 0 0
node 420 1 0 0
node 433 1 0 0
node 461 1 0 0
node 500 1 0 0
node 516 1 0 0
node 697 1 0 0
node 1018 1 0 0
node 1130 1 0 0
node 1323 1 0 0
node 1393 1 0 0
node 1479 2 0 0
node 1531 1 0 0
node 1683 1 0 0
node 1734 1 0 0
node 1953 1 0 0
node 1976 1 0 0
node 1994 1 0 0
node 2272 1 0 0
node 2286 1 0 0
node 2474 1 0 0
node 2630 1 0 0
node 2677 1 0 0
node 2695 1 0 0
gene 2 1 13 -442857 0 1 -442857 1
gene 3 2 13 -418704 0 2 -418704 1
gene 2 3 13 278739 0 3 278739 1
gene 3 4 13 -202347 0 4 -202347 1
gene 2 5 13 -83010 0 5 -83010 0
gene 4 6 13 -147276 0 6 -147276 1
gene 3 7 13 -652556 0 7 -652556 1
gene 2 8 13 570540 0 8 570540 0
gene 3 9 13 -164397 0 9 -164397 0
gene 2 10 13 -356319 0 10 -356319 1
gene 2 11 13 -44241 0 11 -44241 1
gene 4 12 13 10092 0 12 10092 1
gene 2 1 14 240573 0 13 240573 1
gene 2 2 14 -5346 0 14 -5346 1
gene 4 3 14 -695622 0 15 -695622 1
gene 4 4 14 -194097 0 16 -194097 0
gene 4 5 14 47553 0 17 47553 1
gene 3 6 14 -130791 0 18 -130791 1
gene 2 7 14 -97500 0 19 -97500 1
gene 1 8 14 59709 0 20 59709 0
gene 2 9 14 358992 0 21 358992 0
gene 1 10 14 -800000 0 22 -800000 0
gene 1 11 14 -673715 0 23 -673715 0
gene 4 12 14 -42339 0 24 -42339 1
gene 3 1 15 5064 0 25 5064 1
gene 3 2 15 -683339 0 26 -683339 1
gene 3 3 15 -116931 0 27 -116931 0
gene 3 4 15 706982 0 28 706982 1
gene 2 5 15 295035 0 29 295035 1
gene 1 6 15 -35382 0 30 -35382 1
gene 3 7 15 117162 0 31 117162 0
gene 3 8 15 -317718 0 32 -317718 1
gene 3 9 15 166365 0 33 166365 1
gene 3 10 15 -293004 0 34 -293004 0
gene 2 11 15 -318681 0 35 -318681 1
gene 4 12 15 672768 0 36 672768 0
gene 4 15 15 -196092 1 174 -196092 0
gene 3 8 121 -32367 0 329 -32367 0
gene 3 121 15 -328545 0 330 -328545 1
gene 2 5 121 -438444 0 438 -438444 1
gene 2 7 121 98592 0 483 98592 1
gene 4 4 235 241725 0 666 241725 1
gene 4 235 14 -610235 0 667 -610235 1
gene 1 1 235 -164292 0 753 -164292 1
gene 1 9 235 277218 0 1108 277218 1
gene 3 10 384 -592928 0 1126 -592928 1
gene 3 384 15 -52614 0 1127 -52614 0
gene 2 14 14 282504 1 1197 282504 1
gene 3 7 420 299871 0 1239 299871 1
gene 3 420 15 -70083 0 1240 -70083 1
gene 3 2 433 -99978 0 1284 -99978 0
gene 3 433 13 -188340 0 1285 -188340 1
gene 4 3 461 290262 0 1352 290262 1
gene 4 461 14 351177 0 1353 351177 1
gene 4 15 500 -412860 1 1453 -412860 1
gene 4 500 15 14619 0 1454 14619 1
gene 1 8 516 58887 0 1500 58887 1
gene 1 516 14 144915 0 1501 144915 1
gene 1 384 121 3279 0 1548 3279 1
gene 2 8 461 272730 0 1965 272730 0
gene 3 3 697 -238884 0 2038 -238884 1
gene 3 697 15 -246465 0 2039 -246465 1
gene 2 1 500 -40989 0 2133 -40989 1
gene 1 3 433 -268845 0 2628 -268845 1
gene 2 516 516 484554 1 2664 484554 1
gene 3 8 1018 280665 0 2997 280665 1
gene 3 1018 121 -126138 0 2998 -126138 0
gene 3 15 433 113265 0 3156 113265 0
gene 1 10 1130 -292488 0 3329 -292488 1
gene 1 1130 14 193287 0 3330 193287 0
gene 3 500 697 -294096 0 3371 -294096 1
gene 1 3 516 414327 0 3603 414327 1
gene 2 9 1323 -800000 0 3885 -800000 0
gene 2 1323 14 -441435 0 3886 -441435 0
gene 2 121 420 -742586 0 3959 -742586 1
gene 2 8 1393 422760 0 4093 422760 1
gene 2 1393 13 -396513 0 4094 -396513 0
gene 1 11 1479 800000 0 4325 800000 1
gene 1 1479 14 11151 0 4326 11151 1
gene 4 12 1531 70773 0 4477 70773 1
gene 4 1531 15 -75801 0 4478 -75801 1
gene 3 1393 433 26103 0 4734 26103 1
gene 2 1323 1683 -143148 0 4950 -143148 1
gene 2 1683 14 -800000 0 4951 -800000 1
gene 2 9 1734 37809 0 5099 37809 1
gene 2 1734 1323 -112266 0 5100 -112266 1
gene 1 5 1531 -23946 0 5504 -23946 0
gene 2 1323 461 542370 0 5534 542370 1
gene 2 1734 1734 -144102 1 5573 -144102 1
gene 4 2 1683 454161 0 5674 454161 1
gene 1 1130 1953 -31155 0 5725 -31155 1
gene 1 1953 14 543146 0 5726 543146 1
gene 3 2 1976 276042 0 5782 276042 1
gene 3 1976 433 -248721 0 5783 -248721 1
gene 2 8 1994 671343 0 5831 671343 1
gene 2 1994 461 -62649 0 5832 -62649 1
gene 4 384 1323 503100 0 6182 503100 1
gene 2 3 420 -188820 0 6444 -188820 1
gene 1 7 1393 298104 0 6586 298104 1
gene 3 9 2272 655419 0 6629 655419 1
gene 3 2272 13 -83484 0 6630 -83484 1
gene 3 15 2286 -84891 0 6668 -84891 1
gene 3 2286 433 -39951 0 6669 -39951 1
gene 1 1994 697 -141944 0 6884 -141944 1
gene 3 384 420 38796 0 7012 38796 0
gene 1 5 2474 377109 0 7224 377109 1
gene 1 2474 1531 -48258 0 7225 -48258 1
gene 2 2 1734 248656 0 7259 248656 1
gene 3 1953 1130 347097 1 7296 347097 1
gene 3 433 433 133872 1 7429 133872 1
gene 4 10 2474 -62520 0 7467 -62520 1
gene 3 384 2630 -185195 0 7685 -185195 1
gene 3 2630 420 -88845 0 7686 -88845 1
gene 2 5 2677 275193 0 7814 275193 1
gene 2 2677 13 45024 0 7815 45024 1
gene 2 1393 2695 -32351 0 7862 -32351 1
gene 2 2695 13 -244059 0 7863 -244059 1
genomeend 62


/* Organism #72 Fitness: 290.000000 Time: 0 */
/* Position #72*/
#1 x: 53 y: 30
#2 x: 39 y: 24
#3 x: 36 y: 30
#4 x: 42 y: 63
#5 x: 21 y: 69
#6 x: 34 y: 64
genomestart 72
trait 1 71503.000000 52572.000000 0.000000 48265.000000 0.000000 0.000000 100000.000000 393.000000 trait 2 2.000000 0.000000 0.000000 0.000000 0.000000 0.000000 0.000000 0.000000 trait 3 0.000000 0.000000 0.000000 51304.000000 0.000000 13538.000000 70969.000000 30146.000000 trait 4 4.000000 0.000000 0.000000 36940.000000 0.000000 0.000000 43316.000000 37957.000000 node 1 4 1 3
node 2 4 1 1
node 3 1 1 1
node 4 1 1 1
node 5 1 1 1
node 6 2 1 1
node 7 4 1 1
node 8 4 1 1
node 9 2 1 1
node 10 1 1 1
node 11 2 1 1
node 12 4 1 1
node 13 2 0 2
node 14 1 0 2
node 15 3 0 2
node 121 1 0 0
node 235 1 0 0
node 384 1 0 0
node 420 1 0 0
node 433 1 0 0
node 461 1 0 0
node 500 1 0 0
node 516 1 0 0
node 697 1 0 0
node 1018 1 0 0
node 1130 1 0 0
node 1323 3 0 0
node 1393 1 0 0
node 1479 1 0 0
node 1531 4 0 0
node 1683 1 0 0
node 1735 1 0 0
node 1875 1 0 0
node 1975 1 0 0
node 2022 1 0 0
node 2179 1 0 0
node 2295 1 0 0
gene 2 1 13 341766 0 1 341766 1
gene 3 2 13 -800000 0 2 -800000 1
gene 2 3 13 301214 0 3 301214 1
gene 3 4 13 -353994 0 4 -353994 1
gene 2 5 13 12519 0 5 12519 1
gene 4 6 13 530076 0 6 530076 1
gene 3 7 13 -105486 0 7 -105486 1
gene 2 8 13 -75153 0 8 -75153 0
gene 3 9 13 218499 0 9 218499 1
gene 2 10 13 800000 0 10 800000 1
gene 2 11 13 -142605 0 11 -142605 1
gene 4 12 13 -42072 0 12 -42072 1
gene 2 1 14 321242 0 13 321242 1
gene 2 2 14 222510 0 14 222510 1
gene 4 3 14 -266859 0 15 -266859 1
gene 4 4 14 -157548 0 16 -157548 0
gene 4 5 14 -27345 0 17 -27345 1
gene 3 6 14 -140703 0 18 -140703 0
gene 2 7 14 -800000 0 19 -800000 1
gene 1 8 14 380115 0 20 380115 0
gene 3 9 14 -109047 0 21 -109047 1
gene 1 10 14 299943 0 22 299943 1
gene 1 11 14 -800000 0 23 -800000 1
gene 4 12 14 581169 0 24 581169 1
gene 3 1 15 -763631 0 25 -763631 1
gene 3 2 15 204459 0 26 204459 1
gene 3 3 15 344400 0 27 344400 0
gene 3 4 15 -32314 0 28 -32314 1
gene 3 5 15 41631 0 29 41631 1
gene 1 6 15 411300 0 30 411300 0
gene 3 7 15 52644 0 31 52644 0
gene 3 8 15 -639957 0 32 -639957 1
gene 3 9 15 724415 0 33 724415 1
gene 3 10 15 -800000 0 34 -800000 0
gene 2 11 15 210594 0 35 210594 1
gene 4 12 15 49614 0 36 49614 0
gene 4 15 15 280761 1 174 280761 0
gene 3 8 121 -174417 0 329 -174417 0
gene 3 121 15 -527461 0 330 -527461 1
gene 2 5 121 180390 0 438 180390 1
gene 2 7 121 -254145 0 483 -254145 1
gene 4 4 235 -191643 0 666 -191643 1
gene 4 235 14 -285908 0 667 -285908 1
gene 1 1 235 679530 0 753 679530 1
gene 1 9 235 199152 0 1108 199152 1
gene 3 10 384 -170922 0 1126 -170922 1
gene 3 384 15 -105492 0 1127 -105492 0
gene 2 14 14 261252 1 1197 261252 0
gene 3 7 420 32610 0 1239 32610 1
gene 3 420 15 -250659 0 1240 -250659 1
gene 3 2 433 -493950 0 1284 -493950 0
gene 3 433 13 -79980 0 1285 -79980 1
gene 4 3 461 228156 0 1352 228156 1
gene 4 461 14 -78531 0 1353 -78531 1
gene 4 15 500 -215592 1 1453 -215592 1
gene 4 500 15 302883 0 1454 302883 0
gene 1 8 516 -117768 0 1500 -117768 1
gene 1 516 14 -152804 0 1501 -152804 1
gene 1 384 121 800000 0 1548 800000 1
gene 2 8 461 -403500 0 1965 -403500 1
gene 3 3 697 -28167 0 2038 -28167 1
gene 2 697 15 -204672 0 2039 -204672 1
gene 2 1 500 160806 0 2133 160806 1
gene 1 3 433 121056 0 2628 121056 1
gene 1 516 516 525800 1 2664 525800 1
gene 3 8 1018 -271578 0 2997 -271578 1
gene 3 1018 121 486221 0 2998 486221 0
gene 3 15 433 800000 0 3156 800000 1
gene 1 10 1130 147444 0 3329 147444 1
gene 1 1130 14 117453 0 3330 117453 1
gene 3 500 697 298476 0 3371 298476 1
gene 2 3 516 409156 0 3603 409156 1
gene 2 9 1323 -204192 0 3885 -204192 1
gene 2 1323 14 -75441 0 3886 -75441 0
gene 2 121 420 196758 0 3959 196758 1
gene 2 8 1393 -160602 0 4093 -160602 1
gene 2 1393 13 -84489 0 4094 -84489 1
gene 1 11 1479 -639285 0 4325 -639285 1
gene 1 1479 14 -800000 0 4326 -800000 1
gene 4 12 1531 158160 0 4477 158160 1
gene 4 1531 15 800000 0 4478 800000 0
gene 3 1393 433 -233553 0 4734 -233553 1
gene 2 1323 1683 140052 0 4950 140052 1
gene 2 1683 14 -208884 0 4951 -208884 1
gene 3 6 1735 64518 0 5103 64518 1
gene 3 1735 14 182334 0 5104 182334 0
gene 1 5 516 -153942 0 5346 -153942 1
gene 1 516 433 52935 0 5443 52935 1
gene 3 2 1875 52080 0 5505 52080 1
gene 3 1875 433 -800000 0 5506 -800000 1
gene 1 1683 461 -170853 0 5687 -170853 1
gene 1 6 1975 -115323 0 5780 -115323 1
gene 1 1975 15 -405804 0 5781 -405804 1
gene 4 1531 2022 -614787 0 5905 -614787 1
gene 4 2022 15 -325881 0 5906 -325881 1
gene 3 121 1875 -102012 0 5987 -102012 1
gene 1 1683 1393 -51030 0 6232 -51030 1
gene 4 500 2179 299280 0 6351 299280 1
gene 4 2179 15 -209853 0 6352 -209853 1
gene 3 12 2179 113700 0 6539 113700 1
gene 1 1975 1975 -42591 1 6578 -42591 1
gene 2 14 2295 275766 1 6699 275766 1
gene 2 2295 14 -407985 0 6700 -407985 1
gene 4 4 433 250785 0 7064 250785 1
gene 3 12 235 727791 0 7098 727791 1
gene 1 384 384 -41925 1 7242 -41925 1
gene 2 500 500 -19095 1 7740 -19095 1
genomeend 72


/* Organism #78 Fitness: 400.000000 Time: 0 */
/* Position #78*/
#1 x: 79 y: 27
#2 x: 20 y: 21
#3 x: 63 y: 37
#4 x: 31 y: 63
#5 x: 43 y: 64
#6 x: 75 y: 60
genomestart 78
trait 1 43007.000000 16300.000000 6994.000000 28041.000000 57524.000000 37112.000000 87908.000000 80535.000000 trait 2 2.000000 0.000000 0.000000 0.000000 0.000000 0.000000 0.000000 0.000000 trait 3 0.000000 0.000000 0.000000 51304.000000 0.000000 13538.000000 70969.000000 30146.000000 trait 4 4.000000 0.000000 0.000000 36940.000000 0.000000 0.000000 43316.000000 37957.000000 node 1 4 1 3
node 2 4 1 1
node 3 1 1 1
node 4 1 1 1
node 5 1 1 1
node 6 2 1 1
node 7 4 1 1
node 8 4 1 1
node 9 2 1 1
node 10 1 1 1
node 11 2 1 1
node 12 4 1 1
node 13 2 0 2
node 14 2 0 2
node 15 3 0 2
node 121 1 0 0
node 235 1 0 0
node 384 1 0 0
node 420 1 0 0
node 433 1 0 0
node 461 1 0 0
node 500 1 0 0
node 516 1 0 0
node 697 3 0 0
node 1018 1 0 0
node 1130 1 0 0
node 1323 3 0 0
node 1393 1 0 0
node 1479 1 0 0
node 1531 4 0 0
node 1683 1 0 0
node 1735 1 0 0
node 1875 1 0 0
node 2034 1 0 0
node 2142 1 0 0
node 2172 1 0 0
node 2206 1 0 0
node 2313 1 0 0
node 2332 1 0 0
node 2368 1 0 0
node 2491 1 0 0
node 2512 1 0 0
node 2530 1 0 0
node 2547 1 0 0
node 2645 1 0 0
gene 2 1 13 261027 0 1 261027 1
gene 3 2 13 -280737 0 2 -280737 1
gene 2 3 13 -452358 0 3 -452358 1
gene 3 4 13 10554 0 4 10554 1
gene 2 5 13 -800000 0 5 -800000 0
gene 4 6 13 -146631 0 6 -146631 1
gene 3 7 13 800000 0 7 800000 1
gene 2 8 13 800000 0 8 800000 0
gene 3 9 13 -397049 0 9 -397049 0
gene 2 10 13 -53469 0 10 -53469 0
gene 2 11 13 633114 0 11 633114 1
gene 4 12 13 36339 0 12 36339 1
gene 2 1 14 238361 0 13 238361 1
gene 2 2 14 -34056 0 14 -34056 1
gene 4 3 14 392138 0 15 392138 1
gene 4 4 14 320331 0 16 320331 0
gene 4 5 14 224052 0 17 224052 1
gene 3 6 14 -289029 0 18 -289029 0
gene 2 7 14 800000 0 19 800000 1
gene 1 8 14 691127 0 20 691127 0
gene 3 9 14 -399147 0 21 -399147 1
gene 1 10 14 135417 0 22 135417 1
gene 1 11 14 -14352 0 23 -14352 1
gene 4 12 14 -221289 0 24 -221289 1
gene 3 1 15 -236664 0 25 -236664 1
gene 3 2 15 -80019 0 26 -80019 1
gene 3 3 15 -101784 0 27 -101784 0
gene 3 4 15 598643 0 28 598643 1
gene 3 5 15 -567866 0 29 -567866 1
gene 1 6 15 -744591 0 30 -744591 1
gene 3 7 15 -699696 0 31 -699696 0
gene 3 8 15 -66339 0 32 -66339 1
gene 3 9 15 -332865 0 33 -332865 1
gene 3 10 15 -539340 0 34 -539340 0
gene 2 11 15 800000 0 35 800000 1
gene 4 12 15 -800000 0 36 -800000 0
gene 4 15 15 -119715 1 174 -119715 0
gene 3 8 121 186036 0 329 186036 0
gene 3 121 15 -290757 0 330 -290757 1
gene 2 5 121 -484800 0 438 -484800 1
gene 2 7 121 -196479 0 483 -196479 0
gene 4 4 235 79494 0 666 79494 1
gene 4 235 14 -800000 0 667 -800000 1
gene 1 1 235 -111570 0 753 -111570 1
gene 3 9 235 -7653 0 1108 -7653 1
gene 3 10 384 -339564 0 1126 -339564 1
gene 3 384 15 -275031 0 1127 -275031 0
gene 2 14 14 -134466 1 1197 -134466 1
gene 3 7 420 249426 0 1239 249426 0
gene 3 420 15 62889 0 1240 62889 0
gene 3 2 433 -654330 0 1284 -654330 0
gene 3 433 13 -164025 0 1285 -164025 1
gene 4 3 461 -800000 0 1352 -800000 1
gene 4 461 14 43019 0 1353 43019 1
gene 4 15 500 -365037 1 1453 -365037 1
gene 4 500 15 514794 0 1454 514794 1
gene 1 8 516 -19983 0 1500 -19983 1
gene 1 516 14 84183 0 1501 84183 1
gene 1 384 121 164307 0 1548 164307 1
gene 2 8 461 277977 0 1965 277977 1
gene 1 3 697 341409 0 2038 341409 0
gene 3 697 15 -130716 0 2039 -130716 1
gene 2 1 500 471465 0 2133 471465 1
gene 1 3 433 -775796 0 2628 -775796 1
gene 1 516 516 800000 1 2664 800000 1
gene 3 8 1018 -168525 0 2997 -168525 1
gene 3 1018 121 -57381 0 2998 -57381 0
gene 3 15 433 -192795 0 3156 -192795 1
gene 1 10 1130 121818 0 3329 121818 1
gene 1 1130 14 478602 0 3330 478602 1
gene 3 500 697 -28176 0 3371 -28176 1
gene 2 3 516 -216909 0 3603 -216909 1
gene 2 9 1323 -433887 0 3885 -433887 0
gene 2 1323 14 -447774 0 3886 -447774 0
gene 2 121 420 800000 0 3959 800000 0
gene 2 8 1393 -19956 0 4093 -19956 0
gene 2 1393 13 -340485 0 4094 -340485 1
gene 1 11 1479 -294018 0 4325 -294018 1
gene 1 1479 14 184734 0 4326 184734 1
gene 4 12 1531 773102 0 4477 773102 1
gene 4 1531 15 196134 0 4478 196134 1
gene 3 1393 433 359190 0 4734 359190 1
gene 2 1323 1683 28683 0 4950 28683 1
gene 2 1683 14 -73398 0 4951 -73398 1
gene 3 6 1735 215457 0 5103 215457 1
gene 3 1735 14 -170718 0 5104 -170718 1
gene 1 5 516 -3627 0 5346 -3627 1
gene 1 516 433 -686606 0 5443 -686606 1
gene 3 2 1875 -75810 0 5505 -75810 1
gene 3 1875 433 220524 0 5506 220524 1
gene 1 1683 461 369792 0 5687 369792 1
gene 1 516 121 119949 0 5877 119949 1
gene 3 3 2034 -19875 0 5939 -19875 1
gene 3 2034 697 68667 0 5940 68667 1
gene 3 5 1479 743060 0 6157 743060 1
gene 3 7 2142 -125652 0 6248 -125652 1
gene 3 2142 420 190044 0 6249 190044 1
gene 3 420 2172 -157356 0 6332 -157356 0
gene 3 2172 15 9681 0 6333 9681 1
gene 2 1735 1735 137301 1 6388 137301 1
gene 2 8 2206 193758 0 6436 193758 1
gene 2 2206 1393 -265872 0 6437 -265872 1
gene 2 121 2313 -333180 0 6747 -333180 1
gene 2 2313 420 271032 0 6748 271032 1
gene 2 9 2332 -523956 0 6797 -523956 1
gene 2 2332 1323 -124089 0 6798 -124089 1
gene 4 1323 2034 -51726 0 6848 -51726 1
gene 2 7 2368 -97409 0 6897 -97409 0
gene 2 2368 121 218790 0 6898 218790 1
gene 2 384 1531 -174621 0 7018 -174621 1
gene 2 2142 1018 -163704 0 7205 -163704 1
gene 3 2206 2034 87441 0 7245 87441 1
gene 2 7 2491 252088 0 7283 252088 1
gene 2 2491 2368 176403 0 7284 176403 1
gene 2 5 2512 239247 0 7337 239247 1
gene 2 2512 13 295044 0 7338 295044 1
gene 2 10 2530 -272063 0 7387 -272063 1
gene 2 2530 13 -800000 0 7388 -800000 1
gene 3 9 2547 -696980 0 7440 -696980 1
gene 3 2547 13 -800000 0 7441 -800000 1
gene 2 2034 1479 82371 0 7646 82371 1
gene 3 420 2645 295392 0 7731 295392 1
gene 3 2645 2172 639452 0 7732 639452 1
genomeend 78


