/* Organism #6 Fitness: 200.000000 Time: 0 */
/* Position #6*/
#1 x: 31 y: 35
#2 x: 61 y: 35
#3 x: 53 y: 17
#4 x: 40 y: 73
#5 x: 33 y: 84
#6 x: 48 y: 67
genomestart 6
trait 1 43007.000000 16300.000000 6994.000000 28041.000000 57524.000000 37112.000000 87908.000000 80535.000000 trait 2 30533.000000 24215.000000 70868.000000 0.000000 0.000000 0.000000 0.000000 18399.000000 trait 3 0.000000 0.000000 44883.000000 65858.000000 41337.000000 0.000000 100000.000000 41343.000000 trait 4 4.000000 0.000000 0.000000 36940.000000 0.000000 0.000000 0.000000 37957.000000 node 1 4 1 3
node 2 4 1 1
node 3 1 1 1
node 4 1 1 1
node 5 1 1 1
node 6 2 1 1
node 7 4 1 1
node 8 4 1 1
node 9 2 1 1
node 10 1 1 1
node 11 2 1 1
node 12 4 1 1
node 13 2 0 2
node 14 1 0 2
node 15 3 0 2
node 121 1 0 0
node 235 1 0 0
node 384 2 0 0
node 420 1 0 0
node 433 1 0 0
node 461 1 0 0
node 500 1 0 0
node 516 1 0 0
node 697 3 0 0
node 1018 1 0 0
node 1130 1 0 0
node 1323 3 0 0
node 1393 1 0 0
node 1479 1 0 0
node 1531 3 0 0
node 1683 1 0 0
node 1735 1 0 0
node 1875 1 0 0
node 2034 1 0 0
node 2142 1 0 0
node 2172 1 0 0
node 2206 1 0 0
node 2313 1 0 0
node 2332 1 0 0
node 2368 1 0 0
node 2491 1 0 0
node 2512 1 0 0
node 2530 1 0 0
node 2547 1 0 0
node 2692 1 0 0
node 2786 1 0 0
node 2912 1 0 0
node 3009 1 0 0
node 3108 1 0 0
node 3213 1 0 0
node 3249 1 0 0
node 3336 1 0 0
node 3356 1 0 0
gene 2 1 13 -240585 0 1 -240585 1
gene 3 2 13 -105918 0 2 -105918 1
gene 2 3 13 192168 0 3 192168 1
gene 3 4 13 138543 0 4 138543 1
gene 2 5 13 800000 0 5 800000 0
gene 4 6 13 -388647 0 6 -388647 1
gene 3 7 13 800000 0 7 800000 1
gene 2 8 13 77202 0 8 77202 0
gene 3 9 13 -476388 0 9 -476388 1
gene 2 10 13 -35397 0 10 -35397 0
gene 2 11 13 288374 0 11 288374 1
gene 4 12 13 147483 0 12 147483 1
gene 2 1 14 -517206 0 13 -517206 1
gene 2 2 14 163575 0 14 163575 1
gene 4 3 14 352101 0 15 352101 0
gene 4 4 14 -109749 0 16 -109749 0
gene 4 5 14 -297837 0 17 -297837 1
gene 3 6 14 -188574 0 18 -188574 0
gene 2 7 14 681914 0 19 681914 1
gene 1 8 14 -34989 0 20 -34989 0
gene 3 9 14 108933 0 21 108933 1
gene 1 10 14 733680 0 22 733680 1
gene 1 11 14 543528 0 23 543528 1
gene 4 12 14 17904 0 24 17904 1
gene 3 1 15 -103614 0 25 -103614 1
gene 3 2 15 -395691 0 26 -395691 1
gene 3 3 15 800000 0 27 800000 0
gene 3 4 15 134952 0 28 134952 1
gene 3 5 15 409812 0 29 409812 1
gene 1 6 15 365178 0 30 365178 1
gene 3 7 15 463185 0 31 463185 1
gene 3 8 15 89241 0 32 89241 1
gene 3 9 15 800000 0 33 800000 1
gene 3 10 15 378162 0 34 378162 0
gene 2 11 15 -257388 0 35 -257388 1
gene 4 12 15 615222 0 36 615222 0
gene 4 15 15 -16443 1 174 -16443 0
gene 3 8 121 16593 0 329 16593 0
gene 3 121 15 -377946 0 330 -377946 1
gene 2 5 121 -500151 0 438 -500151 1
gene 2 7 121 507945 0 483 507945 0
gene 4 4 235 -339792 0 666 -339792 1
gene 4 235 14 417030 0 667 417030 1
gene 1 1 235 277932 0 753 277932 1
gene 3 9 235 -590385 0 1108 -590385 1
gene 3 10 384 -800000 0 1126 -800000 1
gene 3 384 15 347808 0 1127 347808 1
gene 2 14 14 590445 1 1197 590445 1
gene 3 7 420 259380 0 1239 259380 0
gene 3 420 15 349536 0 1240 349536 0
gene 3 2 433 -367404 0 1284 -367404 1
gene 3 433 13 -42813 0 1285 -42813 1
gene 4 3 461 -243404 0 1352 -243404 1
gene 4 461 14 -130530 0 1353 -130530 1
gene 4 15 500 -336288 1 1453 -336288 1
gene 4 500 15 348921 0 1454 348921 0
gene 1 8 516 266967 0 1500 266967 1
gene 1 516 14 -615735 0 1501 -615735 0
gene 1 384 121 -745370 0 1548 -745370 1
gene 2 8 461 -342999 0 1965 -342999 1
gene 3 3 697 589428 0 2038 589428 1
gene 3 697 15 629778 0 2039 629778 1
gene 2 1 500 -524586 0 2133 -524586 1
gene 1 3 433 124761 0 2628 124761 1
gene 1 516 516 55455 1 2664 55455 1
gene 3 8 1018 785840 0 2997 785840 1
gene 3 1018 121 513524 0 2998 513524 0
gene 3 15 433 -124404 0 3156 -124404 1
gene 1 10 1130 -619419 0 3329 -619419 1
gene 1 1130 14 -253908 0 3330 -253908 1
gene 3 500 697 529539 0 3371 529539 1
gene 2 3 516 -182826 0 3603 -182826 1
gene 2 9 1323 69570 0 3885 69570 0
gene 2 1323 14 -365532 0 3886 -365532 0
gene 2 121 420 -285222 0 3959 -285222 1
gene 2 8 1393 -36369 0 4093 -36369 1
gene 2 1393 13 -248124 0 4094 -248124 0
gene 1 11 1479 -129261 0 4325 -129261 1
gene 1 1479 14 -331266 0 4326 -331266 1
gene 4 12 1531 32076 0 4477 32076 1
gene 4 1531 15 -182916 0 4478 -182916 1
gene 3 1393 433 -515550 0 4734 -515550 1
gene 2 1323 1683 140666 0 4950 140666 1
gene 2 1683 14 466578 0 4951 466578 1
gene 3 6 1735 -647339 0 5103 -647339 1
gene 3 1735 14 800000 0 5104 800000 1
gene 1 5 516 44496 0 5346 44496 1
gene 1 516 433 -130362 0 5443 -130362 1
gene 3 2 1875 800000 0 5505 800000 1
gene 3 1875 433 -234531 0 5506 -234531 1
gene 1 1683 461 -753035 0 5687 -753035 1
gene 1 516 121 491379 0 5877 491379 1
gene 3 3 2034 368220 0 5939 368220 1
gene 3 2034 697 311865 0 5940 311865 1
gene 3 5 1479 233748 0 6157 233748 1
gene 3 7 2142 -800000 0 6248 -800000 1
gene 3 2142 420 -70608 0 6249 -70608 1
gene 3 420 2172 -566156 0 6332 -566156 1
gene 3 2172 15 -406269 0 6333 -406269 1
gene 2 1735 1735 -722178 1 6388 -722178 1
gene 2 8 2206 -127119 0 6436 -127119 1
gene 2 2206 1393 -38112 0 6437 -38112 1
gene 2 121 2313 -141462 0 6747 -141462 1
gene 2 2313 420 -59184 0 6748 -59184 1
gene 2 9 2332 79056 0 6797 79056 0
gene 2 2332 1323 -22608 0 6798 -22608 1
gene 4 1323 2034 -285243 0 6848 -285243 1
gene 2 7 2368 -519707 0 6897 -519707 1
gene 2 2368 121 -800000 0 6898 -800000 1
gene 2 384 1531 -303456 0 7018 -303456 1
gene 2 2142 1018 -27282 0 7205 -27282 0
gene 3 2206 2034 240387 0 7245 240387 1
gene 2 7 2491 231288 0 7283 231288 1
gene 2 2491 2368 -110805 0 7284 -110805 1
gene 2 5 2512 56742 0 7337 56742 1
gene 2 2512 13 514605 0 7338 514605 0
gene 2 10 2530 -681788 0 7387 -681788 1
gene 2 2530 13 251121 0 7388 251121 1
gene 3 9 2547 496878 0 7440 496878 1
gene 3 2547 13 -74346 0 7441 -74346 1
gene 2 2530 1479 -127467 0 7594 -127467 0
gene 1 1479 2692 199674 0 7856 199674 1
gene 1 2692 14 -232764 0 7857 -232764 1
gene 3 4 1130 90852 0 7980 90852 1
gene 4 3 2786 100737 0 8132 100737 1
gene 4 2786 14 -88380 0 8133 -88380 1
gene 4 2547 1735 -59697 0 8311 -59697 1
gene 3 2692 461 -525276 0 8358 -525276 1
gene 4 500 2912 -67356 0 8507 -67356 1
gene 1 2912 15 -2538 0 8508 -2538 1
gene 1 2912 1130 -50397 0 8750 -50397 1
gene 2 2142 3009 -552815 0 8799 -552815 1
gene 2 3009 1018 199371 0 8800 199371 1
gene 3 2034 2034 224580 1 8851 224580 1
gene 2 2512 3108 164109 0 9104 164109 1
gene 2 3108 13 294762 0 9105 294762 1
gene 1 2491 235 -174879 0 9236 -174879 1
gene 2 9 3213 234540 0 9416 234540 1
gene 2 3213 2332 -388059 0 9417 -388059 1
gene 1 516 3249 73551 0 9516 73551 1
gene 1 3249 14 -296064 0 9517 -296064 1
gene 2 1393 3336 -102216 0 9780 -102216 1
gene 2 3336 13 -515967 0 9781 -515967 1
gene 2 2530 3356 187552 0 9835 187552 1
gene 2 3356 1479 -94032 0 9836 -94032 1
genomeend 6


/* Organism #10 Fitness: 240.000000 Time: 0 */
/* Position #10*/
#1 x: 66 y: 30
#2 x: 37 y: 31
#3 x: 68 y: 23
#4 x: 68 y: 71
#5 x: 84 y: 72
#6 x: 27 y: 79
genomestart 10
trait 1 71503.000000 52572.000000 0.000000 48265.000000 0.000000 0.000000 100000.000000 393.000000 trait 2 2.000000 0.000000 0.000000 0.000000 0.000000 0.000000 0.000000 0.000000 trait 3 0.000000 0.000000 0.000000 51304.000000 0.000000 13538.000000 70969.000000 30146.000000 trait 4 4.000000 0.000000 0.000000 36940.000000 0.000000 0.000000 100000.000000 100000.000000 node 1 4 1 3
node 2 4 1 1
node 3 1 1 1
node 4 1 1 1
node 5 1 1 1
node 6 2 1 1
node 7 4 1 1
node 8 4 1 1
node 9 2 1 1
node 10 1 1 1
node 11 2 1 1
node 12 4 1 1
node 13 2 0 2
node 14 1 0 2
node 15 3 0 2
node 121 1 0 0
node 235 1 0 0
node 384 1 0 0
node 420 1 0 0
node 433 1 0 0
node 461 1 0 0
node 500 1 0 0
node 516 1 0 0
node 697 1 0 0
node 1018 1 0 0
node 1130 1 0 0
node 1323 3 0 0
node 1393 1 0 0
node 1479 1 0 0
node 1531 2 0 0
node 1683 1 0 0
node 1735 1 0 0
node 1875 1 0 0
node 1975 1 0 0
node 2022 1 0 0
node 2179 1 0 0
node 2295 1 0 0
node 2730 1 0 0
node 2767 1 0 0
node 2826 1 0 0
node 2977 1 0 0
node 3105 1 0 0
node 3118 1 0 0
gene 2 1 13 -19440 0 1 -19440 1
gene 3 2 13 113082 0 2 113082 1
gene 2 3 13 77964 0 3 77964 1
gene 3 4 13 -118218 0 4 -118218 1
gene 2 5 13 206799 0 5 206799 1
gene 4 6 13 -223239 0 6 -223239 0
gene 3 7 13 480735 0 7 480735 1
gene 2 8 13 -131142 0 8 -131142 0
gene 3 9 13 126810 0 9 126810 1
gene 2 10 13 800000 0 10 800000 1
gene 2 11 13 -800000 0 11 -800000 1
gene 4 12 13 -790932 0 12 -790932 1
gene 2 1 14 130455 0 13 130455 1
gene 2 2 14 -200793 0 14 -200793 1
gene 4 3 14 -170691 0 15 -170691 1
gene 4 4 14 -379020 0 16 -379020 0
gene 4 5 14 98976 0 17 98976 1
gene 3 6 14 365036 0 18 365036 0
gene 2 7 14 -108741 0 19 -108741 1
gene 1 8 14 -346413 0 20 -346413 0
gene 3 9 14 259233 0 21 259233 1
gene 1 10 14 -800000 0 22 -800000 1
gene 1 11 14 147627 0 23 147627 1
gene 4 12 14 261353 0 24 261353 0
gene 3 1 15 800000 0 25 800000 1
gene 3 2 15 -195486 0 26 -195486 1
gene 3 3 15 314787 0 27 314787 0
gene 3 4 15 313329 0 28 313329 1
gene 3 5 15 -269115 0 29 -269115 1
gene 1 6 15 -519317 0 30 -519317 0
gene 3 7 15 -111303 0 31 -111303 0
gene 3 8 15 591435 0 32 591435 1
gene 3 9 15 -346059 0 33 -346059 1
gene 3 10 15 182082 0 34 182082 0
gene 2 11 15 -111498 0 35 -111498 1
gene 4 12 15 577182 0 36 577182 0
gene 4 15 15 -800000 1 174 -800000 0
gene 3 8 121 -10680 0 329 -10680 0
gene 3 121 15 8838 0 330 8838 1
gene 2 5 121 800000 0 438 800000 1
gene 2 7 121 -643794 0 483 -643794 1
gene 4 4 235 75966 0 666 75966 1
gene 4 235 14 14397 0 667 14397 1
gene 1 1 235 -183654 0 753 -183654 1
gene 1 9 235 432306 0 1108 432306 1
gene 3 10 384 800000 0 1126 800000 1
gene 3 384 15 -358755 0 1127 -358755 0
gene 2 14 14 199560 1 1197 199560 0
gene 3 7 420 52305 0 1239 52305 1
gene 3 420 15 -751568 0 1240 -751568 1
gene 3 2 433 17856 0 1284 17856 0
gene 3 433 13 -196004 0 1285 -196004 1
gene 4 3 461 -608889 0 1352 -608889 1
gene 4 461 14 280413 0 1353 280413 1
gene 4 15 500 -176697 1 1453 -176697 0
gene 4 500 15 -727193 0 1454 -727193 0
gene 1 8 516 109242 0 1500 109242 1
gene 1 516 14 -35505 0 1501 -35505 1
gene 1 384 121 724056 0 1548 724056 1
gene 2 8 461 227201 0 1965 227201 1
gene 3 3 697 37557 0 2038 37557 0
gene 2 697 15 88908 0 2039 88908 1
gene 2 1 500 271794 0 2133 271794 1
gene 1 3 433 -529706 0 2628 -529706 1
gene 1 516 516 137445 1 2664 137445 1
gene 3 8 1018 688659 0 2997 688659 0
gene 3 1018 121 465987 0 2998 465987 0
gene 3 15 433 406794 0 3156 406794 1
gene 1 10 1130 122301 0 3329 122301 1
gene 1 1130 14 342414 0 3330 342414 0
gene 3 500 697 -59160 0 3371 -59160 1
gene 2 3 516 446712 0 3603 446712 1
gene 2 9 1323 -208179 0 3885 -208179 1
gene 2 1323 14 78063 0 3886 78063 0
gene 2 121 420 -621770 0 3959 -621770 1
gene 2 8 1393 107268 0 4093 107268 1
gene 2 1393 13 799599 0 4094 799599 1
gene 1 11 1479 -4545 0 4325 -4545 1
gene 1 1479 14 -37995 0 4326 -37995 1
gene 4 12 1531 672777 0 4477 672777 1
gene 4 1531 15 318594 0 4478 318594 0
gene 3 1393 433 -610164 0 4734 -610164 1
gene 2 1323 1683 -285246 0 4950 -285246 1
gene 2 1683 14 -373484 0 4951 -373484 1
gene 3 6 1735 481464 0 5103 481464 1
gene 3 1735 14 325368 0 5104 325368 0
gene 1 5 516 446691 0 5346 446691 1
gene 1 516 433 -265860 0 5443 -265860 1
gene 3 2 1875 -504876 0 5505 -504876 1
gene 3 1875 433 493903 0 5506 493903 1
gene 1 1683 461 367998 0 5687 367998 1
gene 1 6 1975 402471 0 5780 402471 1
gene 1 1975 15 -727950 0 5781 -727950 1
gene 4 1531 2022 256458 0 5905 256458 1
gene 4 2022 15 -387645 0 5906 -387645 1
gene 3 121 1875 322644 0 5987 322644 1
gene 1 1683 1393 455280 0 6232 455280 1
gene 4 500 2179 118029 0 6351 118029 1
gene 4 2179 15 -153333 0 6352 -153333 1
gene 3 12 2179 -469452 0 6539 -469452 1
gene 1 1975 1975 800000 1 6578 800000 1
gene 2 14 2295 -12315 1 6699 -12315 1
gene 2 2295 14 -191793 0 6700 -191793 1
gene 4 4 433 40194 0 7064 40194 1
gene 3 12 235 -392721 0 7098 -392721 1
gene 1 384 384 -182241 1 7242 -182241 1
gene 2 500 500 -51033 1 7740 -51033 1
gene 3 8 2730 -256737 0 7969 -256737 1
gene 3 2730 1018 646368 0 7970 646368 1
gene 2 2730 516 -116823 0 8040 -116823 1
gene 4 6 2767 -125103 0 8075 -125103 1
gene 4 2767 13 -111786 0 8076 -111786 1
gene 3 13 15 -34536 1 8122 -34536 1
gene 4 12 2826 -196500 0 8243 -196500 1
gene 4 2826 14 -258837 0 8244 -258837 1
gene 3 384 1975 -800000 0 8469 -800000 1
gene 3 3 2977 332605 0 8686 332605 1
gene 3 2977 697 234777 0 8687 234777 1
gene 1 1130 3105 -384693 0 9092 -384693 1
gene 1 3105 14 286593 0 9093 286593 1
gene 4 15 3118 237294 1 9132 237294 1
gene 4 3118 500 106122 0 9133 106122 1
gene 4 3118 2295 -662724 0 9282 -662724 1
gene 3 10 121 640247 0 9403 640247 1
gene 4 500 2767 20148 0 9643 20148 1
gene 1 2179 420 47524 0 9783 47524 1
gene 2 2295 384 -20684 0 9889 -20684 1
genomeend 10


/* Organism #12 Fitness: 390.000000 Time: 0 */
/* Position #12*/
#1 x: 54 y: 21
#2 x: 70 y: 16
#3 x: 55 y: 31
#4 x: 19 y: 73
#5 x: 73 y: 84
#6 x: 58 y: 67
genomestart 12
trait 1 71503.000000 52572.000000 0.000000 48265.000000 0.000000 0.000000 100000.000000 393.000000 trait 2 2.000000 0.000000 0.000000 0.000000 0.000000 0.000000 0.000000 0.000000 trait 3 13257.000000 20188.000000 0.000000 33644.000000 0.000000 13538.000000 100000.000000 2465.000000 trait 4 4.000000 0.000000 0.000000 36940.000000 0.000000 0.000000 100000.000000 100000.000000 node 1 4 1 3
node 2 4 1 1
node 3 1 1 1
node 4 1 1 1
node 5 1 1 1
node 6 2 1 1
node 7 4 1 1
node 8 4 1 1
node 9 2 1 1
node 10 1 1 1
node 11 2 1 1
node 12 4 1 1
node 13 2 0 2
node 14 1 0 2
node 15 3 0 2
node 121 1 0 0
node 235 1 0 0
node 384 1 0 0
node 420 1 0 0
node 433 1 0 0
node 461 1 0 0
node 500 1 0 0
node 516 1 0 0
node 697 1 0 0
node 1018 1 0 0
node 1130 1 0 0
node 1323 3 0 0
node 1393 1 0 0
node 1479 1 0 0
node 1531 4 0 0
node 1683 1 0 0
node 1735 1 0 0
node 1875 1 0 0
node 1975 1 0 0
node 2022 1 0 0
node 2179 1 0 0
node 2295 1 0 0
node 2730 1 0 0
node 2767 1 0 0
node 2826 1 0 0
node 2977 1 0 0
node 3251 1 0 0
node 3357 1 0 0
gene 2 1 13 -124323 0 1 -124323 1
gene 3 2 13 -65835 0 2 -65835 1
gene 2 3 13 -227538 0 3 -227538 1
gene 3 4 13 -86265 0 4 -86265 1
gene 2 5 13 -154845 0 5 -154845 1
gene 4 6 13 755025 0 6 755025 0
gene 3 7 13 -800000 0 7 -800000 1
gene 2 8 13 23055 0 8 23055 0
gene 3 9 13 -647883 0 9 -647883 1
gene 2 10 13 -448500 0 10 -448500 1
gene 2 11 13 -138264 0 11 -138264 1
gene 4 12 13 -303240 0 12 -303240 1
gene 2 1 14 9897 0 13 9897 1
gene 2 2 14 -266451 0 14 -266451 1
gene 4 3 14 135633 0 15 135633 1
gene 4 4 14 -468192 0 16 -468192 0
gene 4 5 14 516633 0 17 516633 1
gene 3 6 14 741042 0 18 741042 0
gene 2 7 14 -260991 0 19 -260991 1
gene 1 8 14 800000 0 20 800000 0
gene 3 9 14 229086 0 21 229086 1
gene 1 10 14 -153654 0 22 -153654 1
gene 1 11 14 51342 0 23 51342 1
gene 4 12 14 -567477 0 24 -567477 0
gene 3 1 15 -585 0 25 -585 1
gene 3 2 15 -249012 0 26 -249012 1
gene 3 3 15 688050 0 27 688050 0
gene 3 4 15 -141282 0 28 -141282 1
gene 3 5 15 -165954 0 29 -165954 1
gene 1 6 15 189825 0 30 189825 0
gene 3 7 15 4092 0 31 4092 0
gene 3 8 15 54540 0 32 54540 1
gene 3 9 15 -546045 0 33 -546045 1
gene 3 10 15 758970 0 34 758970 0
gene 2 11 15 -414990 0 35 -414990 1
gene 4 12 15 -511565 0 36 -511565 0
gene 4 15 15 501753 1 174 501753 0
gene 3 8 121 -159855 0 329 -159855 0
gene 3 121 15 426054 0 330 426054 1
gene 2 5 121 329927 0 438 329927 1
gene 2 7 121 -800000 0 483 -800000 1
gene 4 4 235 -187212 0 666 -187212 1
gene 4 235 14 -112968 0 667 -112968 1
gene 1 1 235 423588 0 753 423588 1
gene 1 9 235 -343068 0 1108 -343068 1
gene 3 10 384 269690 0 1126 269690 1
gene 3 384 15 -211611 0 1127 -211611 0
gene 2 14 14 594666 1 1197 594666 0
gene 3 7 420 -574650 0 1239 -574650 1
gene 3 420 15 287052 0 1240 287052 1
gene 3 2 433 190149 0 1284 190149 0
gene 3 433 13 -417237 0 1285 -417237 1
gene 4 3 461 -329289 0 1352 -329289 1
gene 4 461 14 177462 0 1353 177462 1
gene 4 15 500 -537467 1 1453 -537467 1
gene 4 500 15 -292599 0 1454 -292599 0
gene 1 8 516 -516933 0 1500 -516933 1
gene 1 516 14 7008 0 1501 7008 1
gene 1 384 121 -169005 0 1548 -169005 1
gene 2 8 461 -13176 0 1965 -13176 1
gene 3 3 697 -194391 0 2038 -194391 0
gene 2 697 15 -687411 0 2039 -687411 1
gene 2 1 500 -380778 0 2133 -380778 1
gene 1 3 433 -178514 0 2628 -178514 1
gene 1 516 516 -45666 1 2664 -45666 1
gene 3 8 1018 -162810 0 2997 -162810 0
gene 3 1018 121 387765 0 2998 387765 0
gene 3 15 433 -418737 0 3156 -418737 0
gene 1 10 1130 -584004 0 3329 -584004 1
gene 1 1130 14 -99147 0 3330 -99147 1
gene 3 500 697 -71673 0 3371 -71673 1
gene 2 3 516 176085 0 3603 176085 1
gene 2 9 1323 -295836 0 3885 -295836 1
gene 2 1323 14 -514752 0 3886 -514752 0
gene 4 121 420 56022 0 3959 56022 1
gene 2 8 1393 300516 0 4093 300516 1
gene 2 1393 13 -756627 0 4094 -756627 1
gene 1 11 1479 616247 0 4325 616247 1
gene 1 1479 14 -155301 0 4326 -155301 1
gene 4 12 1531 132564 0 4477 132564 1
gene 4 1531 15 792612 0 4478 792612 0
gene 3 1393 433 116667 0 4734 116667 1
gene 2 1323 1683 -60378 0 4950 -60378 0
gene 2 1683 14 334455 0 4951 334455 1
gene 3 6 1735 -253704 0 5103 -253704 1
gene 3 1735 14 -376208 0 5104 -376208 0
gene 1 5 516 -309570 0 5346 -309570 1
gene 1 516 433 -71892 0 5443 -71892 1
gene 3 2 1875 -93474 0 5505 -93474 1
gene 3 1875 433 58542 0 5506 58542 1
gene 1 1683 461 176592 0 5687 176592 1
gene 1 6 1975 55854 0 5780 55854 1
gene 1 1975 15 -55251 0 5781 -55251 1
gene 4 1531 2022 97527 0 5905 97527 1
gene 4 2022 15 126636 0 5906 126636 1
gene 3 121 1875 -96807 0 5987 -96807 1
gene 1 1683 1393 229920 0 6232 229920 1
gene 4 500 2179 541635 0 6351 541635 1
gene 4 2179 15 270762 0 6352 270762 1
gene 3 12 2179 246291 0 6539 246291 1
gene 1 1975 1975 -28482 1 6578 -28482 1
gene 2 14 2295 -15555 1 6699 -15555 1
gene 2 2295 14 -445977 0 6700 -445977 1
gene 4 4 433 137010 0 7064 137010 1
gene 3 12 235 -131130 0 7098 -131130 1
gene 1 384 384 -405965 1 7242 -405965 1
gene 2 500 500 -86583 1 7740 -86583 1
gene 3 8 2730 195048 0 7969 195048 1
gene 3 2730 1018 461010 0 7970 461010 1
gene 2 2730 516 162594 0 8040 162594 1
gene 4 6 2767 234783 0 8075 234783 1
gene 4 2767 13 112935 0 8076 112935 1
gene 3 13 15 -165345 1 8122 -165345 1
gene 4 12 2826 -207924 0 8243 -207924 1
gene 4 2826 14 308808 0 8244 308808 1
gene 3 384 1975 -143106 0 8469 -143106 1
gene 3 3 2977 -88233 0 8686 -88233 1
gene 3 2977 697 48585 0 8687 48585 1
gene 2 2179 2179 130028 1 9153 130028 1
gene 2 1323 3251 314529 0 9520 314529 1
gene 2 3251 1683 -29001 0 9521 -29001 1
gene 3 420 420 -151687 1 9666 -151687 1
gene 3 9 1393 -163940 0 9752 -163940 1
gene 3 15 3357 249289 0 9839 249289 1
gene 3 3357 433 -743679 0 9840 -743679 1
genomeend 12


/* Organism #30 Fitness: 290.000000 Time: 0 */
/* Position #30*/
#1 x: 44 y: 16
#2 x: 52 y: 27
#3 x: 20 y: 18
#4 x: 32 y: 85
#5 x: 77 y: 80
#6 x: 45 y: 62
genomestart 30
trait 1 71503.000000 52572.000000 0.000000 48265.000000 0.000000 0.000000 100000.000000 393.000000 trait 2 2.000000 0.000000 0.000000 0.000000 0.000000 0.000000 0.000000 0.000000 trait 3 0.000000 0.000000 0.000000 51304.000000 0.000000 13538.000000 70969.000000 30146.000000 trait 4 4.000000 48091.000000 0.000000 36940.000000 0.000000 0.000000 83028.000000 100000.000000 node 1 4 1 3
node 2 4 1 1
node 3 1 1 1
node 4 1 1 1
node 5 1 1 1
node 6 2 1 1
node 7 4 1 1
node 8 4 1 1
node 9 2 1 1
node 10 1 1 1
node 11 2 1 1
node 12 4 1 1
node 13 2 0 2
node 14 1 0 2
node 15 3 0 2
node 121 1 0 0
node 235 1 0 0
node 384 1 0 0
node 420 1 0 0
node 433 1 0 0
node 461 1 0 0
node 500 1 0 0
node 516 1 0 0
node 697 1 0 0
node 1018 1 0 0
node 1130 1 0 0
node 1323 3 0 0
node 1393 1 0 0
node 1479 1 0 0
node 1531 4 0 0
node 1683 1 0 0
node 1735 1 0 0
node 1875 1 0 0
node 1975 1 0 0
node 2022 1 0 0
node 2179 1 0 0
node 2295 2 0 0
node 2730 1 0 0
node 2767 1 0 0
node 2826 1 0 0
node 2977 1 0 0
node 3105 1 0 0
node 3118 1 0 0
gene 2 1 13 252225 0 1 252225 1
gene 3 2 13 -361326 0 2 -361326 1
gene 2 3 13 582165 0 3 582165 1
gene 3 4 13 -134322 0 4 -134322 1
gene 2 5 13 -255150 0 5 -255150 1
gene 4 6 13 -267975 0 6 -267975 0
gene 3 7 13 -53013 0 7 -53013 1
gene 2 8 13 15042 0 8 15042 0
gene 3 9 13 48957 0 9 48957 1
gene 2 10 13 619949 0 10 619949 1
gene 2 11 13 -497253 0 11 -497253 1
gene 4 12 13 -248190 0 12 -248190 1
gene 2 1 14 -56658 0 13 -56658 1
gene 2 2 14 524796 0 14 524796 1
gene 4 3 14 -800000 0 15 -800000 1
gene 4 4 14 186366 0 16 186366 0
gene 4 5 14 -294672 0 17 -294672 1
gene 3 6 14 223782 0 18 223782 0
gene 2 7 14 -145338 0 19 -145338 1
gene 1 8 14 -504195 0 20 -504195 0
gene 3 9 14 269592 0 21 269592 1
gene 1 10 14 -539708 0 22 -539708 1
gene 1 11 14 26607 0 23 26607 1
gene 4 12 14 -176611 0 24 -176611 0
gene 3 1 15 604317 0 25 604317 1
gene 3 2 15 -320217 0 26 -320217 1
gene 3 3 15 625551 0 27 625551 0
gene 3 4 15 281751 0 28 281751 1
gene 3 5 15 484602 0 29 484602 1
gene 1 6 15 -732797 0 30 -732797 0
gene 3 7 15 -122421 0 31 -122421 0
gene 3 8 15 -440226 0 32 -440226 1
gene 3 9 15 -108258 0 33 -108258 1
gene 3 10 15 75411 0 34 75411 0
gene 2 11 15 -182838 0 35 -182838 1
gene 4 12 15 30594 0 36 30594 0
gene 4 15 15 54945 1 174 54945 0
gene 3 8 121 177291 0 329 177291 0
gene 3 121 15 800000 0 330 800000 1
gene 2 5 121 526992 0 438 526992 1
gene 2 7 121 -291027 0 483 -291027 1
gene 4 4 235 -62838 0 666 -62838 1
gene 4 235 14 120918 0 667 120918 1
gene 1 1 235 204681 0 753 204681 1
gene 1 9 235 -95775 0 1108 -95775 1
gene 3 10 384 -122697 0 1126 -122697 1
gene 3 384 15 -122274 0 1127 -122274 0
gene 2 14 14 264558 1 1197 264558 0
gene 3 7 420 83547 0 1239 83547 1
gene 3 420 15 -800000 0 1240 -800000 1
gene 3 2 433 199458 0 1284 199458 0
gene 3 433 13 -299693 0 1285 -299693 1
gene 4 3 461 -202080 0 1352 -202080 1
gene 4 461 14 291111 0 1353 291111 1
gene 4 15 500 147129 1 1453 147129 0
gene 4 500 15 -505202 0 1454 -505202 0
gene 1 8 516 -238998 0 1500 -238998 1
gene 1 516 14 24471 0 1501 24471 1
gene 1 384 121 105339 0 1548 105339 1
gene 2 8 461 114348 0 1965 114348 1
gene 3 3 697 222411 0 2038 222411 0
gene 2 697 15 -287076 0 2039 -287076 1
gene 2 1 500 11481 0 2133 11481 1
gene 1 3 433 153759 0 2628 153759 1
gene 1 516 516 1989 1 2664 1989 1
gene 3 8 1018 546273 0 2997 546273 0
gene 3 1018 121 -18273 0 2998 -18273 0
gene 3 15 433 474897 0 3156 474897 1
gene 1 10 1130 561576 0 3329 561576 1
gene 1 1130 14 151833 0 3330 151833 0
gene 3 500 697 6411 0 3371 6411 1
gene 2 3 516 800000 0 3603 800000 1
gene 2 9 1323 -178731 0 3885 -178731 1
gene 2 1323 14 -686340 0 3886 -686340 0
gene 2 121 420 -224643 0 3959 -224643 1
gene 2 8 1393 27003 0 4093 27003 1
gene 2 1393 13 286854 0 4094 286854 1
gene 1 11 1479 547506 0 4325 547506 1
gene 1 1479 14 -186993 0 4326 -186993 1
gene 4 12 1531 -237060 0 4477 -237060 1
gene 4 1531 15 196287 0 4478 196287 0
gene 3 1393 433 -327837 0 4734 -327837 1
gene 2 1323 1683 -193893 0 4950 -193893 1
gene 2 1683 14 -266262 0 4951 -266262 1
gene 3 6 1735 -374328 0 5103 -374328 1
gene 3 1735 14 185142 0 5104 185142 0
gene 1 5 516 582438 0 5346 582438 1
gene 1 516 433 -439428 0 5443 -439428 1
gene 3 2 1875 -488874 0 5505 -488874 1
gene 3 1875 433 800000 0 5506 800000 1
gene 1 1683 461 -337305 0 5687 -337305 1
gene 1 6 1975 -38586 0 5780 -38586 1
gene 1 1975 15 47568 0 5781 47568 1
gene 4 1531 2022 90102 0 5905 90102 1
gene 4 2022 15 38970 0 5906 38970 1
gene 3 121 1875 -61899 0 5987 -61899 1
gene 1 1683 1393 -252894 0 6232 -252894 1
gene 4 500 2179 594627 0 6351 594627 1
gene 4 2179 15 -195261 0 6352 -195261 1
gene 3 12 2179 298170 0 6539 298170 1
gene 1 1975 1975 469965 1 6578 469965 1
gene 2 14 2295 138828 1 6699 138828 1
gene 2 2295 14 589035 0 6700 589035 1
gene 4 4 433 137937 0 7064 137937 1
gene 3 12 235 -800000 0 7098 -800000 1
gene 1 384 384 278991 1 7242 278991 1
gene 2 500 500 192372 1 7740 192372 1
gene 3 8 2730 69333 0 7969 69333 1
gene 3 2730 1018 553353 0 7970 553353 1
gene 2 2730 516 89082 0 8040 89082 1
gene 4 6 2767 -205188 0 8075 -205188 1
gene 4 2767 13 -53184 0 8076 -53184 1
gene 3 13 15 -338907 1 8122 -338907 1
gene 4 12 2826 451056 0 8243 451056 1
gene 4 2826 14 -503118 0 8244 -503118 1
gene 3 384 1975 -11199 0 8469 -11199 1
gene 3 3 2977 527383 0 8686 527383 1
gene 3 2977 697 39690 0 8687 39690 1
gene 1 1130 3105 50838 0 9092 50838 1
gene 1 3105 14 -57006 0 9093 -57006 1
gene 4 15 3118 134871 1 9132 134871 1
gene 4 3118 500 -151626 0 9133 -151626 1
gene 4 3118 2295 -340524 0 9282 -340524 1
gene 3 10 121 800000 0 9403 800000 1
gene 4 500 2767 242352 0 9643 242352 1
gene 2 2977 2977 -58469 1 9902 -58469 1
genomeend 30


/* Organism #38 Fitness: 280.000000 Time: 0 */
/* Position #38*/
#1 x: 34 y: 22
#2 x: 75 y: 34
#3 x: 17 y: 18
#4 x: 67 y: 60
#5 x: 70 y: 63
#6 x: 30 y: 68
genomestart 38
trait 1 43007.000000 16300.000000 6994.000000 28041.000000 57524.000000 37112.000000 87908.000000 80535.000000 trait 2 0.000000 43855.000000 0.000000 95786.000000 51940.000000 72099.000000 50358.000000 23911.000000 trait 3 0.000000 0.000000 0.000000 51304.000000 0.000000 13538.000000 70969.000000 30146.000000 trait 4 4.000000 0.000000 0.000000 36940.000000 0.000000 0.000000 43316.000000 37957.000000 node 1 4 1 3
node 2 4 1 1
node 3 1 1 1
node 4 1 1 1
node 5 1 1 1
node 6 2 1 1
node 7 4 1 1
node 8 4 1 1
node 9 2 1 1
node 10 1 1 1
node 11 2 1 1
node 12 4 1 1
node 13 2 0 2
node 14 1 0 2
node 15 3 0 2
node 121 1 0 0
node 235 1 0 0
node 384 1 0 0
node 420 1 0 0
node 433 1 0 0
node 461 1 0 0
node 500 1 0 0
node 516 1 0 0
node 697 3 0 0
node 1018 1 0 0
node 1130 1 0 0
node 1323 3 0 0
node 1393 1 0 0
node 1479 1 0 0
node 1531 4 0 0
node 1683 1 0 0
node 1735 1 0 0
node 1875 1 0 0
node 2034 1 0 0
node 2142 1 0 0
node 2172 1 0 0
node 2206 1 0 0
node 2313 1 0 0
node 2332 1 0 0
node 2368 3 0 0
node 2491 1 0 0
node 2512 1 0 0
node 2530 1 0 0
node 2547 1 0 0
node 2692 1 0 0
node 2786 1 0 0
node 2915 1 0 0
node 3042 1 0 0
node 3079 1 0 0
gene 2 1 13 -540588 0 1 -540588 1
gene 3 2 13 249846 0 2 249846 1
gene 2 3 13 -1746 0 3 -1746 1
gene 3 4 13 103761 0 4 103761 1
gene 2 5 13 -613236 0 5 -613236 0
gene 4 6 13 -54654 0 6 -54654 1
gene 3 7 13 800000 0 7 800000 1
gene 2 8 13 144600 0 8 144600 0
gene 3 9 13 -477056 0 9 -477056 1
gene 2 10 13 -239753 0 10 -239753 0
gene 2 11 13 -311928 0 11 -311928 1
gene 4 12 13 669377 0 12 669377 1
gene 2 1 14 40926 0 13 40926 1
gene 2 2 14 624686 0 14 624686 1
gene 4 3 14 -192036 0 15 -192036 1
gene 4 4 14 800000 0 16 800000 1
gene 4 5 14 489549 0 17 489549 1
gene 3 6 14 -199230 0 18 -199230 0
gene 2 7 14 277950 0 19 277950 1
gene 1 8 14 413394 0 20 413394 0
gene 3 9 14 -9363 0 21 -9363 1
gene 1 10 14 68088 0 22 68088 1
gene 1 11 14 -201387 0 23 -201387 1
gene 3 12 14 397806 0 24 397806 1
gene 3 1 15 -202398 0 25 -202398 1
gene 3 2 15 -156378 0 26 -156378 1
gene 3 3 15 -475322 0 27 -475322 0
gene 3 4 15 418209 0 28 418209 1
gene 3 5 15 -7296 0 29 -7296 1
gene 1 6 15 -569639 0 30 -569639 1
gene 3 7 15 798536 0 31 798536 1
gene 3 8 15 437703 0 32 437703 1
gene 3 9 15 -418947 0 33 -418947 1
gene 3 10 15 131526 0 34 131526 1
gene 2 11 15 -800000 0 35 -800000 1
gene 4 12 15 -384969 0 36 -384969 1
gene 4 15 15 -157014 1 174 -157014 1
gene 3 8 121 407352 0 329 407352 1
gene 3 121 15 1464 0 330 1464 1
gene 2 5 121 -492553 0 438 -492553 0
gene 2 7 121 -254199 0 483 -254199 0
gene 4 4 235 -312342 0 666 -312342 1
gene 4 235 14 458522 0 667 458522 1
gene 1 1 235 181791 0 753 181791 1
gene 3 9 235 339450 0 1108 339450 1
gene 3 10 384 310876 0 1126 310876 1
gene 3 384 15 -258066 0 1127 -258066 1
gene 2 14 14 -71772 1 1197 -71772 1
gene 3 7 420 -233865 0 1239 -233865 0
gene 3 420 15 408009 0 1240 408009 0
gene 3 2 433 -732149 0 1284 -732149 1
gene 3 433 13 701763 0 1285 701763 1
gene 4 3 461 205458 0 1352 205458 1
gene 4 461 14 -38232 0 1353 -38232 1
gene 4 15 500 -800000 1 1453 -800000 1
gene 4 500 15 374285 0 1454 374285 1
gene 1 8 516 63954 0 1500 63954 1
gene 1 516 14 -12582 0 1501 -12582 1
gene 1 384 121 85482 0 1548 85482 1
gene 2 8 461 229866 0 1965 229866 1
gene 3 3 697 168393 0 2038 168393 1
gene 3 697 15 -186819 0 2039 -186819 1
gene 2 1 500 656903 0 2133 656903 1
gene 1 3 433 153789 0 2628 153789 1
gene 1 516 516 -478353 1 2664 -478353 1
gene 3 8 1018 -190701 0 2997 -190701 1
gene 3 1018 121 208032 0 2998 208032 0
gene 3 15 433 -33702 0 3156 -33702 1
gene 1 10 1130 -327402 0 3329 -327402 1
gene 1 1130 14 -40287 0 3330 -40287 1
gene 3 500 697 280893 0 3371 280893 1
gene 2 3 516 172850 0 3603 172850 0
gene 2 9 1323 -136194 0 3885 -136194 0
gene 2 1323 14 -419372 0 3886 -419372 1
gene 2 121 420 562922 0 3959 562922 1
gene 2 8 1393 -426516 0 4093 -426516 1
gene 2 1393 13 -800000 0 4094 -800000 1
gene 1 11 1479 -160026 0 4325 -160026 1
gene 1 1479 14 -454887 0 4326 -454887 1
gene 4 12 1531 37674 0 4477 37674 1
gene 4 1531 15 -444345 0 4478 -444345 1
gene 3 1393 433 -726050 0 4734 -726050 1
gene 2 1323 1683 -700830 0 4950 -700830 1
gene 2 1683 14 -291434 0 4951 -291434 1
gene 3 6 1735 186975 0 5103 186975 1
gene 3 1735 14 118080 0 5104 118080 1
gene 1 5 516 392163 0 5346 392163 1
gene 1 516 433 -147771 0 5443 -147771 1
gene 3 2 1875 -190632 0 5505 -190632 1
gene 3 1875 433 -118473 0 5506 -118473 1
gene 1 1683 461 -310404 0 5687 -310404 1
gene 1 516 121 -655433 0 5877 -655433 1
gene 3 3 2034 286419 0 5939 286419 1
gene 3 2034 697 411669 0 5940 411669 1
gene 3 5 1479 129228 0 6157 129228 1
gene 3 7 2142 101301 0 6248 101301 1
gene 3 2142 420 284106 0 6249 284106 1
gene 3 420 2172 -16455 0 6332 -16455 1
gene 3 2172 15 228999 0 6333 228999 1
gene 2 1735 1735 371094 1 6388 371094 1
gene 2 8 2206 -310629 0 6436 -310629 1
gene 2 2206 1393 216255 0 6437 216255 1
gene 2 121 2313 -659328 0 6747 -659328 1
gene 2 2313 420 349398 0 6748 349398 1
gene 2 9 2332 -482469 0 6797 -482469 1
gene 2 2332 1323 -417513 0 6798 -417513 1
gene 4 1323 2034 80490 0 6848 80490 1
gene 2 7 2368 -361110 0 6897 -361110 1
gene 2 2368 121 261084 0 6898 261084 1
gene 2 384 1531 121350 0 7018 121350 1
gene 2 2142 1018 348653 0 7205 348653 1
gene 3 2206 2034 -12498 0 7245 -12498 1
gene 2 7 2491 74557 0 7283 74557 1
gene 2 2491 2368 54546 0 7284 54546 1
gene 2 5 2512 -411333 0 7337 -411333 1
gene 2 2512 13 -79194 0 7338 -79194 1
gene 2 10 2530 718634 0 7387 718634 1
gene 2 2530 13 -450615 0 7388 -450615 1
gene 3 9 2547 73806 0 7440 73806 1
gene 3 2547 13 -243081 0 7441 -243081 1
gene 2 2530 1479 -176847 0 7594 -176847 1
gene 1 1479 2692 -800000 0 7856 -800000 0
gene 1 2692 14 233763 0 7857 233763 1
gene 3 4 1130 91191 0 7980 91191 1
gene 4 3 2786 -310974 0 8132 -310974 1
gene 4 2786 14 -29568 0 8133 -29568 1
gene 3 384 384 402978 1 8429 402978 1
gene 2 3 2915 -75360 0 8516 -75360 1
gene 2 2915 516 -41541 0 8517 -41541 1
gene 4 433 433 -262062 1 8562 -262062 1
gene 2 2547 1479 229818 0 8709 229818 1
gene 3 2206 1683 -340269 0 8777 -340269 1
gene 2 5 3042 -231351 0 8890 -231351 1
gene 2 3042 121 206787 0 8891 206787 1
gene 1 1479 3079 -91992 0 9004 -91992 1
gene 1 3079 2692 198081 0 9005 198081 1
gene 4 516 2547 -55236 0 9030 -55236 1
gene 3 1875 2915 373848 0 9219 373848 1
gene 2 2 420 -280245 0 9364 -280245 1
gene 2 1735 1531 231927 0 9549 231927 1
gene 4 9 697 -91707 0 9875 -91707 1
genomeend 38


/* Organism #46 Fitness: 220.000000 Time: 0 */
/* Position #46*/
#1 x: 79 y: 33
#2 x: 52 y: 26
#3 x: 37 y: 35
#4 x: 77 y: 71
#5 x: 63 y: 65
#6 x: 16 y: 74
genomestart 46
trait 1 19747.000000 88699.000000 0.000000 100000.000000 57524.000000 37112.000000 84759.000000 100000.000000 trait 2 2.000000 0.000000 0.000000 63677.000000 0.000000 0.000000 0.000000 0.000000 trait 3 0.000000 0.000000 0.000000 51304.000000 0.000000 13538.000000 70969.000000 30146.000000 trait 4 21476.000000 86360.000000 0.000000 7706.000000 0.000000 13521.000000 43316.000000 66023.000000 node 1 4 1 3
node 2 4 1 1
node 3 1 1 1
node 4 1 1 1
node 5 1 1 1
node 6 2 1 1
node 7 4 1 1
node 8 4 1 1
node 9 2 1 1
node 10 1 1 1
node 11 2 1 1
node 12 4 1 1
node 13 2 0 2
node 14 1 0 2
node 15 3 0 2
node 121 1 0 0
node 235 1 0 0
node 384 1 0 0
node 420 1 0 0
node 433 1 0 0
node 461 1 0 0
node 500 1 0 0
node 516 1 0 0
node 697 3 0 0
node 1018 1 0 0
node 1130 1 0 0
node 1323 3 0 0
node 1393 1 0 0
node 1479 1 0 0
node 1531 4 0 0
node 1683 1 0 0
node 1735 1 0 0
node 1875 3 0 0
node 2034 2 0 0
node 2142 1 0 0
node 2172 1 0 0
node 2206 1 0 0
node 2313 2 0 0
node 2332 1 0 0
node 2368 1 0 0
node 2412 1 0 0
node 2430 1 0 0
node 2481 1 0 0
node 2494 1 0 0
node 2768 1 0 0
node 2783 1 0 0
node 2799 1 0 0
node 2880 1 0 0
node 3142 1 0 0
node 3225 1 0 0
node 3236 1 0 0
node 3340 1 0 0
node 3377 1 0 0
gene 2 1 13 -302382 0 1 -302382 1
gene 3 2 13 -134811 0 2 -134811 1
gene 2 3 13 177654 0 3 177654 1
gene 3 4 13 -262359 0 4 -262359 1
gene 2 5 13 563292 0 5 563292 1
gene 4 6 13 121581 0 6 121581 1
gene 3 7 13 61032 0 7 61032 1
gene 2 8 13 -307851 0 8 -307851 0
gene 3 9 13 -636980 0 9 -636980 1
gene 2 10 13 297801 0 10 297801 0
gene 2 11 13 -259362 0 11 -259362 0
gene 4 12 13 -78417 0 12 -78417 1
gene 2 1 14 -199086 0 13 -199086 1
gene 2 2 14 -40632 0 14 -40632 1
gene 4 3 14 -315615 0 15 -315615 1
gene 4 4 14 141513 0 16 141513 0
gene 4 5 14 -109005 0 17 -109005 1
gene 3 6 14 153282 0 18 153282 0
gene 2 7 14 -453828 0 19 -453828 1
gene 1 8 14 -322959 0 20 -322959 0
gene 3 9 14 -364974 0 21 -364974 1
gene 1 10 14 97605 0 22 97605 1
gene 1 11 14 97365 0 23 97365 1
gene 4 12 14 -67200 0 24 -67200 0
gene 3 1 15 597660 0 25 597660 1
gene 3 2 15 -63633 0 26 -63633 1
gene 3 3 15 -134877 0 27 -134877 0
gene 3 4 15 191646 0 28 191646 1
gene 3 5 15 598472 0 29 598472 1
gene 1 6 15 -4854 0 30 -4854 1
gene 3 7 15 -466142 0 31 -466142 0
gene 3 8 15 25347 0 32 25347 0
gene 3 9 15 133923 0 33 133923 0
gene 3 10 15 -278442 0 34 -278442 0
gene 2 11 15 783153 0 35 783153 1
gene 4 12 15 457062 0 36 457062 0
gene 4 15 15 -455823 1 174 -455823 0
gene 3 8 121 -225321 0 329 -225321 0
gene 3 121 15 189423 0 330 189423 1
gene 2 5 121 -50058 0 438 -50058 1
gene 2 7 121 171546 0 483 171546 0
gene 4 4 235 -204693 0 666 -204693 1
gene 4 235 14 -93621 0 667 -93621 0
gene 1 1 235 -123309 0 753 -123309 1
gene 1 9 235 1968 0 1108 1968 1
gene 3 10 384 -92700 0 1126 -92700 1
gene 3 384 15 -62910 0 1127 -62910 0
gene 2 14 14 -360987 1 1197 -360987 0
gene 3 7 420 502653 0 1239 502653 0
gene 3 420 15 -23436 0 1240 -23436 0
gene 3 2 433 -800000 0 1284 -800000 0
gene 3 433 13 37617 0 1285 37617 1
gene 4 3 461 334191 0 1352 334191 1
gene 4 461 14 582063 0 1353 582063 1
gene 4 15 500 138834 1 1453 138834 1
gene 4 500 15 216408 0 1454 216408 1
gene 1 8 516 -773090 0 1500 -773090 1
gene 1 516 14 -217368 0 1501 -217368 1
gene 1 384 121 297075 0 1548 297075 1
gene 2 8 461 -95118 0 1965 -95118 1
gene 3 3 697 -446883 0 2038 -446883 0
gene 3 697 15 130782 0 2039 130782 1
gene 2 1 500 -418713 0 2133 -418713 1
gene 1 3 433 -473220 0 2628 -473220 1
gene 1 516 516 -589562 1 2664 -589562 1
gene 3 8 1018 265074 0 2997 265074 1
gene 3 1018 121 -50565 0 2998 -50565 0
gene 3 15 433 800000 0 3156 800000 1
gene 1 10 1130 100689 0 3329 100689 1
gene 1 1130 14 -550155 0 3330 -550155 1
gene 3 500 697 323598 0 3371 323598 1
gene 2 3 516 -586305 0 3603 -586305 1
gene 2 9 1323 16149 0 3885 16149 0
gene 2 1323 14 34431 0 3886 34431 0
gene 2 121 420 91374 0 3959 91374 0
gene 2 8 1393 91605 0 4093 91605 0
gene 2 1393 13 -588639 0 4094 -588639 1
gene 1 11 1479 -103605 0 4325 -103605 1
gene 1 1479 14 247152 0 4326 247152 1
gene 4 12 1531 800000 0 4477 800000 1
gene 4 1531 15 226212 0 4478 226212 1
gene 3 1393 433 -11682 0 4734 -11682 1
gene 2 1323 1683 667223 0 4950 667223 1
gene 2 1683 14 339290 0 4951 339290 1
gene 3 6 1735 -134946 0 5103 -134946 1
gene 3 1735 14 362481 0 5104 362481 1
gene 1 5 516 -580122 0 5346 -580122 1
gene 1 516 433 -800000 0 5443 -800000 1
gene 3 2 1875 -150006 0 5505 -150006 1
gene 3 1875 433 -48405 0 5506 -48405 1
gene 1 1683 461 149196 0 5687 149196 1
gene 1 516 121 215232 0 5877 215232 1
gene 3 3 2034 686841 0 5939 686841 0
gene 3 2034 697 -277182 0 5940 -277182 1
gene 3 5 1479 52260 0 6157 52260 1
gene 3 7 2142 -229812 0 6248 -229812 1
gene 3 2142 420 -567213 0 6249 -567213 1
gene 3 420 2172 -416361 0 6332 -416361 1
gene 3 2172 15 -250941 0 6333 -250941 1
gene 2 1735 1735 -359778 1 6388 -359778 1
gene 2 8 2206 -453948 0 6436 -453948 0
gene 2 2206 1393 -107151 0 6437 -107151 1
gene 2 121 2313 800000 0 6747 800000 0
gene 2 2313 420 -271137 0 6748 -271137 1
gene 2 9 2332 -67632 0 6797 -67632 1
gene 2 2332 1323 -480963 0 6798 -480963 1
gene 4 1323 2034 386328 0 6848 386328 1
gene 2 7 2368 573027 0 6897 573027 1
gene 2 2368 121 88929 0 6898 88929 1
gene 3 8 2412 166398 0 7028 166398 0
gene 3 2412 15 83943 0 7029 83943 1
gene 2 8 2430 461178 0 7088 461178 1
gene 2 2430 2206 -612107 0 7089 -612107 1
gene 2 121 2481 226677 0 7252 226677 0
gene 2 2481 2313 -428982 0 7253 -428982 1
gene 3 9 2494 -92214 0 7292 -92214 1
gene 3 2494 15 -400914 0 7293 -400914 1
gene 2 1479 384 -368082 0 7389 -368082 1
gene 2 121 2142 297291 0 7445 297291 1
gene 2 6 433 276867 0 7711 276867 1
gene 2 14 2768 55893 1 8077 55893 1
gene 2 2768 14 -179187 0 8078 -179187 1
gene 2 10 2783 -230145 0 8123 -230145 1
gene 2 2783 13 -11859 0 8124 -11859 1
gene 2 11 2799 -32919 0 8166 -32919 1
gene 2 2799 13 237684 0 8167 237684 1
gene 4 12 2880 20529 0 8396 20529 1
gene 4 2880 14 166863 0 8397 166863 1
gene 2 500 235 -284820 0 8692 -284820 1
gene 2 2332 2783 622589 0 8834 622589 1
gene 4 9 1393 -292338 0 8909 -292338 1
gene 2 1 384 -60321 0 8970 -60321 1
gene 4 235 3142 -783999 0 9204 -783999 1
gene 4 3142 14 286038 0 9205 286038 0
gene 3 11 2172 76896 0 9230 76896 1
gene 2 121 3225 -428271 0 9445 -428271 1
gene 2 3225 2481 -149304 0 9446 -149304 1
gene 4 3142 3236 -206874 0 9483 -206874 1
gene 4 3236 14 53496 0 9484 53496 1
gene 1 11 3236 -88249 0 9528 -88249 1
gene 3 8 3340 -216320 0 9791 -216320 1
gene 3 3340 2412 -135984 0 9792 -135984 1
gene 3 3 3377 1 0 9914 0 1
gene 3 3377 2034 686841 0 9915 0 1
genomeend 46


/* Organism #62 Fitness: 260.000000 Time: 0 */
/* Position #62*/
#1 x: 17 y: 26
#2 x: 45 y: 16
#3 x: 59 y: 32
#4 x: 44 y: 74
#5 x: 45 y: 61
#6 x: 67 y: 74
genomestart 62
trait 1 43007.000000 16300.000000 6994.000000 28041.000000 57524.000000 37112.000000 87908.000000 80535.000000 trait 2 2.000000 0.000000 0.000000 63677.000000 0.000000 0.000000 0.000000 0.000000 trait 3 0.000000 0.000000 0.000000 51304.000000 0.000000 13538.000000 70969.000000 30146.000000 trait 4 4.000000 0.000000 78016.000000 36940.000000 0.000000 0.000000 46982.000000 37957.000000 node 1 4 1 3
node 2 4 1 1
node 3 1 1 1
node 4 1 1 1
node 5 1 1 1
node 6 2 1 1
node 7 4 1 1
node 8 4 1 1
node 9 2 1 1
node 10 1 1 1
node 11 2 1 1
node 12 4 1 1
node 13 4 0 2
node 14 1 0 2
node 15 3 0 2
node 121 1 0 0
node 235 1 0 0
node 384 1 0 0
node 420 1 0 0
node 433 1 0 0
node 461 1 0 0
node 500 1 0 0
node 516 1 0 0
node 697 3 0 0
node 1018 1 0 0
node 1130 1 0 0
node 1323 3 0 0
node 1393 1 0 0
node 1479 1 0 0
node 1531 4 0 0
node 1683 1 0 0
node 1735 1 0 0
node 1875 3 0 0
node 2034 2 0 0
node 2142 1 0 0
node 2172 1 0 0
node 2206 1 0 0
node 2313 2 0 0
node 2332 1 0 0
node 2368 1 0 0
node 2412 1 0 0
node 2430 1 0 0
node 2481 1 0 0
node 2494 1 0 0
node 2768 1 0 0
node 2783 1 0 0
node 2799 1 0 0
node 2880 1 0 0
node 3142 1 0 0
node 3314 1 0 0
gene 2 1 13 800000 0 1 800000 1
gene 3 2 13 -350295 0 2 -350295 1
gene 2 3 13 -189198 0 3 -189198 1
gene 3 4 13 219672 0 4 219672 1
gene 2 5 13 -59628 0 5 -59628 1
gene 4 6 13 93588 0 6 93588 1
gene 3 7 13 359214 0 7 359214 1
gene 2 8 13 -655137 0 8 -655137 0
gene 3 9 13 -234974 0 9 -234974 1
gene 2 10 13 -64800 0 10 -64800 0
gene 2 11 13 -145224 0 11 -145224 0
gene 4 12 13 -249681 0 12 -249681 1
gene 2 1 14 375180 0 13 375180 1
gene 2 2 14 -25812 0 14 -25812 1
gene 4 3 14 -134280 0 15 -134280 1
gene 4 4 14 68898 0 16 68898 0
gene 4 5 14 79839 0 17 79839 1
gene 3 6 14 -159441 0 18 -159441 0
gene 2 7 14 22872 0 19 22872 1
gene 1 8 14 3021 0 20 3021 0
gene 3 9 14 668241 0 21 668241 1
gene 1 10 14 181539 0 22 181539 1
gene 1 11 14 -189726 0 23 -189726 1
gene 4 12 14 -593660 0 24 -593660 0
gene 3 1 15 15717 0 25 15717 1
gene 3 2 15 95205 0 26 95205 1
gene 3 3 15 -78672 0 27 -78672 0
gene 3 4 15 183543 0 28 183543 1
gene 3 5 15 -325350 0 29 -325350 1
gene 1 6 15 -40104 0 30 -40104 1
gene 3 7 15 -703940 0 31 -703940 0
gene 3 8 15 142161 0 32 142161 0
gene 3 9 15 348000 0 33 348000 0
gene 3 10 15 182364 0 34 182364 0
gene 2 11 15 568281 0 35 568281 1
gene 4 12 15 -543542 0 36 -543542 0
gene 4 15 15 800000 1 174 800000 0
gene 3 8 121 -471897 0 329 -471897 0
gene 3 121 15 -754278 0 330 -754278 1
gene 2 5 121 -395775 0 438 -395775 1
gene 2 7 121 452838 0 483 452838 0
gene 4 4 235 410412 0 666 410412 1
gene 4 235 14 529040 0 667 529040 0
gene 1 1 235 519401 0 753 519401 1
gene 1 9 235 -668223 0 1108 -668223 1
gene 3 10 384 -6900 0 1126 -6900 1
gene 3 384 15 228132 0 1127 228132 0
gene 2 14 14 77280 1 1197 77280 0
gene 3 7 420 -212898 0 1239 -212898 0
gene 3 420 15 -263016 0 1240 -263016 0
gene 3 2 433 376980 0 1284 376980 0
gene 3 433 13 -215505 0 1285 -215505 1
gene 4 3 461 -800000 0 1352 -800000 1
gene 4 461 14 -76191 0 1353 -76191 1
gene 4 15 500 78741 1 1453 78741 1
gene 4 500 15 644309 0 1454 644309 1
gene 1 8 516 -115481 0 1500 -115481 1
gene 1 516 14 800000 0 1501 800000 1
gene 1 384 121 -185034 0 1548 -185034 1
gene 2 8 461 80727 0 1965 80727 1
gene 3 3 697 -414114 0 2038 -414114 0
gene 3 697 15 217299 0 2039 217299 1
gene 2 1 500 -206994 0 2133 -206994 1
gene 1 3 433 -299181 0 2628 -299181 1
gene 1 516 516 -609159 1 2664 -609159 1
gene 3 8 1018 -800000 0 2997 -800000 1
gene 3 1018 121 -22275 0 2998 -22275 0
gene 3 15 433 750659 0 3156 750659 1
gene 1 10 1130 119118 0 3329 119118 1
gene 1 1130 14 116859 0 3330 116859 1
gene 3 500 697 800000 0 3371 800000 1
gene 2 3 516 319314 0 3603 319314 1
gene 2 9 1323 -373455 0 3885 -373455 0
gene 2 1323 14 -88359 0 3886 -88359 0
gene 2 121 420 -56295 0 3959 -56295 0
gene 2 8 1393 -61347 0 4093 -61347 0
gene 2 1393 13 -325389 0 4094 -325389 1
gene 1 11 1479 276417 0 4325 276417 1
gene 1 1479 14 -142269 0 4326 -142269 1
gene 4 12 1531 -157641 0 4477 -157641 1
gene 4 1531 15 -541824 0 4478 -541824 1
gene 3 1393 433 -71670 0 4734 -71670 1
gene 2 1323 1683 -159201 0 4950 -159201 1
gene 2 1683 14 348950 0 4951 348950 0
gene 3 6 1735 -221484 0 5103 -221484 1
gene 3 1735 14 -87357 0 5104 -87357 1
gene 1 5 516 -175016 0 5346 -175016 1
gene 1 516 433 300324 0 5443 300324 1
gene 3 2 1875 648191 0 5505 648191 1
gene 3 1875 433 -252564 0 5506 -252564 1
gene 1 1683 461 126570 0 5687 126570 1
gene 1 516 121 421593 0 5877 421593 1
gene 3 3 2034 -441411 0 5939 -441411 1
gene 3 2034 697 -314946 0 5940 -314946 1
gene 3 5 1479 -55044 0 6157 -55044 1
gene 3 7 2142 292995 0 6248 292995 1
gene 3 2142 420 -743652 0 6249 -743652 1
gene 3 420 2172 562170 0 6332 562170 1
gene 3 2172 15 -94401 0 6333 -94401 1
gene 2 1735 1735 144888 1 6388 144888 1
gene 2 8 2206 -260673 0 6436 -260673 0
gene 2 2206 1393 193818 0 6437 193818 1
gene 2 121 2313 173787 0 6747 173787 0
gene 2 2313 420 -648258 0 6748 -648258 1
gene 2 9 2332 -800000 0 6797 -800000 1
gene 2 2332 1323 -101610 0 6798 -101610 1
gene 4 1323 2034 141441 0 6848 141441 1
gene 2 7 2368 -104451 0 6897 -104451 1
gene 2 2368 121 143175 0 6898 143175 1
gene 3 8 2412 201750 0 7028 201750 1
gene 3 2412 15 -323106 0 7029 -323106 1
gene 2 8 2430 -739278 0 7088 -739278 1
gene 2 2430 2206 264793 0 7089 264793 1
gene 2 121 2481 -378846 0 7252 -378846 1
gene 2 2481 2313 -250923 0 7253 -250923 1
gene 3 9 2494 -39471 0 7292 -39471 1
gene 3 2494 15 -238722 0 7293 -238722 1
gene 2 1479 384 101988 0 7389 101988 1
gene 2 121 2142 -352131 0 7445 -352131 1
gene 2 6 433 62319 0 7711 62319 1
gene 2 14 2768 6183 1 8077 6183 1
gene 2 2768 14 415332 0 8078 415332 1
gene 2 10 2783 -335385 0 8123 -335385 1
gene 2 2783 13 -602757 0 8124 -602757 1
gene 2 11 2799 259800 0 8166 259800 1
gene 2 2799 13 -138063 0 8167 -138063 1
gene 4 12 2880 -134847 0 8396 -134847 1
gene 4 2880 14 -273636 0 8397 -273636 1
gene 2 500 235 438060 0 8692 438060 1
gene 2 2332 2783 27090 0 8834 27090 1
gene 4 9 1393 40767 0 8909 40767 1
gene 2 1 384 298377 0 8970 298377 1
gene 4 235 3142 18633 0 9204 18633 1
gene 4 3142 14 18990 0 9205 18990 1
gene 3 11 2172 -4353 0 9230 -4353 1
gene 4 1393 1393 -234150 1 9513 -234150 1
gene 2 2430 2880 -6873 0 9616 -6873 1
gene 2 1683 3314 101884 0 9716 101884 1
gene 2 3314 14 575663 0 9717 575663 1
genomeend 62


/* Organism #70 Fitness: 230.000000 Time: 0 */
/* Position #70*/
#1 x: 80 y: 23
#2 x: 85 y: 22
#3 x: 69 y: 21
#4 x: 53 y: 75
#5 x: 84 y: 70
#6 x: 30 y: 77
genomestart 70
trait 1 71503.000000 52572.000000 0.000000 48265.000000 0.000000 0.000000 100000.000000 393.000000 trait 2 0.000000 0.000000 0.000000 0.000000 0.000000 0.000000 17319.000000 0.000000 trait 3 0.000000 0.000000 97785.000000 100000.000000 7504.000000 13538.000000 40566.000000 6371.000000 trait 4 100000.000000 19256.000000 0.000000 100000.000000 19327.000000 74834.000000 35631.000000 100000.000000 node 1 4 1 3
node 2 4 1 1
node 3 1 1 1
node 4 1 1 1
node 5 1 1 1
node 6 2 1 1
node 7 4 1 1
node 8 4 1 1
node 9 2 1 1
node 10 1 1 1
node 11 2 1 1
node 12 4 1 1
node 13 2 0 2
node 14 1 0 2
node 15 3 0 2
node 121 1 0 0
node 235 1 0 0
node 384 1 0 0
node 420 1 0 0
node 433 1 0 0
node 461 1 0 0
node 500 1 0 0
node 516 1 0 0
node 697 1 0 0
node 1018 2 0 0
node 1130 1 0 0
node 1323 3 0 0
node 1393 1 0 0
node 1479 1 0 0
node 1531 4 0 0
node 1683 1 0 0
node 1735 1 0 0
node 1875 1 0 0
node 1975 1 0 0
node 2022 1 0 0
node 2179 1 0 0
node 2295 1 0 0
node 2730 1 0 0
node 2767 1 0 0
node 2826 1 0 0
node 2977 1 0 0
node 3362 1 0 0
gene 2 1 13 47718 0 1 47718 1
gene 3 2 13 -249977 0 2 -249977 1
gene 2 3 13 -214605 0 3 -214605 1
gene 3 4 13 165693 0 4 165693 1
gene 2 5 13 -309168 0 5 -309168 1
gene 4 6 13 164117 0 6 164117 0
gene 3 7 13 -181881 0 7 -181881 1
gene 2 8 13 58719 0 8 58719 0
gene 3 9 13 303756 0 9 303756 1
gene 2 10 13 -23241 0 10 -23241 1
gene 2 11 13 516699 0 11 516699 1
gene 4 12 13 674345 0 12 674345 1
gene 2 1 14 -149832 0 13 -149832 1
gene 2 2 14 501825 0 14 501825 1
gene 4 3 14 135420 0 15 135420 1
gene 4 4 14 49053 0 16 49053 0
gene 4 5 14 207683 0 17 207683 1
gene 3 6 14 149265 0 18 149265 0
gene 2 7 14 136728 0 19 136728 1
gene 1 8 14 -566501 0 20 -566501 0
gene 3 9 14 -8544 0 21 -8544 1
gene 1 10 14 -502152 0 22 -502152 1
gene 1 11 14 95034 0 23 95034 1
gene 4 12 14 -62412 0 24 -62412 0
gene 3 1 15 -23250 0 25 -23250 1
gene 3 2 15 -280362 0 26 -280362 1
gene 3 3 15 518240 0 27 518240 0
gene 3 4 15 -126087 0 28 -126087 1
gene 3 5 15 495347 0 29 495347 1
gene 1 6 15 236160 0 30 236160 0
gene 3 7 15 800000 0 31 800000 0
gene 3 8 15 175752 0 32 175752 1
gene 3 9 15 800000 0 33 800000 1
gene 3 10 15 245154 0 34 245154 0
gene 2 11 15 -197982 0 35 -197982 1
gene 4 12 15 261531 0 36 261531 0
gene 4 15 15 -43392 1 174 -43392 0
gene 3 8 121 -662022 0 329 -662022 0
gene 3 121 15 -11013 0 330 -11013 1
gene 2 5 121 104970 0 438 104970 1
gene 2 7 121 -175002 0 483 -175002 1
gene 4 4 235 605211 0 666 605211 1
gene 4 235 14 537753 0 667 537753 1
gene 1 1 235 202527 0 753 202527 1
gene 1 9 235 391356 0 1108 391356 1
gene 3 10 384 93846 0 1126 93846 1
gene 3 384 15 -60432 0 1127 -60432 0
gene 2 14 14 489192 1 1197 489192 0
gene 3 7 420 50421 0 1239 50421 1
gene 3 420 15 -94761 0 1240 -94761 1
gene 3 2 433 658187 0 1284 658187 0
gene 3 433 13 131562 0 1285 131562 1
gene 4 3 461 167715 0 1352 167715 1
gene 4 461 14 -377319 0 1353 -377319 1
gene 4 15 500 84450 1 1453 84450 1
gene 4 500 15 -185190 0 1454 -185190 0
gene 1 8 516 -800000 0 1500 -800000 1
gene 1 516 14 -800000 0 1501 -800000 1
gene 1 384 121 114645 0 1548 114645 1
gene 2 8 461 -624068 0 1965 -624068 1
gene 3 3 697 -27303 0 2038 -27303 0
gene 2 697 15 -197364 0 2039 -197364 1
gene 2 1 500 -48036 0 2133 -48036 1
gene 1 3 433 174397 0 2628 174397 1
gene 1 516 516 662207 1 2664 662207 1
gene 3 8 1018 -21339 0 2997 -21339 0
gene 3 1018 121 -139869 0 2998 -139869 0
gene 3 15 433 196764 0 3156 196764 1
gene 1 10 1130 -287877 0 3329 -287877 1
gene 1 1130 14 267678 0 3330 267678 1
gene 3 500 697 -172458 0 3371 -172458 1
gene 2 3 516 -286659 0 3603 -286659 0
gene 2 9 1323 290172 0 3885 290172 1
gene 2 1323 14 767465 0 3886 767465 0
gene 2 121 420 -461499 0 3959 -461499 1
gene 2 8 1393 -225090 0 4093 -225090 1
gene 2 1393 13 -295749 0 4094 -295749 1
gene 1 11 1479 28887 0 4325 28887 1
gene 1 1479 14 467114 0 4326 467114 1
gene 4 12 1531 -566595 0 4477 -566595 1
gene 4 1531 15 -383196 0 4478 -383196 0
gene 3 1393 433 61164 0 4734 61164 1
gene 2 1323 1683 800000 0 4950 800000 1
gene 2 1683 14 526077 0 4951 526077 1
gene 3 6 1735 800000 0 5103 800000 1
gene 3 1735 14 -332745 0 5104 -332745 0
gene 1 5 516 315831 0 5346 315831 1
gene 1 516 433 -522771 0 5443 -522771 1
gene 3 2 1875 -174420 0 5505 -174420 1
gene 3 1875 433 771683 0 5506 771683 1
gene 1 1683 461 62112 0 5687 62112 1
gene 1 6 1975 -259362 0 5780 -259362 1
gene 1 1975 15 202080 0 5781 202080 1
gene 4 1531 2022 -637902 0 5905 -637902 1
gene 4 2022 15 143265 0 5906 143265 1
gene 3 121 1875 -633987 0 5987 -633987 1
gene 1 1683 1393 -242055 0 6232 -242055 1
gene 4 500 2179 110211 0 6351 110211 1
gene 4 2179 15 -4704 0 6352 -4704 1
gene 3 12 2179 299229 0 6539 299229 1
gene 1 1975 1975 99504 1 6578 99504 1
gene 2 14 2295 -235530 1 6699 -235530 1
gene 2 2295 14 -428397 0 6700 -428397 1
gene 4 4 433 478314 0 7064 478314 1
gene 3 12 235 -86073 0 7098 -86073 1
gene 1 384 384 173226 1 7242 173226 1
gene 2 500 500 -160533 1 7740 -160533 1
gene 3 8 2730 76839 0 7969 76839 1
gene 3 2730 1018 10866 0 7970 10866 1
gene 2 2730 516 500772 0 8040 500772 1
gene 4 6 2767 365133 0 8075 365133 1
gene 4 2767 13 64254 0 8076 64254 1
gene 3 13 15 -387855 1 8122 -387855 1
gene 4 12 2826 37683 0 8243 37683 1
gene 4 2826 14 -49086 0 8244 -49086 1
gene 3 384 1975 -104223 0 8469 -104223 1
gene 3 3 2977 -303996 0 8686 -303996 1
gene 3 2977 697 -23013 0 8687 -23013 1
gene 2 1479 1683 -242472 0 9102 -242472 1
gene 2 2179 2179 448572 1 9183 448572 1
gene 3 1531 1531 303912 1 9535 303912 1
gene 2 3 3362 -88941 0 9863 -88941 1
gene 2 3362 516 -312939 0 9864 -312939 1
genomeend 70


/* Organism #72 Fitness: 260.000000 Time: 0 */
/* Position #72*/
#1 x: 27 y: 27
#2 x: 16 y: 29
#3 x: 44 y: 16
#4 x: 15 y: 61
#5 x: 37 y: 83
#6 x: 83 y: 63
genomestart 72
trait 1 43007.000000 16300.000000 6994.000000 28041.000000 57524.000000 37112.000000 87908.000000 80535.000000 trait 2 30533.000000 24215.000000 70868.000000 0.000000 0.000000 0.000000 0.000000 18399.000000 trait 3 0.000000 0.000000 44883.000000 65858.000000 41337.000000 0.000000 100000.000000 41343.000000 trait 4 4.000000 0.000000 0.000000 36940.000000 0.000000 0.000000 43316.000000 37957.000000 node 1 4 1 3
node 2 4 1 1
node 3 1 1 1
node 4 1 1 1
node 5 1 1 1
node 6 2 1 1
node 7 4 1 1
node 8 4 1 1
node 9 2 1 1
node 10 1 1 1
node 11 2 1 1
node 12 4 1 1
node 13 2 0 2
node 14 1 0 2
node 15 3 0 2
node 121 1 0 0
node 235 1 0 0
node 384 1 0 0
node 420 1 0 0
node 433 1 0 0
node 461 1 0 0
node 500 1 0 0
node 516 1 0 0
node 697 3 0 0
node 1018 1 0 0
node 1130 1 0 0
node 1323 3 0 0
node 1393 1 0 0
node 1479 1 0 0
node 1531 3 0 0
node 1683 1 0 0
node 1735 1 0 0
node 1875 1 0 0
node 2034 1 0 0
node 2142 1 0 0
node 2172 1 0 0
node 2206 1 0 0
node 2313 1 0 0
node 2332 1 0 0
node 2368 1 0 0
node 2491 1 0 0
node 2512 1 0 0
node 2530 1 0 0
node 2547 1 0 0
node 2692 1 0 0
node 2786 1 0 0
node 2912 1 0 0
node 3009 1 0 0
node 3108 1 0 0
node 3213 1 0 0
node 3249 1 0 0
gene 2 1 13 407793 0 1 407793 1
gene 3 2 13 133512 0 2 133512 1
gene 2 3 13 -159036 0 3 -159036 1
gene 3 4 13 48633 0 4 48633 1
gene 2 5 13 430512 0 5 430512 0
gene 4 6 13 -390885 0 6 -390885 1
gene 3 7 13 478191 0 7 478191 1
gene 2 8 13 -31830 0 8 -31830 0
gene 3 9 13 234858 0 9 234858 1
gene 2 10 13 21162 0 10 21162 0
gene 2 11 13 480002 0 11 480002 1
gene 4 12 13 -51372 0 12 -51372 1
gene 2 1 14 286968 0 13 286968 1
gene 2 2 14 -79953 0 14 -79953 1
gene 4 3 14 -172458 0 15 -172458 0
gene 4 4 14 461334 0 16 461334 0
gene 4 5 14 -13761 0 17 -13761 1
gene 3 6 14 -74190 0 18 -74190 0
gene 2 7 14 -37302 0 19 -37302 1
gene 1 8 14 87825 0 20 87825 0
gene 3 9 14 390864 0 21 390864 1
gene 1 10 14 214854 0 22 214854 1
gene 1 11 14 -104445 0 23 -104445 1
gene 4 12 14 379077 0 24 379077 1
gene 3 1 15 -485178 0 25 -485178 1
gene 3 2 15 -215589 0 26 -215589 1
gene 3 3 15 119481 0 27 119481 0
gene 3 4 15 369216 0 28 369216 1
gene 3 5 15 -73200 0 29 -73200 1
gene 1 6 15 226596 0 30 226596 1
gene 3 7 15 456378 0 31 456378 1
gene 1 8 15 148140 0 32 148140 1
gene 3 9 15 -473193 0 33 -473193 1
gene 3 10 15 -3183 0 34 -3183 0
gene 2 11 15 121956 0 35 121956 1
gene 4 12 15 -285462 0 36 -285462 0
gene 4 15 15 72111 1 174 72111 0
gene 3 8 121 -601830 0 329 -601830 0
gene 3 121 15 -268632 0 330 -268632 1
gene 2 5 121 -470076 0 438 -470076 1
gene 2 7 121 -59562 0 483 -59562 0
gene 4 4 235 -243810 0 666 -243810 1
gene 4 235 14 60861 0 667 60861 1
gene 1 1 235 229395 0 753 229395 1
gene 3 9 235 275022 0 1108 275022 1
gene 3 10 384 798 0 1126 798 1
gene 3 384 15 -168444 0 1127 -168444 1
gene 2 14 14 31017 1 1197 31017 1
gene 3 7 420 239520 0 1239 239520 0
gene 3 420 15 750681 0 1240 750681 0
gene 3 2 433 -191643 0 1284 -191643 1
gene 3 433 13 -16584 0 1285 -16584 1
gene 4 3 461 -642395 0 1352 -642395 1
gene 4 461 14 -800000 0 1353 -800000 1
gene 4 15 500 169509 1 1453 169509 1
gene 4 500 15 -213492 0 1454 -213492 0
gene 1 8 516 44589 0 1500 44589 1
gene 1 516 14 -247062 0 1501 -247062 0
gene 1 384 121 -416189 0 1548 -416189 1
gene 2 8 461 -45537 0 1965 -45537 1
gene 3 3 697 -78768 0 2038 -78768 1
gene 3 697 15 309741 0 2039 309741 1
gene 2 1 500 98589 0 2133 98589 1
gene 1 3 433 81420 0 2628 81420 1
gene 1 516 516 172740 1 2664 172740 1
gene 3 8 1018 406002 0 2997 406002 1
gene 3 1018 121 336047 0 2998 336047 0
gene 3 15 433 -81354 0 3156 -81354 1
gene 1 10 1130 -668688 0 3329 -668688 1
gene 1 1130 14 -504531 0 3330 -504531 1
gene 3 500 697 409290 0 3371 409290 1
gene 2 3 516 -151263 0 3603 -151263 1
gene 2 9 1323 -166962 0 3885 -166962 0
gene 2 1323 14 -652611 0 3886 -652611 0
gene 2 121 420 -352125 0 3959 -352125 1
gene 2 8 1393 212460 0 4093 212460 1
gene 2 1393 13 -1704 0 4094 -1704 1
gene 1 11 1479 -153612 0 4325 -153612 1
gene 1 1479 14 -364803 0 4326 -364803 1
gene 4 12 1531 -207603 0 4477 -207603 1
gene 4 1531 15 -216162 0 4478 -216162 1
gene 3 1393 433 142632 0 4734 142632 1
gene 2 1323 1683 266910 0 4950 266910 1
gene 2 1683 14 -30579 0 4951 -30579 1
gene 3 6 1735 -399348 0 5103 -399348 1
gene 3 1735 14 500835 0 5104 500835 1
gene 1 5 516 -240423 0 5346 -240423 1
gene 1 516 433 188793 0 5443 188793 1
gene 3 2 1875 419274 0 5505 419274 1
gene 3 1875 433 520374 0 5506 520374 1
gene 1 1683 461 -108602 0 5687 -108602 1
gene 1 516 121 800000 0 5877 800000 1
gene 3 3 2034 60057 0 5939 60057 1
gene 3 2034 697 225600 0 5940 225600 1
gene 3 5 1479 -324681 0 6157 -324681 1
gene 3 7 2142 221763 0 6248 221763 1
gene 3 2142 420 -244485 0 6249 -244485 1
gene 3 420 2172 -800000 0 6332 -800000 1
gene 3 2172 15 -353316 0 6333 -353316 1
gene 2 1735 1735 66957 1 6388 66957 1
gene 2 8 2206 -195279 0 6436 -195279 1
gene 2 2206 1393 139977 0 6437 139977 1
gene 2 121 2313 -550194 0 6747 -550194 1
gene 2 2313 420 453216 0 6748 453216 1
gene 2 9 2332 322173 0 6797 322173 0
gene 2 2332 1323 -294642 0 6798 -294642 1
gene 4 1323 2034 330270 0 6848 330270 1
gene 2 7 2368 246663 0 6897 246663 1
gene 2 2368 121 440742 0 6898 440742 1
gene 2 384 1531 -515472 0 7018 -515472 1
gene 2 2142 1018 276027 0 7205 276027 0
gene 3 2206 2034 -217017 0 7245 -217017 1
gene 2 7 2491 -73881 0 7283 -73881 1
gene 2 2491 2368 -459150 0 7284 -459150 1
gene 2 5 2512 251961 0 7337 251961 1
gene 2 2512 13 -6825 0 7338 -6825 0
gene 2 10 2530 250620 0 7387 250620 1
gene 2 2530 13 -243756 0 7388 -243756 1
gene 3 9 2547 296574 0 7440 296574 1
gene 3 2547 13 109191 0 7441 109191 1
gene 2 2530 1479 430971 0 7594 430971 1
gene 1 1479 2692 -407673 0 7856 -407673 1
gene 1 2692 14 -91233 0 7857 -91233 1
gene 3 4 1130 296706 0 7980 296706 1
gene 4 3 2786 -150540 0 8132 -150540 1
gene 4 2786 14 84786 0 8133 84786 1
gene 4 2547 1735 210981 0 8311 210981 1
gene 3 2692 461 293370 0 8358 293370 1
gene 4 500 2912 126102 0 8507 126102 1
gene 1 2912 15 -120792 0 8508 -120792 1
gene 1 2912 1130 -800000 0 8750 -800000 1
gene 2 2142 3009 -276254 0 8799 -276254 1
gene 2 3009 1018 -197664 0 8800 -197664 1
gene 3 2034 2034 444483 1 8851 444483 1
gene 2 2512 3108 -473193 0 9104 -473193 1
gene 2 3108 13 -146217 0 9105 -146217 1
gene 1 2491 235 -143679 0 9236 -143679 1
gene 2 9 3213 -99591 0 9416 -99591 1
gene 2 3213 2332 -132585 0 9417 -132585 1
gene 1 516 3249 -123780 0 9516 -123780 1
gene 1 3249 14 -618239 0 9517 -618239 1
genomeend 72


/* Organism #76 Fitness: 250.000000 Time: 0 */
/* Position #76*/
#1 x: 82 y: 22
#2 x: 31 y: 15
#3 x: 27 y: 35
#4 x: 62 y: 73
#5 x: 85 y: 73
#6 x: 80 y: 79
genomestart 76
trait 1 71503.000000 52572.000000 0.000000 48265.000000 0.000000 0.000000 100000.000000 393.000000 trait 2 2.000000 0.000000 0.000000 0.000000 0.000000 0.000000 0.000000 0.000000 trait 3 0.000000 0.000000 0.000000 51304.000000 0.000000 13538.000000 70969.000000 30146.000000 trait 4 88267.000000 0.000000 0.000000 73381.000000 0.000000 28166.000000 100000.000000 100000.000000 node 1 4 1 3
node 2 4 1 1
node 3 1 1 1
node 4 1 1 1
node 5 1 1 1
node 6 2 1 1
node 7 4 1 1
node 8 4 1 1
node 9 2 1 1
node 10 1 1 1
node 11 2 1 1
node 12 4 1 1
node 13 2 0 2
node 14 1 0 2
node 15 3 0 2
node 121 1 0 0
node 235 1 0 0
node 384 1 0 0
node 420 1 0 0
node 433 1 0 0
node 461 1 0 0
node 500 1 0 0
node 516 1 0 0
node 697 1 0 0
node 1018 1 0 0
node 1130 1 0 0
node 1323 3 0 0
node 1393 1 0 0
node 1479 1 0 0
node 1531 4 0 0
node 1683 1 0 0
node 1735 1 0 0
node 1875 1 0 0
node 1975 1 0 0
node 2022 1 0 0
node 2179 1 0 0
node 2295 1 0 0
node 2730 1 0 0
node 2767 1 0 0
node 2826 1 0 0
node 2977 1 0 0
node 3105 1 0 0
node 3118 1 0 0
gene 2 1 13 91113 0 1 91113 1
gene 3 2 13 82455 0 2 82455 1
gene 2 3 13 171966 0 3 171966 1
gene 3 4 13 297465 0 4 297465 1
gene 2 5 13 657 0 5 657 1
gene 4 6 13 -800000 0 6 -800000 0
gene 3 7 13 -263214 0 7 -263214 1
gene 2 8 13 159870 0 8 159870 0
gene 3 9 13 301404 0 9 301404 1
gene 2 10 13 -64116 0 10 -64116 1
gene 2 11 13 -650321 0 11 -650321 1
gene 4 12 13 127926 0 12 127926 1
gene 2 1 14 -391149 0 13 -391149 1
gene 2 2 14 -146787 0 14 -146787 1
gene 4 3 14 -743624 0 15 -743624 1
gene 4 4 14 -582585 0 16 -582585 0
gene 4 5 14 -154626 0 17 -154626 1
gene 3 6 14 195273 0 18 195273 0
gene 2 7 14 -43050 0 19 -43050 1
gene 1 8 14 192828 0 20 192828 0
gene 3 9 14 154038 0 21 154038 1
gene 1 10 14 -565751 0 22 -565751 1
gene 1 11 14 299703 0 23 299703 1
gene 4 12 14 -195282 0 24 -195282 0
gene 3 1 15 175089 0 25 175089 1
gene 3 2 15 -40980 0 26 -40980 1
gene 3 3 15 418941 0 27 418941 0
gene 3 4 15 800000 0 28 800000 1
gene 3 5 15 263643 0 29 263643 1
gene 1 6 15 -566789 0 30 -566789 0
gene 3 7 15 -401412 0 31 -401412 0
gene 3 8 15 -215607 0 32 -215607 1
gene 3 9 15 -222798 0 33 -222798 1
gene 3 10 15 389055 0 34 389055 0
gene 2 11 15 -414096 0 35 -414096 1
gene 4 12 15 -81528 0 36 -81528 0
gene 4 15 15 -593273 1 174 -593273 0
gene 3 8 121 520773 0 329 520773 0
gene 3 121 15 800000 0 330 800000 1
gene 2 5 121 145596 0 438 145596 1
gene 2 7 121 96126 0 483 96126 1
gene 4 4 235 -234909 0 666 -234909 1
gene 4 235 14 164487 0 667 164487 1
gene 1 1 235 -188760 0 753 -188760 1
gene 1 9 235 176631 0 1108 176631 1
gene 3 10 384 782339 0 1126 782339 1
gene 3 384 15 -219945 0 1127 -219945 0
gene 2 14 14 194052 1 1197 194052 0
gene 3 7 420 -221637 0 1239 -221637 1
gene 3 420 15 633036 0 1240 633036 1
gene 3 2 433 -794394 0 1284 -794394 0
gene 3 433 13 -737909 0 1285 -737909 1
gene 4 3 461 -516063 0 1352 -516063 1
gene 4 461 14 -178158 0 1353 -178158 1
gene 4 15 500 -217599 1 1453 -217599 0
gene 4 500 15 187419 0 1454 187419 0
gene 1 8 516 420915 0 1500 420915 1
gene 1 516 14 -462774 0 1501 -462774 1
gene 1 384 121 -66858 0 1548 -66858 1
gene 2 8 461 723401 0 1965 723401 1
gene 3 3 697 -103971 0 2038 -103971 0
gene 2 697 15 -141303 0 2039 -141303 1
gene 2 1 500 97350 0 2133 97350 1
gene 1 3 433 -737471 0 2628 -737471 1
gene 1 516 516 -230919 1 2664 -230919 1
gene 3 8 1018 308046 0 2997 308046 0
gene 3 1018 121 503211 0 2998 503211 0
gene 3 15 433 106953 0 3156 106953 1
gene 1 10 1130 318387 0 3329 318387 1
gene 1 1130 14 -370491 0 3330 -370491 0
gene 3 500 697 -486870 0 3371 -486870 1
gene 2 3 516 110592 0 3603 110592 1
gene 2 9 1323 196836 0 3885 196836 1
gene 2 1323 14 -388416 0 3886 -388416 0
gene 2 121 420 -134262 0 3959 -134262 1
gene 2 8 1393 -198822 0 4093 -198822 1
gene 2 1393 13 238641 0 4094 238641 1
gene 1 11 1479 356976 0 4325 356976 1
gene 1 1479 14 -115497 0 4326 -115497 1
gene 4 12 1531 165897 0 4477 165897 1
gene 4 1531 15 800000 0 4478 800000 0
gene 3 1393 433 -800000 0 4734 -800000 1
gene 2 1323 1683 300762 0 4950 300762 1
gene 2 1683 14 -156401 0 4951 -156401 1
gene 3 6 1735 92211 0 5103 92211 1
gene 3 1735 14 13578 0 5104 13578 0
gene 1 5 516 412560 0 5346 412560 1
gene 1 516 433 284223 0 5443 284223 1
gene 3 2 1875 82413 0 5505 82413 1
gene 3 1875 433 -8453 0 5506 -8453 1
gene 1 1683 461 800000 0 5687 800000 1
gene 1 6 1975 -115929 0 5780 -115929 1
gene 1 1975 15 -542796 0 5781 -542796 1
gene 4 1531 2022 -363417 0 5905 -363417 1
gene 4 2022 15 39975 0 5906 39975 1
gene 3 121 1875 344967 0 5987 344967 1
gene 1 1683 1393 -162954 0 6232 -162954 1
gene 4 500 2179 -172428 0 6351 -172428 1
gene 4 2179 15 -35703 0 6352 -35703 1
gene 3 12 2179 152076 0 6539 152076 1
gene 1 1975 1975 -134400 1 6578 -134400 1
gene 2 14 2295 -235008 1 6699 -235008 1
gene 2 2295 14 303273 0 6700 303273 1
gene 4 4 433 259125 0 7064 259125 1
gene 3 12 235 261420 0 7098 261420 1
gene 1 384 384 800000 1 7242 800000 1
gene 2 500 500 262794 1 7740 262794 1
gene 3 8 2730 -121233 0 7969 -121233 1
gene 3 2730 1018 -460527 0 7970 -460527 1
gene 2 2730 516 331146 0 8040 331146 1
gene 4 6 2767 235149 0 8075 235149 1
gene 4 2767 13 153054 0 8076 153054 1
gene 3 13 15 -12690 1 8122 -12690 1
gene 4 12 2826 -35964 0 8243 -35964 1
gene 4 2826 14 104172 0 8244 104172 1
gene 3 384 1975 -800000 0 8469 -800000 1
gene 3 3 2977 375673 0 8686 375673 1
gene 3 2977 697 226656 0 8687 226656 1
gene 1 1130 3105 -462897 0 9092 -462897 1
gene 1 3105 14 -127221 0 9093 -127221 1
gene 4 15 3118 115701 1 9132 115701 1
gene 4 3118 500 346416 0 9133 346416 1
gene 4 3118 2295 -192402 0 9282 -192402 1
gene 3 10 121 576581 0 9403 576581 1
gene 4 500 2767 -88611 0 9643 -88611 1
genomeend 76


