/* Organism #0 Fitness: 400.000000 Time: 0 */
/* Position #0*/
#1 x: 59 y: 40
#2 x: 26 y: 37
#3 x: 63 y: 15
#4 x: 60 y: 61
#5 x: 62 y: 63
#6 x: 28 y: 60
genomestart 0
trait 1 100000.000000 0.000000 0.000000 0.000000 0.000000 0.000000 0.000000 0.000000 trait 2 52534.000000 91990.000000 0.000000 100000.000000 0.000000 0.000000 0.000000 0.000000 trait 3 21555.000000 0.000000 74217.000000 0.000000 72769.000000 0.000000 0.000000 0.000000 trait 4 4.000000 0.000000 0.000000 0.000000 99879.000000 0.000000 0.000000 0.000000 node 1 1 1 3
node 2 2 1 1
node 3 4 1 1
node 4 4 1 1
node 5 1 1 1
node 6 4 1 1
node 7 3 1 1
node 8 3 1 1
node 9 3 1 1
node 10 4 1 1
node 11 4 1 1
node 12 1 1 1
node 13 1 0 2
node 14 2 0 2
node 15 4 0 2
node 24 1 0 0
node 188 3 0 0
node 222 1 0 0
node 272 1 0 0
node 301 1 0 0
node 380 1 0 0
node 393 1 0 0
node 453 4 0 0
node 469 1 0 0
node 557 1 0 0
node 729 1 0 0
node 875 1 0 0
node 927 1 0 0
node 1021 1 0 0
node 1084 1 0 0
node 1116 1 0 0
node 1234 1 0 0
node 1295 1 0 0
node 1374 1 0 0
node 1496 1 0 0
node 1522 1 0 0
node 1622 1 0 0
node 1712 1 0 0
node 1847 1 0 0
node 1890 1 0 0
node 2011 1 0 0
node 2035 1 0 0
node 2119 1 0 0
node 2161 1 0 0
node 2179 1 0 0
node 2221 1 0 0
node 2408 1 0 0
node 2438 1 0 0
node 2454 1 0 0
node 2489 1 0 0
node 2572 1 0 0
node 2624 1 0 0
node 2682 1 0 0
node 2720 1 0 0
gene 1 1 13 -557826 0 1 -557826 1
gene 2 2 13 -674196 0 2 -674196 1
gene 2 3 13 -336447 0 3 -336447 1
gene 4 4 13 -456285 0 4 -456285 0
gene 3 5 13 -549330 0 5 -549330 1
gene 1 6 13 7974 0 6 7974 1
gene 3 7 13 -2667 0 7 -2667 1
gene 1 8 13 800000 0 8 800000 0
gene 4 9 13 -294012 0 9 -294012 1
gene 2 10 13 -800000 0 10 -800000 1
gene 3 11 13 -276609 0 11 -276609 1
gene 4 12 13 51980 0 12 51980 1
gene 1 1 14 -585690 0 13 -585690 1
gene 1 2 14 -496424 0 14 -496424 1
gene 2 3 14 318684 0 15 318684 1
gene 2 4 14 -550635 0 16 -550635 1
gene 1 5 14 329574 0 17 329574 1
gene 2 6 14 12672 0 18 12672 0
gene 3 7 14 156060 0 19 156060 0
gene 3 8 14 357018 0 20 357018 1
gene 3 9 14 -235821 0 21 -235821 0
gene 2 10 14 566949 0 22 566949 1
gene 3 11 14 -153183 0 23 -153183 1
gene 2 12 14 283608 0 24 283608 1
gene 2 1 15 170466 0 25 170466 1
gene 3 2 15 492708 0 26 492708 1
gene 4 3 15 444948 0 27 444948 0
gene 1 4 15 800000 0 28 800000 0
gene 4 5 15 548235 0 29 548235 1
gene 2 6 15 292350 0 30 292350 1
gene 4 7 15 71709 0 31 71709 0
gene 2 8 15 -23325 0 32 -23325 0
gene 2 9 15 -283554 0 33 -283554 0
gene 3 10 15 661317 0 34 661317 1
gene 3 11 15 -149760 0 35 -149760 1
gene 2 12 15 -158532 0 36 -158532 0
gene 4 4 24 166600 0 62 166600 1
gene 4 24 13 -167043 0 63 -167043 1
gene 1 24 24 89367 1 127 89367 0
gene 3 15 13 -225087 0 293 -225087 1
gene 2 7 24 384987 0 408 384987 0
gene 3 7 188 -354186 0 526 -354186 1
gene 3 188 14 102744 0 527 102744 1
gene 2 9 222 -341349 0 645 -341349 0
gene 2 222 15 -726834 0 646 -726834 1
gene 3 3 272 -241467 0 798 -241467 1
gene 3 272 15 -281463 0 799 -281463 0
gene 2 3 24 372444 0 850 372444 1
gene 1 24 301 609129 1 893 609129 0
gene 1 301 24 -25629 0 894 -25629 0
gene 1 188 188 83535 1 934 83535 0
gene 3 4 188 -800000 0 1080 -800000 1
gene 2 6 380 606735 0 1115 606735 1
gene 2 380 14 570501 0 1116 570501 1
gene 1 4 393 112947 0 1157 112947 1
gene 1 393 15 -636164 0 1158 -636164 0
gene 1 15 380 -492371 0 1196 -492371 1
gene 2 12 188 -228384 0 1302 -228384 0
gene 2 9 453 47436 0 1346 47436 1
gene 2 453 222 800000 0 1347 800000 0
gene 1 24 469 465330 1 1394 465330 0
gene 1 469 301 -574605 0 1395 -574605 0
gene 3 222 24 -89868 0 1576 -89868 1
gene 4 3 188 -35478 0 1616 -35478 1
gene 3 272 557 397062 0 1666 397062 1
gene 1 557 15 462615 0 1667 462615 0
gene 1 6 272 1356 0 1830 1356 0
gene 4 12 380 -783570 0 1879 -783570 0
gene 1 469 729 762794 0 2197 762794 1
gene 1 729 301 675215 0 2198 675215 0
gene 2 14 301 642762 0 2244 642762 1
gene 1 188 380 140247 0 2284 140247 1
gene 3 8 875 -566427 0 2630 -566427 0
gene 1 875 13 538098 0 2631 538098 1
gene 4 12 927 236025 0 2791 236025 1
gene 4 927 380 -115317 0 2792 -115317 1
gene 2 393 380 800000 0 3014 800000 1
gene 2 7 1021 449367 0 3066 449367 1
gene 2 1021 24 102606 0 3067 102606 1
gene 1 8 1084 150678 0 3243 150678 0
gene 1 1084 875 501830 0 3244 501830 0
gene 4 188 927 -435471 0 3297 -435471 1
gene 1 1084 1116 -59193 0 3335 -59193 1
gene 1 1116 875 688665 0 3336 688665 0
gene 1 222 469 -689360 0 3394 -689360 1
gene 1 8 1234 -82881 0 3693 -82881 1
gene 1 1234 1084 223644 0 3694 223644 1
gene 1 301 1295 -212130 0 3863 -212130 1
gene 1 1295 24 -228426 0 3864 -228426 0
gene 1 2 393 -50961 0 3943 -50961 1
gene 4 1084 1084 -36660 1 4053 -36660 1
gene 3 1295 1084 201138 0 4076 201138 1
gene 1 1116 1374 670020 0 4119 670020 1
gene 1 1374 875 44178 0 4120 44178 1
gene 2 272 1084 444750 0 4218 444750 1
gene 2 12 1496 -778541 0 4474 -778541 1
gene 2 1496 15 -284307 0 4475 -284307 1
gene 1 557 1522 -613143 0 4546 -613143 1
gene 1 1522 15 800000 0 4547 800000 1
gene 3 1116 1021 -544167 0 4657 -544167 1
gene 3 9 380 135660 0 4725 135660 1
gene 2 12 1622 103527 0 4831 103527 0
gene 2 1622 188 -332478 0 4832 -332478 1
gene 4 453 453 -244491 1 4965 -244491 0
gene 2 8 1712 57249 0 5099 57249 1
gene 2 1712 15 90786 0 5100 90786 0
gene 1 6 1847 270621 0 5495 270621 1
gene 1 1847 272 -328032 0 5496 -328032 1
gene 3 9 1890 -469557 0 5636 -469557 0
gene 3 1890 14 45093 0 5637 45093 1
gene 2 1116 13 185523 0 5838 185523 1
gene 1 9 1712 -766365 0 5937 -766365 0
gene 1 24 2011 674310 1 5985 674310 1
gene 1 2011 469 -371823 0 5986 -371823 1
gene 2 1712 2035 -560384 0 6047 -560384 0
gene 2 2035 15 256370 0 6048 256370 1
gene 3 927 1084 -197829 0 6090 -197829 1
gene 4 1847 453 -154764 0 6145 -154764 1
gene 2 1712 2119 376245 0 6302 376245 1
gene 2 2119 2035 24360 0 6303 24360 1
gene 3 9 2161 -62109 0 6421 -62109 1
gene 3 2161 1890 -32946 0 6422 -32946 1
gene 4 453 2179 7629 1 6471 7629 1
gene 4 2179 453 74445 0 6472 74445 1
gene 4 7 2221 -29781 0 6590 -29781 0
gene 4 2221 15 60567 0 6591 60567 1
gene 2 1295 1021 274696 0 6920 274696 1
gene 2 2011 393 260160 0 7009 260160 1
gene 1 393 2408 265621 0 7137 265621 1
gene 1 2408 15 -119103 0 7138 -119103 1
gene 3 2161 1374 280917 0 7177 280917 1
gene 1 188 2438 719118 1 7224 719118 1
gene 1 2438 188 261522 0 7225 261522 1
gene 1 9 2454 -601967 0 7265 -601967 1
gene 1 2454 1712 217956 0 7266 217956 1
gene 3 11 875 -279864 0 7315 -279864 1
gene 1 729 2489 -578543 0 7366 -578543 1
gene 1 2489 301 -61533 0 7367 -61533 1
gene 1 11 2161 -19571 0 7520 -19571 1
gene 2 12 2572 30426 0 7614 30426 1
gene 2 2572 1622 -155490 0 7615 -155490 1
gene 1 12 1522 -142497 0 7661 -142497 1
gene 2 453 2624 -140408 0 7776 -140408 1
gene 2 2624 222 800000 0 7777 800000 1
gene 2 2119 469 58195 0 7881 58195 1
gene 1 1295 2682 159243 0 7938 159243 1
gene 1 2682 24 -25560 0 7939 -25560 1
gene 4 7 2720 280813 0 8046 280813 1
gene 4 2720 2221 -2013 0 8047 -2013 1
genomeend 0


/* Organism #18 Fitness: 300.000000 Time: 0 */
/* Position #18*/
#1 x: 16 y: 37
#2 x: 76 y: 39
#3 x: 37 y: 30
#4 x: 38 y: 66
#5 x: 17 y: 74
#6 x: 46 y: 76
genomestart 18
trait 1 100000.000000 0.000000 0.000000 0.000000 0.000000 0.000000 0.000000 0.000000 trait 2 52534.000000 91990.000000 0.000000 100000.000000 0.000000 0.000000 0.000000 0.000000 trait 3 21555.000000 0.000000 74217.000000 0.000000 72769.000000 0.000000 0.000000 0.000000 trait 4 4.000000 0.000000 0.000000 0.000000 0.000000 0.000000 0.000000 0.000000 node 1 1 1 3
node 2 2 1 1
node 3 4 1 1
node 4 4 1 1
node 5 1 1 1
node 6 4 1 1
node 7 3 1 1
node 8 3 1 1
node 9 3 1 1
node 10 4 1 1
node 11 4 1 1
node 12 1 1 1
node 13 1 0 2
node 14 2 0 2
node 15 3 0 2
node 24 1 0 0
node 188 3 0 0
node 222 1 0 0
node 272 1 0 0
node 301 1 0 0
node 380 1 0 0
node 393 1 0 0
node 453 4 0 0
node 469 1 0 0
node 557 1 0 0
node 729 1 0 0
node 875 1 0 0
node 927 1 0 0
node 1021 1 0 0
node 1084 1 0 0
node 1116 1 0 0
node 1234 1 0 0
node 1295 1 0 0
node 1374 1 0 0
node 1496 1 0 0
node 1522 1 0 0
node 1622 1 0 0
node 1712 1 0 0
node 1847 1 0 0
node 1890 1 0 0
node 2011 1 0 0
node 2035 1 0 0
node 2119 1 0 0
node 2161 1 0 0
node 2179 3 0 0
node 2221 1 0 0
node 2347 1 0 0
node 2379 1 0 0
node 2528 1 0 0
node 2670 1 0 0
node 2714 1 0 0
node 2738 1 0 0
gene 1 1 13 -37482 0 1 -37482 1
gene 2 2 13 -488568 0 2 -488568 1
gene 2 3 13 254511 0 3 254511 1
gene 4 4 13 -621549 0 4 -621549 0
gene 3 5 13 383394 0 5 383394 1
gene 1 6 13 -310173 0 6 -310173 1
gene 3 7 13 -483404 0 7 -483404 1
gene 1 8 13 -427647 0 8 -427647 0
gene 4 9 13 142527 0 9 142527 1
gene 2 10 13 -242406 0 10 -242406 1
gene 3 11 13 10953 0 11 10953 1
gene 4 12 13 -345018 0 12 -345018 0
gene 1 1 14 -30909 0 13 -30909 1
gene 1 2 14 64471 0 14 64471 0
gene 2 3 14 307674 0 15 307674 1
gene 2 4 14 -146037 0 16 -146037 1
gene 1 5 14 141702 0 17 141702 1
gene 2 6 14 -652914 0 18 -652914 0
gene 3 7 14 -167271 0 19 -167271 0
gene 3 8 14 -333732 0 20 -333732 1
gene 3 9 14 -346680 0 21 -346680 0
gene 2 10 14 428952 0 22 428952 1
gene 3 11 14 -85767 0 23 -85767 1
gene 2 12 14 -800000 0 24 -800000 1
gene 2 1 15 -326163 0 25 -326163 1
gene 3 2 15 -559577 0 26 -559577 1
gene 4 3 15 -244905 0 27 -244905 0
gene 1 4 15 705942 0 28 705942 0
gene 4 5 15 -563499 0 29 -563499 1
gene 2 6 15 324719 0 30 324719 0
gene 2 7 15 580350 0 31 580350 0
gene 2 8 15 800000 0 32 800000 0
gene 2 9 15 -177237 0 33 -177237 0
gene 2 10 15 -21969 0 34 -21969 1
gene 3 11 15 -800000 0 35 -800000 1
gene 2 12 15 41826 0 36 41826 0
gene 4 4 24 -715892 0 62 -715892 1
gene 4 24 13 403194 0 63 403194 1
gene 1 24 24 580503 1 127 580503 0
gene 3 15 13 -421950 0 293 -421950 1
gene 2 7 24 363042 0 408 363042 0
gene 3 7 188 487974 0 526 487974 1
gene 3 188 14 -418253 0 527 -418253 1
gene 2 9 222 39567 0 645 39567 0
gene 2 222 15 48951 0 646 48951 1
gene 3 3 272 -436286 0 798 -436286 1
gene 3 272 15 34968 0 799 34968 0
gene 2 3 24 -646343 0 850 -646343 1
gene 1 24 301 -800000 1 893 -800000 0
gene 1 301 24 -800000 0 894 -800000 0
gene 1 188 188 -178404 1 934 -178404 1
gene 3 4 188 -800000 0 1080 -800000 1
gene 2 6 380 176715 0 1115 176715 1
gene 2 380 14 230277 0 1116 230277 1
gene 1 4 393 346287 0 1157 346287 1
gene 1 393 15 -133074 0 1158 -133074 1
gene 1 15 380 -800000 0 1196 -800000 1
gene 2 12 188 -337617 0 1302 -337617 0
gene 2 9 453 438150 0 1346 438150 1
gene 2 453 222 -800000 0 1347 -800000 1
gene 1 24 469 -187104 1 1394 -187104 0
gene 2 469 301 -392061 0 1395 -392061 0
gene 3 222 24 -377382 0 1576 -377382 1
gene 4 3 188 270183 0 1616 270183 1
gene 3 272 557 -13802 0 1666 -13802 1
gene 1 557 15 -615453 0 1667 -615453 0
gene 1 6 272 103434 0 1830 103434 0
gene 4 12 380 -800000 0 1879 -800000 0
gene 1 469 729 393510 0 2197 393510 1
gene 1 729 301 -34728 0 2198 -34728 1
gene 2 14 301 461346 0 2244 461346 1
gene 1 188 380 -69888 0 2284 -69888 1
gene 3 8 875 -394659 0 2630 -394659 0
gene 1 875 13 -124665 0 2631 -124665 1
gene 4 12 927 102591 0 2791 102591 1
gene 4 927 380 73359 0 2792 73359 1
gene 2 393 380 721068 0 3014 721068 0
gene 2 7 1021 458628 0 3066 458628 1
gene 2 1021 24 216276 0 3067 216276 1
gene 1 8 1084 170073 0 3243 170073 0
gene 1 1084 875 -99813 0 3244 -99813 0
gene 4 188 927 507543 0 3297 507543 0
gene 1 1084 1116 -38796 0 3335 -38796 1
gene 1 1116 875 585804 0 3336 585804 0
gene 1 222 469 -84732 0 3394 -84732 1
gene 1 8 1234 732 0 3693 732 1
gene 1 1234 1084 326949 0 3694 326949 1
gene 1 301 1295 59766 0 3863 59766 1
gene 1 1295 24 -91476 0 3864 -91476 1
gene 1 2 393 -64578 0 3943 -64578 1
gene 4 1084 1084 -361203 1 4053 -361203 1
gene 3 1295 1084 -544005 0 4076 -544005 1
gene 1 1116 1374 -387078 0 4119 -387078 1
gene 1 1374 875 -629424 0 4120 -629424 1
gene 2 272 1084 -636390 0 4218 -636390 1
gene 2 12 1496 737826 0 4474 737826 1
gene 2 1496 15 86340 0 4475 86340 1
gene 1 557 1522 -132131 0 4546 -132131 1
gene 1 1522 15 -254154 0 4547 -254154 1
gene 3 1116 1021 -94713 0 4657 -94713 1
gene 3 9 380 -160464 0 4725 -160464 1
gene 2 12 1622 -221355 0 4831 -221355 1
gene 2 1622 188 50409 0 4832 50409 1
gene 4 453 453 -283059 1 4965 -283059 0
gene 2 8 1712 195036 0 5099 195036 1
gene 2 1712 15 358665 0 5100 358665 0
gene 1 6 1847 4245 0 5495 4245 1
gene 1 1847 272 765366 0 5496 765366 1
gene 3 9 1890 -28845 0 5636 -28845 0
gene 3 1890 14 -493284 0 5637 -493284 1
gene 4 1116 13 -675068 0 5838 -675068 1
gene 1 9 1712 -192165 0 5937 -192165 1
gene 1 24 2011 -1824 1 5985 -1824 1
gene 1 2011 469 237222 0 5986 237222 1
gene 2 1712 2035 301710 0 6047 301710 0
gene 2 2035 15 -40743 0 6048 -40743 1
gene 3 927 1084 67002 0 6090 67002 1
gene 4 1847 453 -123369 0 6145 -123369 1
gene 2 1712 2119 181506 0 6302 181506 1
gene 2 2119 2035 131034 0 6303 131034 1
gene 3 9 2161 39177 0 6421 39177 1
gene 3 2161 1890 -160605 0 6422 -160605 1
gene 4 453 2179 -22797 1 6471 -22797 1
gene 4 2179 453 -461244 0 6472 -461244 0
gene 4 7 2221 -374514 0 6590 -374514 1
gene 4 2221 15 149076 0 6591 149076 1
gene 2 393 2347 100476 0 6963 100476 1
gene 2 2347 380 -742362 0 6964 -742362 1
gene 2 729 188 -308063 0 7008 -308063 1
gene 2 6 2379 -291189 0 7058 -291189 1
gene 2 2379 15 -590616 0 7059 -590616 1
gene 4 188 2528 146754 0 7472 146754 1
gene 4 2528 927 48657 0 7473 48657 1
gene 4 12 2670 -238365 0 7902 -238365 1
gene 4 2670 13 -294066 0 7903 -294066 1
gene 1 2 2714 1 0 8032 1 1
gene 1 2714 14 78412 0 8033 78412 1
gene 4 2179 2738 1 0 8108 0 1
gene 4 2738 453 -461244 0 8109 0 1
genomeend 18


/* Organism #28 Fitness: 380.000000 Time: 0 */
/* Position #28*/
#1 x: 36 y: 30
#2 x: 58 y: 16
#3 x: 70 y: 31
#4 x: 47 y: 63
#5 x: 48 y: 68
#6 x: 66 y: 73
genomestart 28
trait 1 100000.000000 0.000000 0.000000 0.000000 0.000000 0.000000 0.000000 0.000000 trait 2 52534.000000 91990.000000 0.000000 100000.000000 0.000000 0.000000 0.000000 0.000000 trait 3 21555.000000 0.000000 74217.000000 0.000000 72769.000000 0.000000 0.000000 0.000000 trait 4 4.000000 0.000000 0.000000 0.000000 0.000000 0.000000 0.000000 0.000000 node 1 1 1 3
node 2 2 1 1
node 3 4 1 1
node 4 4 1 1
node 5 1 1 1
node 6 4 1 1
node 7 3 1 1
node 8 3 1 1
node 9 3 1 1
node 10 4 1 1
node 11 4 1 1
node 12 1 1 1
node 13 1 0 2
node 14 2 0 2
node 15 4 0 2
node 24 1 0 0
node 188 3 0 0
node 222 1 0 0
node 272 1 0 0
node 301 1 0 0
node 380 1 0 0
node 393 1 0 0
node 453 4 0 0
node 469 1 0 0
node 557 1 0 0
node 729 1 0 0
node 875 1 0 0
node 927 1 0 0
node 1021 1 0 0
node 1084 1 0 0
node 1116 1 0 0
node 1234 1 0 0
node 1295 1 0 0
node 1374 1 0 0
node 1496 1 0 0
node 1522 1 0 0
node 1622 1 0 0
node 1712 1 0 0
node 1847 1 0 0
node 1890 1 0 0
node 2011 1 0 0
node 2035 1 0 0
node 2119 1 0 0
node 2161 1 0 0
node 2179 1 0 0
node 2221 1 0 0
node 2347 1 0 0
node 2379 1 0 0
node 2428 1 0 0
node 2441 1 0 0
node 2472 1 0 0
node 2511 1 0 0
node 2581 1 0 0
node 2603 1 0 0
node 2679 1 0 0
node 2689 1 0 0
node 2741 1 0 0
gene 1 1 13 -333492 0 1 -333492 1
gene 2 2 13 -800000 0 2 -800000 1
gene 2 3 13 430203 0 3 430203 1
gene 4 4 13 -612096 0 4 -612096 0
gene 2 5 13 -538058 0 5 -538058 1
gene 1 6 13 110238 0 6 110238 1
gene 3 7 13 290694 0 7 290694 1
gene 1 8 13 -390411 0 8 -390411 0
gene 4 9 13 113952 0 9 113952 1
gene 2 10 13 -798974 0 10 -798974 1
gene 3 11 13 203103 0 11 203103 1
gene 4 12 13 800000 0 12 800000 1
gene 1 1 14 -308913 0 13 -308913 1
gene 1 2 14 89514 0 14 89514 1
gene 2 3 14 162771 0 15 162771 1
gene 2 4 14 152862 0 16 152862 1
gene 1 5 14 -29385 0 17 -29385 1
gene 2 6 14 442229 0 18 442229 0
gene 3 7 14 -204303 0 19 -204303 0
gene 3 8 14 -257031 0 20 -257031 1
gene 3 9 14 246057 0 21 246057 0
gene 2 10 14 -36402 0 22 -36402 1
gene 3 11 14 -295125 0 23 -295125 1
gene 2 12 14 84117 0 24 84117 1
gene 2 1 15 -800000 0 25 -800000 1
gene 3 2 15 800000 0 26 800000 1
gene 4 3 15 -449880 0 27 -449880 0
gene 1 4 15 -27156 0 28 -27156 0
gene 4 5 15 -156135 0 29 -156135 1
gene 2 6 15 628040 0 30 628040 0
gene 4 7 15 -200184 0 31 -200184 0
gene 2 8 15 -491912 0 32 -491912 0
gene 2 9 15 -218055 0 33 -218055 0
gene 2 10 15 214002 0 34 214002 1
gene 3 11 15 723981 0 35 723981 1
gene 2 12 15 292176 0 36 292176 0
gene 4 4 24 111111 0 62 111111 1
gene 4 24 13 -95874 0 63 -95874 1
gene 1 24 24 364632 1 127 364632 0
gene 3 15 13 -327270 0 293 -327270 1
gene 2 7 24 18246 0 408 18246 0
gene 3 7 188 -703262 0 526 -703262 1
gene 3 188 14 399081 0 527 399081 1
gene 2 9 222 -58983 0 645 -58983 0
gene 2 222 15 76203 0 646 76203 1
gene 3 3 272 -145856 0 798 -145856 0
gene 3 272 15 75033 0 799 75033 0
gene 2 3 24 10245 0 850 10245 1
gene 1 24 301 -351840 1 893 -351840 0
gene 1 301 24 -275019 0 894 -275019 0
gene 1 188 188 -800000 1 934 -800000 1
gene 3 4 188 112377 0 1080 112377 1
gene 2 6 380 193242 0 1115 193242 1
gene 2 380 14 -227190 0 1116 -227190 1
gene 1 4 393 -287313 0 1157 -287313 1
gene 1 393 15 -426812 0 1158 -426812 1
gene 1 15 380 208392 0 1196 208392 1
gene 2 12 188 120648 0 1302 120648 0
gene 2 9 453 -356208 0 1346 -356208 1
gene 2 453 222 65130 0 1347 65130 1
gene 1 24 469 -454575 1 1394 -454575 0
gene 1 469 301 214272 0 1395 214272 0
gene 3 222 24 261255 0 1576 261255 1
gene 4 3 188 208881 0 1616 208881 1
gene 3 272 557 -481775 0 1666 -481775 1
gene 1 557 15 -2823 0 1667 -2823 0
gene 1 6 272 145659 0 1830 145659 0
gene 4 12 380 -73518 0 1879 -73518 0
gene 1 469 729 143676 0 2197 143676 1
gene 1 729 301 -151641 0 2198 -151641 1
gene 2 14 301 45126 0 2244 45126 1
gene 1 188 380 -181137 0 2284 -181137 1
gene 3 8 875 -106005 0 2630 -106005 0
gene 1 875 13 -266424 0 2631 -266424 1
gene 4 12 927 -20841 0 2791 -20841 1
gene 4 927 380 -515031 0 2792 -515031 1
gene 2 393 380 475884 0 3014 475884 0
gene 2 7 1021 -697917 0 3066 -697917 1
gene 2 1021 24 286503 0 3067 286503 1
gene 1 8 1084 -244517 0 3243 -244517 0
gene 1 1084 875 -56958 0 3244 -56958 0
gene 4 188 927 164307 0 3297 164307 1
gene 1 1084 1116 -260883 0 3335 -260883 1
gene 1 1116 875 65766 0 3336 65766 0
gene 1 222 469 -641280 0 3394 -641280 1
gene 1 8 1234 -268641 0 3693 -268641 0
gene 1 1234 1084 114273 0 3694 114273 0
gene 1 301 1295 -114759 0 3863 -114759 1
gene 1 1295 24 729191 0 3864 729191 1
gene 1 2 393 800000 0 3943 800000 1
gene 4 1084 1084 -194946 1 4053 -194946 1
gene 3 1295 1084 -101292 0 4076 -101292 1
gene 1 1116 1374 311981 0 4119 311981 1
gene 1 1374 875 111075 0 4120 111075 1
gene 2 272 1084 -390555 0 4218 -390555 1
gene 2 12 1496 -264605 0 4474 -264605 1
gene 2 1496 15 -426942 0 4475 -426942 1
gene 1 557 1522 -144930 0 4546 -144930 1
gene 1 1522 15 -271074 0 4547 -271074 0
gene 4 1116 1021 158229 0 4657 158229 1
gene 3 9 380 470037 0 4725 470037 1
gene 2 12 1622 -244884 0 4831 -244884 0
gene 2 1622 188 -211854 0 4832 -211854 0
gene 4 453 453 59835 1 4965 59835 0
gene 2 8 1712 -272430 0 5099 -272430 1
gene 2 1712 15 686742 0 5100 686742 0
gene 1 6 1847 71532 0 5495 71532 1
gene 1 1847 272 553278 0 5496 553278 1
gene 3 9 1890 -296946 0 5636 -296946 0
gene 3 1890 14 554649 0 5637 554649 1
gene 4 1116 13 -615474 0 5838 -615474 1
gene 1 9 1712 -292167 0 5937 -292167 1
gene 1 24 2011 435468 1 5985 435468 1
gene 1 2011 469 -51126 0 5986 -51126 1
gene 2 1712 2035 66621 0 6047 66621 0
gene 2 2035 15 246402 0 6048 246402 1
gene 1 927 1084 -800000 0 6090 -800000 1
gene 4 1847 453 -213675 0 6145 -213675 1
gene 2 1712 2119 228813 0 6302 228813 1
gene 2 2119 2035 228468 0 6303 228468 1
gene 3 9 2161 146268 0 6421 146268 1
gene 3 2161 1890 -149514 0 6422 -149514 1
gene 4 453 2179 165234 1 6471 165234 1
gene 4 2179 453 -20622 0 6472 -20622 1
gene 4 7 2221 -277320 0 6590 -277320 0
gene 4 2221 15 255087 0 6591 255087 0
gene 2 393 2347 -605721 0 6963 -605721 1
gene 2 2347 380 -428298 0 6964 -428298 1
gene 2 729 188 -123249 0 7008 -123249 1
gene 2 6 2379 351997 0 7058 351997 1
gene 2 2379 15 154935 0 7059 154935 1
gene 1 1234 2428 -1890 0 7193 -1890 1
gene 1 2428 1084 -132870 0 7194 -132870 1
gene 4 2221 2441 -33360 0 7231 -33360 1
gene 4 2441 15 162339 0 7232 162339 1
gene 2 1622 2472 -161253 0 7317 -161253 1
gene 2 2472 188 -98520 0 7318 -98520 1
gene 4 1712 557 353979 0 7368 353979 1
gene 1 1522 2511 97501 0 7422 97501 1
gene 1 2511 15 94860 0 7423 94860 1
gene 2 4 301 -193582 0 7485 -193582 1
gene 2 2035 2379 288215 0 7596 288215 0
gene 3 3 2581 287382 0 7648 287382 1
gene 3 2581 272 35847 0 7649 35847 1
gene 1 8 2603 365610 0 7715 365610 1
gene 1 2603 1234 -37467 0 7716 -37467 1
gene 2 12 2679 221563 0 7930 221563 1
gene 2 2679 1622 -370656 0 7931 -370656 1
gene 2 2035 2689 -73224 0 7960 -73224 1
gene 2 2689 2379 53855 0 7961 53855 1
gene 2 301 13 -24498 0 8083 -24498 1
gene 4 7 2741 1 0 8119 0 1
gene 4 2741 2221 -277320 0 8120 0 1
genomeend 28


/* Organism #38 Fitness: 300.000000 Time: 0 */
/* Position #38*/
#1 x: 50 y: 21
#2 x: 33 y: 29
#3 x: 40 y: 16
#4 x: 19 y: 84
#5 x: 30 y: 63
#6 x: 46 y: 78
genomestart 38
trait 1 100000.000000 0.000000 0.000000 0.000000 0.000000 0.000000 0.000000 0.000000 trait 2 52534.000000 91990.000000 0.000000 100000.000000 0.000000 0.000000 0.000000 0.000000 trait 3 21555.000000 0.000000 74217.000000 0.000000 72769.000000 0.000000 0.000000 0.000000 trait 4 4.000000 0.000000 99255.000000 0.000000 99879.000000 0.000000 0.000000 0.000000 node 1 1 1 3
node 2 2 1 1
node 3 4 1 1
node 4 4 1 1
node 5 1 1 1
node 6 4 1 1
node 7 3 1 1
node 8 3 1 1
node 9 3 1 1
node 10 4 1 1
node 11 4 1 1
node 12 1 1 1
node 13 1 0 2
node 14 2 0 2
node 15 4 0 2
node 24 1 0 0
node 188 3 0 0
node 222 1 0 0
node 272 1 0 0
node 301 1 0 0
node 380 1 0 0
node 393 1 0 0
node 453 4 0 0
node 469 1 0 0
node 557 1 0 0
node 729 1 0 0
node 875 1 0 0
node 927 1 0 0
node 1021 1 0 0
node 1084 1 0 0
node 1116 1 0 0
node 1234 1 0 0
node 1295 1 0 0
node 1374 1 0 0
node 1496 1 0 0
node 1522 1 0 0
node 1622 1 0 0
node 1712 1 0 0
node 1847 1 0 0
node 1890 1 0 0
node 2011 1 0 0
node 2035 1 0 0
node 2119 1 0 0
node 2161 1 0 0
node 2179 1 0 0
node 2221 1 0 0
node 2408 1 0 0
node 2438 1 0 0
node 2454 1 0 0
node 2489 1 0 0
node 2572 1 0 0
node 2678 1 0 0
node 2708 1 0 0
gene 1 1 13 70095 0 1 70095 1
gene 2 2 13 -273042 0 2 -273042 1
gene 2 3 13 557583 0 3 557583 1
gene 4 4 13 223104 0 4 223104 0
gene 3 5 13 112419 0 5 112419 1
gene 1 6 13 -10866 0 6 -10866 1
gene 3 7 13 -218979 0 7 -218979 1
gene 1 8 13 -57729 0 8 -57729 0
gene 4 9 13 -149898 0 9 -149898 1
gene 2 10 13 -780413 0 10 -780413 1
gene 3 11 13 254541 0 11 254541 1
gene 4 12 13 -6742 0 12 -6742 1
gene 1 1 14 -662265 0 13 -662265 1
gene 1 2 14 188553 0 14 188553 1
gene 2 3 14 195246 0 15 195246 1
gene 2 4 14 -80550 0 16 -80550 1
gene 1 5 14 -179541 0 17 -179541 1
gene 2 6 14 -292176 0 18 -292176 0
gene 3 7 14 548667 0 19 548667 0
gene 3 8 14 362730 0 20 362730 0
gene 3 9 14 400164 0 21 400164 0
gene 2 10 14 -214839 0 22 -214839 1
gene 3 11 14 -30504 0 23 -30504 1
gene 2 12 14 424695 0 24 424695 1
gene 2 1 15 -125616 0 25 -125616 1
gene 3 2 15 -426825 0 26 -426825 1
gene 4 3 15 -196950 0 27 -196950 0
gene 1 4 15 257736 0 28 257736 0
gene 4 5 15 125433 0 29 125433 1
gene 2 6 15 -368934 0 30 -368934 1
gene 4 7 15 702641 0 31 702641 0
gene 2 8 15 153849 0 32 153849 0
gene 2 9 15 4347 0 33 4347 0
gene 3 10 15 189567 0 34 189567 1
gene 3 11 15 -448536 0 35 -448536 1
gene 2 12 15 145560 0 36 145560 0
gene 4 4 24 -204813 0 62 -204813 1
gene 4 24 13 299466 0 63 299466 1
gene 1 24 24 355830 1 127 355830 0
gene 3 15 13 488283 0 293 488283 1
gene 2 7 24 -3042 0 408 -3042 0
gene 3 7 188 -196512 0 526 -196512 0
gene 3 188 14 -289335 0 527 -289335 1
gene 2 9 222 -215523 0 645 -215523 0
gene 2 222 15 257862 0 646 257862 1
gene 3 3 272 153714 0 798 153714 1
gene 3 272 15 -223314 0 799 -223314 0
gene 2 3 24 257418 0 850 257418 1
gene 1 24 301 -38970 1 893 -38970 0
gene 1 301 24 263283 0 894 263283 0
gene 1 188 188 -429342 1 934 -429342 0
gene 3 4 188 -800000 0 1080 -800000 1
gene 2 6 380 800000 0 1115 800000 1
gene 2 380 14 23346 0 1116 23346 1
gene 1 4 393 -116322 0 1157 -116322 1
gene 1 393 15 -175350 0 1158 -175350 0
gene 1 15 380 -289929 0 1196 -289929 1
gene 2 12 188 -93456 0 1302 -93456 0
gene 2 9 453 61971 0 1346 61971 1
gene 2 453 222 523337 0 1347 523337 1
gene 1 24 469 632199 1 1394 632199 0
gene 1 469 301 -355056 0 1395 -355056 0
gene 3 222 24 -68886 0 1576 -68886 1
gene 4 3 188 -400683 0 1616 -400683 1
gene 3 272 557 95271 0 1666 95271 1
gene 1 557 15 -55899 0 1667 -55899 0
gene 1 6 272 65997 0 1830 65997 0
gene 4 12 380 -96225 0 1879 -96225 0
gene 1 469 729 164181 0 2197 164181 1
gene 1 729 301 694091 0 2198 694091 0
gene 2 14 301 6135 0 2244 6135 1
gene 1 188 380 -6540 0 2284 -6540 1
gene 4 8 875 -253587 0 2630 -253587 0
gene 1 875 13 800000 0 2631 800000 1
gene 4 12 927 -407217 0 2791 -407217 1
gene 4 927 380 361929 0 2792 361929 1
gene 2 393 380 -429912 0 3014 -429912 1
gene 2 7 1021 -81474 0 3066 -81474 1
gene 2 1021 24 511599 0 3067 511599 1
gene 1 8 1084 -509607 0 3243 -509607 0
gene 1 1084 875 453927 0 3244 453927 0
gene 4 188 927 -339600 0 3297 -339600 1
gene 1 1084 1116 -477795 0 3335 -477795 1
gene 1 1116 875 59019 0 3336 59019 0
gene 1 222 469 -146580 0 3394 -146580 1
gene 1 8 1234 345183 0 3693 345183 1
gene 1 1234 1084 -219984 0 3694 -219984 1
gene 1 301 1295 -143613 0 3863 -143613 1
gene 1 1295 24 -385746 0 3864 -385746 1
gene 1 2 393 -247917 0 3943 -247917 1
gene 4 1084 1084 -116229 1 4053 -116229 1
gene 3 1295 1084 -123846 0 4076 -123846 1
gene 1 1116 1374 288870 0 4119 288870 1
gene 1 1374 875 -386160 0 4120 -386160 1
gene 2 272 1084 -257883 0 4218 -257883 1
gene 2 12 1496 -800000 0 4474 -800000 1
gene 2 1496 15 -311226 0 4475 -311226 1
gene 1 557 1522 24561 0 4546 24561 1
gene 1 1522 15 380663 0 4547 380663 1
gene 3 1116 1021 -279015 0 4657 -279015 1
gene 3 9 380 509517 0 4725 509517 1
gene 2 12 1622 82311 0 4831 82311 0
gene 2 1622 188 432048 0 4832 432048 1
gene 4 453 453 -25917 1 4965 -25917 0
gene 2 8 1712 -534852 0 5099 -534852 1
gene 2 1712 15 355578 0 5100 355578 0
gene 1 6 1847 -326013 0 5495 -326013 1
gene 1 1847 272 34827 0 5496 34827 1
gene 3 9 1890 -716772 0 5636 -716772 0
gene 3 1890 14 -259851 0 5637 -259851 1
gene 2 1116 13 209112 0 5838 209112 1
gene 1 9 1712 -565206 0 5937 -565206 0
gene 1 24 2011 190059 1 5985 190059 1
gene 1 2011 469 -159063 0 5986 -159063 1
gene 2 1712 2035 16914 0 6047 16914 0
gene 2 2035 15 598430 0 6048 598430 1
gene 3 927 1084 -354066 0 6090 -354066 1
gene 4 1847 453 88185 0 6145 88185 1
gene 2 1712 2119 92124 0 6302 92124 1
gene 2 2119 2035 216252 0 6303 216252 1
gene 3 9 2161 -491286 0 6421 -491286 1
gene 3 2161 1890 590160 0 6422 590160 1
gene 4 453 2179 -323826 1 6471 -323826 1
gene 4 2179 453 800000 0 6472 800000 1
gene 4 7 2221 -578733 0 6590 -578733 1
gene 4 2221 15 170739 0 6591 170739 1
gene 2 1295 1021 350271 0 6920 350271 1
gene 4 2011 393 182867 0 7009 182867 1
gene 1 393 2408 311482 0 7137 311482 1
gene 1 2408 15 -109884 0 7138 -109884 1
gene 3 2161 1374 209655 0 7177 209655 1
gene 1 188 2438 -113036 1 7224 -113036 1
gene 1 2438 188 169248 0 7225 169248 1
gene 1 9 2454 -13497 0 7265 -13497 1
gene 1 2454 1712 184929 0 7266 184929 1
gene 3 11 875 84966 0 7315 84966 1
gene 1 729 2489 -282627 0 7366 -282627 1
gene 1 2489 301 460082 0 7367 460082 1
gene 1 11 2161 185718 0 7520 185718 1
gene 2 12 2572 -36183 0 7614 -36183 1
gene 2 2572 1622 94098 0 7615 94098 1
gene 1 12 1522 -622253 0 7661 -622253 1
gene 4 1847 2179 -194202 0 7800 -194202 1
gene 3 7 2678 -106230 0 7928 -106230 1
gene 3 2678 188 -73083 0 7929 -73083 1
gene 3 8 2708 77548 0 8015 77548 1
gene 3 2708 14 -193662 0 8016 -193662 1
gene 1 2572 729 73325 0 8127 73325 1
genomeend 38


/* Organism #42 Fitness: 460.000000 Time: 0 */
/* Position #42*/
#1 x: 28 y: 40
#2 x: 21 y: 27
#3 x: 51 y: 26
#4 x: 48 y: 75
#5 x: 37 y: 67
#6 x: 53 y: 85
genomestart 42
trait 1 100000.000000 0.000000 0.000000 0.000000 0.000000 0.000000 0.000000 0.000000 trait 2 52534.000000 91990.000000 0.000000 100000.000000 0.000000 0.000000 0.000000 0.000000 trait 3 21555.000000 0.000000 74217.000000 0.000000 72769.000000 0.000000 0.000000 0.000000 trait 4 4.000000 0.000000 0.000000 0.000000 0.000000 0.000000 0.000000 0.000000 node 1 1 1 3
node 2 2 1 1
node 3 4 1 1
node 4 4 1 1
node 5 1 1 1
node 6 4 1 1
node 7 3 1 1
node 8 3 1 1
node 9 3 1 1
node 10 4 1 1
node 11 4 1 1
node 12 1 1 1
node 13 1 0 2
node 14 2 0 2
node 15 4 0 2
node 24 1 0 0
node 188 3 0 0
node 222 1 0 0
node 272 1 0 0
node 301 1 0 0
node 380 1 0 0
node 393 1 0 0
node 453 4 0 0
node 469 1 0 0
node 557 1 0 0
node 729 1 0 0
node 875 1 0 0
node 927 1 0 0
node 1021 1 0 0
node 1084 1 0 0
node 1116 1 0 0
node 1234 1 0 0
node 1295 1 0 0
node 1374 1 0 0
node 1496 1 0 0
node 1522 1 0 0
node 1622 1 0 0
node 1712 1 0 0
node 1847 1 0 0
node 1890 1 0 0
node 2011 1 0 0
node 2035 1 0 0
node 2119 1 0 0
node 2161 1 0 0
node 2179 1 0 0
node 2221 1 0 0
node 2397 1 0 0
node 2505 1 0 0
node 2547 1 0 0
node 2578 1 0 0
node 2618 1 0 0
node 2697 1 0 0
node 2712 1 0 0
gene 1 1 13 11043 0 1 11043 1
gene 2 2 13 -468891 0 2 -468891 1
gene 2 3 13 646185 0 3 646185 1
gene 2 4 13 104625 0 4 104625 0
gene 3 5 13 392499 0 5 392499 1
gene 1 6 13 -800000 0 6 -800000 1
gene 3 7 13 -36681 0 7 -36681 1
gene 1 8 13 -47094 0 8 -47094 0
gene 4 9 13 175212 0 9 175212 1
gene 2 10 13 -202521 0 10 -202521 1
gene 3 11 13 271785 0 11 271785 1
gene 4 12 13 -344463 0 12 -344463 1
gene 1 1 14 58341 0 13 58341 1
gene 1 2 14 475263 0 14 475263 1
gene 2 3 14 91815 0 15 91815 1
gene 2 4 14 -191907 0 16 -191907 1
gene 1 5 14 179043 0 17 179043 1
gene 2 6 14 -800000 0 18 -800000 0
gene 3 7 14 -375120 0 19 -375120 0
gene 3 8 14 -6432 0 20 -6432 1
gene 3 9 14 -505125 0 21 -505125 0
gene 2 10 14 -632358 0 22 -632358 1
gene 3 11 14 355641 0 23 355641 0
gene 2 12 14 -800000 0 24 -800000 1
gene 2 1 15 800000 0 25 800000 1
gene 3 2 15 -196836 0 26 -196836 1
gene 4 3 15 -219519 0 27 -219519 0
gene 1 4 15 -259301 0 28 -259301 0
gene 4 5 15 -499062 0 29 -499062 1
gene 2 6 15 202710 0 30 202710 1
gene 4 7 15 -486912 0 31 -486912 0
gene 2 8 15 454971 0 32 454971 0
gene 2 9 15 547665 0 33 547665 0
gene 2 10 15 293109 0 34 293109 1
gene 3 11 15 518976 0 35 518976 1
gene 2 12 15 517953 0 36 517953 0
gene 4 4 24 479797 0 62 479797 1
gene 3 24 13 -800000 0 63 -800000 1
gene 1 24 24 -671441 1 127 -671441 0
gene 3 15 13 57810 0 293 57810 1
gene 2 7 24 152064 0 408 152064 0
gene 3 7 188 -94827 0 526 -94827 1
gene 3 188 14 -800000 0 527 -800000 1
gene 2 9 222 268989 0 645 268989 0
gene 2 222 15 65517 0 646 65517 1
gene 3 3 272 123654 0 798 123654 1
gene 3 272 15 138369 0 799 138369 0
gene 3 3 24 -345630 0 850 -345630 1
gene 1 24 301 522537 1 893 522537 0
gene 1 301 24 -564300 0 894 -564300 0
gene 1 188 188 125199 1 934 125199 1
gene 3 4 188 443760 0 1080 443760 1
gene 2 6 380 448572 0 1115 448572 1
gene 2 380 14 -59268 0 1116 -59268 1
gene 1 4 393 -537498 0 1157 -537498 1
gene 1 393 15 -485277 0 1158 -485277 1
gene 1 15 380 174897 0 1196 174897 1
gene 2 12 188 368073 0 1302 368073 0
gene 2 9 453 638535 0 1346 638535 1
gene 2 453 222 40734 0 1347 40734 1
gene 1 24 469 -507369 1 1394 -507369 0
gene 1 469 301 -29523 0 1395 -29523 0
gene 3 222 24 120678 0 1576 120678 1
gene 4 3 188 86067 0 1616 86067 1
gene 3 272 557 -351342 0 1666 -351342 1
gene 1 557 15 270645 0 1667 270645 0
gene 1 6 272 144720 0 1830 144720 0
gene 4 12 380 -2160 0 1879 -2160 0
gene 1 469 729 -5226 0 2197 -5226 1
gene 1 729 301 358206 0 2198 358206 1
gene 2 14 301 229704 0 2244 229704 0
gene 1 188 380 -383904 0 2284 -383904 1
gene 3 8 875 377472 0 2630 377472 0
gene 1 875 13 129456 0 2631 129456 1
gene 4 12 927 -19017 0 2791 -19017 1
gene 4 927 380 -387579 0 2792 -387579 1
gene 2 393 380 447537 0 3014 447537 1
gene 2 7 1021 212946 0 3066 212946 1
gene 2 1021 24 -170190 0 3067 -170190 1
gene 1 8 1084 277073 0 3243 277073 0
gene 1 1084 875 -62595 0 3244 -62595 0
gene 4 188 927 374565 0 3297 374565 1
gene 1 1084 1116 115698 0 3335 115698 1
gene 1 1116 875 572721 0 3336 572721 0
gene 1 222 469 -440625 0 3394 -440625 1
gene 1 8 1234 -629438 0 3693 -629438 1
gene 1 1234 1084 800000 0 3694 800000 1
gene 1 301 1295 273603 0 3863 273603 1
gene 1 1295 24 -324912 0 3864 -324912 1
gene 1 2 393 -308850 0 3943 -308850 1
gene 4 1084 1084 363693 1 4053 363693 1
gene 3 1295 1084 11922 0 4076 11922 1
gene 1 1116 1374 -605928 0 4119 -605928 1
gene 1 1374 875 -240348 0 4120 -240348 1
gene 2 272 1084 -227823 0 4218 -227823 1
gene 2 12 1496 -87348 0 4474 -87348 1
gene 2 1496 15 790785 0 4475 790785 1
gene 1 557 1522 638055 0 4546 638055 1
gene 1 1522 15 -369393 0 4547 -369393 1
gene 3 1116 1021 -632292 0 4657 -632292 0
gene 3 9 380 -800000 0 4725 -800000 1
gene 2 12 1622 -536289 0 4831 -536289 0
gene 2 1622 188 -76452 0 4832 -76452 1
gene 4 453 453 -27276 1 4965 -27276 0
gene 2 8 1712 400323 0 5099 400323 1
gene 2 1712 15 -256845 0 5100 -256845 0
gene 1 6 1847 -417717 0 5495 -417717 1
gene 1 1847 272 -142038 0 5496 -142038 1
gene 3 9 1890 -67788 0 5636 -67788 0
gene 3 1890 14 -306357 0 5637 -306357 1
gene 4 1116 13 -615123 0 5838 -615123 1
gene 1 9 1712 -66468 0 5937 -66468 1
gene 1 24 2011 -420417 1 5985 -420417 1
gene 1 2011 469 60657 0 5986 60657 1
gene 2 1712 2035 -377576 0 6047 -377576 0
gene 2 2035 15 328697 0 6048 328697 1
gene 3 927 1084 -592986 0 6090 -592986 0
gene 4 1847 453 476772 0 6145 476772 1
gene 2 1712 2119 -237651 0 6302 -237651 1
gene 2 2119 2035 -256830 0 6303 -256830 1
gene 3 9 2161 163095 0 6421 163095 1
gene 3 2161 1890 -13275 0 6422 -13275 0
gene 4 453 2179 264732 1 6471 264732 1
gene 4 2179 453 -283476 0 6472 -283476 1
gene 4 7 2221 -445815 0 6590 -445815 0
gene 4 2221 15 -257454 0 6591 -257454 1
gene 2 1295 1021 48039 0 6920 48039 1
gene 4 2011 393 223236 0 7009 223236 1
gene 3 1295 557 -28707 1 7060 -28707 1
gene 3 11 2397 10800 0 7109 10800 1
gene 3 2397 14 30738 0 7110 30738 1
gene 3 469 272 800000 0 7207 800000 1
gene 2 14 2505 350862 0 7409 350862 1
gene 2 2505 301 -333024 0 7410 -333024 1
gene 4 7 2547 52755 0 7531 52755 1
gene 4 2547 2221 89682 0 7532 89682 1
gene 3 927 2578 146931 0 7639 146931 1
gene 3 2578 1084 -314379 0 7640 -314379 1
gene 2 12 2618 -632745 0 7758 -632745 1
gene 2 2618 1622 -537318 0 7759 -537318 1
gene 3 2161 2697 193083 0 7981 193083 1
gene 3 2697 1890 95622 0 7982 95622 1
gene 3 1116 2712 -475952 0 8023 -475952 1
gene 3 2712 1021 -670170 0 8024 -670170 1
genomeend 42


/* Organism #44 Fitness: 280.000000 Time: 0 */
/* Position #44*/
#1 x: 32 y: 39
#2 x: 40 y: 31
#3 x: 53 y: 16
#4 x: 43 y: 83
#5 x: 34 y: 73
#6 x: 48 y: 60
genomestart 44
trait 1 86382.000000 35089.000000 0.000000 0.000000 32470.000000 46984.000000 0.000000 0.000000 trait 2 0.000000 0.000000 100000.000000 0.000000 0.000000 8331.000000 0.000000 0.000000 trait 3 3.000000 0.000000 0.000000 0.000000 0.000000 0.000000 0.000000 95617.000000 trait 4 100000.000000 0.000000 51490.000000 100000.000000 0.000000 0.000000 0.000000 15655.000000 node 1 4 1 3
node 2 2 1 1
node 3 4 1 1
node 4 2 1 1
node 5 4 1 1
node 6 3 1 1
node 7 2 1 1
node 8 1 1 1
node 9 4 1 1
node 10 1 1 1
node 11 1 1 1
node 12 4 1 1
node 13 3 0 2
node 14 1 0 2
node 15 4 0 2
node 71 1 0 0
node 289 1 0 0
node 317 1 0 0
node 368 1 0 0
node 381 1 0 0
node 394 1 0 0
node 473 1 0 0
node 490 1 0 0
node 568 1 0 0
node 647 1 0 0
node 686 1 0 0
node 704 1 0 0
node 760 1 0 0
node 834 1 0 0
node 877 1 0 0
node 886 1 0 0
node 948 1 0 0
node 996 1 0 0
node 1018 1 0 0
node 1030 1 0 0
node 1107 1 0 0
node 1283 1 0 0
node 1318 1 0 0
node 1334 1 0 0
node 1348 1 0 0
node 1397 1 0 0
node 1437 1 0 0
node 1483 1 0 0
node 1576 1 0 0
node 1610 1 0 0
node 1682 1 0 0
node 1718 1 0 0
node 1791 1 0 0
node 1807 1 0 0
node 1852 1 0 0
node 1926 1 0 0
node 2076 1 0 0
node 2273 1 0 0
node 2461 1 0 0
node 2542 1 0 0
node 2558 1 0 0
node 2700 1 0 0
node 2746 1 0 0
gene 4 1 13 -47730 0 1 -47730 1
gene 3 2 13 211788 0 2 211788 1
gene 2 3 13 -24060 0 3 -24060 0
gene 4 4 13 -336522 0 4 -336522 1
gene 2 5 13 -281787 0 5 -281787 0
gene 3 6 13 424140 0 6 424140 0
gene 1 7 13 -170363 0 7 -170363 0
gene 1 8 13 -207591 0 8 -207591 1
gene 1 9 13 224886 0 9 224886 0
gene 2 10 13 662076 0 10 662076 1
gene 3 11 13 373593 0 11 373593 1
gene 3 12 13 -313338 0 12 -313338 1
gene 2 1 14 -317355 0 13 -317355 1
gene 1 2 14 -31443 0 14 -31443 0
gene 3 3 14 103049 0 15 103049 0
gene 1 4 14 261846 0 16 261846 0
gene 1 5 14 -448413 0 17 -448413 1
gene 1 6 14 118353 0 18 118353 0
gene 1 7 14 -131208 0 19 -131208 1
gene 2 8 14 800000 0 20 800000 0
gene 2 9 14 -320895 0 21 -320895 1
gene 1 10 14 800000 0 22 800000 0
gene 3 11 14 -244005 0 23 -244005 1
gene 2 12 14 -60765 0 24 -60765 0
gene 3 1 15 -139725 0 25 -139725 1
gene 2 2 15 178584 0 26 178584 1
gene 4 3 15 -116778 0 27 -116778 0
gene 2 4 15 377415 0 28 377415 0
gene 2 5 15 -136740 0 29 -136740 1
gene 1 6 15 -800000 0 30 -800000 0
gene 4 7 15 488385 0 31 488385 0
gene 2 8 15 489333 0 32 489333 0
gene 2 9 15 56961 0 33 56961 1
gene 1 10 15 257931 0 34 257931 1
gene 3 11 15 500376 0 35 500376 0
gene 1 12 15 324714 0 36 324714 1
gene 4 3 71 39744 0 201 39744 0
gene 3 71 14 205110 0 202 205110 0
gene 1 13 13 -30969 1 248 -30969 1
gene 2 13 15 214089 0 413 214089 1
gene 4 10 71 61647 0 454 61647 1
gene 1 7 71 433686 0 542 433686 0
gene 4 8 71 -447042 0 717 -447042 1
gene 4 71 71 -2904 1 769 -2904 0
gene 4 3 289 165132 0 858 165132 0
gene 4 289 15 -625938 0 859 -625938 1
gene 3 289 14 79194 0 897 79194 1
gene 4 3 317 -206685 0 942 -206685 0
gene 4 317 289 56745 0 943 56745 1
gene 2 8 368 -800000 0 1081 -800000 0
gene 2 368 15 211308 0 1082 211308 1
gene 1 2 381 102177 0 1117 102177 1
gene 2 381 14 -800000 0 1118 -800000 1
gene 4 3 394 -183090 0 1159 -183090 0
gene 4 394 71 -438471 0 1160 -438471 1
gene 4 1 394 -13719 0 1362 -13719 1
gene 2 3 473 -140043 0 1405 -140043 0
gene 2 473 13 263967 0 1406 263967 1
gene 4 10 490 183624 0 1456 183624 0
gene 1 490 14 -196212 0 1457 -196212 1
gene 3 13 289 -315216 0 1591 -315216 0
gene 4 71 568 -367698 1 1699 -367698 1
gene 4 568 71 729 0 1700 729 0
gene 3 568 15 -443610 0 1754 -443610 0
gene 3 289 394 462600 0 1809 462600 0
gene 4 568 647 -611417 0 1948 -611417 1
gene 4 647 71 -247941 0 1949 -247941 1
gene 1 7 686 -285651 0 2069 -285651 1
gene 1 686 71 -493254 0 2070 -493254 1
gene 3 71 704 -16173 0 2122 -16173 1
gene 3 704 14 -307449 0 2123 -307449 0
gene 3 289 760 -250578 0 2296 -250578 1
gene 3 760 394 386901 0 2297 386901 1
gene 4 368 394 54735 0 2326 54735 1
gene 2 10 289 -323739 0 2376 -323739 1
gene 4 3 834 286955 0 2518 286955 1
gene 4 834 317 -400500 0 2519 -400500 1
gene 2 12 877 405813 0 2634 405813 1
gene 2 877 14 -129678 0 2635 -129678 1
gene 2 4 886 233607 0 2665 233607 1
gene 1 886 15 -71373 0 2666 -71373 1
gene 2 5 948 176910 0 2855 176910 0
gene 2 948 13 507078 0 2856 507078 1
gene 2 877 877 101490 1 2903 101490 0
gene 1 7 996 -172697 0 2996 -172697 1
gene 1 996 13 123108 0 2997 123108 0
gene 1 7 1018 337020 0 3054 337020 1
gene 4 1018 15 380004 0 3055 380004 0
gene 1 4 1030 -16824 0 3100 -16824 1
gene 1 1030 14 -137844 0 3101 -137844 1
gene 3 568 568 -735650 1 3154 -735650 1
gene 2 5 1107 -49581 0 3308 -49581 1
gene 2 1107 948 593565 0 3309 593565 0
gene 4 686 686 58881 1 3352 58881 0
gene 3 996 490 686391 0 3408 686391 1
gene 3 996 996 440619 1 3624 440619 1
gene 3 381 381 202539 1 3767 202539 1
gene 4 3 1283 387819 0 3832 387819 0
gene 4 1283 394 408318 0 3833 408318 1
gene 2 8 1318 259749 0 3932 259749 1
gene 2 1318 368 -359199 0 3933 -359199 1
gene 4 3 1334 -203133 0 3987 -203133 1
gene 4 1334 1283 -364485 0 3988 -364485 1
gene 3 6 1348 -507390 0 4030 -507390 1
gene 3 1348 13 234585 0 4031 234585 1
gene 3 568 1397 -742217 0 4173 -742217 1
gene 3 1397 15 -800000 0 4174 -800000 1
gene 1 13 760 693098 0 4248 693098 1
gene 4 686 1437 513657 1 4291 513657 0
gene 4 1437 686 -488991 0 4292 -488991 1
gene 1 10 1483 -431217 0 4430 -431217 1
gene 1 1483 490 539409 0 4431 539409 1
gene 1 394 490 -376290 0 4472 -376290 1
gene 2 8 1576 397572 0 4695 397572 1
gene 2 1576 14 528261 0 4696 528261 1
gene 1 368 368 192738 1 4745 192738 1
gene 3 11 1610 -278061 0 4795 -278061 1
gene 3 1610 15 -608796 0 4796 -608796 1
gene 3 8 686 -275391 0 4917 -275391 1
gene 4 686 1682 -15606 1 5012 -15606 1
gene 4 1682 1437 -271746 0 5013 -271746 1
gene 2 3 1718 -100371 0 5114 -100371 1
gene 2 1718 473 -371444 0 5115 -371444 1
gene 2 1107 1791 81378 0 5326 81378 1
gene 2 1791 948 280515 0 5327 280515 1
gene 4 1018 1807 -3576 0 5371 -3576 1
gene 4 1807 15 -5883 0 5372 -5883 1
gene 2 1483 473 -242385 0 5452 -242385 1
gene 1 996 1852 -284466 0 5508 -284466 1
gene 1 1852 13 217611 0 5509 217611 1
gene 2 686 1791 166755 0 5560 166755 0
gene 1 9 1926 156414 0 5738 156414 1
gene 1 1926 13 -122070 0 5739 -122070 1
gene 2 1576 834 315291 0 5783 315291 1
gene 4 1397 1018 -198717 0 5960 -198717 1
gene 3 1030 1030 242319 1 6082 242319 1
gene 2 877 2076 677840 1 6168 677840 1
gene 2 2076 877 353919 0 6169 353919 1
gene 1 1283 289 -105930 0 6426 -105930 1
gene 1 1283 317 -268413 0 6534 -268413 1
gene 1 1318 289 88890 0 6582 88890 1
gene 3 5 886 61506 0 6705 61506 1
gene 1 6 2273 -236016 0 6744 -236016 1
gene 1 2273 15 -201591 0 6745 -201591 1
gene 4 948 2076 -491575 0 6805 -491575 1
gene 1 490 71 -264075 0 7096 -264075 1
gene 3 13 2461 36291 0 7282 36291 0
gene 3 2461 289 -265182 0 7283 -265182 1
gene 1 394 381 37767 0 7328 37767 1
gene 1 686 1107 -350499 0 7466 -350499 1
gene 3 13 2542 -51309 0 7512 -51309 1
gene 3 2542 2461 300285 0 7513 300285 1
gene 2 686 2558 -282627 0 7563 -282627 1
gene 2 2558 1791 329097 0 7564 329097 1
gene 2 1576 686 -74517 0 7765 -74517 1
gene 3 704 2700 -397232 0 7993 -397232 1
gene 3 2700 14 -231024 0 7994 -231024 1
gene 1 6 2746 1 0 8133 0 1
gene 1 2746 14 118353 0 8134 0 1
genomeend 44


/* Organism #46 Fitness: 380.000000 Time: 0 */
/* Position #46*/
#1 x: 32 y: 17
#2 x: 25 y: 17
#3 x: 70 y: 21
#4 x: 42 y: 67
#5 x: 28 y: 74
#6 x: 50 y: 78
genomestart 46
trait 1 100000.000000 0.000000 0.000000 0.000000 0.000000 0.000000 0.000000 0.000000 trait 2 52534.000000 91990.000000 0.000000 100000.000000 0.000000 0.000000 0.000000 0.000000 trait 3 21555.000000 0.000000 74217.000000 0.000000 72769.000000 0.000000 0.000000 0.000000 trait 4 4.000000 0.000000 0.000000 0.000000 0.000000 0.000000 0.000000 0.000000 node 1 1 1 3
node 2 2 1 1
node 3 4 1 1
node 4 4 1 1
node 5 1 1 1
node 6 4 1 1
node 7 3 1 1
node 8 3 1 1
node 9 3 1 1
node 10 4 1 1
node 11 4 1 1
node 12 1 1 1
node 13 1 0 2
node 14 2 0 2
node 15 4 0 2
node 24 1 0 0
node 188 3 0 0
node 222 1 0 0
node 272 1 0 0
node 301 1 0 0
node 380 2 0 0
node 393 1 0 0
node 453 4 0 0
node 469 1 0 0
node 557 1 0 0
node 729 1 0 0
node 875 1 0 0
node 927 1 0 0
node 1021 1 0 0
node 1084 1 0 0
node 1116 1 0 0
node 1234 1 0 0
node 1295 1 0 0
node 1374 1 0 0
node 1496 1 0 0
node 1522 1 0 0
node 1622 1 0 0
node 1712 1 0 0
node 1847 1 0 0
node 1890 1 0 0
node 2011 1 0 0
node 2035 1 0 0
node 2119 1 0 0
node 2161 1 0 0
node 2179 3 0 0
node 2221 1 0 0
node 2347 1 0 0
node 2379 1 0 0
node 2575 1 0 0
node 2588 1 0 0
node 2609 1 0 0
node 2713 1 0 0
node 2747 1 0 0
gene 1 1 13 -70212 0 1 -70212 1
gene 2 2 13 170058 0 2 170058 1
gene 2 3 13 -74637 0 3 -74637 1
gene 4 4 13 173505 0 4 173505 0
gene 3 5 13 -387834 0 5 -387834 1
gene 1 6 13 -527534 0 6 -527534 1
gene 3 7 13 -151293 0 7 -151293 1
gene 1 8 13 444024 0 8 444024 0
gene 4 9 13 800000 0 9 800000 1
gene 2 10 13 -220125 0 10 -220125 1
gene 3 11 13 168087 0 11 168087 1
gene 4 12 13 -768858 0 12 -768858 1
gene 1 1 14 -44679 0 13 -44679 1
gene 1 2 14 401059 0 14 401059 1
gene 2 3 14 194892 0 15 194892 1
gene 2 4 14 -53004 0 16 -53004 1
gene 1 5 14 375060 0 17 375060 1
gene 2 6 14 318095 0 18 318095 0
gene 3 7 14 342108 0 19 342108 0
gene 3 8 14 -154644 0 20 -154644 1
gene 3 9 14 209796 0 21 209796 0
gene 2 10 14 75837 0 22 75837 1
gene 3 11 14 106122 0 23 106122 1
gene 2 12 14 34401 0 24 34401 1
gene 2 1 15 169395 0 25 169395 1
gene 3 2 15 -97926 0 26 -97926 1
gene 4 3 15 -506379 0 27 -506379 0
gene 1 4 15 25251 0 28 25251 0
gene 4 5 15 -8688 0 29 -8688 1
gene 2 6 15 -372381 0 30 -372381 0
gene 4 7 15 -800000 0 31 -800000 0
gene 2 8 15 -359247 0 32 -359247 0
gene 2 9 15 -5445 0 33 -5445 0
gene 2 10 15 -22773 0 34 -22773 1
gene 3 11 15 -96939 0 35 -96939 1
gene 2 12 15 86733 0 36 86733 0
gene 4 4 24 -397484 0 62 -397484 1
gene 4 24 13 124596 0 63 124596 0
gene 1 24 24 461601 1 127 461601 0
gene 3 15 13 -158502 0 293 -158502 1
gene 2 7 24 654192 0 408 654192 0
gene 3 7 188 13386 0 526 13386 1
gene 3 188 14 -42186 0 527 -42186 1
gene 2 9 222 192858 0 645 192858 0
gene 2 222 15 800000 0 646 800000 1
gene 3 3 272 -258530 0 798 -258530 1
gene 3 272 15 -57258 0 799 -57258 0
gene 2 3 24 -800000 0 850 -800000 1
gene 1 24 301 212694 1 893 212694 0
gene 1 301 24 800000 0 894 800000 0
gene 1 188 188 -84645 1 934 -84645 1
gene 3 4 188 -261924 0 1080 -261924 1
gene 2 6 380 -164265 0 1115 -164265 1
gene 2 380 14 -307605 0 1116 -307605 1
gene 1 4 393 -37224 0 1157 -37224 1
gene 1 393 15 305620 0 1158 305620 1
gene 1 15 380 379176 0 1196 379176 0
gene 2 12 188 -321624 0 1302 -321624 0
gene 2 9 453 -652458 0 1346 -652458 1
gene 2 453 222 -288921 0 1347 -288921 1
gene 1 24 469 -24810 1 1394 -24810 0
gene 1 469 301 -358218 0 1395 -358218 0
gene 3 222 24 784068 0 1576 784068 1
gene 4 3 188 990 0 1616 990 1
gene 3 272 557 -88674 0 1666 -88674 1
gene 1 557 15 -37629 0 1667 -37629 0
gene 1 6 272 392037 0 1830 392037 0
gene 4 12 380 -35670 0 1879 -35670 0
gene 1 469 729 78753 0 2197 78753 1
gene 1 729 301 636750 0 2198 636750 1
gene 2 14 301 -670109 0 2244 -670109 1
gene 1 188 380 -45996 0 2284 -45996 1
gene 3 8 875 -136542 0 2630 -136542 0
gene 1 875 13 84825 0 2631 84825 1
gene 4 12 927 -242838 0 2791 -242838 1
gene 4 927 380 324039 0 2792 324039 1
gene 2 393 380 800000 0 3014 800000 0
gene 2 7 1021 195753 0 3066 195753 1
gene 2 1021 24 576233 0 3067 576233 1
gene 1 8 1084 -114696 0 3243 -114696 0
gene 1 1084 875 633768 0 3244 633768 0
gene 4 188 927 3525 0 3297 3525 1
gene 1 1084 1116 -736548 0 3335 -736548 1
gene 1 1116 875 571661 0 3336 571661 0
gene 1 222 469 313488 0 3394 313488 1
gene 1 8 1234 -638501 0 3693 -638501 1
gene 1 1234 1084 -800000 0 3694 -800000 1
gene 1 301 1295 -718794 0 3863 -718794 1
gene 1 1295 24 -210369 0 3864 -210369 0
gene 1 2 393 -546885 0 3943 -546885 1
gene 4 1084 1084 33729 1 4053 33729 1
gene 3 1295 1084 57753 0 4076 57753 1
gene 1 1116 1374 211890 0 4119 211890 1
gene 1 1374 875 16575 0 4120 16575 1
gene 2 272 1084 36396 0 4218 36396 1
gene 2 12 1496 -135714 0 4474 -135714 1
gene 2 1496 15 -189924 0 4475 -189924 1
gene 1 557 1522 -621560 0 4546 -621560 1
gene 1 1522 15 -800000 0 4547 -800000 1
gene 3 1116 1021 -305232 0 4657 -305232 1
gene 3 9 380 -362514 0 4725 -362514 1
gene 2 12 1622 234180 0 4831 234180 1
gene 2 1622 188 -241272 0 4832 -241272 1
gene 4 453 453 -99246 1 4965 -99246 0
gene 2 8 1712 236181 0 5099 236181 1
gene 2 1712 15 60072 0 5100 60072 0
gene 1 6 1847 322491 0 5495 322491 1
gene 1 1847 272 268758 0 5496 268758 1
gene 3 9 1890 482217 0 5636 482217 0
gene 3 1890 14 -800000 0 5637 -800000 1
gene 4 1116 13 -471528 0 5838 -471528 1
gene 1 9 1712 380127 0 5937 380127 1
gene 1 24 2011 -43173 1 5985 -43173 1
gene 1 2011 469 -42537 0 5986 -42537 1
gene 2 1712 2035 -283704 0 6047 -283704 0
gene 2 2035 15 -152652 0 6048 -152652 1
gene 3 927 1084 -6255 0 6090 -6255 1
gene 4 1847 453 -191703 0 6145 -191703 1
gene 2 1712 2119 121326 0 6302 121326 1
gene 2 2119 2035 -68169 0 6303 -68169 1
gene 3 9 2161 -539760 0 6421 -539760 1
gene 3 2161 1890 272397 0 6422 272397 0
gene 4 453 2179 38160 1 6471 38160 1
gene 4 2179 453 190527 0 6472 190527 1
gene 4 7 2221 -800000 0 6590 -800000 1
gene 4 2221 15 187926 0 6591 187926 0
gene 2 393 2347 179598 0 6963 179598 1
gene 2 2347 380 140007 0 6964 140007 1
gene 2 729 188 231423 0 7008 231423 1
gene 2 6 2379 14340 0 7058 14340 1
gene 2 2379 15 315594 0 7059 315594 1
gene 3 557 1116 150906 0 7304 150906 1
gene 1 557 1712 -43125 0 7456 -43125 1
gene 1 2347 2347 446949 1 7587 446949 1
gene 4 2221 2575 -206255 0 7627 -206255 1
gene 4 2575 15 706884 0 7628 706884 1
gene 3 2161 2588 27231 0 7674 27231 1
gene 3 2588 1890 694509 0 7675 694509 1
gene 1 15 2609 90709 0 7733 90709 1
gene 1 2609 380 -182559 0 7734 -182559 1
gene 4 4 2119 -144894 0 7785 -144894 1
gene 2 2588 2035 -127687 0 7888 -127687 1
gene 1 1295 2713 1 0 8030 1 1
gene 1 2713 24 -229362 0 8031 -229362 1
gene 4 24 2747 1 0 8135 0 1
gene 4 2747 13 124596 0 8136 0 1
genomeend 46


/* Organism #48 Fitness: 360.000000 Time: 0 */
/* Position #48*/
#1 x: 35 y: 29
#2 x: 63 y: 35
#3 x: 50 y: 16
#4 x: 30 y: 70
#5 x: 15 y: 73
#6 x: 63 y: 78
genomestart 48
trait 1 100000.000000 0.000000 0.000000 0.000000 0.000000 0.000000 0.000000 0.000000 trait 2 52534.000000 91990.000000 0.000000 100000.000000 0.000000 0.000000 0.000000 0.000000 trait 3 21555.000000 0.000000 74217.000000 0.000000 72769.000000 0.000000 0.000000 0.000000 trait 4 4.000000 0.000000 0.000000 0.000000 0.000000 0.000000 0.000000 0.000000 node 1 1 1 3
node 2 2 1 1
node 3 4 1 1
node 4 4 1 1
node 5 1 1 1
node 6 4 1 1
node 7 3 1 1
node 8 3 1 1
node 9 3 1 1
node 10 4 1 1
node 11 4 1 1
node 12 1 1 1
node 13 1 0 2
node 14 2 0 2
node 15 4 0 2
node 24 1 0 0
node 188 3 0 0
node 222 1 0 0
node 272 1 0 0
node 301 1 0 0
node 380 2 0 0
node 393 1 0 0
node 453 4 0 0
node 469 1 0 0
node 557 1 0 0
node 729 1 0 0
node 875 1 0 0
node 927 1 0 0
node 1021 1 0 0
node 1084 1 0 0
node 1116 1 0 0
node 1234 1 0 0
node 1295 1 0 0
node 1374 1 0 0
node 1496 1 0 0
node 1522 1 0 0
node 1622 1 0 0
node 1712 1 0 0
node 1847 1 0 0
node 1890 1 0 0
node 2011 1 0 0
node 2035 1 0 0
node 2119 1 0 0
node 2161 1 0 0
node 2179 3 0 0
node 2221 1 0 0
node 2347 1 0 0
node 2379 1 0 0
node 2575 1 0 0
node 2588 1 0 0
node 2609 1 0 0
node 2713 1 0 0
gene 1 1 13 -33750 0 1 -33750 1
gene 2 2 13 317226 0 2 317226 1
gene 2 3 13 -252456 0 3 -252456 1
gene 4 4 13 370923 0 4 370923 0
gene 3 5 13 -589086 0 5 -589086 1
gene 1 6 13 -404213 0 6 -404213 1
gene 3 7 13 40137 0 7 40137 1
gene 1 8 13 496884 0 8 496884 0
gene 4 9 13 800000 0 9 800000 1
gene 2 10 13 -212376 0 10 -212376 1
gene 3 11 13 -31476 0 11 -31476 1
gene 4 12 13 -800000 0 12 -800000 1
gene 1 1 14 -181176 0 13 -181176 1
gene 1 2 14 181291 0 14 181291 1
gene 2 3 14 168645 0 15 168645 1
gene 2 4 14 -237720 0 16 -237720 1
gene 1 5 14 511131 0 17 511131 1
gene 2 6 14 529184 0 18 529184 0
gene 3 7 14 122955 0 19 122955 0
gene 3 8 14 -6501 0 20 -6501 1
gene 3 9 14 210360 0 21 210360 0
gene 2 10 14 327615 0 22 327615 1
gene 3 11 14 346374 0 23 346374 1
gene 2 12 14 289455 0 24 289455 1
gene 2 1 15 93795 0 25 93795 1
gene 3 2 15 24444 0 26 24444 1
gene 4 3 15 -521112 0 27 -521112 0
gene 1 4 15 -247413 0 28 -247413 0
gene 4 5 15 5448 0 29 5448 1
gene 2 6 15 -562215 0 30 -562215 0
gene 4 7 15 -568160 0 31 -568160 0
gene 2 8 15 -450246 0 32 -450246 0
gene 2 9 15 65376 0 33 65376 0
gene 2 10 15 -293583 0 34 -293583 1
gene 3 11 15 -218652 0 35 -218652 1
gene 2 12 15 168069 0 36 168069 0
gene 4 4 24 -371555 0 62 -371555 1
gene 4 24 13 369129 0 63 369129 1
gene 1 24 24 434736 1 127 434736 0
gene 3 15 13 74127 0 293 74127 1
gene 2 7 24 385113 0 408 385113 0
gene 3 7 188 -123549 0 526 -123549 1
gene 3 188 14 250896 0 527 250896 1
gene 2 9 222 421152 0 645 421152 0
gene 2 222 15 701648 0 646 701648 1
gene 3 3 272 -23423 0 798 -23423 1
gene 3 272 15 -216870 0 799 -216870 0
gene 2 3 24 -514313 0 850 -514313 1
gene 1 24 301 409857 1 893 409857 0
gene 1 301 24 800000 0 894 800000 0
gene 1 188 188 -211788 1 934 -211788 1
gene 3 4 188 -270834 0 1080 -270834 1
gene 2 6 380 -285168 0 1115 -285168 1
gene 2 380 14 -389436 0 1116 -389436 1
gene 1 4 393 -226560 0 1157 -226560 1
gene 1 393 15 557629 0 1158 557629 1
gene 1 15 380 194700 0 1196 194700 0
gene 2 12 188 -251280 0 1302 -251280 0
gene 2 9 453 -459837 0 1346 -459837 1
gene 2 453 222 -540147 0 1347 -540147 1
gene 1 24 469 222750 1 1394 222750 0
gene 1 469 301 -487893 0 1395 -487893 0
gene 3 222 24 752841 0 1576 752841 1
gene 4 3 188 185352 0 1616 185352 1
gene 3 272 557 120822 0 1666 120822 1
gene 1 557 15 169506 0 1667 169506 0
gene 1 6 272 638517 0 1830 638517 0
gene 4 12 380 -146475 0 1879 -146475 0
gene 1 469 729 107541 0 2197 107541 1
gene 1 729 301 537567 0 2198 537567 1
gene 2 14 301 -464429 0 2244 -464429 1
gene 1 188 380 196485 0 2284 196485 1
gene 3 8 875 -340992 0 2630 -340992 0
gene 1 875 13 -159390 0 2631 -159390 1
gene 4 12 927 -357582 0 2791 -357582 1
gene 4 927 380 230982 0 2792 230982 1
gene 2 393 380 800000 0 3014 800000 0
gene 2 7 1021 258906 0 3066 258906 1
gene 2 1021 24 467441 0 3067 467441 1
gene 1 8 1084 -248598 0 3243 -248598 0
gene 1 1084 875 576489 0 3244 576489 0
gene 4 188 927 -115962 0 3297 -115962 1
gene 1 1084 1116 -800000 0 3335 -800000 1
gene 1 1116 875 646793 0 3336 646793 0
gene 1 222 469 56382 0 3394 56382 1
gene 1 8 1234 -709007 0 3693 -709007 1
gene 1 1234 1084 -741530 0 3694 -741530 1
gene 1 301 1295 -466563 0 3863 -466563 1
gene 1 1295 24 -115296 0 3864 -115296 0
gene 1 2 393 -800000 0 3943 -800000 1
gene 4 1084 1084 -158391 1 4053 -158391 1
gene 3 1295 1084 -163968 0 4076 -163968 1
gene 1 1116 1374 224469 0 4119 224469 1
gene 1 1374 875 106890 0 4120 106890 1
gene 2 272 1084 -211311 0 4218 -211311 1
gene 2 12 1496 -199593 0 4474 -199593 1
gene 2 1496 15 -471267 0 4475 -471267 1
gene 1 557 1522 -641435 0 4546 -641435 1
gene 1 1522 15 -644027 0 4547 -644027 1
gene 3 1116 1021 -427410 0 4657 -427410 1
gene 3 9 380 -260838 0 4725 -260838 1
gene 2 12 1622 253509 0 4831 253509 1
gene 2 1622 188 -495741 0 4832 -495741 1
gene 4 453 453 75363 1 4965 75363 0
gene 2 8 1712 384093 0 5099 384093 1
gene 2 1712 15 -43953 0 5100 -43953 0
gene 1 6 1847 397326 0 5495 397326 1
gene 1 1847 272 384456 0 5496 384456 1
gene 3 9 1890 607458 0 5636 607458 0
gene 3 1890 14 -800000 0 5637 -800000 1
gene 4 1116 13 -250635 0 5838 -250635 1
gene 1 9 1712 632646 0 5937 632646 1
gene 1 24 2011 -147819 1 5985 -147819 1
gene 1 2011 469 190440 0 5986 190440 1
gene 2 1712 2035 -332073 0 6047 -332073 0
gene 2 2035 15 88479 0 6048 88479 1
gene 3 927 1084 -6255 0 6090 -6255 1
gene 4 1847 453 -191703 0 6145 -191703 1
gene 2 1712 2119 11742 0 6302 11742 1
gene 2 2119 2035 -311199 0 6303 -311199 1
gene 3 9 2161 -539760 0 6421 -539760 1
gene 3 2161 1890 569160 0 6422 569160 0
gene 4 453 2179 -236565 1 6471 -236565 1
gene 4 2179 453 105246 0 6472 105246 1
gene 4 7 2221 -768650 0 6590 -768650 1
gene 4 2221 15 51735 0 6591 51735 0
gene 2 393 2347 258510 0 6963 258510 1
gene 2 2347 380 -73056 0 6964 -73056 1
gene 2 729 188 -163788 0 7008 -163788 1
gene 2 6 2379 216138 0 7058 216138 1
gene 2 2379 15 315594 0 7059 315594 1
gene 3 557 1116 150906 0 7304 150906 1
gene 1 557 1712 -43125 0 7456 -43125 1
gene 1 2347 2347 536526 1 7587 536526 1
gene 4 2221 2575 -197624 0 7627 -197624 1
gene 4 2575 15 706884 0 7628 706884 1
gene 3 2161 2588 15048 0 7674 15048 1
gene 3 2588 1890 694509 0 7675 694509 1
gene 1 15 2609 90709 0 7733 90709 1
gene 1 2609 380 -110997 0 7734 -110997 1
gene 4 4 2119 -91536 0 7785 -91536 1
gene 2 2588 2035 -36403 0 7888 -36403 1
gene 1 1295 2713 1 0 8030 1 1
gene 1 2713 24 -229362 0 8031 -229362 1
genomeend 48


/* Organism #64 Fitness: 280.000000 Time: 0 */
/* Position #64*/
#1 x: 85 y: 36
#2 x: 51 y: 33
#3 x: 84 y: 36
#4 x: 54 y: 84
#5 x: 59 y: 77
#6 x: 45 y: 85
genomestart 64
trait 1 100000.000000 0.000000 0.000000 0.000000 0.000000 0.000000 0.000000 0.000000 trait 2 52534.000000 91990.000000 0.000000 100000.000000 0.000000 0.000000 0.000000 0.000000 trait 3 21555.000000 0.000000 74217.000000 0.000000 72769.000000 0.000000 0.000000 0.000000 trait 4 4.000000 0.000000 0.000000 0.000000 0.000000 0.000000 0.000000 0.000000 node 1 1 1 3
node 2 2 1 1
node 3 4 1 1
node 4 4 1 1
node 5 1 1 1
node 6 4 1 1
node 7 3 1 1
node 8 3 1 1
node 9 3 1 1
node 10 4 1 1
node 11 4 1 1
node 12 1 1 1
node 13 1 0 2
node 14 2 0 2
node 15 3 0 2
node 24 1 0 0
node 188 3 0 0
node 222 1 0 0
node 272 1 0 0
node 301 1 0 0
node 380 1 0 0
node 393 1 0 0
node 453 4 0 0
node 469 1 0 0
node 557 1 0 0
node 729 1 0 0
node 875 1 0 0
node 927 1 0 0
node 1021 1 0 0
node 1084 1 0 0
node 1116 1 0 0
node 1234 1 0 0
node 1295 1 0 0
node 1374 1 0 0
node 1496 1 0 0
node 1522 1 0 0
node 1622 1 0 0
node 1712 1 0 0
node 1847 1 0 0
node 1890 1 0 0
node 2011 1 0 0
node 2035 1 0 0
node 2119 1 0 0
node 2161 1 0 0
node 2179 3 0 0
node 2221 1 0 0
node 2347 1 0 0
node 2379 1 0 0
node 2528 1 0 0
node 2670 1 0 0
node 2705 1 0 0
gene 1 1 13 -464439 0 1 -464439 1
gene 2 2 13 -563790 0 2 -563790 1
gene 2 3 13 362025 0 3 362025 1
gene 4 4 13 -622356 0 4 -622356 0
gene 3 5 13 11301 0 5 11301 1
gene 1 6 13 26103 0 6 26103 1
gene 3 7 13 -486041 0 7 -486041 1
gene 1 8 13 -234879 0 8 -234879 0
gene 4 9 13 -322941 0 9 -322941 1
gene 2 10 13 126129 0 10 126129 1
gene 3 11 13 -14124 0 11 -14124 1
gene 4 12 13 220314 0 12 220314 0
gene 1 1 14 -605805 0 13 -605805 1
gene 1 2 14 466855 0 14 466855 1
gene 2 3 14 253716 0 15 253716 1
gene 2 4 14 -262971 0 16 -262971 1
gene 1 5 14 520269 0 17 520269 1
gene 2 6 14 107970 0 18 107970 0
gene 3 7 14 -537420 0 19 -537420 0
gene 3 8 14 -334020 0 20 -334020 1
gene 3 9 14 -510231 0 21 -510231 0
gene 2 10 14 -167151 0 22 -167151 1
gene 3 11 14 -665615 0 23 -665615 1
gene 2 12 14 -800000 0 24 -800000 1
gene 2 1 15 -800000 0 25 -800000 1
gene 3 2 15 -548846 0 26 -548846 1
gene 4 3 15 -586347 0 27 -586347 0
gene 1 4 15 412788 0 28 412788 0
gene 4 5 15 -281451 0 29 -281451 1
gene 4 6 15 -150823 0 30 -150823 0
gene 2 7 15 670764 0 31 670764 0
gene 2 8 15 469872 0 32 469872 0
gene 2 9 15 345480 0 33 345480 0
gene 2 10 15 -73860 0 34 -73860 1
gene 3 11 15 -159099 0 35 -159099 1
gene 2 12 15 -362187 0 36 -362187 0
gene 4 4 24 -623012 0 62 -623012 1
gene 4 24 13 181326 0 63 181326 1
gene 1 24 24 602571 1 127 602571 0
gene 3 15 13 -237501 0 293 -237501 1
gene 2 7 24 128889 0 408 128889 0
gene 3 7 188 559407 0 526 559407 1
gene 3 188 14 159903 0 527 159903 1
gene 2 9 222 -800000 0 645 -800000 0
gene 2 222 15 -365124 0 646 -365124 1
gene 3 3 272 -74220 0 798 -74220 1
gene 3 272 15 213741 0 799 213741 0
gene 2 3 24 -800000 0 850 -800000 1
gene 1 24 301 -524238 1 893 -524238 0
gene 1 301 24 -800000 0 894 -800000 0
gene 1 188 188 147642 1 934 147642 0
gene 3 4 188 -792608 0 1080 -792608 1
gene 2 6 380 299682 0 1115 299682 1
gene 2 380 14 -7893 0 1116 -7893 1
gene 1 4 393 -57330 0 1157 -57330 1
gene 1 393 15 -598416 0 1158 -598416 1
gene 1 15 380 -800000 0 1196 -800000 1
gene 2 12 188 138111 0 1302 138111 0
gene 2 9 453 -223581 0 1346 -223581 1
gene 2 453 222 -800000 0 1347 -800000 1
gene 1 24 469 -22851 1 1394 -22851 0
gene 2 469 301 -519054 0 1395 -519054 0
gene 3 222 24 207120 0 1576 207120 1
gene 4 3 188 645444 0 1616 645444 1
gene 3 272 557 72616 0 1666 72616 1
gene 1 557 15 -530144 0 1667 -530144 0
gene 1 6 272 -139488 0 1830 -139488 0
gene 4 12 380 -112818 0 1879 -112818 0
gene 1 469 729 670035 0 2197 670035 1
gene 1 729 301 -25494 0 2198 -25494 1
gene 2 14 301 439095 0 2244 439095 1
gene 1 188 380 -446058 0 2284 -446058 1
gene 3 8 875 -46596 0 2630 -46596 0
gene 1 875 13 153015 0 2631 153015 1
gene 4 12 927 471201 0 2791 471201 1
gene 4 927 380 376716 0 2792 376716 1
gene 2 393 380 118575 0 3014 118575 0
gene 2 7 1021 762480 0 3066 762480 1
gene 2 1021 24 246420 0 3067 246420 1
gene 1 8 1084 97419 0 3243 97419 0
gene 1 1084 875 -370701 0 3244 -370701 0
gene 4 188 927 171060 0 3297 171060 0
gene 1 1084 1116 -31767 0 3335 -31767 1
gene 1 1116 875 552896 0 3336 552896 0
gene 1 222 469 14712 0 3394 14712 1
gene 1 8 1234 -140211 0 3693 -140211 1
gene 1 1234 1084 41898 0 3694 41898 1
gene 1 301 1295 510333 0 3863 510333 1
gene 1 1295 24 142599 0 3864 142599 1
gene 1 2 393 -276204 0 3943 -276204 1
gene 4 1084 1084 226455 1 4053 226455 1
gene 3 1295 1084 73608 0 4076 73608 1
gene 1 1116 1374 -458775 0 4119 -458775 1
gene 1 1374 875 -654554 0 4120 -654554 1
gene 2 272 1084 -215625 0 4218 -215625 1
gene 2 12 1496 420549 0 4474 420549 1
gene 2 1496 15 91881 0 4475 91881 1
gene 1 557 1522 36675 0 4546 36675 1
gene 1 1522 15 544338 0 4547 544338 1
gene 3 1116 1021 45531 0 4657 45531 1
gene 3 9 380 216507 0 4725 216507 1
gene 2 12 1622 -154767 0 4831 -154767 1
gene 2 1622 188 -111288 0 4832 -111288 1
gene 4 453 453 -289932 1 4965 -289932 0
gene 2 8 1712 -26073 0 5099 -26073 1
gene 2 1712 15 756149 0 5100 756149 0
gene 1 6 1847 232716 0 5495 232716 1
gene 1 1847 272 214929 0 5496 214929 1
gene 3 9 1890 130587 0 5636 130587 0
gene 3 1890 14 245583 0 5637 245583 1
gene 4 1116 13 -402290 0 5838 -402290 1
gene 1 9 1712 268527 0 5937 268527 1
gene 1 24 2011 -307080 1 5985 -307080 1
gene 1 2011 469 -248817 0 5986 -248817 1
gene 2 1712 2035 79554 0 6047 79554 0
gene 2 2035 15 -270474 0 6048 -270474 1
gene 3 927 1084 -66786 0 6090 -66786 1
gene 4 1847 453 196452 0 6145 196452 1
gene 2 1712 2119 381369 0 6302 381369 1
gene 2 2119 2035 73755 0 6303 73755 1
gene 3 9 2161 26448 0 6421 26448 1
gene 3 2161 1890 -248517 0 6422 -248517 1
gene 4 453 2179 287871 1 6471 287871 1
gene 4 2179 453 -317691 0 6472 -317691 1
gene 4 7 2221 116937 0 6590 116937 1
gene 4 2221 15 -203439 0 6591 -203439 1
gene 2 393 2347 -1950 0 6963 -1950 1
gene 2 2347 380 -511445 0 6964 -511445 1
gene 2 729 188 86847 0 7008 86847 1
gene 2 6 2379 800000 0 7058 800000 1
gene 2 2379 15 -97605 0 7059 -97605 1
gene 4 188 2528 130512 0 7472 130512 1
gene 4 2528 927 -212145 0 7473 -212145 1
gene 4 12 2670 62716 0 7902 62716 1
gene 4 2670 13 277794 0 7903 277794 1
gene 3 8 2528 68422 0 7948 68422 1
gene 1 188 2705 -47559 1 8007 -47559 1
gene 1 2705 188 -385038 0 8008 -385038 1
genomeend 64


/* Organism #66 Fitness: 440.000000 Time: 0 */
/* Position #66*/
#1 x: 19 y: 39
#2 x: 41 y: 30
#3 x: 75 y: 24
#4 x: 37 y: 69
#5 x: 76 y: 70
#6 x: 34 y: 74
genomestart 66
trait 1 100000.000000 0.000000 0.000000 0.000000 0.000000 0.000000 0.000000 0.000000 trait 2 52534.000000 91990.000000 0.000000 100000.000000 0.000000 0.000000 0.000000 0.000000 trait 3 67594.000000 55681.000000 0.000000 73324.000000 100000.000000 41159.000000 0.000000 0.000000 trait 4 4.000000 0.000000 0.000000 0.000000 0.000000 0.000000 0.000000 0.000000 node 1 1 1 3
node 2 2 1 1
node 3 4 1 1
node 4 4 1 1
node 5 1 1 1
node 6 4 1 1
node 7 3 1 1
node 8 3 1 1
node 9 3 1 1
node 10 4 1 1
node 11 4 1 1
node 12 1 1 1
node 13 1 0 2
node 14 2 0 2
node 15 4 0 2
node 24 1 0 0
node 188 3 0 0
node 222 1 0 0
node 272 1 0 0
node 301 1 0 0
node 380 1 0 0
node 393 1 0 0
node 453 4 0 0
node 469 1 0 0
node 557 1 0 0
node 729 1 0 0
node 875 1 0 0
node 927 1 0 0
node 1021 1 0 0
node 1084 1 0 0
node 1116 1 0 0
node 1234 1 0 0
node 1295 1 0 0
node 1374 1 0 0
node 1496 1 0 0
node 1522 1 0 0
node 1622 1 0 0
node 1712 1 0 0
node 1847 1 0 0
node 1890 1 0 0
node 2011 1 0 0
node 2035 1 0 0
node 2119 1 0 0
node 2161 1 0 0
node 2179 1 0 0
node 2221 1 0 0
node 2397 1 0 0
node 2505 1 0 0
node 2547 1 0 0
node 2578 1 0 0
node 2618 1 0 0
node 2697 1 0 0
node 2712 1 0 0
gene 1 1 13 -290301 0 1 -290301 1
gene 2 2 13 -17472 0 2 -17472 1
gene 2 3 13 549564 0 3 549564 1
gene 2 4 13 -223908 0 4 -223908 0
gene 3 5 13 432486 0 5 432486 1
gene 1 6 13 -184799 0 6 -184799 1
gene 3 7 13 -235698 0 7 -235698 1
gene 1 8 13 -35289 0 8 -35289 0
gene 4 9 13 -102627 0 9 -102627 1
gene 2 10 13 -490151 0 10 -490151 1
gene 3 11 13 268920 0 11 268920 1
gene 4 12 13 -129861 0 12 -129861 1
gene 1 1 14 291279 0 13 291279 1
gene 1 2 14 -75255 0 14 -75255 1
gene 2 3 14 265065 0 15 265065 1
gene 2 4 14 -155892 0 16 -155892 1
gene 1 5 14 -3858 0 17 -3858 1
gene 2 6 14 38361 0 18 38361 0
gene 3 7 14 -131283 0 19 -131283 0
gene 3 8 14 -17556 0 20 -17556 1
gene 3 9 14 -396651 0 21 -396651 0
gene 2 10 14 -415740 0 22 -415740 1
gene 3 11 14 -216111 0 23 -216111 0
gene 2 12 14 -603752 0 24 -603752 1
gene 2 1 15 800000 0 25 800000 1
gene 3 2 15 -285336 0 26 -285336 1
gene 4 3 15 -213267 0 27 -213267 0
gene 1 4 15 157677 0 28 157677 0
gene 4 5 15 -54414 0 29 -54414 1
gene 2 6 15 363924 0 30 363924 1
gene 4 7 15 320448 0 31 320448 0
gene 2 8 15 -800000 0 32 -800000 0
gene 2 9 15 294714 0 33 294714 0
gene 2 10 15 -95529 0 34 -95529 1
gene 3 11 15 -239892 0 35 -239892 1
gene 2 12 15 128865 0 36 128865 0
gene 4 4 24 550360 0 62 550360 1
gene 3 24 13 -559542 0 63 -559542 1
gene 1 24 24 -62646 1 127 -62646 0
gene 3 15 13 214308 0 293 214308 1
gene 2 7 24 6771 0 408 6771 0
gene 3 7 188 153276 0 526 153276 1
gene 3 188 14 -650913 0 527 -650913 1
gene 2 9 222 98823 0 645 98823 0
gene 2 222 15 -228366 0 646 -228366 1
gene 3 3 272 -377004 0 798 -377004 1
gene 3 272 15 171195 0 799 171195 0
gene 3 3 24 173382 0 850 173382 1
gene 1 24 301 272694 1 893 272694 0
gene 1 301 24 -224148 0 894 -224148 0
gene 1 188 188 -324327 1 934 -324327 1
gene 3 4 188 -84174 0 1080 -84174 1
gene 2 6 380 231819 0 1115 231819 1
gene 2 380 14 63672 0 1116 63672 1
gene 1 4 393 -96306 0 1157 -96306 1
gene 1 393 15 -271908 0 1158 -271908 1
gene 1 15 380 -12717 0 1196 -12717 1
gene 2 12 188 292884 0 1302 292884 0
gene 2 9 453 285264 0 1346 285264 1
gene 2 453 222 -69369 0 1347 -69369 1
gene 1 24 469 501212 1 1394 501212 0
gene 1 469 301 10026 0 1395 10026 0
gene 3 222 24 8955 0 1576 8955 1
gene 4 3 188 335253 0 1616 335253 1
gene 3 272 557 -129207 0 1666 -129207 1
gene 1 557 15 175458 0 1667 175458 0
gene 1 6 272 -307380 0 1830 -307380 0
gene 4 12 380 181455 0 1879 181455 0
gene 1 469 729 -39705 0 2197 -39705 1
gene 1 729 301 -32256 0 2198 -32256 1
gene 2 14 301 437481 0 2244 437481 0
gene 1 188 380 -565665 0 2284 -565665 1
gene 3 8 875 -119148 0 2630 -119148 0
gene 1 875 13 155649 0 2631 155649 1
gene 4 12 927 15915 0 2791 15915 1
gene 4 927 380 -139503 0 2792 -139503 1
gene 2 393 380 -234243 0 3014 -234243 1
gene 2 7 1021 49764 0 3066 49764 1
gene 2 1021 24 -34119 0 3067 -34119 1
gene 1 8 1084 800000 0 3243 800000 0
gene 1 1084 875 244590 0 3244 244590 0
gene 4 188 927 14658 0 3297 14658 1
gene 1 1084 1116 -242772 0 3335 -242772 1
gene 1 1116 875 800000 0 3336 800000 0
gene 1 222 469 -427902 0 3394 -427902 1
gene 1 8 1234 -695009 0 3693 -695009 1
gene 1 1234 1084 618116 0 3694 618116 1
gene 1 301 1295 278874 0 3863 278874 1
gene 1 1295 24 -549930 0 3864 -549930 1
gene 1 2 393 -189237 0 3943 -189237 1
gene 4 1084 1084 246123 1 4053 246123 1
gene 3 1295 1084 86394 0 4076 86394 1
gene 1 1116 1374 -263013 0 4119 -263013 1
gene 1 1374 875 -122820 0 4120 -122820 1
gene 2 272 1084 -311967 0 4218 -311967 1
gene 2 12 1496 49503 0 4474 49503 1
gene 2 1496 15 -226086 0 4475 -226086 1
gene 1 557 1522 124788 0 4546 124788 1
gene 1 1522 15 28680 0 4547 28680 1
gene 3 1116 1021 -419865 0 4657 -419865 0
gene 3 9 380 -579455 0 4725 -579455 1
gene 2 12 1622 51054 0 4831 51054 0
gene 2 1622 188 -396162 0 4832 -396162 1
gene 4 453 453 107709 1 4965 107709 0
gene 2 8 1712 91386 0 5099 91386 1
gene 2 1712 15 -299892 0 5100 -299892 0
gene 1 6 1847 -373920 0 5495 -373920 1
gene 1 1847 272 21648 0 5496 21648 1
gene 3 9 1890 474450 0 5636 474450 0
gene 3 1890 14 126702 0 5637 126702 1
gene 4 1116 13 -172737 0 5838 -172737 1
gene 1 9 1712 -368865 0 5937 -368865 1
gene 1 24 2011 82836 1 5985 82836 1
gene 1 2011 469 466716 0 5986 466716 1
gene 2 1712 2035 172296 0 6047 172296 0
gene 2 2035 15 390098 0 6048 390098 1
gene 3 927 1084 -279348 0 6090 -279348 0
gene 4 1847 453 412512 0 6145 412512 1
gene 2 1712 2119 -293550 0 6302 -293550 1
gene 2 2119 2035 -460200 0 6303 -460200 1
gene 3 9 2161 346854 0 6421 346854 1
gene 3 2161 1890 -587832 0 6422 -587832 0
gene 4 453 2179 -242466 1 6471 -242466 1
gene 4 2179 453 -29928 0 6472 -29928 1
gene 4 7 2221 -160785 0 6590 -160785 0
gene 4 2221 15 -567567 0 6591 -567567 1
gene 2 1295 1021 78813 0 6920 78813 1
gene 4 2011 393 -567144 0 7009 -567144 1
gene 3 1295 557 -524859 1 7060 -524859 1
gene 3 11 2397 -145689 0 7109 -145689 1
gene 3 2397 14 191868 0 7110 191868 1
gene 3 469 272 800000 0 7207 800000 1
gene 2 14 2505 295716 0 7409 295716 1
gene 2 2505 301 64191 0 7410 64191 1
gene 4 7 2547 434581 0 7531 434581 1
gene 4 2547 2221 -65499 0 7532 -65499 1
gene 3 927 2578 165609 0 7639 165609 1
gene 3 2578 1084 -202704 0 7640 -202704 1
gene 2 12 2618 -331623 0 7758 -331623 1
gene 2 2618 1622 -433803 0 7759 -433803 1
gene 3 2161 2697 103234 0 7981 103234 1
gene 3 2697 1890 -96126 0 7982 -96126 1
gene 3 1116 2712 157516 0 8023 157516 1
gene 3 2712 1021 -525999 0 8024 -525999 1
genomeend 66


/* Organism #74 Fitness: 480.000000 Time: 0 */
/* Position #74*/
#1 x: 67 y: 32
#2 x: 26 y: 35
#3 x: 17 y: 24
#4 x: 25 y: 77
#5 x: 56 y: 61
#6 x: 53 y: 63
genomestart 74
trait 1 100000.000000 0.000000 0.000000 0.000000 0.000000 0.000000 0.000000 0.000000 trait 2 52534.000000 91990.000000 0.000000 100000.000000 0.000000 0.000000 0.000000 0.000000 trait 3 21555.000000 0.000000 74217.000000 0.000000 72769.000000 0.000000 0.000000 0.000000 trait 4 4.000000 0.000000 0.000000 0.000000 0.000000 0.000000 0.000000 0.000000 node 1 1 1 3
node 2 2 1 1
node 3 4 1 1
node 4 4 1 1
node 5 1 1 1
node 6 4 1 1
node 7 3 1 1
node 8 3 1 1
node 9 3 1 1
node 10 4 1 1
node 11 4 1 1
node 12 1 1 1
node 13 1 0 2
node 14 2 0 2
node 15 4 0 2
node 24 1 0 0
node 188 3 0 0
node 222 1 0 0
node 272 1 0 0
node 301 1 0 0
node 380 1 0 0
node 393 1 0 0
node 453 4 0 0
node 469 1 0 0
node 557 1 0 0
node 729 1 0 0
node 875 1 0 0
node 927 1 0 0
node 1021 1 0 0
node 1084 1 0 0
node 1116 1 0 0
node 1234 1 0 0
node 1295 1 0 0
node 1374 1 0 0
node 1496 1 0 0
node 1522 1 0 0
node 1622 1 0 0
node 1712 1 0 0
node 1847 1 0 0
node 1890 1 0 0
node 2011 1 0 0
node 2035 1 0 0
node 2119 1 0 0
node 2161 1 0 0
node 2179 1 0 0
node 2221 1 0 0
node 2397 1 0 0
node 2505 1 0 0
node 2547 1 0 0
node 2578 1 0 0
node 2618 1 0 0
node 2697 1 0 0
node 2712 1 0 0
gene 1 1 13 90066 0 1 90066 1
gene 2 2 13 197241 0 2 197241 1
gene 2 3 13 684084 0 3 684084 1
gene 2 4 13 -76953 0 4 -76953 0
gene 3 5 13 -132189 0 5 -132189 1
gene 1 6 13 -511283 0 6 -511283 1
gene 3 7 13 14787 0 7 14787 1
gene 1 8 13 -619671 0 8 -619671 0
gene 4 9 13 455172 0 9 455172 1
gene 2 10 13 -270657 0 10 -270657 1
gene 3 11 13 230247 0 11 230247 1
gene 4 12 13 -150009 0 12 -150009 1
gene 1 1 14 -9060 0 13 -9060 1
gene 1 2 14 262212 0 14 262212 1
gene 2 3 14 171384 0 15 171384 1
gene 2 4 14 49797 0 16 49797 1
gene 1 5 14 224064 0 17 224064 1
gene 2 6 14 -673355 0 18 -673355 0
gene 3 7 14 -546246 0 19 -546246 0
gene 3 8 14 20616 0 20 20616 1
gene 3 9 14 96738 0 21 96738 0
gene 2 10 14 -95697 0 22 -95697 1
gene 3 11 14 90156 0 23 90156 0
gene 2 12 14 -662588 0 24 -662588 1
gene 2 1 15 800000 0 25 800000 1
gene 3 2 15 -186912 0 26 -186912 1
gene 4 3 15 48030 0 27 48030 0
gene 1 4 15 -71399 0 28 -71399 0
gene 4 5 15 -369627 0 29 -369627 1
gene 2 6 15 -98607 0 30 -98607 1
gene 4 7 15 -510030 0 31 -510030 0
gene 2 8 15 333015 0 32 333015 0
gene 2 9 15 371061 0 33 371061 0
gene 2 10 15 80760 0 34 80760 1
gene 3 11 15 780639 0 35 780639 1
gene 2 12 15 421098 0 36 421098 0
gene 4 4 24 465424 0 62 465424 1
gene 3 24 13 -404274 0 63 -404274 1
gene 1 24 24 -800000 1 127 -800000 0
gene 3 15 13 52944 0 293 52944 1
gene 2 7 24 212796 0 408 212796 0
gene 3 7 188 166302 0 526 166302 1
gene 3 188 14 -408441 0 527 -408441 1
gene 2 9 222 -176169 0 645 -176169 0
gene 2 222 15 -151203 0 646 -151203 1
gene 3 3 272 45432 0 798 45432 1
gene 3 272 15 215490 0 799 215490 0
gene 3 3 24 -297834 0 850 -297834 1
gene 1 24 301 384978 1 893 384978 0
gene 1 301 24 -178506 0 894 -178506 0
gene 1 188 188 50709 1 934 50709 1
gene 3 4 188 372468 0 1080 372468 1
gene 2 6 380 333021 0 1115 333021 1
gene 2 380 14 -204891 0 1116 -204891 1
gene 1 4 393 -293928 0 1157 -293928 1
gene 1 393 15 -504945 0 1158 -504945 1
gene 1 15 380 66432 0 1196 66432 1
gene 2 12 188 358233 0 1302 358233 0
gene 2 9 453 467649 0 1346 467649 1
gene 2 453 222 11748 0 1347 11748 1
gene 1 24 469 65133 1 1394 65133 0
gene 1 469 301 192948 0 1395 192948 0
gene 3 222 24 122082 0 1576 122082 1
gene 4 3 188 20775 0 1616 20775 1
gene 3 272 557 -702693 0 1666 -702693 1
gene 1 557 15 56475 0 1667 56475 0
gene 1 6 272 -275448 0 1830 -275448 0
gene 4 12 380 151488 0 1879 151488 0
gene 1 469 729 365592 0 2197 365592 1
gene 1 729 301 317730 0 2198 317730 1
gene 2 14 301 -15906 0 2244 -15906 0
gene 1 188 380 -201024 0 2284 -201024 1
gene 3 8 875 221778 0 2630 221778 0
gene 1 875 13 -142173 0 2631 -142173 1
gene 4 12 927 -125868 0 2791 -125868 1
gene 4 927 380 -140352 0 2792 -140352 1
gene 2 393 380 258141 0 3014 258141 1
gene 2 7 1021 15630 0 3066 15630 1
gene 2 1021 24 -93132 0 3067 -93132 1
gene 1 8 1084 297357 0 3243 297357 0
gene 1 1084 875 -96501 0 3244 -96501 0
gene 4 188 927 -33195 0 3297 -33195 1
gene 1 1084 1116 -89913 0 3335 -89913 1
gene 1 1116 875 -27528 0 3336 -27528 0
gene 1 222 469 -388725 0 3394 -388725 1
gene 1 8 1234 -660353 0 3693 -660353 1
gene 1 1234 1084 627224 0 3694 627224 1
gene 1 301 1295 -271158 0 3863 -271158 1
gene 1 1295 24 -800000 0 3864 -800000 1
gene 1 2 393 -317901 0 3943 -317901 1
gene 4 1084 1084 446271 1 4053 446271 1
gene 3 1295 1084 -171234 0 4076 -171234 1
gene 1 1116 1374 -574470 0 4119 -574470 1
gene 1 1374 875 -157536 0 4120 -157536 1
gene 2 272 1084 -479520 0 4218 -479520 1
gene 2 12 1496 -395385 0 4474 -395385 1
gene 2 1496 15 800000 0 4475 800000 1
gene 1 557 1522 369342 0 4546 369342 1
gene 1 1522 15 -315726 0 4547 -315726 1
gene 3 1116 1021 -734487 0 4657 -734487 0
gene 3 9 380 -800000 0 4725 -800000 1
gene 2 12 1622 145029 0 4831 145029 0
gene 2 1622 188 -115254 0 4832 -115254 1
gene 4 453 453 54354 1 4965 54354 0
gene 2 8 1712 181152 0 5099 181152 1
gene 2 1712 15 -380478 0 5100 -380478 0
gene 1 6 1847 -688122 0 5495 -688122 1
gene 1 1847 272 -89184 0 5496 -89184 1
gene 3 9 1890 -218499 0 5636 -218499 0
gene 3 1890 14 -302061 0 5637 -302061 1
gene 4 1116 13 -698616 0 5838 -698616 1
gene 1 9 1712 122205 0 5937 122205 1
gene 1 24 2011 41664 1 5985 41664 1
gene 1 2011 469 171351 0 5986 171351 1
gene 2 1712 2035 -491207 0 6047 -491207 0
gene 2 2035 15 91260 0 6048 91260 1
gene 3 927 1084 -446493 0 6090 -446493 0
gene 4 1847 453 101361 0 6145 101361 1
gene 2 1712 2119 -241287 0 6302 -241287 1
gene 2 2119 2035 -179901 0 6303 -179901 1
gene 3 9 2161 476721 0 6421 476721 1
gene 3 2161 1890 -27987 0 6422 -27987 0
gene 4 453 2179 16593 1 6471 16593 1
gene 4 2179 453 -409455 0 6472 -409455 1
gene 4 7 2221 236142 0 6590 236142 0
gene 4 2221 15 -288213 0 6591 -288213 1
gene 2 1295 1021 257679 0 6920 257679 1
gene 4 2011 393 -88434 0 7009 -88434 1
gene 3 1295 557 -142077 1 7060 -142077 1
gene 3 11 2397 201708 0 7109 201708 1
gene 3 2397 14 -11976 0 7110 -11976 1
gene 3 469 272 615074 0 7207 615074 1
gene 2 14 2505 175689 0 7409 175689 1
gene 2 2505 301 -355836 0 7410 -355836 1
gene 4 7 2547 267781 0 7531 267781 1
gene 4 2547 2221 209793 0 7532 209793 1
gene 3 927 2578 83403 0 7639 83403 1
gene 3 2578 1084 -459762 0 7640 -459762 1
gene 2 12 2618 102192 0 7758 102192 1
gene 2 2618 1622 -659511 0 7759 -659511 1
gene 3 2161 2697 -24656 0 7981 -24656 1
gene 3 2697 1890 110568 0 7982 110568 1
gene 3 1116 2712 -358256 0 8023 -358256 1
gene 3 2712 1021 -612252 0 8024 -612252 1
genomeend 74


