/* Organism #0 Fitness: 140.000000 Time: 0 */
/* Position #0*/
#1 x: 49 y: 37
#2 x: 62 y: 21
#3 x: 49 y: 21
#4 x: 70 y: 77
#5 x: 78 y: 75
#6 x: 84 y: 83
genomestart 0
trait 1 1.000000 0.000000 0.000000 0.000000 0.000000 0.000000 0.000000 0.000000 trait 2 48067.000000 0.000000 62481.000000 0.000000 0.000000 0.000000 26897.000000 16325.000000 trait 3 3.000000 0.000000 0.000000 0.000000 0.000000 0.000000 0.000000 0.000000 trait 4 2.000000 0.000000 18432.000000 0.000000 100000.000000 0.000000 14232.000000 0.000000 node 1 3 1 3
node 2 1 1 1
node 3 4 1 1
node 4 3 1 1
node 5 4 1 1
node 6 3 1 1
node 7 3 1 1
node 8 3 1 1
node 9 1 1 1
node 10 1 1 1
node 11 2 1 1
node 12 2 1 1
node 13 3 0 2
node 14 2 0 2
node 15 1 0 2
node 22 1 0 0
node 48 2 0 0
node 63 1 0 0
node 84 1 0 0
node 190 4 0 0
node 224 1 0 0
node 265 1 0 0
node 328 1 0 0
node 342 1 0 0
node 477 1 0 0
node 585 1 0 0
node 672 1 0 0
node 699 1 0 0
node 766 4 0 0
node 833 1 0 0
node 1058 1 0 0
node 1064 1 0 0
node 1093 1 0 0
node 1149 1 0 0
node 1243 1 0 0
node 1378 1 0 0
node 1462 1 0 0
node 1577 1 0 0
node 1609 1 0 0
node 1631 1 0 0
node 1749 1 0 0
gene 1 1 13 -417960 0 1 -417960 1
gene 1 2 13 -544851 0 2 -544851 0
gene 3 3 13 76752 0 3 76752 0
gene 4 4 13 -287724 0 4 -287724 1
gene 4 5 13 133287 0 5 133287 0
gene 1 6 13 365508 0 6 365508 0
gene 3 7 13 800000 0 7 800000 1
gene 3 8 13 33508 0 8 33508 1
gene 1 9 13 -371678 0 9 -371678 1
gene 4 10 13 -75451 0 10 -75451 1
gene 3 11 13 -475450 0 11 -475450 1
gene 1 12 13 389393 0 12 389393 1
gene 2 1 14 -310877 0 13 -310877 1
gene 1 2 14 -32004 0 14 -32004 1
gene 1 3 14 -34122 0 15 -34122 0
gene 2 4 14 14682 0 16 14682 1
gene 2 5 14 -326712 0 17 -326712 1
gene 3 6 14 595175 0 18 595175 1
gene 4 7 14 62732 0 19 62732 0
gene 4 8 14 74589 0 20 74589 1
gene 2 9 14 -104667 0 21 -104667 1
gene 4 10 14 800000 0 22 800000 0
gene 4 11 14 566759 0 23 566759 1
gene 3 12 14 -600003 0 24 -600003 0
gene 2 1 15 -482235 0 25 -482235 1
gene 2 2 15 317968 0 26 317968 0
gene 4 3 15 800000 0 27 800000 1
gene 4 4 15 284514 0 28 284514 1
gene 1 5 15 -406263 0 29 -406263 1
gene 4 6 15 700754 0 30 700754 0
gene 2 7 15 -365622 0 31 -365622 1
gene 4 8 15 -289420 0 32 -289420 1
gene 1 9 15 84564 0 33 84564 1
gene 3 10 15 658923 0 34 658923 1
gene 3 11 15 -732906 0 35 -732906 1
gene 2 12 15 41804 0 36 41804 1
gene 2 5 22 -44956 0 50 -44956 1
gene 2 22 14 43089 0 51 43089 1
gene 1 6 48 -115209 0 108 -115209 0
gene 1 48 13 33807 0 109 33807 0
gene 1 2 63 514616 0 153 514616 0
gene 1 63 13 381777 0 154 381777 1
gene 1 6 84 522885 0 215 522885 1
gene 1 84 14 14973 0 216 14973 1
gene 3 4 22 394149 0 283 394149 1
gene 3 12 190 -293756 0 501 -293756 1
gene 3 190 14 179202 0 502 179202 1
gene 4 13 22 -20895 0 570 -20895 1
gene 3 190 224 -446493 0 593 -446493 0
gene 3 224 14 672977 0 594 672977 1
gene 3 1 224 144387 0 655 144387 1
gene 1 6 265 100530 0 700 100530 0
gene 1 265 48 -617655 0 701 -617655 1
gene 4 84 190 309252 0 813 309252 1
gene 3 4 328 -229686 0 869 -229686 1
gene 3 328 22 66915 0 870 66915 1
gene 2 7 342 262119 0 912 262119 1
gene 2 342 15 -50259 0 913 -50259 1
gene 4 11 265 -178293 0 1175 -178293 0
gene 4 8 477 -477144 0 1261 -477144 1
gene 4 477 14 800000 0 1262 800000 1
gene 1 14 342 -637644 0 1454 -637644 1
gene 1 63 585 416311 0 1549 416311 0
gene 1 585 13 -557997 0 1550 -557997 1
gene 3 48 15 486102 0 1636 486102 0
gene 1 5 672 33753 0 1789 33753 1
gene 1 672 15 -62787 0 1790 -62787 1
gene 1 12 699 -796883 0 1853 -796883 1
gene 1 699 13 -117810 0 1854 -117810 1
gene 3 11 766 -280644 0 2015 -280644 1
gene 3 766 15 -328467 0 2016 -328467 1
gene 2 2 833 -542465 0 2191 -542465 1
gene 2 833 15 -163377 0 2192 -163377 1
gene 2 766 766 -84796 1 2255 -84796 1
gene 4 10 1058 206970 0 2774 206970 0
gene 4 1058 14 800000 0 2775 800000 1
gene 3 3 1064 86898 0 2788 86898 1
gene 3 1064 13 370683 0 2789 370683 1
gene 3 190 1093 43413 0 2873 43413 1
gene 3 1093 224 747534 0 2874 747534 0
gene 4 10 1149 -60308 0 3020 -60308 1
gene 3 1149 1058 -92613 0 3021 -92613 1
gene 3 6 1243 -401753 0 3277 -401753 1
gene 3 1243 14 430863 0 3278 430863 0
gene 4 7 699 537930 0 3338 537930 1
gene 1 22 265 412977 0 3410 412977 1
gene 2 1149 342 -341769 0 3573 -341769 1
gene 1 6 1378 -264006 0 3624 -264006 1
gene 1 1378 48 115077 0 3625 115077 1
gene 4 672 328 -124659 0 3697 -124659 1
gene 4 11 1462 188196 0 3857 188196 1
gene 4 1462 265 -165267 0 3858 -165267 1
gene 1 84 63 436362 0 4021 436362 1
gene 3 1093 1577 -499475 0 4159 -499475 1
gene 3 1577 224 255501 0 4160 255501 1
gene 1 63 1609 352498 0 4236 352498 1
gene 1 1609 585 -127239 0 4237 -127239 1
gene 3 48 1631 225448 0 4295 225448 1
gene 3 1631 15 777710 0 4296 777710 1
gene 1 7 84 3928 0 4468 3928 1
gene 1 6 1749 1 0 4616 1 1
gene 1 1749 265 -126357 0 4617 -126357 1
genomeend 0


/* Organism #28 Fitness: 110.000000 Time: 0 */
/* Position #28*/
#1 x: 15 y: 19
#2 x: 65 y: 24
#3 x: 41 y: 26
#4 x: 46 y: 67
#5 x: 53 y: 77
#6 x: 62 y: 61
genomestart 28
trait 1 1.000000 0.000000 0.000000 0.000000 0.000000 0.000000 0.000000 0.000000 trait 2 48067.000000 0.000000 62481.000000 0.000000 0.000000 0.000000 26897.000000 16325.000000 trait 3 1.000000 0.000000 0.000000 0.000000 0.000000 49024.000000 280.000000 0.000000 trait 4 2.000000 0.000000 18432.000000 0.000000 100000.000000 0.000000 14232.000000 0.000000 node 1 3 1 3
node 2 1 1 1
node 3 4 1 1
node 4 3 1 1
node 5 4 1 1
node 6 3 1 1
node 7 3 1 1
node 8 3 1 1
node 9 1 1 1
node 10 1 1 1
node 11 2 1 1
node 12 2 1 1
node 13 3 0 2
node 14 2 0 2
node 15 1 0 2
node 22 1 0 0
node 48 1 0 0
node 63 1 0 0
node 84 1 0 0
node 190 4 0 0
node 224 1 0 0
node 265 1 0 0
node 328 1 0 0
node 342 1 0 0
node 477 1 0 0
node 585 1 0 0
node 672 1 0 0
node 699 1 0 0
node 766 4 0 0
node 833 1 0 0
node 1058 1 0 0
node 1064 1 0 0
node 1093 1 0 0
node 1149 1 0 0
node 1243 1 0 0
node 1378 1 0 0
node 1526 1 0 0
node 1555 1 0 0
node 1580 1 0 0
node 1751 1 0 0
gene 1 1 13 -443854 0 1 -443854 1
gene 1 2 13 -77581 0 2 -77581 0
gene 3 3 13 -241146 0 3 -241146 0
gene 4 4 13 158556 0 4 158556 1
gene 4 5 13 -379440 0 5 -379440 1
gene 1 6 13 -173580 0 6 -173580 1
gene 3 7 13 -34227 0 7 -34227 1
gene 3 8 13 -47946 0 8 -47946 1
gene 1 9 13 76749 0 9 76749 1
gene 4 10 13 144427 0 10 144427 0
gene 3 11 13 -110815 0 11 -110815 0
gene 1 12 13 706660 0 12 706660 1
gene 2 1 14 138877 0 13 138877 1
gene 1 2 14 -96077 0 14 -96077 1
gene 1 3 14 95127 0 15 95127 1
gene 2 4 14 44319 0 16 44319 1
gene 2 5 14 544233 0 17 544233 1
gene 3 6 14 -5493 0 18 -5493 0
gene 4 7 14 414351 0 19 414351 1
gene 4 8 14 -215487 0 20 -215487 1
gene 2 9 14 -181657 0 21 -181657 1
gene 4 10 14 25560 0 22 25560 1
gene 4 11 14 -457407 0 23 -457407 0
gene 3 12 14 78165 0 24 78165 1
gene 2 1 15 -403665 0 25 -403665 1
gene 2 2 15 161484 0 26 161484 1
gene 4 3 15 -35949 0 27 -35949 1
gene 4 4 15 -78678 0 28 -78678 1
gene 1 5 15 125349 0 29 125349 0
gene 4 6 15 -385896 0 30 -385896 1
gene 2 7 15 -212050 0 31 -212050 1
gene 4 8 15 -516690 0 32 -516690 1
gene 1 9 15 40935 0 33 40935 1
gene 3 10 15 -31991 0 34 -31991 1
gene 3 11 15 -30132 0 35 -30132 0
gene 2 12 15 400103 0 36 400103 1
gene 2 5 22 -26867 0 50 -26867 1
gene 2 22 14 -262581 0 51 -262581 1
gene 1 6 48 188557 0 108 188557 1
gene 1 48 13 169182 0 109 169182 1
gene 1 2 63 749519 0 153 749519 1
gene 1 63 13 -235101 0 154 -235101 1
gene 1 6 84 -668009 0 215 -668009 1
gene 1 84 14 15651 0 216 15651 1
gene 3 4 22 346017 0 283 346017 1
gene 3 12 190 -473477 0 501 -473477 1
gene 3 190 14 -97305 0 502 -97305 1
gene 4 13 22 -11511 0 570 -11511 1
gene 3 190 224 -638458 0 593 -638458 1
gene 3 224 14 800000 0 594 800000 1
gene 3 1 224 193431 0 655 193431 1
gene 1 6 265 423738 0 700 423738 1
gene 1 265 48 200565 0 701 200565 1
gene 4 84 190 412185 0 813 412185 1
gene 3 4 328 -567072 0 869 -567072 1
gene 3 328 22 -346656 0 870 -346656 1
gene 2 7 342 145608 0 912 145608 0
gene 2 342 15 -141666 0 913 -141666 1
gene 4 11 265 461319 0 1175 461319 0
gene 4 8 477 106050 0 1261 106050 1
gene 4 477 14 443217 0 1262 443217 1
gene 1 14 342 301170 0 1454 301170 1
gene 1 63 585 265901 0 1549 265901 1
gene 1 585 13 800000 0 1550 800000 1
gene 3 48 15 29721 0 1636 29721 1
gene 1 5 672 265624 0 1789 265624 1
gene 1 672 15 -434288 0 1790 -434288 1
gene 1 12 699 -515287 0 1853 -515287 1
gene 1 699 13 285259 0 1854 285259 1
gene 3 11 766 266080 0 2015 266080 1
gene 3 766 15 -637342 0 2016 -637342 0
gene 2 2 833 -140301 0 2191 -140301 1
gene 2 833 15 -682936 0 2192 -682936 1
gene 2 766 766 -100624 1 2255 -100624 1
gene 4 10 1058 373219 0 2774 373219 1
gene 4 1058 14 397927 0 2775 397927 1
gene 3 3 1064 -177648 0 2788 -177648 1
gene 3 1064 13 87144 0 2789 87144 1
gene 3 190 1093 198763 0 2873 198763 1
gene 3 1093 224 110455 0 2874 110455 1
gene 4 10 1149 372015 0 3020 372015 1
gene 4 1149 1058 14175 0 3021 14175 1
gene 3 6 1243 -112085 0 3277 -112085 1
gene 3 1243 14 800000 0 3278 800000 1
gene 4 7 699 -322161 0 3338 -322161 1
gene 1 22 265 -119913 0 3410 -119913 1
gene 2 1149 342 -74867 0 3573 -74867 1
gene 1 6 1378 217509 0 3624 217509 1
gene 1 1378 48 307693 0 3625 307693 1
gene 4 672 328 73549 0 3697 73549 1
gene 4 10 1526 -94163 0 4022 -94163 1
gene 4 1526 13 -418445 0 4023 -418445 1
gene 3 766 1555 -129242 0 4103 -129242 1
gene 3 1555 15 -545659 0 4104 -545659 1
gene 2 7 1580 -292298 0 4165 -292298 1
gene 2 1580 342 -114390 0 4166 -114390 1
gene 1 5 766 -236898 0 4256 -236898 1
gene 4 6 672 211381 0 4315 211381 1
gene 4 15 1093 -234960 0 4381 -234960 1
gene 2 6 63 -63775 0 4570 -63775 1
gene 3 3 1751 112159 0 4620 112159 1
gene 3 1751 13 -190752 0 4621 -190752 1
genomeend 28


/* Organism #30 Fitness: 210.000000 Time: 0 */
/* Position #30*/
#1 x: 29 y: 33
#2 x: 25 y: 34
#3 x: 36 y: 40
#4 x: 81 y: 74
#5 x: 50 y: 66
#6 x: 38 y: 78
genomestart 30
trait 1 1.000000 0.000000 0.000000 0.000000 0.000000 0.000000 0.000000 0.000000 trait 2 48067.000000 0.000000 62481.000000 0.000000 0.000000 0.000000 26897.000000 16325.000000 trait 3 1.000000 0.000000 0.000000 0.000000 0.000000 49024.000000 280.000000 0.000000 trait 4 2.000000 0.000000 18432.000000 0.000000 100000.000000 0.000000 14232.000000 0.000000 node 1 3 1 3
node 2 1 1 1
node 3 4 1 1
node 4 3 1 1
node 5 4 1 1
node 6 3 1 1
node 7 3 1 1
node 8 3 1 1
node 9 1 1 1
node 10 1 1 1
node 11 2 1 1
node 12 2 1 1
node 13 3 0 2
node 14 2 0 2
node 15 1 0 2
node 22 1 0 0
node 48 1 0 0
node 63 1 0 0
node 84 1 0 0
node 190 4 0 0
node 224 1 0 0
node 265 1 0 0
node 328 1 0 0
node 342 1 0 0
node 477 1 0 0
node 585 1 0 0
node 672 1 0 0
node 699 1 0 0
node 766 4 0 0
node 833 1 0 0
node 1058 1 0 0
node 1064 1 0 0
node 1093 1 0 0
node 1149 1 0 0
node 1243 1 0 0
node 1378 1 0 0
node 1526 1 0 0
node 1555 1 0 0
node 1580 1 0 0
node 1751 1 0 0
gene 1 1 13 -174019 0 1 -174019 1
gene 1 2 13 65741 0 2 65741 0
gene 3 3 13 -110979 0 3 -110979 0
gene 4 4 13 158556 0 4 158556 1
gene 4 5 13 -184773 0 5 -184773 1
gene 1 6 13 -161710 0 6 -161710 1
gene 3 7 13 -248184 0 7 -248184 1
gene 3 8 13 66399 0 8 66399 1
gene 1 9 13 -211323 0 9 -211323 1
gene 4 10 13 90955 0 10 90955 0
gene 3 11 13 -110815 0 11 -110815 0
gene 1 12 13 706660 0 12 706660 1
gene 2 1 14 -104414 0 13 -104414 1
gene 1 2 14 6418 0 14 6418 1
gene 1 3 14 77571 0 15 77571 1
gene 2 4 14 -70941 0 16 -70941 1
gene 2 5 14 257013 0 17 257013 1
gene 3 6 14 -39525 0 18 -39525 0
gene 4 7 14 414351 0 19 414351 1
gene 4 8 14 -56295 0 20 -56295 1
gene 2 9 14 -181657 0 21 -181657 1
gene 4 10 14 14664 0 22 14664 1
gene 4 11 14 -289599 0 23 -289599 0
gene 3 12 14 -559529 0 24 -559529 1
gene 2 1 15 -193509 0 25 -193509 1
gene 2 2 15 195126 0 26 195126 1
gene 4 3 15 -203631 0 27 -203631 1
gene 4 4 15 -165672 0 28 -165672 1
gene 1 5 15 -64335 0 29 -64335 0
gene 4 6 15 -112854 0 30 -112854 1
gene 2 7 15 -501715 0 31 -501715 1
gene 4 8 15 -278865 0 32 -278865 1
gene 1 9 15 -581536 0 33 -581536 1
gene 3 10 15 -32453 0 34 -32453 1
gene 3 11 15 -21495 0 35 -21495 0
gene 2 12 15 699314 0 36 699314 1
gene 2 5 22 232006 0 50 232006 1
gene 2 22 14 -107511 0 51 -107511 1
gene 1 6 48 89653 0 108 89653 1
gene 1 48 13 420678 0 109 420678 1
gene 1 2 63 800000 0 153 800000 1
gene 1 63 13 187056 0 154 187056 1
gene 1 6 84 -603599 0 215 -603599 1
gene 1 84 14 281265 0 216 281265 1
gene 3 4 22 178830 0 283 178830 1
gene 3 12 190 -633086 0 501 -633086 1
gene 3 190 14 148101 0 502 148101 1
gene 4 13 22 -11511 0 570 -11511 1
gene 3 190 224 -374662 0 593 -374662 1
gene 3 224 14 800000 0 594 800000 1
gene 3 1 224 261129 0 655 261129 1
gene 1 6 265 179598 0 700 179598 1
gene 1 265 48 47670 0 701 47670 1
gene 4 84 190 123489 0 813 123489 1
gene 3 4 328 -290535 0 869 -290535 1
gene 3 328 22 -83418 0 870 -83418 1
gene 2 7 342 283962 0 912 283962 0
gene 2 342 15 158256 0 913 158256 1
gene 4 11 265 461319 0 1175 461319 0
gene 4 8 477 -79440 0 1261 -79440 1
gene 4 477 14 443217 0 1262 443217 1
gene 1 14 342 61434 0 1454 61434 1
gene 1 63 585 435293 0 1549 435293 1
gene 1 585 13 633664 0 1550 633664 1
gene 3 48 15 111285 0 1636 111285 1
gene 1 5 672 251398 0 1789 251398 1
gene 1 672 15 -248486 0 1790 -248486 1
gene 1 12 699 -530218 0 1853 -530218 1
gene 1 699 13 161167 0 1854 161167 1
gene 3 11 766 266080 0 2015 266080 1
gene 3 766 15 -512260 0 2016 -512260 0
gene 2 2 833 15324 0 2191 15324 1
gene 2 833 15 -530179 0 2192 -530179 1
gene 2 766 766 -100624 1 2255 -100624 1
gene 4 10 1058 366313 0 2774 366313 1
gene 4 1058 14 286114 0 2775 286114 1
gene 3 3 1064 -241644 0 2788 -241644 1
gene 3 1064 13 60933 0 2789 60933 1
gene 3 190 1093 140329 0 2873 140329 1
gene 3 1093 224 387934 0 2874 387934 1
gene 4 10 1149 275466 0 3020 275466 1
gene 4 1149 1058 -125080 0 3021 -125080 1
gene 3 6 1243 -112085 0 3277 -112085 1
gene 3 1243 14 766921 0 3278 766921 1
gene 4 7 699 -134406 0 3338 -134406 1
gene 1 22 265 -93279 0 3410 -93279 1
gene 2 1149 342 180397 0 3573 180397 1
gene 1 6 1378 103330 0 3624 103330 1
gene 1 1378 48 148348 0 3625 148348 1
gene 4 672 328 2926 0 3697 2926 1
gene 4 10 1526 -294188 0 4022 -294188 1
gene 4 1526 13 -354281 0 4023 -354281 1
gene 3 766 1555 21412 0 4103 21412 1
gene 3 1555 15 -370300 0 4104 -370300 1
gene 2 7 1580 -60380 0 4165 -60380 1
gene 2 1580 342 69960 0 4166 69960 1
gene 1 5 766 -8073 0 4256 -8073 1
gene 4 6 672 211381 0 4315 211381 1
gene 4 15 1093 -4747 0 4381 -4747 1
gene 2 6 63 -63775 0 4570 -63775 1
gene 3 3 1751 1 0 4620 0 1
gene 3 1751 13 -110979 0 4621 0 1
gene 4 6 1751 -48089 0 4795 -48089 1
genomeend 30


/* Organism #33 Fitness: 120.000000 Time: 0 */
/* Position #33*/
#1 x: 48 y: 16
#2 x: 45 y: 21
#3 x: 38 y: 32
#4 x: 68 y: 64
#5 x: 47 y: 75
#6 x: 16 y: 80
genomestart 33
trait 1 1.000000 0.000000 0.000000 0.000000 0.000000 0.000000 0.000000 0.000000 trait 2 0.000000 0.000000 100000.000000 0.000000 58675.000000 8540.000000 26897.000000 16325.000000 trait 3 1.000000 0.000000 0.000000 0.000000 0.000000 49024.000000 280.000000 0.000000 trait 4 2.000000 0.000000 18432.000000 0.000000 100000.000000 0.000000 14232.000000 0.000000 node 1 3 1 3
node 2 1 1 1
node 3 4 1 1
node 4 3 1 1
node 5 4 1 1
node 6 3 1 1
node 7 3 1 1
node 8 3 1 1
node 9 1 1 1
node 10 1 1 1
node 11 2 1 1
node 12 2 1 1
node 13 3 0 2
node 14 2 0 2
node 15 1 0 2
node 22 1 0 0
node 48 1 0 0
node 63 1 0 0
node 84 1 0 0
node 190 4 0 0
node 224 1 0 0
node 265 1 0 0
node 328 1 0 0
node 342 1 0 0
node 477 1 0 0
node 585 1 0 0
node 672 1 0 0
node 699 1 0 0
node 766 4 0 0
node 833 1 0 0
node 1058 1 0 0
node 1064 1 0 0
node 1093 1 0 0
node 1149 1 0 0
node 1243 1 0 0
node 1378 1 0 0
node 1526 1 0 0
node 1555 1 0 0
node 1580 1 0 0
node 1751 1 0 0
gene 1 1 13 91931 0 1 91931 1
gene 1 2 13 271523 0 2 271523 0
gene 3 3 13 -329484 0 3 -329484 0
gene 4 4 13 210798 0 4 210798 1
gene 4 5 13 106965 0 5 106965 1
gene 1 6 13 -258850 0 6 -258850 1
gene 3 7 13 -517398 0 7 -517398 1
gene 3 8 13 -47214 0 8 -47214 1
gene 1 9 13 -204657 0 9 -204657 1
gene 4 10 13 -203519 0 10 -203519 0
gene 3 11 13 -166993 0 11 -166993 0
gene 1 12 13 417895 0 12 417895 1
gene 2 1 14 193648 0 13 193648 1
gene 1 2 14 -94277 0 14 -94277 1
gene 1 3 14 -101277 0 15 -101277 1
gene 2 4 14 -289644 0 16 -289644 1
gene 2 5 14 209442 0 17 209442 1
gene 3 6 14 144969 0 18 144969 0
gene 4 7 14 391899 0 19 391899 1
gene 4 8 14 -235299 0 20 -235299 1
gene 2 9 14 -381715 0 21 -381715 1
gene 4 10 14 161913 0 22 161913 1
gene 4 11 14 -224361 0 23 -224361 0
gene 3 12 14 -386828 0 24 -386828 1
gene 2 1 15 -30738 0 25 -30738 1
gene 2 2 15 168843 0 26 168843 1
gene 4 3 15 -439008 0 27 -439008 1
gene 4 4 15 -260346 0 28 -260346 1
gene 1 5 15 -220803 0 29 -220803 0
gene 4 6 15 -238992 0 30 -238992 1
gene 2 7 15 -653626 0 31 -653626 1
gene 4 8 15 -383145 0 32 -383145 1
gene 1 9 15 -606601 0 33 -606601 1
gene 3 10 15 -265364 0 34 -265364 1
gene 3 11 15 -196269 0 35 -196269 0
gene 2 12 15 800000 0 36 800000 1
gene 2 5 22 479848 0 50 479848 1
gene 2 22 14 -182160 0 51 -182160 1
gene 1 6 48 236686 0 108 236686 1
gene 1 48 13 642879 0 109 642879 1
gene 1 2 63 800000 0 153 800000 1
gene 1 63 13 115722 0 154 115722 1
gene 1 6 84 -631472 0 215 -631472 1
gene 1 84 14 548097 0 216 548097 1
gene 3 4 22 73059 0 283 73059 1
gene 3 12 190 -771878 0 501 -771878 1
gene 3 190 14 275241 0 502 275241 1
gene 4 13 22 191604 0 570 191604 1
gene 3 190 224 -275230 0 593 -275230 1
gene 3 224 14 680498 0 594 680498 1
gene 3 1 224 60477 0 655 60477 1
gene 1 6 265 -79206 0 700 -79206 1
gene 1 265 48 -166146 0 701 -166146 1
gene 4 84 190 111147 0 813 111147 1
gene 3 4 328 -567096 0 869 -567096 1
gene 3 328 22 -277566 0 870 -277566 1
gene 2 7 342 207213 0 912 207213 0
gene 2 342 15 281724 0 913 281724 1
gene 4 11 265 628029 0 1175 628029 0
gene 4 8 477 -63276 0 1261 -63276 1
gene 4 477 14 364122 0 1262 364122 1
gene 1 14 342 214350 0 1454 214350 1
gene 1 63 585 236939 0 1549 236939 1
gene 1 585 13 633616 0 1550 633616 1
gene 3 48 15 -147891 0 1636 -147891 1
gene 1 5 672 176269 0 1789 176269 1
gene 1 672 15 -200843 0 1790 -200843 1
gene 1 12 699 -530509 0 1853 -530509 1
gene 1 699 13 -59531 0 1854 -59531 1
gene 3 11 766 141340 0 2015 141340 1
gene 3 766 15 -412447 0 2016 -412447 0
gene 2 2 833 -45042 0 2191 -45042 1
gene 2 833 15 -601822 0 2192 -601822 1
gene 2 766 766 -11611 1 2255 -11611 1
gene 4 10 1058 161602 0 2774 161602 1
gene 4 1058 14 371008 0 2775 371008 1
gene 3 3 1064 -116484 0 2788 -116484 1
gene 3 1064 13 -99105 0 2789 -99105 1
gene 3 190 1093 419023 0 2873 419023 1
gene 3 1093 224 662809 0 2874 662809 1
gene 4 10 1149 447357 0 3020 447357 1
gene 4 1149 1058 -108070 0 3021 -108070 1
gene 3 6 1243 -171392 0 3277 -171392 1
gene 3 1243 14 800000 0 3278 800000 1
gene 4 7 699 -134406 0 3338 -134406 1
gene 1 22 265 -276780 0 3410 -276780 1
gene 2 1149 342 456961 0 3573 456961 1
gene 1 6 1378 302929 0 3624 302929 1
gene 1 1378 48 148348 0 3625 148348 1
gene 4 672 328 2926 0 3697 2926 1
gene 4 10 1526 -36536 0 4022 -36536 1
gene 4 1526 13 -354281 0 4023 -354281 1
gene 3 766 1555 21412 0 4103 21412 1
gene 3 1555 15 -370300 0 4104 -370300 1
gene 2 7 1580 -333743 0 4165 -333743 1
gene 2 1580 342 -82446 0 4166 -82446 1
gene 1 5 766 -8073 0 4256 -8073 1
gene 4 6 672 305098 0 4315 305098 1
gene 4 15 1093 -4747 0 4381 -4747 1
gene 2 6 63 -179544 0 4570 -179544 1
gene 3 3 1751 1 0 4620 1 1
gene 3 1751 13 83163 0 4621 83163 1
genomeend 33


/* Organism #40 Fitness: 110.000000 Time: 0 */
/* Position #40*/
#1 x: 29 y: 23
#2 x: 58 y: 27
#3 x: 23 y: 30
#4 x: 56 y: 63
#5 x: 37 y: 67
#6 x: 46 y: 69
genomestart 40
trait 1 1.000000 0.000000 0.000000 0.000000 0.000000 0.000000 0.000000 0.000000 trait 2 48067.000000 0.000000 62481.000000 0.000000 0.000000 0.000000 26897.000000 16325.000000 trait 3 3.000000 0.000000 0.000000 0.000000 0.000000 0.000000 0.000000 0.000000 trait 4 0.000000 0.000000 18432.000000 0.000000 100000.000000 36616.000000 14232.000000 0.000000 node 1 3 1 3
node 2 1 1 1
node 3 4 1 1
node 4 3 1 1
node 5 4 1 1
node 6 3 1 1
node 7 3 1 1
node 8 3 1 1
node 9 1 1 1
node 10 1 1 1
node 11 2 1 1
node 12 2 1 1
node 13 3 0 2
node 14 2 0 2
node 15 1 0 2
node 22 1 0 0
node 48 1 0 0
node 63 1 0 0
node 84 1 0 0
node 190 4 0 0
node 224 1 0 0
node 265 1 0 0
node 328 1 0 0
node 342 1 0 0
node 477 1 0 0
node 585 1 0 0
node 672 1 0 0
node 699 1 0 0
node 766 4 0 0
node 833 1 0 0
node 1058 1 0 0
node 1064 1 0 0
node 1093 1 0 0
node 1149 1 0 0
node 1243 1 0 0
node 1295 1 0 0
node 1373 1 0 0
node 1387 1 0 0
node 1410 1 0 0
node 1516 1 0 0
node 1656 1 0 0
node 1737 1 0 0
node 1753 1 0 0
node 1792 1 0 0
node 1819 1 0 0
gene 1 1 13 -159594 0 1 -159594 1
gene 1 2 13 -306627 0 2 -306627 0
gene 3 3 13 -800000 0 3 -800000 0
gene 4 4 13 275925 0 4 275925 1
gene 4 5 13 -387822 0 5 -387822 0
gene 1 6 13 -248979 0 6 -248979 0
gene 3 7 13 -123600 0 7 -123600 1
gene 3 8 13 -115013 0 8 -115013 1
gene 1 9 13 -466415 0 9 -466415 1
gene 4 10 13 -57964 0 10 -57964 1
gene 3 11 13 -157263 0 11 -157263 1
gene 1 12 13 -391377 0 12 -391377 0
gene 2 1 14 86748 0 13 86748 1
gene 1 2 14 430734 0 14 430734 1
gene 1 3 14 558474 0 15 558474 0
gene 2 4 14 800000 0 16 800000 1
gene 2 5 14 -369273 0 17 -369273 1
gene 3 6 14 373307 0 18 373307 0
gene 4 7 14 382286 0 19 382286 0
gene 4 8 14 163260 0 20 163260 1
gene 2 9 14 -279693 0 21 -279693 1
gene 4 10 14 126774 0 22 126774 0
gene 4 11 14 -157650 0 23 -157650 0
gene 3 12 14 -229446 0 24 -229446 0
gene 2 1 15 -462345 0 25 -462345 1
gene 2 2 15 609526 0 26 609526 0
gene 4 3 15 16647 0 27 16647 0
gene 4 4 15 37887 0 28 37887 1
gene 1 5 15 -381396 0 29 -381396 0
gene 4 6 15 501887 0 30 501887 0
gene 2 7 15 -39411 0 31 -39411 1
gene 4 8 15 69066 0 32 69066 1
gene 1 9 15 -245520 0 33 -245520 1
gene 3 10 15 -200982 0 34 -200982 1
gene 3 11 15 -716724 0 35 -716724 0
gene 2 12 15 642752 0 36 642752 1
gene 2 5 22 88965 0 50 88965 1
gene 2 22 14 -150813 0 51 -150813 1
gene 1 6 48 295149 0 108 295149 1
gene 1 48 13 184701 0 109 184701 0
gene 1 2 63 -359574 0 153 -359574 0
gene 1 63 13 -46599 0 154 -46599 1
gene 1 6 84 434868 0 215 434868 1
gene 1 84 14 485289 0 216 485289 1
gene 3 4 22 331212 0 283 331212 0
gene 3 12 190 -539412 0 501 -539412 1
gene 3 190 14 -250821 0 502 -250821 0
gene 4 13 22 220254 0 570 220254 1
gene 3 190 224 194403 0 593 194403 0
gene 3 224 14 800000 0 594 800000 0
gene 3 1 224 609477 0 655 609477 1
gene 1 6 265 477771 0 700 477771 1
gene 1 265 48 -342180 0 701 -342180 0
gene 4 84 190 200148 0 813 200148 1
gene 3 4 328 39024 0 869 39024 1
gene 3 328 22 172296 0 870 172296 1
gene 2 7 342 190449 0 912 190449 1
gene 2 342 15 -136776 0 913 -136776 1
gene 4 11 265 245763 0 1175 245763 1
gene 4 8 477 268362 0 1261 268362 1
gene 4 477 14 244473 0 1262 244473 1
gene 1 14 342 78885 0 1454 78885 1
gene 1 63 585 205095 0 1549 205095 1
gene 1 585 13 404024 0 1550 404024 1
gene 3 48 15 -104310 0 1636 -104310 1
gene 1 5 672 -373119 0 1789 -373119 1
gene 1 672 15 66429 0 1790 66429 0
gene 1 12 699 -543189 0 1853 -543189 1
gene 1 699 13 -423462 0 1854 -423462 1
gene 3 11 766 -43818 0 2015 -43818 1
gene 3 766 15 -800000 0 2016 -800000 1
gene 2 2 833 -111354 0 2191 -111354 1
gene 2 833 15 217080 0 2192 217080 1
gene 2 766 766 306086 1 2255 306086 1
gene 4 10 1058 -172014 0 2774 -172014 0
gene 4 1058 14 -55179 0 2775 -55179 1
gene 3 3 1064 636151 0 2788 636151 1
gene 3 1064 13 121017 0 2789 121017 1
gene 3 190 1093 -450978 0 2873 -450978 0
gene 3 1093 224 -84750 0 2874 -84750 0
gene 4 10 1149 -782457 0 3020 -782457 1
gene 4 1149 1058 -131169 0 3021 -131169 1
gene 3 6 1243 285751 0 3277 285751 1
gene 3 1243 14 65235 0 3278 65235 1
gene 1 2 1295 80880 0 3411 80880 1
gene 1 1295 63 172641 0 3412 172641 0
gene 1 12 1373 -311289 0 3611 -311289 1
gene 1 1373 13 247701 0 3612 247701 1
gene 3 224 1387 -230154 0 3650 -230154 1
gene 3 1387 14 519818 0 3651 519818 1
gene 1 1295 1410 89706 0 3714 89706 1
gene 1 1410 63 800000 0 3715 800000 1
gene 3 190 265 -270236 0 3991 -270236 1
gene 4 3 1516 135522 0 3994 135522 1
gene 4 1516 15 545864 0 3995 545864 1
gene 2 672 1410 210171 0 4075 210171 1
gene 3 190 1656 1 0 4355 0 1
gene 3 1656 1093 -450978 0 4356 0 1
gene 2 3 84 -43307 0 4406 -43307 1
gene 1 672 672 85540 1 4461 85540 1
gene 3 190 1737 1 0 4577 0 1
gene 3 1737 14 -250821 0 4578 0 1
gene 1 672 1753 1 0 4626 0 1
gene 1 1753 15 66429 0 4627 0 1
gene 3 766 1792 1 0 4730 0 1
gene 3 1792 15 -800000 0 4731 0 1
gene 3 1093 1819 1 0 4808 0 1
gene 3 1819 224 -84750 0 4809 0 1
genomeend 40


/* Organism #50 Fitness: 170.000000 Time: 0 */
/* Position #50*/
#1 x: 51 y: 25
#2 x: 81 y: 38
#3 x: 17 y: 17
#4 x: 42 y: 78
#5 x: 24 y: 61
#6 x: 72 y: 85
genomestart 50
trait 1 1.000000 72857.000000 0.000000 0.000000 0.000000 0.000000 0.000000 0.000000 trait 2 48067.000000 0.000000 62481.000000 0.000000 0.000000 0.000000 26897.000000 16325.000000 trait 3 3.000000 0.000000 0.000000 0.000000 0.000000 0.000000 0.000000 0.000000 trait 4 0.000000 0.000000 100000.000000 62899.000000 27009.000000 0.000000 14232.000000 73356.000000 node 1 3 1 3
node 2 1 1 1
node 3 4 1 1
node 4 3 1 1
node 5 4 1 1
node 6 3 1 1
node 7 3 1 1
node 8 3 1 1
node 9 1 1 1
node 10 1 1 1
node 11 2 1 1
node 12 2 1 1
node 13 3 0 2
node 14 4 0 2
node 15 1 0 2
node 22 1 0 0
node 48 1 0 0
node 63 1 0 0
node 84 1 0 0
node 190 4 0 0
node 224 1 0 0
node 265 4 0 0
node 328 1 0 0
node 342 1 0 0
node 477 1 0 0
node 585 1 0 0
node 672 1 0 0
node 699 1 0 0
node 766 1 0 0
node 833 1 0 0
node 1058 1 0 0
node 1064 1 0 0
node 1093 1 0 0
node 1184 1 0 0
node 1270 1 0 0
node 1299 1 0 0
node 1332 1 0 0
node 1382 1 0 0
node 1427 1 0 0
node 1439 1 0 0
node 1511 1 0 0
node 1581 1 0 0
node 1714 1 0 0
node 1802 1 0 0
node 1826 1 0 0
gene 1 1 13 11949 0 1 11949 1
gene 1 2 13 -303519 0 2 -303519 1
gene 3 3 13 203307 0 3 203307 0
gene 4 4 13 251283 0 4 251283 1
gene 4 5 13 -104454 0 5 -104454 1
gene 1 6 13 310143 0 6 310143 0
gene 3 7 13 -6372 0 7 -6372 1
gene 3 8 13 -86730 0 8 -86730 0
gene 1 9 13 92631 0 9 92631 1
gene 4 10 13 -308334 0 10 -308334 1
gene 3 11 13 -472453 0 11 -472453 1
gene 1 12 13 242696 0 12 242696 1
gene 2 1 14 -770343 0 13 -770343 1
gene 1 2 14 15831 0 14 15831 1
gene 1 3 14 169854 0 15 169854 1
gene 2 4 14 744482 0 16 744482 1
gene 2 5 14 65253 0 17 65253 1
gene 3 6 14 63141 0 18 63141 1
gene 4 7 14 -401793 0 19 -401793 1
gene 4 8 14 -258528 0 20 -258528 0
gene 2 9 14 -34173 0 21 -34173 1
gene 4 10 14 193110 0 22 193110 0
gene 4 11 14 -194079 0 23 -194079 0
gene 3 12 14 -33432 0 24 -33432 0
gene 2 1 15 380388 0 25 380388 1
gene 2 2 15 138147 0 26 138147 0
gene 4 3 15 258324 0 27 258324 1
gene 4 4 15 -322098 0 28 -322098 0
gene 1 5 15 -521412 0 29 -521412 0
gene 4 6 15 -534399 0 30 -534399 0
gene 2 7 15 -529380 0 31 -529380 0
gene 4 8 15 -795071 0 32 -795071 1
gene 1 9 15 323598 0 33 323598 0
gene 3 10 15 80238 0 34 80238 1
gene 3 11 15 151968 0 35 151968 1
gene 2 12 15 800000 0 36 800000 1
gene 2 5 22 -800000 0 50 -800000 1
gene 2 22 14 -344694 0 51 -344694 1
gene 1 6 48 79035 0 108 79035 1
gene 1 48 13 -490644 0 109 -490644 0
gene 1 2 63 576569 0 153 576569 1
gene 1 63 13 137556 0 154 137556 0
gene 1 6 84 -483816 0 215 -483816 1
gene 1 84 14 -566280 0 216 -566280 1
gene 3 4 22 462528 0 283 462528 0
gene 3 12 190 -219774 0 501 -219774 1
gene 3 190 14 -561960 0 502 -561960 1
gene 4 13 22 -602787 0 570 -602787 1
gene 3 190 224 -399582 0 593 -399582 0
gene 3 224 14 -17784 0 594 -17784 1
gene 3 1 224 -257874 0 655 -257874 1
gene 1 6 265 569778 0 700 569778 0
gene 1 265 48 -551019 0 701 -551019 1
gene 4 84 190 -241815 0 813 -241815 1
gene 3 4 328 162282 0 869 162282 1
gene 3 328 22 116259 0 870 116259 1
gene 2 7 342 14604 0 912 14604 1
gene 2 342 15 466332 0 913 466332 1
gene 4 11 265 -466110 0 1175 -466110 1
gene 4 8 477 -112470 0 1261 -112470 1
gene 4 477 14 -92973 0 1262 -92973 1
gene 1 14 342 -790356 0 1454 -790356 1
gene 1 63 585 -124311 0 1549 -124311 1
gene 1 585 13 232275 0 1550 232275 1
gene 3 48 15 -115149 0 1636 -115149 1
gene 1 5 672 711981 0 1789 711981 1
gene 1 672 15 -161529 0 1790 -161529 1
gene 1 12 699 -138468 0 1853 -138468 1
gene 1 699 13 -723968 0 1854 -723968 1
gene 3 11 766 -158187 0 2015 -158187 1
gene 3 766 15 172578 0 2016 172578 1
gene 2 2 833 -86663 0 2191 -86663 1
gene 2 833 15 245889 0 2192 245889 1
gene 2 766 766 -225771 1 2255 -225771 1
gene 4 10 1058 -72413 0 2774 -72413 1
gene 4 1058 14 472149 0 2775 472149 1
gene 3 3 1064 -275115 0 2788 -275115 1
gene 3 1064 13 -302007 0 2789 -302007 1
gene 3 190 1093 57666 0 2873 57666 1
gene 3 1093 224 -418830 0 2874 -418830 1
gene 2 766 13 163317 0 2978 163317 1
gene 3 84 84 -92463 1 3015 -92463 1
gene 3 8 1184 492880 0 3113 492880 1
gene 3 1184 13 -227055 0 3114 -227055 1
gene 1 6 1270 156877 0 3348 156877 1
gene 1 1270 265 200028 0 3349 200028 1
gene 4 4 1299 -275178 0 3421 -275178 1
gene 4 1299 13 -176661 0 3422 -176661 1
gene 1 5 1332 -27435 0 3503 -27435 1
gene 1 1332 672 -126243 0 3504 -126243 1
gene 2 833 1382 -230490 0 3635 -230490 1
gene 2 1382 15 170718 0 3636 170718 1
gene 4 8 1427 -469157 0 3762 -469157 1
gene 4 1427 14 -775293 0 3763 -775293 1
gene 1 9 1439 187449 0 3796 187449 1
gene 1 1439 15 92997 0 3797 92997 1
gene 4 84 1511 -301526 0 3983 -301526 0
gene 4 1511 190 -34605 0 3984 -34605 1
gene 4 84 1581 -117560 0 4167 -117560 1
gene 4 1581 1511 -428681 0 4168 -428681 1
gene 1 5 477 -5712 0 4319 -5712 1
gene 4 224 190 -16981 1 4384 -16981 1
gene 2 7 1714 1 0 4517 1 1
gene 2 1714 15 -254244 0 4518 -254244 1
gene 4 4 1802 1 0 4759 0 1
gene 4 1802 15 -322098 0 4760 0 1
gene 1 63 1826 1 0 4827 0 1
gene 1 1826 13 137556 0 4828 0 1
genomeend 50


/* Organism #61 Fitness: 160.000000 Time: 0 */
/* Position #61*/
#1 x: 31 y: 40
#2 x: 15 y: 24
#3 x: 23 y: 37
#4 x: 45 y: 75
#5 x: 26 y: 84
#6 x: 21 y: 63
genomestart 61
trait 1 1.000000 0.000000 0.000000 0.000000 0.000000 0.000000 0.000000 0.000000 trait 2 48067.000000 0.000000 62481.000000 0.000000 0.000000 0.000000 26897.000000 16325.000000 trait 3 3.000000 0.000000 0.000000 0.000000 0.000000 0.000000 0.000000 0.000000 trait 4 2.000000 0.000000 18432.000000 0.000000 100000.000000 0.000000 14232.000000 0.000000 node 1 3 1 3
node 2 1 1 1
node 3 4 1 1
node 4 3 1 1
node 5 4 1 1
node 6 3 1 1
node 7 3 1 1
node 8 3 1 1
node 9 1 1 1
node 10 1 1 1
node 11 2 1 1
node 12 2 1 1
node 13 4 0 2
node 14 2 0 2
node 15 1 0 2
node 22 1 0 0
node 48 1 0 0
node 63 1 0 0
node 84 1 0 0
node 190 4 0 0
node 224 1 0 0
node 265 1 0 0
node 328 1 0 0
node 342 1 0 0
node 477 1 0 0
node 585 1 0 0
node 672 1 0 0
node 699 1 0 0
node 766 4 0 0
node 833 1 0 0
node 1058 1 0 0
node 1064 1 0 0
node 1093 1 0 0
node 1149 1 0 0
node 1243 1 0 0
node 1378 1 0 0
node 1462 1 0 0
node 1577 1 0 0
node 1681 1 0 0
node 1694 1 0 0
node 1772 1 0 0
node 1811 1 0 0
gene 1 1 13 43941 0 1 43941 1
gene 1 2 13 233595 0 2 233595 0
gene 3 3 13 -800000 0 3 -800000 0
gene 4 4 13 -68511 0 4 -68511 1
gene 4 5 13 187713 0 5 187713 0
gene 1 6 13 -217566 0 6 -217566 0
gene 3 7 13 526614 0 7 526614 1
gene 3 8 13 80881 0 8 80881 1
gene 1 9 13 -468824 0 9 -468824 0
gene 4 10 13 -357867 0 10 -357867 1
gene 3 11 13 139344 0 11 139344 1
gene 1 12 13 620429 0 12 620429 1
gene 2 1 14 -434384 0 13 -434384 1
gene 1 2 14 -433242 0 14 -433242 1
gene 1 3 14 -316848 0 15 -316848 0
gene 2 4 14 332958 0 16 332958 1
gene 2 5 14 -94644 0 17 -94644 1
gene 3 6 14 720899 0 18 720899 1
gene 4 7 14 800000 0 19 800000 0
gene 4 8 14 -259260 0 20 -259260 1
gene 2 9 14 -123615 0 21 -123615 0
gene 4 10 14 800000 0 22 800000 0
gene 4 11 14 -394716 0 23 -394716 1
gene 3 12 14 -164802 0 24 -164802 0
gene 2 1 15 -384906 0 25 -384906 1
gene 2 2 15 432198 0 26 432198 0
gene 4 3 15 700230 0 27 700230 1
gene 4 4 15 -486945 0 28 -486945 1
gene 1 5 15 -597132 0 29 -597132 1
gene 4 6 15 136682 0 30 136682 0
gene 2 7 15 -357588 0 31 -357588 1
gene 4 8 15 -519630 0 32 -519630 1
gene 1 9 15 582135 0 33 582135 1
gene 3 10 15 418581 0 34 418581 1
gene 3 11 15 -13419 0 35 -13419 1
gene 2 12 15 671609 0 36 671609 1
gene 2 5 22 353892 0 50 353892 1
gene 2 22 14 -366234 0 51 -366234 1
gene 1 6 48 38352 0 108 38352 0
gene 1 48 13 -47064 0 109 -47064 0
gene 1 2 63 47691 0 153 47691 0
gene 1 63 13 250920 0 154 250920 1
gene 1 6 84 -340275 0 215 -340275 0
gene 1 84 14 -148443 0 216 -148443 1
gene 3 4 22 799494 0 283 799494 1
gene 3 12 190 72742 0 501 72742 1
gene 3 190 14 107763 0 502 107763 1
gene 4 13 22 -800000 0 570 -800000 1
gene 3 190 224 -511166 0 593 -511166 0
gene 3 224 14 341484 0 594 341484 1
gene 3 1 224 365775 0 655 365775 1
gene 1 6 265 145806 0 700 145806 1
gene 1 265 48 534279 0 701 534279 1
gene 4 84 190 624837 0 813 624837 1
gene 3 4 328 260676 0 869 260676 1
gene 3 328 22 106467 0 870 106467 1
gene 2 7 342 204501 0 912 204501 1
gene 2 342 15 566235 0 913 566235 1
gene 4 11 265 484938 0 1175 484938 0
gene 4 8 477 262299 0 1261 262299 1
gene 4 477 14 800000 0 1262 800000 0
gene 1 14 342 -581382 0 1454 -581382 1
gene 1 63 585 800000 0 1549 800000 1
gene 1 585 13 -6583 0 1550 -6583 1
gene 3 48 15 2166 0 1636 2166 1
gene 1 5 672 515187 0 1789 515187 1
gene 1 672 15 629253 0 1790 629253 1
gene 1 12 699 227097 0 1853 227097 1
gene 1 699 13 -579648 0 1854 -579648 1
gene 3 11 766 739053 0 2015 739053 1
gene 3 766 15 -372894 0 2016 -372894 1
gene 2 2 833 -800000 0 2191 -800000 1
gene 2 833 15 -426837 0 2192 -426837 1
gene 2 766 766 -800000 1 2255 -800000 1
gene 4 10 1058 -695394 0 2774 -695394 0
gene 4 1058 14 800000 0 2775 800000 1
gene 3 3 1064 224895 0 2788 224895 1
gene 3 1064 13 -207591 0 2789 -207591 1
gene 3 190 1093 484806 0 2873 484806 0
gene 3 1093 224 800000 0 2874 800000 0
gene 4 10 1149 -384638 0 3020 -384638 1
gene 4 1149 1058 30132 0 3021 30132 1
gene 3 6 1243 -171081 0 3277 -171081 1
gene 3 1243 14 -77598 0 3278 -77598 0
gene 4 7 699 274506 0 3338 274506 1
gene 1 22 265 38637 0 3410 38637 1
gene 2 1149 342 -65736 0 3573 -65736 1
gene 1 6 1378 -22419 0 3624 -22419 1
gene 1 1378 48 -474324 0 3625 -474324 1
gene 4 672 328 26163 0 3697 26163 1
gene 4 11 1462 -108225 0 3857 -108225 1
gene 4 1462 265 -404583 0 3858 -404583 1
gene 1 84 63 539307 0 4021 539307 1
gene 3 1093 1577 311817 0 4159 311817 1
gene 3 1577 224 346983 0 4160 346983 1
gene 1 6 1681 -177519 0 4427 -177519 1
gene 1 1681 84 191895 0 4428 191895 1
gene 3 190 1694 -258072 0 4466 -258072 1
gene 3 1694 1093 -1893 0 4467 -1893 1
gene 2 9 1772 1 0 4675 0 1
gene 2 1772 14 -235839 0 4676 -235839 1
gene 4 477 1811 1 0 4782 0 1
gene 4 1811 14 800000 0 4783 0 1
genomeend 61


/* Organism #62 Fitness: 100.000000 Time: 0 */
/* Position #62*/
#1 x: 16 y: 34
#2 x: 16 y: 39
#3 x: 38 y: 21
#4 x: 21 y: 78
#5 x: 54 y: 77
#6 x: 56 y: 74
genomestart 62
trait 1 1.000000 0.000000 0.000000 0.000000 0.000000 0.000000 0.000000 0.000000 trait 2 48067.000000 0.000000 62481.000000 0.000000 0.000000 0.000000 26897.000000 16325.000000 trait 3 3.000000 0.000000 0.000000 0.000000 0.000000 0.000000 0.000000 0.000000 trait 4 2.000000 0.000000 18432.000000 0.000000 100000.000000 0.000000 14232.000000 0.000000 node 1 3 1 3
node 2 1 1 1
node 3 4 1 1
node 4 3 1 1
node 5 4 1 1
node 6 3 1 1
node 7 3 1 1
node 8 3 1 1
node 9 1 1 1
node 10 1 1 1
node 11 2 1 1
node 12 2 1 1
node 13 4 0 2
node 14 2 0 2
node 15 1 0 2
node 22 1 0 0
node 48 1 0 0
node 63 1 0 0
node 84 1 0 0
node 190 4 0 0
node 224 1 0 0
node 265 1 0 0
node 328 1 0 0
node 342 1 0 0
node 477 1 0 0
node 585 1 0 0
node 672 1 0 0
node 699 1 0 0
node 766 4 0 0
node 833 1 0 0
node 1058 1 0 0
node 1064 1 0 0
node 1093 1 0 0
node 1149 1 0 0
node 1243 1 0 0
node 1378 1 0 0
node 1462 1 0 0
node 1577 1 0 0
node 1681 1 0 0
node 1694 1 0 0
node 1772 1 0 0
node 1783 1 0 0
gene 1 1 13 43941 0 1 43941 1
gene 1 2 13 25854 0 2 25854 0
gene 3 3 13 -800000 0 3 -800000 0
gene 4 4 13 180618 0 4 180618 1
gene 4 5 13 187713 0 5 187713 0
gene 1 6 13 20004 0 6 20004 0
gene 3 7 13 526614 0 7 526614 1
gene 3 8 13 80881 0 8 80881 1
gene 1 9 13 -468824 0 9 -468824 0
gene 4 10 13 -255858 0 10 -255858 1
gene 3 11 13 -133689 0 11 -133689 1
gene 1 12 13 620429 0 12 620429 1
gene 2 1 14 -434384 0 13 -434384 1
gene 1 2 14 -253485 0 14 -253485 1
gene 1 3 14 -133527 0 15 -133527 0
gene 2 4 14 390429 0 16 390429 1
gene 2 5 14 147450 0 17 147450 1
gene 3 6 14 720899 0 18 720899 1
gene 4 7 14 728099 0 19 728099 0
gene 4 8 14 -259260 0 20 -259260 1
gene 2 9 14 -136161 0 21 -136161 0
gene 4 10 14 800000 0 22 800000 0
gene 4 11 14 -394716 0 23 -394716 1
gene 3 12 14 -139449 0 24 -139449 0
gene 2 1 15 -384906 0 25 -384906 1
gene 2 2 15 269859 0 26 269859 0
gene 4 3 15 700230 0 27 700230 1
gene 4 4 15 -486945 0 28 -486945 1
gene 1 5 15 -304110 0 29 -304110 1
gene 4 6 15 333710 0 30 333710 0
gene 2 7 15 -357588 0 31 -357588 1
gene 4 8 15 -289152 0 32 -289152 1
gene 1 9 15 621510 0 33 621510 1
gene 3 10 15 418581 0 34 418581 1
gene 3 11 15 -13419 0 35 -13419 1
gene 2 12 15 671609 0 36 671609 1
gene 2 5 22 353892 0 50 353892 1
gene 2 22 14 -427488 0 51 -427488 1
gene 1 6 48 -51717 0 108 -51717 0
gene 1 48 13 46332 0 109 46332 0
gene 1 2 63 47691 0 153 47691 0
gene 1 63 13 29772 0 154 29772 1
gene 1 6 84 -340275 0 215 -340275 0
gene 1 84 14 -446508 0 216 -446508 1
gene 3 4 22 729132 0 283 729132 1
gene 3 12 190 -6164 0 501 -6164 1
gene 3 190 14 380517 0 502 380517 1
gene 4 13 22 -800000 0 570 -800000 1
gene 3 190 224 -800000 0 593 -800000 0
gene 3 224 14 341484 0 594 341484 1
gene 3 1 224 231981 0 655 231981 1
gene 1 6 265 145806 0 700 145806 1
gene 1 265 48 534279 0 701 534279 1
gene 4 84 190 398019 0 813 398019 1
gene 3 4 328 260676 0 869 260676 1
gene 3 328 22 301152 0 870 301152 1
gene 2 7 342 204501 0 912 204501 1
gene 2 342 15 623889 0 913 623889 1
gene 4 11 265 484938 0 1175 484938 0
gene 4 8 477 262299 0 1261 262299 1
gene 4 477 14 659592 0 1262 659592 1
gene 1 14 342 -447099 0 1454 -447099 1
gene 1 63 585 800000 0 1549 800000 1
gene 1 585 13 52919 0 1550 52919 1
gene 3 48 15 2166 0 1636 2166 1
gene 1 5 672 246894 0 1789 246894 1
gene 1 672 15 629253 0 1790 629253 1
gene 1 12 699 227097 0 1853 227097 1
gene 1 699 13 -429876 0 1854 -429876 1
gene 3 11 766 739053 0 2015 739053 1
gene 3 766 15 -372894 0 2016 -372894 1
gene 2 2 833 -800000 0 2191 -800000 1
gene 2 833 15 -426837 0 2192 -426837 1
gene 2 766 766 -590263 1 2255 -590263 1
gene 4 10 1058 -432621 0 2774 -432621 0
gene 4 1058 14 800000 0 2775 800000 1
gene 3 3 1064 224895 0 2788 224895 1
gene 3 1064 13 -349143 0 2789 -349143 1
gene 3 190 1093 266511 0 2873 266511 0
gene 3 1093 224 800000 0 2874 800000 0
gene 4 10 1149 -659312 0 3020 -659312 1
gene 4 1149 1058 30132 0 3021 30132 1
gene 3 6 1243 -171081 0 3277 -171081 1
gene 3 1243 14 -115602 0 3278 -115602 0
gene 4 7 699 274506 0 3338 274506 1
gene 1 22 265 38637 0 3410 38637 1
gene 2 1149 342 -99273 0 3573 -99273 1
gene 1 6 1378 -22419 0 3624 -22419 1
gene 1 1378 48 -452718 0 3625 -452718 1
gene 4 672 328 26163 0 3697 26163 1
gene 4 11 1462 -123267 0 3857 -123267 1
gene 4 1462 265 -404583 0 3858 -404583 1
gene 1 84 63 539307 0 4021 539307 1
gene 3 1093 1577 311817 0 4159 311817 1
gene 3 1577 224 346983 0 4160 346983 1
gene 1 6 1681 -177519 0 4427 -177519 1
gene 1 1681 84 -213984 0 4428 -213984 1
gene 3 190 1694 -182390 0 4466 -182390 1
gene 3 1694 1093 -1893 0 4467 -1893 1
gene 2 9 1772 1 0 4675 0 1
gene 2 1772 14 -136161 0 4676 0 1
gene 3 190 1783 1 0 4707 0 1
gene 3 1783 1694 -182390 0 4708 0 1
genomeend 62


/* Organism #64 Fitness: 100.000000 Time: 0 */
/* Position #64*/
#1 x: 29 y: 30
#2 x: 46 y: 36
#3 x: 38 y: 24
#4 x: 20 y: 77
#5 x: 46 y: 63
#6 x: 37 y: 82
genomestart 64
trait 1 1.000000 0.000000 0.000000 0.000000 0.000000 0.000000 0.000000 0.000000 trait 2 48067.000000 0.000000 62481.000000 0.000000 0.000000 0.000000 26897.000000 16325.000000 trait 3 3.000000 0.000000 0.000000 0.000000 0.000000 0.000000 0.000000 0.000000 trait 4 2.000000 0.000000 18432.000000 0.000000 100000.000000 0.000000 14232.000000 0.000000 node 1 3 1 3
node 2 1 1 1
node 3 4 1 1
node 4 3 1 1
node 5 4 1 1
node 6 3 1 1
node 7 3 1 1
node 8 3 1 1
node 9 1 1 1
node 10 1 1 1
node 11 2 1 1
node 12 2 1 1
node 13 4 0 2
node 14 2 0 2
node 15 1 0 2
node 22 1 0 0
node 48 1 0 0
node 63 1 0 0
node 84 1 0 0
node 190 4 0 0
node 224 1 0 0
node 265 1 0 0
node 328 1 0 0
node 342 1 0 0
node 477 1 0 0
node 585 1 0 0
node 672 1 0 0
node 699 1 0 0
node 766 4 0 0
node 833 1 0 0
node 1058 1 0 0
node 1064 1 0 0
node 1093 1 0 0
node 1149 1 0 0
node 1243 1 0 0
node 1378 1 0 0
node 1462 1 0 0
node 1577 1 0 0
node 1681 1 0 0
node 1694 1 0 0
node 1772 1 0 0
node 1812 1 0 0
gene 1 1 13 53139 0 1 53139 1
gene 1 2 13 129724 0 2 129724 1
gene 3 3 13 -800000 0 3 -800000 0
gene 4 4 13 56053 0 4 56053 1
gene 4 5 13 41736 0 5 41736 0
gene 1 6 13 -98781 0 6 -98781 1
gene 3 7 13 411694 0 7 411694 1
gene 3 8 13 149338 0 8 149338 1
gene 1 9 13 -407808 0 9 -407808 0
gene 4 10 13 -306862 0 10 -306862 1
gene 3 11 13 2827 0 11 2827 1
gene 1 12 13 672047 0 12 672047 1
gene 2 1 14 -295698 0 13 -295698 1
gene 1 2 14 -343363 0 14 -343363 1
gene 1 3 14 -225187 0 15 -225187 1
gene 2 4 14 361693 0 16 361693 1
gene 2 5 14 26403 0 17 26403 1
gene 3 6 14 760449 0 18 760449 0
gene 4 7 14 764049 0 19 764049 1
gene 4 8 14 -208755 0 20 -208755 1
gene 2 9 14 -129888 0 21 -129888 0
gene 4 10 14 800000 0 22 800000 0
gene 4 11 14 -350070 0 23 -350070 1
gene 3 12 14 -152125 0 24 -152125 0
gene 2 1 15 -356095 0 25 -356095 1
gene 2 2 15 351028 0 26 351028 0
gene 4 3 15 558792 0 27 558792 1
gene 4 4 15 -547366 0 28 -547366 1
gene 1 5 15 -450621 0 29 -450621 1
gene 4 6 15 235196 0 30 235196 0
gene 2 7 15 -343690 0 31 -343690 1
gene 4 8 15 -404391 0 32 -404391 1
gene 1 9 15 601822 0 33 601822 1
gene 3 10 15 294996 0 34 294996 1
gene 3 11 15 -79558 0 35 -79558 1
gene 2 12 15 652689 0 36 652689 1
gene 2 5 22 382683 0 50 382683 1
gene 2 22 14 -396861 0 51 -396861 1
gene 1 6 48 -6682 0 108 -6682 0
gene 1 48 13 -366 0 109 -366 1
gene 1 2 63 -58699 0 153 -58699 1
gene 1 63 13 140346 0 154 140346 1
gene 1 6 84 -235336 0 215 -235336 0
gene 1 84 14 -297475 0 216 -297475 1
gene 3 4 22 764313 0 283 764313 1
gene 3 12 190 33289 0 501 33289 1
gene 3 190 14 244140 0 502 244140 1
gene 4 13 22 -800000 0 570 -800000 1
gene 3 190 224 -655583 0 593 -655583 0
gene 3 224 14 275667 0 594 275667 1
gene 3 1 224 298878 0 655 298878 1
gene 1 6 265 279111 0 700 279111 1
gene 1 265 48 426795 0 701 426795 1
gene 4 84 190 511428 0 813 511428 1
gene 3 4 328 125890 0 869 125890 1
gene 3 328 22 203809 0 870 203809 1
gene 2 7 342 229693 0 912 229693 1
gene 2 342 15 595062 0 913 595062 1
gene 4 11 265 562360 0 1175 562360 0
gene 4 8 477 297501 0 1261 297501 1
gene 4 477 14 729796 0 1262 729796 1
gene 1 14 342 -514240 0 1454 -514240 1
gene 1 63 585 674883 0 1549 674883 1
gene 1 585 13 23168 0 1550 23168 1
gene 3 48 15 -46351 0 1636 -46351 1
gene 1 5 672 381040 0 1789 381040 1
gene 1 672 15 655020 0 1790 655020 1
gene 1 12 699 195453 0 1853 195453 1
gene 1 699 13 -504762 0 1854 -504762 1
gene 3 11 766 713511 0 2015 713511 1
gene 3 766 15 -366909 0 2016 -366909 1
gene 2 2 833 -748433 0 2191 -748433 1
gene 2 833 15 -573051 0 2192 -573051 1
gene 2 766 766 -695131 1 2255 -695131 1
gene 4 10 1058 -564007 0 2774 -564007 1
gene 4 1058 14 800000 0 2775 800000 1
gene 3 3 1064 256474 0 2788 256474 1
gene 3 1064 13 -278367 0 2789 -278367 1
gene 3 190 1093 375658 0 2873 375658 0
gene 3 1093 224 800000 0 2874 800000 0
gene 4 10 1149 -521975 0 3020 -521975 1
gene 4 1149 1058 24456 0 3021 24456 1
gene 3 6 1243 -171081 0 3277 -171081 1
gene 3 1243 14 -96600 0 3278 -96600 0
gene 4 7 699 355608 0 3338 355608 1
gene 1 22 265 38637 0 3410 38637 1
gene 2 1149 342 -82504 0 3573 -82504 1
gene 1 6 1378 43227 0 3624 43227 1
gene 1 1378 48 -463521 0 3625 -463521 1
gene 4 672 328 26163 0 3697 26163 1
gene 4 11 1462 -115746 0 3857 -115746 1
gene 4 1462 265 -480607 0 3858 -480607 1
gene 1 84 63 539307 0 4021 539307 1
gene 3 1093 1577 311817 0 4159 311817 1
gene 3 1577 224 346983 0 4160 346983 1
gene 1 6 1681 -177519 0 4427 -177519 1
gene 1 1681 84 -11044 0 4428 -11044 1
gene 3 190 1694 -220231 0 4466 -220231 1
gene 3 1694 1093 -136489 0 4467 -136489 1
gene 2 9 1772 -22193 0 4675 -22194 1
gene 2 1772 14 -186000 0 4676 -117919 1
gene 3 6 1812 1 0 4784 0 1
gene 3 1812 14 760449 0 4785 0 1
genomeend 64


/* Organism #66 Fitness: 130.000000 Time: 0 */
/* Position #66*/
#1 x: 26 y: 17
#2 x: 83 y: 25
#3 x: 68 y: 15
#4 x: 79 y: 66
#5 x: 70 y: 82
#6 x: 35 y: 79
genomestart 66
trait 1 94072.000000 0.000000 0.000000 0.000000 0.000000 0.000000 0.000000 0.000000 trait 2 48067.000000 0.000000 62481.000000 0.000000 0.000000 0.000000 26897.000000 16325.000000 trait 3 0.000000 0.000000 0.000000 0.000000 0.000000 98049.000000 560.000000 0.000000 trait 4 2.000000 0.000000 18432.000000 0.000000 100000.000000 0.000000 14232.000000 0.000000 node 1 3 1 3
node 2 1 1 1
node 3 4 1 1
node 4 3 1 1
node 5 4 1 1
node 6 3 1 1
node 7 3 1 1
node 8 3 1 1
node 9 1 1 1
node 10 1 1 1
node 11 2 1 1
node 12 2 1 1
node 13 3 0 2
node 14 2 0 2
node 15 1 0 2
node 22 1 0 0
node 48 1 0 0
node 63 1 0 0
node 84 1 0 0
node 190 4 0 0
node 224 1 0 0
node 265 2 0 0
node 328 1 0 0
node 342 1 0 0
node 477 1 0 0
node 585 1 0 0
node 672 1 0 0
node 699 1 0 0
node 766 4 0 0
node 833 1 0 0
node 1058 1 0 0
node 1064 1 0 0
node 1093 1 0 0
node 1149 1 0 0
node 1243 1 0 0
node 1378 1 0 0
node 1532 1 0 0
node 1591 1 0 0
node 1657 1 0 0
node 1720 1 0 0
gene 1 1 13 112566 0 1 112566 1
gene 1 2 13 -800000 0 2 -800000 0
gene 3 3 13 744780 0 3 744780 0
gene 4 4 13 426708 0 4 426708 1
gene 4 5 13 281382 0 5 281382 0
gene 1 6 13 257973 0 6 257973 1
gene 3 7 13 170475 0 7 170475 1
gene 3 8 13 -302303 0 8 -302303 1
gene 1 9 13 -290015 0 9 -290015 1
gene 4 10 13 -287340 0 10 -287340 1
gene 3 11 13 -110431 0 11 -110431 1
gene 1 12 13 1719 0 12 1719 1
gene 2 1 14 97137 0 13 97137 1
gene 1 2 14 -350919 0 14 -350919 1
gene 1 3 14 118140 0 15 118140 0
gene 2 4 14 -172407 0 16 -172407 1
gene 2 5 14 138258 0 17 138258 1
gene 3 6 14 47028 0 18 47028 1
gene 4 7 14 181637 0 19 181637 1
gene 4 8 14 -211344 0 20 -211344 1
gene 2 9 14 -561645 0 21 -561645 1
gene 4 10 14 -488442 0 22 -488442 0
gene 4 11 14 558841 0 23 558841 1
gene 3 12 14 -548138 0 24 -548138 0
gene 2 1 15 95679 0 25 95679 1
gene 2 2 15 176676 0 26 176676 0
gene 4 3 15 -232827 0 27 -232827 1
gene 4 4 15 507207 0 28 507207 1
gene 1 5 15 -262593 0 29 -262593 0
gene 4 6 15 -122886 0 30 -122886 0
gene 2 7 15 -363315 0 31 -363315 1
gene 4 8 15 -681771 0 32 -681771 1
gene 1 9 15 -109542 0 33 -109542 1
gene 3 10 15 493140 0 34 493140 1
gene 3 11 15 -437502 0 35 -437502 0
gene 2 12 15 79752 0 36 79752 1
gene 2 5 22 -93415 0 50 -93415 1
gene 2 22 14 229569 0 51 229569 1
gene 1 6 48 -484716 0 108 -484716 0
gene 1 48 13 -351993 0 109 -351993 0
gene 1 2 63 262040 0 153 262040 1
gene 1 63 13 395307 0 154 395307 0
gene 1 6 84 -735512 0 215 -735512 1
gene 2 84 14 -303231 0 216 -303231 1
gene 3 4 22 566094 0 283 566094 0
gene 3 12 190 -293219 0 501 -293219 1
gene 3 190 14 4251 0 502 4251 1
gene 4 13 22 -272523 0 570 -272523 1
gene 3 190 224 7689 0 593 7689 0
gene 3 224 14 650621 0 594 650621 1
gene 3 1 224 608892 0 655 608892 1
gene 1 6 265 426621 0 700 426621 1
gene 1 265 48 3951 0 701 3951 1
gene 4 84 190 633401 0 813 633401 1
gene 3 4 328 -235143 0 869 -235143 1
gene 3 328 22 15252 0 870 15252 1
gene 2 7 342 800000 0 912 800000 0
gene 2 342 15 -97203 0 913 -97203 1
gene 4 11 265 16521 0 1175 16521 1
gene 4 8 477 -206523 0 1261 -206523 0
gene 4 477 14 -177402 0 1262 -177402 1
gene 1 14 342 19827 0 1454 19827 1
gene 1 63 585 -38246 0 1549 -38246 1
gene 1 585 13 139797 0 1550 139797 1
gene 3 48 15 172884 0 1636 172884 1
gene 1 5 672 284583 0 1789 284583 1
gene 1 672 15 -23073 0 1790 -23073 1
gene 1 12 699 381564 0 1853 381564 1
gene 1 699 13 291120 0 1854 291120 1
gene 3 11 766 -309345 0 2015 -309345 0
gene 3 766 15 -62580 0 2016 -62580 1
gene 2 2 833 -797685 0 2191 -797685 1
gene 2 833 15 -800000 0 2192 -800000 1
gene 2 766 766 294957 1 2255 294957 1
gene 4 10 1058 -611331 0 2774 -611331 0
gene 4 1058 14 -474372 0 2775 -474372 1
gene 3 3 1064 -298497 0 2788 -298497 1
gene 3 1064 13 725408 0 2789 725408 1
gene 3 190 1093 -115953 0 2873 -115953 1
gene 3 1093 224 174405 0 2874 174405 1
gene 4 10 1149 650214 0 3020 650214 1
gene 4 1149 1058 -260850 0 3021 -260850 1
gene 3 6 1243 19206 0 3277 19206 1
gene 3 1243 14 -270669 0 3278 -270669 1
gene 4 7 699 -205371 0 3338 -205371 1
gene 1 22 265 -183975 0 3410 -183975 1
gene 2 1149 342 6202 0 3573 6202 1
gene 1 6 1378 168835 0 3624 168835 1
gene 1 1378 48 17901 0 3625 17901 1
gene 4 672 328 -14013 0 3697 -14013 1
gene 4 8 1532 -142034 0 4039 -142034 1
gene 4 1532 477 -454878 0 4040 -454878 1
gene 4 63 1058 -211536 0 4080 -211536 1
gene 1 63 1591 16296 0 4191 16296 1
gene 1 1591 13 259044 0 4192 259044 1
gene 2 7 1657 -181073 0 4357 -181073 1
gene 2 1657 342 -179484 0 4358 -179484 1
gene 2 2 1243 42891 0 4412 42891 1
gene 3 11 1720 347476 0 4531 347476 1
gene 3 1720 766 273639 0 4532 273639 1
genomeend 66


/* Organism #72 Fitness: 120.000000 Time: 0 */
/* Position #72*/
#1 x: 31 y: 37
#2 x: 27 y: 31
#3 x: 40 y: 29
#4 x: 59 y: 71
#5 x: 45 y: 60
#6 x: 35 y: 73
genomestart 72
trait 1 1.000000 0.000000 0.000000 0.000000 0.000000 0.000000 0.000000 0.000000 trait 2 48067.000000 0.000000 62481.000000 0.000000 0.000000 0.000000 26897.000000 16325.000000 trait 3 3.000000 0.000000 40211.000000 55357.000000 74939.000000 0.000000 0.000000 0.000000 trait 4 0.000000 0.000000 18432.000000 0.000000 100000.000000 36616.000000 14232.000000 0.000000 node 1 3 1 3
node 2 1 1 1
node 3 4 1 1
node 4 3 1 1
node 5 4 1 1
node 6 3 1 1
node 7 3 1 1
node 8 3 1 1
node 9 1 1 1
node 10 1 1 1
node 11 2 1 1
node 12 2 1 1
node 13 3 0 2
node 14 2 0 2
node 15 1 0 2
node 22 1 0 0
node 48 1 0 0
node 63 1 0 0
node 84 1 0 0
node 190 4 0 0
node 224 1 0 0
node 265 1 0 0
node 328 1 0 0
node 342 1 0 0
node 477 1 0 0
node 585 1 0 0
node 672 1 0 0
node 699 1 0 0
node 766 4 0 0
node 833 1 0 0
node 1058 1 0 0
node 1064 1 0 0
node 1093 1 0 0
node 1149 1 0 0
node 1243 1 0 0
node 1295 1 0 0
node 1373 1 0 0
node 1387 1 0 0
node 1410 1 0 0
node 1516 1 0 0
node 1656 1 0 0
node 1788 1 0 0
node 1818 1 0 0
gene 1 1 13 3444 0 1 3444 1
gene 1 2 13 -523290 0 2 -523290 0
gene 3 3 13 -800000 0 3 -800000 0
gene 4 4 13 526374 0 4 526374 1
gene 4 5 13 -453582 0 5 -453582 0
gene 1 6 13 -526761 0 6 -526761 0
gene 3 7 13 -195348 0 7 -195348 1
gene 3 8 13 -154862 0 8 -154862 1
gene 1 9 13 -399551 0 9 -399551 1
gene 4 10 13 -61627 0 10 -61627 1
gene 3 11 13 11430 0 11 11430 1
gene 1 12 13 -362676 0 12 -362676 0
gene 2 1 14 271653 0 13 271653 1
gene 1 2 14 180744 0 14 180744 1
gene 1 3 14 547713 0 15 547713 0
gene 2 4 14 690413 0 16 690413 1
gene 2 5 14 -628893 0 17 -628893 1
gene 3 6 14 248897 0 18 248897 0
gene 4 7 14 677336 0 19 677336 0
gene 4 8 14 425880 0 20 425880 1
gene 2 9 14 2037 0 21 2037 1
gene 4 10 14 16410 0 22 16410 0
gene 4 11 14 82311 0 23 82311 0
gene 3 12 14 27735 0 24 27735 0
gene 2 1 15 -667296 0 25 -667296 1
gene 2 2 15 418561 0 26 418561 0
gene 4 3 15 -256140 0 27 -256140 0
gene 4 4 15 143634 0 28 143634 1
gene 1 5 15 -417111 0 29 -417111 0
gene 4 6 15 670094 0 30 670094 0
gene 2 7 15 259548 0 31 259548 1
gene 4 8 15 -54396 0 32 -54396 1
gene 1 9 15 2262 0 33 2262 1
gene 3 10 15 -280707 0 34 -280707 1
gene 3 11 15 -800000 0 35 -800000 0
gene 2 12 15 516401 0 36 516401 1
gene 2 5 22 17037 0 50 17037 1
gene 2 22 14 99615 0 51 99615 1
gene 1 6 48 522303 0 108 522303 1
gene 1 48 13 -21477 0 109 -21477 0
gene 1 2 63 -478392 0 153 -478392 0
gene 1 63 13 -1953 0 154 -1953 1
gene 1 6 84 171486 0 215 171486 1
gene 1 84 14 281061 0 216 281061 1
gene 3 4 22 356928 0 283 356928 0
gene 3 12 190 -593016 0 501 -593016 1
gene 3 190 14 37542 0 502 37542 1
gene 4 13 22 -8646 0 570 -8646 1
gene 3 190 224 377190 0 593 377190 0
gene 3 224 14 531614 0 594 531614 0
gene 3 1 224 518100 0 655 518100 1
gene 1 6 265 610542 0 700 610542 1
gene 1 265 48 -302319 0 701 -302319 0
gene 4 84 190 272805 0 813 272805 1
gene 3 4 328 279705 0 869 279705 1
gene 3 328 22 -22002 0 870 -22002 1
gene 2 7 342 366198 0 912 366198 1
gene 2 342 15 -130224 0 913 -130224 1
gene 4 11 265 228825 0 1175 228825 1
gene 4 8 477 445797 0 1261 445797 1
gene 4 477 14 435849 0 1262 435849 1
gene 1 14 342 -50004 0 1454 -50004 1
gene 1 63 585 409038 0 1549 409038 1
gene 1 585 13 394385 0 1550 394385 1
gene 3 48 15 81735 0 1636 81735 1
gene 1 5 672 -537327 0 1789 -537327 1
gene 1 672 15 94209 0 1790 94209 1
gene 1 12 699 -638880 0 1853 -638880 1
gene 1 699 13 -618906 0 1854 -618906 1
gene 3 11 766 -166467 0 2015 -166467 1
gene 3 766 15 -800000 0 2016 -800000 1
gene 2 2 833 78909 0 2191 78909 1
gene 2 833 15 451539 0 2192 451539 0
gene 2 766 766 376436 1 2255 376436 1
gene 4 10 1058 -386724 0 2774 -386724 0
gene 4 1058 14 103938 0 2775 103938 1
gene 3 3 1064 427921 0 2788 427921 1
gene 3 1064 13 312915 0 2789 312915 1
gene 3 190 1093 -428271 0 2873 -428271 0
gene 3 1093 224 -7122 0 2874 -7122 1
gene 4 10 1149 -800000 0 3020 -800000 1
gene 4 1149 1058 -131169 0 3021 -131169 1
gene 3 6 1243 338887 0 3277 338887 1
gene 3 1243 14 23112 0 3278 23112 1
gene 1 2 1295 57906 0 3411 57906 1
gene 1 1295 63 172641 0 3412 172641 0
gene 1 12 1373 261639 0 3611 261639 1
gene 1 1373 13 48756 0 3612 48756 1
gene 3 224 1387 -504702 0 3650 -504702 1
gene 3 1387 14 658625 0 3651 658625 0
gene 1 1295 1410 132561 0 3714 132561 1
gene 1 1410 63 800000 0 3715 800000 1
gene 3 190 265 -270236 0 3991 -270236 1
gene 4 3 1516 135522 0 3994 135522 1
gene 4 1516 15 545864 0 3995 545864 1
gene 2 672 1410 17385 0 4075 17385 1
gene 3 190 1656 1 0 4355 1 1
gene 3 1656 1093 -450978 0 4356 -450978 1
gene 2 3 84 -43307 0 4406 -43307 1
gene 1 672 672 375961 1 4461 375961 1
gene 3 1058 1058 165029 1 4575 165029 1
gene 3 1387 1788 1 0 4721 0 1
gene 3 1788 14 658625 0 4722 0 1
gene 2 833 1818 1 0 4806 0 1
gene 2 1818 15 451539 0 4807 0 1
genomeend 72


/* Organism #73 Fitness: 110.000000 Time: 0 */
/* Position #73*/
#1 x: 31 y: 37
#2 x: 27 y: 31
#3 x: 40 y: 29
#4 x: 59 y: 71
#5 x: 45 y: 60
#6 x: 35 y: 73
genomestart 73
trait 1 1.000000 0.000000 0.000000 0.000000 0.000000 0.000000 0.000000 0.000000 trait 2 48067.000000 0.000000 62481.000000 0.000000 0.000000 0.000000 26897.000000 16325.000000 trait 3 3.000000 0.000000 0.000000 0.000000 0.000000 0.000000 0.000000 0.000000 trait 4 0.000000 0.000000 18432.000000 0.000000 100000.000000 36616.000000 14232.000000 0.000000 node 1 3 1 3
node 2 1 1 1
node 3 4 1 1
node 4 3 1 1
node 5 4 1 1
node 6 3 1 1
node 7 3 1 1
node 8 3 1 1
node 9 1 1 1
node 10 1 1 1
node 11 2 1 1
node 12 2 1 1
node 13 3 0 2
node 14 2 0 2
node 15 1 0 2
node 22 1 0 0
node 48 1 0 0
node 63 1 0 0
node 84 1 0 0
node 190 4 0 0
node 224 1 0 0
node 265 1 0 0
node 328 1 0 0
node 342 1 0 0
node 477 1 0 0
node 585 1 0 0
node 672 1 0 0
node 699 1 0 0
node 766 4 0 0
node 833 1 0 0
node 1058 1 0 0
node 1064 1 0 0
node 1093 1 0 0
node 1149 1 0 0
node 1243 1 0 0
node 1295 1 0 0
node 1373 1 0 0
node 1387 1 0 0
node 1410 1 0 0
node 1516 1 0 0
node 1656 1 0 0
node 1737 1 0 0
node 1753 1 0 0
node 1791 1 0 0
node 1806 1 0 0
gene 1 1 13 -159594 0 1 -159594 1
gene 1 2 13 -306627 0 2 -306627 0
gene 3 3 13 -800000 0 3 -800000 0
gene 4 4 13 275925 0 4 275925 1
gene 4 5 13 -387822 0 5 -387822 0
gene 1 6 13 -248979 0 6 -248979 0
gene 3 7 13 -123600 0 7 -123600 1
gene 3 8 13 -115013 0 8 -115013 1
gene 1 9 13 -466415 0 9 -466415 1
gene 4 10 13 -57964 0 10 -57964 1
gene 3 11 13 -157263 0 11 -157263 1
gene 1 12 13 -391377 0 12 -391377 0
gene 2 1 14 86748 0 13 86748 1
gene 1 2 14 430734 0 14 430734 1
gene 1 3 14 558474 0 15 558474 0
gene 2 4 14 800000 0 16 800000 1
gene 2 5 14 -369273 0 17 -369273 1
gene 3 6 14 373307 0 18 373307 0
gene 4 7 14 382286 0 19 382286 0
gene 4 8 14 163260 0 20 163260 1
gene 2 9 14 -279693 0 21 -279693 1
gene 4 10 14 126774 0 22 126774 0
gene 4 11 14 -157650 0 23 -157650 0
gene 3 12 14 -229446 0 24 -229446 0
gene 2 1 15 -462345 0 25 -462345 1
gene 2 2 15 609526 0 26 609526 0
gene 4 3 15 16647 0 27 16647 0
gene 4 4 15 37887 0 28 37887 1
gene 1 5 15 -381396 0 29 -381396 0
gene 4 6 15 501887 0 30 501887 0
gene 2 7 15 -39411 0 31 -39411 1
gene 4 8 15 69066 0 32 69066 1
gene 1 9 15 -245520 0 33 -245520 1
gene 3 10 15 -200982 0 34 -200982 1
gene 3 11 15 -716724 0 35 -716724 0
gene 2 12 15 642752 0 36 642752 1
gene 2 5 22 88965 0 50 88965 1
gene 2 22 14 -150813 0 51 -150813 1
gene 1 6 48 295149 0 108 295149 1
gene 1 48 13 184701 0 109 184701 0
gene 1 2 63 -359574 0 153 -359574 0
gene 1 63 13 -46599 0 154 -46599 1
gene 1 6 84 434868 0 215 434868 1
gene 1 84 14 485289 0 216 485289 1
gene 3 4 22 331212 0 283 331212 0
gene 3 12 190 -539412 0 501 -539412 1
gene 3 190 14 -250821 0 502 -250821 0
gene 4 13 22 220254 0 570 220254 1
gene 3 190 224 194403 0 593 194403 0
gene 3 224 14 800000 0 594 800000 0
gene 3 1 224 609477 0 655 609477 1
gene 1 6 265 477771 0 700 477771 1
gene 1 265 48 -342180 0 701 -342180 0
gene 4 84 190 200148 0 813 200148 1
gene 3 4 328 39024 0 869 39024 1
gene 3 328 22 172296 0 870 172296 1
gene 2 7 342 190449 0 912 190449 0
gene 2 342 15 -136776 0 913 -136776 1
gene 4 11 265 245763 0 1175 245763 1
gene 4 8 477 268362 0 1261 268362 1
gene 4 477 14 244473 0 1262 244473 1
gene 1 14 342 78885 0 1454 78885 1
gene 1 63 585 205095 0 1549 205095 1
gene 1 585 13 404024 0 1550 404024 1
gene 3 48 15 -104310 0 1636 -104310 1
gene 1 5 672 -373119 0 1789 -373119 1
gene 1 672 15 66429 0 1790 66429 0
gene 1 12 699 -543189 0 1853 -543189 1
gene 1 699 13 -423462 0 1854 -423462 1
gene 3 11 766 -43818 0 2015 -43818 1
gene 3 766 15 -800000 0 2016 -800000 1
gene 2 2 833 -111354 0 2191 -111354 0
gene 2 833 15 217080 0 2192 217080 1
gene 2 766 766 306086 1 2255 306086 1
gene 4 10 1058 -172014 0 2774 -172014 0
gene 4 1058 14 -55179 0 2775 -55179 1
gene 3 3 1064 636151 0 2788 636151 1
gene 3 1064 13 121017 0 2789 121017 1
gene 3 190 1093 -450978 0 2873 -450978 0
gene 3 1093 224 -84750 0 2874 -84750 1
gene 4 10 1149 -782457 0 3020 -782457 1
gene 4 1149 1058 -131169 0 3021 -131169 1
gene 3 6 1243 285751 0 3277 285751 1
gene 3 1243 14 65235 0 3278 65235 1
gene 1 2 1295 80880 0 3411 80880 1
gene 1 1295 63 172641 0 3412 172641 0
gene 1 12 1373 -311289 0 3611 -311289 1
gene 1 1373 13 247701 0 3612 247701 1
gene 3 224 1387 -230154 0 3650 -230154 1
gene 3 1387 14 519818 0 3651 519818 1
gene 1 1295 1410 89706 0 3714 89706 1
gene 1 1410 63 800000 0 3715 800000 1
gene 3 190 265 -270236 0 3991 -270236 1
gene 4 3 1516 135522 0 3994 135522 1
gene 4 1516 15 545864 0 3995 545864 1
gene 2 672 1410 210171 0 4075 210171 1
gene 3 190 1656 1 0 4355 0 1
gene 3 1656 1093 -450978 0 4356 0 1
gene 2 3 84 -43307 0 4406 -43307 1
gene 1 672 672 85540 1 4461 85540 1
gene 3 190 1737 1 0 4577 0 1
gene 3 1737 14 -250821 0 4578 0 1
gene 1 672 1753 1 0 4626 0 1
gene 1 1753 15 66429 0 4627 0 1
gene 2 7 1791 1 0 4728 0 1
gene 2 1791 342 190449 0 4729 0 1
gene 2 2 1806 1 0 4769 0 1
gene 2 1806 833 -111354 0 4770 0 1
genomeend 73


