/* Organism #12 Fitness: 340.000000 Time: 0 */
/* Position #12*/
#1 x: 54 y: 38
#2 x: 69 y: 38
#3 x: 18 y: 17
#4 x: 81 y: 68
#5 x: 28 y: 67
#6 x: 20 y: 61
genomestart 12
trait 1 100000.000000 0.000000 0.000000 0.000000 0.000000 0.000000 0.000000 0.000000 trait 2 52534.000000 91990.000000 0.000000 100000.000000 0.000000 0.000000 0.000000 0.000000 trait 3 21555.000000 0.000000 74217.000000 0.000000 72769.000000 0.000000 0.000000 0.000000 trait 4 4.000000 0.000000 0.000000 0.000000 0.000000 0.000000 0.000000 0.000000 node 1 1 1 3
node 2 2 1 1
node 3 4 1 1
node 4 4 1 1
node 5 1 1 1
node 6 4 1 1
node 7 3 1 1
node 8 3 1 1
node 9 3 1 1
node 10 4 1 1
node 11 4 1 1
node 12 1 1 1
node 13 1 0 2
node 14 2 0 2
node 15 3 0 2
node 24 1 0 0
node 188 3 0 0
node 222 1 0 0
node 272 1 0 0
node 301 1 0 0
node 380 1 0 0
node 393 1 0 0
node 453 4 0 0
node 469 1 0 0
node 557 1 0 0
node 729 1 0 0
node 875 1 0 0
node 927 1 0 0
node 1021 1 0 0
node 1084 1 0 0
node 1116 1 0 0
node 1234 1 0 0
node 1295 1 0 0
node 1374 1 0 0
node 1496 1 0 0
node 1522 1 0 0
node 1622 1 0 0
node 1712 1 0 0
node 1847 1 0 0
node 1890 1 0 0
node 2011 1 0 0
node 2035 1 0 0
node 2119 1 0 0
node 2161 1 0 0
node 2179 3 0 0
node 2221 1 0 0
node 2347 1 0 0
node 2379 1 0 0
node 2528 1 0 0
node 2670 1 0 0
node 2714 1 0 0
node 2738 1 0 0
node 2780 1 0 0
node 2842 1 0 0
node 2974 1 0 0
node 3040 1 0 0
node 3093 1 0 0
node 3115 1 0 0
node 3154 1 0 0
gene 1 1 13 -417846 0 1 -417846 1
gene 2 2 13 -274296 0 2 -274296 1
gene 2 3 13 31116 0 3 31116 1
gene 4 4 13 42288 0 4 42288 0
gene 3 5 13 134403 0 5 134403 1
gene 1 6 13 -200829 0 6 -200829 1
gene 3 7 13 800000 0 7 800000 1
gene 1 8 13 472599 0 8 472599 0
gene 4 9 13 -355749 0 9 -355749 1
gene 2 10 13 -475710 0 10 -475710 1
gene 3 11 13 -192558 0 11 -192558 1
gene 4 12 13 -487176 0 12 -487176 0
gene 1 1 14 322404 0 13 322404 1
gene 1 2 14 207018 0 14 207018 0
gene 2 3 14 637148 0 15 637148 1
gene 2 4 14 -372654 0 16 -372654 1
gene 1 5 14 680589 0 17 680589 1
gene 2 6 14 1566 0 18 1566 0
gene 3 7 14 -438555 0 19 -438555 0
gene 3 8 14 113235 0 20 113235 1
gene 3 9 14 -800000 0 21 -800000 0
gene 2 10 14 -88677 0 22 -88677 1
gene 3 11 14 -800000 0 23 -800000 1
gene 2 12 14 -156345 0 24 -156345 1
gene 2 1 15 81477 0 25 81477 1
gene 3 2 15 661434 0 26 661434 1
gene 4 3 15 182489 0 27 182489 0
gene 1 4 15 -653802 0 28 -653802 0
gene 4 5 15 68733 0 29 68733 1
gene 2 6 15 567279 0 30 567279 0
gene 2 7 15 388803 0 31 388803 0
gene 2 8 15 203646 0 32 203646 0
gene 2 9 15 -800000 0 33 -800000 0
gene 2 10 15 -97518 0 34 -97518 1
gene 3 11 15 -126747 0 35 -126747 1
gene 2 12 15 486120 0 36 486120 0
gene 4 4 24 -552248 0 62 -552248 0
gene 4 24 13 644843 0 63 644843 1
gene 1 24 24 147105 1 127 147105 0
gene 3 15 13 -438516 0 293 -438516 1
gene 2 7 24 -800000 0 408 -800000 0
gene 3 7 188 -186747 0 526 -186747 1
gene 3 188 14 -145659 0 527 -145659 1
gene 2 9 222 400217 0 645 400217 0
gene 2 222 15 -306294 0 646 -306294 1
gene 3 3 272 -446163 0 798 -446163 0
gene 3 272 15 183585 0 799 183585 0
gene 2 3 24 -593580 0 850 -593580 1
gene 1 24 301 151815 1 893 151815 0
gene 1 301 24 10729 0 894 10729 0
gene 1 188 188 127983 1 934 127983 1
gene 3 4 188 430596 0 1080 430596 1
gene 2 6 380 -442362 0 1115 -442362 1
gene 2 380 14 138084 0 1116 138084 1
gene 1 4 393 221862 0 1157 221862 1
gene 1 393 15 38589 0 1158 38589 1
gene 1 15 380 36735 0 1196 36735 1
gene 2 12 188 508935 0 1302 508935 0
gene 2 9 453 -564753 0 1346 -564753 1
gene 2 453 222 -800000 0 1347 -800000 1
gene 1 24 469 -266922 1 1394 -266922 0
gene 2 469 301 -582102 0 1395 -582102 0
gene 3 222 24 -193932 0 1576 -193932 1
gene 4 3 188 371781 0 1616 371781 1
gene 3 272 557 562743 0 1666 562743 1
gene 1 557 15 81243 0 1667 81243 0
gene 1 6 272 178881 0 1830 178881 0
gene 4 12 380 -800000 0 1879 -800000 0
gene 1 469 729 -570329 0 2197 -570329 1
gene 1 729 301 -117624 0 2198 -117624 1
gene 2 14 301 140595 0 2244 140595 1
gene 1 188 380 -62208 0 2284 -62208 0
gene 3 8 875 -251550 0 2630 -251550 0
gene 1 875 13 -73569 0 2631 -73569 1
gene 4 12 927 -163383 0 2791 -163383 1
gene 4 927 380 -216117 0 2792 -216117 0
gene 2 393 380 -800000 0 3014 -800000 0
gene 2 7 1021 363087 0 3066 363087 1
gene 2 1021 24 -509040 0 3067 -509040 1
gene 1 8 1084 115038 0 3243 115038 0
gene 1 1084 875 -413232 0 3244 -413232 0
gene 4 188 927 -800000 0 3297 -800000 0
gene 1 1084 1116 -244878 0 3335 -244878 1
gene 1 1116 875 -93402 0 3336 -93402 0
gene 1 222 469 -353625 0 3394 -353625 1
gene 1 8 1234 101730 0 3693 101730 1
gene 1 1234 1084 -123444 0 3694 -123444 0
gene 1 301 1295 -800000 0 3863 -800000 1
gene 1 1295 24 743274 0 3864 743274 1
gene 1 2 393 -5073 0 3943 -5073 1
gene 4 1084 1084 488016 1 4053 488016 1
gene 3 1295 1084 800000 0 4076 800000 1
gene 1 1116 1374 263160 0 4119 263160 1
gene 1 1374 875 306678 0 4120 306678 1
gene 2 272 1084 -225921 0 4218 -225921 1
gene 2 12 1496 613496 0 4474 613496 1
gene 2 1496 15 -82668 0 4475 -82668 1
gene 1 557 1522 456524 0 4546 456524 1
gene 1 1522 15 -759912 0 4547 -759912 1
gene 3 1116 1021 -800000 0 4657 -800000 1
gene 3 9 380 273285 0 4725 273285 1
gene 2 12 1622 -164178 0 4831 -164178 1
gene 2 1622 188 368700 0 4832 368700 1
gene 4 453 453 279453 1 4965 279453 0
gene 2 8 1712 331734 0 5099 331734 1
gene 2 1712 15 -165156 0 5100 -165156 0
gene 1 6 1847 358404 0 5495 358404 1
gene 1 1847 272 -367491 0 5496 -367491 1
gene 3 9 1890 -155739 0 5636 -155739 0
gene 3 1890 14 -195218 0 5637 -195218 1
gene 4 1116 13 -8043 0 5838 -8043 1
gene 1 9 1712 33234 0 5937 33234 1
gene 1 24 2011 -45531 1 5985 -45531 1
gene 1 2011 469 257949 0 5986 257949 1
gene 2 1712 2035 -254490 0 6047 -254490 0
gene 2 2035 15 504645 0 6048 504645 1
gene 3 927 1084 753429 0 6090 753429 1
gene 4 1847 453 -790460 0 6145 -790460 1
gene 2 1712 2119 114288 0 6302 114288 1
gene 2 2119 2035 552138 0 6303 552138 0
gene 3 9 2161 153606 0 6421 153606 1
gene 3 2161 1890 -442587 0 6422 -442587 1
gene 4 453 2179 237009 1 6471 237009 1
gene 4 2179 453 185940 0 6472 185940 0
gene 4 7 2221 -800000 0 6590 -800000 1
gene 4 2221 15 459099 0 6591 459099 1
gene 2 393 2347 -181368 0 6963 -181368 1
gene 2 2347 380 -275364 0 6964 -275364 1
gene 2 729 188 318840 0 7008 318840 1
gene 2 6 2379 225129 0 7058 225129 1
gene 2 2379 15 -342180 0 7059 -342180 1
gene 4 188 2528 9630 0 7472 9630 1
gene 4 2528 927 339579 0 7473 339579 1
gene 4 12 2670 -79809 0 7902 -79809 1
gene 4 2670 13 -218283 0 7903 -218283 1
gene 1 2 2714 112380 0 8032 112380 1
gene 1 2714 14 -87432 0 8033 -87432 1
gene 4 2179 2738 63339 0 8108 63339 0
gene 4 2738 453 -598916 0 8109 -598916 1
gene 3 3 2780 -163415 0 8239 -163415 1
gene 3 2780 272 423381 0 8240 423381 1
gene 1 188 2842 -283254 0 8422 -283254 1
gene 1 2842 380 -272871 0 8423 -272871 1
gene 1 2379 1496 66510 0 8502 66510 1
gene 3 7 557 -343989 0 8780 -343989 1
gene 4 927 2974 -263378 0 8830 -263378 1
gene 4 2974 380 373134 0 8831 373134 1
gene 4 1496 380 64728 0 8877 64728 1
gene 4 2179 3040 -140978 0 9022 -140978 1
gene 4 3040 2738 -50823 0 9023 -50823 1
gene 2 2119 3093 1 0 9187 1 1
gene 2 3093 2035 121473 0 9188 121473 1
gene 4 4 3115 -153968 0 9249 -153968 1
gene 4 3115 24 -537734 0 9250 -537734 1
gene 1 1234 3154 1 0 9355 0 1
gene 1 3154 1084 -123444 0 9356 0 1
gene 1 469 2179 18468 1 9420 18468 1
genomeend 12


/* Organism #13 Fitness: 320.000000 Time: 0 */
/* Position #13*/
#1 x: 54 y: 38
#2 x: 69 y: 38
#3 x: 18 y: 17
#4 x: 81 y: 68
#5 x: 28 y: 67
#6 x: 20 y: 61
genomestart 13
trait 1 100000.000000 0.000000 0.000000 0.000000 0.000000 0.000000 0.000000 0.000000 trait 2 52534.000000 91990.000000 0.000000 100000.000000 0.000000 0.000000 0.000000 0.000000 trait 3 21555.000000 0.000000 74217.000000 0.000000 72769.000000 0.000000 0.000000 0.000000 trait 4 4.000000 0.000000 0.000000 0.000000 0.000000 0.000000 0.000000 0.000000 node 1 1 1 3
node 2 2 1 1
node 3 4 1 1
node 4 4 1 1
node 5 1 1 1
node 6 4 1 1
node 7 3 1 1
node 8 3 1 1
node 9 3 1 1
node 10 4 1 1
node 11 4 1 1
node 12 1 1 1
node 13 1 0 2
node 14 2 0 2
node 15 3 0 2
node 24 1 0 0
node 188 3 0 0
node 222 1 0 0
node 272 1 0 0
node 301 1 0 0
node 380 1 0 0
node 393 1 0 0
node 453 4 0 0
node 469 1 0 0
node 557 1 0 0
node 729 1 0 0
node 875 1 0 0
node 927 1 0 0
node 1021 1 0 0
node 1084 1 0 0
node 1116 1 0 0
node 1234 1 0 0
node 1295 1 0 0
node 1374 1 0 0
node 1496 1 0 0
node 1522 1 0 0
node 1622 1 0 0
node 1712 1 0 0
node 1847 1 0 0
node 1890 1 0 0
node 2011 1 0 0
node 2035 1 0 0
node 2119 1 0 0
node 2161 1 0 0
node 2179 3 0 0
node 2221 1 0 0
node 2347 1 0 0
node 2379 1 0 0
node 2528 1 0 0
node 2670 1 0 0
node 2714 1 0 0
node 2738 1 0 0
node 2780 1 0 0
node 2842 1 0 0
node 2974 1 0 0
node 3040 1 0 0
node 3093 1 0 0
node 3115 1 0 0
node 3154 1 0 0
node 3173 1 0 0
gene 1 1 13 -417846 0 1 -417846 1
gene 2 2 13 -274296 0 2 -274296 1
gene 2 3 13 31116 0 3 31116 1
gene 4 4 13 42288 0 4 42288 0
gene 3 5 13 134403 0 5 134403 1
gene 1 6 13 -200829 0 6 -200829 1
gene 3 7 13 800000 0 7 800000 1
gene 1 8 13 472599 0 8 472599 0
gene 4 9 13 -355749 0 9 -355749 1
gene 2 10 13 -475710 0 10 -475710 1
gene 3 11 13 -192558 0 11 -192558 1
gene 4 12 13 -487176 0 12 -487176 0
gene 1 1 14 322404 0 13 322404 1
gene 1 2 14 207018 0 14 207018 0
gene 2 3 14 637148 0 15 637148 1
gene 2 4 14 -372654 0 16 -372654 1
gene 1 5 14 680589 0 17 680589 1
gene 2 6 14 1566 0 18 1566 0
gene 3 7 14 -438555 0 19 -438555 0
gene 3 8 14 113235 0 20 113235 1
gene 3 9 14 -800000 0 21 -800000 0
gene 2 10 14 -88677 0 22 -88677 1
gene 3 11 14 -800000 0 23 -800000 1
gene 2 12 14 -156345 0 24 -156345 1
gene 2 1 15 81477 0 25 81477 1
gene 3 2 15 661434 0 26 661434 1
gene 4 3 15 182489 0 27 182489 0
gene 1 4 15 -653802 0 28 -653802 0
gene 4 5 15 68733 0 29 68733 1
gene 2 6 15 567279 0 30 567279 0
gene 2 7 15 388803 0 31 388803 0
gene 2 8 15 203646 0 32 203646 0
gene 2 9 15 -800000 0 33 -800000 0
gene 2 10 15 -97518 0 34 -97518 1
gene 3 11 15 -126747 0 35 -126747 1
gene 2 12 15 486120 0 36 486120 0
gene 4 4 24 -552248 0 62 -552248 0
gene 4 24 13 644843 0 63 644843 1
gene 1 24 24 147105 1 127 147105 0
gene 3 15 13 -438516 0 293 -438516 1
gene 2 7 24 -800000 0 408 -800000 0
gene 3 7 188 -186747 0 526 -186747 1
gene 3 188 14 -145659 0 527 -145659 1
gene 2 9 222 400217 0 645 400217 0
gene 2 222 15 -306294 0 646 -306294 1
gene 3 3 272 -446163 0 798 -446163 0
gene 3 272 15 183585 0 799 183585 0
gene 2 3 24 -593580 0 850 -593580 1
gene 1 24 301 151815 1 893 151815 0
gene 1 301 24 10729 0 894 10729 0
gene 1 188 188 127983 1 934 127983 1
gene 3 4 188 430596 0 1080 430596 1
gene 2 6 380 -442362 0 1115 -442362 1
gene 2 380 14 138084 0 1116 138084 1
gene 1 4 393 221862 0 1157 221862 0
gene 1 393 15 38589 0 1158 38589 1
gene 1 15 380 36735 0 1196 36735 1
gene 2 12 188 508935 0 1302 508935 0
gene 2 9 453 -564753 0 1346 -564753 1
gene 2 453 222 -800000 0 1347 -800000 1
gene 1 24 469 -266922 1 1394 -266922 0
gene 2 469 301 -582102 0 1395 -582102 0
gene 3 222 24 -193932 0 1576 -193932 1
gene 4 3 188 371781 0 1616 371781 1
gene 3 272 557 562743 0 1666 562743 1
gene 1 557 15 81243 0 1667 81243 0
gene 1 6 272 178881 0 1830 178881 0
gene 4 12 380 -800000 0 1879 -800000 0
gene 1 469 729 -570329 0 2197 -570329 1
gene 1 729 301 -117624 0 2198 -117624 1
gene 2 14 301 140595 0 2244 140595 1
gene 1 188 380 -62208 0 2284 -62208 0
gene 3 8 875 -251550 0 2630 -251550 0
gene 1 875 13 -73569 0 2631 -73569 1
gene 4 12 927 -163383 0 2791 -163383 1
gene 4 927 380 -216117 0 2792 -216117 0
gene 2 393 380 -800000 0 3014 -800000 0
gene 2 7 1021 363087 0 3066 363087 1
gene 2 1021 24 -509040 0 3067 -509040 1
gene 1 8 1084 115038 0 3243 115038 0
gene 1 1084 875 -413232 0 3244 -413232 0
gene 4 188 927 -800000 0 3297 -800000 0
gene 1 1084 1116 -244878 0 3335 -244878 1
gene 1 1116 875 -93402 0 3336 -93402 0
gene 1 222 469 -353625 0 3394 -353625 1
gene 1 8 1234 101730 0 3693 101730 1
gene 1 1234 1084 -123444 0 3694 -123444 0
gene 1 301 1295 -800000 0 3863 -800000 1
gene 1 1295 24 743274 0 3864 743274 1
gene 1 2 393 -5073 0 3943 -5073 1
gene 4 1084 1084 488016 1 4053 488016 1
gene 3 1295 1084 800000 0 4076 800000 1
gene 1 1116 1374 263160 0 4119 263160 1
gene 1 1374 875 306678 0 4120 306678 1
gene 2 272 1084 -225921 0 4218 -225921 1
gene 2 12 1496 613496 0 4474 613496 1
gene 2 1496 15 -82668 0 4475 -82668 1
gene 1 557 1522 456524 0 4546 456524 1
gene 1 1522 15 -759912 0 4547 -759912 1
gene 3 1116 1021 -800000 0 4657 -800000 1
gene 3 9 380 273285 0 4725 273285 1
gene 2 12 1622 -164178 0 4831 -164178 1
gene 2 1622 188 368700 0 4832 368700 1
gene 4 453 453 279453 1 4965 279453 0
gene 2 8 1712 331734 0 5099 331734 1
gene 2 1712 15 -165156 0 5100 -165156 0
gene 1 6 1847 358404 0 5495 358404 1
gene 1 1847 272 -367491 0 5496 -367491 1
gene 3 9 1890 -155739 0 5636 -155739 0
gene 3 1890 14 -195218 0 5637 -195218 1
gene 4 1116 13 -8043 0 5838 -8043 1
gene 1 9 1712 33234 0 5937 33234 1
gene 1 24 2011 -45531 1 5985 -45531 1
gene 1 2011 469 257949 0 5986 257949 1
gene 2 1712 2035 -254490 0 6047 -254490 0
gene 2 2035 15 504645 0 6048 504645 1
gene 3 927 1084 753429 0 6090 753429 1
gene 4 1847 453 -790460 0 6145 -790460 1
gene 2 1712 2119 114288 0 6302 114288 1
gene 2 2119 2035 552138 0 6303 552138 0
gene 3 9 2161 153606 0 6421 153606 1
gene 3 2161 1890 -442587 0 6422 -442587 1
gene 4 453 2179 237009 1 6471 237009 1
gene 4 2179 453 185940 0 6472 185940 0
gene 4 7 2221 -800000 0 6590 -800000 1
gene 4 2221 15 459099 0 6591 459099 1
gene 2 393 2347 -181368 0 6963 -181368 1
gene 2 2347 380 -275364 0 6964 -275364 1
gene 2 729 188 318840 0 7008 318840 1
gene 2 6 2379 225129 0 7058 225129 1
gene 2 2379 15 -342180 0 7059 -342180 1
gene 4 188 2528 9630 0 7472 9630 1
gene 4 2528 927 339579 0 7473 339579 1
gene 4 12 2670 -79809 0 7902 -79809 1
gene 4 2670 13 -218283 0 7903 -218283 1
gene 1 2 2714 112380 0 8032 112380 1
gene 1 2714 14 -87432 0 8033 -87432 1
gene 4 2179 2738 63339 0 8108 63339 0
gene 4 2738 453 -598916 0 8109 -598916 1
gene 3 3 2780 -163415 0 8239 -163415 1
gene 3 2780 272 423381 0 8240 423381 1
gene 1 188 2842 -283254 0 8422 -283254 1
gene 1 2842 380 -272871 0 8423 -272871 1
gene 1 2379 1496 66510 0 8502 66510 1
gene 3 7 557 -343989 0 8780 -343989 1
gene 4 927 2974 -263378 0 8830 -263378 1
gene 4 2974 380 373134 0 8831 373134 1
gene 4 1496 380 64728 0 8877 64728 1
gene 4 2179 3040 -140978 0 9022 -140978 1
gene 4 3040 2738 -50823 0 9023 -50823 1
gene 2 2119 3093 1 0 9187 1 1
gene 2 3093 2035 121473 0 9188 121473 1
gene 4 4 3115 -153968 0 9249 -153968 1
gene 4 3115 24 -537734 0 9250 -537734 1
gene 1 1234 3154 1 0 9355 0 1
gene 1 3154 1084 -123444 0 9356 0 1
gene 1 4 3173 1 0 9415 0 1
gene 1 3173 393 221862 0 9416 0 1
genomeend 13


/* Organism #16 Fitness: 360.000000 Time: 0 */
/* Position #16*/
#1 x: 18 y: 15
#2 x: 76 y: 16
#3 x: 44 y: 24
#4 x: 42 y: 74
#5 x: 32 y: 72
#6 x: 76 y: 65
genomestart 16
trait 1 100000.000000 0.000000 10519.000000 0.000000 0.000000 100000.000000 1198.000000 0.000000 trait 2 0.000000 12649.000000 36859.000000 100000.000000 0.000000 0.000000 0.000000 55198.000000 trait 3 41432.000000 0.000000 24066.000000 0.000000 100000.000000 0.000000 0.000000 47464.000000 trait 4 4.000000 0.000000 0.000000 0.000000 0.000000 0.000000 0.000000 0.000000 node 1 1 1 3
node 2 2 1 1
node 3 4 1 1
node 4 4 1 1
node 5 1 1 1
node 6 4 1 1
node 7 3 1 1
node 8 3 1 1
node 9 3 1 1
node 10 4 1 1
node 11 4 1 1
node 12 1 1 1
node 13 1 0 2
node 14 2 0 2
node 15 4 0 2
node 24 1 0 0
node 188 3 0 0
node 222 1 0 0
node 272 1 0 0
node 301 1 0 0
node 380 1 0 0
node 393 1 0 0
node 453 4 0 0
node 469 1 0 0
node 557 1 0 0
node 729 1 0 0
node 875 1 0 0
node 927 1 0 0
node 1021 1 0 0
node 1084 1 0 0
node 1116 1 0 0
node 1234 4 0 0
node 1295 1 0 0
node 1374 1 0 0
node 1496 1 0 0
node 1522 1 0 0
node 1622 1 0 0
node 1712 1 0 0
node 1847 1 0 0
node 1890 1 0 0
node 2011 1 0 0
node 2035 1 0 0
node 2119 1 0 0
node 2161 1 0 0
node 2179 1 0 0
node 2221 1 0 0
node 2347 1 0 0
node 2379 1 0 0
node 2428 1 0 0
node 2441 1 0 0
node 2472 1 0 0
node 2511 1 0 0
node 2581 1 0 0
node 2603 1 0 0
node 2679 1 0 0
node 2689 1 0 0
node 2709 1 0 0
node 2977 1 0 0
node 3054 1 0 0
node 3120 1 0 0
node 3139 1 0 0
gene 1 1 13 -800000 0 1 -800000 1
gene 2 2 13 -506967 0 2 -506967 1
gene 2 3 13 -156597 0 3 -156597 1
gene 4 4 13 242424 0 4 242424 0
gene 2 5 13 -271910 0 5 -271910 1
gene 1 6 13 -513348 0 6 -513348 1
gene 3 7 13 -182136 0 7 -182136 1
gene 1 8 13 -319134 0 8 -319134 0
gene 4 9 13 -70929 0 9 -70929 1
gene 2 10 13 -800000 0 10 -800000 1
gene 3 11 13 101673 0 11 101673 1
gene 4 12 13 -322998 0 12 -322998 1
gene 1 1 14 -559878 0 13 -559878 1
gene 1 2 14 93120 0 14 93120 1
gene 2 3 14 663840 0 15 663840 1
gene 2 4 14 -301221 0 16 -301221 1
gene 1 5 14 245928 0 17 245928 1
gene 2 6 14 435228 0 18 435228 0
gene 3 7 14 529284 0 19 529284 0
gene 3 8 14 297807 0 20 297807 1
gene 3 9 14 -557013 0 21 -557013 0
gene 2 10 14 -294414 0 22 -294414 1
gene 3 11 14 3654 0 23 3654 1
gene 2 12 14 -239361 0 24 -239361 1
gene 2 1 15 269503 0 25 269503 1
gene 3 2 15 398721 0 26 398721 1
gene 4 3 15 -284207 0 27 -284207 0
gene 1 4 15 -344934 0 28 -344934 0
gene 4 5 15 384114 0 29 384114 0
gene 2 6 15 497454 0 30 497454 0
gene 4 7 15 428946 0 31 428946 0
gene 2 8 15 -259227 0 32 -259227 0
gene 2 9 15 -741324 0 33 -741324 0
gene 2 10 15 411822 0 34 411822 1
gene 3 11 15 -94233 0 35 -94233 1
gene 2 12 15 -338757 0 36 -338757 0
gene 4 4 24 203748 0 62 203748 1
gene 4 24 13 -359439 0 63 -359439 1
gene 1 24 24 401867 1 127 401867 0
gene 3 15 13 29838 0 293 29838 1
gene 2 7 24 -167952 0 408 -167952 0
gene 3 7 188 26106 0 526 26106 1
gene 3 188 14 732042 0 527 732042 1
gene 2 9 222 -544971 0 645 -544971 0
gene 2 222 15 -118080 0 646 -118080 1
gene 3 3 272 -196110 0 798 -196110 0
gene 3 272 15 -233856 0 799 -233856 0
gene 2 3 24 -51804 0 850 -51804 1
gene 1 24 301 -12732 1 893 -12732 0
gene 1 301 24 256998 0 894 256998 0
gene 1 188 188 -701612 1 934 -701612 1
gene 3 4 188 216114 0 1080 216114 1
gene 2 6 380 424482 0 1115 424482 1
gene 2 380 14 -200895 0 1116 -200895 1
gene 1 4 393 -302013 0 1157 -302013 1
gene 1 393 15 -15981 0 1158 -15981 1
gene 1 15 380 621432 0 1196 621432 1
gene 2 12 188 124218 0 1302 124218 0
gene 2 9 453 -189726 0 1346 -189726 1
gene 2 453 222 -526907 0 1347 -526907 1
gene 1 24 469 220866 1 1394 220866 0
gene 1 469 301 -797363 0 1395 -797363 0
gene 3 222 24 -24996 0 1576 -24996 1
gene 4 3 188 -96541 0 1616 -96541 1
gene 3 272 557 -763712 0 1666 -763712 0
gene 1 557 15 10977 0 1667 10977 0
gene 1 6 272 -449193 0 1830 -449193 0
gene 4 12 380 -517392 0 1879 -517392 0
gene 1 469 729 -376413 0 2197 -376413 1
gene 1 729 301 -85524 0 2198 -85524 1
gene 2 14 301 127878 0 2244 127878 1
gene 1 188 380 98646 0 2284 98646 1
gene 3 8 875 -296847 0 2630 -296847 0
gene 1 875 13 315441 0 2631 315441 1
gene 4 12 927 588021 0 2791 588021 1
gene 4 927 380 113505 0 2792 113505 1
gene 2 393 380 -245007 0 3014 -245007 0
gene 2 7 1021 -79323 0 3066 -79323 1
gene 2 1021 24 598734 0 3067 598734 1
gene 1 8 1084 -228345 0 3243 -228345 0
gene 1 1084 875 166461 0 3244 166461 0
gene 4 188 927 255003 0 3297 255003 1
gene 1 1084 1116 65211 0 3335 65211 1
gene 1 1116 875 732909 0 3336 732909 0
gene 1 222 469 570975 0 3394 570975 0
gene 1 8 1234 -797495 0 3693 -797495 0
gene 1 1234 1084 -57567 0 3694 -57567 0
gene 1 301 1295 -157500 0 3863 -157500 1
gene 1 1295 24 341045 0 3864 341045 1
gene 1 2 393 -274599 0 3943 -274599 1
gene 4 1084 1084 -607638 1 4053 -607638 1
gene 3 1295 1084 203319 0 4076 203319 1
gene 1 1116 1374 -556905 0 4119 -556905 1
gene 1 1374 875 693918 0 4120 693918 1
gene 2 272 1084 -381936 0 4218 -381936 1
gene 2 12 1496 -571026 0 4474 -571026 0
gene 2 1496 15 -245997 0 4475 -245997 1
gene 2 557 1522 573462 0 4546 573462 1
gene 1 1522 15 -32154 0 4547 -32154 0
gene 4 1116 1021 -151233 0 4657 -151233 1
gene 3 9 380 302109 0 4725 302109 1
gene 2 12 1622 71841 0 4831 71841 0
gene 2 1622 188 -168837 0 4832 -168837 0
gene 4 453 453 297369 1 4965 297369 0
gene 2 8 1712 163515 0 5099 163515 1
gene 2 1712 15 272835 0 5100 272835 0
gene 1 6 1847 -480582 0 5495 -480582 1
gene 1 1847 272 748532 0 5496 748532 1
gene 3 9 1890 -196683 0 5636 -196683 0
gene 3 1890 14 -343686 0 5637 -343686 1
gene 4 1116 13 434421 0 5838 434421 1
gene 1 9 1712 -297540 0 5937 -297540 1
gene 1 24 2011 781814 1 5985 781814 1
gene 1 2011 469 -41514 0 5986 -41514 1
gene 2 1712 2035 534447 0 6047 534447 0
gene 2 2035 15 -436896 0 6048 -436896 1
gene 1 927 1084 272937 0 6090 272937 0
gene 4 1847 453 381075 0 6145 381075 1
gene 2 1712 2119 192050 0 6302 192050 1
gene 2 2119 2035 320826 0 6303 320826 1
gene 3 9 2161 -177858 0 6421 -177858 1
gene 3 2161 1890 86715 0 6422 86715 1
gene 4 453 2179 22779 1 6471 22779 1
gene 4 2179 453 -223524 0 6472 -223524 1
gene 4 7 2221 -105084 0 6590 -105084 1
gene 4 2221 15 593679 0 6591 593679 0
gene 2 393 2347 282987 0 6963 282987 1
gene 2 2347 380 406218 0 6964 406218 1
gene 2 729 188 -156630 0 7008 -156630 1
gene 2 6 2379 192225 0 7058 192225 1
gene 2 2379 15 294342 0 7059 294342 1
gene 1 1234 2428 65352 0 7193 65352 1
gene 1 2428 1084 581121 0 7194 581121 1
gene 4 2221 2441 77217 0 7231 77217 1
gene 4 2441 15 -153702 0 7232 -153702 1
gene 2 1622 2472 125844 0 7317 125844 1
gene 2 2472 188 -141357 0 7318 -141357 1
gene 4 1712 557 255855 0 7368 255855 1
gene 1 1522 2511 -290844 0 7422 -290844 1
gene 1 2511 15 -272730 0 7423 -272730 1
gene 2 4 301 -56919 0 7485 -56919 1
gene 2 2035 2379 -9957 0 7596 -9957 0
gene 3 3 2581 -62667 0 7648 -62667 1
gene 3 2581 272 -565514 0 7649 -565514 1
gene 1 8 2603 206493 0 7715 206493 1
gene 1 2603 1234 -773505 0 7716 -773505 1
gene 2 12 2679 177039 0 7930 177039 1
gene 2 2679 1622 79128 0 7931 79128 1
gene 2 2035 2689 243417 0 7960 243417 1
gene 2 2689 2379 800000 0 7961 800000 1
gene 2 12 2709 -186504 0 8017 -186504 1
gene 2 2709 1496 237627 0 8018 237627 1
gene 3 2428 188 252333 0 8525 252333 1
gene 3 875 380 446988 1 8704 446988 1
gene 3 272 2977 -123534 0 8837 -123534 1
gene 3 2977 557 -284931 0 8838 -284931 1
gene 3 2603 380 -181245 0 8883 -181245 1
gene 2 393 2221 -119013 0 8955 -119013 1
gene 1 222 3054 216928 0 9060 216928 1
gene 1 3054 469 698835 0 9061 698835 1
gene 1 927 3120 1 0 9265 0 1
gene 1 3120 1084 272937 0 9266 0 1
gene 4 5 3139 1 0 9311 0 1
gene 4 3139 15 384114 0 9312 0 1
gene 3 15 2472 4109 0 9359 4109 1
genomeend 16


/* Organism #32 Fitness: 480.000000 Time: 0 */
/* Position #32*/
#1 x: 36 y: 26
#2 x: 61 y: 19
#3 x: 20 y: 31
#4 x: 64 y: 76
#5 x: 24 y: 70
#6 x: 64 y: 83
genomestart 32
trait 1 1.000000 0.000000 0.000000 0.000000 0.000000 0.000000 0.000000 0.000000 trait 2 2.000000 0.000000 22029.000000 32893.000000 0.000000 100000.000000 0.000000 0.000000 trait 3 0.000000 91664.000000 0.000000 0.000000 0.000000 0.000000 30029.000000 0.000000 trait 4 4.000000 0.000000 0.000000 0.000000 0.000000 0.000000 0.000000 0.000000 node 1 4 1 3
node 2 2 1 1
node 3 4 1 1
node 4 2 1 1
node 5 4 1 1
node 6 3 1 1
node 7 2 1 1
node 8 1 1 1
node 9 4 1 1
node 10 1 1 1
node 11 1 1 1
node 12 4 1 1
node 13 3 0 2
node 14 1 0 2
node 15 4 0 2
node 71 1 0 0
node 289 1 0 0
node 317 1 0 0
node 368 1 0 0
node 381 1 0 0
node 394 1 0 0
node 473 1 0 0
node 490 1 0 0
node 568 1 0 0
node 647 1 0 0
node 686 1 0 0
node 704 1 0 0
node 760 3 0 0
node 834 1 0 0
node 877 1 0 0
node 886 1 0 0
node 948 1 0 0
node 996 1 0 0
node 1018 1 0 0
node 1030 1 0 0
node 1107 1 0 0
node 1188 1 0 0
node 1240 1 0 0
node 1316 1 0 0
node 1373 1 0 0
node 1445 1 0 0
node 1459 1 0 0
node 1474 4 0 0
node 1504 1 0 0
node 1625 1 0 0
node 1675 1 0 0
node 1700 1 0 0
node 1720 1 0 0
node 1888 1 0 0
node 2052 1 0 0
node 2089 1 0 0
node 2268 1 0 0
node 2464 1 0 0
node 2481 1 0 0
node 2494 1 0 0
node 2621 1 0 0
node 2677 1 0 0
node 2748 1 0 0
node 2788 1 0 0
node 2870 1 0 0
node 2962 1 0 0
node 2981 1 0 0
node 3070 1 0 0
node 3164 1 0 0
gene 4 1 13 500307 0 1 500307 1
gene 3 2 13 256701 0 2 256701 1
gene 2 3 13 155565 0 3 155565 0
gene 4 4 13 19641 0 4 19641 1
gene 2 5 13 -506564 0 5 -506564 0
gene 3 6 13 -25076 0 6 -25076 1
gene 1 7 13 -222732 0 7 -222732 0
gene 1 8 13 -800000 0 8 -800000 1
gene 1 9 13 -243498 0 9 -243498 0
gene 2 10 13 -800000 0 10 -800000 1
gene 3 11 13 309630 0 11 309630 1
gene 3 12 13 -25368 0 12 -25368 1
gene 1 1 14 133413 0 13 133413 1
gene 1 2 14 142988 0 14 142988 0
gene 3 3 14 220302 0 15 220302 0
gene 1 4 14 168315 0 16 168315 0
gene 1 5 14 -208377 0 17 -208377 1
gene 1 6 14 -9087 0 18 -9087 1
gene 1 7 14 121737 0 19 121737 1
gene 2 8 14 -256395 0 20 -256395 1
gene 2 9 14 -386667 0 21 -386667 0
gene 1 10 14 68325 0 22 68325 0
gene 3 11 14 -191978 0 23 -191978 1
gene 2 12 14 -260118 0 24 -260118 0
gene 3 1 15 -146790 0 25 -146790 1
gene 2 2 15 -24264 0 26 -24264 1
gene 4 3 15 96978 0 27 96978 0
gene 2 4 15 -341919 0 28 -341919 0
gene 2 5 15 473568 0 29 473568 0
gene 1 6 15 -393474 0 30 -393474 1
gene 4 7 15 -504935 0 31 -504935 0
gene 2 8 15 202947 0 32 202947 0
gene 2 9 15 677369 0 33 677369 1
gene 1 10 15 -100294 0 34 -100294 0
gene 3 11 15 -399060 0 35 -399060 1
gene 1 12 15 14382 0 36 14382 0
gene 4 3 71 764121 0 201 764121 0
gene 3 71 14 164757 0 202 164757 0
gene 1 13 13 -367653 1 248 -367653 1
gene 2 13 15 -578508 0 413 -578508 1
gene 4 10 71 -382875 0 454 -382875 1
gene 2 7 71 -264597 0 542 -264597 0
gene 4 8 71 -501918 0 717 -501918 1
gene 4 71 71 209021 1 769 209021 0
gene 4 3 289 -167742 0 858 -167742 0
gene 4 289 15 278631 0 859 278631 0
gene 3 289 14 181899 0 897 181899 0
gene 4 3 317 131010 0 942 131010 0
gene 4 317 289 112227 0 943 112227 1
gene 2 8 368 229572 0 1081 229572 1
gene 2 368 15 -185598 0 1082 -185598 1
gene 1 2 381 -149853 0 1117 -149853 0
gene 2 381 14 332816 0 1118 332816 0
gene 4 3 394 186414 0 1159 186414 1
gene 4 394 71 -147528 0 1160 -147528 1
gene 4 1 394 -46807 0 1362 -46807 1
gene 2 3 473 336072 0 1405 336072 1
gene 2 473 13 -42180 0 1406 -42180 1
gene 1 10 490 -124539 0 1456 -124539 0
gene 1 490 14 263478 0 1457 263478 1
gene 3 13 289 -342921 0 1591 -342921 1
gene 4 71 568 245952 1 1699 245952 1
gene 4 568 71 544787 0 1700 544787 0
gene 3 568 15 -392988 0 1754 -392988 1
gene 3 289 394 -547386 0 1809 -547386 0
gene 4 568 647 -5961 0 1948 -5961 1
gene 4 647 71 169188 0 1949 169188 1
gene 1 7 686 314853 0 2069 314853 1
gene 1 686 71 -95598 0 2070 -95598 1
gene 3 71 704 518882 0 2122 518882 0
gene 3 704 14 -387360 0 2123 -387360 1
gene 3 289 760 -238911 0 2296 -238911 1
gene 3 760 394 147855 0 2297 147855 1
gene 4 368 394 187761 0 2326 187761 0
gene 2 10 289 -172770 0 2376 -172770 1
gene 4 3 834 353496 0 2518 353496 1
gene 4 834 317 255081 0 2519 255081 0
gene 2 12 877 -535769 0 2634 -535769 1
gene 2 877 14 133053 0 2635 133053 1
gene 2 4 886 -297936 0 2665 -297936 0
gene 2 886 15 -239166 0 2666 -239166 1
gene 2 5 948 -301641 0 2855 -301641 0
gene 2 948 13 -800000 0 2856 -800000 1
gene 2 877 877 800000 1 2903 800000 1
gene 1 7 996 112368 0 2996 112368 1
gene 1 996 13 319326 0 2997 319326 1
gene 3 7 1018 -109758 0 3054 -109758 1
gene 4 1018 15 -97071 0 3055 -97071 1
gene 1 4 1030 -290154 0 3100 -290154 1
gene 1 1030 14 54897 0 3101 54897 1
gene 3 568 568 228795 1 3154 228795 0
gene 2 5 1107 208857 0 3308 208857 1
gene 2 1107 948 646571 0 3309 646571 1
gene 4 686 686 -40647 1 3352 -40647 1
gene 3 996 490 103149 0 3408 103149 1
gene 2 9 1188 384690 0 3558 384690 0
gene 2 1188 14 -253362 0 3559 -253362 1
gene 4 381 71 -29220 0 3665 -29220 0
gene 1 10 1240 235836 0 3707 235836 1
gene 1 1240 490 800000 0 3708 800000 1
gene 3 1107 1030 104271 0 3763 104271 1
gene 2 9 1316 -126201 0 3922 -126201 0
gene 2 1316 1188 -357488 0 3923 -357488 0
gene 1 12 1373 -25497 0 4116 -25497 1
gene 1 1373 15 174402 0 4117 174402 0
gene 1 3 1316 713784 0 4180 713784 1
gene 4 834 1445 675510 0 4313 675510 1
gene 4 1445 317 -106779 0 4314 -106779 1
gene 4 381 1459 -709692 0 4355 -709692 1
gene 4 1459 71 609296 0 4356 609296 1
gene 3 289 1474 -246075 0 4406 -246075 1
gene 3 1474 14 549783 0 4407 549783 1
gene 2 394 1373 -800000 0 4457 -800000 1
gene 2 5 1504 -767702 0 4497 -767702 0
gene 2 1504 15 264927 0 4498 264927 1
gene 4 1504 886 242559 0 4750 242559 1
gene 2 9 1625 -104316 0 4838 -104316 1
gene 1 1625 1316 600693 0 4839 600693 1
gene 1 1 1625 786726 0 4968 786726 1
gene 3 568 1675 -721412 1 4996 -721412 1
gene 3 1675 568 448731 0 4997 448731 0
gene 2 5 1700 550134 0 5071 550134 1
gene 2 1700 1504 -1254 0 5072 -1254 1
gene 3 71 1720 -580011 0 5118 -580011 1
gene 3 1720 704 -745436 0 5119 -745436 0
gene 1 886 381 683646 0 5222 683646 0
gene 1 1373 1888 -33150 0 5630 -33150 1
gene 1 1888 15 -230679 0 5631 -230679 1
gene 1 1107 490 -99093 0 5814 -99093 1
gene 4 1107 15 -71118 0 5917 -71118 1
gene 4 14 14 -367101 1 5955 -367101 1
gene 2 1700 1700 -363123 1 6001 -363123 1
gene 3 1675 2052 99558 0 6096 99558 1
gene 3 2052 568 671049 0 6097 671049 1
gene 1 9 2089 -41694 0 6209 -41694 1
gene 1 2089 13 61173 0 6210 61173 1
gene 4 368 2268 -211437 0 6730 -211437 0
gene 4 2268 394 31497 0 6731 31497 0
gene 1 1018 1720 214761 0 7116 214761 1
gene 4 289 2464 461940 0 7294 461940 1
gene 4 2464 15 -800000 0 7295 -800000 1
gene 1 10 2481 431229 0 7343 431229 1
gene 1 2481 15 -245145 0 7344 -245145 1
gene 4 368 2494 -62415 0 7380 -62415 1
gene 4 2494 2268 -800000 0 7381 -800000 0
gene 1 647 568 -271350 1 7528 -271350 0
gene 4 2268 2621 135300 0 7767 135300 1
gene 4 2621 394 -209670 0 7768 -209670 1
gene 2 381 2677 -517452 0 7926 -517452 1
gene 2 2677 14 419895 0 7927 419895 1
gene 2 4 2748 43971 0 8138 43971 1
gene 2 2748 886 160161 0 8139 160161 1
gene 4 2677 289 617394 0 8179 617394 1
gene 4 2494 2788 -123096 0 8266 -123096 1
gene 4 2788 2268 -5484 0 8267 -5484 1
gene 2 948 2268 -130068 0 8366 -130068 1
gene 1 886 2870 -2328 0 8514 -2328 1
gene 1 2870 381 -232812 0 8515 -232812 1
gene 1 647 2962 -506124 1 8800 -506124 1
gene 1 2962 568 144222 0 8801 144222 1
gene 1 2 2981 46083 0 8850 46083 1
gene 1 2981 381 40461 0 8851 40461 1
gene 3 1720 3070 338857 0 9112 338857 1
gene 3 3070 704 -800000 0 9113 -800000 1
gene 4 13 647 177246 0 9147 177246 1
gene 2 1316 3164 1 0 9388 0 1
gene 2 3164 1188 -357488 0 9389 0 1
gene 3 71 2621 -12863 1 9440 -12863 1
genomeend 32


/* Organism #42 Fitness: 340.000000 Time: 0 */
/* Position #42*/
#1 x: 38 y: 39
#2 x: 62 y: 37
#3 x: 24 y: 31
#4 x: 15 y: 66
#5 x: 38 y: 69
#6 x: 20 y: 78
genomestart 42
trait 1 100000.000000 0.000000 1323.000000 66883.000000 0.000000 0.000000 0.000000 70818.000000 trait 2 52534.000000 91990.000000 0.000000 100000.000000 0.000000 0.000000 0.000000 0.000000 trait 3 21555.000000 0.000000 74217.000000 0.000000 72769.000000 0.000000 0.000000 0.000000 trait 4 4.000000 0.000000 0.000000 0.000000 0.000000 0.000000 0.000000 0.000000 node 1 1 1 3
node 2 2 1 1
node 3 4 1 1
node 4 4 1 1
node 5 1 1 1
node 6 4 1 1
node 7 3 1 1
node 8 3 1 1
node 9 3 1 1
node 10 4 1 1
node 11 4 1 1
node 12 1 1 1
node 13 1 0 2
node 14 2 0 2
node 15 4 0 2
node 24 1 0 0
node 188 3 0 0
node 222 1 0 0
node 272 1 0 0
node 301 1 0 0
node 380 2 0 0
node 393 1 0 0
node 453 4 0 0
node 469 1 0 0
node 557 1 0 0
node 729 1 0 0
node 875 1 0 0
node 927 1 0 0
node 1021 1 0 0
node 1084 1 0 0
node 1116 1 0 0
node 1234 1 0 0
node 1295 1 0 0
node 1374 1 0 0
node 1496 1 0 0
node 1522 1 0 0
node 1622 1 0 0
node 1712 1 0 0
node 1847 1 0 0
node 1890 1 0 0
node 2011 1 0 0
node 2035 1 0 0
node 2119 1 0 0
node 2161 1 0 0
node 2179 3 0 0
node 2221 1 0 0
node 2347 1 0 0
node 2379 1 0 0
node 2575 1 0 0
node 2588 1 0 0
node 2609 1 0 0
node 2698 1 0 0
node 2880 1 0 0
node 3032 1 0 0
node 3074 1 0 0
node 3092 1 0 0
node 3109 1 0 0
node 3130 1 0 0
node 3183 1 0 0
gene 1 1 13 -420348 0 1 -420348 1
gene 2 2 13 478224 0 2 478224 1
gene 2 3 13 636654 0 3 636654 1
gene 4 4 13 341754 0 4 341754 0
gene 3 5 13 25425 0 5 25425 1
gene 1 6 13 -45930 0 6 -45930 1
gene 3 7 13 -216261 0 7 -216261 1
gene 1 8 13 -23613 0 8 -23613 0
gene 4 9 13 284541 0 9 284541 1
gene 2 10 13 -688277 0 10 -688277 1
gene 3 11 13 615744 0 11 615744 1
gene 4 12 13 -348473 0 12 -348473 1
gene 1 1 14 -212049 0 13 -212049 1
gene 1 2 14 -511602 0 14 -511602 1
gene 2 3 14 -780167 0 15 -780167 1
gene 2 4 14 538388 0 16 538388 1
gene 1 5 14 169155 0 17 169155 1
gene 2 6 14 434271 0 18 434271 0
gene 3 7 14 286341 0 19 286341 0
gene 3 8 14 -4749 0 20 -4749 1
gene 3 9 14 375672 0 21 375672 0
gene 2 10 14 49956 0 22 49956 1
gene 3 11 14 -731138 0 23 -731138 1
gene 2 12 14 -71652 0 24 -71652 1
gene 2 1 15 705372 0 25 705372 1
gene 3 2 15 -141834 0 26 -141834 1
gene 4 3 15 -199476 0 27 -199476 0
gene 1 4 15 -564774 0 28 -564774 0
gene 4 5 15 -240516 0 29 -240516 1
gene 2 6 15 -22908 0 30 -22908 0
gene 4 7 15 -257103 0 31 -257103 0
gene 2 8 15 -318348 0 32 -318348 0
gene 2 9 15 -800000 0 33 -800000 0
gene 2 10 15 -254745 0 34 -254745 1
gene 3 11 15 -320583 0 35 -320583 1
gene 2 12 15 -513099 0 36 -513099 0
gene 4 4 24 -332445 0 62 -332445 1
gene 4 24 13 -604815 0 63 -604815 1
gene 1 24 24 -22983 1 127 -22983 0
gene 3 15 13 800000 0 293 800000 1
gene 2 7 24 -716610 0 408 -716610 0
gene 3 7 188 -556229 0 526 -556229 1
gene 3 188 14 -452985 0 527 -452985 1
gene 2 9 222 486885 0 645 486885 0
gene 2 222 15 -606810 0 646 -606810 1
gene 3 3 272 519140 0 798 519140 0
gene 3 272 15 355248 0 799 355248 0
gene 2 3 24 290166 0 850 290166 1
gene 1 24 301 526338 1 893 526338 0
gene 1 301 24 -794187 0 894 -794187 0
gene 1 188 188 -191265 1 934 -191265 1
gene 3 4 188 84087 0 1080 84087 1
gene 2 6 380 141687 0 1115 141687 1
gene 2 380 14 -375948 0 1116 -375948 1
gene 1 4 393 -544751 0 1157 -544751 1
gene 1 393 15 -205656 0 1158 -205656 1
gene 1 15 380 -28110 0 1196 -28110 0
gene 2 12 188 -279057 0 1302 -279057 0
gene 2 9 453 347022 0 1346 347022 1
gene 2 453 222 538539 0 1347 538539 1
gene 1 24 469 113337 1 1394 113337 0
gene 1 469 301 -95349 0 1395 -95349 0
gene 3 222 24 209166 0 1576 209166 1
gene 4 3 188 96186 0 1616 96186 1
gene 3 272 557 -115650 0 1666 -115650 1
gene 1 557 15 -92916 0 1667 -92916 0
gene 1 6 272 624932 0 1830 624932 0
gene 4 12 380 307269 0 1879 307269 0
gene 1 469 729 800000 0 2197 800000 1
gene 1 729 301 631416 0 2198 631416 1
gene 2 14 301 -451089 0 2244 -451089 1
gene 1 188 380 258726 0 2284 258726 1
gene 3 8 875 -6525 0 2630 -6525 0
gene 1 875 13 406431 0 2631 406431 1
gene 4 12 927 375639 0 2791 375639 1
gene 4 927 380 334533 0 2792 334533 1
gene 2 393 380 305445 0 3014 305445 0
gene 2 7 1021 -322092 0 3066 -322092 1
gene 2 1021 24 624695 0 3067 624695 1
gene 1 8 1084 -94260 0 3243 -94260 0
gene 1 1084 875 727380 0 3244 727380 0
gene 4 188 927 -120285 0 3297 -120285 1
gene 1 1084 1116 -717836 0 3335 -717836 1
gene 1 1116 875 556587 0 3336 556587 0
gene 1 222 469 -380892 0 3394 -380892 1
gene 1 8 1234 -511356 0 3693 -511356 1
gene 1 1234 1084 409827 0 3694 409827 1
gene 1 301 1295 298659 0 3863 298659 1
gene 1 1295 24 185268 0 3864 185268 1
gene 1 2 393 -127473 0 3943 -127473 1
gene 4 1084 1084 204207 1 4053 204207 1
gene 3 1295 1084 562833 0 4076 562833 1
gene 1 1116 1374 -513264 0 4119 -513264 1
gene 1 1374 875 -26589 0 4120 -26589 1
gene 2 272 1084 175791 0 4218 175791 1
gene 2 12 1496 -87759 0 4474 -87759 1
gene 2 1496 15 647934 0 4475 647934 1
gene 1 557 1522 419847 0 4546 419847 0
gene 1 1522 15 177387 0 4547 177387 0
gene 3 1116 1021 495021 0 4657 495021 0
gene 3 9 380 -159204 0 4725 -159204 1
gene 2 12 1622 637050 0 4831 637050 1
gene 2 1622 188 116430 0 4832 116430 1
gene 4 453 453 -251934 1 4965 -251934 0
gene 2 8 1712 614604 0 5099 614604 1
gene 2 1712 15 63210 0 5100 63210 0
gene 1 6 1847 -150030 0 5495 -150030 1
gene 1 1847 272 -625287 0 5496 -625287 1
gene 3 9 1890 229119 0 5636 229119 0
gene 3 1890 14 575808 0 5637 575808 1
gene 4 1116 13 -588656 0 5838 -588656 1
gene 1 9 1712 21594 0 5937 21594 1
gene 1 24 2011 81222 1 5985 81222 0
gene 1 2011 469 75501 0 5986 75501 1
gene 2 1712 2035 -350334 0 6047 -350334 0
gene 2 2035 15 239340 0 6048 239340 1
gene 3 927 1084 -311322 0 6090 -311322 1
gene 4 1847 453 -223380 0 6145 -223380 0
gene 2 1712 2119 761379 0 6302 761379 1
gene 2 2119 2035 -97443 0 6303 -97443 1
gene 3 9 2161 -210750 0 6421 -210750 1
gene 3 2161 1890 -257379 0 6422 -257379 0
gene 4 453 2179 318993 1 6471 318993 1
gene 4 2179 453 112686 0 6472 112686 1
gene 3 7 2221 -35001 0 6590 -35001 1
gene 4 2221 15 118404 0 6591 118404 0
gene 2 393 2347 -396480 0 6963 -396480 1
gene 2 2347 380 -246921 0 6964 -246921 1
gene 2 729 188 228744 0 7008 228744 1
gene 2 6 2379 294267 0 7058 294267 1
gene 2 2379 15 -120681 0 7059 -120681 1
gene 3 557 1116 548907 0 7304 548907 1
gene 1 557 1712 304590 0 7456 304590 1
gene 1 2347 2347 -746286 1 7587 -746286 1
gene 4 2221 2575 -254859 0 7627 -254859 1
gene 4 2575 15 -561903 0 7628 -561903 1
gene 3 2161 2588 305367 0 7674 305367 1
gene 3 2588 1890 13626 0 7675 13626 1
gene 1 15 2609 -41847 0 7733 -41847 1
gene 1 2609 380 213030 0 7734 213030 1
gene 1 557 2698 226302 0 7984 226302 1
gene 1 2698 1522 -203520 0 7985 -203520 1
gene 4 927 875 349203 0 8025 349203 1
gene 2 2011 927 399102 0 8104 399102 1
gene 3 1234 2347 -162345 0 8156 -162345 1
gene 4 4 557 -141396 0 8359 -141396 1
gene 1 1522 2880 -45867 0 8553 -45867 1
gene 1 2880 15 80721 0 8554 80721 1
gene 2 2609 393 242292 1 8834 242292 0
gene 4 1847 3032 -96822 0 8997 -96822 1
gene 4 3032 453 -294210 0 8998 -294210 1
gene 2 1522 2588 -119961 0 9041 -119961 1
gene 2 1622 2035 284955 0 9074 284955 0
gene 3 1116 3074 -179540 0 9123 -179540 1
gene 3 3074 1021 263964 0 9124 263964 1
gene 2 1622 3092 58741 0 9184 58741 1
gene 2 3092 2035 83762 0 9185 83762 1
gene 2 2609 3109 -170714 1 9232 -170714 1
gene 2 3109 393 -65043 0 9233 -65043 1
gene 1 24 3130 -234305 1 9289 -234305 1
gene 1 3130 2011 374991 0 9290 374991 1
gene 3 3 3183 1 0 9447 0 1
gene 3 3183 272 519140 0 9448 0 1
genomeend 42


/* Organism #46 Fitness: 300.000000 Time: 0 */
/* Position #46*/
#1 x: 23 y: 18
#2 x: 47 y: 17
#3 x: 82 y: 34
#4 x: 19 y: 77
#5 x: 21 y: 62
#6 x: 57 y: 66
genomestart 46
trait 1 100000.000000 0.000000 10519.000000 0.000000 0.000000 100000.000000 1198.000000 0.000000 trait 2 0.000000 12649.000000 36859.000000 100000.000000 0.000000 0.000000 0.000000 55198.000000 trait 3 41432.000000 0.000000 24066.000000 0.000000 100000.000000 0.000000 0.000000 47464.000000 trait 4 4.000000 0.000000 0.000000 0.000000 0.000000 0.000000 0.000000 0.000000 node 1 1 1 3
node 2 2 1 1
node 3 4 1 1
node 4 4 1 1
node 5 1 1 1
node 6 4 1 1
node 7 3 1 1
node 8 3 1 1
node 9 3 1 1
node 10 4 1 1
node 11 4 1 1
node 12 1 1 1
node 13 1 0 2
node 14 2 0 2
node 15 4 0 2
node 24 1 0 0
node 188 3 0 0
node 222 1 0 0
node 272 1 0 0
node 301 1 0 0
node 380 1 0 0
node 393 1 0 0
node 453 4 0 0
node 469 1 0 0
node 557 1 0 0
node 729 1 0 0
node 875 1 0 0
node 927 1 0 0
node 1021 1 0 0
node 1084 1 0 0
node 1116 1 0 0
node 1234 4 0 0
node 1295 1 0 0
node 1374 1 0 0
node 1496 1 0 0
node 1522 1 0 0
node 1622 1 0 0
node 1712 1 0 0
node 1847 1 0 0
node 1890 1 0 0
node 2011 1 0 0
node 2035 1 0 0
node 2119 1 0 0
node 2161 1 0 0
node 2179 1 0 0
node 2221 1 0 0
node 2347 1 0 0
node 2379 1 0 0
node 2428 1 0 0
node 2441 1 0 0
node 2472 1 0 0
node 2511 1 0 0
node 2581 1 0 0
node 2603 1 0 0
node 2679 1 0 0
node 2689 1 0 0
node 2709 1 0 0
node 2977 1 0 0
node 3054 1 0 0
node 3120 1 0 0
node 3139 1 0 0
gene 1 1 13 -800000 0 1 -800000 1
gene 2 2 13 -521070 0 2 -521070 1
gene 2 3 13 -36504 0 3 -36504 1
gene 4 4 13 31287 0 4 31287 0
gene 2 5 13 -72149 0 5 -72149 1
gene 1 6 13 25755 0 6 25755 1
gene 3 7 13 -153672 0 7 -153672 1
gene 1 8 13 -402693 0 8 -402693 0
gene 4 9 13 -231114 0 9 -231114 1
gene 2 10 13 -167931 0 10 -167931 1
gene 3 11 13 -4752 0 11 -4752 1
gene 4 12 13 -129171 0 12 -129171 1
gene 1 1 14 -559878 0 13 -559878 1
gene 1 2 14 -263523 0 14 -263523 1
gene 2 3 14 797724 0 15 797724 1
gene 2 4 14 36417 0 16 36417 1
gene 1 5 14 394749 0 17 394749 1
gene 2 6 14 435228 0 18 435228 0
gene 3 7 14 266670 0 19 266670 0
gene 3 8 14 -176502 0 20 -176502 1
gene 3 9 14 -789849 0 21 -789849 0
gene 2 10 14 -8436 0 22 -8436 1
gene 3 11 14 3654 0 23 3654 1
gene 2 12 14 -110685 0 24 -110685 1
gene 2 1 15 67071 0 25 67071 1
gene 3 2 15 544674 0 26 544674 1
gene 4 3 15 -353498 0 27 -353498 0
gene 1 4 15 -355692 0 28 -355692 0
gene 4 5 15 -169464 0 29 -169464 0
gene 2 6 15 512292 0 30 512292 0
gene 4 7 15 519243 0 31 519243 0
gene 2 8 15 -16329 0 32 -16329 0
gene 2 9 15 -741324 0 33 -741324 0
gene 2 10 15 114735 0 34 114735 1
gene 3 11 15 97353 0 35 97353 1
gene 2 12 15 -97431 0 36 -97431 0
gene 4 4 24 -134397 0 62 -134397 1
gene 4 24 13 -430632 0 63 -430632 1
gene 1 24 24 -34101 1 127 -34101 0
gene 3 15 13 -59553 0 293 -59553 1
gene 2 7 24 -357387 0 408 -357387 0
gene 3 7 188 279645 0 526 279645 1
gene 3 188 14 623478 0 527 623478 1
gene 2 9 222 -785949 0 645 -785949 0
gene 2 222 15 -121584 0 646 -121584 1
gene 3 3 272 -374217 0 798 -374217 0
gene 3 272 15 -37068 0 799 -37068 0
gene 2 3 24 207669 0 850 207669 1
gene 1 24 301 156372 1 893 156372 0
gene 1 301 24 195222 0 894 195222 0
gene 1 188 188 -800000 1 934 -800000 1
gene 3 4 188 208728 0 1080 208728 1
gene 2 6 380 723396 0 1115 723396 1
gene 2 380 14 -205410 0 1116 -205410 1
gene 1 4 393 -71154 0 1157 -71154 1
gene 1 393 15 -237696 0 1158 -237696 1
gene 1 15 380 800000 0 1196 800000 1
gene 2 12 188 58542 0 1302 58542 0
gene 2 9 453 103317 0 1346 103317 1
gene 2 453 222 201042 0 1347 201042 1
gene 1 24 469 220866 1 1394 220866 0
gene 2 469 301 -800000 0 1395 -800000 0
gene 3 222 24 131865 0 1576 131865 1
gene 4 3 188 29912 0 1616 29912 1
gene 3 272 557 -800000 0 1666 -800000 0
gene 1 557 15 -164394 0 1667 -164394 0
gene 1 6 272 -273468 0 1830 -273468 0
gene 4 12 380 -245472 0 1879 -245472 0
gene 1 469 729 -193347 0 2197 -193347 1
gene 1 729 301 -355881 0 2198 -355881 1
gene 2 14 301 212172 0 2244 212172 1
gene 1 188 380 397578 0 2284 397578 1
gene 3 8 875 -466689 0 2630 -466689 0
gene 1 875 13 -110976 0 2631 -110976 1
gene 4 12 927 501063 0 2791 501063 1
gene 4 927 380 199482 0 2792 199482 1
gene 2 393 380 -46728 0 3014 -46728 0
gene 2 7 1021 -265311 0 3066 -265311 1
gene 2 1021 24 -276699 0 3067 -276699 1
gene 1 8 1084 -285075 0 3243 -285075 0
gene 1 1084 875 423732 0 3244 423732 0
gene 4 188 927 88935 0 3297 88935 1
gene 1 1084 1116 43899 0 3335 43899 1
gene 1 1116 875 168492 0 3336 168492 0
gene 1 222 469 352872 0 3394 352872 0
gene 1 8 1234 -797495 0 3693 -797495 0
gene 1 1234 1084 48741 0 3694 48741 0
gene 1 301 1295 279852 0 3863 279852 1
gene 1 1295 24 483638 0 3864 483638 1
gene 1 2 393 -238638 0 3943 -238638 1
gene 4 1084 1084 -733035 1 4053 -733035 1
gene 3 1295 1084 82422 0 4076 82422 1
gene 1 1116 1374 -506298 0 4119 -506298 1
gene 1 1374 875 800000 0 4120 800000 1
gene 2 272 1084 -40503 0 4218 -40503 1
gene 2 12 1496 -654045 0 4474 -654045 0
gene 2 1496 15 -363990 0 4475 -363990 1
gene 2 557 1522 101523 0 4546 101523 1
gene 1 1522 15 -62457 0 4547 -62457 0
gene 4 1116 1021 -43341 0 4657 -43341 1
gene 3 9 380 52872 0 4725 52872 1
gene 2 12 1622 274971 0 4831 274971 0
gene 2 1622 188 -9243 0 4832 -9243 0
gene 4 453 453 211716 1 4965 211716 0
gene 2 8 1712 315306 0 5099 315306 1
gene 2 1712 15 -276 0 5100 -276 0
gene 1 6 1847 -462207 0 5495 -462207 1
gene 1 1847 272 748205 0 5496 748205 1
gene 3 9 1890 -182391 0 5636 -182391 0
gene 3 1890 14 -75459 0 5637 -75459 1
gene 4 1116 13 335403 0 5838 335403 1
gene 1 9 1712 -287634 0 5937 -287634 1
gene 1 24 2011 -246411 1 5985 -246411 1
gene 1 2011 469 -283452 0 5986 -283452 1
gene 2 1712 2035 -26256 0 6047 -26256 0
gene 2 2035 15 -645651 0 6048 -645651 1
gene 1 927 1084 -15375 0 6090 -15375 0
gene 4 1847 453 65682 0 6145 65682 1
gene 2 1712 2119 192050 0 6302 192050 1
gene 2 2119 2035 34956 0 6303 34956 1
gene 3 9 2161 -177858 0 6421 -177858 1
gene 3 2161 1890 -50625 0 6422 -50625 1
gene 4 453 2179 -209928 1 6471 -209928 1
gene 4 2179 453 -382512 0 6472 -382512 1
gene 4 7 2221 -340398 0 6590 -340398 1
gene 4 2221 15 651861 0 6591 651861 0
gene 2 393 2347 379011 0 6963 379011 1
gene 2 2347 380 644322 0 6964 644322 1
gene 2 729 188 71040 0 7008 71040 1
gene 2 6 2379 -90744 0 7058 -90744 1
gene 2 2379 15 569205 0 7059 569205 1
gene 1 1234 2428 261528 0 7193 261528 1
gene 1 2428 1084 395655 0 7194 395655 1
gene 4 2221 2441 77217 0 7231 77217 1
gene 4 2441 15 -122733 0 7232 -122733 1
gene 2 1622 2472 288894 0 7317 288894 1
gene 2 2472 188 31953 0 7318 31953 1
gene 4 1712 557 -51012 0 7368 -51012 1
gene 1 1522 2511 -396261 0 7422 -396261 1
gene 1 2511 15 -246564 0 7423 -246564 1
gene 2 4 301 -132474 0 7485 -132474 1
gene 2 2035 2379 -78666 0 7596 -78666 0
gene 3 3 2581 -63024 0 7648 -63024 1
gene 3 2581 272 -199554 0 7649 -199554 1
gene 1 8 2603 80964 0 7715 80964 1
gene 1 2603 1234 -651342 0 7716 -651342 1
gene 2 12 2679 451851 0 7930 451851 1
gene 2 2679 1622 58068 0 7931 58068 1
gene 2 2035 2689 243417 0 7960 243417 1
gene 2 2689 2379 800000 0 7961 800000 1
gene 2 12 2709 -186504 0 8017 -186504 1
gene 2 2709 1496 260133 0 8018 260133 1
gene 3 2428 188 252333 0 8525 252333 1
gene 3 875 380 446988 1 8704 446988 1
gene 3 272 2977 149436 0 8837 149436 1
gene 3 2977 557 6345 0 8838 6345 1
gene 3 2603 380 -395610 0 8883 -395610 1
gene 2 393 2221 172404 0 8955 172404 1
gene 1 222 3054 216928 0 9060 216928 1
gene 1 3054 469 676140 0 9061 676140 1
gene 1 927 3120 1 0 9265 1 1
gene 1 3120 1084 11019 0 9266 11019 1
gene 4 5 3139 -231983 0 9311 -231983 1
gene 4 3139 15 254757 0 9312 254757 1
gene 4 1847 3120 -997 0 9450 -997 1
genomeend 46


/* Organism #48 Fitness: 420.000000 Time: 0 */
/* Position #48*/
#1 x: 43 y: 29
#2 x: 22 y: 30
#3 x: 17 y: 24
#4 x: 23 y: 69
#5 x: 54 y: 73
#6 x: 42 y: 60
genomestart 48
trait 1 100000.000000 0.000000 10519.000000 0.000000 0.000000 100000.000000 1198.000000 0.000000 trait 2 0.000000 12649.000000 36859.000000 100000.000000 0.000000 0.000000 0.000000 55198.000000 trait 3 41432.000000 0.000000 24066.000000 0.000000 100000.000000 0.000000 0.000000 47464.000000 trait 4 4.000000 0.000000 0.000000 0.000000 0.000000 0.000000 0.000000 0.000000 node 1 1 1 3
node 2 2 1 1
node 3 4 1 1
node 4 4 1 1
node 5 1 1 1
node 6 4 1 1
node 7 3 1 1
node 8 3 1 1
node 9 3 1 1
node 10 4 1 1
node 11 4 1 1
node 12 1 1 1
node 13 1 0 2
node 14 2 0 2
node 15 4 0 2
node 24 1 0 0
node 188 3 0 0
node 222 1 0 0
node 272 1 0 0
node 301 1 0 0
node 380 1 0 0
node 393 1 0 0
node 453 4 0 0
node 469 1 0 0
node 557 1 0 0
node 729 1 0 0
node 875 1 0 0
node 927 1 0 0
node 1021 1 0 0
node 1084 1 0 0
node 1116 1 0 0
node 1234 4 0 0
node 1295 1 0 0
node 1374 1 0 0
node 1496 1 0 0
node 1522 1 0 0
node 1622 1 0 0
node 1712 1 0 0
node 1847 1 0 0
node 1890 1 0 0
node 2011 1 0 0
node 2035 1 0 0
node 2119 1 0 0
node 2161 1 0 0
node 2179 1 0 0
node 2221 1 0 0
node 2347 1 0 0
node 2379 1 0 0
node 2428 1 0 0
node 2441 1 0 0
node 2472 1 0 0
node 2511 1 0 0
node 2581 1 0 0
node 2603 1 0 0
node 2679 1 0 0
node 2689 1 0 0
node 2709 1 0 0
node 2977 1 0 0
node 3054 1 0 0
node 3120 1 0 0
node 3139 1 0 0
node 3185 1 0 0
gene 1 1 13 -800000 0 1 -800000 1
gene 2 2 13 -521070 0 2 -521070 1
gene 2 3 13 -36504 0 3 -36504 1
gene 4 4 13 31287 0 4 31287 0
gene 2 5 13 -72149 0 5 -72149 1
gene 1 6 13 25755 0 6 25755 1
gene 3 7 13 -153672 0 7 -153672 1
gene 1 8 13 -402693 0 8 -402693 0
gene 4 9 13 -231114 0 9 -231114 1
gene 2 10 13 -167931 0 10 -167931 1
gene 3 11 13 -4752 0 11 -4752 1
gene 4 12 13 -129171 0 12 -129171 1
gene 1 1 14 -559878 0 13 -559878 1
gene 1 2 14 -263523 0 14 -263523 1
gene 2 3 14 797724 0 15 797724 1
gene 2 4 14 36417 0 16 36417 1
gene 1 5 14 394749 0 17 394749 1
gene 2 6 14 435228 0 18 435228 0
gene 3 7 14 266670 0 19 266670 0
gene 3 8 14 -176502 0 20 -176502 1
gene 3 9 14 -789849 0 21 -789849 0
gene 2 10 14 -8436 0 22 -8436 1
gene 3 11 14 3654 0 23 3654 1
gene 2 12 14 -110685 0 24 -110685 1
gene 2 1 15 67071 0 25 67071 1
gene 3 2 15 544674 0 26 544674 1
gene 4 3 15 -353498 0 27 -353498 0
gene 1 4 15 -355692 0 28 -355692 0
gene 4 5 15 -169464 0 29 -169464 0
gene 2 6 15 512292 0 30 512292 0
gene 4 7 15 519243 0 31 519243 0
gene 2 8 15 -16329 0 32 -16329 0
gene 2 9 15 -741324 0 33 -741324 0
gene 2 10 15 114735 0 34 114735 1
gene 3 11 15 97353 0 35 97353 1
gene 2 12 15 -97431 0 36 -97431 0
gene 4 4 24 -134397 0 62 -134397 1
gene 4 24 13 -430632 0 63 -430632 1
gene 1 24 24 -34101 1 127 -34101 0
gene 3 15 13 -59553 0 293 -59553 1
gene 2 7 24 -357387 0 408 -357387 0
gene 3 7 188 279645 0 526 279645 1
gene 3 188 14 623478 0 527 623478 1
gene 2 9 222 -785949 0 645 -785949 0
gene 2 222 15 -121584 0 646 -121584 1
gene 3 3 272 -374217 0 798 -374217 0
gene 3 272 15 -37068 0 799 -37068 0
gene 2 3 24 207669 0 850 207669 1
gene 1 24 301 156372 1 893 156372 0
gene 1 301 24 195222 0 894 195222 0
gene 1 188 188 -800000 1 934 -800000 1
gene 3 4 188 208728 0 1080 208728 1
gene 2 6 380 723396 0 1115 723396 1
gene 2 380 14 -205410 0 1116 -205410 1
gene 1 4 393 -71154 0 1157 -71154 1
gene 1 393 15 -237696 0 1158 -237696 1
gene 1 15 380 800000 0 1196 800000 1
gene 2 12 188 58542 0 1302 58542 0
gene 2 9 453 103317 0 1346 103317 1
gene 2 453 222 201042 0 1347 201042 1
gene 1 24 469 220866 1 1394 220866 0
gene 2 469 301 -800000 0 1395 -800000 0
gene 3 222 24 131865 0 1576 131865 1
gene 4 3 188 29912 0 1616 29912 1
gene 3 272 557 -800000 0 1666 -800000 0
gene 1 557 15 -164394 0 1667 -164394 0
gene 1 6 272 -273468 0 1830 -273468 0
gene 4 12 380 -245472 0 1879 -245472 0
gene 1 469 729 -193347 0 2197 -193347 1
gene 1 729 301 -355881 0 2198 -355881 1
gene 2 14 301 212172 0 2244 212172 1
gene 1 188 380 397578 0 2284 397578 1
gene 3 8 875 -466689 0 2630 -466689 0
gene 1 875 13 -110976 0 2631 -110976 1
gene 4 12 927 501063 0 2791 501063 1
gene 4 927 380 199482 0 2792 199482 1
gene 2 393 380 -46728 0 3014 -46728 0
gene 2 7 1021 -265311 0 3066 -265311 1
gene 2 1021 24 -276699 0 3067 -276699 1
gene 1 8 1084 -285075 0 3243 -285075 0
gene 1 1084 875 423732 0 3244 423732 0
gene 4 188 927 88935 0 3297 88935 1
gene 1 1084 1116 43899 0 3335 43899 1
gene 1 1116 875 168492 0 3336 168492 0
gene 1 222 469 352872 0 3394 352872 0
gene 1 8 1234 -797495 0 3693 -797495 0
gene 1 1234 1084 48741 0 3694 48741 0
gene 1 301 1295 279852 0 3863 279852 1
gene 1 1295 24 483638 0 3864 483638 1
gene 1 2 393 -238638 0 3943 -238638 1
gene 4 1084 1084 -733035 1 4053 -733035 1
gene 3 1295 1084 82422 0 4076 82422 1
gene 1 1116 1374 -506298 0 4119 -506298 1
gene 1 1374 875 800000 0 4120 800000 1
gene 2 272 1084 -40503 0 4218 -40503 1
gene 2 12 1496 -654045 0 4474 -654045 0
gene 2 1496 15 -363990 0 4475 -363990 1
gene 2 557 1522 101523 0 4546 101523 1
gene 1 1522 15 -62457 0 4547 -62457 0
gene 4 1116 1021 -43341 0 4657 -43341 1
gene 3 9 380 52872 0 4725 52872 1
gene 2 12 1622 274971 0 4831 274971 0
gene 2 1622 188 -9243 0 4832 -9243 0
gene 4 453 453 211716 1 4965 211716 0
gene 2 8 1712 315306 0 5099 315306 1
gene 2 1712 15 -276 0 5100 -276 0
gene 1 6 1847 -462207 0 5495 -462207 1
gene 1 1847 272 748205 0 5496 748205 1
gene 3 9 1890 -182391 0 5636 -182391 0
gene 3 1890 14 -75459 0 5637 -75459 1
gene 4 1116 13 335403 0 5838 335403 1
gene 1 9 1712 -287634 0 5937 -287634 1
gene 1 24 2011 -246411 1 5985 -246411 1
gene 1 2011 469 -283452 0 5986 -283452 1
gene 2 1712 2035 -26256 0 6047 -26256 0
gene 2 2035 15 -645651 0 6048 -645651 1
gene 1 927 1084 -15375 0 6090 -15375 0
gene 4 1847 453 65682 0 6145 65682 1
gene 2 1712 2119 192050 0 6302 192050 1
gene 2 2119 2035 34956 0 6303 34956 1
gene 3 9 2161 -177858 0 6421 -177858 1
gene 3 2161 1890 -50625 0 6422 -50625 1
gene 4 453 2179 -209928 1 6471 -209928 1
gene 4 2179 453 -382512 0 6472 -382512 1
gene 4 7 2221 -340398 0 6590 -340398 1
gene 4 2221 15 651861 0 6591 651861 0
gene 2 393 2347 379011 0 6963 379011 1
gene 2 2347 380 644322 0 6964 644322 1
gene 2 729 188 71040 0 7008 71040 1
gene 2 6 2379 -90744 0 7058 -90744 1
gene 2 2379 15 569205 0 7059 569205 1
gene 1 1234 2428 261528 0 7193 261528 1
gene 1 2428 1084 395655 0 7194 395655 1
gene 4 2221 2441 77217 0 7231 77217 1
gene 4 2441 15 -122733 0 7232 -122733 1
gene 2 1622 2472 288894 0 7317 288894 1
gene 2 2472 188 31953 0 7318 31953 1
gene 4 1712 557 -51012 0 7368 -51012 1
gene 1 1522 2511 -396261 0 7422 -396261 0
gene 1 2511 15 -246564 0 7423 -246564 1
gene 2 4 301 -132474 0 7485 -132474 1
gene 2 2035 2379 -78666 0 7596 -78666 0
gene 3 3 2581 -63024 0 7648 -63024 1
gene 3 2581 272 -199554 0 7649 -199554 1
gene 1 8 2603 80964 0 7715 80964 1
gene 1 2603 1234 -651342 0 7716 -651342 1
gene 2 12 2679 451851 0 7930 451851 1
gene 2 2679 1622 58068 0 7931 58068 1
gene 2 2035 2689 243417 0 7960 243417 1
gene 2 2689 2379 800000 0 7961 800000 1
gene 2 12 2709 -186504 0 8017 -186504 1
gene 2 2709 1496 260133 0 8018 260133 1
gene 3 2428 188 252333 0 8525 252333 1
gene 3 875 380 446988 1 8704 446988 1
gene 3 272 2977 149436 0 8837 149436 1
gene 3 2977 557 6345 0 8838 6345 1
gene 3 2603 380 -395610 0 8883 -395610 1
gene 2 393 2221 172404 0 8955 172404 1
gene 1 222 3054 216928 0 9060 216928 1
gene 1 3054 469 676140 0 9061 676140 1
gene 1 927 3120 1 0 9265 1 1
gene 1 3120 1084 11019 0 9266 11019 1
gene 4 5 3139 -231983 0 9311 -231983 1
gene 4 3139 15 254757 0 9312 254757 1
gene 1 1522 3185 1 0 9453 0 1
gene 1 3185 2511 -396261 0 9454 0 1
genomeend 48


/* Organism #54 Fitness: 480.000000 Time: 0 */
/* Position #54*/
#1 x: 80 y: 29
#2 x: 61 y: 35
#3 x: 24 y: 15
#4 x: 51 y: 85
#5 x: 64 y: 83
#6 x: 65 y: 63
genomestart 54
trait 1 100000.000000 0.000000 0.000000 0.000000 0.000000 0.000000 0.000000 0.000000 trait 2 52534.000000 91990.000000 88208.000000 100000.000000 0.000000 28479.000000 0.000000 37454.000000 trait 3 21555.000000 0.000000 74217.000000 0.000000 72769.000000 0.000000 0.000000 0.000000 trait 4 4.000000 0.000000 0.000000 0.000000 99879.000000 0.000000 0.000000 0.000000 node 1 1 1 3
node 2 2 1 1
node 3 4 1 1
node 4 4 1 1
node 5 1 1 1
node 6 4 1 1
node 7 3 1 1
node 8 3 1 1
node 9 3 1 1
node 10 4 1 1
node 11 4 1 1
node 12 1 1 1
node 13 1 0 2
node 14 2 0 2
node 15 4 0 2
node 24 1 0 0
node 188 3 0 0
node 222 1 0 0
node 272 1 0 0
node 301 1 0 0
node 380 1 0 0
node 393 1 0 0
node 453 4 0 0
node 469 1 0 0
node 557 1 0 0
node 729 1 0 0
node 875 1 0 0
node 927 1 0 0
node 1021 1 0 0
node 1084 1 0 0
node 1116 1 0 0
node 1234 1 0 0
node 1295 1 0 0
node 1374 1 0 0
node 1496 1 0 0
node 1522 1 0 0
node 1622 1 0 0
node 1712 1 0 0
node 1847 1 0 0
node 1890 1 0 0
node 2011 1 0 0
node 2035 1 0 0
node 2119 1 0 0
node 2161 1 0 0
node 2179 1 0 0
node 2221 1 0 0
node 2408 1 0 0
node 2438 1 0 0
node 2454 1 0 0
node 2489 1 0 0
node 2572 1 0 0
node 2624 1 0 0
node 2797 1 0 0
node 2838 1 0 0
node 2885 1 0 0
node 2943 1 0 0
node 3031 1 0 0
node 3151 1 0 0
gene 1 1 13 -219204 0 1 -219204 1
gene 2 2 13 -111498 0 2 -111498 1
gene 2 3 13 -585017 0 3 -585017 1
gene 4 4 13 122733 0 4 122733 0
gene 3 5 13 256425 0 5 256425 1
gene 1 6 13 -388158 0 6 -388158 1
gene 3 7 13 159864 0 7 159864 1
gene 1 8 13 14073 0 8 14073 0
gene 4 9 13 238509 0 9 238509 1
gene 2 10 13 -99537 0 10 -99537 1
gene 3 11 13 93789 0 11 93789 1
gene 4 12 13 226542 0 12 226542 1
gene 1 1 14 379104 0 13 379104 1
gene 1 2 14 282960 0 14 282960 1
gene 2 3 14 -56916 0 15 -56916 1
gene 2 4 14 488892 0 16 488892 1
gene 1 5 14 -236229 0 17 -236229 1
gene 2 6 14 -101133 0 18 -101133 0
gene 3 7 14 330597 0 19 330597 0
gene 3 8 14 -76119 0 20 -76119 1
gene 3 9 14 -6366 0 21 -6366 0
gene 2 10 14 210846 0 22 210846 1
gene 3 11 14 -380262 0 23 -380262 1
gene 2 12 14 -464019 0 24 -464019 1
gene 2 1 15 94425 0 25 94425 1
gene 3 2 15 -575369 0 26 -575369 1
gene 4 3 15 -58497 0 27 -58497 0
gene 1 4 15 408588 0 28 408588 0
gene 4 5 15 372714 0 29 372714 1
gene 2 6 15 -220626 0 30 -220626 1
gene 4 7 15 -194346 0 31 -194346 0
gene 2 8 15 142317 0 32 142317 0
gene 2 9 15 -254568 0 33 -254568 0
gene 3 10 15 -31671 0 34 -31671 1
gene 3 11 15 -54705 0 35 -54705 1
gene 2 12 15 512550 0 36 512550 0
gene 4 4 24 42036 0 62 42036 1
gene 4 24 13 568662 0 63 568662 1
gene 1 24 24 -111414 1 127 -111414 0
gene 3 15 13 -360858 0 293 -360858 1
gene 2 7 24 -168897 0 408 -168897 0
gene 3 7 188 -155019 0 526 -155019 1
gene 3 188 14 -292236 0 527 -292236 0
gene 2 9 222 157254 0 645 157254 0
gene 4 222 15 5748 0 646 5748 1
gene 3 3 272 127005 0 798 127005 1
gene 3 272 15 221133 0 799 221133 0
gene 2 3 24 141552 0 850 141552 1
gene 1 24 301 33252 1 893 33252 0
gene 1 301 24 -567 0 894 -567 0
gene 1 188 188 92595 1 934 92595 0
gene 3 4 188 -630375 0 1080 -630375 1
gene 2 6 380 -624870 0 1115 -624870 1
gene 2 380 14 381618 0 1116 381618 1
gene 1 4 393 800000 0 1157 800000 0
gene 1 393 15 205572 0 1158 205572 0
gene 1 15 380 -51723 0 1196 -51723 1
gene 2 12 188 -115062 0 1302 -115062 0
gene 2 9 453 -415332 0 1346 -415332 1
gene 2 453 222 227886 0 1347 227886 0
gene 1 24 469 -603291 1 1394 -603291 0
gene 1 469 301 432018 0 1395 432018 0
gene 3 222 24 -637244 0 1576 -637244 1
gene 4 3 188 -34902 0 1616 -34902 1
gene 3 272 557 -64326 0 1666 -64326 1
gene 1 557 15 162438 0 1667 162438 0
gene 1 6 272 -281877 0 1830 -281877 0
gene 4 12 380 -141240 0 1879 -141240 0
gene 1 469 729 350355 0 2197 350355 1
gene 1 729 301 20754 0 2198 20754 0
gene 2 14 301 -244464 0 2244 -244464 1
gene 1 188 380 -800000 0 2284 -800000 1
gene 3 8 875 78111 0 2630 78111 0
gene 1 875 13 84741 0 2631 84741 1
gene 4 12 927 311007 0 2791 311007 1
gene 4 927 380 204540 0 2792 204540 1
gene 2 393 380 230535 0 3014 230535 1
gene 2 7 1021 238299 0 3066 238299 0
gene 2 1021 24 -325830 0 3067 -325830 1
gene 1 8 1084 227754 0 3243 227754 0
gene 1 1084 875 800000 0 3244 800000 0
gene 4 188 927 177003 0 3297 177003 1
gene 1 1084 1116 -261267 0 3335 -261267 1
gene 1 1116 875 -371100 0 3336 -371100 0
gene 1 222 469 -800000 0 3394 -800000 1
gene 1 8 1234 398352 0 3693 398352 1
gene 1 1234 1084 184179 0 3694 184179 1
gene 1 301 1295 -517766 0 3863 -517766 1
gene 1 1295 24 603753 0 3864 603753 1
gene 1 2 393 139428 0 3943 139428 0
gene 4 1084 1084 -319533 1 4053 -319533 1
gene 3 1295 1084 -461496 0 4076 -461496 1
gene 1 1116 1374 254625 0 4119 254625 1
gene 1 1374 875 312804 0 4120 312804 1
gene 2 272 1084 5634 0 4218 5634 1
gene 2 12 1496 253257 0 4474 253257 0
gene 2 1496 15 125871 0 4475 125871 1
gene 1 557 1522 -158589 0 4546 -158589 1
gene 1 1522 15 45096 0 4547 45096 1
gene 3 1116 1021 32379 0 4657 32379 1
gene 3 9 380 551147 0 4725 551147 1
gene 2 12 1622 -800000 0 4831 -800000 0
gene 2 1622 188 599187 0 4832 599187 1
gene 4 453 453 -172485 1 4965 -172485 0
gene 2 8 1712 -232833 0 5099 -232833 1
gene 3 1712 15 378552 0 5100 378552 0
gene 1 6 1847 -50841 0 5495 -50841 1
gene 1 1847 272 -422637 0 5496 -422637 1
gene 3 9 1890 102600 0 5636 102600 0
gene 3 1890 14 135564 0 5637 135564 1
gene 2 1116 13 166527 0 5838 166527 1
gene 1 9 1712 388368 0 5937 388368 0
gene 1 24 2011 -690576 1 5985 -690576 1
gene 1 2011 469 308412 0 5986 308412 1
gene 2 1712 2035 -511143 0 6047 -511143 0
gene 2 2035 15 508923 0 6048 508923 1
gene 3 927 1084 -571542 0 6090 -571542 1
gene 4 1847 453 -138789 0 6145 -138789 1
gene 2 1712 2119 102579 0 6302 102579 1
gene 2 2119 2035 36705 0 6303 36705 1
gene 3 9 2161 485628 0 6421 485628 1
gene 3 2161 1890 -306765 0 6422 -306765 1
gene 4 453 2179 459357 1 6471 459357 1
gene 4 2179 453 -563139 0 6472 -563139 1
gene 4 7 2221 -4416 0 6590 -4416 1
gene 4 2221 15 441975 0 6591 441975 1
gene 2 1295 1021 -754382 0 6920 -754382 1
gene 2 2011 393 -248520 0 7009 -248520 1
gene 1 393 2408 92226 0 7137 92226 1
gene 1 2408 15 -340575 0 7138 -340575 1
gene 3 2161 1374 312297 0 7177 312297 1
gene 1 188 2438 -389475 1 7224 -389475 1
gene 1 2438 188 -173916 0 7225 -173916 1
gene 1 9 2454 -116349 0 7265 -116349 1
gene 1 2454 1712 251736 0 7266 251736 1
gene 3 11 875 800000 0 7315 800000 1
gene 1 729 2489 60372 0 7366 60372 1
gene 1 2489 301 231231 0 7367 231231 1
gene 1 11 2161 -75324 0 7520 -75324 0
gene 2 12 2572 227904 0 7614 227904 1
gene 2 2572 1622 -800000 0 7615 -800000 1
gene 1 12 1522 800000 0 7661 800000 1
gene 2 453 2624 260631 0 7776 260631 1
gene 2 2624 222 -65253 0 7777 -65253 1
gene 4 380 1234 218901 0 7969 218901 1
gene 1 11 2797 9582 0 8300 9582 1
gene 1 2797 2161 -131970 0 8301 -131970 1
gene 1 4 2838 79914 0 8413 79914 1
gene 1 2838 393 -365445 0 8414 -365445 1
gene 2 7 2885 -91896 0 8569 -91896 1
gene 2 2885 1021 6003 0 8570 6003 1
gene 4 927 2838 343212 0 8627 343212 1
gene 4 1890 1890 -31314 1 8680 -31314 1
gene 1 2 2943 -280814 0 8737 -280814 1
gene 1 2943 393 308412 0 8738 308412 1
gene 3 188 3031 -545549 0 8994 -545549 1
gene 3 3031 14 154662 0 8995 154662 1
gene 2 12 3151 37915 0 9345 37915 1
gene 2 3151 1496 320070 0 9346 320070 1
gene 3 1496 2221 -60133 0 9457 -60133 1
genomeend 54


/* Organism #64 Fitness: 480.000000 Time: 0 */
/* Position #64*/
#1 x: 41 y: 34
#2 x: 43 y: 26
#3 x: 38 y: 19
#4 x: 41 y: 76
#5 x: 42 y: 72
#6 x: 85 y: 74
genomestart 64
trait 1 100000.000000 0.000000 1323.000000 66883.000000 0.000000 0.000000 0.000000 70818.000000 trait 2 52534.000000 91990.000000 0.000000 100000.000000 0.000000 0.000000 0.000000 0.000000 trait 3 21555.000000 0.000000 74217.000000 0.000000 72769.000000 0.000000 0.000000 0.000000 trait 4 4.000000 0.000000 0.000000 0.000000 0.000000 0.000000 0.000000 0.000000 node 1 1 1 3
node 2 2 1 1
node 3 4 1 1
node 4 4 1 1
node 5 1 1 1
node 6 4 1 1
node 7 3 1 1
node 8 3 1 1
node 9 3 1 1
node 10 4 1 1
node 11 4 1 1
node 12 1 1 1
node 13 1 0 2
node 14 2 0 2
node 15 4 0 2
node 24 1 0 0
node 188 3 0 0
node 222 1 0 0
node 272 1 0 0
node 301 1 0 0
node 380 2 0 0
node 393 1 0 0
node 453 4 0 0
node 469 1 0 0
node 557 1 0 0
node 729 1 0 0
node 875 1 0 0
node 927 1 0 0
node 1021 1 0 0
node 1084 1 0 0
node 1116 1 0 0
node 1234 1 0 0
node 1295 1 0 0
node 1374 1 0 0
node 1496 1 0 0
node 1522 1 0 0
node 1622 1 0 0
node 1712 1 0 0
node 1847 1 0 0
node 1890 1 0 0
node 2011 1 0 0
node 2035 1 0 0
node 2119 1 0 0
node 2161 1 0 0
node 2179 3 0 0
node 2221 1 0 0
node 2347 1 0 0
node 2379 1 0 0
node 2575 1 0 0
node 2588 1 0 0
node 2609 1 0 0
node 2698 1 0 0
node 2880 1 0 0
node 2955 1 0 0
node 2988 1 0 0
node 3097 1 0 0
node 3145 1 0 0
gene 1 1 13 302781 0 1 302781 1
gene 2 2 13 173916 0 2 173916 1
gene 2 3 13 225786 0 3 225786 1
gene 4 4 13 117543 0 4 117543 0
gene 3 5 13 -192948 0 5 -192948 1
gene 1 6 13 273903 0 6 273903 0
gene 3 7 13 -277818 0 7 -277818 1
gene 1 8 13 -90897 0 8 -90897 0
gene 4 9 13 -3141 0 9 -3141 1
gene 2 10 13 -175776 0 10 -175776 1
gene 3 11 13 429393 0 11 429393 1
gene 4 12 13 -196983 0 12 -196983 1
gene 1 1 14 397215 0 13 397215 1
gene 1 2 14 32703 0 14 32703 1
gene 2 3 14 94221 0 15 94221 1
gene 2 4 14 -87309 0 16 -87309 1
gene 1 5 14 -328974 0 17 -328974 1
gene 2 6 14 -255531 0 18 -255531 0
gene 3 7 14 -653217 0 19 -653217 0
gene 3 8 14 -424521 0 20 -424521 1
gene 3 9 14 128571 0 21 128571 0
gene 4 10 14 -633780 0 22 -633780 1
gene 3 11 14 611655 0 23 611655 1
gene 2 12 14 -165102 0 24 -165102 1
gene 2 1 15 22710 0 25 22710 1
gene 3 2 15 -233106 0 26 -233106 1
gene 4 3 15 -244233 0 27 -244233 0
gene 1 4 15 -800000 0 28 -800000 0
gene 4 5 15 615882 0 29 615882 1
gene 2 6 15 -709662 0 30 -709662 0
gene 4 7 15 263643 0 31 263643 0
gene 2 8 15 -470919 0 32 -470919 0
gene 2 9 15 263430 0 33 263430 0
gene 2 10 15 -800000 0 34 -800000 1
gene 3 11 15 79695 0 35 79695 1
gene 2 12 15 93867 0 36 93867 0
gene 4 4 24 629476 0 62 629476 1
gene 4 24 13 -284574 0 63 -284574 1
gene 1 24 24 -99687 1 127 -99687 0
gene 3 15 13 -13002 0 293 -13002 1
gene 2 7 24 -303435 0 408 -303435 0
gene 3 7 188 249558 0 526 249558 1
gene 3 188 14 174741 0 527 174741 1
gene 2 9 222 3087 0 645 3087 0
gene 2 222 15 -656195 0 646 -656195 1
gene 3 3 272 214719 0 798 214719 1
gene 3 272 15 327204 0 799 327204 0
gene 2 3 24 399801 0 850 399801 1
gene 1 24 301 -222183 1 893 -222183 0
gene 1 301 24 -383457 0 894 -383457 0
gene 1 188 188 -607230 1 934 -607230 1
gene 3 4 188 86844 0 1080 86844 0
gene 2 6 380 366234 0 1115 366234 1
gene 2 380 14 76734 0 1116 76734 1
gene 1 4 393 71202 0 1157 71202 1
gene 1 393 15 -23964 0 1158 -23964 1
gene 1 15 380 -559227 0 1196 -559227 0
gene 2 12 188 -183738 0 1302 -183738 0
gene 2 9 453 47256 0 1346 47256 1
gene 2 453 222 -33675 0 1347 -33675 1
gene 1 24 469 604623 1 1394 604623 0
gene 1 469 301 -40776 0 1395 -40776 0
gene 3 222 24 67659 0 1576 67659 1
gene 4 3 188 199455 0 1616 199455 1
gene 3 272 557 106899 0 1666 106899 1
gene 1 557 15 -132831 0 1667 -132831 0
gene 1 6 272 -177798 0 1830 -177798 0
gene 4 12 380 -4227 0 1879 -4227 0
gene 1 469 729 109653 0 2197 109653 1
gene 1 729 301 492189 0 2198 492189 1
gene 2 14 301 -208227 0 2244 -208227 1
gene 1 188 380 -240834 0 2284 -240834 1
gene 3 8 875 711324 0 2630 711324 0
gene 1 875 13 -339639 0 2631 -339639 1
gene 4 12 927 257529 0 2791 257529 1
gene 4 927 380 375750 0 2792 375750 1
gene 2 393 380 58164 0 3014 58164 0
gene 2 7 1021 508203 0 3066 508203 1
gene 2 1021 24 -147999 0 3067 -147999 1
gene 1 8 1084 -228711 0 3243 -228711 0
gene 1 1084 875 241812 0 3244 241812 0
gene 4 188 927 281178 0 3297 281178 1
gene 1 1084 1116 -389081 0 3335 -389081 0
gene 1 1116 875 191580 0 3336 191580 0
gene 1 222 469 -227829 0 3394 -227829 1
gene 1 8 1234 -361431 0 3693 -361431 1
gene 1 1234 1084 328971 0 3694 328971 1
gene 1 301 1295 -33366 0 3863 -33366 1
gene 1 1295 24 -714012 0 3864 -714012 1
gene 1 2 393 233541 0 3943 233541 1
gene 4 1084 1084 -654857 1 4053 -654857 1
gene 3 1295 1084 -63147 0 4076 -63147 1
gene 1 1116 1374 209856 0 4119 209856 1
gene 1 1374 875 467655 0 4120 467655 1
gene 2 272 1084 -316593 0 4218 -316593 1
gene 2 12 1496 115875 0 4474 115875 1
gene 2 1496 15 -135657 0 4475 -135657 1
gene 1 557 1522 800000 0 4546 800000 0
gene 1 1522 15 -16425 0 4547 -16425 0
gene 3 1116 1021 -602034 0 4657 -602034 1
gene 3 9 380 455358 0 4725 455358 1
gene 2 12 1622 302076 0 4831 302076 1
gene 2 1622 188 138849 0 4832 138849 1
gene 4 453 453 8376 1 4965 8376 0
gene 2 8 1712 276780 0 5099 276780 1
gene 2 1712 15 -37614 0 5100 -37614 0
gene 1 6 1847 309081 0 5495 309081 1
gene 1 1847 272 56124 0 5496 56124 1
gene 3 9 1890 -146064 0 5636 -146064 0
gene 3 1890 14 -358863 0 5637 -358863 1
gene 4 1116 13 119730 0 5838 119730 0
gene 1 9 1712 3795 0 5937 3795 1
gene 1 24 2011 -231465 1 5985 -231465 1
gene 1 2011 469 234780 0 5986 234780 1
gene 2 1712 2035 393357 0 6047 393357 0
gene 2 2035 15 -202281 0 6048 -202281 1
gene 3 927 1084 -13575 0 6090 -13575 1
gene 4 1847 453 -73650 0 6145 -73650 1
gene 2 1712 2119 232680 0 6302 232680 1
gene 2 2119 2035 179568 0 6303 179568 1
gene 3 9 2161 -800000 0 6421 -800000 1
gene 3 2161 1890 -294891 0 6422 -294891 0
gene 4 453 2179 -182079 1 6471 -182079 1
gene 4 2179 453 -132777 0 6472 -132777 1
gene 3 7 2221 135015 0 6590 135015 1
gene 4 2221 15 -466797 0 6591 -466797 0
gene 2 393 2347 167598 0 6963 167598 1
gene 2 2347 380 -696954 0 6964 -696954 1
gene 2 729 188 -306339 0 7008 -306339 1
gene 2 6 2379 -261585 0 7058 -261585 1
gene 2 2379 15 132339 0 7059 132339 1
gene 3 557 1116 361998 0 7304 361998 1
gene 1 557 1712 375474 0 7456 375474 1
gene 1 2347 2347 -165321 1 7587 -165321 1
gene 4 2221 2575 -401631 0 7627 -401631 1
gene 4 2575 15 -225027 0 7628 -225027 1
gene 3 2161 2588 -353196 0 7674 -353196 1
gene 3 2588 1890 51651 0 7675 51651 1
gene 1 15 2609 400713 0 7733 400713 1
gene 1 2609 380 588065 0 7734 588065 1
gene 1 557 2698 711633 0 7984 711633 1
gene 1 2698 1522 -281193 0 7985 -281193 1
gene 4 927 875 147573 0 8025 147573 1
gene 2 2011 927 -37707 0 8104 -37707 1
gene 3 1234 2347 433965 0 8156 433965 1
gene 4 4 557 89856 0 8359 89856 1
gene 1 1522 2880 394257 0 8553 394257 1
gene 1 2880 15 -280626 0 8554 -280626 1
gene 1 1084 2955 -48398 0 8767 -48398 1
gene 1 2955 1116 -6779 0 8768 -6779 1
gene 4 1116 2988 -67206 0 8865 -67206 1
gene 4 2988 13 393720 0 8866 393720 1
gene 4 453 2575 -130517 0 9107 -130517 1
gene 3 4 3097 -63137 0 9197 -63137 1
gene 3 3097 188 -60879 0 9198 -60879 1
gene 1 6 3145 -74606 0 9330 -74606 1
gene 1 3145 13 440178 0 9331 440178 1
gene 4 12 1295 184512 0 9376 184512 1
genomeend 64


/* Organism #72 Fitness: 320.000000 Time: 0 */
/* Position #72*/
#1 x: 76 y: 32
#2 x: 15 y: 39
#3 x: 63 y: 32
#4 x: 79 y: 66
#5 x: 55 y: 61
#6 x: 68 y: 61
genomestart 72
trait 1 100000.000000 0.000000 65077.000000 42511.000000 0.000000 0.000000 0.000000 91780.000000 trait 2 52534.000000 100000.000000 0.000000 100000.000000 0.000000 0.000000 0.000000 0.000000 trait 3 21555.000000 0.000000 74217.000000 0.000000 72769.000000 0.000000 0.000000 0.000000 trait 4 98930.000000 0.000000 63968.000000 0.000000 52848.000000 0.000000 0.000000 0.000000 node 1 1 1 3
node 2 2 1 1
node 3 4 1 1
node 4 4 1 1
node 5 1 1 1
node 6 4 1 1
node 7 3 1 1
node 8 3 1 1
node 9 3 1 1
node 10 4 1 1
node 11 4 1 1
node 12 1 1 1
node 13 1 0 2
node 14 2 0 2
node 15 4 0 2
node 24 1 0 0
node 188 3 0 0
node 222 1 0 0
node 272 1 0 0
node 301 1 0 0
node 380 1 0 0
node 393 1 0 0
node 453 4 0 0
node 469 1 0 0
node 557 1 0 0
node 729 1 0 0
node 875 1 0 0
node 927 1 0 0
node 1021 1 0 0
node 1084 1 0 0
node 1116 1 0 0
node 1234 1 0 0
node 1295 1 0 0
node 1374 1 0 0
node 1496 1 0 0
node 1522 1 0 0
node 1622 1 0 0
node 1712 1 0 0
node 1847 1 0 0
node 1890 1 0 0
node 2011 1 0 0
node 2035 1 0 0
node 2119 1 0 0
node 2161 1 0 0
node 2179 1 0 0
node 2221 1 0 0
node 2397 1 0 0
node 2505 1 0 0
node 2547 1 0 0
node 2578 1 0 0
node 2618 1 0 0
node 2697 1 0 0
node 2712 1 0 0
node 2874 1 0 0
node 2990 1 0 0
node 3002 1 0 0
node 3114 1 0 0
node 3133 1 0 0
gene 1 1 13 -613851 0 1 -613851 1
gene 2 2 13 40974 0 2 40974 1
gene 2 3 13 800000 0 3 800000 1
gene 2 4 13 125028 0 4 125028 0
gene 3 5 13 -648201 0 5 -648201 1
gene 1 6 13 -599858 0 6 -599858 1
gene 3 7 13 163074 0 7 163074 1
gene 1 8 13 165999 0 8 165999 0
gene 4 9 13 -212451 0 9 -212451 1
gene 2 10 13 -448509 0 10 -448509 1
gene 3 11 13 679175 0 11 679175 1
gene 4 12 13 -456651 0 12 -456651 0
gene 1 1 14 -413087 0 13 -413087 1
gene 1 2 14 -146559 0 14 -146559 1
gene 2 3 14 294636 0 15 294636 1
gene 2 4 14 -388824 0 16 -388824 1
gene 1 5 14 522743 0 17 522743 1
gene 2 6 14 29517 0 18 29517 0
gene 3 7 14 -161805 0 19 -161805 0
gene 3 8 14 -142701 0 20 -142701 1
gene 3 9 14 299211 0 21 299211 0
gene 2 10 14 -691493 0 22 -691493 1
gene 3 11 14 -651930 0 23 -651930 0
gene 2 12 14 -328436 0 24 -328436 1
gene 2 1 15 387413 0 25 387413 1
gene 3 2 15 -374625 0 26 -374625 1
gene 4 3 15 -520821 0 27 -520821 0
gene 1 4 15 -154662 0 28 -154662 0
gene 4 5 15 -231507 0 29 -231507 1
gene 2 6 15 712731 0 30 712731 1
gene 4 7 15 -491988 0 31 -491988 0
gene 2 8 15 -26085 0 32 -26085 0
gene 2 9 15 -222384 0 33 -222384 0
gene 2 10 15 -408453 0 34 -408453 0
gene 3 11 15 512595 0 35 512595 0
gene 2 12 15 114141 0 36 114141 0
gene 4 4 24 42948 0 62 42948 1
gene 3 24 13 -602300 0 63 -602300 1
gene 1 24 24 -245571 1 127 -245571 0
gene 3 15 13 800000 0 293 800000 1
gene 2 7 24 -344124 0 408 -344124 0
gene 3 7 188 465579 0 526 465579 1
gene 3 188 14 250125 0 527 250125 1
gene 2 9 222 -66591 0 645 -66591 0
gene 2 222 15 -176382 0 646 -176382 1
gene 3 3 272 -203232 0 798 -203232 1
gene 3 272 15 -800000 0 799 -800000 0
gene 3 3 24 59604 0 850 59604 1
gene 1 24 301 515415 1 893 515415 0
gene 1 301 24 90114 0 894 90114 0
gene 1 188 188 -404550 1 934 -404550 1
gene 3 4 188 416591 0 1080 416591 1
gene 2 6 380 -215625 0 1115 -215625 1
gene 2 380 14 555663 0 1116 555663 1
gene 1 4 393 97341 0 1157 97341 1
gene 1 393 15 -231246 0 1158 -231246 1
gene 1 15 380 -190074 0 1196 -190074 1
gene 2 12 188 -371094 0 1302 -371094 0
gene 2 9 453 153345 0 1346 153345 1
gene 2 453 222 222399 0 1347 222399 1
gene 1 24 469 108306 1 1394 108306 0
gene 1 469 301 -234540 0 1395 -234540 0
gene 3 222 24 240663 0 1576 240663 1
gene 4 3 188 -231570 0 1616 -231570 1
gene 3 272 557 -336414 0 1666 -336414 1
gene 1 557 15 680519 0 1667 680519 0
gene 1 6 272 472410 0 1830 472410 0
gene 4 12 380 74421 0 1879 74421 0
gene 1 469 729 220521 0 2197 220521 1
gene 1 729 301 53970 0 2198 53970 1
gene 2 14 301 312245 0 2244 312245 0
gene 1 188 380 -800000 0 2284 -800000 1
gene 3 8 875 -800000 0 2630 -800000 0
gene 1 875 13 -274869 0 2631 -274869 1
gene 4 12 927 -400778 0 2791 -400778 1
gene 4 927 380 93591 0 2792 93591 1
gene 2 393 380 -356367 0 3014 -356367 1
gene 2 7 1021 -521646 0 3066 -521646 1
gene 2 1021 24 278568 0 3067 278568 0
gene 1 8 1084 -466071 0 3243 -466071 0
gene 1 1084 875 -196638 0 3244 -196638 0
gene 4 188 927 268521 0 3297 268521 1
gene 1 1084 1116 351726 0 3335 351726 1
gene 1 1116 875 93732 0 3336 93732 0
gene 1 222 469 -413813 0 3394 -413813 1
gene 1 8 1234 88140 0 3693 88140 1
gene 1 1234 1084 239703 0 3694 239703 1
gene 1 301 1295 -241773 0 3863 -241773 1
gene 1 1295 24 351252 0 3864 351252 1
gene 1 2 393 -606948 0 3943 -606948 1
gene 4 1084 1084 800000 1 4053 800000 1
gene 3 1295 1084 -41160 0 4076 -41160 1
gene 1 1116 1374 -132699 0 4119 -132699 1
gene 1 1374 875 -800000 0 4120 -800000 1
gene 2 272 1084 51849 0 4218 51849 1
gene 2 12 1496 -105915 0 4474 -105915 1
gene 2 1496 15 -522485 0 4475 -522485 1
gene 1 557 1522 800000 0 4546 800000 1
gene 1 1522 15 -755199 0 4547 -755199 1
gene 3 1116 1021 -56415 0 4657 -56415 0
gene 3 9 380 -120486 0 4725 -120486 1
gene 2 12 1622 -671514 0 4831 -671514 0
gene 2 1622 188 113097 0 4832 113097 1
gene 4 453 453 576747 1 4965 576747 0
gene 2 8 1712 631383 0 5099 631383 1
gene 2 1712 15 -752403 0 5100 -752403 0
gene 1 6 1847 181824 0 5495 181824 1
gene 1 1847 272 -626801 0 5496 -626801 1
gene 3 9 1890 -59643 0 5636 -59643 0
gene 3 1890 14 -140235 0 5637 -140235 1
gene 4 1116 13 -532959 0 5838 -532959 1
gene 1 9 1712 -315405 0 5937 -315405 1
gene 1 24 2011 -193605 1 5985 -193605 1
gene 1 2011 469 -607371 0 5986 -607371 1
gene 2 1712 2035 -386813 0 6047 -386813 0
gene 2 2035 15 -233631 0 6048 -233631 1
gene 3 927 1084 -282411 0 6090 -282411 0
gene 4 1847 453 53505 0 6145 53505 1
gene 2 1712 2119 -510140 0 6302 -510140 1
gene 2 2119 2035 170733 0 6303 170733 1
gene 3 9 2161 -205164 0 6421 -205164 1
gene 3 2161 1890 258795 0 6422 258795 0
gene 4 453 2179 229461 1 6471 229461 0
gene 4 2179 453 -299895 0 6472 -299895 1
gene 4 7 2221 142779 0 6590 142779 0
gene 4 2221 15 -256788 0 6591 -256788 1
gene 2 1295 1021 53367 0 6920 53367 1
gene 4 2011 393 -116211 0 7009 -116211 1
gene 3 1295 557 -40494 1 7060 -40494 1
gene 3 11 2397 -123273 0 7109 -123273 1
gene 3 2397 14 87276 0 7110 87276 1
gene 3 469 272 -245103 0 7207 -245103 1
gene 2 14 2505 309756 0 7409 309756 1
gene 2 2505 301 -585339 0 7410 -585339 1
gene 4 7 2547 -1428 0 7531 -1428 1
gene 4 2547 2221 -23409 0 7532 -23409 1
gene 3 927 2578 -197322 0 7639 -197322 1
gene 3 2578 1084 -166212 0 7640 -166212 1
gene 2 12 2618 -487619 0 7758 -487619 1
gene 2 2618 1622 -142797 0 7759 -142797 1
gene 3 2161 2697 -800000 0 7981 -800000 1
gene 3 2697 1890 61527 0 7982 61527 1
gene 3 1116 2712 473553 0 8023 473553 1
gene 3 2712 1021 -4935 0 8024 -4935 1
gene 1 2 1234 -222165 0 8214 -222165 1
gene 4 1295 2578 -137547 0 8265 -137547 1
gene 1 4 729 229191 0 8317 229191 1
gene 2 1021 2874 135132 0 8528 135132 1
gene 2 2874 24 -256137 0 8529 -256137 1
gene 3 393 393 551538 1 8658 551538 1
gene 3 11 2990 300993 0 8870 300993 1
gene 3 2990 15 -183843 0 8871 -183843 1
gene 2 10 3002 139857 0 8905 139857 1
gene 1 3002 15 483681 0 8906 483681 1
gene 4 453 3114 -466919 1 9247 -466919 1
gene 4 3114 2179 -170160 0 9248 -170160 1
gene 4 12 3133 62755 0 9298 62755 1
gene 4 3133 13 -241770 0 9299 -241770 1
genomeend 72


/* Organism #73 Fitness: 340.000000 Time: 0 */
/* Position #73*/
#1 x: 76 y: 32
#2 x: 15 y: 39
#3 x: 63 y: 32
#4 x: 79 y: 66
#5 x: 55 y: 61
#6 x: 68 y: 61
genomestart 73
trait 1 100000.000000 0.000000 10519.000000 0.000000 0.000000 100000.000000 1198.000000 0.000000 trait 2 0.000000 12649.000000 36859.000000 100000.000000 0.000000 0.000000 0.000000 55198.000000 trait 3 41432.000000 0.000000 24066.000000 0.000000 100000.000000 0.000000 0.000000 47464.000000 trait 4 4.000000 0.000000 0.000000 0.000000 0.000000 0.000000 0.000000 0.000000 node 1 1 1 3
node 2 2 1 1
node 3 4 1 1
node 4 4 1 1
node 5 1 1 1
node 6 4 1 1
node 7 3 1 1
node 8 3 1 1
node 9 3 1 1
node 10 4 1 1
node 11 4 1 1
node 12 1 1 1
node 13 1 0 2
node 14 2 0 2
node 15 4 0 2
node 24 1 0 0
node 188 3 0 0
node 222 1 0 0
node 272 1 0 0
node 301 1 0 0
node 380 1 0 0
node 393 1 0 0
node 453 4 0 0
node 469 1 0 0
node 557 1 0 0
node 729 1 0 0
node 875 1 0 0
node 927 1 0 0
node 1021 1 0 0
node 1084 1 0 0
node 1116 1 0 0
node 1234 4 0 0
node 1295 1 0 0
node 1374 1 0 0
node 1496 1 0 0
node 1522 1 0 0
node 1622 1 0 0
node 1712 1 0 0
node 1847 1 0 0
node 1890 1 0 0
node 2011 1 0 0
node 2035 1 0 0
node 2119 1 0 0
node 2161 1 0 0
node 2179 1 0 0
node 2221 1 0 0
node 2347 1 0 0
node 2379 1 0 0
node 2428 1 0 0
node 2441 1 0 0
node 2472 1 0 0
node 2511 1 0 0
node 2581 1 0 0
node 2603 1 0 0
node 2679 1 0 0
node 2689 1 0 0
node 2709 1 0 0
node 2977 1 0 0
node 3054 1 0 0
node 3120 1 0 0
node 3139 1 0 0
gene 1 1 13 -800000 0 1 -800000 1
gene 2 2 13 -385377 0 2 -385377 1
gene 2 3 13 -266685 0 3 -266685 1
gene 4 4 13 -162615 0 4 -162615 0
gene 2 5 13 -174284 0 5 -174284 1
gene 1 6 13 -233865 0 6 -233865 1
gene 3 7 13 -233544 0 7 -233544 1
gene 1 8 13 -677433 0 8 -677433 0
gene 4 9 13 -444402 0 9 -444402 1
gene 2 10 13 -260910 0 10 -260910 1
gene 3 11 13 -284937 0 11 -284937 1
gene 4 12 13 -240831 0 12 -240831 1
gene 1 1 14 -333207 0 13 -333207 1
gene 1 2 14 -433278 0 14 -433278 1
gene 2 3 14 716604 0 15 716604 1
gene 2 4 14 -76806 0 16 -76806 1
gene 1 5 14 207075 0 17 207075 1
gene 2 6 14 626382 0 18 626382 0
gene 3 7 14 524163 0 19 524163 0
gene 3 8 14 -253392 0 20 -253392 1
gene 3 9 14 -615438 0 21 -615438 0
gene 2 10 14 87090 0 22 87090 1
gene 3 11 14 292698 0 23 292698 1
gene 2 12 14 -408135 0 24 -408135 1
gene 2 1 15 -214497 0 25 -214497 1
gene 3 2 15 273459 0 26 273459 1
gene 4 3 15 -421790 0 27 -421790 0
gene 1 4 15 -538272 0 28 -538272 0
gene 4 5 15 -219135 0 29 -219135 0
gene 2 6 15 494382 0 30 494382 0
gene 4 7 15 668475 0 31 668475 0
gene 2 8 15 187380 0 32 187380 0
gene 2 9 15 -463257 0 33 -463257 0
gene 2 10 15 408504 0 34 408504 1
gene 3 11 15 277392 0 35 277392 1
gene 2 12 15 -142161 0 36 -142161 0
gene 4 4 24 -132252 0 62 -132252 1
gene 4 24 13 -317481 0 63 -317481 1
gene 1 24 24 -197100 1 127 -197100 0
gene 3 15 13 17703 0 293 17703 1
gene 2 7 24 -534600 0 408 -534600 0
gene 3 7 188 319077 0 526 319077 1
gene 3 188 14 476304 0 527 476304 1
gene 2 9 222 -800000 0 645 -800000 0
gene 2 222 15 32172 0 646 32172 1
gene 3 3 272 -382245 0 798 -382245 0
gene 3 272 15 54030 0 799 54030 0
gene 2 3 24 445668 0 850 445668 1
gene 1 24 301 351954 1 893 351954 0
gene 1 301 24 153654 0 894 153654 0
gene 1 188 188 -597179 1 934 -597179 1
gene 3 4 188 150315 0 1080 150315 1
gene 2 6 380 538152 0 1115 538152 1
gene 2 380 14 -464568 0 1116 -464568 1
gene 1 4 393 2484 0 1157 2484 1
gene 1 393 15 -135660 0 1158 -135660 1
gene 1 15 380 546008 0 1196 546008 1
gene 2 12 188 80724 0 1302 80724 0
gene 2 9 453 95145 0 1346 95145 1
gene 2 453 222 -35439 0 1347 -35439 1
gene 1 24 469 42399 1 1394 42399 0
gene 2 469 301 -800000 0 1395 -800000 0
gene 3 222 24 2955 0 1576 2955 1
gene 4 3 188 -220459 0 1616 -220459 1
gene 3 272 557 -759596 0 1666 -759596 0
gene 1 557 15 -368922 0 1667 -368922 0
gene 1 6 272 -372777 0 1830 -372777 0
gene 4 12 380 -518694 0 1879 -518694 0
gene 1 469 729 -1701 0 2197 -1701 1
gene 1 729 301 -87267 0 2198 -87267 1
gene 2 14 301 117252 0 2244 117252 1
gene 1 188 380 373287 0 2284 373287 1
gene 3 8 875 -449391 0 2630 -449391 0
gene 1 875 13 85176 0 2631 85176 1
gene 4 12 927 240240 0 2791 240240 1
gene 4 927 380 324186 0 2792 324186 1
gene 2 393 380 175278 0 3014 175278 0
gene 2 7 1021 -11259 0 3066 -11259 1
gene 2 1021 24 -444189 0 3067 -444189 1
gene 1 8 1084 -495645 0 3243 -495645 0
gene 1 1084 875 595335 0 3244 595335 0
gene 4 188 927 109599 0 3297 109599 1
gene 1 1084 1116 -5247 0 3335 -5247 1
gene 1 1116 875 255504 0 3336 255504 0
gene 1 222 469 134946 0 3394 134946 0
gene 1 8 1234 -800000 0 3693 -800000 0
gene 1 1234 1084 176361 0 3694 176361 0
gene 1 301 1295 383622 0 3863 383622 1
gene 1 1295 24 597809 0 3864 597809 1
gene 1 2 393 36171 0 3943 36171 1
gene 4 1084 1084 -455418 1 4053 -455418 1
gene 3 1295 1084 -84792 0 4076 -84792 1
gene 1 1116 1374 -210588 0 4119 -210588 1
gene 1 1374 875 624215 0 4120 624215 1
gene 2 272 1084 -30894 0 4218 -30894 1
gene 2 12 1496 -747009 0 4474 -747009 0
gene 2 1496 15 -222978 0 4475 -222978 1
gene 2 557 1522 218967 0 4546 218967 1
gene 1 1522 15 -318546 0 4547 -318546 0
gene 4 1116 1021 -294678 0 4657 -294678 1
gene 3 9 380 19641 0 4725 19641 1
gene 2 12 1622 443115 0 4831 443115 0
gene 2 1622 188 -171276 0 4832 -171276 0
gene 4 453 453 -49626 1 4965 -49626 0
gene 2 8 1712 172101 0 5099 172101 1
gene 2 1712 15 208773 0 5100 208773 0
gene 1 6 1847 -715593 0 5495 -715593 1
gene 1 1847 272 618548 0 5496 618548 1
gene 3 9 1890 -227031 0 5636 -227031 0
gene 3 1890 14 179433 0 5637 179433 1
gene 4 1116 13 176967 0 5838 176967 1
gene 1 9 1712 -425586 0 5937 -425586 1
gene 1 24 2011 -107181 1 5985 -107181 1
gene 1 2011 469 -272778 0 5986 -272778 1
gene 2 1712 2035 229077 0 6047 229077 0
gene 2 2035 15 -800000 0 6048 -800000 1
gene 1 927 1084 -59844 0 6090 -59844 0
gene 4 1847 453 -46947 0 6145 -46947 1
gene 2 1712 2119 269915 0 6302 269915 1
gene 2 2119 2035 15057 0 6303 15057 1
gene 3 9 2161 76035 0 6421 76035 1
gene 3 2161 1890 50238 0 6422 50238 1
gene 4 453 2179 20637 1 6471 20637 1
gene 4 2179 453 -583815 0 6472 -583815 1
gene 4 7 2221 -419763 0 6590 -419763 1
gene 4 2221 15 520089 0 6591 520089 0
gene 2 393 2347 273120 0 6963 273120 1
gene 2 2347 380 800000 0 6964 800000 1
gene 2 729 188 -61542 0 7008 -61542 1
gene 2 6 2379 -122748 0 7058 -122748 1
gene 2 2379 15 326406 0 7059 326406 1
gene 1 1234 2428 -3816 0 7193 -3816 1
gene 1 2428 1084 615474 0 7194 615474 1
gene 4 2221 2441 252657 0 7231 252657 1
gene 4 2441 15 167862 0 7232 167862 1
gene 2 1622 2472 -177711 0 7317 -177711 1
gene 2 2472 188 31953 0 7318 31953 1
gene 4 1712 557 -51012 0 7368 -51012 1
gene 1 1522 2511 -128592 0 7422 -128592 1
gene 1 2511 15 -157698 0 7423 -157698 1
gene 2 4 301 19155 0 7485 19155 1
gene 2 2035 2379 285387 0 7596 285387 0
gene 3 3 2581 -239805 0 7648 -239805 1
gene 3 2581 272 -488166 0 7649 -488166 1
gene 1 8 2603 5733 0 7715 5733 1
gene 1 2603 1234 -75642 0 7716 -75642 1
gene 2 12 2679 451851 0 7930 451851 1
gene 2 2679 1622 58068 0 7931 58068 1
gene 2 2035 2689 172338 0 7960 172338 1
gene 2 2689 2379 800000 0 7961 800000 1
gene 1 12 2709 -238554 0 8017 -238554 1
gene 2 2709 1496 -230571 0 8018 -230571 1
gene 3 2428 188 157011 0 8525 157011 1
gene 3 875 380 237102 1 8704 237102 1
gene 3 272 2977 148995 0 8837 148995 1
gene 3 2977 557 6345 0 8838 6345 1
gene 3 2603 380 282510 0 8883 282510 1
gene 2 393 2221 360885 0 8955 360885 1
gene 1 222 3054 -120687 0 9060 -120687 1
gene 1 3054 469 -38631 0 9061 -38631 1
gene 1 927 3120 1 0 9265 1 1
gene 1 3120 1084 11019 0 9266 11019 1
gene 4 5 3139 -395810 0 9311 -395810 1
gene 4 3139 15 317166 0 9312 317166 1
genomeend 73


/* Organism #74 Fitness: 300.000000 Time: 0 */
/* Position #74*/
#1 x: 65 y: 22
#2 x: 35 y: 20
#3 x: 29 y: 32
#4 x: 63 y: 73
#5 x: 46 y: 68
#6 x: 15 y: 60
genomestart 74
trait 1 100000.000000 0.000000 10519.000000 0.000000 0.000000 100000.000000 1198.000000 0.000000 trait 2 0.000000 12649.000000 36859.000000 100000.000000 0.000000 0.000000 0.000000 55198.000000 trait 3 41432.000000 0.000000 24066.000000 0.000000 100000.000000 0.000000 0.000000 47464.000000 trait 4 4.000000 0.000000 0.000000 0.000000 0.000000 0.000000 0.000000 0.000000 node 1 1 1 3
node 2 2 1 1
node 3 4 1 1
node 4 4 1 1
node 5 1 1 1
node 6 4 1 1
node 7 3 1 1
node 8 3 1 1
node 9 3 1 1
node 10 4 1 1
node 11 4 1 1
node 12 1 1 1
node 13 1 0 2
node 14 2 0 2
node 15 4 0 2
node 24 1 0 0
node 188 3 0 0
node 222 1 0 0
node 272 1 0 0
node 301 1 0 0
node 380 1 0 0
node 393 1 0 0
node 453 4 0 0
node 469 1 0 0
node 557 1 0 0
node 729 1 0 0
node 875 1 0 0
node 927 1 0 0
node 1021 1 0 0
node 1084 1 0 0
node 1116 1 0 0
node 1234 4 0 0
node 1295 1 0 0
node 1374 1 0 0
node 1496 1 0 0
node 1522 1 0 0
node 1622 1 0 0
node 1712 1 0 0
node 1847 1 0 0
node 1890 1 0 0
node 2011 1 0 0
node 2035 1 0 0
node 2119 1 0 0
node 2161 1 0 0
node 2179 1 0 0
node 2221 1 0 0
node 2347 1 0 0
node 2379 1 0 0
node 2428 1 0 0
node 2441 1 0 0
node 2472 1 0 0
node 2511 1 0 0
node 2581 1 0 0
node 2603 1 0 0
node 2679 1 0 0
node 2689 1 0 0
node 2709 1 0 0
node 2977 1 0 0
node 3054 1 0 0
node 3112 1 0 0
gene 1 1 13 -742382 0 1 -742382 1
gene 2 2 13 -207483 0 2 -207483 1
gene 2 3 13 -32070 0 3 -32070 1
gene 4 4 13 -163449 0 4 -163449 0
gene 2 5 13 -41390 0 5 -41390 1
gene 1 6 13 -239937 0 6 -239937 1
gene 3 7 13 427364 0 7 427364 1
gene 1 8 13 -208305 0 8 -208305 0
gene 4 9 13 561489 0 9 561489 1
gene 2 10 13 -499583 0 10 -499583 1
gene 3 11 13 -186132 0 11 -186132 1
gene 4 12 13 -250659 0 12 -250659 1
gene 1 1 14 -219060 0 13 -219060 1
gene 1 2 14 91200 0 14 91200 1
gene 2 3 14 176856 0 15 176856 1
gene 2 4 14 -139212 0 16 -139212 1
gene 1 5 14 -180630 0 17 -180630 1
gene 2 6 14 435459 0 18 435459 0
gene 3 7 14 800000 0 19 800000 0
gene 3 8 14 195063 0 20 195063 1
gene 3 9 14 -800000 0 21 -800000 0
gene 2 10 14 -306984 0 22 -306984 1
gene 3 11 14 55974 0 23 55974 1
gene 2 12 14 282732 0 24 282732 1
gene 2 1 15 214044 0 25 214044 1
gene 3 2 15 -190314 0 26 -190314 1
gene 4 3 15 -454517 0 27 -454517 0
gene 1 4 15 -449751 0 28 -449751 0
gene 4 5 15 -181668 0 29 -181668 1
gene 2 6 15 275265 0 30 275265 0
gene 4 7 15 -193017 0 31 -193017 0
gene 2 8 15 58773 0 32 58773 0
gene 2 9 15 -800000 0 33 -800000 0
gene 2 10 15 105888 0 34 105888 1
gene 3 11 15 138063 0 35 138063 1
gene 2 12 15 126591 0 36 126591 0
gene 4 4 24 452763 0 62 452763 1
gene 4 24 13 -505227 0 63 -505227 1
gene 1 24 24 800000 1 127 800000 0
gene 3 15 13 244620 0 293 244620 1
gene 2 7 24 124149 0 408 124149 0
gene 3 7 188 -113331 0 526 -113331 0
gene 3 188 14 -188139 0 527 -188139 1
gene 2 9 222 -800000 0 645 -800000 0
gene 2 222 15 -751731 0 646 -751731 1
gene 3 3 272 189888 0 798 189888 0
gene 3 272 15 -129900 0 799 -129900 0
gene 2 3 24 -725876 0 850 -725876 1
gene 1 24 301 190074 1 893 190074 0
gene 1 301 24 141381 0 894 141381 0
gene 1 188 188 -323583 1 934 -323583 1
gene 3 4 188 -86445 0 1080 -86445 1
gene 2 6 380 215376 0 1115 215376 1
gene 2 380 14 123546 0 1116 123546 1
gene 1 4 393 -800000 0 1157 -800000 1
gene 1 393 15 -68742 0 1158 -68742 1
gene 1 15 380 130371 0 1196 130371 1
gene 2 12 188 -268071 0 1302 -268071 0
gene 2 9 453 49470 0 1346 49470 1
gene 2 453 222 -682295 0 1347 -682295 1
gene 1 24 469 288573 1 1394 288573 0
gene 1 469 301 402285 0 1395 402285 0
gene 3 222 24 115446 0 1576 115446 1
gene 4 3 188 31908 0 1616 31908 1
gene 3 272 557 -800000 0 1666 -800000 0
gene 1 557 15 8688 0 1667 8688 0
gene 1 6 272 26124 0 1830 26124 0
gene 4 12 380 -460797 0 1879 -460797 0
gene 1 469 729 209115 0 2197 209115 1
gene 1 729 301 150071 0 2198 150071 1
gene 2 14 301 529413 0 2244 529413 1
gene 1 188 380 191682 0 2284 191682 1
gene 3 8 875 -367860 0 2630 -367860 0
gene 1 875 13 419493 0 2631 419493 1
gene 4 12 927 184770 0 2791 184770 1
gene 4 927 380 9993 0 2792 9993 1
gene 2 393 380 -87240 0 3014 -87240 0
gene 2 7 1021 265269 0 3066 265269 1
gene 2 1021 24 189606 0 3067 189606 1
gene 1 8 1084 -646920 0 3243 -646920 0
gene 1 1084 875 -126312 0 3244 -126312 0
gene 4 188 927 -148842 0 3297 -148842 1
gene 1 1084 1116 -175596 0 3335 -175596 1
gene 1 1116 875 367065 0 3336 367065 0
gene 1 222 469 205518 0 3394 205518 0
gene 1 8 1234 -32061 0 3693 -32061 0
gene 1 1234 1084 -292206 0 3694 -292206 0
gene 1 301 1295 -363651 0 3863 -363651 1
gene 1 1295 24 417611 0 3864 417611 1
gene 1 2 393 179526 0 3943 179526 1
gene 4 1084 1084 -153288 1 4053 -153288 1
gene 3 1295 1084 -164685 0 4076 -164685 1
gene 1 1116 1374 135549 0 4119 135549 1
gene 1 1374 875 125514 0 4120 125514 1
gene 2 272 1084 222357 0 4218 222357 1
gene 2 12 1496 73437 0 4474 73437 0
gene 2 1496 15 -15855 0 4475 -15855 1
gene 2 557 1522 669663 0 4546 669663 1
gene 1 1522 15 73149 0 4547 73149 0
gene 4 1116 1021 -25830 0 4657 -25830 1
gene 3 9 380 13890 0 4725 13890 1
gene 2 12 1622 258423 0 4831 258423 0
gene 2 1622 188 189792 0 4832 189792 0
gene 4 453 453 74562 1 4965 74562 0
gene 2 8 1712 -132702 0 5099 -132702 1
gene 2 1712 15 800000 0 5100 800000 0
gene 1 6 1847 389856 0 5495 389856 1
gene 1 1847 272 358349 0 5496 358349 1
gene 3 9 1890 -227934 0 5636 -227934 0
gene 3 1890 14 453477 0 5637 453477 1
gene 4 1116 13 74520 0 5838 74520 1
gene 1 9 1712 441858 0 5937 441858 1
gene 1 24 2011 -136659 1 5985 -136659 1
gene 1 2011 469 149061 0 5986 149061 1
gene 2 1712 2035 527682 0 6047 527682 0
gene 2 2035 15 -257115 0 6048 -257115 1
gene 1 927 1084 480180 0 6090 480180 1
gene 4 1847 453 -256479 0 6145 -256479 1
gene 2 1712 2119 476180 0 6302 476180 1
gene 2 2119 2035 31419 0 6303 31419 1
gene 3 9 2161 -324306 0 6421 -324306 1
gene 3 2161 1890 -150474 0 6422 -150474 1
gene 4 453 2179 407214 1 6471 407214 1
gene 4 2179 453 -485013 0 6472 -485013 1
gene 4 7 2221 511569 0 6590 511569 1
gene 4 2221 15 -442377 0 6591 -442377 0
gene 2 393 2347 -757047 0 6963 -757047 1
gene 2 2347 380 44175 0 6964 44175 1
gene 2 729 188 202932 0 7008 202932 1
gene 2 6 2379 59340 0 7058 59340 1
gene 2 2379 15 329097 0 7059 329097 1
gene 1 1234 2428 239379 0 7193 239379 1
gene 1 2428 1084 344463 0 7194 344463 1
gene 4 2221 2441 194124 0 7231 194124 1
gene 4 2441 15 316104 0 7232 316104 1
gene 2 1622 2472 17142 0 7317 17142 1
gene 2 2472 188 -223305 0 7318 -223305 1
gene 4 1712 557 -124626 0 7368 -124626 1
gene 1 1522 2511 -757388 0 7422 -757388 1
gene 1 2511 15 -145611 0 7423 -145611 1
gene 2 4 301 -82935 0 7485 -82935 1
gene 2 2035 2379 165195 0 7596 165195 0
gene 3 3 2581 -297798 0 7648 -297798 1
gene 3 2581 272 -515930 0 7649 -515930 1
gene 1 8 2603 111390 0 7715 111390 1
gene 1 2603 1234 161457 0 7716 161457 1
gene 2 12 2679 -133632 0 7930 -133632 1
gene 2 2679 1622 -135870 0 7931 -135870 1
gene 2 2035 2689 224139 0 7960 224139 1
gene 2 2689 2379 -209121 0 7961 -209121 1
gene 2 12 2709 121434 0 8017 121434 1
gene 2 2709 1496 267816 0 8018 267816 1
gene 3 2428 188 383196 0 8525 383196 1
gene 3 875 380 -82947 1 8704 -82947 1
gene 3 272 2977 -274161 0 8837 -274161 1
gene 3 2977 557 -240678 0 8838 -240678 1
gene 3 2603 380 263220 0 8883 263220 1
gene 2 393 2221 -76602 0 8955 -76602 1
gene 1 222 3054 -109982 0 9060 -109982 1
gene 1 3054 469 -487737 0 9061 -487737 1
gene 3 7 3112 248923 0 9239 248923 1
gene 3 3112 188 -329588 0 9240 -329588 1
gene 3 1890 2472 -310821 0 9315 -310821 1
genomeend 74


