/* Organism #92 Fitness: 164.000000 Time: 0 */
/* Position #92*/
#1 x: 41 y: 18
#2 x: 74 y: 40
#3 x: 68 y: 16
#4 x: 61 y: 76
#5 x: 25 y: 66
#6 x: 42 y: 61
genomestart 92
node 1 3 1 3
node 2 2 1 1
node 3 2 1 1
node 4 2 1 1
node 5 3 1 1
node 6 1 1 1
node 7 1 1 1
node 8 1 1 1
node 9 4 1 1
node 10 3 1 1
node 11 3 1 1
node 12 3 1 1
node 13 3 0 2
node 14 4 0 2
node 15 4 0 2
node 16 1 0 2
gene 2 1 13 -517602 0 1 -517602 1
gene 2 2 13 -109272 0 2 -109272 1
gene 1 3 13 -424737 0 3 -424737 1
gene 1 4 13 205815 0 4 205815 1
gene 2 5 13 99579 0 5 99579 1
gene 4 6 13 -106356 0 6 -106356 1
gene 2 7 13 -94620 0 7 -94620 1
gene 3 8 13 -800000 0 8 -800000 1
gene 4 9 13 -55179 0 9 -55179 1
gene 4 10 13 100395 0 10 100395 1
gene 2 11 13 138273 0 11 138273 1
gene 3 12 13 -632127 0 12 -632127 1
gene 1 1 14 226959 0 13 226959 1
gene 3 2 14 -92115 0 14 -92115 1
gene 2 3 14 475983 0 15 475983 1
gene 2 4 14 -475455 0 16 -475455 1
gene 1 5 14 -721562 0 17 -721562 1
gene 1 6 14 30807 0 18 30807 1
gene 2 7 14 438342 0 19 438342 1
gene 4 8 14 290277 0 20 290277 1
gene 4 9 14 68604 0 21 68604 1
gene 3 10 14 -158526 0 22 -158526 1
gene 1 11 14 368487 0 23 368487 1
gene 4 12 14 -522900 0 24 -522900 1
gene 4 1 15 -63600 0 25 -63600 1
gene 1 2 15 -612186 0 26 -612186 1
gene 1 3 15 -23805 0 27 -23805 1
gene 2 4 15 200076 0 28 200076 1
gene 3 5 15 13440 0 29 13440 1
gene 1 6 15 -201627 0 30 -201627 1
gene 4 7 15 169677 0 31 169677 1
gene 3 8 15 579630 0 32 579630 1
gene 2 9 15 -354738 0 33 -354738 1
gene 4 10 15 -563318 0 34 -563318 1
gene 3 11 15 132852 0 35 132852 1
gene 1 12 15 116937 0 36 116937 1
gene 2 1 16 -29418 0 37 -29418 1
gene 3 2 16 218223 0 38 218223 1
gene 4 3 16 212796 0 39 212796 1
gene 3 4 16 492990 0 40 492990 1
gene 4 5 16 65760 0 41 65760 1
gene 1 6 16 800000 0 42 800000 1
gene 4 7 16 203004 0 43 203004 1
gene 3 8 16 -237858 0 44 -237858 1
gene 1 9 16 501276 0 45 501276 1
gene 1 10 16 252285 0 46 252285 1
gene 4 11 16 -105423 0 47 -105423 1
gene 3 12 16 8058 0 48 8058 1
gene 3 16 15 295251 0 66 295251 1
gene 3 15 13 -270201 0 92 -270201 1
gene 2 13 14 121023 0 189 121023 1
gene 3 14 14 -168282 1 201 -168282 1
gene 3 15 14 77817 0 340 77817 1
gene 3 16 13 -185922 0 485 -185922 1
genomeend 92


