/* Organism #2 Fitness: 140.000000 Time: 0 */
/* Position #2*/
#1 x: 71 y: 34
#2 x: 43 y: 36
#3 x: 42 y: 38
#4 x: 69 y: 62
#5 x: 46 y: 69
#6 x: 44 y: 76
genomestart 2
trait 1 1.000000 0.000000 0.000000 0.000000 0.000000 0.000000 0.000000 0.000000 trait 2 0.000000 41995.000000 0.000000 0.000000 0.000000 4712.000000 100000.000000 0.000000 trait 3 3.000000 0.000000 0.000000 83554.000000 0.000000 0.000000 0.000000 0.000000 trait 4 0.000000 0.000000 0.000000 68054.000000 0.000000 0.000000 0.000000 0.000000 node 1 2 1 3
node 2 2 1 1
node 3 3 1 1
node 4 1 1 1
node 5 4 1 1
node 6 3 1 1
node 7 3 1 1
node 8 1 1 1
node 9 3 1 1
node 10 3 1 1
node 11 1 1 1
node 12 1 1 1
node 13 3 0 2
node 14 1 0 2
node 15 3 0 2
node 21 4 0 0
node 37 1 0 0
node 50 1 0 0
node 63 3 0 0
node 74 2 0 0
node 197 1 0 0
node 459 1 0 0
node 526 1 0 0
node 555 1 0 0
node 573 1 0 0
node 592 3 0 0
node 670 1 0 0
node 825 1 0 0
node 895 1 0 0
node 913 1 0 0
node 927 1 0 0
node 1124 1 0 0
node 1202 1 0 0
node 1214 1 0 0
node 1530 1 0 0
node 1647 1 0 0
node 1673 1 0 0
node 1706 1 0 0
node 1746 1 0 0
node 1881 1 0 0
node 1891 1 0 0
node 1959 1 0 0
gene 3 1 13 539609 0 1 539609 1
gene 4 2 13 -140889 0 2 -140889 0
gene 3 3 13 306345 0 3 306345 1
gene 2 4 13 170373 0 4 170373 1
gene 1 5 13 -17652 0 5 -17652 0
gene 2 6 13 253071 0 6 253071 1
gene 1 7 13 304326 0 7 304326 1
gene 2 8 13 389700 0 8 389700 1
gene 2 9 13 446555 0 9 446555 0
gene 4 10 13 -398967 0 10 -398967 0
gene 2 11 13 91262 0 11 91262 0
gene 4 12 13 -770504 0 12 -770504 1
gene 4 1 14 -389127 0 13 -389127 1
gene 3 2 14 -540423 0 14 -540423 1
gene 2 3 14 84000 0 15 84000 1
gene 3 4 14 -56688 0 16 -56688 1
gene 4 5 14 580686 0 17 580686 0
gene 4 6 14 -228759 0 18 -228759 1
gene 1 7 14 126588 0 19 126588 0
gene 1 8 14 -800000 0 20 -800000 0
gene 1 9 14 -100194 0 21 -100194 0
gene 3 10 14 -83961 0 22 -83961 1
gene 2 11 14 -382722 0 23 -382722 0
gene 2 12 14 468735 0 24 468735 0
gene 3 1 15 -800000 0 25 -800000 1
gene 4 2 15 -261123 0 26 -261123 0
gene 2 3 15 367002 0 27 367002 1
gene 2 4 15 -42528 0 28 -42528 1
gene 1 5 15 -172737 0 29 -172737 0
gene 1 6 15 -142113 0 30 -142113 1
gene 4 7 15 157632 0 31 157632 1
gene 1 8 15 205574 0 32 205574 1
gene 4 9 15 -696438 0 33 -696438 0
gene 2 10 15 -331845 0 34 -331845 0
gene 3 11 15 511424 0 35 511424 0
gene 2 12 15 -558732 0 36 -558732 1
gene 2 12 21 -800000 0 50 -800000 1
gene 2 21 14 303243 0 51 303243 0
gene 4 2 37 -609308 0 92 -609308 0
gene 4 37 13 -443586 0 93 -443586 1
gene 4 2 50 -235904 0 130 -235904 1
gene 4 50 37 693234 0 131 693234 1
gene 1 11 63 -199854 0 166 -199854 1
gene 1 63 14 -407808 0 167 -407808 1
gene 2 5 74 467889 0 204 467889 1
gene 2 74 14 -196356 0 205 -196356 0
gene 4 5 37 137826 0 419 137826 1
gene 3 6 21 -571254 0 547 -571254 1
gene 4 2 197 -545748 0 591 -545748 1
gene 4 197 15 -6081 0 592 -6081 1
gene 3 14 50 36372 0 781 36372 1
gene 4 9 74 -9741 0 1104 -9741 1
gene 2 9 459 800000 0 1406 800000 0
gene 2 459 13 -607715 0 1407 -607715 0
gene 1 9 526 743406 0 1593 743406 0
gene 1 526 14 59394 0 1594 59394 0
gene 2 74 555 179670 0 1680 179670 0
gene 2 555 14 363894 0 1681 363894 1
gene 1 5 573 59175 0 1732 59175 1
gene 1 573 15 410487 0 1733 410487 0
gene 1 573 592 57858 0 1786 57858 1
gene 1 592 15 402651 0 1787 402651 1
gene 2 21 670 -50127 0 2012 -50127 1
gene 2 670 14 653945 0 2013 653945 0
gene 4 63 50 330729 0 2239 330729 1
gene 3 74 74 -276177 1 2345 -276177 1
gene 2 8 825 35985 0 2466 35985 1
gene 1 825 14 95358 0 2467 95358 1
gene 2 10 895 252909 0 2679 252909 0
gene 2 895 15 193770 0 2680 193770 1
gene 2 74 913 -200250 0 2725 -200250 1
gene 2 913 555 -411033 0 2726 -411033 1
gene 2 11 927 -49191 0 2769 -49191 1
gene 2 927 13 -800000 0 2770 -800000 1
gene 1 555 197 -729479 0 2872 -729479 1
gene 2 459 459 -201168 1 3224 -201168 1
gene 3 11 1124 17790 0 3336 17790 1
gene 3 1124 15 -91596 0 3337 -91596 1
gene 2 10 1202 43569 0 3558 43569 1
gene 2 1202 895 -132048 0 3559 -132048 1
gene 2 670 1214 209796 0 3598 209796 1
gene 4 1214 14 -294078 0 3599 -294078 1
gene 1 1202 913 -195411 0 3762 -195411 1
gene 3 825 197 50460 0 4164 50460 1
gene 4 197 670 614160 0 4211 614160 1
gene 4 11 895 161949 0 4349 161949 1
gene 4 9 1530 -702771 0 4506 -702771 1
gene 4 1530 15 -218973 0 4507 -218973 1
gene 4 10 1647 114612 0 4847 114612 1
gene 4 1647 13 -175911 0 4848 -175911 1
gene 1 526 1673 -217614 0 4931 -217614 1
gene 1 1673 14 178821 0 4932 178821 1
gene 2 9 1706 214611 0 5035 214611 1
gene 2 1706 459 57942 0 5036 57942 1
gene 3 1673 1673 69739 1 5079 69739 1
gene 2 459 1746 -308517 0 5136 -308517 1
gene 2 1746 13 -800000 0 5137 -800000 1
gene 3 573 13 -157035 0 5182 -157035 1
gene 1 12 913 -288942 0 5262 -288942 1
gene 4 1706 670 360920 0 5306 360920 1
gene 3 8 526 -113413 0 5372 -113413 1
gene 1 9 1881 -26388 0 5573 -26388 1
gene 1 1881 526 -126375 0 5574 -126375 1
gene 1 7 1891 5331 0 5610 5331 1
gene 1 1891 14 15462 0 5611 15462 1
gene 1 5 1959 1 0 5802 0 1
gene 1 1959 13 -17652 0 5803 0 1
genomeend 2


/* Organism #3 Fitness: 160.000000 Time: 0 */
/* Position #3*/
#1 x: 71 y: 34
#2 x: 43 y: 36
#3 x: 42 y: 38
#4 x: 69 y: 62
#5 x: 46 y: 69
#6 x: 44 y: 76
genomestart 3
trait 1 1.000000 0.000000 0.000000 0.000000 0.000000 0.000000 0.000000 0.000000 trait 2 0.000000 41995.000000 0.000000 0.000000 0.000000 4712.000000 100000.000000 0.000000 trait 3 3.000000 0.000000 0.000000 83554.000000 0.000000 0.000000 0.000000 0.000000 trait 4 4.000000 0.000000 0.000000 0.000000 0.000000 0.000000 0.000000 0.000000 node 1 2 1 3
node 2 2 1 1
node 3 3 1 1
node 4 1 1 1
node 5 1 1 1
node 6 3 1 1
node 7 1 1 1
node 8 1 1 1
node 9 3 1 1
node 10 1 1 1
node 11 1 1 1
node 12 1 1 1
node 13 3 0 2
node 14 2 0 2
node 15 3 0 2
node 21 4 0 0
node 37 1 0 0
node 50 1 0 0
node 63 1 0 0
node 74 2 0 0
node 197 1 0 0
node 459 1 0 0
node 526 1 0 0
node 555 1 0 0
node 573 1 0 0
node 592 1 0 0
node 670 1 0 0
node 825 1 0 0
node 895 1 0 0
node 913 1 0 0
node 927 1 0 0
node 1124 1 0 0
node 1139 1 0 0
node 1152 1 0 0
node 1207 1 0 0
node 1246 2 0 0
node 1288 1 0 0
node 1349 1 0 0
node 1417 1 0 0
node 1589 1 0 0
node 1703 1 0 0
node 1751 1 0 0
node 1920 1 0 0
gene 3 1 13 -273708 0 1 -273708 1
gene 4 2 13 449727 0 2 449727 0
gene 3 3 13 163885 0 3 163885 1
gene 2 4 13 275766 0 4 275766 1
gene 1 5 13 -153009 0 5 -153009 1
gene 2 6 13 435345 0 6 435345 1
gene 1 7 13 456 0 7 456 1
gene 2 8 13 272994 0 8 272994 0
gene 2 9 13 -55938 0 9 -55938 0
gene 4 10 13 -503118 0 10 -503118 1
gene 2 11 13 -800000 0 11 -800000 0
gene 4 12 13 153321 0 12 153321 1
gene 4 1 14 485547 0 13 485547 1
gene 3 2 14 -292362 0 14 -292362 1
gene 2 3 14 89373 0 15 89373 1
gene 3 4 14 282507 0 16 282507 1
gene 2 5 14 565605 0 17 565605 0
gene 4 6 14 -77814 0 18 -77814 0
gene 1 7 14 -533313 0 19 -533313 1
gene 1 8 14 -323007 0 20 -323007 0
gene 1 9 14 -341871 0 21 -341871 0
gene 3 10 14 699186 0 22 699186 1
gene 2 11 14 478458 0 23 478458 0
gene 2 12 14 183611 0 24 183611 0
gene 3 1 15 -584511 0 25 -584511 1
gene 4 2 15 -35328 0 26 -35328 0
gene 2 3 15 -387975 0 27 -387975 1
gene 2 4 15 681917 0 28 681917 1
gene 1 5 15 106944 0 29 106944 0
gene 1 6 15 115144 0 30 115144 1
gene 4 7 15 328518 0 31 328518 1
gene 1 8 15 129421 0 32 129421 1
gene 4 9 15 -260694 0 33 -260694 0
gene 2 10 15 -709349 0 34 -709349 0
gene 3 11 15 -485358 0 35 -485358 0
gene 2 12 15 506738 0 36 506738 1
gene 2 12 21 800000 0 50 800000 1
gene 2 21 14 188499 0 51 188499 0
gene 4 2 37 -168612 0 92 -168612 0
gene 4 37 13 -33318 0 93 -33318 1
gene 4 2 50 181778 0 130 181778 1
gene 4 50 37 373064 0 131 373064 1
gene 1 11 63 -278203 0 166 -278203 1
gene 1 63 14 -3396 0 167 -3396 1
gene 2 5 74 800000 0 204 800000 1
gene 2 74 14 91761 0 205 91761 0
gene 4 5 37 -321636 0 419 -321636 1
gene 3 6 21 -462381 0 547 -462381 1
gene 4 2 197 318909 0 591 318909 1
gene 4 197 15 -17097 0 592 -17097 1
gene 3 14 50 170292 0 781 170292 1
gene 4 9 74 -800000 0 1104 -800000 1
gene 2 9 459 -349293 0 1406 -349293 1
gene 2 459 13 800000 0 1407 800000 1
gene 1 9 526 -294057 0 1593 -294057 1
gene 1 526 14 53850 0 1594 53850 1
gene 2 74 555 -200415 0 1680 -200415 0
gene 4 555 14 800000 0 1681 800000 0
gene 1 5 573 59643 0 1732 59643 1
gene 1 573 15 -288663 0 1733 -288663 0
gene 1 573 592 -458673 0 1786 -458673 1
gene 1 592 15 -800000 0 1787 -800000 1
gene 2 21 670 -447222 0 2012 -447222 1
gene 2 670 14 -136506 0 2013 -136506 0
gene 4 63 50 800000 0 2239 800000 1
gene 3 74 74 -708261 1 2345 -708261 1
gene 1 8 825 -209787 0 2466 -209787 0
gene 1 825 14 346911 0 2467 346911 1
gene 2 10 895 99654 0 2679 99654 0
gene 2 895 15 139506 0 2680 139506 1
gene 2 74 913 -247083 0 2725 -247083 1
gene 2 913 555 4044 0 2726 4044 1
gene 2 11 927 -609078 0 2769 -609078 1
gene 2 927 13 -315840 0 2770 -315840 1
gene 1 555 197 680217 0 2872 680217 1
gene 2 459 459 -309909 1 3224 -309909 1
gene 3 11 1124 -150507 0 3336 -150507 1
gene 3 1124 15 -408060 0 3337 -408060 0
gene 2 670 1139 -255075 0 3378 -255075 1
gene 2 1139 14 -215840 0 3379 -215840 1
gene 1 8 1152 -550458 0 3420 -550458 0
gene 1 1152 825 177056 0 3421 177056 1
gene 1 895 895 45033 1 3523 45033 1
gene 1 8 1207 80199 0 3577 80199 1
gene 1 1207 1152 268650 0 3578 268650 1
gene 3 1124 1246 -703221 0 3704 -703221 1
gene 3 1246 15 287376 0 3705 287376 1
gene 4 9 1288 169287 0 3815 169287 1
gene 4 1288 15 166245 0 3816 166245 0
gene 4 6 1349 -277779 0 3992 -277779 1
gene 4 1349 14 -65223 0 3993 -65223 1
gene 2 555 1417 -8343 0 4178 -8343 1
gene 2 1417 14 265002 0 4179 265002 1
gene 1 1207 1139 -485697 0 4375 -485697 0
gene 1 1207 1589 -47289 0 4680 -47289 1
gene 1 1589 1139 -367030 0 4681 -367030 1
gene 1 1207 1207 109434 1 4724 109434 1
gene 2 10 1703 -436182 0 5027 -436182 1
gene 2 1703 895 -194421 0 5028 -194421 1
gene 2 8 1751 108826 0 5156 108826 1
gene 2 1751 13 -92853 0 5157 -92853 1
gene 3 1288 459 403969 0 5199 403969 1
gene 1 1751 927 6042 0 5617 6042 1
gene 4 1288 1920 1 0 5697 0 1
gene 4 1920 15 166245 0 5698 0 1
genomeend 3


/* Organism #6 Fitness: 140.000000 Time: 0 */
/* Position #6*/
#1 x: 27 y: 25
#2 x: 37 y: 36
#3 x: 38 y: 26
#4 x: 85 y: 69
#5 x: 51 y: 65
#6 x: 55 y: 67
genomestart 6
trait 1 1.000000 0.000000 0.000000 0.000000 0.000000 0.000000 0.000000 0.000000 trait 2 0.000000 28801.000000 0.000000 87790.000000 0.000000 68365.000000 100000.000000 0.000000 trait 3 3.000000 0.000000 0.000000 83554.000000 0.000000 0.000000 0.000000 0.000000 trait 4 4.000000 0.000000 0.000000 0.000000 0.000000 0.000000 0.000000 0.000000 node 1 4 1 3
node 2 2 1 1
node 3 3 1 1
node 4 1 1 1
node 5 4 1 1
node 6 3 1 1
node 7 3 1 1
node 8 1 1 1
node 9 3 1 1
node 10 3 1 1
node 11 1 1 1
node 12 1 1 1
node 13 3 0 2
node 14 1 0 2
node 15 3 0 2
node 21 4 0 0
node 37 1 0 0
node 50 1 0 0
node 63 3 0 0
node 74 2 0 0
node 197 1 0 0
node 459 1 0 0
node 526 1 0 0
node 555 1 0 0
node 573 1 0 0
node 592 1 0 0
node 670 1 0 0
node 825 1 0 0
node 895 1 0 0
node 913 1 0 0
node 927 1 0 0
node 1124 1 0 0
node 1202 1 0 0
node 1214 1 0 0
node 1530 1 0 0
node 1647 1 0 0
node 1673 1 0 0
node 1683 1 0 0
node 1796 1 0 0
node 1960 1 0 0
gene 3 1 13 -101259 0 1 -101259 1
gene 4 2 13 72675 0 2 72675 0
gene 3 3 13 -676394 0 3 -676394 1
gene 2 4 13 -248565 0 4 -248565 1
gene 1 5 13 172146 0 5 172146 1
gene 2 6 13 -559533 0 6 -559533 1
gene 1 7 13 411489 0 7 411489 1
gene 2 8 13 109452 0 8 109452 0
gene 2 9 13 -65679 0 9 -65679 0
gene 4 10 13 -438368 0 10 -438368 0
gene 2 11 13 -331434 0 11 -331434 0
gene 4 12 13 -464951 0 12 -464951 1
gene 4 1 14 80952 0 13 80952 1
gene 3 2 14 638328 0 14 638328 1
gene 2 3 14 516183 0 15 516183 1
gene 3 4 14 -573318 0 16 -573318 1
gene 4 5 14 183921 0 17 183921 0
gene 4 6 14 354855 0 18 354855 1
gene 1 7 14 271734 0 19 271734 1
gene 1 8 14 -440604 0 20 -440604 0
gene 1 9 14 203817 0 21 203817 0
gene 3 10 14 -146862 0 22 -146862 1
gene 2 11 14 -415046 0 23 -415046 0
gene 2 12 14 343806 0 24 343806 0
gene 3 1 15 231027 0 25 231027 1
gene 4 2 15 584894 0 26 584894 0
gene 2 3 15 52389 0 27 52389 1
gene 2 4 15 -217839 0 28 -217839 1
gene 1 5 15 -348300 0 29 -348300 0
gene 1 6 15 -173220 0 30 -173220 1
gene 4 7 15 398763 0 31 398763 1
gene 1 8 15 171291 0 32 171291 1
gene 4 9 15 -10344 0 33 -10344 0
gene 2 10 15 617343 0 34 617343 0
gene 3 11 15 -314274 0 35 -314274 0
gene 2 12 15 -462980 0 36 -462980 1
gene 2 12 21 -453105 0 50 -453105 1
gene 2 21 14 401139 0 51 401139 0
gene 4 2 37 -257136 0 92 -257136 0
gene 4 37 13 -267378 0 93 -267378 0
gene 4 2 50 800000 0 130 800000 0
gene 4 50 37 683364 0 131 683364 1
gene 1 11 63 -311187 0 166 -311187 1
gene 1 63 14 53607 0 167 53607 1
gene 2 5 74 -683949 0 204 -683949 1
gene 2 74 14 -800000 0 205 -800000 0
gene 4 5 37 -566718 0 419 -566718 1
gene 3 6 21 -158892 0 547 -158892 1
gene 4 2 197 587552 0 591 587552 1
gene 4 197 15 501054 0 592 501054 1
gene 3 14 50 -492213 0 781 -492213 1
gene 4 9 74 -262212 0 1104 -262212 1
gene 2 9 459 623934 0 1406 623934 1
gene 2 459 13 -175461 0 1407 -175461 1
gene 2 9 526 401049 0 1593 401049 1
gene 1 526 14 -416814 0 1594 -416814 0
gene 2 74 555 -736686 0 1680 -736686 0
gene 2 555 14 130983 0 1681 130983 1
gene 1 5 573 -560238 0 1732 -560238 1
gene 1 573 15 -800000 0 1733 -800000 0
gene 1 573 592 154344 0 1786 154344 1
gene 1 592 15 773297 0 1787 773297 1
gene 2 21 670 102957 0 2012 102957 1
gene 2 670 14 -124474 0 2013 -124474 0
gene 4 63 50 -712238 0 2239 -712238 1
gene 3 74 74 286074 1 2345 286074 1
gene 2 8 825 -382707 0 2466 -382707 1
gene 1 825 14 301761 0 2467 301761 1
gene 2 10 895 -395649 0 2679 -395649 0
gene 2 895 15 680246 0 2680 680246 1
gene 2 74 913 216777 0 2725 216777 1
gene 2 913 555 443529 0 2726 443529 1
gene 2 11 927 -800000 0 2769 -800000 1
gene 2 927 13 800000 0 2770 800000 1
gene 1 555 197 -363318 0 2872 -363318 1
gene 2 459 459 44886 1 3224 44886 1
gene 3 11 1124 718734 0 3336 718734 1
gene 3 1124 15 463926 0 3337 463926 1
gene 2 10 1202 458853 0 3558 458853 1
gene 2 1202 895 -150543 0 3559 -150543 1
gene 2 670 1214 114312 0 3598 114312 1
gene 4 1214 14 215115 0 3599 215115 1
gene 1 1202 913 -131499 0 3762 -131499 1
gene 3 825 197 114429 0 4164 114429 1
gene 4 197 670 159630 0 4211 159630 1
gene 4 11 895 -28026 0 4349 -28026 1
gene 4 9 1530 16065 0 4506 16065 1
gene 4 1530 15 74589 0 4507 74589 1
gene 4 10 1647 -109479 0 4847 -109479 1
gene 4 1647 13 259302 0 4848 259302 1
gene 1 526 1673 -76818 0 4931 -76818 1
gene 1 1673 14 -266778 0 4932 -266778 1
gene 2 8 1683 -94206 0 4962 -94206 1
gene 2 1683 13 -21687 0 4963 -21687 1
gene 4 7 573 -131460 0 5268 -131460 1
gene 4 2 1796 188304 0 5313 188304 1
gene 4 1796 50 184791 0 5314 184791 1
gene 4 5 1683 -278228 0 5380 -278228 1
gene 1 592 1647 -323512 0 5531 -323512 1
gene 4 37 1960 1 0 5804 0 1
gene 4 1960 13 -267378 0 5805 0 1
genomeend 6


/* Organism #12 Fitness: 220.000000 Time: 0 */
/* Position #12*/
#1 x: 16 y: 30
#2 x: 36 y: 27
#3 x: 35 y: 29
#4 x: 44 y: 62
#5 x: 42 y: 63
#6 x: 16 y: 66
genomestart 12
trait 1 67437.000000 0.000000 0.000000 0.000000 0.000000 12157.000000 44225.000000 0.000000 trait 2 0.000000 9751.000000 0.000000 0.000000 0.000000 0.000000 96900.000000 25558.000000 trait 3 50217.000000 0.000000 23916.000000 0.000000 0.000000 78029.000000 0.000000 37252.000000 trait 4 93467.000000 0.000000 0.000000 81320.000000 49360.000000 0.000000 7697.000000 72106.000000 node 1 3 1 3
node 2 3 1 1
node 3 3 1 1
node 4 2 1 1
node 5 3 1 1
node 6 1 1 1
node 7 1 1 1
node 8 1 1 1
node 9 3 1 1
node 10 1 1 1
node 11 2 1 1
node 12 2 1 1
node 13 4 0 2
node 14 1 0 2
node 15 2 0 2
node 25 1 0 0
node 82 1 0 0
node 170 4 0 0
node 261 1 0 0
node 311 1 0 0
node 499 1 0 0
node 510 1 0 0
node 538 2 0 0
node 612 1 0 0
node 623 1 0 0
node 700 1 0 0
node 1216 1 0 0
node 1276 1 0 0
node 1425 1 0 0
node 1574 1 0 0
node 1625 1 0 0
node 1636 1 0 0
node 1668 1 0 0
node 1808 1 0 0
node 1928 1 0 0
gene 3 1 13 667677 0 1 667677 1
gene 1 2 13 -353151 0 2 -353151 0
gene 3 3 13 57687 0 3 57687 1
gene 2 4 13 -87780 0 4 -87780 1
gene 4 5 13 21204 0 5 21204 1
gene 3 6 13 -440966 0 6 -440966 1
gene 4 7 13 -250179 0 7 -250179 1
gene 2 8 13 -247950 0 8 -247950 1
gene 1 9 13 -800000 0 9 -800000 0
gene 1 10 13 119094 0 10 119094 1
gene 1 11 13 800000 0 11 800000 1
gene 2 12 13 487188 0 12 487188 1
gene 3 1 14 -751683 0 13 -751683 1
gene 3 2 14 235017 0 14 235017 0
gene 4 3 14 -313077 0 15 -313077 0
gene 4 4 14 509862 0 16 509862 1
gene 2 5 14 -700328 0 17 -700328 0
gene 2 6 14 -724797 0 18 -724797 0
gene 4 7 14 -106245 0 19 -106245 1
gene 1 8 14 -389229 0 20 -389229 1
gene 1 9 14 -220206 0 21 -220206 1
gene 2 10 14 618738 0 22 618738 1
gene 1 11 14 2049 0 23 2049 0
gene 2 12 14 -244713 0 24 -244713 0
gene 4 1 15 -117852 0 25 -117852 1
gene 3 2 15 76662 0 26 76662 0
gene 4 3 15 -111324 0 27 -111324 0
gene 3 4 15 661656 0 28 661656 1
gene 3 5 15 -165933 0 29 -165933 1
gene 3 6 15 346536 0 30 346536 1
gene 3 7 15 328719 0 31 328719 0
gene 3 8 15 114591 0 32 114591 1
gene 4 9 15 -731871 0 33 -731871 1
gene 1 10 15 -10557 0 34 -10557 1
gene 4 11 15 -424376 0 35 -424376 1
gene 2 12 15 -189018 0 36 -189018 0
gene 1 11 25 -57276 0 61 -57276 0
gene 1 25 14 443541 0 62 443541 0
gene 1 6 82 38580 0 224 38580 1
gene 2 82 14 496617 0 225 496617 0
gene 1 8 25 -202455 0 355 -202455 1
gene 4 13 15 -423305 0 468 -423305 1
gene 2 82 170 -72177 0 506 -72177 1
gene 2 170 14 449703 0 507 449703 1
gene 2 13 13 -515381 1 563 -515381 1
gene 1 3 25 -31017 0 600 -31017 1
gene 4 12 25 -452484 0 644 -452484 1
gene 3 5 25 -800000 0 701 -800000 1
gene 3 2 261 -800000 0 793 -800000 1
gene 1 261 13 -592164 0 794 -592164 0
gene 2 2 311 363255 0 939 363255 1
gene 3 311 14 526839 0 940 526839 0
gene 3 3 311 -188904 0 1098 -188904 1
gene 3 2 499 150819 0 1513 150819 1
gene 3 499 15 716868 0 1514 716868 0
gene 2 5 510 -630585 0 1553 -630585 1
gene 2 510 14 316398 0 1554 316398 1
gene 3 311 538 202533 0 1631 202533 1
gene 3 538 14 -44028 0 1632 -44028 1
gene 4 3 612 -253611 0 1835 -253611 1
gene 4 612 14 501288 0 1836 501288 1
gene 4 3 623 -426953 0 1874 -426953 1
gene 4 623 15 -43801 0 1875 -43801 1
gene 4 170 13 -160296 0 1931 -160296 1
gene 4 538 538 -543711 1 1978 -543711 0
gene 4 538 700 -388083 1 2098 -388083 1
gene 4 700 538 145659 0 2099 145659 1
gene 4 170 538 3771 0 2150 3771 1
gene 1 261 510 760907 0 2194 760907 1
gene 4 25 499 635388 0 2387 635388 1
gene 1 5 170 -173631 0 2622 -173631 1
gene 2 25 510 -197928 0 3061 -197928 1
gene 2 700 700 239184 1 3103 239184 0
gene 1 170 170 -332526 1 3316 -332526 1
gene 2 311 15 22695 0 3413 22695 1
gene 4 700 499 -677544 0 3560 -677544 1
gene 1 11 1216 -64503 0 3603 -64503 1
gene 1 1216 25 282150 0 3604 282150 1
gene 4 14 623 -293895 0 3763 -293895 1
gene 3 499 1276 -499839 0 3782 -499839 1
gene 3 1276 15 449889 0 3783 449889 1
gene 2 510 15 -167865 0 3838 -167865 1
gene 1 9 1425 720578 0 4198 720578 1
gene 1 1425 13 5628 0 4199 5628 1
gene 4 13 14 327108 0 4418 327108 1
gene 4 12 170 -408735 0 4525 -408735 1
gene 2 700 1574 9978 1 4636 9978 1
gene 2 1574 700 173268 0 4637 173268 1
gene 2 12 1625 156711 0 4779 156711 1
gene 2 1625 14 51087 0 4780 51087 1
gene 1 261 1636 564909 0 4817 564909 1
gene 1 1636 13 312582 0 4818 312582 1
gene 2 12 1668 132897 0 4916 132897 1
gene 2 1668 15 80097 0 4917 80097 1
gene 3 1636 538 -217092 0 5184 -217092 1
gene 3 7 1808 -253815 0 5347 -253815 1
gene 3 1808 15 -533531 0 5348 -533531 1
gene 4 510 1625 145828 0 5503 145828 1
gene 1 1636 15 301175 0 5529 301175 1
gene 3 11 261 152318 0 5672 152318 1
gene 1 25 1928 -36375 0 5715 -36375 1
gene 1 1928 14 552879 0 5716 552879 1
gene 3 7 1216 34935 0 5812 34935 1
genomeend 12


/* Organism #13 Fitness: 240.000000 Time: 0 */
/* Position #13*/
#1 x: 16 y: 30
#2 x: 36 y: 27
#3 x: 35 y: 29
#4 x: 44 y: 62
#5 x: 42 y: 63
#6 x: 16 y: 66
genomestart 13
trait 1 0.000000 68782.000000 1877.000000 24624.000000 0.000000 26545.000000 60972.000000 0.000000 trait 2 0.000000 28801.000000 0.000000 87790.000000 0.000000 68365.000000 100000.000000 0.000000 trait 3 3.000000 0.000000 0.000000 83554.000000 0.000000 0.000000 0.000000 0.000000 trait 4 4.000000 0.000000 0.000000 0.000000 0.000000 0.000000 0.000000 0.000000 node 1 4 1 3
node 2 2 1 1
node 3 3 1 1
node 4 1 1 1
node 5 4 1 1
node 6 3 1 1
node 7 1 1 1
node 8 1 1 1
node 9 3 1 1
node 10 3 1 1
node 11 1 1 1
node 12 1 1 1
node 13 3 0 2
node 14 1 0 2
node 15 3 0 2
node 21 4 0 0
node 37 1 0 0
node 50 1 0 0
node 63 3 0 0
node 74 2 0 0
node 197 1 0 0
node 459 1 0 0
node 526 1 0 0
node 555 1 0 0
node 573 1 0 0
node 592 1 0 0
node 670 1 0 0
node 825 1 0 0
node 895 1 0 0
node 913 1 0 0
node 927 1 0 0
node 1124 1 0 0
node 1202 1 0 0
node 1214 1 0 0
node 1530 1 0 0
node 1647 1 0 0
node 1673 1 0 0
node 1683 1 0 0
node 1789 1 0 0
node 1914 1 0 0
node 1944 1 0 0
gene 3 1 13 547788 0 1 547788 1
gene 4 2 13 -98001 0 2 -98001 0
gene 3 3 13 -98070 0 3 -98070 1
gene 2 4 13 262404 0 4 262404 1
gene 1 5 13 -18273 0 5 -18273 1
gene 2 6 13 -361632 0 6 -361632 1
gene 1 7 13 86919 0 7 86919 1
gene 2 8 13 354741 0 8 354741 0
gene 2 9 13 421131 0 9 421131 0
gene 4 10 13 -367716 0 10 -367716 0
gene 2 11 13 715115 0 11 715115 0
gene 4 12 13 -524775 0 12 -524775 1
gene 4 1 14 188598 0 13 188598 1
gene 3 2 14 34746 0 14 34746 1
gene 2 3 14 221091 0 15 221091 1
gene 3 4 14 -733196 0 16 -733196 1
gene 4 5 14 -597966 0 17 -597966 0
gene 4 6 14 -288258 0 18 -288258 1
gene 1 7 14 23400 0 19 23400 1
gene 1 8 14 85518 0 20 85518 0
gene 1 9 14 664851 0 21 664851 0
gene 3 10 14 -282504 0 22 -282504 1
gene 2 11 14 -554186 0 23 -554186 0
gene 2 12 14 522834 0 24 522834 0
gene 3 1 15 -352341 0 25 -352341 1
gene 4 2 15 -800000 0 26 -800000 0
gene 2 3 15 -255404 0 27 -255404 1
gene 2 4 15 -260766 0 28 -260766 1
gene 1 5 15 -186303 0 29 -186303 0
gene 1 6 15 192567 0 30 192567 1
gene 4 7 15 -800000 0 31 -800000 1
gene 1 8 15 224814 0 32 224814 1
gene 4 9 15 499634 0 33 499634 0
gene 2 10 15 139347 0 34 139347 0
gene 3 11 15 -216777 0 35 -216777 0
gene 2 12 15 -688104 0 36 -688104 1
gene 2 12 21 -513200 0 50 -513200 1
gene 2 21 14 39705 0 51 39705 0
gene 4 2 37 154833 0 92 154833 0
gene 4 37 13 320604 0 93 320604 1
gene 4 2 50 -195762 0 130 -195762 0
gene 4 50 37 -214020 0 131 -214020 1
gene 1 11 63 -498573 0 166 -498573 1
gene 1 63 14 -634368 0 167 -634368 0
gene 2 5 74 -2190 0 204 -2190 1
gene 2 74 14 245670 0 205 245670 0
gene 4 5 37 -403773 0 419 -403773 1
gene 3 6 21 260706 0 547 260706 1
gene 4 2 197 -321750 0 591 -321750 1
gene 4 197 15 561720 0 592 561720 1
gene 3 14 50 253542 0 781 253542 1
gene 4 9 74 -245760 0 1104 -245760 1
gene 2 9 459 -445884 0 1406 -445884 1
gene 2 459 13 -445926 0 1407 -445926 1
gene 1 9 526 -426606 0 1593 -426606 1
gene 1 526 14 -622422 0 1594 -622422 0
gene 2 74 555 452147 0 1680 452147 0
gene 2 555 14 793206 0 1681 793206 1
gene 1 5 573 253863 0 1732 253863 1
gene 1 573 15 -727980 0 1733 -727980 0
gene 1 573 592 558918 0 1786 558918 1
gene 1 592 15 257511 0 1787 257511 1
gene 2 21 670 -5124 0 2012 -5124 1
gene 2 670 14 221895 0 2013 221895 0
gene 4 63 50 547367 0 2239 547367 1
gene 3 74 74 155010 1 2345 155010 1
gene 2 8 825 336545 0 2466 336545 1
gene 1 825 14 235227 0 2467 235227 1
gene 2 10 895 62856 0 2679 62856 0
gene 2 895 15 180147 0 2680 180147 1
gene 2 74 913 383916 0 2725 383916 1
gene 2 913 555 637575 0 2726 637575 1
gene 2 11 927 -182904 0 2769 -182904 1
gene 2 927 13 -800000 0 2770 -800000 1
gene 1 555 197 701715 0 2872 701715 1
gene 2 459 459 397977 1 3224 397977 1
gene 3 11 1124 740280 0 3336 740280 1
gene 3 1124 15 -1707 0 3337 -1707 1
gene 2 10 1202 -211473 0 3558 -211473 1
gene 2 1202 895 -4818 0 3559 -4818 1
gene 2 670 1214 36066 0 3598 36066 1
gene 4 1214 14 88953 0 3599 88953 1
gene 1 1202 913 358794 0 3762 358794 1
gene 3 825 197 -97725 0 4164 -97725 1
gene 4 197 670 -352434 0 4211 -352434 1
gene 4 11 895 -152337 0 4349 -152337 1
gene 4 9 1530 219816 0 4506 219816 1
gene 4 1530 15 103551 0 4507 103551 1
gene 4 10 1647 -158940 0 4847 -158940 1
gene 4 1647 13 -637908 0 4848 -637908 1
gene 1 526 1673 185325 0 4931 185325 1
gene 1 1673 14 273312 0 4932 273312 1
gene 2 8 1683 169932 0 4962 169932 1
gene 2 1683 13 210501 0 4963 210501 1
gene 1 63 1789 -153009 0 5292 -153009 0
gene 1 1789 14 -38784 0 5293 -38784 1
gene 4 1214 1124 -188187 0 5437 -188187 1
gene 1 63 1914 1 0 5684 1 1
gene 1 1914 1789 39114 0 5685 39114 1
gene 4 2 1944 1 0 5760 0 1
gene 4 1944 50 -195762 0 5761 0 1
gene 3 4 895 14643 0 5813 14643 1
genomeend 13


/* Organism #16 Fitness: 140.000000 Time: 0 */
/* Position #16*/
#1 x: 36 y: 38
#2 x: 64 y: 39
#3 x: 44 y: 22
#4 x: 29 y: 73
#5 x: 18 y: 80
#6 x: 76 y: 66
genomestart 16
trait 1 0.000000 0.000000 0.000000 0.000000 0.000000 0.000000 0.000000 0.000000 trait 2 36592.000000 545.000000 0.000000 3198.000000 0.000000 0.000000 0.000000 65626.000000 trait 3 3.000000 0.000000 0.000000 0.000000 0.000000 0.000000 0.000000 0.000000 trait 4 4.000000 0.000000 0.000000 0.000000 0.000000 0.000000 0.000000 0.000000 node 1 1 1 3
node 2 3 1 1
node 3 3 1 1
node 4 1 1 1
node 5 1 1 1
node 6 1 1 1
node 7 3 1 1
node 8 2 1 1
node 9 3 1 1
node 10 2 1 1
node 11 4 1 1
node 12 1 1 1
node 13 1 0 2
node 14 4 0 2
node 15 1 0 2
node 53 1 0 0
node 91 1 0 0
node 187 1 0 0
node 309 1 0 0
node 322 1 0 0
node 351 1 0 0
node 387 1 0 0
node 407 1 0 0
node 474 1 0 0
node 573 1 0 0
node 605 1 0 0
node 671 3 0 0
node 769 1 0 0
node 824 1 0 0
node 919 1 0 0
node 1079 4 0 0
node 1132 1 0 0
node 1165 1 0 0
node 1227 1 0 0
node 1270 1 0 0
node 1318 1 0 0
node 1374 1 0 0
node 1509 1 0 0
node 1611 1 0 0
node 1665 1 0 0
node 1680 1 0 0
node 1726 1 0 0
node 1748 1 0 0
node 1931 1 0 0
gene 1 1 13 390552 0 1 390552 1
gene 2 2 13 800000 0 2 800000 1
gene 4 3 13 -800000 0 3 -800000 0
gene 1 4 13 130098 0 4 130098 0
gene 3 5 13 114351 0 5 114351 1
gene 2 6 13 -271767 0 6 -271767 1
gene 4 7 13 45408 0 7 45408 1
gene 1 8 13 -128016 0 8 -128016 1
gene 4 9 13 -800000 0 9 -800000 1
gene 1 10 13 -13848 0 10 -13848 1
gene 3 11 13 -582789 0 11 -582789 1
gene 2 12 13 291561 0 12 291561 1
gene 3 1 14 800000 0 13 800000 1
gene 3 2 14 9471 0 14 9471 1
gene 3 3 14 -219561 0 15 -219561 0
gene 4 4 14 -158448 0 16 -158448 1
gene 3 5 14 -94479 0 17 -94479 1
gene 1 6 14 212183 0 18 212183 1
gene 2 7 14 -52764 0 19 -52764 0
gene 3 8 14 25309 0 20 25309 0
gene 1 9 14 -696663 0 21 -696663 1
gene 1 10 14 368457 0 22 368457 0
gene 4 11 14 -193269 0 23 -193269 0
gene 2 12 14 -380876 0 24 -380876 0
gene 3 1 15 -245577 0 25 -245577 1
gene 3 2 15 426930 0 26 426930 0
gene 4 3 15 234428 0 27 234428 1
gene 1 4 15 175767 0 28 175767 0
gene 2 5 15 130062 0 29 130062 0
gene 3 6 15 226647 0 30 226647 1
gene 1 7 15 800000 0 31 800000 0
gene 3 8 15 40851 0 32 40851 1
gene 1 9 15 515426 0 33 515426 1
gene 3 10 15 -211884 0 34 -211884 0
gene 3 11 15 -246504 0 35 -246504 1
gene 2 12 15 758223 0 36 758223 1
gene 2 12 53 305457 0 138 305457 0
gene 1 53 14 33195 0 139 33195 0
gene 2 53 91 -253527 0 249 -253527 1
gene 2 91 14 -84354 0 250 -84354 0
gene 3 10 53 -252249 0 295 -252249 1
gene 3 3 187 566190 0 556 566190 0
gene 3 187 14 443016 0 557 443016 1
gene 3 10 91 -12003 0 832 -12003 1
gene 2 7 309 -524913 0 933 -524913 0
gene 2 309 14 680534 0 934 680534 1
gene 3 2 322 -77859 0 977 -77859 0
gene 3 322 15 159219 0 978 159219 1
gene 4 13 91 564690 0 1021 564690 1
gene 1 10 351 -139332 0 1064 -139332 1
gene 1 351 14 -262335 0 1065 -262335 1
gene 3 8 53 -144930 0 1114 -144930 0
gene 3 3 387 -277011 0 1168 -277011 1
gene 3 387 187 -237282 0 1169 -237282 1
gene 3 2 407 -491034 0 1228 -491034 0
gene 3 407 322 542895 0 1229 542895 0
gene 2 91 309 391773 0 1375 391773 1
gene 1 7 474 -187104 0 1444 -187104 0
gene 1 474 15 -279360 0 1445 -279360 1
gene 1 53 407 800000 0 1569 800000 1
gene 2 5 573 -214860 0 1732 -214860 1
gene 2 573 15 -527904 0 1733 -527904 1
gene 3 8 605 -41430 0 1820 -41430 1
gene 3 605 53 -421959 0 1821 -421959 1
gene 1 4 671 -85563 0 2014 -85563 1
gene 4 671 13 -800000 0 2015 -800000 1
gene 1 11 91 37245 0 2071 37245 1
gene 2 9 605 -253068 0 2162 -253068 1
gene 2 12 769 195768 0 2310 195768 1
gene 2 769 53 -618816 0 2311 -618816 1
gene 3 1 53 377934 0 2355 377934 1
gene 1 4 824 -34296 0 2463 -34296 1
gene 1 824 15 421163 0 2464 421163 1
gene 4 769 769 194886 1 2610 194886 1
gene 3 10 919 -153123 0 2745 -153123 0
gene 3 919 15 -564567 0 2746 -564567 1
gene 1 9 91 151629 0 2955 151629 1
gene 4 351 474 359460 0 2992 359460 1
gene 3 2 1079 53181 0 3212 53181 1
gene 3 1079 407 -717996 0 3213 -717996 0
gene 4 3 1132 -409551 0 3358 -409551 1
gene 1 1132 13 -800000 0 3359 -800000 1
gene 1 10 769 -471885 0 3404 -471885 1
gene 1 7 1165 288048 0 3459 288048 1
gene 1 1165 474 -800000 0 3460 -800000 1
gene 3 8 1227 293373 0 3640 293373 0
gene 3 1227 14 444843 0 3641 444843 0
gene 3 1227 1270 587283 0 3768 587283 1
gene 3 1270 14 245694 0 3769 245694 1
gene 2 91 474 -179628 0 3794 -179628 0
gene 2 91 1318 431844 0 3898 431844 1
gene 2 1318 474 -142797 0 3899 -142797 1
gene 4 91 407 393024 0 3949 393024 1
gene 3 8 1374 250980 0 4057 250980 1
gene 3 1374 1227 -192636 0 4058 -192636 1
gene 2 12 387 -135975 0 4266 -135975 1
gene 3 407 1509 -312246 0 4449 -312246 1
gene 3 1509 322 -79101 0 4450 -79101 1
gene 4 8 474 684075 0 4495 684075 0
gene 4 387 13 -129936 0 4626 -129936 1
gene 2 91 1611 141273 0 4745 141273 1
gene 2 1611 14 -363153 0 4746 -363153 1
gene 2 1270 573 -64332 0 4860 -64332 1
gene 3 10 1665 -716255 0 4907 -716255 1
gene 3 1665 919 -247260 0 4908 -247260 1
gene 2 7 1680 774683 0 4953 774683 1
gene 2 1680 309 -317844 0 4954 -317844 1
gene 4 8 1726 -248384 0 5086 -248384 1
gene 4 1726 474 -138654 0 5087 -138654 1
gene 3 1079 1748 -6825 0 5143 -6825 1
gene 3 1748 407 -107040 0 5144 -107040 1
gene 4 824 14 261072 0 5244 261072 1
gene 3 919 53 -183948 0 5358 -183948 1
gene 4 605 187 128376 0 5419 128376 1
gene 2 1 1079 -24068 0 5686 -24068 1
gene 4 11 1931 1 0 5721 0 1
gene 4 1931 14 -193269 0 5722 0 1
gene 2 1611 1611 61902 1 5815 61902 1
genomeend 16


/* Organism #22 Fitness: 140.000000 Time: 0 */
/* Position #22*/
#1 x: 49 y: 37
#2 x: 16 y: 32
#3 x: 79 y: 33
#4 x: 67 y: 72
#5 x: 34 y: 65
#6 x: 49 y: 63
genomestart 22
trait 1 1.000000 0.000000 0.000000 0.000000 0.000000 0.000000 0.000000 0.000000 trait 2 0.000000 9751.000000 0.000000 0.000000 0.000000 0.000000 96900.000000 25558.000000 trait 3 50217.000000 0.000000 23916.000000 0.000000 0.000000 78029.000000 0.000000 37252.000000 trait 4 93467.000000 0.000000 0.000000 81320.000000 49360.000000 0.000000 7697.000000 72106.000000 node 1 3 1 3
node 2 3 1 1
node 3 3 1 1
node 4 1 1 1
node 5 3 1 1
node 6 1 1 1
node 7 1 1 1
node 8 1 1 1
node 9 3 1 1
node 10 1 1 1
node 11 2 1 1
node 12 2 1 1
node 13 4 0 2
node 14 1 0 2
node 15 2 0 2
node 25 1 0 0
node 82 1 0 0
node 170 4 0 0
node 261 1 0 0
node 311 1 0 0
node 499 1 0 0
node 510 1 0 0
node 538 2 0 0
node 612 1 0 0
node 623 1 0 0
node 700 1 0 0
node 1216 1 0 0
node 1276 1 0 0
node 1425 1 0 0
node 1574 1 0 0
node 1625 1 0 0
node 1636 1 0 0
node 1668 1 0 0
node 1808 1 0 0
node 1850 1 0 0
gene 3 1 13 626565 0 1 626565 1
gene 1 2 13 78342 0 2 78342 0
gene 3 3 13 -570828 0 3 -570828 1
gene 2 4 13 -147648 0 4 -147648 1
gene 4 5 13 514121 0 5 514121 1
gene 3 6 13 630792 0 6 630792 1
gene 4 7 13 -561162 0 7 -561162 1
gene 2 8 13 -800000 0 8 -800000 1
gene 1 9 13 323013 0 9 323013 0
gene 1 10 13 594579 0 10 594579 1
gene 1 11 13 800000 0 11 800000 1
gene 2 12 13 -800000 0 12 -800000 1
gene 3 1 14 67500 0 13 67500 1
gene 3 2 14 10185 0 14 10185 0
gene 4 3 14 -218466 0 15 -218466 0
gene 4 4 14 -652212 0 16 -652212 1
gene 2 5 14 -60417 0 17 -60417 0
gene 2 6 14 -301209 0 18 -301209 0
gene 4 7 14 314400 0 19 314400 1
gene 1 8 14 257373 0 20 257373 1
gene 1 9 14 539325 0 21 539325 1
gene 2 10 14 800000 0 22 800000 1
gene 1 11 14 -276840 0 23 -276840 0
gene 2 12 14 -102309 0 24 -102309 0
gene 4 1 15 -161052 0 25 -161052 1
gene 3 2 15 709947 0 26 709947 0
gene 4 3 15 -134805 0 27 -134805 0
gene 3 4 15 -77331 0 28 -77331 1
gene 3 5 15 19599 0 29 19599 1
gene 3 6 15 -174705 0 30 -174705 1
gene 3 7 15 -800000 0 31 -800000 0
gene 3 8 15 300564 0 32 300564 1
gene 4 9 15 -470898 0 33 -470898 1
gene 1 10 15 115410 0 34 115410 1
gene 4 11 15 -217710 0 35 -217710 1
gene 2 12 15 171861 0 36 171861 0
gene 1 11 25 308109 0 61 308109 0
gene 1 25 14 800000 0 62 800000 1
gene 1 6 82 -800000 0 224 -800000 1
gene 2 82 14 -89070 0 225 -89070 0
gene 1 8 25 -138402 0 355 -138402 1
gene 4 13 15 -567305 0 468 -567305 1
gene 2 82 170 94995 0 506 94995 1
gene 2 170 14 680430 0 507 680430 1
gene 2 13 13 85228 1 563 85228 1
gene 1 3 25 455421 0 600 455421 1
gene 4 12 25 455244 0 644 455244 1
gene 3 5 25 -783923 0 701 -783923 1
gene 1 2 261 -461546 0 793 -461546 1
gene 1 261 13 424545 0 794 424545 0
gene 2 2 311 246771 0 939 246771 1
gene 3 311 14 320100 0 940 320100 0
gene 3 3 311 214470 0 1098 214470 1
gene 3 2 499 635547 0 1513 635547 1
gene 3 499 15 -583278 0 1514 -583278 0
gene 2 5 510 166884 0 1553 166884 1
gene 2 510 14 -210786 0 1554 -210786 1
gene 3 311 538 -228846 0 1631 -228846 1
gene 3 538 14 -180702 0 1632 -180702 1
gene 4 3 612 729794 0 1835 729794 1
gene 4 612 14 127637 0 1836 127637 1
gene 4 3 623 -298599 0 1874 -298599 1
gene 4 623 15 289401 0 1875 289401 1
gene 4 170 13 -266481 0 1931 -266481 1
gene 4 538 538 -281532 1 1978 -281532 0
gene 4 538 700 427494 1 2098 427494 1
gene 4 700 538 -7674 0 2099 -7674 1
gene 4 170 538 72282 0 2150 72282 1
gene 1 261 510 354662 0 2194 354662 1
gene 4 25 499 -42924 0 2387 -42924 1
gene 1 5 170 -10839 0 2622 -10839 1
gene 2 25 510 321345 0 3061 321345 1
gene 2 700 700 -360521 1 3103 -360521 0
gene 1 170 170 -698429 1 3316 -698429 1
gene 2 311 15 87819 0 3413 87819 1
gene 4 700 499 -163974 0 3560 -163974 1
gene 1 11 1216 278742 0 3603 278742 1
gene 1 1216 25 257037 0 3604 257037 1
gene 4 14 623 3987 0 3763 3987 1
gene 3 499 1276 -733644 0 3782 -733644 1
gene 3 1276 15 292377 0 3783 292377 1
gene 2 510 15 112032 0 3838 112032 1
gene 1 9 1425 8211 0 4198 8211 1
gene 1 1425 13 60105 0 4199 60105 1
gene 4 13 14 70854 0 4418 70854 1
gene 4 12 170 -19790 0 4525 -19790 1
gene 2 700 1574 -179049 1 4636 -179049 1
gene 2 1574 700 -31071 0 4637 -31071 1
gene 2 12 1625 -235220 0 4779 -235220 1
gene 2 1625 14 -743382 0 4780 -743382 1
gene 1 261 1636 -335673 0 4817 -335673 1
gene 1 1636 13 -166551 0 4818 -166551 1
gene 2 12 1668 -219660 0 4916 -219660 1
gene 2 1668 15 7866 0 4917 7866 1
gene 3 1636 538 -397504 0 5184 -397504 1
gene 3 7 1808 -206955 0 5347 -206955 1
gene 3 1808 15 -26190 0 5348 -26190 0
gene 3 1808 1850 311955 0 5471 311955 1
gene 3 1850 15 -109419 0 5472 -109419 1
gene 1 538 1668 -534835 0 5516 -534835 1
gene 3 25 1574 25299 0 5561 25299 1
gene 3 25 623 79126 0 5822 79126 1
genomeend 22


/* Organism #24 Fitness: 180.000000 Time: 0 */
/* Position #24*/
#1 x: 74 y: 25
#2 x: 82 y: 24
#3 x: 55 y: 22
#4 x: 43 y: 69
#5 x: 48 y: 82
#6 x: 85 y: 73
genomestart 24
trait 1 67437.000000 0.000000 0.000000 0.000000 0.000000 12157.000000 44225.000000 0.000000 trait 2 0.000000 9751.000000 0.000000 0.000000 0.000000 0.000000 96900.000000 25558.000000 trait 3 50217.000000 0.000000 23916.000000 0.000000 0.000000 78029.000000 0.000000 37252.000000 trait 4 93467.000000 0.000000 0.000000 81320.000000 49360.000000 0.000000 7697.000000 72106.000000 node 1 3 1 3
node 2 3 1 1
node 3 3 1 1
node 4 3 1 1
node 5 3 1 1
node 6 1 1 1
node 7 1 1 1
node 8 1 1 1
node 9 3 1 1
node 10 1 1 1
node 11 2 1 1
node 12 2 1 1
node 13 4 0 2
node 14 1 0 2
node 15 2 0 2
node 25 1 0 0
node 82 1 0 0
node 170 4 0 0
node 261 1 0 0
node 311 1 0 0
node 499 1 0 0
node 510 1 0 0
node 538 2 0 0
node 612 1 0 0
node 623 1 0 0
node 700 1 0 0
node 1216 1 0 0
node 1276 1 0 0
node 1425 1 0 0
node 1574 1 0 0
node 1625 1 0 0
node 1636 1 0 0
node 1668 1 0 0
node 1808 1 0 0
gene 3 1 13 46218 0 1 46218 1
gene 1 2 13 -618252 0 2 -618252 0
gene 3 3 13 -49038 0 3 -49038 1
gene 2 4 13 517209 0 4 517209 1
gene 4 5 13 284481 0 5 284481 1
gene 3 6 13 -402608 0 6 -402608 1
gene 4 7 13 -487104 0 7 -487104 1
gene 2 8 13 -420297 0 8 -420297 1
gene 1 9 13 -539672 0 9 -539672 0
gene 1 10 13 225141 0 10 225141 1
gene 1 11 13 772847 0 11 772847 1
gene 2 12 13 129120 0 12 129120 1
gene 3 1 14 -473343 0 13 -473343 1
gene 3 2 14 128565 0 14 128565 0
gene 4 3 14 88713 0 15 88713 0
gene 4 4 14 26943 0 16 26943 1
gene 2 5 14 -537542 0 17 -537542 0
gene 2 6 14 -800000 0 18 -800000 0
gene 4 7 14 -9126 0 19 -9126 1
gene 1 8 14 -397029 0 20 -397029 1
gene 1 9 14 -769440 0 21 -769440 1
gene 2 10 14 326922 0 22 326922 1
gene 1 11 14 -74388 0 23 -74388 0
gene 2 12 14 42861 0 24 42861 0
gene 4 1 15 312657 0 25 312657 1
gene 3 2 15 -119472 0 26 -119472 0
gene 4 3 15 413841 0 27 413841 0
gene 3 4 15 107373 0 28 107373 1
gene 3 5 15 -547305 0 29 -547305 1
gene 3 6 15 633408 0 30 633408 1
gene 3 7 15 -89130 0 31 -89130 0
gene 3 8 15 26442 0 32 26442 1
gene 4 9 15 -800000 0 33 -800000 1
gene 1 10 15 361596 0 34 361596 1
gene 4 11 15 -482015 0 35 -482015 1
gene 2 12 15 251136 0 36 251136 0
gene 1 11 25 -187194 0 61 -187194 0
gene 1 25 14 647877 0 62 647877 1
gene 1 6 82 -289491 0 224 -289491 1
gene 2 82 14 167823 0 225 167823 0
gene 1 8 25 -50790 0 355 -50790 1
gene 4 13 15 -632714 0 468 -632714 1
gene 2 82 170 -146142 0 506 -146142 1
gene 2 170 14 552942 0 507 552942 1
gene 2 13 13 -25178 1 563 -25178 1
gene 1 3 25 688668 0 600 688668 1
gene 4 12 25 215211 0 644 215211 1
gene 3 5 25 -800000 0 701 -800000 1
gene 3 2 261 -324737 0 793 -324737 1
gene 1 261 13 85614 0 794 85614 0
gene 2 2 311 -103467 0 939 -103467 1
gene 3 311 14 629007 0 940 629007 0
gene 3 3 311 -198156 0 1098 -198156 1
gene 3 2 499 -498618 0 1513 -498618 1
gene 3 499 15 380718 0 1514 380718 0
gene 2 5 510 -575523 0 1553 -575523 1
gene 2 510 14 -155859 0 1554 -155859 1
gene 3 311 538 -185757 0 1631 -185757 1
gene 3 538 14 193305 0 1632 193305 1
gene 4 3 612 349983 0 1835 349983 1
gene 4 612 14 232995 0 1836 232995 1
gene 4 3 623 -369218 0 1874 -369218 1
gene 4 623 15 -31138 0 1875 -31138 1
gene 4 170 13 -75504 0 1931 -75504 1
gene 4 538 538 -800000 1 1978 -800000 0
gene 4 538 700 -387177 1 2098 -387177 1
gene 4 700 538 714585 0 2099 714585 1
gene 4 170 538 108744 0 2150 108744 1
gene 1 261 510 242408 0 2194 242408 1
gene 4 25 499 800000 0 2387 800000 1
gene 1 5 170 -697479 0 2622 -697479 1
gene 2 25 510 -53964 0 3061 -53964 1
gene 2 700 700 298710 1 3103 298710 0
gene 1 170 170 -282180 1 3316 -282180 1
gene 2 311 15 390174 0 3413 390174 1
gene 4 700 499 -800000 0 3560 -800000 1
gene 1 11 1216 136812 0 3603 136812 1
gene 1 1216 25 233691 0 3604 233691 1
gene 4 14 623 -547749 0 3763 -547749 1
gene 3 499 1276 -484470 0 3782 -484470 1
gene 3 1276 15 435801 0 3783 435801 1
gene 2 510 15 -485346 0 3838 -485346 1
gene 1 9 1425 800000 0 4198 800000 1
gene 1 1425 13 58254 0 4199 58254 1
gene 4 13 14 92337 0 4418 92337 1
gene 4 12 170 77556 0 4525 77556 1
gene 2 700 1574 106011 1 4636 106011 1
gene 2 1574 700 110988 0 4637 110988 1
gene 2 12 1625 156711 0 4779 156711 1
gene 2 1625 14 -125634 0 4780 -125634 1
gene 1 261 1636 560010 0 4817 560010 1
gene 1 1636 13 146751 0 4818 146751 1
gene 2 12 1668 352182 0 4916 352182 1
gene 2 1668 15 205350 0 4917 205350 1
gene 3 1636 538 -91149 0 5184 -91149 1
gene 3 7 1808 68205 0 5347 68205 1
gene 3 1808 15 -264477 0 5348 -264477 1
gene 4 510 1625 -73040 0 5503 -73040 1
gene 1 1636 15 446270 0 5529 446270 1
gene 3 12 261 -62847 0 5767 -62847 1
gene 4 1425 1574 31290 0 5825 31290 1
genomeend 24


/* Organism #25 Fitness: 200.000000 Time: 0 */
/* Position #25*/
#1 x: 74 y: 25
#2 x: 82 y: 24
#3 x: 55 y: 22
#4 x: 43 y: 69
#5 x: 48 y: 82
#6 x: 85 y: 73
genomestart 25
trait 1 1.000000 0.000000 0.000000 92568.000000 0.000000 0.000000 0.000000 8336.000000 trait 2 0.000000 9751.000000 0.000000 0.000000 0.000000 0.000000 96900.000000 25558.000000 trait 3 50217.000000 0.000000 23916.000000 0.000000 0.000000 78029.000000 0.000000 37252.000000 trait 4 93467.000000 0.000000 0.000000 81320.000000 49360.000000 0.000000 7697.000000 72106.000000 node 1 3 1 3
node 2 3 1 1
node 3 3 1 1
node 4 2 1 1
node 5 3 1 1
node 6 1 1 1
node 7 1 1 1
node 8 1 1 1
node 9 3 1 1
node 10 1 1 1
node 11 2 1 1
node 12 2 1 1
node 13 4 0 2
node 14 1 0 2
node 15 2 0 2
node 25 1 0 0
node 82 1 0 0
node 170 4 0 0
node 261 1 0 0
node 311 1 0 0
node 499 1 0 0
node 510 1 0 0
node 538 2 0 0
node 612 1 0 0
node 623 1 0 0
node 700 1 0 0
node 1216 1 0 0
node 1276 1 0 0
node 1425 1 0 0
node 1574 1 0 0
node 1625 1 0 0
node 1636 1 0 0
node 1668 1 0 0
node 1808 1 0 0
node 1947 1 0 0
node 1968 1 0 0
gene 3 1 13 516180 0 1 516180 1
gene 1 2 13 106401 0 2 106401 0
gene 3 3 13 -100830 0 3 -100830 1
gene 2 4 13 215202 0 4 215202 1
gene 4 5 13 751340 0 5 751340 1
gene 3 6 13 -800000 0 6 -800000 1
gene 4 7 13 -101094 0 7 -101094 1
gene 2 8 13 -172434 0 8 -172434 1
gene 1 9 13 -192153 0 9 -192153 0
gene 1 10 13 -199128 0 10 -199128 1
gene 1 11 13 -213408 0 11 -213408 1
gene 2 12 13 -800000 0 12 -800000 1
gene 3 1 14 -604419 0 13 -604419 1
gene 3 2 14 157923 0 14 157923 0
gene 4 3 14 -245580 0 15 -245580 0
gene 4 4 14 39510 0 16 39510 1
gene 2 5 14 -800000 0 17 -800000 0
gene 2 6 14 -85542 0 18 -85542 0
gene 4 7 14 -259806 0 19 -259806 1
gene 1 8 14 158229 0 20 158229 1
gene 1 9 14 -598038 0 21 -598038 1
gene 2 10 14 115572 0 22 115572 1
gene 1 11 14 59385 0 23 59385 0
gene 2 12 14 -367182 0 24 -367182 0
gene 4 1 15 -233490 0 25 -233490 1
gene 3 2 15 39618 0 26 39618 0
gene 4 3 15 -296406 0 27 -296406 0
gene 3 4 15 -212934 0 28 -212934 1
gene 3 5 15 382173 0 29 382173 1
gene 3 6 15 -301413 0 30 -301413 1
gene 3 7 15 177447 0 31 177447 0
gene 3 8 15 -402387 0 32 -402387 1
gene 4 9 15 -576243 0 33 -576243 1
gene 1 10 15 -800000 0 34 -800000 1
gene 4 11 15 -800000 0 35 -800000 1
gene 2 12 15 53889 0 36 53889 0
gene 1 11 25 361559 0 61 361559 0
gene 1 25 14 572313 0 62 572313 1
gene 1 6 82 103545 0 224 103545 1
gene 2 82 14 -176496 0 225 -176496 0
gene 1 8 25 61257 0 355 61257 1
gene 4 13 15 -529814 0 468 -529814 1
gene 2 82 170 -579621 0 506 -579621 1
gene 2 170 14 -214152 0 507 -214152 1
gene 2 13 13 -483620 1 563 -483620 1
gene 1 3 25 -200655 0 600 -200655 1
gene 4 12 25 -231461 0 644 -231461 1
gene 3 5 25 104625 0 701 104625 1
gene 1 2 261 -776018 0 793 -776018 1
gene 1 261 13 -48405 0 794 -48405 0
gene 2 2 311 -332643 0 939 -332643 1
gene 3 311 14 186390 0 940 186390 0
gene 3 3 311 542223 0 1098 542223 1
gene 3 2 499 -800000 0 1513 -800000 1
gene 3 499 15 -95595 0 1514 -95595 0
gene 2 5 510 -552873 0 1553 -552873 1
gene 2 510 14 609 0 1554 609 1
gene 3 311 538 -800000 0 1631 -800000 1
gene 3 538 14 115524 0 1632 115524 1
gene 4 3 612 -236769 0 1835 -236769 1
gene 4 612 14 -226131 0 1836 -226131 0
gene 4 3 623 43485 0 1874 43485 1
gene 4 623 15 319674 0 1875 319674 1
gene 4 170 13 -499425 0 1931 -499425 1
gene 4 538 538 -616563 1 1978 -616563 0
gene 4 538 700 668478 1 2098 668478 1
gene 4 700 538 176130 0 2099 176130 1
gene 4 170 538 177114 0 2150 177114 1
gene 1 261 510 -844 0 2194 -844 1
gene 4 25 499 546345 0 2387 546345 1
gene 1 5 170 18552 0 2622 18552 1
gene 2 25 510 -340407 0 3061 -340407 1
gene 2 700 700 -800000 1 3103 -800000 0
gene 1 170 170 -276273 1 3316 -276273 1
gene 2 311 15 -69708 0 3413 -69708 1
gene 4 700 499 226830 0 3560 226830 1
gene 1 11 1216 73878 0 3603 73878 1
gene 1 1216 25 -312192 0 3604 -312192 1
gene 4 14 623 118443 0 3763 118443 1
gene 3 499 1276 304344 0 3782 304344 1
gene 3 1276 15 -458793 0 3783 -458793 1
gene 2 510 15 167436 0 3838 167436 1
gene 1 9 1425 -89055 0 4198 -89055 0
gene 1 1425 13 456081 0 4199 456081 1
gene 4 13 14 -100395 0 4418 -100395 1
gene 4 12 170 -247098 0 4525 -247098 1
gene 2 700 1574 408213 1 4636 408213 1
gene 2 1574 700 535773 0 4637 535773 1
gene 2 12 1625 126987 0 4779 126987 1
gene 2 1625 14 134472 0 4780 134472 1
gene 1 261 1636 -308151 0 4817 -308151 1
gene 1 1636 13 263481 0 4818 263481 1
gene 2 12 1668 649185 0 4916 649185 1
gene 2 1668 15 104127 0 4917 104127 1
gene 3 1636 538 17322 0 5184 17322 1
gene 3 7 1808 -276312 0 5347 -276312 1
gene 3 1808 15 121407 0 5348 121407 1
gene 3 9 25 49158 0 5738 49158 1
gene 1 9 1947 1 0 5770 0 1
gene 1 1947 1425 -89055 0 5771 0 1
gene 4 612 1968 1 0 5826 0 1
gene 4 1968 14 -226131 0 5827 0 1
genomeend 25


/* Organism #32 Fitness: 160.000000 Time: 0 */
/* Position #32*/
#1 x: 74 y: 25
#2 x: 80 y: 37
#3 x: 65 y: 36
#4 x: 80 y: 67
#5 x: 51 y: 66
#6 x: 85 y: 68
genomestart 32
trait 1 0.000000 0.000000 0.000000 0.000000 0.000000 0.000000 22486.000000 0.000000 trait 2 0.000000 41995.000000 0.000000 0.000000 0.000000 4712.000000 100000.000000 0.000000 trait 3 3.000000 0.000000 0.000000 83554.000000 0.000000 0.000000 0.000000 0.000000 trait 4 4.000000 0.000000 0.000000 0.000000 0.000000 0.000000 0.000000 0.000000 node 1 2 1 3
node 2 2 1 1
node 3 3 1 1
node 4 1 1 1
node 5 1 1 1
node 6 3 1 1
node 7 1 1 1
node 8 1 1 1
node 9 3 1 1
node 10 1 1 1
node 11 1 1 1
node 12 1 1 1
node 13 3 0 2
node 14 2 0 2
node 15 3 0 2
node 21 4 0 0
node 37 1 0 0
node 50 1 0 0
node 63 1 0 0
node 74 2 0 0
node 197 1 0 0
node 459 1 0 0
node 526 1 0 0
node 555 1 0 0
node 573 1 0 0
node 592 1 0 0
node 670 1 0 0
node 825 1 0 0
node 895 1 0 0
node 913 1 0 0
node 927 1 0 0
node 1124 1 0 0
node 1139 1 0 0
node 1152 1 0 0
node 1207 1 0 0
node 1246 1 0 0
node 1288 1 0 0
node 1349 1 0 0
node 1417 1 0 0
node 1524 1 0 0
node 1542 1 0 0
node 1621 1 0 0
node 1676 1 0 0
node 1687 1 0 0
node 1866 1 0 0
node 1952 1 0 0
node 1971 1 0 0
gene 3 1 13 91578 0 1 91578 1
gene 4 2 13 -59337 0 2 -59337 0
gene 3 3 13 41430 0 3 41430 1
gene 2 4 13 -800000 0 4 -800000 0
gene 1 5 13 140067 0 5 140067 1
gene 2 6 13 -302355 0 6 -302355 1
gene 1 7 13 621738 0 7 621738 1
gene 2 8 13 -800000 0 8 -800000 1
gene 2 9 13 -791048 0 9 -791048 0
gene 4 10 13 -615248 0 10 -615248 1
gene 2 11 13 507498 0 11 507498 0
gene 4 12 13 -423308 0 12 -423308 1
gene 4 1 14 -78192 0 13 -78192 1
gene 3 2 14 -229416 0 14 -229416 1
gene 2 3 14 -319698 0 15 -319698 0
gene 3 4 14 669950 0 16 669950 1
gene 2 5 14 -793463 0 17 -793463 0
gene 4 6 14 24 0 18 24 0
gene 1 7 14 -300384 0 19 -300384 1
gene 1 8 14 -143514 0 20 -143514 0
gene 1 9 14 -273717 0 21 -273717 0
gene 3 10 14 303810 0 22 303810 1
gene 2 11 14 135102 0 23 135102 0
gene 2 12 14 328913 0 24 328913 0
gene 3 1 15 531566 0 25 531566 1
gene 4 2 15 -26748 0 26 -26748 0
gene 2 3 15 103419 0 27 103419 1
gene 2 4 15 800000 0 28 800000 1
gene 1 5 15 -147093 0 29 -147093 0
gene 1 6 15 -129981 0 30 -129981 1
gene 4 7 15 -126894 0 31 -126894 1
gene 1 8 15 265722 0 32 265722 0
gene 4 9 15 26835 0 33 26835 0
gene 2 10 15 282264 0 34 282264 0
gene 3 11 15 69711 0 35 69711 0
gene 2 12 15 -174612 0 36 -174612 1
gene 2 12 21 765 0 50 765 1
gene 2 21 14 -252006 0 51 -252006 0
gene 4 2 37 20298 0 92 20298 0
gene 4 37 13 -152925 0 93 -152925 1
gene 4 2 50 -567861 0 130 -567861 1
gene 4 50 37 -7206 0 131 -7206 1
gene 1 11 63 -728763 0 166 -728763 1
gene 1 63 14 -23871 0 167 -23871 1
gene 2 5 74 -348003 0 204 -348003 1
gene 2 74 14 -186942 0 205 -186942 0
gene 4 5 37 225558 0 419 225558 1
gene 3 6 21 -800000 0 547 -800000 1
gene 4 2 197 213609 0 591 213609 1
gene 4 197 15 -104796 0 592 -104796 1
gene 3 14 50 554322 0 781 554322 1
gene 4 9 74 -113199 0 1104 -113199 1
gene 2 9 459 270471 0 1406 270471 1
gene 1 459 13 -597785 0 1407 -597785 1
gene 1 9 526 685259 0 1593 685259 1
gene 1 526 14 288138 0 1594 288138 0
gene 2 74 555 -512843 0 1680 -512843 0
gene 4 555 14 628323 0 1681 628323 0
gene 1 5 573 8394 0 1732 8394 1
gene 1 573 15 260481 0 1733 260481 0
gene 1 573 592 -800000 0 1786 -800000 1
gene 1 592 15 426675 0 1787 426675 1
gene 2 21 670 -274596 0 2012 -274596 1
gene 2 670 14 513396 0 2013 513396 0
gene 4 63 50 710351 0 2239 710351 1
gene 3 74 74 565928 1 2345 565928 1
gene 1 8 825 -115575 0 2466 -115575 0
gene 1 825 14 -226515 0 2467 -226515 1
gene 2 10 895 310118 0 2679 310118 1
gene 2 895 15 -195237 0 2680 -195237 1
gene 2 74 913 -108240 0 2725 -108240 1
gene 2 913 555 -636828 0 2726 -636828 1
gene 2 11 927 206796 0 2769 206796 1
gene 2 927 13 -53556 0 2770 -53556 1
gene 1 555 197 -72336 0 2872 -72336 1
gene 2 459 459 -60969 1 3224 -60969 1
gene 3 11 1124 83082 0 3336 83082 0
gene 3 1124 15 800000 0 3337 800000 0
gene 2 670 1139 -519276 0 3378 -519276 1
gene 2 1139 14 681068 0 3379 681068 1
gene 1 8 1152 -220383 0 3420 -220383 0
gene 1 1152 825 410856 0 3421 410856 1
gene 1 895 895 -687432 1 3523 -687432 1
gene 1 8 1207 639780 0 3577 639780 1
gene 1 1207 1152 45829 0 3578 45829 1
gene 3 1124 1246 -16740 0 3704 -16740 1
gene 3 1246 15 -133695 0 3705 -133695 0
gene 4 9 1288 205272 0 3815 205272 1
gene 4 1288 15 -58095 0 3816 -58095 1
gene 4 6 1349 -433650 0 3992 -433650 0
gene 3 1349 14 260601 0 3993 260601 1
gene 2 555 1417 -20784 0 4178 -20784 1
gene 2 1417 14 208431 0 4179 208431 1
gene 1 8 1524 -754878 0 4491 -754878 1
gene 1 1524 15 93417 0 4492 93417 1
gene 2 3 1542 -4203 0 4543 -4203 1
gene 2 1542 14 -246687 0 4544 -246687 0
gene 1 1288 197 -333269 0 4594 -333269 1
gene 3 8 63 -392658 0 4729 -392658 1
gene 3 11 1621 -6732 0 4768 -6732 1
gene 3 1621 1124 91170 0 4769 91170 1
gene 4 6 1676 224685 0 4939 224685 1
gene 4 1676 1349 234729 0 4940 234729 1
gene 1 526 1687 346059 0 4973 346059 1
gene 1 1687 14 271404 0 4974 271404 1
gene 2 14 37 -114054 0 5239 -114054 1
gene 2 4 1866 83778 0 5523 83778 1
gene 2 1866 13 -15525 0 5524 -15525 1
gene 2 825 670 177237 0 5637 177237 1
gene 1 1542 1542 -39041 1 5661 -39041 1
gene 3 1246 1952 1 0 5784 0 1
gene 3 1952 15 -133695 0 5785 0 1
gene 2 1542 1971 1 0 5834 0 1
gene 2 1971 14 -246687 0 5835 0 1
genomeend 32


/* Organism #42 Fitness: 140.000000 Time: 0 */
/* Position #42*/
#1 x: 28 y: 39
#2 x: 33 y: 18
#3 x: 84 y: 28
#4 x: 69 y: 61
#5 x: 30 y: 63
#6 x: 75 y: 67
genomestart 42
trait 1 0.000000 0.000000 0.000000 0.000000 0.000000 0.000000 22486.000000 0.000000 trait 2 0.000000 41995.000000 0.000000 0.000000 0.000000 4712.000000 100000.000000 0.000000 trait 3 3.000000 0.000000 0.000000 83554.000000 0.000000 0.000000 0.000000 0.000000 trait 4 4.000000 0.000000 0.000000 0.000000 0.000000 0.000000 0.000000 0.000000 node 1 2 1 3
node 2 2 1 1
node 3 3 1 1
node 4 1 1 1
node 5 1 1 1
node 6 3 1 1
node 7 1 1 1
node 8 1 1 1
node 9 3 1 1
node 10 1 1 1
node 11 1 1 1
node 12 1 1 1
node 13 3 0 2
node 14 2 0 2
node 15 3 0 2
node 21 4 0 0
node 37 1 0 0
node 50 1 0 0
node 63 1 0 0
node 74 2 0 0
node 197 1 0 0
node 459 1 0 0
node 526 1 0 0
node 555 1 0 0
node 573 1 0 0
node 592 1 0 0
node 670 1 0 0
node 825 1 0 0
node 895 1 0 0
node 913 1 0 0
node 927 1 0 0
node 1124 1 0 0
node 1139 1 0 0
node 1152 1 0 0
node 1207 1 0 0
node 1246 1 0 0
node 1288 1 0 0
node 1349 1 0 0
node 1417 1 0 0
node 1524 1 0 0
node 1542 1 0 0
node 1621 1 0 0
node 1676 1 0 0
node 1687 1 0 0
node 1866 1 0 0
node 1923 1 0 0
gene 3 1 13 -195720 0 1 -195720 1
gene 4 2 13 187872 0 2 187872 0
gene 3 3 13 -67527 0 3 -67527 1
gene 2 4 13 3321 0 4 3321 0
gene 1 5 13 549 0 5 549 1
gene 2 6 13 -400152 0 6 -400152 1
gene 1 7 13 375624 0 7 375624 1
gene 2 8 13 -760655 0 8 -760655 1
gene 2 9 13 -503906 0 9 -503906 0
gene 4 10 13 -755057 0 10 -755057 1
gene 2 11 13 220821 0 11 220821 0
gene 4 12 13 -178455 0 12 -178455 1
gene 4 1 14 -389124 0 13 -389124 1
gene 3 2 14 -586383 0 14 -586383 1
gene 2 3 14 -143670 0 15 -143670 0
gene 3 4 14 770735 0 16 770735 1
gene 2 5 14 -706700 0 17 -706700 0
gene 4 6 14 -621645 0 18 -621645 0
gene 1 7 14 -542949 0 19 -542949 1
gene 1 8 14 -392880 0 20 -392880 0
gene 1 9 14 -133911 0 21 -133911 0
gene 3 10 14 200334 0 22 200334 1
gene 2 11 14 255255 0 23 255255 0
gene 2 12 14 -152397 0 24 -152397 0
gene 3 1 15 385661 0 25 385661 1
gene 4 2 15 -37647 0 26 -37647 0
gene 2 3 15 -284373 0 27 -284373 1
gene 2 4 15 800000 0 28 800000 1
gene 1 5 15 -93963 0 29 -93963 0
gene 1 6 15 -144189 0 30 -144189 1
gene 4 7 15 -800000 0 31 -800000 1
gene 1 8 15 -187890 0 32 -187890 0
gene 4 9 15 231111 0 33 231111 0
gene 2 10 15 -282414 0 34 -282414 0
gene 3 11 15 347004 0 35 347004 0
gene 2 12 15 160515 0 36 160515 1
gene 2 12 21 -328497 0 50 -328497 1
gene 2 21 14 166470 0 51 166470 0
gene 4 2 37 -162561 0 92 -162561 0
gene 4 37 13 -88038 0 93 -88038 1
gene 4 2 50 -515892 0 130 -515892 1
gene 4 50 37 -196539 0 131 -196539 1
gene 1 11 63 -428376 0 166 -428376 1
gene 1 63 14 -339915 0 167 -339915 1
gene 2 5 74 -134595 0 204 -134595 1
gene 2 74 14 -164697 0 205 -164697 0
gene 4 5 37 223818 0 419 223818 1
gene 3 6 21 -800000 0 547 -800000 1
gene 4 2 197 376059 0 591 376059 1
gene 4 197 15 156858 0 592 156858 1
gene 3 14 50 515517 0 781 515517 1
gene 4 9 74 -407514 0 1104 -407514 1
gene 2 9 459 36477 0 1406 36477 1
gene 1 459 13 -664700 0 1407 -664700 1
gene 1 9 526 757910 0 1593 757910 1
gene 1 526 14 -355305 0 1594 -355305 0
gene 2 74 555 -512843 0 1680 -512843 0
gene 4 555 14 491298 0 1681 491298 0
gene 1 5 573 -165 0 1732 -165 1
gene 1 573 15 -81720 0 1733 -81720 0
gene 1 573 592 -619502 0 1786 -619502 1
gene 1 592 15 357441 0 1787 357441 1
gene 2 21 670 58872 0 2012 58872 1
gene 2 670 14 26688 0 2013 26688 0
gene 4 63 50 800000 0 2239 800000 1
gene 3 74 74 237711 1 2345 237711 1
gene 1 8 825 -292615 0 2466 -292615 0
gene 1 825 14 -208545 0 2467 -208545 0
gene 2 10 895 547256 0 2679 547256 1
gene 2 895 15 -478263 0 2680 -478263 1
gene 2 74 913 255357 0 2725 255357 1
gene 2 913 555 -399081 0 2726 -399081 1
gene 2 11 927 134127 0 2769 134127 1
gene 2 927 13 186036 0 2770 186036 1
gene 1 555 197 127209 0 2872 127209 1
gene 2 459 459 231852 1 3224 231852 1
gene 3 11 1124 245535 0 3336 245535 0
gene 3 1124 15 668609 0 3337 668609 0
gene 2 670 1139 141687 0 3378 141687 1
gene 2 1139 14 681722 0 3379 681722 1
gene 1 8 1152 118956 0 3420 118956 0
gene 1 1152 825 354264 0 3421 354264 1
gene 1 895 895 -485802 1 3523 -485802 1
gene 1 8 1207 261243 0 3577 261243 1
gene 1 1207 1152 -35288 0 3578 -35288 1
gene 3 1124 1246 -157842 0 3704 -157842 1
gene 3 1246 15 -93255 0 3705 -93255 1
gene 4 9 1288 -287391 0 3815 -287391 1
gene 4 1288 15 -13518 0 3816 -13518 1
gene 4 6 1349 -203268 0 3992 -203268 0
gene 3 1349 14 524136 0 3993 524136 1
gene 2 555 1417 100590 0 4178 100590 1
gene 2 1417 14 800000 0 4179 800000 1
gene 1 8 1524 159558 0 4491 159558 1
gene 1 1524 15 394482 0 4492 394482 1
gene 2 3 1542 220101 0 4543 220101 1
gene 2 1542 14 -219 0 4544 -219 1
gene 1 1288 197 -206186 0 4594 -206186 1
gene 3 8 63 -111978 0 4729 -111978 1
gene 3 11 1621 308538 0 4768 308538 1
gene 3 1621 1124 -237780 0 4769 -237780 1
gene 4 6 1676 352398 0 4939 352398 1
gene 4 1676 1349 456228 0 4940 456228 1
gene 1 526 1687 123630 0 4973 123630 1
gene 1 1687 14 262317 0 4974 262317 1
gene 2 14 37 -449742 0 5239 -449742 1
gene 2 4 1866 23475 0 5523 23475 1
gene 2 1866 13 -672938 0 5524 -672938 1
gene 2 825 670 -38433 0 5637 -38433 1
gene 1 1542 1542 231559 1 5661 231559 1
gene 1 825 1923 -176381 0 5704 -176381 1
gene 1 1923 14 -167055 0 5705 -167055 1
gene 2 1923 1923 -9275 1 5840 -9275 1
genomeend 42


/* Organism #43 Fitness: 180.000000 Time: 0 */
/* Position #43*/
#1 x: 28 y: 39
#2 x: 33 y: 18
#3 x: 84 y: 28
#4 x: 69 y: 61
#5 x: 30 y: 63
#6 x: 75 y: 67
genomestart 43
trait 1 0.000000 0.000000 0.000000 0.000000 0.000000 0.000000 22486.000000 0.000000 trait 2 0.000000 41995.000000 0.000000 0.000000 0.000000 4712.000000 100000.000000 0.000000 trait 3 3.000000 0.000000 0.000000 83554.000000 0.000000 0.000000 0.000000 0.000000 trait 4 4.000000 0.000000 0.000000 0.000000 0.000000 0.000000 0.000000 0.000000 node 1 2 1 3
node 2 2 1 1
node 3 3 1 1
node 4 1 1 1
node 5 1 1 1
node 6 3 1 1
node 7 1 1 1
node 8 1 1 1
node 9 3 1 1
node 10 1 1 1
node 11 1 1 1
node 12 1 1 1
node 13 3 0 2
node 14 2 0 2
node 15 3 0 2
node 21 4 0 0
node 37 1 0 0
node 50 1 0 0
node 63 1 0 0
node 74 2 0 0
node 197 1 0 0
node 459 1 0 0
node 526 1 0 0
node 555 1 0 0
node 573 1 0 0
node 592 1 0 0
node 670 1 0 0
node 825 1 0 0
node 895 1 0 0
node 913 1 0 0
node 927 1 0 0
node 1124 1 0 0
node 1139 1 0 0
node 1152 1 0 0
node 1207 1 0 0
node 1246 1 0 0
node 1288 1 0 0
node 1349 1 0 0
node 1417 1 0 0
node 1524 1 0 0
node 1542 1 0 0
node 1621 1 0 0
node 1676 1 0 0
node 1687 1 0 0
node 1866 1 0 0
node 1923 1 0 0
gene 3 1 13 -195720 0 1 -195720 1
gene 4 2 13 187872 0 2 187872 0
gene 3 3 13 -67527 0 3 -67527 1
gene 2 4 13 3321 0 4 3321 0
gene 1 5 13 549 0 5 549 1
gene 2 6 13 -400152 0 6 -400152 1
gene 1 7 13 375624 0 7 375624 1
gene 2 8 13 -760655 0 8 -760655 1
gene 2 9 13 -503906 0 9 -503906 0
gene 4 10 13 -755057 0 10 -755057 1
gene 2 11 13 220821 0 11 220821 0
gene 4 12 13 -178455 0 12 -178455 1
gene 4 1 14 -389124 0 13 -389124 1
gene 3 2 14 -586383 0 14 -586383 1
gene 2 3 14 -143670 0 15 -143670 0
gene 3 4 14 770735 0 16 770735 1
gene 2 5 14 -706700 0 17 -706700 0
gene 4 6 14 -621645 0 18 -621645 0
gene 1 7 14 -542949 0 19 -542949 1
gene 1 8 14 -392880 0 20 -392880 0
gene 1 9 14 -133911 0 21 -133911 0
gene 3 10 14 200334 0 22 200334 1
gene 2 11 14 255255 0 23 255255 0
gene 2 12 14 -152397 0 24 -152397 0
gene 3 1 15 385661 0 25 385661 1
gene 4 2 15 -37647 0 26 -37647 0
gene 2 3 15 -284373 0 27 -284373 1
gene 2 4 15 800000 0 28 800000 1
gene 1 5 15 -93963 0 29 -93963 0
gene 1 6 15 -144189 0 30 -144189 1
gene 4 7 15 -800000 0 31 -800000 1
gene 1 8 15 -187890 0 32 -187890 0
gene 4 9 15 231111 0 33 231111 0
gene 2 10 15 -282414 0 34 -282414 0
gene 3 11 15 347004 0 35 347004 0
gene 2 12 15 160515 0 36 160515 1
gene 2 12 21 -328497 0 50 -328497 1
gene 2 21 14 166470 0 51 166470 0
gene 4 2 37 -162561 0 92 -162561 0
gene 4 37 13 -88038 0 93 -88038 1
gene 4 2 50 -515892 0 130 -515892 1
gene 4 50 37 -196539 0 131 -196539 1
gene 1 11 63 -428376 0 166 -428376 1
gene 1 63 14 -339915 0 167 -339915 1
gene 2 5 74 -134595 0 204 -134595 1
gene 2 74 14 -164697 0 205 -164697 0
gene 4 5 37 223818 0 419 223818 1
gene 3 6 21 -800000 0 547 -800000 1
gene 4 2 197 376059 0 591 376059 1
gene 4 197 15 156858 0 592 156858 1
gene 3 14 50 515517 0 781 515517 1
gene 4 9 74 -407514 0 1104 -407514 1
gene 2 9 459 36477 0 1406 36477 1
gene 1 459 13 -664700 0 1407 -664700 1
gene 1 9 526 757910 0 1593 757910 1
gene 1 526 14 -355305 0 1594 -355305 0
gene 2 74 555 -512843 0 1680 -512843 0
gene 4 555 14 491298 0 1681 491298 0
gene 1 5 573 -165 0 1732 -165 1
gene 1 573 15 -81720 0 1733 -81720 0
gene 1 573 592 -619502 0 1786 -619502 1
gene 1 592 15 357441 0 1787 357441 1
gene 2 21 670 58872 0 2012 58872 1
gene 2 670 14 26688 0 2013 26688 0
gene 4 63 50 800000 0 2239 800000 1
gene 3 74 74 237711 1 2345 237711 1
gene 1 8 825 -292615 0 2466 -292615 0
gene 1 825 14 -208545 0 2467 -208545 0
gene 2 10 895 547256 0 2679 547256 1
gene 2 895 15 -478263 0 2680 -478263 1
gene 2 74 913 255357 0 2725 255357 1
gene 2 913 555 -399081 0 2726 -399081 1
gene 2 11 927 134127 0 2769 134127 1
gene 2 927 13 186036 0 2770 186036 1
gene 1 555 197 127209 0 2872 127209 1
gene 2 459 459 231852 1 3224 231852 1
gene 3 11 1124 245535 0 3336 245535 0
gene 3 1124 15 668609 0 3337 668609 0
gene 2 670 1139 141687 0 3378 141687 1
gene 2 1139 14 681722 0 3379 681722 1
gene 1 8 1152 118956 0 3420 118956 0
gene 1 1152 825 354264 0 3421 354264 1
gene 1 895 895 -485802 1 3523 -485802 1
gene 1 8 1207 261243 0 3577 261243 1
gene 1 1207 1152 -35288 0 3578 -35288 1
gene 3 1124 1246 -157842 0 3704 -157842 1
gene 3 1246 15 -93255 0 3705 -93255 1
gene 4 9 1288 -287391 0 3815 -287391 1
gene 4 1288 15 -13518 0 3816 -13518 1
gene 4 6 1349 -203268 0 3992 -203268 0
gene 3 1349 14 524136 0 3993 524136 1
gene 2 555 1417 100590 0 4178 100590 1
gene 2 1417 14 800000 0 4179 800000 1
gene 1 8 1524 159558 0 4491 159558 1
gene 1 1524 15 394482 0 4492 394482 1
gene 2 3 1542 220101 0 4543 220101 1
gene 2 1542 14 -219 0 4544 -219 1
gene 1 1288 197 -206186 0 4594 -206186 1
gene 3 8 63 -111978 0 4729 -111978 1
gene 3 11 1621 308538 0 4768 308538 1
gene 3 1621 1124 -237780 0 4769 -237780 1
gene 4 6 1676 352398 0 4939 352398 1
gene 4 1676 1349 456228 0 4940 456228 1
gene 1 526 1687 123630 0 4973 123630 1
gene 1 1687 14 262317 0 4974 262317 1
gene 2 14 37 -449742 0 5239 -449742 1
gene 2 4 1866 23475 0 5523 23475 1
gene 2 1866 13 -672938 0 5524 -672938 1
gene 2 825 670 -38433 0 5637 -38433 1
gene 1 1542 1542 231559 1 5661 231559 1
gene 1 825 1923 -176381 0 5704 -176381 1
gene 1 1923 14 -167055 0 5705 -167055 1
gene 3 197 1124 87516 0 5841 87516 1
genomeend 43


/* Organism #44 Fitness: 200.000000 Time: 0 */
/* Position #44*/
#1 x: 62 y: 19
#2 x: 79 y: 40
#3 x: 37 y: 39
#4 x: 57 y: 85
#5 x: 79 y: 77
#6 x: 48 y: 71
genomestart 44
trait 1 0.000000 0.000000 0.000000 0.000000 0.000000 0.000000 22486.000000 0.000000 trait 2 0.000000 41995.000000 0.000000 0.000000 0.000000 4712.000000 100000.000000 0.000000 trait 3 3.000000 0.000000 0.000000 83554.000000 0.000000 0.000000 0.000000 0.000000 trait 4 4.000000 0.000000 0.000000 0.000000 0.000000 0.000000 0.000000 0.000000 node 1 2 1 3
node 2 2 1 1
node 3 3 1 1
node 4 1 1 1
node 5 1 1 1
node 6 3 1 1
node 7 1 1 1
node 8 1 1 1
node 9 3 1 1
node 10 1 1 1
node 11 1 1 1
node 12 1 1 1
node 13 3 0 2
node 14 2 0 2
node 15 3 0 2
node 21 4 0 0
node 37 1 0 0
node 50 1 0 0
node 63 1 0 0
node 74 2 0 0
node 197 1 0 0
node 459 1 0 0
node 526 1 0 0
node 555 1 0 0
node 573 1 0 0
node 592 1 0 0
node 670 1 0 0
node 825 1 0 0
node 895 1 0 0
node 913 1 0 0
node 927 1 0 0
node 1124 1 0 0
node 1139 1 0 0
node 1152 1 0 0
node 1207 1 0 0
node 1246 1 0 0
node 1288 1 0 0
node 1349 1 0 0
node 1417 1 0 0
node 1524 1 0 0
node 1542 1 0 0
node 1621 1 0 0
node 1676 1 0 0
node 1687 1 0 0
node 1866 1 0 0
node 1923 1 0 0
gene 3 1 13 -195720 0 1 -195720 1
gene 4 2 13 187872 0 2 187872 0
gene 3 3 13 -67527 0 3 -67527 1
gene 2 4 13 3321 0 4 3321 0
gene 1 5 13 549 0 5 549 1
gene 2 6 13 -400152 0 6 -400152 1
gene 1 7 13 375624 0 7 375624 1
gene 2 8 13 -760655 0 8 -760655 1
gene 2 9 13 -503906 0 9 -503906 0
gene 4 10 13 -755057 0 10 -755057 1
gene 2 11 13 220821 0 11 220821 0
gene 4 12 13 -178455 0 12 -178455 1
gene 4 1 14 -389124 0 13 -389124 1
gene 3 2 14 -586383 0 14 -586383 1
gene 2 3 14 -143670 0 15 -143670 0
gene 3 4 14 770735 0 16 770735 1
gene 2 5 14 -706700 0 17 -706700 0
gene 4 6 14 -621645 0 18 -621645 0
gene 1 7 14 -542949 0 19 -542949 1
gene 1 8 14 -392880 0 20 -392880 0
gene 1 9 14 -133911 0 21 -133911 0
gene 3 10 14 200334 0 22 200334 1
gene 2 11 14 255255 0 23 255255 0
gene 2 12 14 -152397 0 24 -152397 0
gene 3 1 15 385661 0 25 385661 1
gene 4 2 15 -37647 0 26 -37647 0
gene 2 3 15 -284373 0 27 -284373 1
gene 2 4 15 800000 0 28 800000 1
gene 1 5 15 -93963 0 29 -93963 0
gene 1 6 15 -144189 0 30 -144189 1
gene 4 7 15 -800000 0 31 -800000 1
gene 1 8 15 -187890 0 32 -187890 0
gene 4 9 15 231111 0 33 231111 0
gene 2 10 15 -282414 0 34 -282414 0
gene 3 11 15 347004 0 35 347004 0
gene 2 12 15 160515 0 36 160515 1
gene 2 12 21 -328497 0 50 -328497 1
gene 2 21 14 166470 0 51 166470 0
gene 4 2 37 -162561 0 92 -162561 0
gene 4 37 13 -88038 0 93 -88038 1
gene 4 2 50 -515892 0 130 -515892 1
gene 4 50 37 -196539 0 131 -196539 1
gene 1 11 63 -428376 0 166 -428376 1
gene 1 63 14 -339915 0 167 -339915 1
gene 2 5 74 -134595 0 204 -134595 1
gene 2 74 14 -164697 0 205 -164697 0
gene 4 5 37 223818 0 419 223818 1
gene 3 6 21 -800000 0 547 -800000 1
gene 4 2 197 376059 0 591 376059 1
gene 4 197 15 156858 0 592 156858 1
gene 3 14 50 515517 0 781 515517 1
gene 4 9 74 -407514 0 1104 -407514 1
gene 2 9 459 36477 0 1406 36477 1
gene 1 459 13 -664700 0 1407 -664700 1
gene 1 9 526 757910 0 1593 757910 1
gene 1 526 14 -355305 0 1594 -355305 0
gene 2 74 555 -512843 0 1680 -512843 0
gene 4 555 14 491298 0 1681 491298 0
gene 1 5 573 -165 0 1732 -165 1
gene 1 573 15 -81720 0 1733 -81720 0
gene 1 573 592 -619502 0 1786 -619502 1
gene 1 592 15 357441 0 1787 357441 1
gene 2 21 670 58872 0 2012 58872 1
gene 2 670 14 26688 0 2013 26688 0
gene 4 63 50 800000 0 2239 800000 1
gene 3 74 74 237711 1 2345 237711 1
gene 1 8 825 -292615 0 2466 -292615 0
gene 1 825 14 -208545 0 2467 -208545 0
gene 2 10 895 547256 0 2679 547256 1
gene 2 895 15 -478263 0 2680 -478263 1
gene 2 74 913 255357 0 2725 255357 1
gene 2 913 555 -399081 0 2726 -399081 1
gene 2 11 927 134127 0 2769 134127 1
gene 2 927 13 186036 0 2770 186036 1
gene 1 555 197 127209 0 2872 127209 1
gene 2 459 459 231852 1 3224 231852 1
gene 3 11 1124 245535 0 3336 245535 0
gene 3 1124 15 668609 0 3337 668609 0
gene 2 670 1139 141687 0 3378 141687 1
gene 2 1139 14 681722 0 3379 681722 1
gene 1 8 1152 118956 0 3420 118956 0
gene 1 1152 825 354264 0 3421 354264 1
gene 1 895 895 -485802 1 3523 -485802 1
gene 1 8 1207 261243 0 3577 261243 1
gene 1 1207 1152 -35288 0 3578 -35288 1
gene 3 1124 1246 -157842 0 3704 -157842 1
gene 3 1246 15 -93255 0 3705 -93255 1
gene 4 9 1288 -287391 0 3815 -287391 1
gene 4 1288 15 -13518 0 3816 -13518 1
gene 4 6 1349 -203268 0 3992 -203268 0
gene 3 1349 14 524136 0 3993 524136 1
gene 2 555 1417 100590 0 4178 100590 1
gene 2 1417 14 800000 0 4179 800000 1
gene 1 8 1524 159558 0 4491 159558 1
gene 1 1524 15 394482 0 4492 394482 1
gene 2 3 1542 220101 0 4543 220101 1
gene 2 1542 14 -219 0 4544 -219 1
gene 1 1288 197 -206186 0 4594 -206186 1
gene 3 8 63 -111978 0 4729 -111978 1
gene 3 11 1621 308538 0 4768 308538 1
gene 3 1621 1124 -237780 0 4769 -237780 1
gene 4 6 1676 352398 0 4939 352398 1
gene 4 1676 1349 456228 0 4940 456228 1
gene 1 526 1687 123630 0 4973 123630 1
gene 1 1687 14 262317 0 4974 262317 1
gene 2 14 37 -449742 0 5239 -449742 1
gene 2 4 1866 23475 0 5523 23475 1
gene 2 1866 13 -672938 0 5524 -672938 1
gene 2 825 670 -38433 0 5637 -38433 1
gene 1 1542 1542 231559 1 5661 231559 1
gene 1 825 1923 -176381 0 5704 -176381 1
gene 1 1923 14 -167055 0 5705 -167055 1
gene 3 1349 15 -87891 0 5842 -87891 1
genomeend 44


/* Organism #45 Fitness: 180.000000 Time: 0 */
/* Position #45*/
#1 x: 62 y: 19
#2 x: 79 y: 40
#3 x: 37 y: 39
#4 x: 57 y: 85
#5 x: 79 y: 77
#6 x: 48 y: 71
genomestart 45
trait 1 0.000000 0.000000 0.000000 0.000000 0.000000 0.000000 22486.000000 0.000000 trait 2 0.000000 41995.000000 0.000000 0.000000 0.000000 4712.000000 100000.000000 0.000000 trait 3 3.000000 0.000000 0.000000 83554.000000 0.000000 0.000000 0.000000 0.000000 trait 4 4.000000 0.000000 0.000000 0.000000 0.000000 0.000000 0.000000 0.000000 node 1 2 1 3
node 2 2 1 1
node 3 3 1 1
node 4 1 1 1
node 5 1 1 1
node 6 3 1 1
node 7 1 1 1
node 8 1 1 1
node 9 3 1 1
node 10 1 1 1
node 11 1 1 1
node 12 1 1 1
node 13 3 0 2
node 14 2 0 2
node 15 3 0 2
node 21 4 0 0
node 37 1 0 0
node 50 1 0 0
node 63 1 0 0
node 74 2 0 0
node 197 1 0 0
node 459 1 0 0
node 526 1 0 0
node 555 1 0 0
node 573 1 0 0
node 592 1 0 0
node 670 1 0 0
node 825 1 0 0
node 895 1 0 0
node 913 1 0 0
node 927 1 0 0
node 1124 1 0 0
node 1139 1 0 0
node 1152 1 0 0
node 1207 1 0 0
node 1246 1 0 0
node 1288 1 0 0
node 1349 1 0 0
node 1417 1 0 0
node 1524 1 0 0
node 1542 1 0 0
node 1621 1 0 0
node 1676 1 0 0
node 1687 1 0 0
node 1866 1 0 0
node 1923 1 0 0
node 1973 1 0 0
gene 3 1 13 -131814 0 1 -131814 1
gene 4 2 13 246351 0 2 246351 0
gene 3 3 13 -67527 0 3 -67527 1
gene 2 4 13 -520223 0 4 -520223 0
gene 1 5 13 -137325 0 5 -137325 1
gene 2 6 13 99864 0 6 99864 1
gene 1 7 13 372039 0 7 372039 1
gene 2 8 13 -800000 0 8 -800000 1
gene 2 9 13 -582200 0 9 -582200 0
gene 4 10 13 -800000 0 10 -800000 1
gene 2 11 13 471030 0 11 471030 0
gene 4 12 13 -347456 0 12 -347456 1
gene 4 1 14 -126705 0 13 -126705 1
gene 3 2 14 -329952 0 14 -329952 1
gene 2 3 14 -108924 0 15 -108924 0
gene 3 4 14 800000 0 16 800000 1
gene 2 5 14 -453146 0 17 -453146 0
gene 4 6 14 -323166 0 18 -323166 0
gene 1 7 14 152394 0 19 152394 1
gene 1 8 14 -248556 0 20 -248556 0
gene 1 9 14 69246 0 21 69246 0
gene 3 10 14 190173 0 22 190173 1
gene 2 11 14 107310 0 23 107310 0
gene 2 12 14 430313 0 24 430313 0
gene 3 1 15 -251205 0 25 -251205 1
gene 4 2 15 10281 0 26 10281 0
gene 2 3 15 -19140 0 27 -19140 1
gene 2 4 15 800000 0 28 800000 1
gene 1 5 15 101529 0 29 101529 0
gene 1 6 15 -800000 0 30 -800000 1
gene 4 7 15 -800000 0 31 -800000 1
gene 1 8 15 8376 0 32 8376 0
gene 4 9 15 5469 0 33 5469 0
gene 2 10 15 26904 0 34 26904 0
gene 3 11 15 372819 0 35 372819 0
gene 2 12 15 21444 0 36 21444 1
gene 2 12 21 200403 0 50 200403 1
gene 2 21 14 -6015 0 51 -6015 0
gene 4 2 37 -11913 0 92 -11913 0
gene 4 37 13 128874 0 93 128874 1
gene 4 2 50 -567861 0 130 -567861 1
gene 4 50 37 -151965 0 131 -151965 1
gene 1 11 63 -559029 0 166 -559029 1
gene 1 63 14 -91935 0 167 -91935 1
gene 2 5 74 77799 0 204 77799 1
gene 2 74 14 56136 0 205 56136 0
gene 4 5 37 -774248 0 419 -774248 1
gene 3 6 21 -800000 0 547 -800000 1
gene 4 2 197 297522 0 591 297522 1
gene 4 197 15 -494628 0 592 -494628 1
gene 3 14 50 410334 0 781 410334 1
gene 4 9 74 -182307 0 1104 -182307 1
gene 2 9 459 265077 0 1406 265077 1
gene 1 459 13 -103848 0 1407 -103848 0
gene 1 9 526 795662 0 1593 795662 1
gene 1 526 14 -300243 0 1594 -300243 0
gene 2 74 555 -773333 0 1680 -773333 0
gene 4 555 14 363405 0 1681 363405 0
gene 1 5 573 49569 0 1732 49569 1
gene 1 573 15 -800000 0 1733 -800000 0
gene 1 573 592 -544910 0 1786 -544910 1
gene 1 592 15 54798 0 1787 54798 1
gene 2 21 670 -347064 0 2012 -347064 1
gene 2 670 14 714159 0 2013 714159 0
gene 4 63 50 800000 0 2239 800000 1
gene 3 74 74 681848 1 2345 681848 1
gene 1 8 825 -269380 0 2466 -269380 0
gene 1 825 14 -128271 0 2467 -128271 0
gene 2 10 895 284282 0 2679 284282 1
gene 2 895 15 188367 0 2680 188367 1
gene 2 74 913 444324 0 2725 444324 1
gene 2 913 555 -399081 0 2726 -399081 1
gene 2 11 927 279432 0 2769 279432 1
gene 2 927 13 -99054 0 2770 -99054 1
gene 1 555 197 43116 0 2872 43116 1
gene 2 459 459 278307 1 3224 278307 1
gene 3 11 1124 -267750 0 3336 -267750 0
gene 3 1124 15 606989 0 3337 606989 0
gene 2 670 1139 -229413 0 3378 -229413 1
gene 2 1139 14 800000 0 3379 800000 1
gene 1 8 1152 -178125 0 3420 -178125 0
gene 1 1152 825 334449 0 3421 334449 1
gene 1 895 895 286683 1 3523 286683 1
gene 1 8 1207 -206895 0 3577 -206895 1
gene 1 1207 1152 122413 0 3578 122413 1
gene 3 1124 1246 -17379 0 3704 -17379 1
gene 3 1246 15 -280848 0 3705 -280848 1
gene 4 9 1288 417597 0 3815 417597 1
gene 4 1288 15 187110 0 3816 187110 1
gene 4 6 1349 16362 0 3992 16362 0
gene 3 1349 14 212538 0 3993 212538 1
gene 2 555 1417 106350 0 4178 106350 1
gene 2 1417 14 448491 0 4179 448491 1
gene 1 8 1524 -348798 0 4491 -348798 1
gene 1 1524 15 -70032 0 4492 -70032 1
gene 2 3 1542 170631 0 4543 170631 1
gene 2 1542 14 -303300 0 4544 -303300 1
gene 1 1288 197 26992 0 4594 26992 1
gene 3 8 63 -567624 0 4729 -567624 1
gene 3 11 1621 27561 0 4768 27561 1
gene 3 1621 1124 -474234 0 4769 -474234 1
gene 4 6 1676 241086 0 4939 241086 1
gene 4 1676 1349 74988 0 4940 74988 1
gene 1 526 1687 556143 0 4973 556143 1
gene 1 1687 14 235485 0 4974 235485 1
gene 2 14 37 -127500 0 5239 -127500 1
gene 2 4 1866 -888 0 5523 -888 1
gene 2 1866 13 110811 0 5524 110811 1
gene 2 825 670 -159297 0 5637 -159297 1
gene 1 1542 1542 264178 1 5661 264178 1
gene 1 825 1923 1 0 5704 1 1
gene 1 1923 14 -383508 0 5705 -383508 1
gene 1 459 1973 1 0 5843 0 1
gene 1 1973 13 -103848 0 5844 0 1
genomeend 45


/* Organism #54 Fitness: 180.000000 Time: 0 */
/* Position #54*/
#1 x: 51 y: 18
#2 x: 39 y: 34
#3 x: 45 y: 25
#4 x: 53 y: 68
#5 x: 38 y: 77
#6 x: 35 y: 72
genomestart 54
trait 1 0.000000 0.000000 0.000000 0.000000 0.000000 0.000000 0.000000 0.000000 trait 2 2.000000 0.000000 0.000000 3198.000000 0.000000 0.000000 0.000000 25005.000000 trait 3 0.000000 11947.000000 0.000000 0.000000 18430.000000 0.000000 0.000000 42444.000000 trait 4 4.000000 0.000000 0.000000 0.000000 0.000000 0.000000 34570.000000 0.000000 node 1 1 1 3
node 2 2 1 1
node 3 3 1 1
node 4 1 1 1
node 5 1 1 1
node 6 1 1 1
node 7 3 1 1
node 8 2 1 1
node 9 4 1 1
node 10 2 1 1
node 11 4 1 1
node 12 1 1 1
node 13 1 0 2
node 14 4 0 2
node 15 1 0 2
node 53 1 0 0
node 91 1 0 0
node 187 1 0 0
node 309 1 0 0
node 322 1 0 0
node 351 1 0 0
node 387 1 0 0
node 407 1 0 0
node 474 1 0 0
node 573 1 0 0
node 605 1 0 0
node 671 1 0 0
node 769 1 0 0
node 824 1 0 0
node 919 1 0 0
node 1079 4 0 0
node 1243 1 0 0
node 1434 1 0 0
node 1445 1 0 0
node 1658 1 0 0
node 1859 1 0 0
gene 1 1 13 -264057 0 1 -264057 1
gene 2 2 13 497862 0 2 497862 1
gene 4 3 13 149490 0 3 149490 1
gene 1 4 13 218946 0 4 218946 0
gene 3 5 13 -167070 0 5 -167070 0
gene 2 6 13 -89913 0 6 -89913 1
gene 4 7 13 800000 0 7 800000 1
gene 1 8 13 480546 0 8 480546 1
gene 4 9 13 -59835 0 9 -59835 1
gene 1 10 13 -403152 0 10 -403152 1
gene 3 11 13 -731432 0 11 -731432 1
gene 2 12 13 56250 0 12 56250 1
gene 3 1 14 -362814 0 13 -362814 1
gene 3 2 14 -508338 0 14 -508338 1
gene 3 3 14 61692 0 15 61692 0
gene 4 4 14 -35211 0 16 -35211 1
gene 3 5 14 316884 0 17 316884 1
gene 1 6 14 282129 0 18 282129 1
gene 2 7 14 -371085 0 19 -371085 0
gene 3 8 14 337968 0 20 337968 1
gene 1 9 14 -564135 0 21 -564135 1
gene 1 10 14 -146220 0 22 -146220 0
gene 4 11 14 409698 0 23 409698 1
gene 3 12 14 240990 0 24 240990 0
gene 3 1 15 635121 0 25 635121 1
gene 3 2 15 476094 0 26 476094 0
gene 4 3 15 2316 0 27 2316 1
gene 1 4 15 -2466 0 28 -2466 0
gene 2 5 15 -264708 0 29 -264708 0
gene 3 6 15 108402 0 30 108402 1
gene 1 7 15 385560 0 31 385560 0
gene 3 8 15 -247269 0 32 -247269 1
gene 1 9 15 288558 0 33 288558 1
gene 3 10 15 193722 0 34 193722 0
gene 3 11 15 -333735 0 35 -333735 1
gene 2 12 15 163953 0 36 163953 1
gene 2 12 53 -726032 0 138 -726032 0
gene 1 53 14 76665 0 139 76665 0
gene 2 53 91 -53994 0 249 -53994 1
gene 2 91 14 -701550 0 250 -701550 1
gene 3 10 53 800000 0 295 800000 1
gene 3 3 187 -800000 0 556 -800000 0
gene 3 187 14 -482898 0 557 -482898 1
gene 3 10 91 -569763 0 832 -569763 1
gene 2 7 309 44667 0 933 44667 0
gene 2 309 14 9648 0 934 9648 1
gene 3 2 322 145878 0 977 145878 0
gene 3 322 15 660470 0 978 660470 1
gene 4 13 91 370697 0 1021 370697 1
gene 1 10 351 -35715 0 1064 -35715 1
gene 1 351 14 452292 0 1065 452292 1
gene 3 8 53 -158106 0 1114 -158106 0
gene 3 3 387 -31287 0 1168 -31287 1
gene 3 387 187 536468 0 1169 536468 1
gene 3 2 407 454002 0 1228 454002 0
gene 3 407 322 -468927 0 1229 -468927 1
gene 2 91 309 -259728 0 1375 -259728 1
gene 1 7 474 -579120 0 1444 -579120 1
gene 1 474 15 -712334 0 1445 -712334 1
gene 2 53 407 643640 0 1569 643640 1
gene 2 5 573 72549 0 1732 72549 0
gene 2 573 15 -186129 0 1733 -186129 1
gene 3 8 605 323445 0 1820 323445 1
gene 3 605 53 -201315 0 1821 -201315 1
gene 2 4 671 -342168 0 2014 -342168 1
gene 4 671 13 100308 0 2015 100308 1
gene 1 11 91 -672162 0 2071 -672162 1
gene 2 9 605 440856 0 2162 440856 1
gene 2 12 769 -46806 0 2310 -46806 1
gene 2 769 53 -436581 0 2311 -436581 1
gene 3 1 53 29157 0 2355 29157 1
gene 1 4 824 62763 0 2463 62763 0
gene 1 824 15 399635 0 2464 399635 1
gene 4 769 769 800000 1 2610 800000 1
gene 3 10 919 -800000 0 2745 -800000 1
gene 3 919 15 420831 0 2746 420831 1
gene 1 9 91 67806 0 2955 67806 1
gene 4 351 474 -528695 0 2992 -528695 1
gene 3 2 1079 -205524 0 3212 -205524 1
gene 3 1079 407 -328452 0 3213 -328452 1
gene 2 769 605 248694 0 3665 248694 0
gene 2 769 1243 -148755 0 3698 -148755 1
gene 2 1243 605 -269280 0 3699 -269280 1
gene 3 5 1434 159294 0 4227 159294 1
gene 3 1434 13 119457 0 4228 119457 1
gene 1 4 1445 -356256 0 4258 -356256 1
gene 1 1445 824 -181812 0 4259 -181812 1
gene 3 1243 919 137790 0 4395 137790 1
gene 2 322 573 -837 0 4425 -837 1
gene 3 11 351 -145782 0 4563 -145782 1
gene 4 474 474 763812 1 4713 763812 1
gene 2 7 1658 353952 0 4880 353952 1
gene 2 1658 309 -482778 0 4881 -482778 1
gene 4 12 1079 -286212 0 4925 -286212 1
gene 1 919 1434 -2640 0 5304 -2640 1
gene 3 14 14 170310 1 5444 170310 1
gene 2 5 1859 -136205 0 5495 -136205 1
gene 2 1859 573 1851 0 5496 1851 1
gene 1 769 1434 233391 0 5603 233391 1
genomeend 54


/* Organism #55 Fitness: 160.000000 Time: 0 */
/* Position #55*/
#1 x: 51 y: 18
#2 x: 39 y: 34
#3 x: 45 y: 25
#4 x: 53 y: 68
#5 x: 38 y: 77
#6 x: 35 y: 72
genomestart 55
trait 1 65650.000000 0.000000 0.000000 41197.000000 33583.000000 0.000000 0.000000 95157.000000 trait 2 0.000000 41995.000000 0.000000 0.000000 0.000000 4712.000000 100000.000000 0.000000 trait 3 3.000000 0.000000 0.000000 83554.000000 0.000000 0.000000 0.000000 0.000000 trait 4 4.000000 0.000000 0.000000 0.000000 0.000000 0.000000 0.000000 0.000000 node 1 2 1 3
node 2 2 1 1
node 3 3 1 1
node 4 2 1 1
node 5 1 1 1
node 6 3 1 1
node 7 1 1 1
node 8 1 1 1
node 9 3 1 1
node 10 1 1 1
node 11 1 1 1
node 12 1 1 1
node 13 3 0 2
node 14 2 0 2
node 15 3 0 2
node 21 4 0 0
node 37 1 0 0
node 50 1 0 0
node 63 1 0 0
node 74 2 0 0
node 197 1 0 0
node 459 1 0 0
node 526 1 0 0
node 555 1 0 0
node 573 1 0 0
node 592 1 0 0
node 670 1 0 0
node 825 1 0 0
node 895 1 0 0
node 913 1 0 0
node 927 1 0 0
node 1124 1 0 0
node 1139 1 0 0
node 1152 1 0 0
node 1207 1 0 0
node 1246 1 0 0
node 1288 1 0 0
node 1349 1 0 0
node 1417 1 0 0
node 1589 1 0 0
node 1691 1 0 0
node 1715 1 0 0
node 1824 1 0 0
node 1883 1 0 0
node 1893 1 0 0
node 1970 1 0 0
gene 3 1 13 -571365 0 1 -571365 1
gene 4 2 13 369636 0 2 369636 0
gene 3 3 13 800000 0 3 800000 1
gene 2 4 13 -115722 0 4 -115722 1
gene 1 5 13 -221820 0 5 -221820 1
gene 2 6 13 537138 0 6 537138 1
gene 1 7 13 34479 0 7 34479 1
gene 2 8 13 -779895 0 8 -779895 1
gene 2 9 13 -191363 0 9 -191363 0
gene 4 10 13 -203403 0 10 -203403 1
gene 2 11 13 242952 0 11 242952 0
gene 4 12 13 -665421 0 12 -665421 1
gene 4 1 14 160675 0 13 160675 1
gene 3 2 14 556461 0 14 556461 1
gene 2 3 14 -627510 0 15 -627510 1
gene 3 4 14 765099 0 16 765099 1
gene 2 5 14 -97920 0 17 -97920 0
gene 4 6 14 -800000 0 18 -800000 0
gene 1 7 14 -606741 0 19 -606741 1
gene 1 8 14 -800000 0 20 -800000 0
gene 1 9 14 293811 0 21 293811 0
gene 3 10 14 339918 0 22 339918 1
gene 2 11 14 -683012 0 23 -683012 0
gene 2 12 14 -735561 0 24 -735561 0
gene 3 1 15 -620304 0 25 -620304 1
gene 4 2 15 553308 0 26 553308 0
gene 2 3 15 -291177 0 27 -291177 1
gene 2 4 15 -403913 0 28 -403913 1
gene 1 5 15 -714743 0 29 -714743 0
gene 1 6 15 -93573 0 30 -93573 1
gene 4 7 15 -76530 0 31 -76530 1
gene 1 8 15 304105 0 32 304105 1
gene 4 9 15 37266 0 33 37266 0
gene 2 10 15 -39507 0 34 -39507 0
gene 3 11 15 -190710 0 35 -190710 0
gene 2 12 15 152271 0 36 152271 1
gene 2 12 21 58779 0 50 58779 1
gene 2 21 14 477111 0 51 477111 0
gene 4 2 37 211959 0 92 211959 0
gene 4 37 13 416187 0 93 416187 1
gene 4 2 50 589256 0 130 589256 1
gene 4 50 37 110268 0 131 110268 1
gene 1 11 63 -150126 0 166 -150126 1
gene 1 63 14 -292239 0 167 -292239 1
gene 2 5 74 -37665 0 204 -37665 1
gene 2 74 14 170310 0 205 170310 0
gene 4 5 37 -330300 0 419 -330300 1
gene 3 6 21 530118 0 547 530118 0
gene 4 2 197 199884 0 591 199884 1
gene 4 197 15 -160617 0 592 -160617 0
gene 3 14 50 -40911 0 781 -40911 1
gene 4 9 74 -322788 0 1104 -322788 1
gene 2 9 459 329268 0 1406 329268 1
gene 2 459 13 -245043 0 1407 -245043 1
gene 1 9 526 310512 0 1593 310512 1
gene 1 526 14 235074 0 1594 235074 1
gene 2 74 555 -200319 0 1680 -200319 0
gene 4 555 14 -28164 0 1681 -28164 0
gene 1 5 573 348909 0 1732 348909 1
gene 1 573 15 -163374 0 1733 -163374 0
gene 1 573 592 193116 0 1786 193116 1
gene 1 592 15 -287388 0 1787 -287388 1
gene 2 21 670 614967 0 2012 614967 1
gene 2 670 14 -480264 0 2013 -480264 0
gene 4 63 50 -201060 0 2239 -201060 1
gene 3 74 74 134991 1 2345 134991 1
gene 1 8 825 -377520 0 2466 -377520 0
gene 1 825 14 -143637 0 2467 -143637 1
gene 2 10 895 310133 0 2679 310133 1
gene 2 895 15 -279903 0 2680 -279903 1
gene 2 74 913 96951 0 2725 96951 1
gene 2 913 555 -519606 0 2726 -519606 1
gene 2 11 927 605214 0 2769 605214 1
gene 2 927 13 109632 0 2770 109632 1
gene 1 555 197 251982 0 2872 251982 1
gene 2 459 459 -187818 1 3224 -187818 0
gene 3 11 1124 -503691 0 3336 -503691 1
gene 3 1124 15 -645602 0 3337 -645602 0
gene 2 670 1139 -508392 0 3378 -508392 1
gene 2 1139 14 604257 0 3379 604257 1
gene 1 8 1152 215436 0 3420 215436 0
gene 1 1152 825 -75702 0 3421 -75702 0
gene 1 895 895 117951 1 3523 117951 1
gene 1 8 1207 759864 0 3577 759864 1
gene 1 1207 1152 -392499 0 3578 -392499 1
gene 3 1124 1246 -620496 0 3704 -620496 0
gene 3 1246 15 -35226 0 3705 -35226 1
gene 4 9 1288 -185598 0 3815 -185598 1
gene 4 1288 15 18864 0 3816 18864 0
gene 4 6 1349 317646 0 3992 317646 1
gene 4 1349 14 290502 0 3993 290502 1
gene 2 555 1417 -286782 0 4178 -286782 1
gene 2 1417 14 128352 0 4179 128352 1
gene 1 1207 1139 85944 0 4375 85944 0
gene 1 1207 1589 800000 0 4680 800000 1
gene 1 1589 1139 275682 0 4681 275682 1
gene 4 6 913 290064 0 4824 290064 1
gene 2 459 1691 126984 1 4983 126984 1
gene 2 1691 459 135486 0 4984 135486 1
gene 3 1349 74 287286 0 5015 287286 1
gene 4 197 1715 -82272 0 5059 -82272 1
gene 4 1715 15 156747 0 5060 156747 1
gene 1 1139 1139 -1341 1 5248 -1341 1
gene 3 1349 197 85554 0 5329 85554 1
gene 4 1288 1824 -365229 0 5392 -365229 1
gene 4 1824 15 408354 0 5393 408354 1
gene 2 1589 1152 -51921 0 5536 -51921 1
gene 3 6 1883 -35507 0 5578 -35507 1
gene 3 1883 21 447363 0 5579 447363 1
gene 3 1124 1893 319435 0 5615 319435 1
gene 3 1893 1246 -176520 0 5616 -176520 1
gene 1 1152 1970 1 0 5832 0 1
gene 1 1970 825 -75702 0 5833 0 1
genomeend 55


/* Organism #56 Fitness: 200.000000 Time: 0 */
/* Position #56*/
#1 x: 59 y: 39
#2 x: 68 y: 31
#3 x: 63 y: 15
#4 x: 61 y: 70
#5 x: 35 y: 79
#6 x: 51 y: 71
genomestart 56
trait 1 1.000000 0.000000 0.000000 0.000000 0.000000 0.000000 0.000000 0.000000 trait 2 0.000000 9751.000000 0.000000 0.000000 0.000000 0.000000 96900.000000 25558.000000 trait 3 50217.000000 0.000000 23916.000000 0.000000 0.000000 78029.000000 0.000000 37252.000000 trait 4 93467.000000 0.000000 0.000000 81320.000000 49360.000000 0.000000 7697.000000 72106.000000 node 1 3 1 3
node 2 3 1 1
node 3 3 1 1
node 4 1 1 1
node 5 3 1 1
node 6 1 1 1
node 7 1 1 1
node 8 1 1 1
node 9 3 1 1
node 10 1 1 1
node 11 2 1 1
node 12 2 1 1
node 13 4 0 2
node 14 1 0 2
node 15 2 0 2
node 25 1 0 0
node 82 1 0 0
node 170 4 0 0
node 261 1 0 0
node 311 1 0 0
node 499 1 0 0
node 510 1 0 0
node 538 2 0 0
node 612 1 0 0
node 623 1 0 0
node 700 1 0 0
node 1216 1 0 0
node 1276 1 0 0
node 1425 1 0 0
node 1574 1 0 0
node 1625 1 0 0
node 1636 1 0 0
node 1668 1 0 0
node 1808 1 0 0
node 1850 1 0 0
node 1975 1 0 0
gene 3 1 13 274167 0 1 274167 1
gene 1 2 13 -7038 0 2 -7038 0
gene 3 3 13 -143010 0 3 -143010 1
gene 2 4 13 -290760 0 4 -290760 1
gene 4 5 13 -119253 0 5 -119253 1
gene 3 6 13 167574 0 6 167574 1
gene 4 7 13 -633702 0 7 -633702 1
gene 2 8 13 -525263 0 8 -525263 1
gene 1 9 13 342837 0 9 342837 0
gene 1 10 13 21210 0 10 21210 1
gene 1 11 13 203829 0 11 203829 1
gene 2 12 13 122553 0 12 122553 1
gene 3 1 14 228921 0 13 228921 1
gene 3 2 14 -183309 0 14 -183309 0
gene 4 3 14 41322 0 15 41322 0
gene 4 4 14 -522618 0 16 -522618 1
gene 2 5 14 -17556 0 17 -17556 0
gene 2 6 14 -86580 0 18 -86580 0
gene 4 7 14 162162 0 19 162162 1
gene 1 8 14 -421284 0 20 -421284 1
gene 1 9 14 503385 0 21 503385 1
gene 2 10 14 625535 0 22 625535 1
gene 1 11 14 -417465 0 23 -417465 0
gene 2 12 14 437082 0 24 437082 0
gene 4 1 15 -399704 0 25 -399704 1
gene 3 2 15 141300 0 26 141300 0
gene 4 3 15 55218 0 27 55218 0
gene 3 4 15 -630279 0 28 -630279 1
gene 3 5 15 85551 0 29 85551 1
gene 3 6 15 -169779 0 30 -169779 1
gene 3 7 15 -617705 0 31 -617705 0
gene 3 8 15 556191 0 32 556191 0
gene 4 9 15 -456273 0 33 -456273 1
gene 1 10 15 167229 0 34 167229 1
gene 4 11 15 -572612 0 35 -572612 1
gene 2 12 15 15453 0 36 15453 0
gene 1 11 25 -50265 0 61 -50265 0
gene 1 25 14 734999 0 62 734999 1
gene 1 6 82 -617346 0 224 -617346 1
gene 2 82 14 -186108 0 225 -186108 0
gene 1 8 25 521598 0 355 521598 1
gene 4 13 15 -642857 0 468 -642857 1
gene 2 82 170 58455 0 506 58455 1
gene 2 170 14 -276246 0 507 -276246 1
gene 2 13 13 16057 1 563 16057 1
gene 1 3 25 71478 0 600 71478 1
gene 4 12 25 473871 0 644 473871 1
gene 3 5 25 -800000 0 701 -800000 1
gene 1 2 261 -604430 0 793 -604430 1
gene 1 261 13 610803 0 794 610803 0
gene 2 2 311 -116022 0 939 -116022 1
gene 3 311 14 97962 0 940 97962 0
gene 3 3 311 -141375 0 1098 -141375 1
gene 3 2 499 636954 0 1513 636954 1
gene 3 499 15 -362907 0 1514 -362907 0
gene 2 5 510 -207333 0 1553 -207333 1
gene 2 510 14 -88200 0 1554 -88200 1
gene 3 311 538 -141204 0 1631 -141204 1
gene 3 538 14 123012 0 1632 123012 1
gene 4 3 612 213765 0 1835 213765 1
gene 4 612 14 520967 0 1836 520967 1
gene 4 3 623 -271949 0 1874 -271949 1
gene 4 623 15 173459 0 1875 173459 1
gene 4 170 13 23520 0 1931 23520 1
gene 4 538 538 -394986 1 1978 -394986 0
gene 4 538 700 -113397 1 2098 -113397 1
gene 4 700 538 800000 0 2099 800000 1
gene 4 170 538 -144162 0 2150 -144162 1
gene 1 261 510 521399 0 2194 521399 1
gene 4 25 499 -33984 0 2387 -33984 1
gene 1 5 170 107250 0 2622 107250 1
gene 2 25 510 305979 0 3061 305979 1
gene 2 700 700 -459254 1 3103 -459254 0
gene 1 170 170 -522413 1 3316 -522413 1
gene 2 311 15 -181320 0 3413 -181320 1
gene 4 700 499 -186438 0 3560 -186438 1
gene 1 11 1216 -190896 0 3603 -190896 1
gene 1 1216 25 -429540 0 3604 -429540 1
gene 4 14 623 189063 0 3763 189063 1
gene 3 499 1276 149580 0 3782 149580 1
gene 3 1276 15 285582 0 3783 285582 1
gene 2 510 15 -300804 0 3838 -300804 1
gene 1 9 1425 -268455 0 4198 -268455 1
gene 1 1425 13 203853 0 4199 203853 1
gene 4 13 14 -257682 0 4418 -257682 1
gene 4 12 170 -196599 0 4525 -196599 1
gene 2 700 1574 -26547 1 4636 -26547 1
gene 2 1574 700 207420 0 4637 207420 1
gene 2 12 1625 -511289 0 4779 -511289 1
gene 2 1625 14 -530886 0 4780 -530886 1
gene 1 261 1636 8232 0 4817 8232 1
gene 1 1636 13 168189 0 4818 168189 1
gene 2 12 1668 -238086 0 4916 -238086 1
gene 2 1668 15 -49644 0 4917 -49644 1
gene 3 1636 538 85530 0 5184 85530 1
gene 3 7 1808 -25833 0 5347 -25833 1
gene 3 1808 15 301827 0 5348 301827 0
gene 3 1808 1850 -217410 0 5471 -217410 1
gene 3 1850 15 416298 0 5472 416298 1
gene 1 538 1668 -759910 0 5516 -759910 1
gene 3 25 1574 -201405 0 5561 -201405 1
gene 3 8 1975 1 0 5850 0 1
gene 3 1975 15 556191 0 5851 0 1
genomeend 56


/* Organism #76 Fitness: 260.000000 Time: 0 */
/* Position #76*/
#1 x: 77 y: 19
#2 x: 82 y: 38
#3 x: 76 y: 29
#4 x: 68 y: 75
#5 x: 79 y: 78
#6 x: 34 y: 68
genomestart 76
trait 1 0.000000 0.000000 0.000000 0.000000 0.000000 0.000000 0.000000 0.000000 trait 2 2.000000 0.000000 0.000000 3198.000000 0.000000 0.000000 0.000000 25005.000000 trait 3 0.000000 0.000000 0.000000 0.000000 85674.000000 0.000000 0.000000 42444.000000 trait 4 4.000000 0.000000 0.000000 0.000000 0.000000 0.000000 34570.000000 0.000000 node 1 1 1 3
node 2 2 1 1
node 3 3 1 1
node 4 1 1 1
node 5 1 1 1
node 6 1 1 1
node 7 3 1 1
node 8 2 1 1
node 9 4 1 1
node 10 2 1 1
node 11 4 1 1
node 12 1 1 1
node 13 1 0 2
node 14 4 0 2
node 15 1 0 2
node 53 1 0 0
node 91 1 0 0
node 187 1 0 0
node 309 1 0 0
node 322 1 0 0
node 351 1 0 0
node 387 1 0 0
node 407 1 0 0
node 474 1 0 0
node 573 1 0 0
node 605 1 0 0
node 671 1 0 0
node 769 1 0 0
node 824 1 0 0
node 919 1 0 0
node 1079 4 0 0
node 1243 1 0 0
node 1434 1 0 0
node 1445 1 0 0
node 1658 1 0 0
node 1777 1 0 0
node 1900 1 0 0
gene 1 1 13 41637 0 1 41637 1
gene 2 2 13 -800000 0 2 -800000 1
gene 4 3 13 -351414 0 3 -351414 1
gene 1 4 13 554015 0 4 554015 0
gene 3 5 13 270567 0 5 270567 0
gene 2 6 13 -201837 0 6 -201837 1
gene 4 7 13 445062 0 7 445062 1
gene 1 8 13 297741 0 8 297741 1
gene 4 9 13 -498153 0 9 -498153 1
gene 1 10 13 -234125 0 10 -234125 1
gene 3 11 13 177588 0 11 177588 1
gene 2 12 13 -47856 0 12 -47856 1
gene 3 1 14 -382053 0 13 -382053 1
gene 3 2 14 -143226 0 14 -143226 1
gene 3 3 14 -40611 0 15 -40611 0
gene 4 4 14 545568 0 16 545568 1
gene 3 5 14 -296982 0 17 -296982 1
gene 1 6 14 324786 0 18 324786 1
gene 2 7 14 172878 0 19 172878 0
gene 3 8 14 242979 0 20 242979 1
gene 1 9 14 -394599 0 21 -394599 1
gene 1 10 14 176469 0 22 176469 0
gene 4 11 14 252096 0 23 252096 1
gene 3 12 14 278502 0 24 278502 0
gene 3 1 15 243195 0 25 243195 1
gene 3 2 15 271347 0 26 271347 0
gene 4 3 15 -40638 0 27 -40638 1
gene 1 4 15 -192432 0 28 -192432 0
gene 2 5 15 -422111 0 29 -422111 0
gene 3 6 15 213954 0 30 213954 1
gene 1 7 15 -594300 0 31 -594300 0
gene 3 8 15 -259074 0 32 -259074 1
gene 1 9 15 199971 0 33 199971 0
gene 3 10 15 -376566 0 34 -376566 0
gene 3 11 15 114546 0 35 114546 1
gene 2 12 15 -299364 0 36 -299364 1
gene 2 12 53 -661878 0 138 -661878 0
gene 1 53 14 453185 0 139 453185 0
gene 2 53 91 211506 0 249 211506 1
gene 2 91 14 535986 0 250 535986 1
gene 3 10 53 -800000 0 295 -800000 1
gene 3 3 187 -508247 0 556 -508247 0
gene 3 187 14 333333 0 557 333333 1
gene 3 10 91 566250 0 832 566250 1
gene 2 7 309 243747 0 933 243747 0
gene 2 309 14 107052 0 934 107052 1
gene 3 2 322 39027 0 977 39027 0
gene 3 322 15 -36522 0 978 -36522 1
gene 4 13 91 751064 0 1021 751064 1
gene 1 10 351 -447534 0 1064 -447534 1
gene 1 351 14 -18474 0 1065 -18474 1
gene 3 8 53 -45126 0 1114 -45126 0
gene 3 3 387 32382 0 1168 32382 1
gene 3 387 187 680511 0 1169 680511 1
gene 3 2 407 -287964 0 1228 -287964 0
gene 3 407 322 533085 0 1229 533085 1
gene 2 91 309 -206397 0 1375 -206397 1
gene 1 7 474 489189 0 1444 489189 1
gene 1 474 15 138975 0 1445 138975 1
gene 2 53 407 758801 0 1569 758801 1
gene 2 5 573 -71064 0 1732 -71064 1
gene 2 573 15 800000 0 1733 800000 1
gene 3 8 605 800000 0 1820 800000 1
gene 3 605 53 -494517 0 1821 -494517 1
gene 1 4 671 -168750 0 2014 -168750 1
gene 4 671 13 431061 0 2015 431061 1
gene 1 11 91 -72066 0 2071 -72066 1
gene 2 9 605 -215925 0 2162 -215925 1
gene 2 12 769 -446379 0 2310 -446379 1
gene 2 769 53 -437181 0 2311 -437181 1
gene 3 1 53 187401 0 2355 187401 1
gene 1 4 824 28839 0 2463 28839 0
gene 1 824 15 -565083 0 2464 -565083 0
gene 4 769 769 392001 1 2610 392001 1
gene 3 10 919 -443124 0 2745 -443124 1
gene 3 919 15 108186 0 2746 108186 1
gene 1 9 91 294549 0 2955 294549 1
gene 4 351 474 7566 0 2992 7566 1
gene 3 2 1079 53748 0 3212 53748 1
gene 3 1079 407 38184 0 3213 38184 1
gene 2 769 605 -214353 0 3665 -214353 0
gene 2 769 1243 217425 0 3698 217425 1
gene 2 1243 605 -178128 0 3699 -178128 1
gene 3 5 1434 176262 0 4227 176262 1
gene 3 1434 13 69747 0 4228 69747 1
gene 1 4 1445 -134247 0 4258 -134247 1
gene 1 1445 824 236412 0 4259 236412 1
gene 3 1243 919 84750 0 4395 84750 1
gene 2 322 573 -50202 0 4425 -50202 1
gene 3 11 351 21003 0 4563 21003 1
gene 4 474 474 -195831 1 4713 -195831 1
gene 2 7 1658 -14454 0 4880 -14454 1
gene 2 1658 309 -531699 0 4881 -531699 1
gene 4 12 1079 -351434 0 4925 -351434 1
gene 1 824 1777 73926 0 5253 73926 1
gene 1 1777 15 363837 0 5254 363837 1
gene 3 351 769 99251 0 5423 99251 1
gene 1 9 1900 44451 0 5640 44451 1
gene 1 1900 15 -255135 0 5641 -255135 1
genomeend 76


