/* Organism #1 Fitness: 300.000000 Time: 0 */
/* Position #1*/
#1 x: 49 y: 15
#2 x: 48 y: 20
#3 x: 81 y: 19
#4 x: 36 y: 84
#5 x: 44 y: 81
#6 x: 76 y: 62
genomestart 1
node 1 3 1 3
node 2 3 1 1
node 3 1 1 1
node 4 4 1 1
node 5 4 1 1
node 6 2 1 1
node 7 3 1 1
node 8 4 1 1
node 9 3 1 1
node 10 1 1 1
node 11 4 1 1
node 12 1 1 1
node 13 4 0 2
node 14 3 0 2
node 15 2 0 2
gene 1 1 13 27534 0 1 27534 1
gene 1 2 13 83481 0 2 83481 1
gene 3 3 13 106425 0 3 106425 1
gene 3 4 13 272427 0 4 272427 1
gene 2 5 13 -247311 0 5 -247311 1
gene 1 6 13 391407 0 6 391407 1
gene 3 7 13 594840 0 7 594840 1
gene 2 8 13 -253905 0 8 -253905 1
gene 3 9 13 254094 0 9 254094 1
gene 2 10 13 158700 0 10 158700 1
gene 1 11 13 -145320 0 11 -145320 1
gene 3 12 13 -280194 0 12 -280194 1
gene 1 1 14 -94473 0 13 -94473 1
gene 3 2 14 -800000 0 14 -800000 1
gene 1 3 14 224988 0 15 224988 1
gene 1 4 14 202458 0 16 202458 1
gene 3 5 14 -800000 0 17 -800000 1
gene 1 6 14 348045 0 18 348045 1
gene 4 7 14 249837 0 19 249837 1
gene 1 8 14 -624059 0 20 -624059 1
gene 3 9 14 169134 0 21 169134 1
gene 4 10 14 -517697 0 22 -517697 1
gene 2 11 14 -624078 0 23 -624078 1
gene 3 12 14 -800000 0 24 -800000 1
gene 1 1 15 -135858 0 25 -135858 1
gene 3 2 15 -65130 0 26 -65130 1
gene 1 3 15 478353 0 27 478353 1
gene 4 4 15 -43854 0 28 -43854 1
gene 3 5 15 -669504 0 29 -669504 1
gene 4 6 15 374511 0 30 374511 1
gene 1 7 15 -163695 0 31 -163695 1
gene 4 8 15 -218538 0 32 -218538 1
gene 4 9 15 -408843 0 33 -408843 1
gene 4 10 15 -26541 0 34 -26541 1
gene 1 11 15 216978 0 35 216978 1
gene 4 12 15 -444438 0 36 -444438 1
gene 4 14 15 -98685 0 207 -98685 1
gene 3 14 13 -368409 0 244 -368409 1
gene 2 13 15 25074 0 474 25074 1
genomeend 1


/* Organism #16 Fitness: 210.000000 Time: 0 */
/* Position #16*/
#1 x: 49 y: 15
#2 x: 63 y: 28
#3 x: 33 y: 22
#4 x: 60 y: 66
#5 x: 24 y: 63
#6 x: 19 y: 85
genomestart 16
node 1 4 1 3
node 2 1 1 1
node 3 1 1 1
node 4 3 1 1
node 5 4 1 1
node 6 2 1 1
node 7 3 1 1
node 8 4 1 1
node 9 3 1 1
node 10 1 1 1
node 11 4 1 1
node 12 2 1 1
node 13 4 0 2
node 14 3 0 2
node 15 2 0 2
gene 1 1 13 345663 0 1 345663 1
gene 1 2 13 338223 0 2 338223 1
gene 3 3 13 -257511 0 3 -257511 1
gene 3 4 13 -83532 0 4 -83532 1
gene 2 5 13 248091 0 5 248091 1
gene 1 6 13 -612636 0 6 -612636 1
gene 3 7 13 135735 0 7 135735 1
gene 2 8 13 219408 0 8 219408 1
gene 3 9 13 -716523 0 9 -716523 1
gene 2 10 13 353124 0 10 353124 1
gene 1 11 13 75645 0 11 75645 1
gene 3 12 13 -57549 0 12 -57549 1
gene 1 1 14 33780 0 13 33780 1
gene 3 2 14 74811 0 14 74811 1
gene 4 3 14 255414 0 15 255414 1
gene 2 4 14 54657 0 16 54657 1
gene 3 5 14 -408225 0 17 -408225 1
gene 1 6 14 431676 0 18 431676 1
gene 4 7 14 -291060 0 19 -291060 1
gene 1 8 14 -64077 0 20 -64077 1
gene 3 9 14 -800000 0 21 -800000 1
gene 2 10 14 -218568 0 22 -218568 1
gene 2 11 14 -229464 0 23 -229464 1
gene 3 12 14 168066 0 24 168066 1
gene 1 1 15 -185775 0 25 -185775 1
gene 3 2 15 -597941 0 26 -597941 1
gene 3 3 15 29643 0 27 29643 1
gene 4 4 15 -780393 0 28 -780393 1
gene 3 5 15 -88998 0 29 -88998 1
gene 3 6 15 -199824 0 30 -199824 1
gene 1 7 15 94494 0 31 94494 1
gene 4 8 15 310146 0 32 310146 1
gene 1 9 15 -202305 0 33 -202305 1
gene 4 10 15 -172161 0 34 -172161 1
gene 1 11 15 -162645 0 35 -162645 1
gene 4 12 15 -357123 0 36 -357123 1
gene 3 15 13 -179508 0 388 -179508 1
gene 4 13 13 -94372 1 478 -94372 1
genomeend 16


/* Organism #17 Fitness: 150.000000 Time: 0 */
/* Position #17*/
#1 x: 49 y: 15
#2 x: 63 y: 28
#3 x: 33 y: 22
#4 x: 60 y: 66
#5 x: 24 y: 63
#6 x: 19 y: 85
genomestart 17
node 1 3 1 3
node 2 1 1 1
node 3 1 1 1
node 4 4 1 1
node 5 4 1 1
node 6 2 1 1
node 7 3 1 1
node 8 4 1 1
node 9 3 1 1
node 10 1 1 1
node 11 4 1 1
node 12 2 1 1
node 13 4 0 2
node 14 3 0 2
node 15 2 0 2
gene 1 1 13 -267374 0 1 -267374 1
gene 1 2 13 407160 0 2 407160 1
gene 3 3 13 314540 0 3 314540 1
gene 3 4 13 142833 0 4 142833 1
gene 2 5 13 -67065 0 5 -67065 1
gene 1 6 13 -448776 0 6 -448776 1
gene 3 7 13 -140958 0 7 -140958 1
gene 2 8 13 -104757 0 8 -104757 1
gene 3 9 13 142812 0 9 142812 1
gene 2 10 13 -732051 0 10 -732051 1
gene 1 11 13 -94086 0 11 -94086 1
gene 3 12 13 -251307 0 12 -251307 1
gene 1 1 14 404523 0 13 404523 1
gene 3 2 14 29094 0 14 29094 1
gene 1 3 14 -610563 0 15 -610563 1
gene 1 4 14 188079 0 16 188079 1
gene 3 5 14 184172 0 17 184172 1
gene 1 6 14 -236022 0 18 -236022 1
gene 4 7 14 94080 0 19 94080 1
gene 1 8 14 -157629 0 20 -157629 1
gene 3 9 14 -203639 0 21 -203639 1
gene 2 10 14 159933 0 22 159933 1
gene 2 11 14 -64071 0 23 -64071 1
gene 3 12 14 69867 0 24 69867 1
gene 1 1 15 -33828 0 25 -33828 1
gene 3 2 15 654839 0 26 654839 1
gene 3 3 15 -800000 0 27 -800000 1
gene 4 4 15 451140 0 28 451140 1
gene 3 5 15 267204 0 29 267204 1
gene 3 6 15 -800000 0 30 -800000 1
gene 1 7 15 -15183 0 31 -15183 1
gene 4 8 15 -728085 0 32 -728085 1
gene 1 9 15 -346620 0 33 -346620 1
gene 4 10 15 -10995 0 34 -10995 1
gene 1 11 15 79452 0 35 79452 1
gene 4 12 15 111477 0 36 111477 1
gene 1 13 15 275781 0 397 275781 1
gene 1 14 13 158232 0 455 158232 1
gene 3 14 14 -177291 1 488 -177291 1
genomeend 17


/* Organism #32 Fitness: 130.000000 Time: 0 */
/* Position #32*/
#1 x: 56 y: 17
#2 x: 41 y: 17
#3 x: 72 y: 28
#4 x: 24 y: 71
#5 x: 37 y: 71
#6 x: 82 y: 71
genomestart 32
node 1 2 1 3
node 2 4 1 1
node 3 1 1 1
node 4 4 1 1
node 5 4 1 1
node 6 1 1 1
node 7 3 1 1
node 8 2 1 1
node 9 2 1 1
node 10 2 1 1
node 11 4 1 1
node 12 1 1 1
node 13 2 0 2
node 14 1 0 2
node 15 4 0 2
gene 1 1 13 56979 0 1 56979 1
gene 4 2 13 -235152 0 2 -235152 1
gene 2 3 13 -56976 0 3 -56976 1
gene 2 4 13 768755 0 4 768755 1
gene 3 5 13 -670026 0 5 -670026 1
gene 1 6 13 293898 0 6 293898 1
gene 3 7 13 336624 0 7 336624 1
gene 2 8 13 -148329 0 8 -148329 1
gene 4 9 13 -288966 0 9 -288966 1
gene 2 10 13 81354 0 10 81354 1
gene 3 11 13 -443571 0 11 -443571 1
gene 1 12 13 -661991 0 12 -661991 1
gene 1 1 14 228300 0 13 228300 1
gene 1 2 14 250275 0 14 250275 1
gene 1 3 14 116175 0 15 116175 1
gene 4 4 14 141531 0 16 141531 1
gene 3 5 14 -106302 0 17 -106302 1
gene 4 6 14 -528060 0 18 -528060 1
gene 2 7 14 104841 0 19 104841 1
gene 4 8 14 -61932 0 20 -61932 1
gene 1 9 14 -179157 0 21 -179157 1
gene 3 10 14 -16992 0 22 -16992 1
gene 3 11 14 341145 0 23 341145 1
gene 3 12 14 -393647 0 24 -393647 1
gene 1 1 15 -264564 0 25 -264564 1
gene 3 2 15 -403773 0 26 -403773 1
gene 2 3 15 738063 0 27 738063 1
gene 2 4 15 -538527 0 28 -538527 1
gene 4 5 15 -219168 0 29 -219168 1
gene 2 6 15 202941 0 30 202941 1
gene 1 7 15 97452 0 31 97452 1
gene 3 8 15 36945 0 32 36945 1
gene 2 9 15 -95217 0 33 -95217 1
gene 2 10 15 345867 0 34 345867 1
gene 1 11 15 -93870 0 35 -93870 1
gene 2 12 15 -96537 0 36 -96537 1
gene 3 15 13 164217 0 197 164217 1
gene 3 14 15 299877 0 256 299877 1
gene 1 15 15 -73914 1 462 -73914 1
genomeend 32


/* Organism #56 Fitness: 150.000000 Time: 0 */
/* Position #56*/
#1 x: 71 y: 23
#2 x: 67 y: 29
#3 x: 28 y: 16
#4 x: 16 y: 64
#5 x: 48 y: 67
#6 x: 51 y: 71
genomestart 56
node 1 3 1 3
node 2 3 1 1
node 3 1 1 1
node 4 4 1 1
node 5 4 1 1
node 6 2 1 1
node 7 3 1 1
node 8 4 1 1
node 9 3 1 1
node 10 1 1 1
node 11 4 1 1
node 12 1 1 1
node 13 4 0 2
node 14 3 0 2
node 15 2 0 2
gene 1 1 13 204336 0 1 204336 1
gene 1 2 13 -130791 0 2 -130791 1
gene 3 3 13 800000 0 3 800000 1
gene 3 4 13 -570954 0 4 -570954 1
gene 2 5 13 244974 0 5 244974 1
gene 1 6 13 -7354 0 6 -7354 1
gene 3 7 13 447639 0 7 447639 1
gene 2 8 13 40956 0 8 40956 1
gene 3 9 13 -348201 0 9 -348201 1
gene 2 10 13 -260112 0 10 -260112 1
gene 1 11 13 387429 0 11 387429 1
gene 3 12 13 -800000 0 12 -800000 1
gene 1 1 14 -59583 0 13 -59583 1
gene 3 2 14 -146874 0 14 -146874 1
gene 1 3 14 392955 0 15 392955 1
gene 1 4 14 -800000 0 16 -800000 1
gene 3 5 14 -16161 0 17 -16161 1
gene 1 6 14 80922 0 18 80922 1
gene 4 7 14 -221040 0 19 -221040 1
gene 1 8 14 100269 0 20 100269 1
gene 3 9 14 -395058 0 21 -395058 1
gene 4 10 14 -78363 0 22 -78363 1
gene 2 11 14 -196572 0 23 -196572 1
gene 3 12 14 513030 0 24 513030 1
gene 1 1 15 6696 0 25 6696 1
gene 3 2 15 -77784 0 26 -77784 1
gene 3 3 15 696111 0 27 696111 1
gene 4 4 15 478868 0 28 478868 1
gene 3 5 15 691713 0 29 691713 1
gene 4 6 15 -592325 0 30 -592325 1
gene 1 7 15 596958 0 31 596958 1
gene 4 8 15 -93468 0 32 -93468 1
gene 4 9 15 -24723 0 33 -24723 1
gene 4 10 15 -170883 0 34 -170883 1
gene 1 11 15 65622 0 35 65622 1
gene 4 12 15 146355 0 36 146355 1
gene 4 14 15 -53610 0 207 -53610 1
gene 3 14 13 237468 0 244 237468 1
genomeend 56


/* Organism #80 Fitness: 140.000000 Time: 0 */
/* Position #80*/
#1 x: 84 y: 21
#2 x: 34 y: 19
#3 x: 40 y: 40
#4 x: 23 y: 82
#5 x: 83 y: 69
#6 x: 37 y: 69
genomestart 80
node 1 2 1 3
node 2 4 1 1
node 3 4 1 1
node 4 4 1 1
node 5 4 1 1
node 6 2 1 1
node 7 3 1 1
node 8 2 1 1
node 9 2 1 1
node 10 2 1 1
node 11 4 1 1
node 12 1 1 1
node 13 1 0 2
node 14 1 0 2
node 15 4 0 2
gene 1 1 13 -800000 0 1 -800000 1
gene 4 2 13 551163 0 2 551163 1
gene 2 3 13 -263079 0 3 -263079 1
gene 2 4 13 571122 0 4 571122 1
gene 2 5 13 -309387 0 5 -309387 1
gene 1 6 13 -563918 0 6 -563918 1
gene 3 7 13 -267804 0 7 -267804 1
gene 2 8 13 -520779 0 8 -520779 1
gene 2 9 13 331476 0 9 331476 1
gene 2 10 13 -216573 0 10 -216573 1
gene 2 11 13 -315159 0 11 -315159 1
gene 1 12 13 306612 0 12 306612 1
gene 1 1 14 738540 0 13 738540 1
gene 2 2 14 492 0 14 492 1
gene 1 3 14 800000 0 15 800000 1
gene 4 4 14 738992 0 16 738992 1
gene 3 5 14 -367983 0 17 -367983 1
gene 1 6 14 -15330 0 18 -15330 1
gene 2 7 14 800000 0 19 800000 1
gene 4 8 14 37596 0 20 37596 1
gene 1 9 14 -547691 0 21 -547691 1
gene 3 10 14 -789279 0 22 -789279 1
gene 4 11 14 526778 0 23 526778 1
gene 3 12 14 -387291 0 24 -387291 1
gene 1 1 15 -3540 0 25 -3540 1
gene 3 2 15 -610686 0 26 -610686 1
gene 2 3 15 -12825 0 27 -12825 1
gene 2 4 15 -62451 0 28 -62451 1
gene 4 5 15 -800000 0 29 -800000 1
gene 2 6 15 -773927 0 30 -773927 1
gene 1 7 15 645284 0 31 645284 1
gene 3 8 15 -113643 0 32 -113643 1
gene 2 9 15 212076 0 33 212076 1
gene 2 10 15 370761 0 34 370761 1
gene 1 11 15 64431 0 35 64431 1
gene 2 12 15 -543087 0 36 -543087 1
gene 2 13 15 312534 0 137 312534 1
gene 4 13 13 -55140 1 179 -55140 1
gene 2 14 15 -29472 0 223 -29472 1
gene 2 14 14 5085 1 247 5085 1
gene 3 13 14 -407514 0 303 -407514 1
genomeend 80


/* Organism #101 Fitness: 140.000000 Time: 0 */
/* Position #101*/
#1 x: 23 y: 28
#2 x: 39 y: 30
#3 x: 66 y: 33
#4 x: 49 y: 68
#5 x: 26 y: 82
#6 x: 45 y: 65
genomestart 101
node 1 4 1 3
node 2 1 1 1
node 3 1 1 1
node 4 2 1 1
node 5 4 1 1
node 6 2 1 1
node 7 3 1 1
node 8 4 1 1
node 9 3 1 1
node 10 1 1 1
node 11 4 1 1
node 12 2 1 1
node 13 4 0 2
node 14 3 0 2
node 15 2 0 2
gene 1 1 13 -356988 0 1 -356988 1
gene 1 2 13 44730 0 2 44730 1
gene 3 3 13 383229 0 3 383229 1
gene 3 4 13 -561576 0 4 -561576 1
gene 2 5 13 338058 0 5 338058 1
gene 1 6 13 508245 0 6 508245 1
gene 3 7 13 -440391 0 7 -440391 1
gene 2 8 13 -500766 0 8 -500766 1
gene 3 9 13 -283719 0 9 -283719 1
gene 2 10 13 -240573 0 10 -240573 1
gene 1 11 13 308988 0 11 308988 1
gene 3 12 13 -177684 0 12 -177684 1
gene 1 1 14 -426318 0 13 -426318 1
gene 3 2 14 -245910 0 14 -245910 1
gene 1 3 14 135255 0 15 135255 1
gene 1 4 14 -460953 0 16 -460953 1
gene 3 5 14 16875 0 17 16875 1
gene 1 6 14 330219 0 18 330219 1
gene 4 7 14 249006 0 19 249006 1
gene 1 8 14 -723480 0 20 -723480 1
gene 3 9 14 203628 0 21 203628 1
gene 2 10 14 -238704 0 22 -238704 1
gene 2 11 14 -53799 0 23 -53799 1
gene 3 12 14 396564 0 24 396564 1
gene 1 1 15 -374877 0 25 -374877 1
gene 3 2 15 -80658 0 26 -80658 1
gene 3 3 15 161397 0 27 161397 1
gene 4 4 15 -186633 0 28 -186633 1
gene 3 5 15 -607785 0 29 -607785 1
gene 3 6 15 174558 0 30 174558 1
gene 1 7 15 -18036 0 31 -18036 1
gene 4 8 15 64248 0 32 64248 1
gene 1 9 15 166092 0 33 166092 1
gene 4 10 15 72852 0 34 72852 1
gene 1 11 15 -360594 0 35 -360594 1
gene 4 12 15 53793 0 36 53793 1
gene 3 15 13 87684 0 388 87684 1
gene 4 14 14 31626 1 506 31626 1
genomeend 101


/* Organism #112 Fitness: 540.000000 Time: 0 */
/* Position #112*/
#1 x: 66 y: 15
#2 x: 32 y: 16
#3 x: 51 y: 26
#4 x: 41 y: 63
#5 x: 65 y: 60
#6 x: 75 y: 66
genomestart 112
node 1 3 1 3
node 2 4 1 1
node 3 1 1 1
node 4 4 1 1
node 5 3 1 1
node 6 1 1 1
node 7 3 1 1
node 8 1 1 1
node 9 1 1 1
node 10 3 1 1
node 11 3 1 1
node 12 4 1 1
node 13 3 0 2
node 14 3 0 2
node 15 3 0 2
gene 3 1 13 -12381 0 1 -12381 1
gene 3 2 13 -144297 0 2 -144297 1
gene 2 3 13 207861 0 3 207861 1
gene 3 4 13 748113 0 4 748113 1
gene 2 5 13 -671406 0 5 -671406 1
gene 3 6 13 -793659 0 6 -793659 1
gene 3 7 13 -529575 0 7 -529575 1
gene 3 8 13 459618 0 8 459618 1
gene 1 9 13 800000 0 9 800000 1
gene 1 10 13 -347230 0 10 -347230 1
gene 1 11 13 753254 0 11 753254 1
gene 2 12 13 -350016 0 12 -350016 1
gene 1 1 14 -131349 0 13 -131349 1
gene 3 2 14 547394 0 14 547394 1
gene 4 3 14 -60378 0 15 -60378 1
gene 1 4 14 -585411 0 16 -585411 1
gene 2 5 14 11439 0 17 11439 1
gene 3 6 14 -99003 0 18 -99003 1
gene 3 7 14 391875 0 19 391875 1
gene 1 8 14 260184 0 20 260184 1
gene 1 9 14 -349191 0 21 -349191 1
gene 3 10 14 149048 0 22 149048 1
gene 2 11 14 551811 0 23 551811 1
gene 3 12 14 -224697 0 24 -224697 1
gene 2 1 15 -336362 0 25 -336362 1
gene 1 2 15 -345921 0 26 -345921 1
gene 1 3 15 -593214 0 27 -593214 1
gene 4 4 15 -384648 0 28 -384648 1
gene 2 5 15 -380595 0 29 -380595 1
gene 2 6 15 88179 0 30 88179 1
gene 2 7 15 -224793 0 31 -224793 1
gene 1 8 15 -353475 0 32 -353475 1
gene 1 9 15 -527073 0 33 -527073 1
gene 2 10 15 -92601 0 34 -92601 1
gene 1 11 15 -800000 0 35 -800000 1
gene 3 12 15 -716438 0 36 -716438 1
gene 1 14 13 -118662 0 218 -118662 1
gene 3 14 15 -371763 0 315 -371763 1
gene 2 13 15 -117165 0 326 -117165 1
gene 1 15 15 267447 1 419 267447 1
genomeend 112


/* Organism #113 Fitness: 370.000000 Time: 0 */
/* Position #113*/
#1 x: 66 y: 15
#2 x: 32 y: 16
#3 x: 51 y: 26
#4 x: 41 y: 63
#5 x: 65 y: 60
#6 x: 75 y: 66
genomestart 113
node 1 3 1 3
node 2 4 1 1
node 3 1 1 1
node 4 4 1 1
node 5 3 1 1
node 6 1 1 1
node 7 3 1 1
node 8 1 1 1
node 9 1 1 1
node 10 3 1 1
node 11 3 1 1
node 12 4 1 1
node 13 3 0 2
node 14 3 0 2
node 15 3 0 2
gene 3 1 13 312090 0 1 312090 1
gene 3 2 13 -454353 0 2 -454353 1
gene 2 3 13 9807 0 3 9807 1
gene 3 4 13 450054 0 4 450054 1
gene 2 5 13 -737922 0 5 -737922 1
gene 3 6 13 -259503 0 6 -259503 1
gene 3 7 13 -467376 0 7 -467376 1
gene 3 8 13 433308 0 8 433308 1
gene 1 9 13 800000 0 9 800000 1
gene 1 10 13 -151663 0 10 -151663 1
gene 1 11 13 789263 0 11 789263 1
gene 2 12 13 -309129 0 12 -309129 1
gene 1 1 14 -39330 0 13 -39330 1
gene 3 2 14 735281 0 14 735281 1
gene 4 3 14 517230 0 15 517230 1
gene 1 4 14 -800000 0 16 -800000 1
gene 2 5 14 -139365 0 17 -139365 1
gene 3 6 14 335217 0 18 335217 1
gene 3 7 14 302205 0 19 302205 1
gene 1 8 14 301032 0 20 301032 1
gene 1 9 14 -340095 0 21 -340095 1
gene 3 10 14 25472 0 22 25472 1
gene 2 11 14 800000 0 23 800000 1
gene 3 12 14 -479280 0 24 -479280 1
gene 2 1 15 -132404 0 25 -132404 1
gene 1 2 15 -232731 0 26 -232731 1
gene 1 3 15 -523533 0 27 -523533 1
gene 4 4 15 -379797 0 28 -379797 1
gene 2 5 15 -628062 0 29 -628062 1
gene 2 6 15 -800000 0 30 -800000 1
gene 2 7 15 -336132 0 31 -336132 1
gene 1 8 15 -77484 0 32 -77484 1
gene 1 9 15 -496494 0 33 -496494 1
gene 2 10 15 367035 0 34 367035 1
gene 1 11 15 -596958 0 35 -596958 1
gene 3 12 15 -585224 0 36 -585224 1
gene 1 14 13 -342975 0 218 -342975 1
gene 3 14 15 -191979 0 315 -191979 1
gene 2 13 15 294165 0 326 294165 1
gene 1 15 15 -111906 1 419 -111906 1
genomeend 113


/* Organism #115 Fitness: 130.000000 Time: 0 */
/* Position #115*/
#1 x: 19 y: 34
#2 x: 56 y: 32
#3 x: 29 y: 20
#4 x: 61 y: 80
#5 x: 24 y: 78
#6 x: 26 y: 66
genomestart 115
node 1 4 1 3
node 2 1 1 1
node 3 1 1 1
node 4 2 1 1
node 5 4 1 1
node 6 2 1 1
node 7 3 1 1
node 8 4 1 1
node 9 3 1 1
node 10 1 1 1
node 11 4 1 1
node 12 2 1 1
node 13 4 0 2
node 14 3 0 2
node 15 2 0 2
gene 1 1 13 626352 0 1 626352 1
gene 1 2 13 -124038 0 2 -124038 1
gene 3 3 13 127188 0 3 127188 1
gene 3 4 13 114279 0 4 114279 1
gene 2 5 13 -427809 0 5 -427809 1
gene 1 6 13 -322377 0 6 -322377 1
gene 3 7 13 -120276 0 7 -120276 1
gene 2 8 13 -217452 0 8 -217452 1
gene 3 9 13 119868 0 9 119868 1
gene 2 10 13 -284871 0 10 -284871 1
gene 1 11 13 250713 0 11 250713 1
gene 3 12 13 -492507 0 12 -492507 1
gene 1 1 14 181185 0 13 181185 1
gene 3 2 14 -272022 0 14 -272022 1
gene 1 3 14 -149889 0 15 -149889 1
gene 1 4 14 181254 0 16 181254 1
gene 3 5 14 -159870 0 17 -159870 1
gene 1 6 14 796667 0 18 796667 1
gene 4 7 14 385101 0 19 385101 1
gene 1 8 14 -247272 0 20 -247272 1
gene 3 9 14 -228173 0 21 -228173 1
gene 2 10 14 -57630 0 22 -57630 1
gene 2 11 14 -345678 0 23 -345678 1
gene 3 12 14 25860 0 24 25860 1
gene 1 1 15 -225483 0 25 -225483 1
gene 3 2 15 -370692 0 26 -370692 1
gene 3 3 15 -258129 0 27 -258129 1
gene 4 4 15 655626 0 28 655626 1
gene 3 5 15 -555558 0 29 -555558 1
gene 3 6 15 451740 0 30 451740 1
gene 1 7 15 618825 0 31 618825 1
gene 4 8 15 323841 0 32 323841 1
gene 1 9 15 -129135 0 33 -129135 1
gene 4 10 15 -670959 0 34 -670959 1
gene 1 11 15 -12498 0 35 -12498 1
gene 4 12 15 114645 0 36 114645 1
gene 3 15 13 546017 0 388 546017 1
gene 3 13 14 110827 0 452 110827 1
gene 3 15 14 -118920 0 477 -118920 1
genomeend 115


/* Organism #118 Fitness: 140.000000 Time: 0 */
/* Position #118*/
#1 x: 82 y: 16
#2 x: 78 y: 15
#3 x: 77 y: 33
#4 x: 46 y: 84
#5 x: 48 y: 72
#6 x: 39 y: 79
genomestart 118
node 1 3 1 3
node 2 1 1 1
node 3 1 1 1
node 4 4 1 1
node 5 4 1 1
node 6 2 1 1
node 7 3 1 1
node 8 4 1 1
node 9 3 1 1
node 10 1 1 1
node 11 4 1 1
node 12 2 1 1
node 13 4 0 2
node 14 3 0 2
node 15 2 0 2
gene 1 1 13 -220623 0 1 -220623 1
gene 1 2 13 605982 0 2 605982 1
gene 3 3 13 -1086 0 3 -1086 1
gene 3 4 13 -55791 0 4 -55791 1
gene 2 5 13 320325 0 5 320325 1
gene 1 6 13 -335238 0 6 -335238 1
gene 3 7 13 212157 0 7 212157 1
gene 2 8 13 -354804 0 8 -354804 1
gene 3 9 13 -218241 0 9 -218241 1
gene 2 10 13 -800000 0 10 -800000 1
gene 1 11 13 26253 0 11 26253 1
gene 3 12 13 12123 0 12 12123 1
gene 1 1 14 298689 0 13 298689 1
gene 3 2 14 140976 0 14 140976 1
gene 1 3 14 -406662 0 15 -406662 1
gene 1 4 14 -302475 0 16 -302475 1
gene 3 5 14 490028 0 17 490028 1
gene 1 6 14 190571 0 18 190571 1
gene 4 7 14 94080 0 19 94080 1
gene 1 8 14 -100884 0 20 -100884 1
gene 3 9 14 -272090 0 21 -272090 1
gene 2 10 14 258222 0 22 258222 1
gene 2 11 14 191676 0 23 191676 1
gene 3 12 14 -336243 0 24 -336243 1
gene 1 1 15 -223332 0 25 -223332 1
gene 3 2 15 523970 0 26 523970 1
gene 3 3 15 -800000 0 27 -800000 1
gene 4 4 15 463905 0 28 463905 1
gene 3 5 15 77733 0 29 77733 1
gene 3 6 15 -800000 0 30 -800000 1
gene 1 7 15 263958 0 31 263958 1
gene 4 8 15 262389 0 32 262389 1
gene 1 9 15 -14886 0 33 -14886 1
gene 4 10 15 -126210 0 34 -126210 1
gene 1 11 15 33060 0 35 33060 1
gene 4 12 15 219888 0 36 219888 1
gene 1 13 15 2772 0 397 2772 1
gene 1 14 13 254328 0 455 254328 1
gene 3 14 14 164481 1 488 164481 1
genomeend 118


/* Organism #123 Fitness: 170.000000 Time: 0 */
/* Position #123*/
#1 x: 52 y: 22
#2 x: 85 y: 20
#3 x: 68 y: 39
#4 x: 69 y: 63
#5 x: 32 y: 80
#6 x: 23 y: 76
genomestart 123
node 1 3 1 3
node 2 3 1 1
node 3 1 1 1
node 4 4 1 1
node 5 4 1 1
node 6 2 1 1
node 7 3 1 1
node 8 4 1 1
node 9 3 1 1
node 10 1 1 1
node 11 4 1 1
node 12 1 1 1
node 13 4 0 2
node 14 3 0 2
node 15 2 0 2
node 36 1 0 0
gene 1 1 13 535722 0 1 535722 1
gene 3 2 13 -800000 0 2 -800000 1
gene 3 3 13 -227364 0 3 -227364 1
gene 3 4 13 -75693 0 4 -75693 1
gene 2 5 13 -284079 0 5 -284079 1
gene 1 6 13 317622 0 6 317622 1
gene 3 7 13 -242862 0 7 -242862 1
gene 2 8 13 179715 0 8 179715 1
gene 3 9 13 -678666 0 9 -678666 1
gene 2 10 13 -29571 0 10 -29571 1
gene 1 11 13 -256710 0 11 -256710 1
gene 3 12 13 274794 0 12 274794 1
gene 1 1 14 -619463 0 13 -619463 1
gene 3 2 14 187197 0 14 187197 1
gene 1 3 14 239003 0 15 239003 1
gene 1 4 14 -467163 0 16 -467163 0
gene 3 5 14 112863 0 17 112863 1
gene 1 6 14 170529 0 18 170529 1
gene 4 7 14 -94575 0 19 -94575 1
gene 1 8 14 -37914 0 20 -37914 1
gene 3 9 14 -165816 0 21 -165816 1
gene 4 10 14 -368259 0 22 -368259 1
gene 2 11 14 -462879 0 23 -462879 1
gene 3 12 14 -369261 0 24 -369261 1
gene 1 1 15 61098 0 25 61098 1
gene 3 2 15 -123071 0 26 -123071 1
gene 3 3 15 49707 0 27 49707 1
gene 4 4 15 24615 0 28 24615 1
gene 3 5 15 796421 0 29 796421 1
gene 4 6 15 -180024 0 30 -180024 1
gene 1 7 15 -219552 0 31 -219552 1
gene 4 8 15 -405 0 32 -405 1
gene 4 9 15 -59262 0 33 -59262 1
gene 4 10 15 -82158 0 34 -82158 1
gene 1 11 15 75888 0 35 75888 1
gene 4 12 15 200628 0 36 200628 1
gene 4 14 15 243897 0 207 243897 1
gene 3 14 13 -61923 0 244 -61923 1
gene 1 4 36 800000 0 374 800000 1
gene 1 36 14 205938 0 375 205938 1
genomeend 123


