/* Organism #2 Fitness: 440.000000 Time: 0 */
/* Position #2*/
#1 x: 57 y: 19
#2 x: 24 y: 25
#3 x: 23 y: 28
#4 x: 62 y: 69
#5 x: 75 y: 67
#6 x: 59 y: 78
genomestart 2
trait 1 100000.000000 0.000000 1323.000000 66883.000000 0.000000 0.000000 0.000000 70818.000000 trait 2 52534.000000 91990.000000 0.000000 100000.000000 0.000000 0.000000 0.000000 0.000000 trait 3 21555.000000 0.000000 74217.000000 0.000000 72769.000000 0.000000 0.000000 0.000000 trait 4 4.000000 0.000000 0.000000 0.000000 0.000000 0.000000 0.000000 0.000000 node 1 1 1 3
node 2 2 1 1
node 3 4 1 1
node 4 4 1 1
node 5 1 1 1
node 6 4 1 1
node 7 3 1 1
node 8 3 1 1
node 9 3 1 1
node 10 4 1 1
node 11 4 1 1
node 12 1 1 1
node 13 1 0 2
node 14 2 0 2
node 15 4 0 2
node 24 1 0 0
node 188 3 0 0
node 222 1 0 0
node 272 1 0 0
node 301 1 0 0
node 380 2 0 0
node 393 1 0 0
node 453 4 0 0
node 469 1 0 0
node 557 1 0 0
node 729 1 0 0
node 875 1 0 0
node 927 1 0 0
node 1021 1 0 0
node 1084 1 0 0
node 1116 1 0 0
node 1234 1 0 0
node 1295 1 0 0
node 1374 1 0 0
node 1496 1 0 0
node 1522 1 0 0
node 1622 1 0 0
node 1712 1 0 0
node 1847 1 0 0
node 1890 1 0 0
node 2011 1 0 0
node 2035 1 0 0
node 2119 1 0 0
node 2161 1 0 0
node 2179 3 0 0
node 2221 2 0 0
node 2347 1 0 0
node 2379 1 0 0
node 2575 1 0 0
node 2588 1 0 0
node 2609 1 0 0
node 2698 1 0 0
node 2880 1 0 0
node 2955 1 0 0
node 2988 1 0 0
node 3097 1 0 0
node 3145 1 0 0
node 3253 1 0 0
node 3262 1 0 0
node 3281 1 0 0
node 3323 1 0 0
node 3361 1 0 0
gene 1 1 13 -126468 0 1 -126468 1
gene 2 2 13 -465752 0 2 -465752 1
gene 2 3 13 -284652 0 3 -284652 1
gene 4 4 13 -21288 0 4 -21288 0
gene 3 5 13 196410 0 5 196410 1
gene 1 6 13 334719 0 6 334719 0
gene 3 7 13 -272031 0 7 -272031 1
gene 1 8 13 261198 0 8 261198 0
gene 4 9 13 225243 0 9 225243 1
gene 2 10 13 -590744 0 10 -590744 1
gene 3 11 13 509883 0 11 509883 1
gene 4 12 13 -274863 0 12 -274863 1
gene 1 1 14 -353964 0 13 -353964 1
gene 1 2 14 -41853 0 14 -41853 1
gene 2 3 14 -165213 0 15 -165213 1
gene 2 4 14 528753 0 16 528753 0
gene 1 5 14 -88536 0 17 -88536 1
gene 2 6 14 282276 0 18 282276 0
gene 3 7 14 -497133 0 19 -497133 0
gene 3 8 14 -287385 0 20 -287385 1
gene 3 9 14 -330048 0 21 -330048 0
gene 2 10 14 529908 0 22 529908 1
gene 3 11 14 368301 0 23 368301 1
gene 2 12 14 -266487 0 24 -266487 1
gene 2 1 15 -342966 0 25 -342966 1
gene 3 2 15 74127 0 26 74127 1
gene 4 3 15 148326 0 27 148326 0
gene 1 4 15 -676748 0 28 -676748 0
gene 4 5 15 283197 0 29 283197 1
gene 2 6 15 169164 0 30 169164 0
gene 4 7 15 -196650 0 31 -196650 0
gene 2 8 15 119379 0 32 119379 0
gene 2 9 15 124203 0 33 124203 0
gene 2 10 15 -718556 0 34 -718556 1
gene 3 11 15 -405273 0 35 -405273 1
gene 2 12 15 7854 0 36 7854 0
gene 4 4 24 539580 0 62 539580 0
gene 4 24 13 -118938 0 63 -118938 1
gene 1 24 24 -129969 1 127 -129969 0
gene 3 15 13 -339867 0 293 -339867 1
gene 2 7 24 447936 0 408 447936 0
gene 3 7 188 140313 0 526 140313 1
gene 3 188 14 456513 0 527 456513 1
gene 2 9 222 -252324 0 645 -252324 0
gene 2 222 15 -748997 0 646 -748997 1
gene 3 3 272 -428322 0 798 -428322 1
gene 3 272 15 57234 0 799 57234 0
gene 2 3 24 535827 0 850 535827 1
gene 1 24 301 -509739 1 893 -509739 0
gene 1 301 24 -446829 0 894 -446829 0
gene 1 188 188 130074 1 934 130074 1
gene 3 4 188 511761 0 1080 511761 0
gene 2 6 380 180294 0 1115 180294 1
gene 2 380 14 -396399 0 1116 -396399 1
gene 1 4 393 356454 0 1157 356454 1
gene 1 393 15 187044 0 1158 187044 1
gene 1 15 380 -28956 0 1196 -28956 0
gene 2 12 188 231255 0 1302 231255 0
gene 2 9 453 -201792 0 1346 -201792 1
gene 2 453 222 431595 0 1347 431595 1
gene 1 24 469 319377 1 1394 319377 0
gene 1 469 301 -50628 0 1395 -50628 0
gene 3 222 24 -800000 0 1576 -800000 1
gene 4 3 188 175710 0 1616 175710 1
gene 3 272 557 -11244 0 1666 -11244 1
gene 1 557 15 705927 0 1667 705927 0
gene 1 6 272 -241104 0 1830 -241104 0
gene 4 12 380 436317 0 1879 436317 0
gene 1 469 729 546402 0 2197 546402 1
gene 1 729 301 193215 0 2198 193215 1
gene 2 14 301 267231 0 2244 267231 1
gene 1 188 380 -128886 0 2284 -128886 1
gene 3 8 875 309297 0 2630 309297 0
gene 1 875 13 255297 0 2631 255297 1
gene 4 12 927 800000 0 2791 800000 1
gene 4 927 380 -108006 0 2792 -108006 1
gene 2 393 380 -570246 0 3014 -570246 0
gene 2 7 1021 337476 0 3066 337476 1
gene 2 1021 24 157170 0 3067 157170 1
gene 1 8 1084 800000 0 3243 800000 0
gene 1 1084 875 -73644 0 3244 -73644 0
gene 4 188 927 517323 0 3297 517323 1
gene 1 1084 1116 -56514 0 3335 -56514 0
gene 1 1116 875 335865 0 3336 335865 0
gene 1 222 469 3717 0 3394 3717 1
gene 1 8 1234 -350793 0 3693 -350793 1
gene 1 1234 1084 -310317 0 3694 -310317 1
gene 1 301 1295 -301521 0 3863 -301521 1
gene 1 1295 24 -588971 0 3864 -588971 0
gene 1 2 393 -635454 0 3943 -635454 1
gene 4 1084 1084 299799 1 4053 299799 0
gene 3 1295 1084 -511395 0 4076 -511395 1
gene 1 1116 1374 -450519 0 4119 -450519 1
gene 1 1374 875 267738 0 4120 267738 1
gene 2 272 1084 31452 0 4218 31452 1
gene 2 12 1496 -484226 0 4474 -484226 1
gene 2 1496 15 -74574 0 4475 -74574 1
gene 1 557 1522 -614199 0 4546 -614199 0
gene 1 1522 15 313491 0 4547 313491 0
gene 3 1116 1021 -800000 0 4657 -800000 1
gene 3 9 380 360753 0 4725 360753 1
gene 2 12 1622 179244 0 4831 179244 1
gene 2 1622 188 -113034 0 4832 -113034 1
gene 4 453 453 204618 1 4965 204618 0
gene 2 8 1712 306702 0 5099 306702 1
gene 2 1712 15 139434 0 5100 139434 0
gene 1 6 1847 794988 0 5495 794988 1
gene 1 1847 272 -714495 0 5496 -714495 1
gene 3 9 1890 275658 0 5636 275658 0
gene 3 1890 14 -255267 0 5637 -255267 1
gene 4 1116 13 -106512 0 5838 -106512 0
gene 1 9 1712 600110 0 5937 600110 1
gene 1 24 2011 28299 1 5985 28299 1
gene 1 2011 469 470838 0 5986 470838 1
gene 2 1712 2035 276402 0 6047 276402 0
gene 2 2035 15 -734172 0 6048 -734172 1
gene 3 927 1084 -41805 0 6090 -41805 1
gene 4 1847 453 475566 0 6145 475566 1
gene 2 1712 2119 474543 0 6302 474543 1
gene 2 2119 2035 -355422 0 6303 -355422 1
gene 3 9 2161 -108183 0 6421 -108183 1
gene 3 2161 1890 347187 0 6422 347187 0
gene 4 453 2179 -252720 1 6471 -252720 1
gene 4 2179 453 137052 0 6472 137052 1
gene 3 7 2221 31080 0 6590 31080 1
gene 4 2221 15 42222 0 6591 42222 0
gene 2 393 2347 -440973 0 6963 -440973 1
gene 2 2347 380 -43680 0 6964 -43680 1
gene 2 729 188 158421 0 7008 158421 1
gene 2 6 2379 -347982 0 7058 -347982 1
gene 2 2379 15 221649 0 7059 221649 1
gene 3 557 1116 97482 0 7304 97482 1
gene 1 557 1712 -49356 0 7456 -49356 1
gene 1 2347 2347 -1257 1 7587 -1257 1
gene 4 2221 2575 -404670 0 7627 -404670 1
gene 4 2575 15 114537 0 7628 114537 0
gene 3 2161 2588 -274791 0 7674 -274791 1
gene 3 2588 1890 69309 0 7675 69309 1
gene 1 15 2609 -77034 0 7733 -77034 1
gene 1 2609 380 -9324 0 7734 -9324 1
gene 1 557 2698 800000 0 7984 800000 1
gene 1 2698 1522 -432468 0 7985 -432468 1
gene 4 927 875 -102633 0 8025 -102633 1
gene 2 2011 927 -312561 0 8104 -312561 1
gene 3 1234 2347 446103 0 8156 446103 1
gene 4 4 557 -373893 0 8359 -373893 1
gene 1 1522 2880 377721 0 8553 377721 1
gene 1 2880 15 -64245 0 8554 -64245 1
gene 1 1084 2955 -236409 0 8767 -236409 1
gene 1 2955 1116 -521196 0 8768 -521196 1
gene 4 1116 2988 -800000 0 8865 -800000 1
gene 4 2988 13 -167451 0 8866 -167451 1
gene 4 453 2575 82917 0 9107 82917 1
gene 3 4 3097 319886 0 9197 319886 1
gene 3 3097 188 49992 0 9198 49992 1
gene 1 6 3145 234171 0 9330 234171 1
gene 1 3145 13 9420 0 9331 9420 1
gene 4 12 1295 800000 0 9376 800000 1
gene 4 1084 3253 -154671 1 9661 -154671 1
gene 4 3253 1084 -274116 0 9662 -274116 1
gene 1 1295 3262 -46704 0 9695 -46704 1
gene 1 3262 24 -800000 0 9696 -800000 1
gene 4 2575 3281 -52205 0 9750 -52205 1
gene 4 3281 15 -63798 0 9751 -63798 1
gene 1 188 1712 -44969 0 9803 -44969 1
gene 2 4 3323 -84251 0 9862 -84251 1
gene 2 3323 14 83751 0 9863 83751 1
gene 4 4 3361 -157977 0 9974 -157977 1
gene 4 3361 24 453633 0 9975 453633 1
genomeend 2


/* Organism #8 Fitness: 480.000000 Time: 0 */
/* Position #8*/
#1 x: 71 y: 34
#2 x: 63 y: 26
#3 x: 23 y: 29
#4 x: 74 y: 80
#5 x: 47 y: 66
#6 x: 66 y: 70
genomestart 8
trait 1 100000.000000 0.000000 0.000000 0.000000 0.000000 0.000000 8815.000000 0.000000 trait 2 52534.000000 91990.000000 0.000000 100000.000000 0.000000 0.000000 0.000000 0.000000 trait 3 21555.000000 0.000000 74217.000000 0.000000 72769.000000 0.000000 0.000000 0.000000 trait 4 98930.000000 0.000000 63968.000000 0.000000 52848.000000 0.000000 0.000000 0.000000 node 1 1 1 3
node 2 2 1 1
node 3 4 1 1
node 4 4 1 1
node 5 1 1 1
node 6 4 1 1
node 7 3 1 1
node 8 3 1 1
node 9 3 1 1
node 10 4 1 1
node 11 4 1 1
node 12 1 1 1
node 13 1 0 2
node 14 2 0 2
node 15 4 0 2
node 24 1 0 0
node 188 3 0 0
node 222 1 0 0
node 272 1 0 0
node 301 1 0 0
node 380 1 0 0
node 393 1 0 0
node 453 4 0 0
node 469 1 0 0
node 557 1 0 0
node 729 1 0 0
node 875 1 0 0
node 927 1 0 0
node 1021 1 0 0
node 1084 1 0 0
node 1116 1 0 0
node 1234 1 0 0
node 1295 1 0 0
node 1374 1 0 0
node 1496 1 0 0
node 1522 1 0 0
node 1622 1 0 0
node 1712 1 0 0
node 1847 1 0 0
node 1890 1 0 0
node 2011 4 0 0
node 2035 1 0 0
node 2119 1 0 0
node 2161 1 0 0
node 2179 1 0 0
node 2221 1 0 0
node 2397 1 0 0
node 2505 1 0 0
node 2547 1 0 0
node 2578 1 0 0
node 2618 1 0 0
node 2697 1 0 0
node 2712 1 0 0
node 2874 1 0 0
node 2990 1 0 0
node 3002 1 0 0
node 3170 1 0 0
node 3195 1 0 0
node 3210 1 0 0
node 3309 1 0 0
node 3364 1 0 0
gene 1 1 13 663522 0 1 663522 1
gene 2 2 13 389511 0 2 389511 1
gene 2 3 13 356018 0 3 356018 1
gene 2 4 13 524355 0 4 524355 0
gene 3 5 13 -528813 0 5 -528813 1
gene 1 6 13 -36621 0 6 -36621 1
gene 3 7 13 201300 0 7 201300 1
gene 1 8 13 800000 0 8 800000 0
gene 4 9 13 -738759 0 9 -738759 1
gene 2 10 13 -759918 0 10 -759918 1
gene 3 11 13 117357 0 11 117357 1
gene 4 12 13 111339 0 12 111339 1
gene 1 1 14 -621789 0 13 -621789 1
gene 1 2 14 -103227 0 14 -103227 1
gene 2 3 14 -652755 0 15 -652755 1
gene 2 4 14 -517761 0 16 -517761 1
gene 1 5 14 96822 0 17 96822 1
gene 2 6 14 -127470 0 18 -127470 0
gene 3 7 14 -122631 0 19 -122631 0
gene 3 8 14 -790212 0 20 -790212 1
gene 3 9 14 -352956 0 21 -352956 0
gene 2 10 14 -69728 0 22 -69728 1
gene 3 11 14 -68604 0 23 -68604 0
gene 2 12 14 65758 0 24 65758 1
gene 2 1 15 -545418 0 25 -545418 1
gene 3 2 15 153390 0 26 153390 1
gene 4 3 15 487425 0 27 487425 0
gene 1 4 15 550247 0 28 550247 0
gene 4 5 15 -97401 0 29 -97401 1
gene 2 6 15 187311 0 30 187311 0
gene 4 7 15 305427 0 31 305427 0
gene 2 8 15 503232 0 32 503232 0
gene 2 9 15 -345957 0 33 -345957 0
gene 2 10 15 436278 0 34 436278 0
gene 3 11 15 -153930 0 35 -153930 0
gene 2 12 15 -85563 0 36 -85563 0
gene 4 4 24 782541 0 62 782541 1
gene 3 24 13 265746 0 63 265746 1
gene 1 24 24 -776067 1 127 -776067 0
gene 3 15 13 49134 0 293 49134 1
gene 2 7 24 -354663 0 408 -354663 0
gene 3 7 188 508149 0 526 508149 1
gene 3 188 14 -189663 0 527 -189663 1
gene 2 9 222 71775 0 645 71775 0
gene 2 222 15 712251 0 646 712251 1
gene 3 3 272 -27036 0 798 -27036 1
gene 3 272 15 464043 0 799 464043 0
gene 3 3 24 -709635 0 850 -709635 1
gene 1 24 301 -51138 1 893 -51138 0
gene 1 301 24 -141954 0 894 -141954 0
gene 1 188 188 94536 1 934 94536 1
gene 3 4 188 112089 0 1080 112089 1
gene 2 6 380 -107229 0 1115 -107229 1
gene 2 380 14 413334 0 1116 413334 1
gene 1 4 393 563157 0 1157 563157 1
gene 3 393 15 376632 0 1158 376632 1
gene 1 15 380 57969 0 1196 57969 1
gene 2 12 188 -178491 0 1302 -178491 0
gene 2 9 453 -360984 0 1346 -360984 1
gene 2 453 222 -25095 0 1347 -25095 1
gene 1 24 469 -760407 1 1394 -760407 0
gene 1 469 301 -284217 0 1395 -284217 0
gene 3 222 24 -383691 0 1576 -383691 1
gene 4 3 188 164781 0 1616 164781 1
gene 3 272 557 -294144 0 1666 -294144 1
gene 1 557 15 -159612 0 1667 -159612 0
gene 1 6 272 -692729 0 1830 -692729 0
gene 4 12 380 -271029 0 1879 -271029 0
gene 1 469 729 12786 0 2197 12786 1
gene 1 729 301 369930 0 2198 369930 1
gene 2 14 301 -155866 0 2244 -155866 0
gene 1 188 380 557772 0 2284 557772 1
gene 3 8 875 116685 0 2630 116685 0
gene 1 875 13 327216 0 2631 327216 1
gene 4 12 927 401085 0 2791 401085 1
gene 4 927 380 385416 0 2792 385416 1
gene 2 393 380 -443019 0 3014 -443019 1
gene 2 7 1021 149691 0 3066 149691 1
gene 2 1021 24 104160 0 3067 104160 0
gene 1 8 1084 634563 0 3243 634563 0
gene 1 1084 875 -199803 0 3244 -199803 0
gene 4 188 927 -672105 0 3297 -672105 1
gene 1 1084 1116 -273765 0 3335 -273765 1
gene 1 1116 875 189204 0 3336 189204 0
gene 1 222 469 -412622 0 3394 -412622 1
gene 1 8 1234 -403959 0 3693 -403959 1
gene 1 1234 1084 93198 0 3694 93198 1
gene 1 301 1295 318051 0 3863 318051 1
gene 1 1295 24 -686721 0 3864 -686721 1
gene 1 2 393 -381402 0 3943 -381402 1
gene 4 1084 1084 800000 1 4053 800000 1
gene 3 1295 1084 165078 0 4076 165078 1
gene 1 1116 1374 106017 0 4119 106017 1
gene 1 1374 875 -523773 0 4120 -523773 1
gene 2 272 1084 132960 0 4218 132960 0
gene 2 12 1496 -58362 0 4474 -58362 1
gene 2 1496 15 307497 0 4475 307497 1
gene 1 557 1522 -49113 0 4546 -49113 1
gene 1 1522 15 136593 0 4547 136593 1
gene 3 1116 1021 -266820 0 4657 -266820 0
gene 3 9 380 -65580 0 4725 -65580 1
gene 2 12 1622 -680868 0 4831 -680868 0
gene 2 1622 188 -371847 0 4832 -371847 1
gene 4 453 453 247629 1 4965 247629 0
gene 2 8 1712 -376740 0 5099 -376740 1
gene 2 1712 15 353742 0 5100 353742 0
gene 1 6 1847 -69309 0 5495 -69309 0
gene 1 1847 272 -457167 0 5496 -457167 1
gene 3 9 1890 5008 0 5636 5008 0
gene 3 1890 14 -422709 0 5637 -422709 1
gene 4 1116 13 386982 0 5838 386982 1
gene 1 9 1712 -763172 0 5937 -763172 1
gene 1 24 2011 336930 1 5985 336930 1
gene 1 2011 469 759255 0 5986 759255 1
gene 2 1712 2035 -637460 0 6047 -637460 0
gene 2 2035 15 -365205 0 6048 -365205 1
gene 3 927 1084 -719220 0 6090 -719220 0
gene 4 1847 453 634313 0 6145 634313 1
gene 2 1712 2119 113814 0 6302 113814 1
gene 2 2119 2035 -177216 0 6303 -177216 1
gene 3 9 2161 36012 0 6421 36012 1
gene 3 2161 1890 144099 0 6422 144099 0
gene 4 453 2179 -174111 1 6471 -174111 1
gene 4 2179 453 -290943 0 6472 -290943 1
gene 4 7 2221 -412437 0 6590 -412437 0
gene 4 2221 15 113820 0 6591 113820 1
gene 2 1295 1021 800000 0 6920 800000 1
gene 4 2011 393 -157734 0 7009 -157734 1
gene 3 1295 557 -149985 1 7060 -149985 1
gene 3 11 2397 -800000 0 7109 -800000 1
gene 3 2397 14 625713 0 7110 625713 1
gene 3 469 272 -322548 0 7207 -322548 1
gene 2 14 2505 132924 0 7409 132924 1
gene 2 2505 301 203052 0 7410 203052 1
gene 4 7 2547 -113646 0 7531 -113646 1
gene 4 2547 2221 227586 0 7532 227586 1
gene 3 927 2578 156810 0 7639 156810 1
gene 3 2578 1084 33399 0 7640 33399 1
gene 2 12 2618 210948 0 7758 210948 0
gene 2 2618 1622 225762 0 7759 225762 1
gene 3 2161 2697 -476315 0 7981 -476315 1
gene 3 2697 1890 172794 0 7982 172794 1
gene 3 1116 2712 -681177 0 8023 -681177 1
gene 3 2712 1021 127362 0 8024 127362 1
gene 1 2 1234 -119532 0 8214 -119532 1
gene 4 1295 2578 -618903 0 8265 -618903 1
gene 1 4 729 -143283 0 8317 -143283 1
gene 2 1021 2874 -243426 0 8528 -243426 1
gene 2 2874 24 -146787 0 8529 -146787 1
gene 3 393 393 -77547 1 8658 -77547 1
gene 3 11 2990 -4548 0 8870 -4548 1
gene 3 2990 15 25065 0 8871 25065 1
gene 2 10 3002 -107226 0 8905 -107226 0
gene 2 3002 15 41907 0 8906 41907 1
gene 2 2119 2397 256456 0 9223 256456 1
gene 2 6 3170 -132690 0 9407 -132690 1
gene 2 3170 15 28830 0 9408 28830 1
gene 2 10 3195 277194 0 9482 277194 1
gene 2 3195 3002 -149088 0 9483 -149088 1
gene 2 12 3210 -156521 0 9530 -156521 1
gene 2 3210 2618 -221289 0 9531 -221289 1
gene 2 272 3309 175615 0 9819 175615 1
gene 2 3309 1084 13956 0 9820 13956 1
gene 1 6 3364 1 0 9982 0 1
gene 1 3364 1847 -69309 0 9983 0 1
gene 2 1116 2874 -58403 0 10020 -58403 1
genomeend 8


/* Organism #10 Fitness: 320.000000 Time: 0 */
/* Position #10*/
#1 x: 48 y: 18
#2 x: 22 y: 22
#3 x: 71 y: 35
#4 x: 20 y: 80
#5 x: 41 y: 76
#6 x: 84 y: 62
genomestart 10
trait 1 100000.000000 0.000000 65077.000000 42511.000000 0.000000 0.000000 0.000000 91780.000000 trait 2 52534.000000 100000.000000 0.000000 100000.000000 0.000000 0.000000 0.000000 0.000000 trait 3 21555.000000 0.000000 74217.000000 0.000000 72769.000000 0.000000 0.000000 0.000000 trait 4 98930.000000 0.000000 63968.000000 0.000000 52848.000000 0.000000 0.000000 0.000000 node 1 1 1 3
node 2 2 1 1
node 3 4 1 1
node 4 4 1 1
node 5 1 1 1
node 6 4 1 1
node 7 3 1 1
node 8 3 1 1
node 9 3 1 1
node 10 4 1 1
node 11 4 1 1
node 12 1 1 1
node 13 1 0 2
node 14 2 0 2
node 15 4 0 2
node 24 1 0 0
node 188 3 0 0
node 222 1 0 0
node 272 1 0 0
node 301 1 0 0
node 380 1 0 0
node 393 1 0 0
node 453 4 0 0
node 469 1 0 0
node 557 1 0 0
node 729 1 0 0
node 875 1 0 0
node 927 1 0 0
node 1021 1 0 0
node 1084 1 0 0
node 1116 1 0 0
node 1234 1 0 0
node 1295 1 0 0
node 1374 1 0 0
node 1496 1 0 0
node 1522 1 0 0
node 1622 1 0 0
node 1712 1 0 0
node 1847 1 0 0
node 1890 1 0 0
node 2011 1 0 0
node 2035 1 0 0
node 2119 1 0 0
node 2161 1 0 0
node 2179 1 0 0
node 2221 1 0 0
node 2397 1 0 0
node 2505 1 0 0
node 2547 1 0 0
node 2578 1 0 0
node 2618 1 0 0
node 2697 1 0 0
node 2712 1 0 0
node 2874 1 0 0
node 2990 1 0 0
node 3002 1 0 0
node 3114 1 0 0
node 3133 1 0 0
node 3203 1 0 0
node 3250 1 0 0
node 3260 1 0 0
gene 1 1 13 505965 0 1 505965 1
gene 2 2 13 214455 0 2 214455 1
gene 2 3 13 418355 0 3 418355 0
gene 2 4 13 -112239 0 4 -112239 0
gene 3 5 13 182319 0 5 182319 1
gene 1 6 13 -323985 0 6 -323985 1
gene 3 7 13 800000 0 7 800000 1
gene 1 8 13 -77781 0 8 -77781 0
gene 4 9 13 165720 0 9 165720 1
gene 2 10 13 -800000 0 10 -800000 1
gene 3 11 13 121509 0 11 121509 1
gene 4 12 13 -262011 0 12 -262011 0
gene 1 1 14 -314222 0 13 -314222 1
gene 1 2 14 -377802 0 14 -377802 1
gene 2 3 14 401466 0 15 401466 1
gene 2 4 14 -636200 0 16 -636200 1
gene 1 5 14 800000 0 17 800000 1
gene 2 6 14 -800000 0 18 -800000 0
gene 3 7 14 12369 0 19 12369 0
gene 3 8 14 437115 0 20 437115 1
gene 3 9 14 -358317 0 21 -358317 0
gene 2 10 14 -129545 0 22 -129545 1
gene 3 11 14 -516933 0 23 -516933 0
gene 2 12 14 575472 0 24 575472 1
gene 2 1 15 311532 0 25 311532 1
gene 3 2 15 -513204 0 26 -513204 1
gene 4 3 15 -531708 0 27 -531708 0
gene 1 4 15 210174 0 28 210174 0
gene 4 5 15 -573321 0 29 -573321 1
gene 2 6 15 800000 0 30 800000 1
gene 4 7 15 -103083 0 31 -103083 0
gene 2 8 15 157311 0 32 157311 0
gene 2 9 15 -158697 0 33 -158697 0
gene 2 10 15 385404 0 34 385404 0
gene 3 11 15 -10434 0 35 -10434 0
gene 2 12 15 341415 0 36 341415 0
gene 4 4 24 -294486 0 62 -294486 1
gene 3 24 13 -75122 0 63 -75122 1
gene 1 24 24 765159 1 127 765159 0
gene 3 15 13 -375453 0 293 -375453 1
gene 2 7 24 -430062 0 408 -430062 0
gene 3 7 188 -563055 0 526 -563055 1
gene 3 188 14 -232368 0 527 -232368 1
gene 2 9 222 46908 0 645 46908 0
gene 2 222 15 119364 0 646 119364 1
gene 3 3 272 -744360 0 798 -744360 1
gene 3 272 15 33640 0 799 33640 0
gene 3 3 24 -569058 0 850 -569058 1
gene 1 24 301 -53607 1 893 -53607 0
gene 1 301 24 -800000 0 894 -800000 0
gene 1 188 188 325695 1 934 325695 1
gene 3 4 188 472316 0 1080 472316 1
gene 2 6 380 565884 0 1115 565884 1
gene 2 380 14 15021 0 1116 15021 1
gene 1 4 393 800000 0 1157 800000 1
gene 1 393 15 -582216 0 1158 -582216 1
gene 1 15 380 -253695 0 1196 -253695 1
gene 2 12 188 -462954 0 1302 -462954 0
gene 2 9 453 -176385 0 1346 -176385 1
gene 2 453 222 189441 0 1347 189441 1
gene 1 24 469 470604 1 1394 470604 0
gene 1 469 301 -592017 0 1395 -592017 0
gene 3 222 24 -393996 0 1576 -393996 1
gene 4 3 188 -203580 0 1616 -203580 1
gene 3 272 557 561183 0 1666 561183 1
gene 1 557 15 170330 0 1667 170330 0
gene 1 6 272 441003 0 1830 441003 0
gene 4 12 380 -178053 0 1879 -178053 0
gene 1 469 729 800000 0 2197 800000 1
gene 1 729 301 93372 0 2198 93372 0
gene 2 14 301 254235 0 2244 254235 0
gene 1 188 380 -608123 0 2284 -608123 1
gene 3 8 875 -642416 0 2630 -642416 0
gene 1 875 13 -574650 0 2631 -574650 0
gene 4 12 927 -140241 0 2791 -140241 1
gene 4 927 380 -299517 0 2792 -299517 1
gene 2 393 380 -74472 0 3014 -74472 1
gene 2 7 1021 -453696 0 3066 -453696 1
gene 2 1021 24 755163 0 3067 755163 0
gene 1 8 1084 135462 0 3243 135462 0
gene 1 1084 875 429990 0 3244 429990 0
gene 4 188 927 134619 0 3297 134619 1
gene 1 1084 1116 105459 0 3335 105459 1
gene 1 1116 875 264903 0 3336 264903 0
gene 1 222 469 187611 0 3394 187611 1
gene 1 8 1234 200322 0 3693 200322 1
gene 1 1234 1084 636993 0 3694 636993 1
gene 1 301 1295 -103335 0 3863 -103335 1
gene 1 1295 24 442550 0 3864 442550 1
gene 1 2 393 -563633 0 3943 -563633 1
gene 4 1084 1084 -118096 1 4053 -118096 1
gene 3 1295 1084 -252696 0 4076 -252696 1
gene 1 1116 1374 -173331 0 4119 -173331 1
gene 1 1374 875 695073 0 4120 695073 1
gene 2 272 1084 800000 0 4218 800000 1
gene 2 12 1496 114093 0 4474 114093 1
gene 2 1496 15 -352985 0 4475 -352985 1
gene 1 557 1522 750458 0 4546 750458 1
gene 1 1522 15 -308475 0 4547 -308475 1
gene 3 1116 1021 118512 0 4657 118512 0
gene 3 9 380 637056 0 4725 637056 1
gene 2 12 1622 -2670 0 4831 -2670 0
gene 2 1622 188 96483 0 4832 96483 1
gene 4 453 453 553530 1 4965 553530 0
gene 2 8 1712 560453 0 5099 560453 1
gene 2 1712 15 -433473 0 5100 -433473 0
gene 1 6 1847 308304 0 5495 308304 1
gene 1 1847 272 338283 0 5496 338283 1
gene 3 9 1890 -770058 0 5636 -770058 0
gene 3 1890 14 -440102 0 5637 -440102 1
gene 4 1116 13 -336651 0 5838 -336651 1
gene 1 9 1712 -543573 0 5937 -543573 1
gene 1 24 2011 -794964 1 5985 -794964 1
gene 1 2011 469 65334 0 5986 65334 1
gene 2 1712 2035 -591 0 6047 -591 0
gene 2 2035 15 -375363 0 6048 -375363 1
gene 3 927 1084 -789240 0 6090 -789240 0
gene 4 1847 453 229179 0 6145 229179 1
gene 2 1712 2119 -513728 0 6302 -513728 1
gene 2 2119 2035 31899 0 6303 31899 1
gene 3 9 2161 331458 0 6421 331458 1
gene 3 2161 1890 -406755 0 6422 -406755 0
gene 4 453 2179 11865 1 6471 11865 0
gene 4 2179 453 -52272 0 6472 -52272 1
gene 4 7 2221 21750 0 6590 21750 0
gene 4 2221 15 244035 0 6591 244035 1
gene 2 1295 1021 403449 0 6920 403449 1
gene 4 2011 393 -308244 0 7009 -308244 1
gene 3 1295 557 -383073 1 7060 -383073 1
gene 3 11 2397 -800000 0 7109 -800000 1
gene 3 2397 14 -285408 0 7110 -285408 1
gene 3 469 272 76026 0 7207 76026 1
gene 2 14 2505 -171969 0 7409 -171969 1
gene 2 2505 301 5796 0 7410 5796 1
gene 4 7 2547 -126456 0 7531 -126456 1
gene 4 2547 2221 -71037 0 7532 -71037 1
gene 3 927 2578 -190140 0 7639 -190140 1
gene 3 2578 1084 -245145 0 7640 -245145 1
gene 2 12 2618 -184608 0 7758 -184608 1
gene 2 2618 1622 -262443 0 7759 -262443 1
gene 3 2161 2697 134028 0 7981 134028 1
gene 3 2697 1890 4176 0 7982 4176 1
gene 3 1116 2712 315105 0 8023 315105 1
gene 3 2712 1021 37278 0 8024 37278 1
gene 1 2 1234 -342282 0 8214 -342282 1
gene 4 1295 2578 -265089 0 8265 -265089 1
gene 1 4 729 86793 0 8317 86793 1
gene 2 1021 2874 614436 0 8528 614436 1
gene 2 2874 24 181683 0 8529 181683 1
gene 3 393 393 800000 1 8658 800000 1
gene 3 11 2990 139491 0 8870 139491 1
gene 3 2990 15 36093 0 8871 36093 1
gene 2 10 3002 487332 0 8905 487332 1
gene 1 3002 15 -354192 0 8906 -354192 1
gene 4 453 3114 -72180 1 9247 -72180 1
gene 4 3114 2179 -401283 0 9248 -401283 1
gene 4 12 3133 -250704 0 9298 -250704 1
gene 4 3133 13 -257625 0 9299 -257625 1
gene 2 3 3203 196587 0 9507 196587 1
gene 2 3203 13 5688 0 9508 5688 1
gene 1 729 3250 -697544 0 9654 -697544 1
gene 1 3250 301 -310287 0 9655 -310287 1
gene 1 875 3260 285051 0 9691 285051 1
gene 1 3260 13 -199737 0 9692 -199737 1
gene 4 2035 2547 12189 0 10023 12189 1
genomeend 10


/* Organism #18 Fitness: 300.000000 Time: 0 */
/* Position #18*/
#1 x: 60 y: 18
#2 x: 35 y: 35
#3 x: 47 y: 18
#4 x: 35 y: 62
#5 x: 19 y: 69
#6 x: 67 y: 83
genomestart 18
trait 1 100000.000000 0.000000 1323.000000 66883.000000 0.000000 0.000000 0.000000 70818.000000 trait 2 52534.000000 91990.000000 0.000000 100000.000000 0.000000 0.000000 0.000000 0.000000 trait 3 21555.000000 0.000000 74217.000000 0.000000 72769.000000 0.000000 0.000000 0.000000 trait 4 4.000000 0.000000 0.000000 0.000000 0.000000 0.000000 0.000000 0.000000 node 1 1 1 3
node 2 2 1 1
node 3 4 1 1
node 4 4 1 1
node 5 1 1 1
node 6 4 1 1
node 7 3 1 1
node 8 3 1 1
node 9 3 1 1
node 10 3 1 1
node 11 4 1 1
node 12 1 1 1
node 13 1 0 2
node 14 2 0 2
node 15 4 0 2
node 24 1 0 0
node 188 3 0 0
node 222 1 0 0
node 272 1 0 0
node 301 1 0 0
node 380 2 0 0
node 393 1 0 0
node 453 4 0 0
node 469 1 0 0
node 557 1 0 0
node 729 1 0 0
node 875 1 0 0
node 927 1 0 0
node 1021 1 0 0
node 1084 1 0 0
node 1116 1 0 0
node 1234 1 0 0
node 1295 1 0 0
node 1374 1 0 0
node 1496 1 0 0
node 1522 1 0 0
node 1622 1 0 0
node 1712 1 0 0
node 1847 1 0 0
node 1890 1 0 0
node 2011 1 0 0
node 2035 1 0 0
node 2119 1 0 0
node 2161 2 0 0
node 2179 3 0 0
node 2221 1 0 0
node 2347 1 0 0
node 2379 1 0 0
node 2575 1 0 0
node 2588 1 0 0
node 2609 1 0 0
node 2698 1 0 0
node 2880 1 0 0
node 3032 1 0 0
node 3074 1 0 0
node 3092 1 0 0
node 3109 1 0 0
node 3130 1 0 0
node 3278 1 0 0
node 3340 1 0 0
node 3365 1 0 0
node 3379 1 0 0
gene 1 1 13 -560034 0 1 -560034 1
gene 2 2 13 211629 0 2 211629 1
gene 2 3 13 495402 0 3 495402 0
gene 4 4 13 212673 0 4 212673 0
gene 3 5 13 504171 0 5 504171 1
gene 1 6 13 -28245 0 6 -28245 1
gene 3 7 13 -369780 0 7 -369780 1
gene 1 8 13 447288 0 8 447288 0
gene 4 9 13 -6012 0 9 -6012 1
gene 2 10 13 -549272 0 10 -549272 1
gene 3 11 13 362055 0 11 362055 0
gene 4 12 13 -348962 0 12 -348962 1
gene 1 1 14 186708 0 13 186708 1
gene 1 2 14 -326898 0 14 -326898 1
gene 2 3 14 748929 0 15 748929 1
gene 2 4 14 430163 0 16 430163 1
gene 1 5 14 -512310 0 17 -512310 1
gene 2 6 14 191598 0 18 191598 0
gene 3 7 14 186609 0 19 186609 0
gene 3 8 14 -553197 0 20 -553197 1
gene 3 9 14 -164370 0 21 -164370 0
gene 2 10 14 117363 0 22 117363 1
gene 3 11 14 23490 0 23 23490 1
gene 2 12 14 -276639 0 24 -276639 1
gene 2 1 15 800000 0 25 800000 1
gene 3 2 15 -155586 0 26 -155586 1
gene 4 3 15 -800000 0 27 -800000 0
gene 1 4 15 -493406 0 28 -493406 0
gene 4 5 15 -347943 0 29 -347943 1
gene 2 6 15 -102201 0 30 -102201 0
gene 4 7 15 47043 0 31 47043 0
gene 2 8 15 -162114 0 32 -162114 0
gene 2 9 15 306108 0 33 306108 0
gene 2 10 15 -316638 0 34 -316638 1
gene 3 11 15 173745 0 35 173745 1
gene 2 12 15 -50574 0 36 -50574 0
gene 4 4 24 180858 0 62 180858 1
gene 4 24 13 -800000 0 63 -800000 1
gene 1 24 24 -306474 1 127 -306474 0
gene 3 15 13 20265 0 293 20265 1
gene 2 7 24 -128646 0 408 -128646 0
gene 3 7 188 -64620 0 526 -64620 1
gene 3 188 14 113769 0 527 113769 1
gene 2 9 222 470757 0 645 470757 0
gene 2 222 15 94632 0 646 94632 1
gene 3 3 272 650543 0 798 650543 1
gene 3 272 15 301989 0 799 301989 0
gene 2 3 24 18060 0 850 18060 1
gene 1 24 301 -23367 1 893 -23367 0
gene 1 301 24 -109140 0 894 -109140 0
gene 1 188 188 191616 1 934 191616 1
gene 3 4 188 760149 0 1080 760149 1
gene 2 6 380 271710 0 1115 271710 1
gene 2 380 14 163245 0 1116 163245 0
gene 1 4 393 -322571 0 1157 -322571 1
gene 1 393 15 -800000 0 1158 -800000 1
gene 1 15 380 597480 0 1196 597480 0
gene 2 12 188 338112 0 1302 338112 0
gene 2 9 453 266073 0 1346 266073 1
gene 2 453 222 -59580 0 1347 -59580 1
gene 1 24 469 616803 1 1394 616803 0
gene 1 469 301 211239 0 1395 211239 0
gene 3 222 24 245661 0 1576 245661 1
gene 4 3 188 -2001 0 1616 -2001 1
gene 3 272 557 120540 0 1666 120540 1
gene 1 557 15 -177102 0 1667 -177102 0
gene 1 6 272 155127 0 1830 155127 0
gene 4 12 380 561120 0 1879 561120 0
gene 1 469 729 407721 0 2197 407721 1
gene 1 729 301 -800000 0 2198 -800000 1
gene 2 14 301 186537 0 2244 186537 1
gene 1 188 380 573456 0 2284 573456 1
gene 3 8 875 -64011 0 2630 -64011 0
gene 1 875 13 -108606 0 2631 -108606 1
gene 4 12 927 505419 0 2791 505419 1
gene 4 927 380 -86463 0 2792 -86463 1
gene 2 393 380 -558324 0 3014 -558324 0
gene 2 7 1021 -177213 0 3066 -177213 1
gene 2 1021 24 343812 0 3067 343812 1
gene 1 8 1084 -465294 0 3243 -465294 0
gene 1 1084 875 415722 0 3244 415722 0
gene 4 188 927 -291084 0 3297 -291084 1
gene 1 1084 1116 -800000 0 3335 -800000 1
gene 1 1116 875 392580 0 3336 392580 0
gene 1 222 469 -41835 0 3394 -41835 1
gene 1 8 1234 -283800 0 3693 -283800 1
gene 1 1234 1084 800000 0 3694 800000 1
gene 1 301 1295 451173 0 3863 451173 1
gene 1 1295 24 -29205 0 3864 -29205 1
gene 1 2 393 800000 0 3943 800000 1
gene 4 1084 1084 -124452 1 4053 -124452 1
gene 3 1295 1084 190647 0 4076 190647 1
gene 1 1116 1374 525228 0 4119 525228 1
gene 1 1374 875 -304311 0 4120 -304311 1
gene 2 272 1084 401781 0 4218 401781 1
gene 2 12 1496 58266 0 4474 58266 1
gene 2 1496 15 535046 0 4475 535046 1
gene 1 557 1522 581921 0 4546 581921 0
gene 1 1522 15 95898 0 4547 95898 0
gene 3 1116 1021 497055 0 4657 497055 0
gene 3 9 380 101361 0 4725 101361 1
gene 2 12 1622 255213 0 4831 255213 1
gene 2 1622 188 232494 0 4832 232494 1
gene 4 453 453 -67092 1 4965 -67092 0
gene 2 8 1712 468594 0 5099 468594 1
gene 2 1712 15 344496 0 5100 344496 0
gene 1 6 1847 103362 0 5495 103362 1
gene 1 1847 272 -452781 0 5496 -452781 1
gene 3 9 1890 -341199 0 5636 -341199 0
gene 3 1890 14 121578 0 5637 121578 1
gene 4 1116 13 193026 0 5838 193026 1
gene 1 9 1712 53565 0 5937 53565 1
gene 1 24 2011 143571 1 5985 143571 0
gene 1 2011 469 -152547 0 5986 -152547 1
gene 2 1712 2035 164808 0 6047 164808 0
gene 2 2035 15 -171477 0 6048 -171477 1
gene 3 927 1084 -112440 0 6090 -112440 1
gene 4 1847 453 -136701 0 6145 -136701 0
gene 2 1712 2119 6084 0 6302 6084 1
gene 2 2119 2035 98622 0 6303 98622 1
gene 3 9 2161 286293 0 6421 286293 1
gene 3 2161 1890 383856 0 6422 383856 0
gene 4 453 2179 -11865 1 6471 -11865 1
gene 4 2179 453 13449 0 6472 13449 1
gene 3 7 2221 -800000 0 6590 -800000 1
gene 4 2221 15 119085 0 6591 119085 0
gene 2 393 2347 576897 0 6963 576897 1
gene 2 2347 380 -225720 0 6964 -225720 1
gene 2 729 188 -13641 0 7008 -13641 1
gene 2 6 2379 20553 0 7058 20553 1
gene 2 2379 15 4062 0 7059 4062 1
gene 3 557 1116 277746 0 7304 277746 1
gene 1 557 1712 -23784 0 7456 -23784 0
gene 1 2347 2347 294450 1 7587 294450 1
gene 4 2221 2575 27075 0 7627 27075 1
gene 4 2575 15 -181011 0 7628 -181011 1
gene 3 2161 2588 -88476 0 7674 -88476 1
gene 3 2588 1890 -650076 0 7675 -650076 1
gene 1 15 2609 406599 0 7733 406599 1
gene 1 2609 380 299886 0 7734 299886 1
gene 1 557 2698 342471 0 7984 342471 1
gene 1 2698 1522 185898 0 7985 185898 1
gene 4 927 875 104055 0 8025 104055 1
gene 2 2011 927 237288 0 8104 237288 1
gene 3 1234 2347 166155 0 8156 166155 1
gene 4 4 557 288459 0 8359 288459 1
gene 1 1522 2880 -715206 0 8553 -715206 1
gene 1 2880 15 -539289 0 8554 -539289 1
gene 2 2609 393 194736 1 8834 194736 0
gene 4 1847 3032 147963 0 8997 147963 1
gene 4 3032 453 -141 0 8998 -141 1
gene 2 1522 2588 -800000 0 9041 -800000 1
gene 2 1622 2035 -198657 0 9074 -198657 0
gene 3 1116 3074 -176511 0 9123 -176511 1
gene 3 3074 1021 126729 0 9124 126729 1
gene 2 1622 3092 -124971 0 9184 -124971 1
gene 2 3092 2035 217920 0 9185 217920 1
gene 2 2609 3109 235575 1 9232 235575 1
gene 2 3109 393 607623 0 9233 607623 1
gene 1 24 3130 280446 1 9289 280446 1
gene 1 3130 2011 381687 0 9290 381687 1
gene 4 3130 3130 -314115 1 9562 -314115 1
gene 3 1496 1084 -22069 0 9650 -22069 1
gene 4 1374 1374 -295101 1 9686 -295101 1
gene 3 11 3278 185652 0 9741 185652 1
gene 3 3278 13 202938 0 9742 202938 1
gene 2 380 3340 1 0 9919 0 1
gene 2 3340 14 163245 0 9920 0 1
gene 2 3 3365 1 0 9987 0 1
gene 2 3365 13 495402 0 9988 0 1
gene 1 557 3379 1 0 10031 0 1
gene 1 3379 1712 -23784 0 10032 0 1
genomeend 18


/* Organism #26 Fitness: 300.000000 Time: 0 */
/* Position #26*/
#1 x: 69 y: 29
#2 x: 27 y: 39
#3 x: 22 y: 22
#4 x: 76 y: 68
#5 x: 68 y: 64
#6 x: 30 y: 78
genomestart 26
trait 1 100000.000000 28862.000000 0.000000 66883.000000 0.000000 0.000000 0.000000 70818.000000 trait 2 52534.000000 91990.000000 0.000000 100000.000000 0.000000 0.000000 0.000000 0.000000 trait 3 21555.000000 0.000000 74217.000000 0.000000 72769.000000 0.000000 0.000000 0.000000 trait 4 4.000000 0.000000 0.000000 0.000000 0.000000 0.000000 0.000000 0.000000 node 1 1 1 3
node 2 2 1 1
node 3 4 1 1
node 4 4 1 1
node 5 1 1 1
node 6 4 1 1
node 7 3 1 1
node 8 3 1 1
node 9 3 1 1
node 10 4 1 1
node 11 4 1 1
node 12 1 1 1
node 13 1 0 2
node 14 2 0 2
node 15 4 0 2
node 24 1 0 0
node 188 3 0 0
node 222 1 0 0
node 272 1 0 0
node 301 1 0 0
node 380 2 0 0
node 393 1 0 0
node 453 4 0 0
node 469 1 0 0
node 557 1 0 0
node 729 1 0 0
node 875 1 0 0
node 927 1 0 0
node 1021 1 0 0
node 1084 1 0 0
node 1116 1 0 0
node 1234 1 0 0
node 1295 1 0 0
node 1374 1 0 0
node 1496 1 0 0
node 1522 1 0 0
node 1622 1 0 0
node 1712 1 0 0
node 1847 1 0 0
node 1890 1 0 0
node 2011 1 0 0
node 2035 1 0 0
node 2119 1 0 0
node 2161 2 0 0
node 2179 3 0 0
node 2221 1 0 0
node 2347 1 0 0
node 2379 1 0 0
node 2575 1 0 0
node 2588 1 0 0
node 2609 1 0 0
node 2698 1 0 0
node 2880 1 0 0
node 3032 1 0 0
node 3074 1 0 0
node 3092 1 0 0
node 3109 1 0 0
node 3130 1 0 0
node 3278 1 0 0
node 3381 1 0 0
gene 1 1 13 -479406 0 1 -479406 1
gene 2 2 13 361503 0 2 361503 1
gene 2 3 13 419868 0 3 419868 1
gene 4 4 13 136038 0 4 136038 0
gene 3 5 13 50961 0 5 50961 1
gene 1 6 13 143676 0 6 143676 1
gene 3 7 13 -149247 0 7 -149247 1
gene 1 8 13 206361 0 8 206361 0
gene 4 9 13 448806 0 9 448806 1
gene 2 10 13 -427997 0 10 -427997 1
gene 3 11 13 444873 0 11 444873 0
gene 4 12 13 -248441 0 12 -248441 1
gene 1 1 14 -103137 0 13 -103137 1
gene 1 2 14 233409 0 14 233409 1
gene 2 3 14 481164 0 15 481164 1
gene 2 4 14 21932 0 16 21932 1
gene 1 5 14 563904 0 17 563904 1
gene 2 6 14 77547 0 18 77547 0
gene 3 7 14 -70845 0 19 -70845 0
gene 3 8 14 -659490 0 20 -659490 1
gene 3 9 14 147390 0 21 147390 0
gene 2 10 14 -78897 0 22 -78897 1
gene 3 11 14 175866 0 23 175866 1
gene 2 12 14 -615588 0 24 -615588 1
gene 2 1 15 619872 0 25 619872 1
gene 3 2 15 188862 0 26 188862 1
gene 4 3 15 -179694 0 27 -179694 0
gene 1 4 15 -800000 0 28 -800000 0
gene 4 5 15 59589 0 29 59589 1
gene 2 6 15 -23043 0 30 -23043 0
gene 4 7 15 183600 0 31 183600 0
gene 2 8 15 -317958 0 32 -317958 0
gene 2 9 15 159426 0 33 159426 0
gene 2 10 15 -581478 0 34 -581478 1
gene 3 11 15 -297954 0 35 -297954 1
gene 2 12 15 110394 0 36 110394 0
gene 4 4 24 -174180 0 62 -174180 1
gene 4 24 13 -720477 0 63 -720477 1
gene 1 24 24 -367314 1 127 -367314 0
gene 3 15 13 -65157 0 293 -65157 1
gene 2 7 24 40983 0 408 40983 0
gene 3 7 188 362046 0 526 362046 1
gene 3 188 14 372261 0 527 372261 1
gene 2 9 222 442824 0 645 442824 0
gene 2 222 15 -800000 0 646 -800000 1
gene 3 3 272 526922 0 798 526922 1
gene 3 272 15 649104 0 799 649104 0
gene 2 3 24 75330 0 850 75330 1
gene 1 24 301 -461169 1 893 -461169 0
gene 1 301 24 -544440 0 894 -544440 0
gene 1 188 188 88332 1 934 88332 1
gene 3 4 188 750672 0 1080 750672 1
gene 2 6 380 250494 0 1115 250494 1
gene 2 380 14 281499 0 1116 281499 1
gene 1 4 393 -476303 0 1157 -476303 1
gene 1 393 15 -423954 0 1158 -423954 1
gene 1 15 380 434511 0 1196 434511 0
gene 2 12 188 354462 0 1302 354462 0
gene 2 9 453 230886 0 1346 230886 1
gene 2 453 222 1611 0 1347 1611 1
gene 1 24 469 477828 1 1394 477828 0
gene 1 469 301 423552 0 1395 423552 0
gene 3 222 24 363891 0 1576 363891 1
gene 4 3 188 23160 0 1616 23160 1
gene 3 272 557 -467763 0 1666 -467763 1
gene 1 557 15 -266103 0 1667 -266103 0
gene 1 6 272 -178623 0 1830 -178623 0
gene 4 12 380 54549 0 1879 54549 0
gene 1 469 729 -1782 0 2197 -1782 1
gene 1 729 301 -577446 0 2198 -577446 1
gene 2 14 301 545574 0 2244 545574 1
gene 1 188 380 171552 0 2284 171552 1
gene 3 8 875 -611055 0 2630 -611055 0
gene 1 875 13 226197 0 2631 226197 1
gene 4 12 927 161682 0 2791 161682 1
gene 4 927 380 80451 0 2792 80451 1
gene 2 393 380 -742728 0 3014 -742728 0
gene 2 7 1021 -509847 0 3066 -509847 1
gene 2 1021 24 201564 0 3067 201564 1
gene 1 8 1084 -285789 0 3243 -285789 0
gene 1 1084 875 -205290 0 3244 -205290 0
gene 4 188 927 -625701 0 3297 -625701 1
gene 1 1084 1116 -800000 0 3335 -800000 1
gene 1 1116 875 283209 0 3336 283209 0
gene 1 222 469 6534 0 3394 6534 1
gene 1 8 1234 -420561 0 3693 -420561 1
gene 1 1234 1084 460734 0 3694 460734 1
gene 1 301 1295 451674 0 3863 451674 1
gene 1 1295 24 91326 0 3864 91326 1
gene 1 2 393 800000 0 3943 800000 1
gene 4 1084 1084 135264 1 4053 135264 1
gene 3 1295 1084 327108 0 4076 327108 1
gene 1 1116 1374 313212 0 4119 313212 1
gene 1 1374 875 -198303 0 4120 -198303 1
gene 2 272 1084 562377 0 4218 562377 1
gene 2 12 1496 114714 0 4474 114714 1
gene 2 1496 15 800000 0 4475 800000 1
gene 1 557 1522 765315 0 4546 765315 0
gene 1 1522 15 134652 0 4547 134652 0
gene 3 1116 1021 543303 0 4657 543303 0
gene 3 9 380 -71493 0 4725 -71493 1
gene 2 12 1622 499116 0 4831 499116 1
gene 2 1622 188 -171195 0 4832 -171195 1
gene 4 453 453 111732 1 4965 111732 0
gene 2 8 1712 263826 0 5099 263826 1
gene 2 1712 15 334098 0 5100 334098 0
gene 1 6 1847 -216807 0 5495 -216807 1
gene 1 1847 272 -251295 0 5496 -251295 1
gene 3 9 1890 -323175 0 5636 -323175 0
gene 3 1890 14 -445332 0 5637 -445332 1
gene 4 1116 13 -800000 0 5838 -800000 1
gene 1 9 1712 47772 0 5937 47772 1
gene 1 24 2011 36933 1 5985 36933 0
gene 1 2011 469 -108795 0 5986 -108795 1
gene 2 1712 2035 -26118 0 6047 -26118 0
gene 2 2035 15 348384 0 6048 348384 1
gene 3 927 1084 205209 0 6090 205209 1
gene 4 1847 453 -49590 0 6145 -49590 0
gene 2 1712 2119 471354 0 6302 471354 1
gene 2 2119 2035 212589 0 6303 212589 1
gene 3 9 2161 490614 0 6421 490614 1
gene 3 2161 1890 -429090 0 6422 -429090 0
gene 4 453 2179 -327075 1 6471 -327075 1
gene 4 2179 453 -38013 0 6472 -38013 1
gene 3 7 2221 -800000 0 6590 -800000 1
gene 4 2221 15 452925 0 6591 452925 0
gene 2 393 2347 320589 0 6963 320589 1
gene 2 2347 380 -345393 0 6964 -345393 1
gene 2 729 188 23901 0 7008 23901 1
gene 2 6 2379 -388899 0 7058 -388899 1
gene 2 2379 15 -197115 0 7059 -197115 1
gene 3 557 1116 -73026 0 7304 -73026 1
gene 1 557 1712 -134061 0 7456 -134061 1
gene 1 2347 2347 -47748 1 7587 -47748 1
gene 4 2221 2575 307743 0 7627 307743 1
gene 4 2575 15 -201 0 7628 -201 1
gene 3 2161 2588 220440 0 7674 220440 1
gene 3 2588 1890 -22560 0 7675 -22560 1
gene 1 15 2609 233448 0 7733 233448 1
gene 1 2609 380 85626 0 7734 85626 1
gene 1 557 2698 535056 0 7984 535056 1
gene 1 2698 1522 -186282 0 7985 -186282 1
gene 4 927 875 -307473 0 8025 -307473 0
gene 2 2011 927 94449 0 8104 94449 1
gene 3 1234 2347 210831 0 8156 210831 1
gene 4 4 557 17091 0 8359 17091 1
gene 1 1522 2880 138729 0 8553 138729 1
gene 1 2880 15 -38067 0 8554 -38067 1
gene 2 2609 393 44757 1 8834 44757 0
gene 4 1847 3032 482277 0 8997 482277 1
gene 4 3032 453 -549618 0 8998 -549618 1
gene 2 1522 2588 -800000 0 9041 -800000 1
gene 2 1622 2035 -12147 0 9074 -12147 0
gene 3 1116 3074 -103002 0 9123 -103002 1
gene 3 3074 1021 -144408 0 9124 -144408 1
gene 2 1622 3092 142675 0 9184 142675 1
gene 2 3092 2035 -547987 0 9185 -547987 1
gene 2 2609 3109 -56070 1 9232 -56070 1
gene 2 3109 393 -192351 0 9233 -192351 1
gene 1 24 3130 244575 1 9289 244575 1
gene 1 3130 2011 22272 0 9290 22272 1
gene 4 3130 3130 178803 1 9562 178803 1
gene 3 1496 1084 -22069 0 9650 -22069 1
gene 4 1374 1374 -96495 1 9686 -96495 1
gene 3 11 3278 -7959 0 9741 -7959 1
gene 3 3278 13 604605 0 9742 604605 1
gene 1 2588 1234 18528 0 9938 18528 1
gene 4 927 3381 1 0 10040 0 1
gene 4 3381 875 -307473 0 10041 0 1
genomeend 26


/* Organism #28 Fitness: 440.000000 Time: 0 */
/* Position #28*/
#1 x: 37 y: 16
#2 x: 24 y: 18
#3 x: 72 y: 31
#4 x: 75 y: 71
#5 x: 34 y: 68
#6 x: 71 y: 74
genomestart 28
trait 1 100000.000000 0.000000 65077.000000 42511.000000 0.000000 0.000000 0.000000 91780.000000 trait 2 52534.000000 100000.000000 0.000000 100000.000000 0.000000 0.000000 0.000000 0.000000 trait 3 21555.000000 0.000000 74217.000000 0.000000 72769.000000 0.000000 0.000000 0.000000 trait 4 98930.000000 0.000000 63968.000000 0.000000 52848.000000 0.000000 0.000000 0.000000 node 1 1 1 3
node 2 2 1 1
node 3 4 1 1
node 4 4 1 1
node 5 1 1 1
node 6 4 1 1
node 7 3 1 1
node 8 3 1 1
node 9 3 1 1
node 10 4 1 1
node 11 4 1 1
node 12 1 1 1
node 13 1 0 2
node 14 2 0 2
node 15 4 0 2
node 24 1 0 0
node 188 1 0 0
node 222 1 0 0
node 272 1 0 0
node 301 1 0 0
node 380 1 0 0
node 393 1 0 0
node 453 4 0 0
node 469 1 0 0
node 557 1 0 0
node 729 1 0 0
node 875 1 0 0
node 927 1 0 0
node 1021 1 0 0
node 1084 1 0 0
node 1116 1 0 0
node 1234 1 0 0
node 1295 1 0 0
node 1374 1 0 0
node 1496 1 0 0
node 1522 1 0 0
node 1622 1 0 0
node 1712 1 0 0
node 1847 1 0 0
node 1890 1 0 0
node 2011 1 0 0
node 2035 1 0 0
node 2119 1 0 0
node 2161 1 0 0
node 2179 1 0 0
node 2221 1 0 0
node 2397 1 0 0
node 2505 1 0 0
node 2547 1 0 0
node 2578 1 0 0
node 2618 1 0 0
node 2697 1 0 0
node 2712 1 0 0
node 2874 1 0 0
node 2990 1 0 0
node 3002 1 0 0
node 3114 1 0 0
node 3133 1 0 0
node 3203 1 0 0
node 3250 1 0 0
node 3260 1 0 0
gene 1 1 13 426351 0 1 426351 1
gene 2 2 13 -161910 0 2 -161910 1
gene 2 3 13 654374 0 3 654374 0
gene 2 4 13 135879 0 4 135879 0
gene 3 5 13 284271 0 5 284271 1
gene 1 6 13 -463596 0 6 -463596 1
gene 3 7 13 575685 0 7 575685 1
gene 1 8 13 80916 0 8 80916 0
gene 4 9 13 556713 0 9 556713 1
gene 2 10 13 -282807 0 10 -282807 1
gene 3 11 13 338529 0 11 338529 1
gene 4 12 13 -599244 0 12 -599244 0
gene 1 1 14 281541 0 13 281541 1
gene 1 2 14 -92406 0 14 -92406 1
gene 2 3 14 554073 0 15 554073 1
gene 2 4 14 -445983 0 16 -445983 1
gene 1 5 14 800000 0 17 800000 1
gene 2 6 14 -307371 0 18 -307371 0
gene 3 7 14 234729 0 19 234729 0
gene 3 8 14 207825 0 20 207825 1
gene 3 9 14 -274785 0 21 -274785 0
gene 2 10 14 -191685 0 22 -191685 1
gene 3 11 14 -687603 0 23 -687603 0
gene 2 12 14 316227 0 24 316227 1
gene 2 1 15 634347 0 25 634347 1
gene 3 2 15 198411 0 26 198411 1
gene 4 3 15 -274323 0 27 -274323 0
gene 1 4 15 377592 0 28 377592 0
gene 4 5 15 -648786 0 29 -648786 1
gene 2 6 15 800000 0 30 800000 1
gene 4 7 15 -767913 0 31 -767913 0
gene 2 8 15 43614 0 32 43614 0
gene 2 9 15 -201816 0 33 -201816 0
gene 2 10 15 137430 0 34 137430 0
gene 3 11 15 800000 0 35 800000 0
gene 2 12 15 -103269 0 36 -103269 0
gene 4 4 24 -404097 0 62 -404097 1
gene 3 24 13 30961 0 63 30961 1
gene 1 24 24 274758 1 127 274758 0
gene 3 15 13 139062 0 293 139062 1
gene 2 7 24 -680808 0 408 -680808 0
gene 3 7 188 -612978 0 526 -612978 1
gene 3 188 14 -611019 0 527 -611019 1
gene 2 9 222 16356 0 645 16356 0
gene 2 222 15 -71838 0 646 -71838 1
gene 3 3 272 -554313 0 798 -554313 1
gene 3 272 15 -409472 0 799 -409472 0
gene 3 3 24 -570756 0 850 -570756 1
gene 1 24 301 110931 1 893 110931 0
gene 1 301 24 -152211 0 894 -152211 0
gene 1 188 188 7926 1 934 7926 1
gene 3 4 188 273086 0 1080 273086 1
gene 2 6 380 -127419 0 1115 -127419 1
gene 2 380 14 317121 0 1116 317121 1
gene 1 4 393 448272 0 1157 448272 1
gene 1 393 15 -800000 0 1158 -800000 1
gene 1 15 380 -506316 0 1196 -506316 1
gene 2 12 188 -193644 0 1302 -193644 0
gene 2 9 453 -306999 0 1346 -306999 1
gene 2 453 222 171309 0 1347 171309 1
gene 1 24 469 11496 1 1394 11496 0
gene 1 469 301 116601 0 1395 116601 0
gene 3 222 24 -456372 0 1576 -456372 1
gene 4 3 188 -88389 0 1616 -88389 1
gene 3 272 557 604062 0 1666 604062 1
gene 1 557 15 800000 0 1667 800000 0
gene 1 6 272 227916 0 1830 227916 0
gene 4 12 380 -64005 0 1879 -64005 0
gene 1 469 729 -188319 0 2197 -188319 1
gene 1 729 301 269730 0 2198 269730 0
gene 2 14 301 150933 0 2244 150933 0
gene 1 188 380 -126041 0 2284 -126041 1
gene 3 8 875 -530030 0 2630 -530030 0
gene 1 875 13 -313857 0 2631 -313857 0
gene 4 12 927 -184770 0 2791 -184770 1
gene 4 927 380 -47061 0 2792 -47061 1
gene 2 393 380 35475 0 3014 35475 1
gene 2 7 1021 -58902 0 3066 -58902 1
gene 2 1021 24 800000 0 3067 800000 0
gene 1 8 1084 247035 0 3243 247035 0
gene 1 1084 875 228606 0 3244 228606 0
gene 4 188 927 149103 0 3297 149103 1
gene 1 1084 1116 -85968 0 3335 -85968 1
gene 1 1116 875 563238 0 3336 563238 0
gene 1 222 469 150810 0 3394 150810 1
gene 1 8 1234 758694 0 3693 758694 1
gene 1 1234 1084 733434 0 3694 733434 1
gene 1 301 1295 142137 0 3863 142137 1
gene 1 1295 24 447915 0 3864 447915 1
gene 1 2 393 -800000 0 3943 -800000 1
gene 4 1084 1084 622901 1 4053 622901 1
gene 3 1295 1084 -71070 0 4076 -71070 1
gene 1 1116 1374 286566 0 4119 286566 1
gene 1 1374 875 390273 0 4120 390273 1
gene 2 272 1084 149022 0 4218 149022 1
gene 2 12 1496 244050 0 4474 244050 1
gene 2 1496 15 -779126 0 4475 -779126 1
gene 1 557 1522 658748 0 4546 658748 1
gene 1 1522 15 -527832 0 4547 -527832 1
gene 3 1116 1021 386574 0 4657 386574 0
gene 3 9 380 601335 0 4725 601335 1
gene 2 12 1622 537312 0 4831 537312 0
gene 2 1622 188 -608583 0 4832 -608583 1
gene 4 453 453 -164661 1 4965 -164661 0
gene 2 8 1712 642257 0 5099 642257 1
gene 2 1712 15 -232794 0 5100 -232794 0
gene 1 6 1847 269940 0 5495 269940 1
gene 1 1847 272 60195 0 5496 60195 1
gene 3 9 1890 -498342 0 5636 -498342 0
gene 3 1890 14 -773229 0 5637 -773229 1
gene 4 1116 13 -144003 0 5838 -144003 1
gene 1 9 1712 -4986 0 5937 -4986 1
gene 1 24 2011 -481353 1 5985 -481353 1
gene 1 2011 469 -190350 0 5986 -190350 1
gene 2 1712 2035 349230 0 6047 349230 0
gene 2 2035 15 -106353 0 6048 -106353 1
gene 3 927 1084 -83616 0 6090 -83616 0
gene 4 1847 453 228798 0 6145 228798 1
gene 2 1712 2119 -603206 0 6302 -603206 1
gene 2 2119 2035 -74349 0 6303 -74349 1
gene 3 9 2161 -29229 0 6421 -29229 1
gene 3 2161 1890 134610 0 6422 134610 0
gene 4 453 2179 -178143 1 6471 -178143 0
gene 4 2179 453 -280542 0 6472 -280542 1
gene 4 7 2221 115356 0 6590 115356 0
gene 4 2221 15 25386 0 6591 25386 1
gene 2 1295 1021 712107 0 6920 712107 1
gene 4 2011 393 -223872 0 7009 -223872 1
gene 3 1295 557 -124563 1 7060 -124563 1
gene 3 11 2397 -156168 0 7109 -156168 1
gene 3 2397 14 76050 0 7110 76050 1
gene 3 469 272 213684 0 7207 213684 1
gene 2 14 2505 -285231 0 7409 -285231 1
gene 2 2505 301 -800000 0 7410 -800000 1
gene 4 7 2547 -563565 0 7531 -563565 1
gene 4 2547 2221 -9504 0 7532 -9504 1
gene 3 927 2578 -309276 0 7639 -309276 1
gene 3 2578 1084 280047 0 7640 280047 1
gene 2 12 2618 -121032 0 7758 -121032 1
gene 2 2618 1622 345969 0 7759 345969 1
gene 3 2161 2697 -288330 0 7981 -288330 1
gene 3 2697 1890 -305766 0 7982 -305766 1
gene 3 1116 2712 -9012 0 8023 -9012 1
gene 3 2712 1021 202650 0 8024 202650 1
gene 1 2 1234 -206430 0 8214 -206430 1
gene 4 1295 2578 -130803 0 8265 -130803 1
gene 1 4 729 -352821 0 8317 -352821 1
gene 2 1021 2874 485856 0 8528 485856 1
gene 2 2874 24 -181896 0 8529 -181896 1
gene 3 393 393 800000 1 8658 800000 1
gene 3 11 2990 72936 0 8870 72936 1
gene 3 2990 15 -251745 0 8871 -251745 1
gene 2 10 3002 321003 0 8905 321003 1
gene 1 3002 15 -228495 0 8906 -228495 1
gene 4 453 3114 109008 1 9247 109008 1
gene 4 3114 2179 176538 0 9248 176538 1
gene 4 12 3133 -491046 0 9298 -491046 1
gene 4 3133 13 -181014 0 9299 -181014 1
gene 2 3 3203 288663 0 9507 288663 1
gene 2 3203 13 540743 0 9508 540743 1
gene 1 729 3250 -278573 0 9654 -278573 1
gene 1 3250 301 128598 0 9655 128598 1
gene 1 875 3260 -277778 0 9691 -277778 1
gene 1 3260 13 149961 0 9692 149961 1
gene 3 1021 393 -26848 1 9998 -26848 1
gene 4 2990 2990 11880 1 10042 11880 1
genomeend 28


/* Organism #38 Fitness: 520.000000 Time: 0 */
/* Position #38*/
#1 x: 43 y: 32
#2 x: 42 y: 39
#3 x: 20 y: 25
#4 x: 28 y: 83
#5 x: 34 y: 85
#6 x: 28 y: 66
genomestart 38
trait 1 1.000000 0.000000 0.000000 0.000000 0.000000 0.000000 0.000000 0.000000 trait 2 2.000000 48677.000000 0.000000 0.000000 0.000000 67974.000000 0.000000 0.000000 trait 3 0.000000 91664.000000 0.000000 0.000000 0.000000 0.000000 30029.000000 0.000000 trait 4 4.000000 0.000000 0.000000 0.000000 0.000000 0.000000 0.000000 0.000000 node 1 4 1 3
node 2 2 1 1
node 3 4 1 1
node 4 2 1 1
node 5 4 1 1
node 6 3 1 1
node 7 2 1 1
node 8 1 1 1
node 9 4 1 1
node 10 1 1 1
node 11 1 1 1
node 12 4 1 1
node 13 3 0 2
node 14 1 0 2
node 15 4 0 2
node 71 1 0 0
node 289 1 0 0
node 317 1 0 0
node 368 1 0 0
node 381 1 0 0
node 394 1 0 0
node 473 1 0 0
node 490 1 0 0
node 568 1 0 0
node 647 1 0 0
node 686 1 0 0
node 704 1 0 0
node 760 3 0 0
node 834 1 0 0
node 877 1 0 0
node 886 1 0 0
node 948 1 0 0
node 996 1 0 0
node 1018 1 0 0
node 1030 1 0 0
node 1107 1 0 0
node 1188 1 0 0
node 1240 1 0 0
node 1316 1 0 0
node 1373 1 0 0
node 1445 1 0 0
node 1459 1 0 0
node 1474 4 0 0
node 1504 1 0 0
node 1625 1 0 0
node 1675 1 0 0
node 1700 1 0 0
node 1720 1 0 0
node 1888 1 0 0
node 2052 1 0 0
node 2089 1 0 0
node 2268 1 0 0
node 2464 1 0 0
node 2481 1 0 0
node 2494 1 0 0
node 2621 1 0 0
node 2677 1 0 0
node 2748 1 0 0
node 2788 1 0 0
node 2870 1 0 0
node 2962 1 0 0
node 2981 1 0 0
node 3070 1 0 0
gene 4 1 13 585296 0 1 585296 1
gene 3 2 13 311085 0 2 311085 1
gene 2 3 13 21048 0 3 21048 0
gene 4 4 13 92727 0 4 92727 1
gene 2 5 13 678450 0 5 678450 0
gene 3 6 13 -378512 0 6 -378512 1
gene 1 7 13 682333 0 7 682333 0
gene 1 8 13 -595556 0 8 -595556 1
gene 1 9 13 -235065 0 9 -235065 0
gene 2 10 13 -279357 0 10 -279357 1
gene 3 11 13 298272 0 11 298272 1
gene 3 12 13 800000 0 12 800000 1
gene 1 1 14 52176 0 13 52176 1
gene 1 2 14 37493 0 14 37493 0
gene 3 3 14 -271188 0 15 -271188 0
gene 1 4 14 -245058 0 16 -245058 0
gene 1 5 14 -125370 0 17 -125370 1
gene 1 6 14 6513 0 18 6513 1
gene 1 7 14 583806 0 19 583806 1
gene 1 8 14 215427 0 20 215427 1
gene 2 9 14 119433 0 21 119433 0
gene 1 10 14 437667 0 22 437667 0
gene 3 11 14 -728747 0 23 -728747 1
gene 2 12 14 -132411 0 24 -132411 0
gene 3 1 15 -137244 0 25 -137244 1
gene 2 2 15 552897 0 26 552897 1
gene 4 3 15 318207 0 27 318207 0
gene 2 4 15 -647621 0 28 -647621 0
gene 2 5 15 -724101 0 29 -724101 0
gene 1 6 15 -104532 0 30 -104532 1
gene 4 7 15 -464483 0 31 -464483 0
gene 2 8 15 326544 0 32 326544 0
gene 2 9 15 8898 0 33 8898 1
gene 1 10 15 -694367 0 34 -694367 0
gene 3 11 15 114336 0 35 114336 1
gene 1 12 15 138612 0 36 138612 0
gene 4 3 71 -164961 0 201 -164961 0
gene 3 71 14 305613 0 202 305613 0
gene 1 13 13 334155 1 248 334155 1
gene 2 13 15 -706130 0 413 -706130 1
gene 4 10 71 -17891 0 454 -17891 1
gene 2 7 71 785750 0 542 785750 0
gene 4 8 71 392337 0 717 392337 1
gene 4 71 71 595073 1 769 595073 0
gene 4 3 289 -497523 0 858 -497523 0
gene 4 289 15 468276 0 859 468276 0
gene 3 289 14 397647 0 897 397647 0
gene 4 3 317 43923 0 942 43923 0
gene 4 317 289 226740 0 943 226740 1
gene 2 8 368 138942 0 1081 138942 1
gene 2 368 15 -301482 0 1082 -301482 1
gene 1 2 381 37305 0 1117 37305 0
gene 2 381 14 -800000 0 1118 -800000 0
gene 4 3 394 247875 0 1159 247875 1
gene 4 394 71 -209769 0 1160 -209769 1
gene 4 1 394 156704 0 1362 156704 1
gene 2 3 473 424707 0 1405 424707 1
gene 2 473 13 346293 0 1406 346293 1
gene 1 10 490 -452144 0 1456 -452144 0
gene 1 490 14 -223092 0 1457 -223092 1
gene 3 13 289 -520299 0 1591 -520299 1
gene 4 71 568 -160611 1 1699 -160611 1
gene 4 568 71 665654 0 1700 665654 0
gene 3 568 15 266970 0 1754 266970 1
gene 3 289 394 -426600 0 1809 -426600 0
gene 4 568 647 -352080 0 1948 -352080 1
gene 4 647 71 -517413 0 1949 -517413 1
gene 1 7 686 -129990 0 2069 -129990 1
gene 1 686 71 353058 0 2070 353058 1
gene 3 71 704 683195 0 2122 683195 0
gene 3 704 14 -496901 0 2123 -496901 1
gene 3 289 760 555437 0 2296 555437 1
gene 3 760 394 -123969 0 2297 -123969 1
gene 4 368 394 -431115 0 2326 -431115 0
gene 2 10 289 -420294 0 2376 -420294 1
gene 4 3 834 -534468 0 2518 -534468 1
gene 4 834 317 -108303 0 2519 -108303 0
gene 2 12 877 -161430 0 2634 -161430 1
gene 2 877 14 98112 0 2635 98112 1
gene 2 4 886 220032 0 2665 220032 0
gene 2 886 15 245622 0 2666 245622 1
gene 2 5 948 -214884 0 2855 -214884 0
gene 2 948 13 -37379 0 2856 -37379 1
gene 2 877 877 -149157 1 2903 -149157 1
gene 1 7 996 -87303 0 2996 -87303 1
gene 1 996 13 -800000 0 2997 -800000 1
gene 3 7 1018 545127 0 3054 545127 1
gene 4 1018 15 -32046 0 3055 -32046 1
gene 1 4 1030 -116688 0 3100 -116688 1
gene 1 1030 14 300762 0 3101 300762 1
gene 3 568 568 71349 1 3154 71349 0
gene 2 5 1107 -800000 0 3308 -800000 1
gene 2 1107 948 -431134 0 3309 -431134 1
gene 4 686 686 136602 1 3352 136602 1
gene 3 996 490 -269661 0 3408 -269661 1
gene 2 9 1188 800000 0 3558 800000 0
gene 2 1188 14 -26565 0 3559 -26565 1
gene 4 381 71 172578 0 3665 172578 0
gene 1 10 1240 800000 0 3707 800000 1
gene 1 1240 490 800000 0 3708 800000 1
gene 3 1107 1030 17070 0 3763 17070 1
gene 2 9 1316 -21651 0 3922 -21651 0
gene 2 1316 1188 145045 0 3923 145045 1
gene 1 12 1373 -595803 0 4116 -595803 1
gene 1 1373 15 338445 0 4117 338445 0
gene 1 3 1316 469562 0 4180 469562 1
gene 4 834 1445 24963 0 4313 24963 1
gene 4 1445 317 -2022 0 4314 -2022 1
gene 4 381 1459 -590714 0 4355 -590714 1
gene 4 1459 71 -113652 0 4356 -113652 1
gene 3 289 1474 32355 0 4406 32355 1
gene 3 1474 14 282786 0 4407 282786 1
gene 2 394 1373 -634169 0 4457 -634169 1
gene 2 5 1504 -44996 0 4497 -44996 0
gene 2 1504 15 324930 0 4498 324930 1
gene 4 1504 886 -3053 0 4750 -3053 1
gene 2 9 1625 -148116 0 4838 -148116 1
gene 1 1625 1316 -505794 0 4839 -505794 1
gene 1 1 1625 186783 0 4968 186783 1
gene 3 568 1675 -239085 1 4996 -239085 1
gene 3 1675 568 800000 0 4997 800000 0
gene 2 5 1700 556068 0 5071 556068 1
gene 2 1700 1504 335505 0 5072 335505 1
gene 3 71 1720 148806 0 5118 148806 1
gene 3 1720 704 -715523 0 5119 -715523 0
gene 1 886 381 29958 0 5222 29958 0
gene 1 1373 1888 158175 0 5630 158175 1
gene 1 1888 15 -291333 0 5631 -291333 1
gene 1 1107 490 -702684 0 5814 -702684 1
gene 4 1107 15 -256164 0 5917 -256164 1
gene 4 14 14 -495675 1 5955 -495675 1
gene 2 1700 1700 234264 1 6001 234264 1
gene 3 1675 2052 -64377 0 6096 -64377 1
gene 3 2052 568 222885 0 6097 222885 1
gene 1 9 2089 124704 0 6209 124704 1
gene 1 2089 13 -16524 0 6210 -16524 1
gene 4 368 2268 -147714 0 6730 -147714 0
gene 4 2268 394 129663 0 6731 129663 0
gene 1 1018 1720 211164 0 7116 211164 1
gene 4 289 2464 -280881 0 7294 -280881 1
gene 4 2464 15 51222 0 7295 51222 1
gene 1 10 2481 700196 0 7343 700196 1
gene 1 2481 15 -380202 0 7344 -380202 1
gene 4 368 2494 -403605 0 7380 -403605 1
gene 4 2494 2268 -81150 0 7381 -81150 0
gene 1 647 568 741632 1 7528 741632 0
gene 4 2268 2621 -96798 0 7767 -96798 1
gene 4 2621 394 -189510 0 7768 -189510 1
gene 2 381 2677 11664 0 7926 11664 1
gene 2 2677 14 178551 0 7927 178551 1
gene 2 4 2748 355404 0 8138 355404 1
gene 2 2748 886 248649 0 8139 248649 1
gene 4 2677 289 -458313 0 8179 -458313 1
gene 4 2494 2788 422739 0 8266 422739 1
gene 4 2788 2268 9597 0 8267 9597 1
gene 2 948 2268 -278037 0 8366 -278037 1
gene 1 886 2870 -87123 0 8514 -87123 1
gene 1 2870 381 -161739 0 8515 -161739 1
gene 1 647 2962 -100209 1 8800 -100209 1
gene 1 2962 568 306852 0 8801 306852 1
gene 1 2 2981 800000 0 8850 800000 1
gene 1 2981 381 -350403 0 8851 -350403 1
gene 3 1720 3070 -230427 0 9112 -230427 1
gene 3 3070 704 196005 0 9113 196005 1
gene 4 13 647 221910 0 9147 221910 1
gene 2 2621 317 -127674 0 9296 -127674 1
gene 1 9 3070 35004 0 9354 35004 1
gene 1 2981 760 450591 0 9417 450591 1
gene 2 10 996 367545 0 9675 367545 1
gene 4 4 760 24600 0 9726 24600 1
gene 1 368 704 -78592 0 10051 -78592 1
genomeend 38


/* Organism #40 Fitness: 380.000000 Time: 0 */
/* Position #40*/
#1 x: 20 y: 22
#2 x: 33 y: 16
#3 x: 68 y: 20
#4 x: 41 y: 73
#5 x: 22 y: 60
#6 x: 44 y: 66
genomestart 40
trait 1 100000.000000 0.000000 65077.000000 42511.000000 0.000000 0.000000 0.000000 91780.000000 trait 2 52534.000000 100000.000000 0.000000 100000.000000 0.000000 0.000000 0.000000 0.000000 trait 3 21555.000000 0.000000 74217.000000 0.000000 72769.000000 0.000000 0.000000 0.000000 trait 4 98930.000000 0.000000 63968.000000 0.000000 52848.000000 0.000000 0.000000 0.000000 node 1 1 1 3
node 2 2 1 1
node 3 4 1 1
node 4 4 1 1
node 5 1 1 1
node 6 4 1 1
node 7 4 1 1
node 8 3 1 1
node 9 3 1 1
node 10 4 1 1
node 11 4 1 1
node 12 1 1 1
node 13 1 0 2
node 14 2 0 2
node 15 4 0 2
node 24 1 0 0
node 188 3 0 0
node 222 1 0 0
node 272 1 0 0
node 301 1 0 0
node 380 1 0 0
node 393 1 0 0
node 453 4 0 0
node 469 1 0 0
node 557 1 0 0
node 729 1 0 0
node 875 1 0 0
node 927 1 0 0
node 1021 1 0 0
node 1084 1 0 0
node 1116 1 0 0
node 1234 1 0 0
node 1295 1 0 0
node 1374 1 0 0
node 1496 1 0 0
node 1522 1 0 0
node 1622 1 0 0
node 1712 1 0 0
node 1847 1 0 0
node 1890 1 0 0
node 2011 1 0 0
node 2035 1 0 0
node 2119 1 0 0
node 2161 1 0 0
node 2179 1 0 0
node 2221 1 0 0
node 2397 1 0 0
node 2505 1 0 0
node 2547 1 0 0
node 2578 1 0 0
node 2618 1 0 0
node 2697 1 0 0
node 2712 1 0 0
node 2874 1 0 0
node 2990 1 0 0
node 3002 1 0 0
node 3114 1 0 0
node 3133 1 0 0
node 3203 1 0 0
node 3386 1 0 0
gene 1 1 13 535794 0 1 535794 1
gene 2 2 13 -129066 0 2 -129066 1
gene 2 3 13 -346683 0 3 -346683 0
gene 2 4 13 -7104 0 4 -7104 0
gene 3 5 13 -336591 0 5 -336591 1
gene 1 6 13 -590258 0 6 -590258 1
gene 3 7 13 582054 0 7 582054 1
gene 1 8 13 153900 0 8 153900 0
gene 4 9 13 -743996 0 9 -743996 1
gene 2 10 13 -244371 0 10 -244371 1
gene 3 11 13 412443 0 11 412443 1
gene 4 12 13 576611 0 12 576611 0
gene 1 1 14 -603458 0 13 -603458 1
gene 1 2 14 216621 0 14 216621 1
gene 2 3 14 -209811 0 15 -209811 1
gene 2 4 14 -625482 0 16 -625482 1
gene 1 5 14 421118 0 17 421118 1
gene 2 6 14 315570 0 18 315570 0
gene 3 7 14 428379 0 19 428379 0
gene 3 8 14 347370 0 20 347370 1
gene 3 9 14 -127251 0 21 -127251 0
gene 2 10 14 -208809 0 22 -208809 1
gene 3 11 14 -800000 0 23 -800000 0
gene 2 12 14 96447 0 24 96447 1
gene 2 1 15 -800000 0 25 -800000 1
gene 3 2 15 -217797 0 26 -217797 1
gene 4 3 15 -57819 0 27 -57819 0
gene 1 4 15 -50322 0 28 -50322 0
gene 4 5 15 -100980 0 29 -100980 1
gene 2 6 15 -41532 0 30 -41532 1
gene 4 7 15 223041 0 31 223041 0
gene 2 8 15 614916 0 32 614916 0
gene 2 9 15 -594741 0 33 -594741 0
gene 2 10 15 -545630 0 34 -545630 0
gene 3 11 15 757233 0 35 757233 0
gene 2 12 15 489774 0 36 489774 0
gene 4 4 24 -120297 0 62 -120297 1
gene 3 24 13 -553754 0 63 -553754 0
gene 1 24 24 265485 1 127 265485 0
gene 3 15 13 384264 0 293 384264 1
gene 2 7 24 -159129 0 408 -159129 0
gene 3 7 188 701952 0 526 701952 1
gene 3 188 14 -444891 0 527 -444891 1
gene 2 9 222 668826 0 645 668826 0
gene 2 222 15 127158 0 646 127158 1
gene 3 3 272 -157236 0 798 -157236 1
gene 3 272 15 -694061 0 799 -694061 0
gene 3 3 24 317361 0 850 317361 1
gene 1 24 301 -114996 1 893 -114996 0
gene 1 301 24 62877 0 894 62877 0
gene 1 188 188 672555 1 934 672555 1
gene 3 4 188 650144 0 1080 650144 1
gene 2 6 380 800000 0 1115 800000 1
gene 2 380 14 384599 0 1116 384599 1
gene 1 4 393 -49722 0 1157 -49722 1
gene 1 393 15 -106437 0 1158 -106437 1
gene 1 15 380 304497 0 1196 304497 1
gene 2 12 188 -509373 0 1302 -509373 0
gene 2 9 453 702399 0 1346 702399 1
gene 2 453 222 -290961 0 1347 -290961 1
gene 1 24 469 90675 1 1394 90675 0
gene 1 469 301 -800000 0 1395 -800000 0
gene 3 222 24 313842 0 1576 313842 1
gene 4 3 188 -590067 0 1616 -590067 1
gene 3 272 557 -315387 0 1666 -315387 1
gene 1 557 15 800000 0 1667 800000 0
gene 1 6 272 786414 0 1830 786414 0
gene 4 12 380 800000 0 1879 800000 0
gene 1 469 729 -218127 0 2197 -218127 1
gene 1 729 301 -473937 0 2198 -473937 1
gene 2 14 301 22184 0 2244 22184 0
gene 1 188 380 -403253 0 2284 -403253 1
gene 3 8 875 -443630 0 2630 -443630 0
gene 1 875 13 161733 0 2631 161733 1
gene 4 12 927 -258783 0 2791 -258783 1
gene 4 927 380 230958 0 2792 230958 1
gene 2 393 380 -800000 0 3014 -800000 1
gene 2 7 1021 -611406 0 3066 -611406 1
gene 2 1021 24 -51525 0 3067 -51525 0
gene 1 8 1084 430518 0 3243 430518 0
gene 1 1084 875 -117642 0 3244 -117642 0
gene 4 188 927 -371484 0 3297 -371484 1
gene 1 1084 1116 221004 0 3335 221004 1
gene 1 1116 875 -700143 0 3336 -700143 0
gene 1 222 469 -505007 0 3394 -505007 1
gene 1 8 1234 321324 0 3693 321324 1
gene 1 1234 1084 172878 0 3694 172878 1
gene 1 301 1295 -667296 0 3863 -667296 1
gene 1 1295 24 800000 0 3864 800000 1
gene 1 2 393 -800000 0 3943 -800000 1
gene 4 1084 1084 495656 1 4053 495656 1
gene 3 1295 1084 283650 0 4076 283650 1
gene 1 1116 1374 514833 0 4119 514833 1
gene 1 1374 875 -537077 0 4120 -537077 1
gene 2 272 1084 -646989 0 4218 -646989 1
gene 2 12 1496 443544 0 4474 443544 1
gene 2 1496 15 -390206 0 4475 -390206 1
gene 1 557 1522 32775 0 4546 32775 1
gene 1 1522 15 -340119 0 4547 -340119 1
gene 3 1116 1021 80829 0 4657 80829 0
gene 3 9 380 -800000 0 4725 -800000 1
gene 2 12 1622 -662366 0 4831 -662366 0
gene 2 1622 188 -40188 0 4832 -40188 1
gene 4 453 453 285156 1 4965 285156 0
gene 2 8 1712 773384 0 5099 773384 1
gene 2 1712 15 110001 0 5100 110001 0
gene 1 6 1847 294261 0 5495 294261 1
gene 1 1847 272 625254 0 5496 625254 1
gene 3 9 1890 718329 0 5636 718329 0
gene 3 1890 14 353100 0 5637 353100 1
gene 4 1116 13 -188844 0 5838 -188844 1
gene 1 9 1712 -211692 0 5937 -211692 1
gene 1 24 2011 -396024 1 5985 -396024 1
gene 1 2011 469 -106815 0 5986 -106815 1
gene 2 1712 2035 -800000 0 6047 -800000 0
gene 2 2035 15 -98799 0 6048 -98799 1
gene 3 927 1084 -217344 0 6090 -217344 0
gene 4 1847 453 759870 0 6145 759870 1
gene 2 1712 2119 -506303 0 6302 -506303 1
gene 2 2119 2035 367848 0 6303 367848 1
gene 3 9 2161 -299529 0 6421 -299529 1
gene 3 2161 1890 -53571 0 6422 -53571 0
gene 4 453 2179 800000 1 6471 800000 0
gene 4 2179 453 -566763 0 6472 -566763 1
gene 4 7 2221 -74658 0 6590 -74658 0
gene 4 2221 15 480684 0 6591 480684 1
gene 2 1295 1021 366834 0 6920 366834 1
gene 4 2011 393 -368493 0 7009 -368493 1
gene 3 1295 557 -248379 1 7060 -248379 1
gene 3 11 2397 268299 0 7109 268299 1
gene 3 2397 14 431769 0 7110 431769 1
gene 3 469 272 -347733 0 7207 -347733 1
gene 2 14 2505 -290814 0 7409 -290814 1
gene 2 2505 301 -57408 0 7410 -57408 1
gene 4 7 2547 -331227 0 7531 -331227 1
gene 4 2547 2221 158712 0 7532 158712 1
gene 3 927 2578 272781 0 7639 272781 1
gene 3 2578 1084 352422 0 7640 352422 1
gene 2 12 2618 -192528 0 7758 -192528 1
gene 2 2618 1622 -256644 0 7759 -256644 1
gene 3 2161 2697 48285 0 7981 48285 1
gene 3 2697 1890 -47358 0 7982 -47358 1
gene 3 1116 2712 216174 0 8023 216174 1
gene 3 2712 1021 -757098 0 8024 -757098 1
gene 1 2 1234 434445 0 8214 434445 1
gene 4 1295 2578 307242 0 8265 307242 1
gene 1 4 729 113244 0 8317 113244 1
gene 2 1021 2874 12177 0 8528 12177 1
gene 2 2874 24 160455 0 8529 160455 1
gene 3 393 393 78762 1 8658 78762 1
gene 3 11 2990 -409911 0 8870 -409911 1
gene 3 2990 15 196497 0 8871 196497 1
gene 2 10 3002 112134 0 8905 112134 1
gene 1 3002 15 78237 0 8906 78237 1
gene 4 453 3114 221496 1 9247 221496 1
gene 4 3114 2179 -77544 0 9248 -77544 1
gene 4 12 3133 23644 0 9298 23644 1
gene 4 3133 13 43065 0 9299 43065 1
gene 2 3 3203 270867 0 9507 270867 1
gene 2 3203 13 724790 0 9508 724790 1
gene 3 9 2578 -19144 0 10012 -19144 1
gene 3 24 3386 1 0 10054 0 1
gene 3 3386 13 -553754 0 10055 0 1
genomeend 40


/* Organism #42 Fitness: 380.000000 Time: 0 */
/* Position #42*/
#1 x: 40 y: 31
#2 x: 62 y: 19
#3 x: 19 y: 36
#4 x: 77 y: 76
#5 x: 36 y: 69
#6 x: 42 y: 77
genomestart 42
trait 1 100000.000000 0.000000 1323.000000 66883.000000 0.000000 0.000000 0.000000 70818.000000 trait 2 52534.000000 91990.000000 0.000000 100000.000000 0.000000 0.000000 0.000000 0.000000 trait 3 21555.000000 0.000000 74217.000000 0.000000 72769.000000 0.000000 0.000000 0.000000 trait 4 4.000000 0.000000 0.000000 0.000000 0.000000 0.000000 0.000000 0.000000 node 1 1 1 3
node 2 2 1 1
node 3 4 1 1
node 4 4 1 1
node 5 1 1 1
node 6 4 1 1
node 7 3 1 1
node 8 3 1 1
node 9 3 1 1
node 10 4 1 1
node 11 4 1 1
node 12 1 1 1
node 13 1 0 2
node 14 2 0 2
node 15 4 0 2
node 24 1 0 0
node 188 3 0 0
node 222 1 0 0
node 272 1 0 0
node 301 1 0 0
node 380 2 0 0
node 393 1 0 0
node 453 4 0 0
node 469 1 0 0
node 557 1 0 0
node 729 1 0 0
node 875 1 0 0
node 927 1 0 0
node 1021 1 0 0
node 1084 1 0 0
node 1116 1 0 0
node 1234 1 0 0
node 1295 1 0 0
node 1374 1 0 0
node 1496 1 0 0
node 1522 1 0 0
node 1622 1 0 0
node 1712 1 0 0
node 1847 1 0 0
node 1890 1 0 0
node 2011 1 0 0
node 2035 1 0 0
node 2119 1 0 0
node 2161 1 0 0
node 2179 3 0 0
node 2221 1 0 0
node 2347 1 0 0
node 2379 1 0 0
node 2575 1 0 0
node 2588 1 0 0
node 2609 1 0 0
node 2698 1 0 0
node 2880 1 0 0
node 2955 1 0 0
node 2988 1 0 0
node 3097 1 0 0
node 3145 1 0 0
node 3218 1 0 0
node 3226 1 0 0
node 3316 1 0 0
node 3373 1 0 0
node 3387 1 0 0
gene 1 1 13 -165900 0 1 -165900 1
gene 2 2 13 -189981 0 2 -189981 1
gene 2 3 13 698928 0 3 698928 1
gene 4 4 13 800000 0 4 800000 0
gene 3 5 13 -399861 0 5 -399861 1
gene 1 6 13 113241 0 6 113241 0
gene 3 7 13 596877 0 7 596877 1
gene 1 8 13 108252 0 8 108252 0
gene 4 9 13 -519348 0 9 -519348 1
gene 2 10 13 -17991 0 10 -17991 1
gene 3 11 13 418362 0 11 418362 1
gene 4 12 13 -186972 0 12 -186972 1
gene 1 1 14 254070 0 13 254070 1
gene 1 2 14 -65004 0 14 -65004 1
gene 2 3 14 155487 0 15 155487 1
gene 2 4 14 196668 0 16 196668 1
gene 1 5 14 297276 0 17 297276 1
gene 2 6 14 -118095 0 18 -118095 0
gene 3 7 14 196014 0 19 196014 0
gene 3 8 14 -636828 0 20 -636828 1
gene 3 9 14 -315660 0 21 -315660 0
gene 4 10 14 -541553 0 22 -541553 1
gene 3 11 14 459789 0 23 459789 1
gene 2 12 14 -298143 0 24 -298143 1
gene 2 1 15 -13302 0 25 -13302 1
gene 3 2 15 -270129 0 26 -270129 1
gene 4 3 15 10533 0 27 10533 0
gene 1 4 15 255084 0 28 255084 0
gene 4 5 15 187242 0 29 187242 1
gene 2 6 15 -653981 0 30 -653981 0
gene 4 7 15 40518 0 31 40518 0
gene 2 8 15 182052 0 32 182052 0
gene 2 9 15 -452940 0 33 -452940 0
gene 2 10 15 -223548 0 34 -223548 1
gene 3 11 15 612258 0 35 612258 1
gene 2 12 15 64923 0 36 64923 0
gene 4 4 24 248124 0 62 248124 1
gene 4 24 13 -66408 0 63 -66408 1
gene 1 24 24 169716 1 127 169716 0
gene 3 15 13 -323385 0 293 -323385 1
gene 2 7 24 -190401 0 408 -190401 0
gene 3 7 188 217344 0 526 217344 1
gene 3 188 14 575733 0 527 575733 1
gene 2 9 222 21255 0 645 21255 0
gene 2 222 15 503909 0 646 503909 1
gene 3 3 272 -723003 0 798 -723003 1
gene 3 272 15 310989 0 799 310989 0
gene 2 3 24 227631 0 850 227631 1
gene 1 24 301 -578463 1 893 -578463 0
gene 1 301 24 220962 0 894 220962 0
gene 1 188 188 -150234 1 934 -150234 1
gene 3 4 188 -183897 0 1080 -183897 0
gene 2 6 380 11457 0 1115 11457 1
gene 2 380 14 239883 0 1116 239883 1
gene 1 4 393 151932 0 1157 151932 0
gene 1 393 15 -800000 0 1158 -800000 1
gene 1 15 380 319479 0 1196 319479 0
gene 2 12 188 -159936 0 1302 -159936 0
gene 2 9 453 375804 0 1346 375804 1
gene 2 453 222 597177 0 1347 597177 1
gene 1 24 469 -159780 1 1394 -159780 0
gene 1 469 301 42075 0 1395 42075 0
gene 3 222 24 98604 0 1576 98604 1
gene 4 3 188 52350 0 1616 52350 1
gene 3 272 557 -453141 0 1666 -453141 1
gene 1 557 15 -103617 0 1667 -103617 0
gene 1 6 272 -697299 0 1830 -697299 0
gene 4 12 380 -269529 0 1879 -269529 0
gene 1 469 729 -53538 0 2197 -53538 1
gene 1 729 301 292128 0 2198 292128 1
gene 2 14 301 -333408 0 2244 -333408 1
gene 1 188 380 -142383 0 2284 -142383 1
gene 3 8 875 75204 0 2630 75204 0
gene 1 875 13 -95607 0 2631 -95607 1
gene 4 12 927 136860 0 2791 136860 1
gene 4 927 380 -483372 0 2792 -483372 0
gene 2 393 380 -800000 0 3014 -800000 0
gene 2 7 1021 -138378 0 3066 -138378 1
gene 2 1021 24 -68439 0 3067 -68439 1
gene 1 8 1084 -257055 0 3243 -257055 0
gene 1 1084 875 257991 0 3244 257991 0
gene 4 188 927 412071 0 3297 412071 1
gene 1 1084 1116 -227457 0 3335 -227457 0
gene 1 1116 875 16254 0 3336 16254 0
gene 1 222 469 -437403 0 3394 -437403 1
gene 1 8 1234 -372231 0 3693 -372231 1
gene 1 1234 1084 -255750 0 3694 -255750 1
gene 1 301 1295 -188811 0 3863 -188811 1
gene 1 1295 24 -719693 0 3864 -719693 1
gene 1 2 393 -41724 0 3943 -41724 1
gene 4 1084 1084 -697229 1 4053 -697229 1
gene 3 1295 1084 392124 0 4076 392124 1
gene 1 1116 1374 -213834 0 4119 -213834 1
gene 1 1374 875 -428130 0 4120 -428130 1
gene 2 272 1084 -800000 0 4218 -800000 1
gene 2 12 1496 -266973 0 4474 -266973 1
gene 2 1496 15 221178 0 4475 221178 1
gene 1 557 1522 306852 0 4546 306852 0
gene 1 1522 15 -456810 0 4547 -456810 0
gene 3 1116 1021 -639438 0 4657 -639438 1
gene 3 9 380 325107 0 4725 325107 1
gene 2 12 1622 -180609 0 4831 -180609 1
gene 2 1622 188 -326781 0 4832 -326781 1
gene 4 453 453 586221 1 4965 586221 0
gene 2 8 1712 -438228 0 5099 -438228 1
gene 2 1712 15 -607689 0 5100 -607689 0
gene 1 6 1847 559458 0 5495 559458 1
gene 1 1847 272 -649797 0 5496 -649797 1
gene 3 9 1890 155364 0 5636 155364 0
gene 3 1890 14 -209850 0 5637 -209850 1
gene 4 1116 13 103992 0 5838 103992 0
gene 1 9 1712 -107493 0 5937 -107493 1
gene 1 24 2011 -95091 1 5985 -95091 1
gene 1 2011 469 236511 0 5986 236511 1
gene 2 1712 2035 600407 0 6047 600407 0
gene 2 2035 15 -230823 0 6048 -230823 1
gene 3 927 1084 66774 0 6090 66774 1
gene 4 1847 453 527277 0 6145 527277 1
gene 2 1712 2119 -240957 0 6302 -240957 1
gene 2 2119 2035 -77295 0 6303 -77295 0
gene 3 9 2161 -65187 0 6421 -65187 1
gene 3 2161 1890 313500 0 6422 313500 0
gene 4 453 2179 -196947 1 6471 -196947 1
gene 4 2179 453 -291126 0 6472 -291126 1
gene 3 7 2221 -231963 0 6590 -231963 1
gene 4 2221 15 304419 0 6591 304419 0
gene 2 393 2347 272574 0 6963 272574 1
gene 2 2347 380 -769803 0 6964 -769803 1
gene 2 729 188 245748 0 7008 245748 1
gene 2 6 2379 -476529 0 7058 -476529 1
gene 2 2379 15 -734171 0 7059 -734171 1
gene 3 557 1116 -298332 0 7304 -298332 1
gene 1 557 1712 441630 0 7456 441630 1
gene 1 2347 2347 141189 1 7587 141189 1
gene 4 2221 2575 -587871 0 7627 -587871 1
gene 4 2575 15 -82317 0 7628 -82317 1
gene 3 2161 2588 336513 0 7674 336513 1
gene 3 2588 1890 -55356 0 7675 -55356 1
gene 1 15 2609 28353 0 7733 28353 1
gene 1 2609 380 -178281 0 7734 -178281 1
gene 1 557 2698 718898 0 7984 718898 1
gene 1 2698 1522 -745128 0 7985 -745128 1
gene 4 927 875 -89013 0 8025 -89013 1
gene 2 2011 927 265473 0 8104 265473 1
gene 3 1234 2347 221436 0 8156 221436 1
gene 4 4 557 -189069 0 8359 -189069 1
gene 1 1522 2880 322113 0 8553 322113 0
gene 1 2880 15 -125646 0 8554 -125646 1
gene 1 1084 2955 419112 0 8767 419112 1
gene 1 2955 1116 -223358 0 8768 -223358 1
gene 4 1116 2988 15546 0 8865 15546 1
gene 4 2988 13 -58656 0 8866 -58656 1
gene 4 453 2575 148830 0 9107 148830 1
gene 3 4 3097 116595 0 9197 116595 1
gene 3 3097 188 -205335 0 9198 -205335 1
gene 1 6 3145 -652475 0 9330 -652475 1
gene 1 3145 13 -41898 0 9331 -41898 1
gene 4 12 1295 800000 0 9376 800000 1
gene 1 4 3218 408406 0 9559 408406 1
gene 1 3218 393 -116643 0 9560 -116643 0
gene 1 3218 3226 -197115 0 9586 -197115 1
gene 1 3226 393 -555786 0 9587 -555786 1
gene 1 1522 3316 185013 0 9839 185013 1
gene 1 3316 2880 62154 0 9840 62154 1
gene 2 2119 3373 1 0 10013 0 1
gene 2 3373 2035 -77295 0 10014 0 1
gene 4 927 3387 1 0 10056 0 1
gene 4 3387 380 -483372 0 10057 0 1
genomeend 42


/* Organism #44 Fitness: 360.000000 Time: 0 */
/* Position #44*/
#1 x: 70 y: 21
#2 x: 65 y: 33
#3 x: 74 y: 30
#4 x: 49 y: 71
#5 x: 56 y: 67
#6 x: 77 y: 83
genomestart 44
trait 1 0.000000 0.000000 100000.000000 54452.000000 0.000000 76959.000000 0.000000 0.000000 trait 2 51558.000000 0.000000 0.000000 0.000000 78989.000000 0.000000 84160.000000 0.000000 trait 3 3.000000 0.000000 0.000000 0.000000 0.000000 0.000000 0.000000 0.000000 trait 4 4.000000 31394.000000 71462.000000 0.000000 0.000000 0.000000 0.000000 76528.000000 node 1 4 1 3
node 2 2 1 1
node 3 2 1 1
node 4 2 1 1
node 5 4 1 1
node 6 3 1 1
node 7 4 1 1
node 8 1 1 1
node 9 4 1 1
node 10 1 1 1
node 11 1 1 1
node 12 1 1 1
node 13 3 0 2
node 14 1 0 2
node 15 4 0 2
node 71 1 0 0
node 289 2 0 0
node 317 4 0 0
node 368 3 0 0
node 381 4 0 0
node 394 1 0 0
node 473 1 0 0
node 490 1 0 0
node 568 1 0 0
node 647 1 0 0
node 686 4 0 0
node 704 4 0 0
node 760 1 0 0
node 834 1 0 0
node 877 1 0 0
node 886 1 0 0
node 948 2 0 0
node 996 1 0 0
node 1018 1 0 0
node 1030 1 0 0
node 1107 1 0 0
node 1283 1 0 0
node 1318 3 0 0
node 1334 1 0 0
node 1348 1 0 0
node 1396 1 0 0
node 1501 1 0 0
node 1604 1 0 0
node 1683 1 0 0
node 1699 1 0 0
node 1811 1 0 0
node 1862 1 0 0
node 1886 1 0 0
node 1902 1 0 0
node 2048 1 0 0
node 2063 1 0 0
node 2095 1 0 0
node 2127 1 0 0
node 2202 1 0 0
node 2218 1 0 0
node 2385 1 0 0
node 2400 1 0 0
node 2432 1 0 0
node 2639 1 0 0
node 2716 1 0 0
node 2854 1 0 0
node 3148 1 0 0
node 3190 1 0 0
node 3242 1 0 0
node 3389 1 0 0
gene 4 1 13 205305 0 1 205305 1
gene 3 2 13 354966 0 2 354966 0
gene 2 3 13 -135474 0 3 -135474 0
gene 4 4 13 -354732 0 4 -354732 1
gene 2 5 13 -3159 0 5 -3159 0
gene 3 6 13 -71142 0 6 -71142 0
gene 1 7 13 167016 0 7 167016 0
gene 1 8 13 106029 0 8 106029 0
gene 1 9 13 257823 0 9 257823 1
gene 2 10 13 403626 0 10 403626 0
gene 3 11 13 -785373 0 11 -785373 1
gene 3 12 13 -713733 0 12 -713733 0
gene 1 1 14 -714696 0 13 -714696 1
gene 1 2 14 -285690 0 14 -285690 0
gene 3 3 14 -184071 0 15 -184071 0
gene 1 4 14 50727 0 16 50727 0
gene 1 5 14 -12765 0 17 -12765 1
gene 1 6 14 -385431 0 18 -385431 0
gene 1 7 14 -81522 0 19 -81522 1
gene 2 8 14 93945 0 20 93945 0
gene 2 9 14 98169 0 21 98169 1
gene 1 10 14 155956 0 22 155956 0
gene 3 11 14 800000 0 23 800000 1
gene 2 12 14 -258099 0 24 -258099 0
gene 3 1 15 697916 0 25 697916 1
gene 2 2 15 37314 0 26 37314 1
gene 4 3 15 -108315 0 27 -108315 0
gene 2 4 15 -793772 0 28 -793772 0
gene 2 5 15 191232 0 29 191232 1
gene 1 6 15 13563 0 30 13563 1
gene 4 7 15 359886 0 31 359886 0
gene 2 8 15 104673 0 32 104673 0
gene 2 9 15 106551 0 33 106551 0
gene 1 10 15 -24084 0 34 -24084 1
gene 3 11 15 313401 0 35 313401 0
gene 1 12 15 -545588 0 36 -545588 1
gene 4 3 71 55722 0 201 55722 0
gene 3 71 14 251292 0 202 251292 0
gene 1 13 13 359811 1 248 359811 1
gene 2 13 15 -383616 0 413 -383616 1
gene 4 10 71 -290892 0 454 -290892 1
gene 1 7 71 278292 0 542 278292 0
gene 4 8 71 184407 0 717 184407 1
gene 4 71 71 372423 1 769 372423 0
gene 4 3 289 332811 0 858 332811 0
gene 4 289 15 -97317 0 859 -97317 1
gene 2 289 14 403794 0 897 403794 1
gene 4 3 317 106668 0 942 106668 0
gene 4 317 289 565056 0 943 565056 1
gene 2 8 368 -449571 0 1081 -449571 0
gene 2 368 15 -353640 0 1082 -353640 0
gene 2 2 381 481127 0 1117 481127 1
gene 2 381 14 538218 0 1118 538218 1
gene 4 3 394 217578 0 1159 217578 0
gene 4 394 71 558024 0 1160 558024 1
gene 4 1 394 -499812 0 1362 -499812 1
gene 2 3 473 384762 0 1405 384762 1
gene 2 473 13 -800000 0 1406 -800000 1
gene 1 10 490 -164562 0 1456 -164562 1
gene 1 490 14 127179 0 1457 127179 1
gene 3 13 289 642378 0 1591 642378 1
gene 4 71 568 -81924 1 1699 -81924 0
gene 4 568 71 21207 0 1700 21207 0
gene 3 568 15 91743 0 1754 91743 1
gene 3 289 394 -90159 0 1809 -90159 0
gene 4 568 647 -431505 0 1948 -431505 1
gene 4 647 71 -48537 0 1949 -48537 0
gene 1 7 686 384003 0 2069 384003 1
gene 1 686 71 203712 0 2070 203712 0
gene 2 71 704 235527 0 2122 235527 1
gene 3 704 14 -241488 0 2123 -241488 1
gene 3 289 760 -149220 0 2296 -149220 1
gene 3 760 394 157254 0 2297 157254 1
gene 4 368 394 465207 0 2326 465207 0
gene 2 10 289 115890 0 2376 115890 1
gene 4 3 834 75135 0 2518 75135 1
gene 4 834 317 229434 0 2519 229434 1
gene 2 12 877 -232161 0 2634 -232161 0
gene 2 877 14 663897 0 2635 663897 1
gene 2 4 886 -427608 0 2665 -427608 1
gene 2 886 15 414630 0 2666 414630 0
gene 2 5 948 -685784 0 2855 -685784 0
gene 2 948 13 -35775 0 2856 -35775 0
gene 2 877 877 -800000 1 2903 -800000 1
gene 4 7 996 -692826 0 2996 -692826 1
gene 1 996 13 -360852 0 2997 -360852 1
gene 3 7 1018 9804 0 3054 9804 1
gene 4 1018 15 -322761 0 3055 -322761 1
gene 1 4 1030 504120 0 3100 504120 0
gene 1 1030 14 238422 0 3101 238422 1
gene 3 568 568 -522363 1 3154 -522363 1
gene 2 5 1107 224310 0 3308 224310 1
gene 2 1107 948 -144387 0 3309 -144387 1
gene 4 686 686 -156663 1 3352 -156663 1
gene 3 996 490 -116967 0 3408 -116967 1
gene 3 996 996 71373 1 3624 71373 0
gene 3 381 381 781568 1 3767 781568 1
gene 4 3 1283 413526 0 3832 413526 0
gene 4 1283 394 611481 0 3833 611481 1
gene 2 8 1318 689031 0 3932 689031 1
gene 2 1318 368 195066 0 3933 195066 1
gene 4 3 1334 303116 0 3987 303116 1
gene 4 1334 1283 751701 0 3988 751701 1
gene 3 6 1348 318954 0 4030 318954 1
gene 3 1348 13 293028 0 4031 293028 0
gene 3 11 1396 -631293 0 4170 -631293 1
gene 3 1396 15 46854 0 4171 46854 1
gene 2 948 1501 55395 0 4488 55395 0
gene 2 1501 13 131721 0 4489 131721 1
gene 2 948 1604 -800000 0 4780 -800000 1
gene 2 1604 1501 -36513 0 4781 -36513 1
gene 4 490 317 -656829 0 4926 -656829 0
gene 3 996 1683 -294462 1 5017 -294462 1
gene 3 1683 996 -72708 0 5018 -72708 1
gene 2 368 1699 550605 0 5067 550605 1
gene 2 1699 15 -721140 0 5068 -721140 0
gene 4 8 1396 -471306 0 5249 -471306 1
gene 2 886 1811 -399240 0 5389 -399240 1
gene 2 1811 15 -250254 0 5390 -250254 1
gene 3 12 1862 501381 0 5541 501381 1
gene 3 1862 13 116907 0 5542 116907 1
gene 3 2 1862 -29109 0 5583 -29109 1
gene 4 490 1886 40158 0 5624 40158 1
gene 4 1886 317 -800000 0 5625 -800000 1
gene 4 368 1902 -163566 0 5673 -163566 1
gene 4 1902 394 -516465 0 5674 -516465 1
gene 3 1501 686 -16071 0 5725 -16071 1
gene 2 10 2048 -491154 0 6086 -491154 1
gene 2 2048 13 97551 0 6087 97551 1
gene 2 12 2063 -360093 0 6128 -360093 1
gene 2 2063 877 -112581 0 6129 -112581 0
gene 1 473 14 353703 0 6174 353703 0
gene 2 1699 2095 296592 0 6227 296592 1
gene 2 2095 15 -460851 0 6228 -460851 1
gene 4 7 886 -12774 0 6279 -12774 1
gene 4 647 2127 365871 0 6325 365871 1
gene 4 2127 71 -354357 0 6326 -354357 1
gene 3 2 2202 41007 0 6535 41007 1
gene 3 2202 13 134361 0 6536 134361 0
gene 2 2063 2218 307560 0 6583 307560 1
gene 2 2218 877 -195594 0 6584 -195594 1
gene 4 1811 1396 -90249 0 6829 -90249 1
gene 3 1348 2385 205569 0 7077 205569 1
gene 3 2385 13 370917 0 7078 370917 1
gene 1 686 2400 -354012 0 7118 -354012 1
gene 1 2400 71 247926 0 7119 247926 1
gene 2 9 2432 -380922 0 7209 -380922 1
gene 2 2432 15 127962 0 7210 127962 1
gene 3 1318 2400 716394 0 7258 716394 1
gene 3 1699 2202 -251340 0 7477 -251340 1
gene 2 1107 14 -104379 0 7705 -104379 1
gene 1 8 2639 -170205 0 7820 -170205 1
gene 1 2639 13 57156 0 7821 57156 1
gene 1 473 2716 422064 0 8036 422064 1
gene 1 2716 14 182478 0 8037 182478 1
gene 3 2432 760 -10323 0 8258 -10323 1
gene 3 2639 1699 -268806 0 8394 -268806 1
gene 4 71 2854 561615 1 8452 561615 1
gene 4 2854 568 -404319 0 8453 -404319 1
gene 4 1396 2202 294963 0 8699 294963 1
gene 2 5 473 78768 0 8747 78768 1
gene 3 2202 3148 165432 0 9337 165432 1
gene 3 3148 13 546762 0 9338 546762 1
gene 4 1886 289 -402421 0 9379 -402421 1
gene 1 4 3190 -16497 0 9471 -16497 1
gene 1 3190 1030 -92616 0 9472 -92616 1
gene 4 2095 2095 -338676 1 9595 -338676 1
gene 1 6 3242 23247 0 9631 23247 1
gene 1 3242 14 800000 0 9632 800000 1
gene 2 8 3389 1 0 10060 0 1
gene 2 3389 14 93945 0 10061 0 1
genomeend 44


/* Organism #66 Fitness: 400.000000 Time: 0 */
/* Position #66*/
#1 x: 77 y: 24
#2 x: 18 y: 22
#3 x: 31 y: 32
#4 x: 30 y: 63
#5 x: 74 y: 82
#6 x: 20 y: 62
genomestart 66
trait 1 100000.000000 0.000000 65077.000000 92342.000000 0.000000 46966.000000 0.000000 91780.000000 trait 2 52534.000000 100000.000000 0.000000 100000.000000 0.000000 0.000000 0.000000 0.000000 trait 3 21555.000000 0.000000 74217.000000 0.000000 72769.000000 0.000000 0.000000 0.000000 trait 4 98930.000000 0.000000 63968.000000 0.000000 52848.000000 0.000000 0.000000 0.000000 node 1 1 1 3
node 2 2 1 1
node 3 4 1 1
node 4 4 1 1
node 5 1 1 1
node 6 4 1 1
node 7 3 1 1
node 8 3 1 1
node 9 3 1 1
node 10 4 1 1
node 11 4 1 1
node 12 1 1 1
node 13 1 0 2
node 14 2 0 2
node 15 4 0 2
node 24 1 0 0
node 188 3 0 0
node 222 1 0 0
node 272 1 0 0
node 301 1 0 0
node 380 1 0 0
node 393 1 0 0
node 453 4 0 0
node 469 1 0 0
node 557 1 0 0
node 729 1 0 0
node 875 1 0 0
node 927 1 0 0
node 1021 1 0 0
node 1084 1 0 0
node 1116 1 0 0
node 1234 1 0 0
node 1295 1 0 0
node 1374 1 0 0
node 1496 1 0 0
node 1522 1 0 0
node 1622 1 0 0
node 1712 1 0 0
node 1847 1 0 0
node 1890 1 0 0
node 2011 1 0 0
node 2035 1 0 0
node 2119 1 0 0
node 2161 1 0 0
node 2179 1 0 0
node 2221 1 0 0
node 2397 1 0 0
node 2505 1 0 0
node 2547 1 0 0
node 2578 1 0 0
node 2618 1 0 0
node 2697 1 0 0
node 2712 1 0 0
node 2874 1 0 0
node 2990 1 0 0
node 3002 1 0 0
node 3114 1 0 0
node 3133 1 0 0
node 3312 1 0 0
gene 1 1 13 -356910 0 1 -356910 1
gene 2 2 13 -12900 0 2 -12900 1
gene 2 3 13 367376 0 3 367376 1
gene 2 4 13 53220 0 4 53220 0
gene 3 5 13 130071 0 5 130071 1
gene 1 6 13 -244515 0 6 -244515 1
gene 3 7 13 -744159 0 7 -744159 1
gene 1 8 13 148824 0 8 148824 0
gene 4 9 13 86016 0 9 86016 1
gene 2 10 13 -800000 0 10 -800000 1
gene 3 11 13 800000 0 11 800000 1
gene 4 12 13 132738 0 12 132738 0
gene 1 1 14 394425 0 13 394425 1
gene 1 2 14 284511 0 14 284511 1
gene 2 3 14 86982 0 15 86982 1
gene 2 4 14 -41745 0 16 -41745 1
gene 1 5 14 21942 0 17 21942 1
gene 2 6 14 478044 0 18 478044 0
gene 3 7 14 -787514 0 19 -787514 0
gene 3 8 14 222021 0 20 222021 1
gene 3 9 14 398625 0 21 398625 0
gene 2 10 14 -576797 0 22 -576797 1
gene 3 11 14 -379361 0 23 -379361 0
gene 2 12 14 190236 0 24 190236 1
gene 2 1 15 -4272 0 25 -4272 1
gene 3 2 15 175737 0 26 175737 1
gene 4 3 15 -441515 0 27 -441515 0
gene 1 4 15 -443757 0 28 -443757 0
gene 4 5 15 -34740 0 29 -34740 1
gene 2 6 15 10842 0 30 10842 1
gene 4 7 15 164145 0 31 164145 0
gene 2 8 15 -58983 0 32 -58983 0
gene 2 9 15 276591 0 33 276591 0
gene 2 10 15 -693702 0 34 -693702 0
gene 3 11 15 66846 0 35 66846 0
gene 2 12 15 -544710 0 36 -544710 0
gene 4 4 24 320763 0 62 320763 1
gene 3 24 13 -600444 0 63 -600444 1
gene 1 24 24 345636 1 127 345636 0
gene 3 15 13 527234 0 293 527234 1
gene 2 7 24 303792 0 408 303792 0
gene 3 7 188 94719 0 526 94719 1
gene 3 188 14 -156273 0 527 -156273 1
gene 2 9 222 -171264 0 645 -171264 0
gene 2 222 15 -378384 0 646 -378384 1
gene 3 3 272 -205434 0 798 -205434 1
gene 3 272 15 -800000 0 799 -800000 0
gene 3 3 24 -88737 0 850 -88737 1
gene 1 24 301 410460 1 893 410460 0
gene 1 301 24 -556011 0 894 -556011 0
gene 1 188 188 220020 1 934 220020 1
gene 3 4 188 34529 0 1080 34529 1
gene 2 6 380 -646584 0 1115 -646584 1
gene 2 380 14 -304440 0 1116 -304440 1
gene 1 4 393 -800000 0 1157 -800000 1
gene 1 393 15 153921 0 1158 153921 1
gene 1 15 380 156600 0 1196 156600 1
gene 2 12 188 -26289 0 1302 -26289 0
gene 2 9 453 387594 0 1346 387594 1
gene 2 453 222 7713 0 1347 7713 1
gene 1 24 469 237792 1 1394 237792 0
gene 1 469 301 -61176 0 1395 -61176 0
gene 3 222 24 526653 0 1576 526653 1
gene 4 3 188 39195 0 1616 39195 1
gene 3 272 557 159495 0 1666 159495 1
gene 1 557 15 -239844 0 1667 -239844 0
gene 1 6 272 342807 0 1830 342807 0
gene 4 12 380 -216336 0 1879 -216336 0
gene 1 469 729 93276 0 2197 93276 1
gene 1 729 301 208074 0 2198 208074 1
gene 2 14 301 286875 0 2244 286875 0
gene 1 188 380 -129413 0 2284 -129413 1
gene 3 8 875 -40566 0 2630 -40566 0
gene 1 875 13 -17235 0 2631 -17235 1
gene 4 12 927 67104 0 2791 67104 1
gene 4 927 380 114375 0 2792 114375 1
gene 2 393 380 -513098 0 3014 -513098 1
gene 2 7 1021 135102 0 3066 135102 1
gene 2 1021 24 68307 0 3067 68307 0
gene 1 8 1084 227718 0 3243 227718 0
gene 1 1084 875 -477375 0 3244 -477375 0
gene 4 188 927 23649 0 3297 23649 1
gene 1 1084 1116 392331 0 3335 392331 1
gene 1 1116 875 -264723 0 3336 -264723 0
gene 1 222 469 -438810 0 3394 -438810 1
gene 1 8 1234 261351 0 3693 261351 1
gene 1 1234 1084 -266637 0 3694 -266637 1
gene 1 301 1295 -40482 0 3863 -40482 1
gene 1 1295 24 418194 0 3864 418194 1
gene 1 2 393 -280557 0 3943 -280557 1
gene 4 1084 1084 586694 1 4053 586694 1
gene 3 1295 1084 358746 0 4076 358746 1
gene 1 1116 1374 -717633 0 4119 -717633 1
gene 1 1374 875 -12906 0 4120 -12906 1
gene 2 272 1084 -275427 0 4218 -275427 1
gene 2 12 1496 544407 0 4474 544407 1
gene 2 1496 15 236397 0 4475 236397 1
gene 1 557 1522 -296004 0 4546 -296004 1
gene 1 1522 15 -180882 0 4547 -180882 1
gene 3 1116 1021 -19320 0 4657 -19320 0
gene 3 9 380 546864 0 4725 546864 1
gene 2 12 1622 -224109 0 4831 -224109 0
gene 2 1622 188 -71127 0 4832 -71127 1
gene 4 453 453 209157 1 4965 209157 0
gene 2 8 1712 -497016 0 5099 -497016 1
gene 2 1712 15 -438152 0 5100 -438152 0
gene 1 6 1847 98910 0 5495 98910 1
gene 1 1847 272 -473810 0 5496 -473810 1
gene 3 9 1890 -428742 0 5636 -428742 0
gene 3 1890 14 -258981 0 5637 -258981 1
gene 4 1116 13 123804 0 5838 123804 1
gene 1 9 1712 -249513 0 5937 -249513 1
gene 1 24 2011 604353 1 5985 604353 1
gene 1 2011 469 142059 0 5986 142059 1
gene 2 1712 2035 436899 0 6047 436899 0
gene 2 2035 15 -21714 0 6048 -21714 1
gene 3 927 1084 189363 0 6090 189363 0
gene 4 1847 453 297420 0 6145 297420 1
gene 2 1712 2119 -30480 0 6302 -30480 1
gene 2 2119 2035 -209604 0 6303 -209604 1
gene 3 9 2161 -259524 0 6421 -259524 1
gene 3 2161 1890 -175737 0 6422 -175737 0
gene 4 453 2179 266109 1 6471 266109 0
gene 4 2179 453 635154 0 6472 635154 1
gene 4 7 2221 -360711 0 6590 -360711 0
gene 4 2221 15 54150 0 6591 54150 1
gene 2 1295 1021 304194 0 6920 304194 1
gene 4 2011 393 800000 0 7009 800000 1
gene 3 1295 557 548022 1 7060 548022 1
gene 3 11 2397 195831 0 7109 195831 1
gene 3 2397 14 269274 0 7110 269274 1
gene 3 469 272 312111 0 7207 312111 1
gene 2 14 2505 -503121 0 7409 -503121 1
gene 2 2505 301 -727469 0 7410 -727469 1
gene 4 7 2547 -268503 0 7531 -268503 1
gene 4 2547 2221 125268 0 7532 125268 0
gene 3 927 2578 -544341 0 7639 -544341 1
gene 3 2578 1084 -605472 0 7640 -605472 1
gene 2 12 2618 224790 0 7758 224790 1
gene 2 2618 1622 81030 0 7759 81030 1
gene 3 2161 2697 3525 0 7981 3525 1
gene 3 2697 1890 8847 0 7982 8847 1
gene 3 1116 2712 190998 0 8023 190998 1
gene 3 2712 1021 -201861 0 8024 -201861 1
gene 1 2 1234 40902 0 8214 40902 1
gene 4 1295 2578 192015 0 8265 192015 1
gene 1 4 729 -127470 0 8317 -127470 1
gene 2 1021 2874 -79386 0 8528 -79386 1
gene 2 2874 24 -101244 0 8529 -101244 1
gene 3 393 393 -158526 1 8658 -158526 1
gene 3 11 2990 -41946 0 8870 -41946 1
gene 3 2990 15 -487191 0 8871 -487191 1
gene 2 10 3002 146073 0 8905 146073 1
gene 1 3002 15 261117 0 8906 261117 1
gene 4 453 3114 -69708 1 9247 -69708 1
gene 4 3114 2179 -95430 0 9248 -95430 1
gene 4 12 3133 -257940 0 9298 -257940 1
gene 4 3133 13 -328134 0 9299 -328134 1
gene 4 2547 3312 106377 0 9828 106377 1
gene 4 3312 2221 -101448 0 9829 -101448 1
gene 4 2221 222 224919 0 9873 224919 1
gene 4 3114 1847 273143 0 9984 273143 1
genomeend 66


