/* Organism #0 Fitness: 160.000000 Time: 0 */
/* Position #0*/
#1 x: 80 y: 17
#2 x: 61 y: 18
#3 x: 75 y: 19
#4 x: 60 y: 66
#5 x: 43 y: 67
#6 x: 40 y: 85
genomestart 0
trait 1 1.000000 95983.000000 0.000000 0.000000 0.000000 0.000000 0.000000 0.000000 trait 2 0.000000 41995.000000 0.000000 0.000000 0.000000 4712.000000 100000.000000 0.000000 trait 3 3.000000 0.000000 0.000000 83554.000000 0.000000 0.000000 0.000000 0.000000 trait 4 4.000000 0.000000 0.000000 0.000000 0.000000 0.000000 0.000000 0.000000 node 1 2 1 3
node 2 2 1 1
node 3 3 1 1
node 4 1 1 1
node 5 1 1 1
node 6 3 1 1
node 7 1 1 1
node 8 1 1 1
node 9 1 1 1
node 10 1 1 1
node 11 1 1 1
node 12 1 1 1
node 13 3 0 2
node 14 2 0 2
node 15 3 0 2
node 21 4 0 0
node 37 1 0 0
node 50 1 0 0
node 63 1 0 0
node 74 2 0 0
node 197 1 0 0
node 459 1 0 0
node 526 1 0 0
node 555 1 0 0
node 573 1 0 0
node 592 1 0 0
node 670 1 0 0
node 825 1 0 0
node 895 1 0 0
node 913 1 0 0
node 927 1 0 0
node 1124 1 0 0
node 1139 3 0 0
node 1152 1 0 0
node 1207 1 0 0
node 1246 1 0 0
node 1288 1 0 0
node 1349 1 0 0
node 1417 3 0 0
node 1612 1 0 0
node 1630 1 0 0
node 1718 1 0 0
node 1793 1 0 0
node 1839 1 0 0
node 1879 1 0 0
node 1908 1 0 0
node 1954 1 0 0
node 1983 1 0 0
node 2151 1 0 0
gene 3 1 13 -299295 0 1 -299295 1
gene 4 2 13 565014 0 2 565014 0
gene 3 3 13 -153435 0 3 -153435 1
gene 2 4 13 -206730 0 4 -206730 1
gene 1 5 13 638139 0 5 638139 1
gene 2 6 13 -47052 0 6 -47052 1
gene 1 7 13 794333 0 7 794333 1
gene 2 8 13 -800000 0 8 -800000 1
gene 2 9 13 123111 0 9 123111 0
gene 4 10 13 -190104 0 10 -190104 1
gene 2 11 13 328683 0 11 328683 0
gene 2 12 13 193818 0 12 193818 0
gene 4 1 14 799692 0 13 799692 1
gene 3 2 14 702161 0 14 702161 1
gene 2 3 14 370824 0 15 370824 1
gene 3 4 14 -133842 0 16 -133842 1
gene 2 5 14 -411540 0 17 -411540 0
gene 4 6 14 196743 0 18 196743 0
gene 1 7 14 -327525 0 19 -327525 1
gene 1 8 14 331596 0 20 331596 0
gene 1 9 14 -43617 0 21 -43617 0
gene 3 10 14 -800000 0 22 -800000 1
gene 2 11 14 611903 0 23 611903 0
gene 2 12 14 90714 0 24 90714 0
gene 3 1 15 -196539 0 25 -196539 1
gene 4 2 15 694608 0 26 694608 0
gene 2 3 15 219201 0 27 219201 1
gene 2 4 15 -553265 0 28 -553265 1
gene 1 5 15 -172782 0 29 -172782 0
gene 1 6 15 -800000 0 30 -800000 1
gene 4 7 15 800000 0 31 800000 1
gene 1 8 15 -33975 0 32 -33975 1
gene 4 9 15 -800000 0 33 -800000 0
gene 4 10 15 321459 0 34 321459 0
gene 3 11 15 297486 0 35 297486 0
gene 2 12 15 -800000 0 36 -800000 1
gene 2 12 21 -800000 0 50 -800000 1
gene 2 21 14 697743 0 51 697743 0
gene 4 2 37 -53454 0 92 -53454 0
gene 4 37 13 -581480 0 93 -581480 1
gene 4 2 50 -563145 0 130 -563145 1
gene 4 50 37 800000 0 131 800000 1
gene 1 11 63 227247 0 166 227247 1
gene 1 63 14 -548994 0 167 -548994 1
gene 2 5 74 -202059 0 204 -202059 1
gene 2 74 14 -254634 0 205 -254634 0
gene 4 5 37 530276 0 419 530276 1
gene 3 6 21 -800000 0 547 -800000 1
gene 4 2 197 508013 0 591 508013 0
gene 4 197 15 -129933 0 592 -129933 1
gene 3 14 50 -38373 0 781 -38373 0
gene 4 9 74 -158295 0 1104 -158295 1
gene 2 9 459 800000 0 1406 800000 1
gene 2 459 13 -276525 0 1407 -276525 1
gene 1 9 526 315903 0 1593 315903 1
gene 1 526 14 -578993 0 1594 -578993 1
gene 2 74 555 -595370 0 1680 -595370 0
gene 2 555 14 563094 0 1681 563094 0
gene 1 5 573 -301590 0 1732 -301590 0
gene 1 573 15 196245 0 1733 196245 0
gene 1 573 592 -149499 0 1786 -149499 1
gene 1 592 15 -800000 0 1787 -800000 1
gene 2 21 670 -461030 0 2012 -461030 0
gene 2 670 14 -117219 0 2013 -117219 0
gene 4 63 50 -657050 0 2239 -657050 0
gene 3 74 74 -643505 1 2345 -643505 1
gene 1 8 825 800000 0 2466 800000 0
gene 1 825 14 800000 0 2467 800000 1
gene 2 10 895 -637581 0 2679 -637581 1
gene 2 895 15 -43602 0 2680 -43602 1
gene 2 74 913 -188901 0 2725 -188901 0
gene 2 913 555 -462012 0 2726 -462012 1
gene 2 11 927 -253506 0 2769 -253506 1
gene 2 927 13 600782 0 2770 600782 1
gene 1 555 197 -800000 0 2872 -800000 1
gene 2 459 459 20954 1 3224 20954 1
gene 3 11 1124 -147375 0 3336 -147375 1
gene 3 1124 15 -152031 0 3337 -152031 0
gene 2 670 1139 -107490 0 3378 -107490 1
gene 2 1139 14 87231 0 3379 87231 1
gene 1 8 1152 800000 0 3420 800000 0
gene 1 1152 825 -370848 0 3421 -370848 1
gene 1 895 895 -51435 1 3523 -51435 1
gene 1 8 1207 -644766 0 3577 -644766 1
gene 1 1207 1152 -9060 0 3578 -9060 1
gene 3 1124 1246 -74193 0 3704 -74193 1
gene 4 1246 15 428853 0 3705 428853 1
gene 4 9 1288 800000 0 3815 800000 1
gene 4 1288 15 271029 0 3816 271029 1
gene 4 6 1349 -406965 0 3992 -406965 1
gene 4 1349 14 -514169 0 3993 -514169 1
gene 2 555 1417 603152 0 4178 603152 0
gene 2 1417 14 118959 0 4179 118959 1
gene 3 10 459 273708 0 4512 273708 1
gene 4 526 459 -81636 0 4655 -81636 1
gene 2 21 1612 548991 0 4747 548991 1
gene 2 1612 670 -92388 0 4748 -92388 0
gene 4 12 1630 -62436 0 4801 -62436 1
gene 4 1630 13 131649 0 4802 131649 1
gene 2 1612 1718 -444096 0 5065 -444096 1
gene 2 1718 670 145074 0 5066 145074 1
gene 2 555 1793 269328 0 5302 269328 1
gene 2 1793 1417 254268 0 5303 254268 1
gene 4 63 1839 -257976 0 5440 -257976 1
gene 4 1839 50 122418 0 5441 122418 0
gene 2 63 670 -194652 0 5494 -194652 1
gene 1 63 1612 722142 0 5525 722142 1
gene 1 5 1879 142941 0 5567 142941 1
gene 1 1879 573 139833 0 5568 139833 1
gene 2 74 1908 -415935 0 5668 -415935 1
gene 2 1908 913 220953 0 5669 220953 1
gene 4 1839 1954 -349542 0 5788 -349542 1
gene 4 1954 50 30837 0 5789 30837 1
gene 4 2 1983 -214668 0 5877 -214668 1
gene 4 1983 197 14679 0 5878 14679 1
gene 1 526 526 -235598 1 6175 -235598 1
gene 3 14 2151 1 0 6393 0 1
gene 3 2151 50 -38373 0 6394 0 1
genomeend 0


/* Organism #18 Fitness: 180.000000 Time: 0 */
/* Position #18*/
#1 x: 26 y: 21
#2 x: 18 y: 24
#3 x: 23 y: 20
#4 x: 24 y: 64
#5 x: 17 y: 66
#6 x: 34 y: 83
genomestart 18
trait 1 1.000000 0.000000 0.000000 92568.000000 0.000000 0.000000 0.000000 8336.000000 trait 2 0.000000 9751.000000 0.000000 0.000000 0.000000 0.000000 96900.000000 25558.000000 trait 3 50217.000000 0.000000 23916.000000 0.000000 0.000000 78029.000000 0.000000 37252.000000 trait 4 93467.000000 0.000000 0.000000 81320.000000 49360.000000 0.000000 7697.000000 72106.000000 node 1 3 1 3
node 2 3 1 1
node 3 3 1 1
node 4 2 1 1
node 5 3 1 1
node 6 1 1 1
node 7 1 1 1
node 8 1 1 1
node 9 3 1 1
node 10 1 1 1
node 11 2 1 1
node 12 2 1 1
node 13 4 0 2
node 14 1 0 2
node 15 2 0 2
node 25 1 0 0
node 82 1 0 0
node 170 4 0 0
node 261 1 0 0
node 311 1 0 0
node 499 1 0 0
node 510 1 0 0
node 538 2 0 0
node 612 1 0 0
node 623 1 0 0
node 700 1 0 0
node 1216 2 0 0
node 1276 1 0 0
node 1425 1 0 0
node 1574 1 0 0
node 1625 1 0 0
node 1636 1 0 0
node 1668 1 0 0
node 1808 1 0 0
node 1947 1 0 0
node 1968 1 0 0
node 1981 1 0 0
node 2075 1 0 0
node 2110 1 0 0
node 2157 1 0 0
gene 3 1 13 84423 0 1 84423 1
gene 1 2 13 316980 0 2 316980 0
gene 3 3 13 -23304 0 3 -23304 1
gene 2 4 13 505572 0 4 505572 1
gene 4 5 13 711002 0 5 711002 1
gene 3 6 13 -424463 0 6 -424463 1
gene 4 7 13 732231 0 7 732231 1
gene 2 8 13 -284169 0 8 -284169 1
gene 1 9 13 -403932 0 9 -403932 0
gene 1 10 13 247461 0 10 247461 1
gene 1 11 13 -3513 0 11 -3513 1
gene 2 12 13 -145535 0 12 -145535 1
gene 3 1 14 -800000 0 13 -800000 1
gene 3 2 14 -326001 0 14 -326001 0
gene 4 3 14 -662733 0 15 -662733 0
gene 4 4 14 -60906 0 16 -60906 1
gene 2 5 14 -800000 0 17 -800000 0
gene 2 6 14 -199791 0 18 -199791 0
gene 4 7 14 332058 0 19 332058 1
gene 1 8 14 -473874 0 20 -473874 1
gene 1 9 14 -476925 0 21 -476925 1
gene 2 10 14 103638 0 22 103638 1
gene 1 11 14 768 0 23 768 0
gene 2 12 14 -184608 0 24 -184608 0
gene 4 1 15 -224277 0 25 -224277 1
gene 3 2 15 -445713 0 26 -445713 0
gene 4 3 15 -722823 0 27 -722823 0
gene 3 4 15 -397806 0 28 -397806 0
gene 3 5 15 597653 0 29 597653 1
gene 3 6 15 -142887 0 30 -142887 1
gene 3 7 15 88401 0 31 88401 0
gene 3 8 15 18519 0 32 18519 1
gene 4 9 15 -800000 0 33 -800000 1
gene 1 10 15 -389960 0 34 -389960 1
gene 4 11 15 21783 0 35 21783 1
gene 2 12 15 430572 0 36 430572 0
gene 1 11 25 21758 0 61 21758 0
gene 1 25 14 -275847 0 62 -275847 1
gene 1 6 82 357651 0 224 357651 1
gene 2 82 14 415917 0 225 415917 0
gene 1 8 25 400479 0 355 400479 1
gene 4 13 15 -388961 0 468 -388961 1
gene 2 82 170 -800000 0 506 -800000 1
gene 2 170 14 37899 0 507 37899 1
gene 2 13 13 -277907 1 563 -277907 1
gene 1 3 25 -665778 0 600 -665778 1
gene 4 12 25 78424 0 644 78424 1
gene 3 5 25 177360 0 701 177360 1
gene 1 2 261 -386028 0 793 -386028 1
gene 1 261 13 -800000 0 794 -800000 0
gene 2 2 311 104118 0 939 104118 1
gene 3 311 14 800000 0 940 800000 0
gene 3 3 311 624489 0 1098 624489 1
gene 3 2 499 -292922 0 1513 -292922 1
gene 3 499 15 -533115 0 1514 -533115 0
gene 2 5 510 -37128 0 1553 -37128 1
gene 2 510 14 -445269 0 1554 -445269 1
gene 3 311 538 -697466 0 1631 -697466 1
gene 3 538 14 -444588 0 1632 -444588 1
gene 4 3 612 515856 0 1835 515856 1
gene 4 612 14 -32046 0 1836 -32046 0
gene 4 3 623 -245721 0 1874 -245721 1
gene 4 623 15 800000 0 1875 800000 1
gene 4 170 13 -562782 0 1931 -562782 1
gene 4 538 538 -535808 1 1978 -535808 0
gene 4 538 700 658634 1 2098 658634 1
gene 4 700 538 715233 0 2099 715233 1
gene 4 170 538 -209805 0 2150 -209805 1
gene 1 261 510 -286498 0 2194 -286498 1
gene 4 25 499 358401 0 2387 358401 1
gene 1 5 170 -371982 0 2622 -371982 1
gene 2 25 510 785523 0 3061 785523 1
gene 2 700 700 -418241 1 3103 -418241 0
gene 1 170 170 -144390 1 3316 -144390 1
gene 2 311 15 -285984 0 3413 -285984 1
gene 4 700 499 -186699 0 3560 -186699 1
gene 1 11 1216 292665 0 3603 292665 1
gene 1 1216 25 -800000 0 3604 -800000 1
gene 4 14 623 -135645 0 3763 -135645 1
gene 3 499 1276 412473 0 3782 412473 1
gene 3 1276 15 -285942 0 3783 -285942 1
gene 2 510 15 445299 0 3838 445299 1
gene 1 9 1425 -178875 0 4198 -178875 0
gene 1 1425 13 682752 0 4199 682752 1
gene 4 13 14 21981 0 4418 21981 1
gene 4 12 170 268065 0 4525 268065 1
gene 2 700 1574 633738 1 4636 633738 1
gene 2 1574 700 -588018 0 4637 -588018 1
gene 2 12 1625 198300 0 4779 198300 1
gene 2 1625 14 -122172 0 4780 -122172 1
gene 1 261 1636 460191 0 4817 460191 1
gene 1 1636 13 54909 0 4818 54909 0
gene 2 12 1668 604734 0 4916 604734 1
gene 2 1668 15 214779 0 4917 214779 1
gene 3 1636 538 450240 0 5184 450240 0
gene 3 7 1808 -15234 0 5347 -15234 1
gene 3 1808 15 -57114 0 5348 -57114 0
gene 3 9 25 -112914 0 5738 -112914 1
gene 1 9 1947 -161127 0 5770 -161127 1
gene 1 1947 1425 394824 0 5771 394824 1
gene 4 612 1968 99591 0 5826 99591 1
gene 4 1968 14 222417 0 5827 222417 1
gene 3 1636 1981 125808 0 5869 125808 1
gene 3 1981 538 85641 0 5870 85641 1
gene 1 1636 2075 -71508 0 6164 -71508 1
gene 1 2075 13 130920 0 6165 130920 1
gene 3 1808 2110 1 0 6269 0 1
gene 3 2110 15 -57114 0 6270 0 1
gene 2 2110 538 24021 0 6301 24021 1
gene 3 4 2157 1 0 6412 0 1
gene 3 2157 15 -397806 0 6413 0 1
genomeend 18


/* Organism #19 Fitness: 160.000000 Time: 0 */
/* Position #19*/
#1 x: 26 y: 21
#2 x: 18 y: 24
#3 x: 23 y: 20
#4 x: 24 y: 64
#5 x: 17 y: 66
#6 x: 34 y: 83
genomestart 19
trait 1 1.000000 0.000000 0.000000 0.000000 0.000000 0.000000 0.000000 0.000000 trait 2 0.000000 41995.000000 0.000000 0.000000 0.000000 4712.000000 100000.000000 0.000000 trait 3 3.000000 0.000000 0.000000 83554.000000 0.000000 0.000000 0.000000 0.000000 trait 4 4.000000 0.000000 0.000000 0.000000 0.000000 0.000000 0.000000 0.000000 node 1 2 1 3
node 2 2 1 1
node 3 3 1 1
node 4 1 1 1
node 5 4 1 1
node 6 3 1 1
node 7 1 1 1
node 8 1 1 1
node 9 2 1 1
node 10 1 1 1
node 11 1 1 1
node 12 1 1 1
node 13 3 0 2
node 14 2 0 2
node 15 3 0 2
node 21 4 0 0
node 37 1 0 0
node 50 1 0 0
node 63 1 0 0
node 74 2 0 0
node 197 1 0 0
node 459 1 0 0
node 526 1 0 0
node 555 1 0 0
node 573 1 0 0
node 592 1 0 0
node 670 1 0 0
node 825 1 0 0
node 895 1 0 0
node 913 1 0 0
node 927 1 0 0
node 1124 1 0 0
node 1139 1 0 0
node 1152 1 0 0
node 1207 1 0 0
node 1246 1 0 0
node 1288 1 0 0
node 1349 1 0 0
node 1417 1 0 0
node 1524 1 0 0
node 1542 1 0 0
node 1621 1 0 0
node 1676 1 0 0
node 1687 1 0 0
node 1986 1 0 0
node 2010 1 0 0
node 2143 1 0 0
node 2158 1 0 0
gene 3 1 13 406575 0 1 406575 1
gene 4 2 13 -166239 0 2 -166239 0
gene 3 3 13 -418454 0 3 -418454 1
gene 2 4 13 -259352 0 4 -259352 1
gene 1 5 13 -800000 0 5 -800000 0
gene 2 6 13 -34659 0 6 -34659 1
gene 1 7 13 573408 0 7 573408 1
gene 2 8 13 45715 0 8 45715 1
gene 2 9 13 219333 0 9 219333 0
gene 4 10 13 -800000 0 10 -800000 1
gene 2 11 13 -105309 0 11 -105309 0
gene 4 12 13 -98550 0 12 -98550 1
gene 4 1 14 -191808 0 13 -191808 1
gene 3 2 14 502493 0 14 502493 1
gene 2 3 14 800000 0 15 800000 0
gene 3 4 14 162111 0 16 162111 1
gene 2 5 14 -403664 0 17 -403664 0
gene 4 6 14 -423065 0 18 -423065 0
gene 1 7 14 -538622 0 19 -538622 1
gene 1 8 14 217116 0 20 217116 0
gene 1 9 14 -261750 0 21 -261750 0
gene 3 10 14 31527 0 22 31527 1
gene 2 11 14 -800000 0 23 -800000 0
gene 2 12 14 145049 0 24 145049 0
gene 3 1 15 6504 0 25 6504 1
gene 4 2 15 -807 0 26 -807 0
gene 2 3 15 -446373 0 27 -446373 1
gene 2 4 15 605721 0 28 605721 1
gene 1 5 15 401520 0 29 401520 0
gene 1 6 15 800000 0 30 800000 1
gene 4 7 15 -570047 0 31 -570047 1
gene 1 8 15 543347 0 32 543347 0
gene 4 9 15 170745 0 33 170745 0
gene 2 10 15 -419958 0 34 -419958 0
gene 3 11 15 514155 0 35 514155 0
gene 2 12 15 -16545 0 36 -16545 1
gene 2 12 21 258009 0 50 258009 1
gene 2 21 14 34455 0 51 34455 0
gene 4 2 37 -571917 0 92 -571917 0
gene 4 37 13 131244 0 93 131244 1
gene 4 2 50 -345033 0 130 -345033 1
gene 4 50 37 489938 0 131 489938 1
gene 1 11 63 -15558 0 166 -15558 1
gene 1 63 14 111144 0 167 111144 0
gene 2 5 74 -352152 0 204 -352152 1
gene 2 74 14 190686 0 205 190686 0
gene 4 5 37 -218586 0 419 -218586 1
gene 3 6 21 251472 0 547 251472 1
gene 4 2 197 -147138 0 591 -147138 1
gene 4 197 15 -414735 0 592 -414735 1
gene 3 14 50 237204 0 781 237204 1
gene 4 9 74 -140067 0 1104 -140067 1
gene 2 9 459 17979 0 1406 17979 1
gene 1 459 13 -456834 0 1407 -456834 1
gene 1 9 526 254609 0 1593 254609 1
gene 1 526 14 -608325 0 1594 -608325 0
gene 2 74 555 -67680 0 1680 -67680 0
gene 4 555 14 148773 0 1681 148773 0
gene 1 5 573 -513678 0 1732 -513678 1
gene 1 573 15 -228186 0 1733 -228186 0
gene 1 573 592 -280305 0 1786 -280305 1
gene 1 592 15 511983 0 1787 511983 1
gene 2 21 670 226303 0 2012 226303 1
gene 2 670 14 -616926 0 2013 -616926 0
gene 4 63 50 678662 0 2239 678662 1
gene 3 74 74 791003 1 2345 791003 1
gene 1 8 825 -147213 0 2466 -147213 0
gene 1 825 14 20391 0 2467 20391 1
gene 2 10 895 -500073 0 2679 -500073 1
gene 2 895 15 105615 0 2680 105615 1
gene 2 74 913 -798858 0 2725 -798858 1
gene 2 913 555 -482165 0 2726 -482165 1
gene 2 11 927 717054 0 2769 717054 1
gene 2 927 13 332238 0 2770 332238 1
gene 1 555 197 102414 0 2872 102414 1
gene 2 459 459 434157 1 3224 434157 0
gene 3 11 1124 461208 0 3336 461208 0
gene 3 1124 15 -727731 0 3337 -727731 0
gene 2 670 1139 254121 0 3378 254121 1
gene 2 1139 14 800000 0 3379 800000 1
gene 1 8 1152 800000 0 3420 800000 0
gene 1 1152 825 563352 0 3421 563352 1
gene 1 895 895 -78003 1 3523 -78003 1
gene 1 8 1207 782357 0 3577 782357 1
gene 1 1207 1152 -437093 0 3578 -437093 1
gene 3 1124 1246 531675 0 3704 531675 1
gene 3 1246 15 -114597 0 3705 -114597 1
gene 4 9 1288 367185 0 3815 367185 1
gene 4 1288 15 -19260 0 3816 -19260 1
gene 4 6 1349 -72108 0 3992 -72108 0
gene 3 1349 14 300441 0 3993 300441 1
gene 2 555 1417 -769430 0 4178 -769430 0
gene 2 1417 14 -478038 0 4179 -478038 1
gene 1 8 1524 140904 0 4491 140904 1
gene 1 1524 15 265896 0 4492 265896 1
gene 2 3 1542 132210 0 4543 132210 1
gene 2 1542 14 216927 0 4544 216927 1
gene 1 1288 197 -44571 0 4594 -44571 1
gene 3 8 63 106872 0 4729 106872 1
gene 3 11 1621 -152406 0 4768 -152406 1
gene 3 1621 1124 -99354 0 4769 -99354 1
gene 4 6 1676 -289518 0 4939 -289518 1
gene 4 1676 1349 167862 0 4940 167862 1
gene 1 526 1687 303801 0 4973 303801 1
gene 1 1687 14 508755 0 4974 508755 1
gene 2 14 37 -94584 0 5239 -94584 1
gene 3 895 573 308949 0 5433 308949 1
gene 4 1 1152 -235335 0 5681 -235335 1
gene 2 1417 21 178431 0 5848 178431 1
gene 1 5 1986 143175 0 5888 143175 1
gene 1 1986 13 -326064 0 5889 -326064 1
gene 2 9 21 -372351 0 5922 -372351 1
gene 2 555 2010 -263562 0 5963 -263562 1
gene 2 2010 1417 -137268 0 5964 -137268 1
gene 3 37 37 -482268 1 6006 -482268 1
gene 1 63 2143 1 0 6362 0 1
gene 1 2143 14 111144 0 6363 0 1
gene 2 459 2158 1 1 6414 0 1
gene 2 2158 459 434157 0 6415 0 1
genomeend 19


/* Organism #28 Fitness: 180.000000 Time: 0 */
/* Position #28*/
#1 x: 41 y: 21
#2 x: 46 y: 21
#3 x: 24 y: 19
#4 x: 16 y: 76
#5 x: 47 y: 60
#6 x: 24 y: 68
genomestart 28
trait 1 1.000000 0.000000 0.000000 0.000000 0.000000 0.000000 0.000000 0.000000 trait 2 0.000000 41995.000000 0.000000 15340.000000 0.000000 0.000000 100000.000000 0.000000 trait 3 3.000000 0.000000 0.000000 83554.000000 0.000000 0.000000 0.000000 0.000000 trait 4 4.000000 0.000000 0.000000 0.000000 0.000000 0.000000 0.000000 0.000000 node 1 2 1 3
node 2 2 1 1
node 3 3 1 1
node 4 1 1 1
node 5 1 1 1
node 6 3 1 1
node 7 1 1 1
node 8 1 1 1
node 9 3 1 1
node 10 1 1 1
node 11 1 1 1
node 12 1 1 1
node 13 3 0 2
node 14 2 0 2
node 15 3 0 2
node 21 4 0 0
node 37 1 0 0
node 50 1 0 0
node 63 1 0 0
node 74 2 0 0
node 197 1 0 0
node 459 1 0 0
node 526 1 0 0
node 555 1 0 0
node 573 1 0 0
node 592 1 0 0
node 670 3 0 0
node 825 1 0 0
node 895 1 0 0
node 913 1 0 0
node 927 1 0 0
node 1124 1 0 0
node 1139 1 0 0
node 1152 1 0 0
node 1207 1 0 0
node 1246 1 0 0
node 1288 3 0 0
node 1349 1 0 0
node 1417 1 0 0
node 1589 1 0 0
node 1861 1 0 0
node 1943 1 0 0
node 2133 1 0 0
node 2146 1 0 0
gene 3 1 13 -216759 0 1 -216759 1
gene 4 2 13 -62928 0 2 -62928 0
gene 3 3 13 -552438 0 3 -552438 1
gene 2 4 13 328137 0 4 328137 1
gene 1 5 13 -73554 0 5 -73554 1
gene 2 6 13 -800000 0 6 -800000 1
gene 1 7 13 -168270 0 7 -168270 1
gene 2 8 13 230760 0 8 230760 1
gene 2 9 13 756204 0 9 756204 0
gene 4 10 13 -135762 0 10 -135762 1
gene 2 11 13 177099 0 11 177099 0
gene 4 12 13 88131 0 12 88131 1
gene 4 1 14 162318 0 13 162318 1
gene 3 2 14 -64737 0 14 -64737 1
gene 2 3 14 -448269 0 15 -448269 1
gene 3 4 14 -218430 0 16 -218430 1
gene 2 5 14 -161343 0 17 -161343 0
gene 4 6 14 3003 0 18 3003 0
gene 1 7 14 -312216 0 19 -312216 1
gene 1 8 14 168918 0 20 168918 0
gene 2 9 14 269694 0 21 269694 0
gene 3 10 14 -212100 0 22 -212100 1
gene 2 11 14 651867 0 23 651867 0
gene 2 12 14 -71298 0 24 -71298 0
gene 3 1 15 -611652 0 25 -611652 1
gene 4 2 15 197517 0 26 197517 0
gene 2 3 15 202167 0 27 202167 1
gene 2 4 15 -91218 0 28 -91218 1
gene 1 5 15 526041 0 29 526041 0
gene 1 6 15 452739 0 30 452739 1
gene 4 7 15 68361 0 31 68361 1
gene 1 8 15 470064 0 32 470064 1
gene 4 9 15 -530715 0 33 -530715 0
gene 2 10 15 -699669 0 34 -699669 0
gene 3 11 15 258624 0 35 258624 0
gene 2 12 15 165447 0 36 165447 1
gene 2 12 21 -356787 0 50 -356787 1
gene 2 21 14 295722 0 51 295722 0
gene 4 2 37 -225879 0 92 -225879 0
gene 4 37 13 800000 0 93 800000 0
gene 4 2 50 67638 0 130 67638 0
gene 4 50 37 185649 0 131 185649 1
gene 1 11 63 132003 0 166 132003 1
gene 1 63 14 -680946 0 167 -680946 1
gene 2 5 74 165444 0 204 165444 1
gene 2 74 14 -38274 0 205 -38274 0
gene 4 5 37 157467 0 419 157467 1
gene 3 6 21 224016 0 547 224016 1
gene 4 2 197 -359982 0 591 -359982 1
gene 4 197 15 312480 0 592 312480 1
gene 3 14 50 -223655 0 781 -223655 0
gene 4 9 74 317643 0 1104 317643 1
gene 2 9 459 -183936 0 1406 -183936 1
gene 2 459 13 -704163 0 1407 -704163 1
gene 1 9 526 641037 0 1593 641037 1
gene 1 526 14 -159204 0 1594 -159204 1
gene 2 74 555 -285000 0 1680 -285000 0
gene 4 555 14 -284187 0 1681 -284187 0
gene 1 5 573 32145 0 1732 32145 0
gene 1 573 15 800000 0 1733 800000 0
gene 1 573 592 194250 0 1786 194250 1
gene 1 592 15 221445 0 1787 221445 1
gene 2 21 670 638252 0 2012 638252 1
gene 2 670 14 185550 0 2013 185550 0
gene 4 63 50 -81315 0 2239 -81315 1
gene 3 74 74 -179163 1 2345 -179163 1
gene 1 8 825 433743 0 2466 433743 0
gene 1 825 14 190560 0 2467 190560 1
gene 2 10 895 752240 0 2679 752240 1
gene 2 895 15 275022 0 2680 275022 1
gene 2 74 913 263766 0 2725 263766 1
gene 2 913 555 -164832 0 2726 -164832 1
gene 2 11 927 120666 0 2769 120666 1
gene 2 927 13 316059 0 2770 316059 1
gene 1 555 197 -672827 0 2872 -672827 1
gene 2 459 459 -332718 1 3224 -332718 1
gene 3 11 1124 -81501 0 3336 -81501 1
gene 3 1124 15 -368727 0 3337 -368727 0
gene 2 670 1139 -366924 0 3378 -366924 1
gene 2 1139 14 -800000 0 3379 -800000 1
gene 1 8 1152 -555180 0 3420 -555180 0
gene 1 1152 825 -138474 0 3421 -138474 1
gene 1 895 895 255072 1 3523 255072 1
gene 1 8 1207 -38157 0 3577 -38157 1
gene 1 1207 1152 244188 0 3578 244188 1
gene 3 1124 1246 -146784 0 3704 -146784 1
gene 3 1246 15 535341 0 3705 535341 1
gene 4 9 1288 395934 0 3815 395934 1
gene 4 1288 15 -213132 0 3816 -213132 1
gene 4 6 1349 182127 0 3992 182127 1
gene 4 1349 14 -57363 0 3993 -57363 1
gene 2 555 1417 167025 0 4178 167025 1
gene 2 1417 14 156429 0 4179 156429 1
gene 1 1207 1139 374952 0 4375 374952 0
gene 1 1207 1589 -98799 0 4680 -98799 1
gene 1 1589 1139 -301965 0 4681 -301965 1
gene 1 1207 1207 112971 1 4724 112971 1
gene 2 197 13 672345 0 5142 672345 1
gene 3 21 1589 103446 0 5351 103446 1
gene 4 2 1861 -279390 0 5500 -279390 1
gene 4 1861 50 39879 0 5501 39879 1
gene 1 5 1943 212175 0 5757 212175 1
gene 4 1943 573 327576 0 5758 327576 1
gene 2 1124 13 229698 0 5934 229698 1
gene 2 913 913 -261204 1 6226 -261204 1
gene 3 14 2133 1 0 6331 0 1
gene 3 2133 50 -223655 0 6332 0 1
gene 4 37 2146 1 0 6372 0 1
gene 4 2146 13 800000 0 6373 0 1
gene 3 592 825 -87499 0 6422 -87499 1
genomeend 28


/* Organism #40 Fitness: 280.000000 Time: 0 */
/* Position #40*/
#1 x: 70 y: 34
#2 x: 21 y: 28
#3 x: 56 y: 21
#4 x: 70 y: 70
#5 x: 22 y: 61
#6 x: 84 y: 65
genomestart 40
trait 1 1.000000 0.000000 0.000000 0.000000 0.000000 0.000000 0.000000 0.000000 trait 2 0.000000 41995.000000 0.000000 0.000000 0.000000 4712.000000 100000.000000 0.000000 trait 3 3.000000 0.000000 0.000000 83554.000000 0.000000 0.000000 0.000000 0.000000 trait 4 4.000000 0.000000 0.000000 0.000000 0.000000 0.000000 0.000000 0.000000 node 1 2 1 3
node 2 2 1 1
node 3 3 1 1
node 4 1 1 1
node 5 1 1 1
node 6 3 1 1
node 7 1 1 1
node 8 1 1 1
node 9 3 1 1
node 10 1 1 1
node 11 1 1 1
node 12 1 1 1
node 13 3 0 2
node 14 2 0 2
node 15 3 0 2
node 21 4 0 0
node 37 1 0 0
node 50 1 0 0
node 63 1 0 0
node 74 2 0 0
node 197 1 0 0
node 459 1 0 0
node 526 1 0 0
node 555 1 0 0
node 573 1 0 0
node 592 1 0 0
node 670 1 0 0
node 825 1 0 0
node 895 1 0 0
node 913 1 0 0
node 927 1 0 0
node 1124 1 0 0
node 1139 1 0 0
node 1152 1 0 0
node 1207 1 0 0
node 1246 2 0 0
node 1288 1 0 0
node 1349 1 0 0
node 1417 1 0 0
node 1589 1 0 0
node 1703 1 0 0
node 1751 1 0 0
node 1842 1 0 0
node 1955 1 0 0
node 2022 1 0 0
gene 3 1 13 -281187 0 1 -281187 1
gene 4 2 13 -577176 0 2 -577176 0
gene 3 3 13 -188559 0 3 -188559 1
gene 2 4 13 9516 0 4 9516 1
gene 1 5 13 -335787 0 5 -335787 1
gene 2 6 13 -708227 0 6 -708227 1
gene 1 7 13 183729 0 7 183729 1
gene 2 8 13 -369051 0 8 -369051 0
gene 2 9 13 -800000 0 9 -800000 0
gene 4 10 13 -270393 0 10 -270393 1
gene 2 11 13 -745998 0 11 -745998 0
gene 4 12 13 22080 0 12 22080 1
gene 4 1 14 513969 0 13 513969 1
gene 3 2 14 202677 0 14 202677 0
gene 2 3 14 114108 0 15 114108 1
gene 3 4 14 337476 0 16 337476 1
gene 2 5 14 -342765 0 17 -342765 0
gene 4 6 14 55266 0 18 55266 0
gene 1 7 14 520161 0 19 520161 1
gene 1 8 14 255705 0 20 255705 0
gene 1 9 14 266994 0 21 266994 0
gene 3 10 14 66468 0 22 66468 1
gene 2 11 14 -65517 0 23 -65517 0
gene 2 12 14 197784 0 24 197784 0
gene 3 1 15 213339 0 25 213339 1
gene 4 2 15 180810 0 26 180810 0
gene 2 3 15 -565347 0 27 -565347 1
gene 2 4 15 800000 0 28 800000 1
gene 1 5 15 -185103 0 29 -185103 0
gene 1 6 15 -8490 0 30 -8490 1
gene 4 7 15 -585662 0 31 -585662 1
gene 1 8 15 202134 0 32 202134 1
gene 4 9 15 133935 0 33 133935 0
gene 2 10 15 212793 0 34 212793 0
gene 3 11 15 800000 0 35 800000 0
gene 2 12 15 398682 0 36 398682 1
gene 2 12 21 606098 0 50 606098 1
gene 2 21 14 536544 0 51 536544 0
gene 4 2 37 481968 0 92 481968 0
gene 4 37 13 395745 0 93 395745 1
gene 4 2 50 308454 0 130 308454 1
gene 4 50 37 173925 0 131 173925 1
gene 1 11 63 -190863 0 166 -190863 1
gene 1 63 14 -648222 0 167 -648222 1
gene 2 5 74 247137 0 204 247137 1
gene 2 74 14 -108639 0 205 -108639 0
gene 4 5 37 -30795 0 419 -30795 1
gene 3 6 21 78798 0 547 78798 1
gene 4 2 197 287697 0 591 287697 1
gene 4 197 15 238353 0 592 238353 1
gene 3 14 50 -58200 0 781 -58200 1
gene 4 9 74 756981 0 1104 756981 1
gene 2 9 459 -465582 0 1406 -465582 1
gene 2 459 13 679952 0 1407 679952 1
gene 1 9 526 800000 0 1593 800000 0
gene 1 526 14 -32703 0 1594 -32703 1
gene 2 74 555 -169587 0 1680 -169587 0
gene 4 555 14 -72624 0 1681 -72624 0
gene 1 5 573 782526 0 1732 782526 1
gene 1 573 15 150126 0 1733 150126 0
gene 1 573 592 -640113 0 1786 -640113 1
gene 1 592 15 197427 0 1787 197427 1
gene 2 21 670 -291360 0 2012 -291360 1
gene 2 670 14 102510 0 2013 102510 0
gene 4 63 50 305091 0 2239 305091 1
gene 3 74 74 -525276 1 2345 -525276 1
gene 1 8 825 800000 0 2466 800000 0
gene 1 825 14 156144 0 2467 156144 1
gene 2 10 895 148116 0 2679 148116 0
gene 2 895 15 229995 0 2680 229995 1
gene 2 74 913 -166206 0 2725 -166206 1
gene 2 913 555 -447300 0 2726 -447300 1
gene 2 11 927 -132567 0 2769 -132567 1
gene 2 927 13 54048 0 2770 54048 1
gene 1 555 197 -800000 0 2872 -800000 1
gene 1 459 459 242730 1 3224 242730 1
gene 3 11 1124 168354 0 3336 168354 1
gene 3 1124 15 5379 0 3337 5379 0
gene 2 670 1139 -186600 0 3378 -186600 1
gene 2 1139 14 451737 0 3379 451737 1
gene 1 8 1152 87177 0 3420 87177 0
gene 1 1152 825 643722 0 3421 643722 1
gene 1 895 895 -28818 1 3523 -28818 1
gene 1 8 1207 326145 0 3577 326145 1
gene 1 1207 1152 -177771 0 3578 -177771 1
gene 3 1124 1246 -85980 0 3704 -85980 1
gene 3 1246 15 -800000 0 3705 -800000 1
gene 4 9 1288 339240 0 3815 339240 1
gene 4 1288 15 -532635 0 3816 -532635 1
gene 4 6 1349 266106 0 3992 266106 1
gene 1 1349 14 19197 0 3993 19197 1
gene 2 555 1417 -365592 0 4178 -365592 1
gene 2 1417 14 -152142 0 4179 -152142 1
gene 1 1207 1139 199242 0 4375 199242 0
gene 1 1207 1589 -285213 0 4680 -285213 1
gene 1 1589 1139 -507318 0 4681 -507318 1
gene 1 1207 1207 -200769 1 4724 -200769 1
gene 2 10 1703 262179 0 5027 262179 1
gene 2 1703 895 -130299 0 5028 -130299 1
gene 2 8 1751 -284424 0 5156 -284424 1
gene 2 1751 13 -72666 0 5157 -72666 1
gene 3 1288 459 -299328 0 5199 -299328 1
gene 3 1152 1288 -150720 0 5382 -150720 1
gene 1 9 1842 9192 0 5448 9192 0
gene 1 1842 526 -697254 0 5449 -697254 1
gene 4 4 197 -800000 0 5584 -800000 1
gene 1 9 1955 42828 0 5793 42828 1
gene 1 1955 1842 174507 0 5794 174507 1
gene 3 2 2022 255610 0 5998 255610 1
gene 3 2022 14 98421 0 5999 98421 1
gene 3 9 670 76608 0 6030 76608 1
gene 2 592 927 246853 0 6077 246853 1
gene 4 459 1703 10647 0 6386 10647 1
genomeend 40


/* Organism #41 Fitness: 200.000000 Time: 0 */
/* Position #41*/
#1 x: 70 y: 34
#2 x: 21 y: 28
#3 x: 56 y: 21
#4 x: 70 y: 70
#5 x: 22 y: 61
#6 x: 84 y: 65
genomestart 41
trait 1 1.000000 0.000000 0.000000 0.000000 0.000000 0.000000 0.000000 0.000000 trait 2 0.000000 41995.000000 0.000000 0.000000 0.000000 4712.000000 100000.000000 0.000000 trait 3 3.000000 0.000000 0.000000 83554.000000 0.000000 0.000000 0.000000 0.000000 trait 4 4.000000 0.000000 0.000000 0.000000 0.000000 0.000000 0.000000 0.000000 node 1 2 1 3
node 2 2 1 1
node 3 3 1 1
node 4 1 1 1
node 5 1 1 1
node 6 3 1 1
node 7 1 1 1
node 8 1 1 1
node 9 3 1 1
node 10 1 1 1
node 11 1 1 1
node 12 1 1 1
node 13 3 0 2
node 14 2 0 2
node 15 3 0 2
node 21 4 0 0
node 37 1 0 0
node 50 1 0 0
node 63 1 0 0
node 74 2 0 0
node 197 1 0 0
node 459 1 0 0
node 526 1 0 0
node 555 1 0 0
node 573 1 0 0
node 592 1 0 0
node 670 1 0 0
node 825 1 0 0
node 895 1 0 0
node 913 1 0 0
node 927 1 0 0
node 1124 1 0 0
node 1139 1 0 0
node 1152 1 0 0
node 1207 1 0 0
node 1246 2 0 0
node 1288 1 0 0
node 1349 1 0 0
node 1417 1 0 0
node 1589 1 0 0
node 1703 1 0 0
node 1751 1 0 0
node 1842 1 0 0
node 1955 1 0 0
node 2022 1 0 0
gene 3 1 13 -325419 0 1 -325419 1
gene 4 2 13 -448530 0 2 -448530 0
gene 3 3 13 -125559 0 3 -125559 1
gene 2 4 13 -209544 0 4 -209544 1
gene 1 5 13 -357654 0 5 -357654 1
gene 2 6 13 -515042 0 6 -515042 1
gene 1 7 13 237159 0 7 237159 1
gene 2 8 13 -159435 0 8 -159435 0
gene 2 9 13 -654863 0 9 -654863 0
gene 4 10 13 -116658 0 10 -116658 1
gene 2 11 13 -669432 0 11 -669432 0
gene 4 12 13 64689 0 12 64689 1
gene 4 1 14 673434 0 13 673434 1
gene 3 2 14 424233 0 14 424233 0
gene 2 3 14 149211 0 15 149211 1
gene 3 4 14 45222 0 16 45222 1
gene 2 5 14 -172080 0 17 -172080 0
gene 4 6 14 314772 0 18 314772 0
gene 1 7 14 368412 0 19 368412 1
gene 1 8 14 390477 0 20 390477 0
gene 1 9 14 305946 0 21 305946 0
gene 3 10 14 8511 0 22 8511 1
gene 2 11 14 -237609 0 23 -237609 0
gene 2 12 14 -44826 0 24 -44826 0
gene 3 1 15 53583 0 25 53583 1
gene 4 2 15 -98421 0 26 -98421 0
gene 2 3 15 -440859 0 27 -440859 1
gene 2 4 15 684662 0 28 684662 1
gene 1 5 15 -95160 0 29 -95160 0
gene 1 6 15 -163164 0 30 -163164 1
gene 4 7 15 -600779 0 31 -600779 1
gene 1 8 15 193965 0 32 193965 1
gene 4 9 15 157542 0 33 157542 0
gene 2 10 15 -33960 0 34 -33960 0
gene 3 11 15 605316 0 35 605316 0
gene 2 12 15 452775 0 36 452775 1
gene 2 12 21 640943 0 50 640943 1
gene 2 21 14 262035 0 51 262035 0
gene 4 2 37 345417 0 92 345417 0
gene 4 37 13 203640 0 93 203640 1
gene 4 2 50 243405 0 130 243405 1
gene 4 50 37 295746 0 131 295746 1
gene 1 11 63 -356814 0 166 -356814 1
gene 1 63 14 -384825 0 167 -384825 1
gene 2 5 74 67278 0 204 67278 1
gene 2 74 14 150144 0 205 150144 0
gene 4 5 37 -287187 0 419 -287187 1
gene 3 6 21 325593 0 547 325593 1
gene 4 2 197 215247 0 591 215247 1
gene 4 197 15 148524 0 592 148524 1
gene 3 14 50 -89985 0 781 -89985 1
gene 4 9 74 557814 0 1104 557814 1
gene 2 9 459 -289428 0 1406 -289428 1
gene 2 459 13 800000 0 1407 800000 1
gene 1 9 526 650886 0 1593 650886 0
gene 1 526 14 -308121 0 1594 -308121 1
gene 2 74 555 -193338 0 1680 -193338 0
gene 4 555 14 -164316 0 1681 -164316 0
gene 1 5 573 608415 0 1732 608415 1
gene 1 573 15 291504 0 1733 291504 0
gene 1 573 592 -635412 0 1786 -635412 1
gene 1 592 15 455154 0 1787 455154 1
gene 2 21 670 -554979 0 2012 -554979 1
gene 2 670 14 168045 0 2013 168045 0
gene 4 63 50 159888 0 2239 159888 1
gene 3 74 74 -499266 1 2345 -499266 1
gene 1 8 825 800000 0 2466 800000 0
gene 1 825 14 106893 0 2467 106893 1
gene 2 10 895 254739 0 2679 254739 0
gene 2 895 15 90810 0 2680 90810 1
gene 2 74 913 -127641 0 2725 -127641 1
gene 2 913 555 -662475 0 2726 -662475 1
gene 2 11 927 -322431 0 2769 -322431 1
gene 2 927 13 222381 0 2770 222381 1
gene 1 555 197 -609726 0 2872 -609726 1
gene 1 459 459 -1518 1 3224 -1518 1
gene 3 11 1124 144264 0 3336 144264 1
gene 3 1124 15 -111807 0 3337 -111807 0
gene 2 670 1139 23166 0 3378 23166 1
gene 2 1139 14 658008 0 3379 658008 1
gene 1 8 1152 -171015 0 3420 -171015 0
gene 1 1152 825 379377 0 3421 379377 1
gene 1 895 895 -188214 1 3523 -188214 1
gene 1 8 1207 113430 0 3577 113430 1
gene 1 1207 1152 -240120 0 3578 -240120 1
gene 3 1124 1246 -244074 0 3704 -244074 1
gene 3 1246 15 -800000 0 3705 -800000 1
gene 4 9 1288 476700 0 3815 476700 1
gene 4 1288 15 -464187 0 3816 -464187 1
gene 4 6 1349 477453 0 3992 477453 1
gene 4 1349 14 -243408 0 3993 -243408 1
gene 2 555 1417 -219873 0 4178 -219873 1
gene 2 1417 14 -225783 0 4179 -225783 1
gene 1 1207 1139 123714 0 4375 123714 0
gene 1 1207 1589 -125796 0 4680 -125796 1
gene 1 1589 1139 -506763 0 4681 -506763 1
gene 1 1207 1207 -421944 1 4724 -421944 1
gene 2 10 1703 -162420 0 5027 -162420 1
gene 2 1703 895 -52821 0 5028 -52821 1
gene 2 8 1751 -260112 0 5156 -260112 1
gene 2 1751 13 -43365 0 5157 -43365 1
gene 3 1288 459 -212298 0 5199 -212298 1
gene 3 1152 1288 453209 0 5382 453209 1
gene 1 9 1842 9192 0 5448 9192 0
gene 1 1842 526 -587367 0 5449 -587367 1
gene 4 4 197 -800000 0 5584 -800000 1
gene 1 9 1955 42828 0 5793 42828 1
gene 1 1955 1842 174507 0 5794 174507 1
gene 3 2 2022 255610 0 5998 255610 1
gene 3 2022 14 179280 0 5999 179280 1
gene 3 9 670 -123852 0 6030 -123852 1
gene 2 592 927 99814 0 6077 99814 1
gene 4 459 1703 -67835 0 6386 -67835 1
genomeend 41


/* Organism #42 Fitness: 160.000000 Time: 0 */
/* Position #42*/
#1 x: 73 y: 30
#2 x: 48 y: 22
#3 x: 80 y: 18
#4 x: 35 y: 64
#5 x: 49 y: 60
#6 x: 44 y: 73
genomestart 42
trait 1 1.000000 0.000000 0.000000 0.000000 0.000000 0.000000 0.000000 0.000000 trait 2 0.000000 9751.000000 0.000000 0.000000 0.000000 0.000000 96900.000000 25558.000000 trait 3 50217.000000 0.000000 23916.000000 0.000000 0.000000 78029.000000 0.000000 37252.000000 trait 4 93467.000000 0.000000 0.000000 81320.000000 49360.000000 0.000000 7697.000000 72106.000000 node 1 3 1 3
node 2 3 1 1
node 3 3 1 1
node 4 1 1 1
node 5 3 1 1
node 6 1 1 1
node 7 1 1 1
node 8 1 1 1
node 9 3 1 1
node 10 1 1 1
node 11 2 1 1
node 12 2 1 1
node 13 4 0 2
node 14 1 0 2
node 15 2 0 2
node 25 1 0 0
node 82 1 0 0
node 170 4 0 0
node 261 1 0 0
node 311 1 0 0
node 499 1 0 0
node 510 1 0 0
node 538 2 0 0
node 612 1 0 0
node 623 1 0 0
node 700 1 0 0
node 1216 1 0 0
node 1276 1 0 0
node 1425 1 0 0
node 1574 1 0 0
node 1625 1 0 0
node 1636 1 0 0
node 1668 1 0 0
node 1808 1 0 0
node 1850 1 0 0
node 1990 1 0 0
node 2046 1 0 0
node 2163 1 0 0
gene 3 1 13 297819 0 1 297819 1
gene 1 2 13 84822 0 2 84822 0
gene 3 3 13 169677 0 3 169677 1
gene 2 4 13 -15132 0 4 -15132 1
gene 4 5 13 -297447 0 5 -297447 1
gene 3 6 13 -26772 0 6 -26772 1
gene 4 7 13 -4470 0 7 -4470 1
gene 2 8 13 -800000 0 8 -800000 1
gene 1 9 13 135228 0 9 135228 0
gene 1 10 13 -128835 0 10 -128835 1
gene 1 11 13 -248088 0 11 -248088 1
gene 2 12 13 -121248 0 12 -121248 1
gene 3 1 14 -42120 0 13 -42120 1
gene 3 2 14 16719 0 14 16719 0
gene 4 3 14 -112026 0 15 -112026 0
gene 4 4 14 151746 0 16 151746 1
gene 2 5 14 17040 0 17 17040 0
gene 2 6 14 -292560 0 18 -292560 0
gene 4 7 14 29397 0 19 29397 1
gene 1 8 14 -438882 0 20 -438882 1
gene 1 9 14 728649 0 21 728649 1
gene 2 10 14 -253122 0 22 -253122 1
gene 1 11 14 191223 0 23 191223 0
gene 2 12 14 218403 0 24 218403 0
gene 4 1 15 101790 0 25 101790 1
gene 3 2 15 482886 0 26 482886 0
gene 4 3 15 -315207 0 27 -315207 0
gene 3 4 15 -462327 0 28 -462327 1
gene 3 5 15 -438285 0 29 -438285 1
gene 3 6 15 -238344 0 30 -238344 1
gene 3 7 15 -261993 0 31 -261993 0
gene 3 8 15 585215 0 32 585215 1
gene 4 9 15 -612359 0 33 -612359 1
gene 1 10 15 -278184 0 34 -278184 1
gene 4 11 15 -169350 0 35 -169350 1
gene 2 12 15 166071 0 36 166071 0
gene 1 11 25 -183777 0 61 -183777 0
gene 1 25 14 623000 0 62 623000 1
gene 1 6 82 -757877 0 224 -757877 1
gene 2 82 14 -187884 0 225 -187884 0
gene 1 8 25 439959 0 355 439959 1
gene 4 13 15 265353 0 468 265353 1
gene 2 82 170 471945 0 506 471945 1
gene 2 170 14 -121293 0 507 -121293 1
gene 2 13 13 -800000 1 563 -800000 1
gene 1 3 25 30840 0 600 30840 1
gene 1 12 25 52038 0 644 52038 1
gene 3 5 25 -621899 0 701 -621899 1
gene 1 2 261 -686684 0 793 -686684 1
gene 1 261 13 -117618 0 794 -117618 0
gene 2 2 311 -270498 0 939 -270498 1
gene 3 311 14 412323 0 940 412323 0
gene 3 3 311 478293 0 1098 478293 1
gene 3 2 499 -115662 0 1513 -115662 1
gene 3 499 15 198303 0 1514 198303 0
gene 2 5 510 -696864 0 1553 -696864 1
gene 2 510 14 25056 0 1554 25056 1
gene 3 311 538 213729 0 1631 213729 1
gene 3 538 14 800000 0 1632 800000 1
gene 4 3 612 -38178 0 1835 -38178 1
gene 4 612 14 143346 0 1836 143346 1
gene 4 3 623 38050 0 1874 38050 1
gene 4 623 15 -800000 0 1875 -800000 0
gene 4 170 13 -287538 0 1931 -287538 1
gene 4 538 538 -387261 1 1978 -387261 0
gene 4 538 700 257181 1 2098 257181 1
gene 4 700 538 128724 0 2099 128724 1
gene 4 170 538 -472353 0 2150 -472353 1
gene 1 261 510 151635 0 2194 151635 1
gene 4 25 499 246426 0 2387 246426 1
gene 1 5 170 -176859 0 2622 -176859 1
gene 2 25 510 346830 0 3061 346830 1
gene 2 700 700 302097 1 3103 302097 0
gene 1 170 170 43185 1 3316 43185 1
gene 2 311 15 198624 0 3413 198624 1
gene 4 700 499 -563148 0 3560 -563148 1
gene 1 11 1216 254325 0 3603 254325 1
gene 1 1216 25 158625 0 3604 158625 1
gene 4 14 623 53331 0 3763 53331 1
gene 3 499 1276 31809 0 3782 31809 1
gene 3 1276 15 526869 0 3783 526869 1
gene 2 510 15 -176733 0 3838 -176733 1
gene 1 9 1425 214497 0 4198 214497 0
gene 1 1425 13 -428670 0 4199 -428670 1
gene 4 13 14 -27036 0 4418 -27036 1
gene 4 12 170 11520 0 4525 11520 1
gene 2 700 1574 -621288 1 4636 -621288 0
gene 2 1574 700 -69339 0 4637 -69339 1
gene 2 12 1625 -424113 0 4779 -424113 1
gene 2 1625 14 -423714 0 4780 -423714 1
gene 1 261 1636 -45114 0 4817 -45114 1
gene 1 1636 13 128028 0 4818 128028 1
gene 2 12 1668 -430041 0 4916 -430041 1
gene 2 1668 15 328731 0 4917 328731 1
gene 3 1636 538 -171024 0 5184 -171024 1
gene 3 7 1808 47634 0 5347 47634 1
gene 3 1808 15 -179103 0 5348 -179103 0
gene 3 1808 1850 -133848 0 5471 -133848 1
gene 3 1850 15 96138 0 5472 96138 1
gene 1 538 1668 -541231 0 5516 -541231 1
gene 3 25 1574 224295 0 5561 224295 1
gene 2 700 1990 -337728 1 5907 -337728 1
gene 2 1990 1574 -604989 0 5908 -604989 1
gene 1 9 2046 40857 0 6080 40857 1
gene 1 2046 1425 389352 0 6081 389352 1
gene 2 1 612 -76966 0 6387 -76966 1
gene 4 623 2163 1 0 6432 0 1
gene 4 2163 15 -800000 0 6433 0 1
genomeend 42


/* Organism #43 Fitness: 160.000000 Time: 0 */
/* Position #43*/
#1 x: 73 y: 30
#2 x: 48 y: 22
#3 x: 80 y: 18
#4 x: 35 y: 64
#5 x: 49 y: 60
#6 x: 44 y: 73
genomestart 43
trait 1 1.000000 0.000000 0.000000 0.000000 0.000000 0.000000 0.000000 0.000000 trait 2 0.000000 9751.000000 0.000000 0.000000 0.000000 0.000000 96900.000000 25558.000000 trait 3 50217.000000 0.000000 23916.000000 0.000000 0.000000 78029.000000 0.000000 37252.000000 trait 4 93467.000000 0.000000 0.000000 81320.000000 49360.000000 0.000000 7697.000000 72106.000000 node 1 3 1 3
node 2 3 1 1
node 3 3 1 1
node 4 1 1 1
node 5 3 1 1
node 6 1 1 1
node 7 1 1 1
node 8 1 1 1
node 9 3 1 1
node 10 1 1 1
node 11 2 1 1
node 12 2 1 1
node 13 4 0 2
node 14 1 0 2
node 15 2 0 2
node 25 1 0 0
node 82 1 0 0
node 170 4 0 0
node 261 1 0 0
node 311 1 0 0
node 499 1 0 0
node 510 1 0 0
node 538 2 0 0
node 612 1 0 0
node 623 1 0 0
node 700 1 0 0
node 1216 1 0 0
node 1276 1 0 0
node 1425 1 0 0
node 1574 1 0 0
node 1625 1 0 0
node 1636 1 0 0
node 1668 1 0 0
node 1808 1 0 0
node 1850 1 0 0
node 1990 1 0 0
node 2046 1 0 0
gene 3 1 13 297819 0 1 297819 1
gene 1 2 13 84822 0 2 84822 0
gene 3 3 13 169677 0 3 169677 1
gene 2 4 13 -15132 0 4 -15132 1
gene 4 5 13 -297447 0 5 -297447 1
gene 3 6 13 -26772 0 6 -26772 1
gene 4 7 13 -4470 0 7 -4470 1
gene 2 8 13 -800000 0 8 -800000 1
gene 1 9 13 135228 0 9 135228 0
gene 1 10 13 -128835 0 10 -128835 1
gene 1 11 13 -248088 0 11 -248088 1
gene 2 12 13 -121248 0 12 -121248 1
gene 3 1 14 -42120 0 13 -42120 1
gene 3 2 14 16719 0 14 16719 0
gene 4 3 14 -112026 0 15 -112026 0
gene 4 4 14 151746 0 16 151746 1
gene 2 5 14 17040 0 17 17040 0
gene 2 6 14 -292560 0 18 -292560 0
gene 4 7 14 29397 0 19 29397 1
gene 1 8 14 -438882 0 20 -438882 1
gene 1 9 14 728649 0 21 728649 1
gene 2 10 14 -253122 0 22 -253122 1
gene 1 11 14 191223 0 23 191223 0
gene 2 12 14 218403 0 24 218403 0
gene 4 1 15 101790 0 25 101790 1
gene 3 2 15 482886 0 26 482886 0
gene 4 3 15 -315207 0 27 -315207 0
gene 3 4 15 -462327 0 28 -462327 1
gene 3 5 15 -438285 0 29 -438285 1
gene 3 6 15 -238344 0 30 -238344 1
gene 3 7 15 -261993 0 31 -261993 0
gene 3 8 15 585215 0 32 585215 1
gene 4 9 15 -612359 0 33 -612359 1
gene 1 10 15 -278184 0 34 -278184 1
gene 4 11 15 -169350 0 35 -169350 1
gene 2 12 15 166071 0 36 166071 0
gene 1 11 25 -183777 0 61 -183777 0
gene 1 25 14 623000 0 62 623000 1
gene 1 6 82 -757877 0 224 -757877 1
gene 2 82 14 -187884 0 225 -187884 0
gene 1 8 25 439959 0 355 439959 1
gene 4 13 15 265353 0 468 265353 1
gene 2 82 170 471945 0 506 471945 1
gene 2 170 14 -121293 0 507 -121293 1
gene 2 13 13 -800000 1 563 -800000 1
gene 1 3 25 30840 0 600 30840 1
gene 1 12 25 52038 0 644 52038 1
gene 3 5 25 -621899 0 701 -621899 1
gene 1 2 261 -686684 0 793 -686684 1
gene 1 261 13 -117618 0 794 -117618 0
gene 2 2 311 -270498 0 939 -270498 1
gene 3 311 14 412323 0 940 412323 0
gene 3 3 311 478293 0 1098 478293 1
gene 3 2 499 -115662 0 1513 -115662 1
gene 3 499 15 198303 0 1514 198303 0
gene 2 5 510 -696864 0 1553 -696864 1
gene 2 510 14 25056 0 1554 25056 1
gene 3 311 538 213729 0 1631 213729 1
gene 3 538 14 800000 0 1632 800000 1
gene 4 3 612 -38178 0 1835 -38178 1
gene 4 612 14 143346 0 1836 143346 1
gene 4 3 623 38050 0 1874 38050 1
gene 4 623 15 -800000 0 1875 -800000 1
gene 4 170 13 -287538 0 1931 -287538 1
gene 4 538 538 -387261 1 1978 -387261 0
gene 4 538 700 257181 1 2098 257181 1
gene 4 700 538 128724 0 2099 128724 1
gene 4 170 538 -472353 0 2150 -472353 1
gene 1 261 510 151635 0 2194 151635 1
gene 4 25 499 246426 0 2387 246426 1
gene 1 5 170 -176859 0 2622 -176859 1
gene 2 25 510 346830 0 3061 346830 1
gene 2 700 700 302097 1 3103 302097 0
gene 1 170 170 43185 1 3316 43185 1
gene 2 311 15 198624 0 3413 198624 1
gene 4 700 499 -563148 0 3560 -563148 1
gene 1 11 1216 254325 0 3603 254325 1
gene 1 1216 25 158625 0 3604 158625 1
gene 4 14 623 53331 0 3763 53331 1
gene 3 499 1276 31809 0 3782 31809 1
gene 3 1276 15 526869 0 3783 526869 1
gene 2 510 15 -176733 0 3838 -176733 1
gene 1 9 1425 214497 0 4198 214497 0
gene 1 1425 13 -428670 0 4199 -428670 1
gene 4 13 14 -27036 0 4418 -27036 1
gene 4 12 170 11520 0 4525 11520 1
gene 2 700 1574 -621288 1 4636 -621288 0
gene 2 1574 700 -69339 0 4637 -69339 1
gene 2 12 1625 -424113 0 4779 -424113 1
gene 2 1625 14 -423714 0 4780 -423714 1
gene 1 261 1636 -45114 0 4817 -45114 1
gene 1 1636 13 128028 0 4818 128028 1
gene 2 12 1668 -430041 0 4916 -430041 1
gene 2 1668 15 328731 0 4917 328731 1
gene 3 1636 538 -171024 0 5184 -171024 1
gene 3 7 1808 47634 0 5347 47634 1
gene 3 1808 15 -179103 0 5348 -179103 0
gene 3 1808 1850 -133848 0 5471 -133848 1
gene 3 1850 15 96138 0 5472 96138 1
gene 1 538 1668 -541231 0 5516 -541231 1
gene 3 25 1574 224295 0 5561 224295 1
gene 2 700 1990 -337728 1 5907 -337728 1
gene 2 1990 1574 -604989 0 5908 -604989 1
gene 1 9 2046 40857 0 6080 40857 1
gene 1 2046 1425 389352 0 6081 389352 1
gene 2 1 612 -76966 0 6387 -76966 1
gene 3 612 612 42209 1 6434 42209 1
genomeend 43


/* Organism #44 Fitness: 180.000000 Time: 0 */
/* Position #44*/
#1 x: 47 y: 21
#2 x: 49 y: 35
#3 x: 74 y: 29
#4 x: 15 y: 83
#5 x: 47 y: 65
#6 x: 69 y: 75
genomestart 44
trait 1 0.000000 0.000000 0.000000 0.000000 0.000000 0.000000 22486.000000 0.000000 trait 2 0.000000 41995.000000 0.000000 55422.000000 27696.000000 0.000000 27629.000000 100000.000000 trait 3 3.000000 0.000000 0.000000 83554.000000 0.000000 0.000000 0.000000 0.000000 trait 4 4.000000 0.000000 0.000000 0.000000 0.000000 0.000000 0.000000 0.000000 node 1 2 1 3
node 2 2 1 1
node 3 3 1 1
node 4 1 1 1
node 5 1 1 1
node 6 3 1 1
node 7 1 1 1
node 8 1 1 1
node 9 3 1 1
node 10 1 1 1
node 11 1 1 1
node 12 1 1 1
node 13 3 0 2
node 14 2 0 2
node 15 3 0 2
node 21 4 0 0
node 37 1 0 0
node 50 4 0 0
node 63 1 0 0
node 74 2 0 0
node 197 1 0 0
node 459 1 0 0
node 526 1 0 0
node 555 1 0 0
node 573 1 0 0
node 592 1 0 0
node 670 1 0 0
node 825 1 0 0
node 895 1 0 0
node 913 1 0 0
node 927 1 0 0
node 1124 1 0 0
node 1139 1 0 0
node 1152 1 0 0
node 1207 1 0 0
node 1246 1 0 0
node 1288 1 0 0
node 1349 1 0 0
node 1417 1 0 0
node 1524 1 0 0
node 1542 1 0 0
node 1621 1 0 0
node 1676 1 0 0
node 1687 1 0 0
node 1866 1 0 0
node 1923 1 0 0
node 1973 1 0 0
node 2145 1 0 0
node 2164 1 0 0
gene 3 1 13 -93621 0 1 -93621 1
gene 4 2 13 208755 0 2 208755 0
gene 3 3 13 297117 0 3 297117 1
gene 2 4 13 -91463 0 4 -91463 0
gene 1 5 13 -333687 0 5 -333687 1
gene 2 6 13 435063 0 6 435063 1
gene 1 7 13 -214272 0 7 -214272 1
gene 2 8 13 -69459 0 8 -69459 1
gene 2 9 13 -800000 0 9 -800000 0
gene 4 10 13 -83817 0 10 -83817 1
gene 2 11 13 800000 0 11 800000 0
gene 4 12 13 -549161 0 12 -549161 1
gene 4 1 14 -133695 0 13 -133695 1
gene 3 2 14 454734 0 14 454734 1
gene 2 3 14 -683565 0 15 -683565 0
gene 3 4 14 -251337 0 16 -251337 1
gene 2 5 14 93843 0 17 93843 0
gene 4 6 14 -330300 0 18 -330300 0
gene 1 7 14 -293592 0 19 -293592 1
gene 1 8 14 284079 0 20 284079 0
gene 1 9 14 -82215 0 21 -82215 0
gene 3 10 14 -547710 0 22 -547710 1
gene 2 11 14 242511 0 23 242511 0
gene 2 12 14 -477534 0 24 -477534 0
gene 3 1 15 -449658 0 25 -449658 1
gene 4 2 15 24948 0 26 24948 0
gene 2 3 15 393213 0 27 393213 1
gene 2 4 15 322628 0 28 322628 1
gene 1 5 15 207957 0 29 207957 0
gene 1 6 15 446871 0 30 446871 1
gene 4 7 15 -189482 0 31 -189482 1
gene 1 8 15 -307836 0 32 -307836 0
gene 4 9 15 115854 0 33 115854 0
gene 2 10 15 25917 0 34 25917 0
gene 3 11 15 614816 0 35 614816 0
gene 2 12 15 432129 0 36 432129 1
gene 2 12 21 -800000 0 50 -800000 1
gene 2 21 14 414048 0 51 414048 0
gene 4 2 37 273408 0 92 273408 0
gene 4 37 13 -81585 0 93 -81585 1
gene 4 2 50 231747 0 130 231747 1
gene 4 50 37 -158586 0 131 -158586 1
gene 1 11 63 -350394 0 166 -350394 1
gene 1 63 14 36993 0 167 36993 1
gene 2 5 74 -92784 0 204 -92784 1
gene 2 74 14 288390 0 205 288390 0
gene 4 5 37 205962 0 419 205962 1
gene 3 6 21 -533921 0 547 -533921 1
gene 4 2 197 -271152 0 591 -271152 0
gene 4 197 15 -172701 0 592 -172701 1
gene 3 14 50 495963 0 781 495963 1
gene 4 9 74 104532 0 1104 104532 1
gene 2 9 459 139356 0 1406 139356 1
gene 1 459 13 -8616 0 1407 -8616 0
gene 1 9 526 301017 0 1593 301017 1
gene 1 526 14 546891 0 1594 546891 0
gene 2 74 555 -515804 0 1680 -515804 0
gene 4 555 14 515727 0 1681 515727 0
gene 1 5 573 -32838 0 1732 -32838 1
gene 1 573 15 -800000 0 1733 -800000 0
gene 1 573 592 -800000 0 1786 -800000 1
gene 1 592 15 106155 0 1787 106155 1
gene 2 21 670 132486 0 2012 132486 1
gene 2 670 14 48927 0 2013 48927 0
gene 4 63 50 -213705 0 2239 -213705 1
gene 3 74 74 800000 1 2345 800000 1
gene 1 8 825 58934 0 2466 58934 0
gene 1 825 14 -316953 0 2467 -316953 0
gene 2 10 895 -259036 0 2679 -259036 1
gene 2 895 15 718458 0 2680 718458 1
gene 2 74 913 274131 0 2725 274131 1
gene 2 913 555 -235821 0 2726 -235821 1
gene 2 11 927 178164 0 2769 178164 1
gene 2 927 13 2229 0 2770 2229 1
gene 1 555 197 201573 0 2872 201573 1
gene 2 459 459 60516 1 3224 60516 1
gene 3 11 1124 236181 0 3336 236181 0
gene 3 1124 15 -294888 0 3337 -294888 0
gene 2 670 1139 -466974 0 3378 -466974 1
gene 2 1139 14 -182610 0 3379 -182610 1
gene 1 8 1152 485091 0 3420 485091 0
gene 1 1152 825 461646 0 3421 461646 1
gene 1 895 895 -414186 1 3523 -414186 1
gene 1 8 1207 -223407 0 3577 -223407 1
gene 1 1207 1152 -151053 0 3578 -151053 1
gene 3 1124 1246 281868 0 3704 281868 1
gene 3 1246 15 122697 0 3705 122697 1
gene 4 9 1288 -644973 0 3815 -644973 1
gene 4 1288 15 -352200 0 3816 -352200 1
gene 4 6 1349 -14151 0 3992 -14151 0
gene 3 1349 14 472401 0 3993 472401 1
gene 2 555 1417 265449 0 4178 265449 1
gene 2 1417 14 -335766 0 4179 -335766 1
gene 1 8 1524 -98565 0 4491 -98565 1
gene 1 1524 15 -473706 0 4492 -473706 1
gene 2 3 1542 4938 0 4543 4938 1
gene 2 1542 14 -539426 0 4544 -539426 1
gene 1 1288 197 1266 0 4594 1266 1
gene 3 8 63 231276 0 4729 231276 0
gene 3 11 1621 -561717 0 4768 -561717 1
gene 3 1621 1124 211170 0 4769 211170 1
gene 4 6 1676 150603 0 4939 150603 1
gene 4 1676 1349 -464316 0 4940 -464316 1
gene 1 526 1687 330701 0 4973 330701 1
gene 1 1687 14 -223773 0 4974 -223773 1
gene 2 14 37 -361992 0 5239 -361992 1
gene 2 4 1866 -8403 0 5523 -8403 1
gene 2 1866 13 247818 0 5524 247818 1
gene 2 825 670 12903 0 5637 12903 1
gene 1 1542 1542 425250 1 5661 425250 1
gene 1 825 1923 226039 0 5704 226039 1
gene 1 1923 14 -625881 0 5705 -625881 1
gene 1 459 1973 446497 0 5843 446497 1
gene 1 1973 13 -478194 0 5844 -478194 1
gene 1 895 1152 24843 0 5884 24843 1
gene 2 8 50 548330 0 6039 548330 1
gene 3 526 670 432577 0 6187 432577 1
gene 4 2 2145 1 0 6368 0 1
gene 4 2145 197 -271152 0 6369 0 1
gene 3 8 2164 1 0 6435 0 1
gene 3 2164 63 231276 0 6436 0 1
genomeend 44


/* Organism #60 Fitness: 200.000000 Time: 0 */
/* Position #60*/
#1 x: 30 y: 21
#2 x: 40 y: 40
#3 x: 69 y: 21
#4 x: 31 y: 69
#5 x: 64 y: 84
#6 x: 63 y: 63
genomestart 60
trait 1 92730.000000 10467.000000 3828.000000 7157.000000 0.000000 0.000000 22486.000000 17659.000000 trait 2 0.000000 41995.000000 0.000000 0.000000 0.000000 4712.000000 100000.000000 0.000000 trait 3 3.000000 0.000000 0.000000 83554.000000 0.000000 0.000000 0.000000 0.000000 trait 4 4.000000 0.000000 0.000000 0.000000 0.000000 0.000000 0.000000 0.000000 node 1 2 1 3
node 2 2 1 1
node 3 3 1 1
node 4 1 1 1
node 5 1 1 1
node 6 3 1 1
node 7 1 1 1
node 8 1 1 1
node 9 3 1 1
node 10 4 1 1
node 11 1 1 1
node 12 1 1 1
node 13 3 0 2
node 14 2 0 2
node 15 3 0 2
node 21 4 0 0
node 37 1 0 0
node 50 1 0 0
node 63 1 0 0
node 74 2 0 0
node 197 1 0 0
node 459 1 0 0
node 526 1 0 0
node 555 1 0 0
node 573 1 0 0
node 592 1 0 0
node 670 1 0 0
node 825 1 0 0
node 895 1 0 0
node 913 1 0 0
node 927 1 0 0
node 1124 1 0 0
node 1139 1 0 0
node 1152 1 0 0
node 1207 1 0 0
node 1246 1 0 0
node 1288 1 0 0
node 1349 1 0 0
node 1417 1 0 0
node 1524 1 0 0
node 1542 1 0 0
node 1621 1 0 0
node 1676 1 0 0
node 1687 1 0 0
node 1866 1 0 0
node 1952 1 0 0
node 1971 1 0 0
node 1982 1 0 0
node 1992 1 0 0
node 2108 1 0 0
node 2170 1 0 0
gene 3 1 13 -162522 0 1 -162522 1
gene 4 2 13 365106 0 2 365106 0
gene 3 3 13 -340119 0 3 -340119 1
gene 2 4 13 452055 0 4 452055 0
gene 1 5 13 -164919 0 5 -164919 1
gene 2 6 13 -575448 0 6 -575448 1
gene 1 7 13 15927 0 7 15927 1
gene 2 8 13 -757175 0 8 -757175 1
gene 2 9 13 -800000 0 9 -800000 0
gene 4 10 13 -655895 0 10 -655895 1
gene 2 11 13 -128436 0 11 -128436 0
gene 4 12 13 -335270 0 12 -335270 1
gene 4 1 14 -68748 0 13 -68748 1
gene 3 2 14 -264933 0 14 -264933 1
gene 2 3 14 800000 0 15 800000 0
gene 3 4 14 336989 0 16 336989 1
gene 2 5 14 -595739 0 17 -595739 0
gene 4 6 14 -46149 0 18 -46149 0
gene 1 7 14 499638 0 19 499638 1
gene 1 8 14 -777132 0 20 -777132 0
gene 1 9 14 -383214 0 21 -383214 0
gene 3 10 14 -77109 0 22 -77109 1
gene 2 11 14 -28731 0 23 -28731 0
gene 2 12 14 516975 0 24 516975 0
gene 3 1 15 800000 0 25 800000 1
gene 4 2 15 -42072 0 26 -42072 0
gene 2 3 15 447126 0 27 447126 1
gene 2 4 15 -688446 0 28 -688446 1
gene 1 5 15 190047 0 29 190047 0
gene 1 6 15 -357222 0 30 -357222 1
gene 4 7 15 154923 0 31 154923 1
gene 1 8 15 -14859 0 32 -14859 0
gene 4 9 15 -242307 0 33 -242307 0
gene 2 10 15 28668 0 34 28668 0
gene 3 11 15 102555 0 35 102555 0
gene 2 12 15 -27657 0 36 -27657 1
gene 2 12 21 -623076 0 50 -623076 1
gene 4 21 14 234741 0 51 234741 0
gene 4 2 37 405909 0 92 405909 0
gene 4 37 13 153315 0 93 153315 1
gene 4 2 50 -172989 0 130 -172989 1
gene 4 50 37 355362 0 131 355362 1
gene 1 11 63 -388815 0 166 -388815 1
gene 1 63 14 -5124 0 167 -5124 1
gene 2 5 74 317520 0 204 317520 1
gene 2 74 14 -55875 0 205 -55875 0
gene 4 5 37 227901 0 419 227901 1
gene 3 6 21 -365676 0 547 -365676 1
gene 4 2 197 -24348 0 591 -24348 1
gene 4 197 15 609504 0 592 609504 1
gene 3 14 50 -762936 0 781 -762936 1
gene 4 9 74 -72801 0 1104 -72801 1
gene 2 9 459 435006 0 1406 435006 1
gene 1 459 13 -800000 0 1407 -800000 1
gene 1 9 526 -351894 0 1593 -351894 1
gene 1 526 14 226476 0 1594 226476 0
gene 2 74 555 83577 0 1680 83577 0
gene 4 555 14 710487 0 1681 710487 0
gene 1 5 573 -135186 0 1732 -135186 1
gene 1 573 15 390612 0 1733 390612 0
gene 1 573 592 -550665 0 1786 -550665 1
gene 1 592 15 615144 0 1787 615144 1
gene 2 21 670 267264 0 2012 267264 1
gene 2 670 14 696275 0 2013 696275 0
gene 4 63 50 151790 0 2239 151790 1
gene 3 74 74 447443 1 2345 447443 1
gene 1 8 825 -317847 0 2466 -317847 0
gene 1 825 14 459063 0 2467 459063 1
gene 2 10 895 244470 0 2679 244470 1
gene 2 895 15 -387824 0 2680 -387824 1
gene 2 74 913 -5796 0 2725 -5796 1
gene 2 913 555 -501974 0 2726 -501974 1
gene 2 11 927 -50097 0 2769 -50097 0
gene 2 927 13 194634 0 2770 194634 1
gene 1 555 197 -36507 0 2872 -36507 1
gene 2 459 459 -378810 1 3224 -378810 1
gene 3 11 1124 661179 0 3336 661179 0
gene 3 1124 15 74928 0 3337 74928 0
gene 2 670 1139 -800000 0 3378 -800000 1
gene 2 1139 14 307422 0 3379 307422 1
gene 1 8 1152 172362 0 3420 172362 0
gene 1 1152 825 800000 0 3421 800000 1
gene 1 895 895 -614841 1 3523 -614841 1
gene 1 8 1207 125457 0 3577 125457 1
gene 1 1207 1152 309544 0 3578 309544 1
gene 3 1124 1246 -36678 0 3704 -36678 1
gene 3 1246 15 -439656 0 3705 -439656 0
gene 4 9 1288 -259329 0 3815 -259329 1
gene 4 1288 15 27492 0 3816 27492 1
gene 4 6 1349 328434 0 3992 328434 0
gene 3 1349 14 -63714 0 3993 -63714 0
gene 2 555 1417 393789 0 4178 393789 1
gene 2 1417 14 -415812 0 4179 -415812 1
gene 1 8 1524 -61875 0 4491 -61875 1
gene 1 1524 15 462864 0 4492 462864 1
gene 2 3 1542 -796695 0 4543 -796695 1
gene 2 1542 14 82305 0 4544 82305 0
gene 1 1288 197 -548876 0 4594 -548876 0
gene 3 8 63 102879 0 4729 102879 1
gene 3 11 1621 -694395 0 4768 -694395 1
gene 3 1621 1124 113628 0 4769 113628 1
gene 4 6 1676 216528 0 4939 216528 1
gene 4 1676 1349 -60018 0 4940 -60018 1
gene 1 526 1687 -344700 0 4973 -344700 1
gene 1 1687 14 41598 0 4974 41598 0
gene 2 14 37 84222 0 5239 84222 1
gene 2 4 1866 282648 0 5523 282648 1
gene 2 1866 13 36300 0 5524 36300 1
gene 2 825 670 46845 0 5637 46845 1
gene 1 1542 1542 213138 1 5661 213138 1
gene 3 1246 1952 40905 0 5784 40905 1
gene 3 1952 15 -211854 0 5785 -211854 1
gene 2 1542 1971 501624 0 5834 501624 1
gene 2 1971 14 169131 0 5835 169131 1
gene 3 1349 1982 61689 0 5875 61689 1
gene 3 1982 14 276579 0 5876 276579 1
gene 1 1288 1992 -192201 0 5913 -192201 1
gene 1 1992 197 -744135 0 5914 -744135 1
gene 1 825 1246 -183729 0 6225 -183729 1
gene 1 1687 2108 1 0 6258 1 1
gene 1 2108 14 497274 0 6259 497274 1
gene 2 11 2170 1 0 6450 0 1
gene 2 2170 927 -50097 0 6451 0 1
genomeend 60


/* Organism #61 Fitness: 160.000000 Time: 0 */
/* Position #61*/
#1 x: 30 y: 21
#2 x: 40 y: 40
#3 x: 69 y: 21
#4 x: 31 y: 69
#5 x: 64 y: 84
#6 x: 63 y: 63
genomestart 61
trait 1 0.000000 0.000000 0.000000 0.000000 0.000000 0.000000 22486.000000 0.000000 trait 2 0.000000 41995.000000 0.000000 55422.000000 0.000000 0.000000 27629.000000 24292.000000 trait 3 3.000000 0.000000 0.000000 83554.000000 0.000000 0.000000 0.000000 0.000000 trait 4 4.000000 0.000000 0.000000 0.000000 0.000000 0.000000 0.000000 0.000000 node 1 2 1 3
node 2 2 1 1
node 3 3 1 1
node 4 1 1 1
node 5 1 1 1
node 6 3 1 1
node 7 1 1 1
node 8 1 1 1
node 9 3 1 1
node 10 1 1 1
node 11 1 1 1
node 12 1 1 1
node 13 1 0 2
node 14 2 0 2
node 15 3 0 2
node 21 4 0 0
node 37 1 0 0
node 50 4 0 0
node 63 1 0 0
node 74 2 0 0
node 197 1 0 0
node 459 1 0 0
node 526 1 0 0
node 555 1 0 0
node 573 1 0 0
node 592 1 0 0
node 670 1 0 0
node 825 1 0 0
node 895 1 0 0
node 913 1 0 0
node 927 1 0 0
node 1124 1 0 0
node 1139 1 0 0
node 1152 1 0 0
node 1207 1 0 0
node 1246 1 0 0
node 1288 1 0 0
node 1349 1 0 0
node 1417 1 0 0
node 1524 1 0 0
node 1542 1 0 0
node 1621 1 0 0
node 1676 1 0 0
node 1687 1 0 0
node 1866 1 0 0
node 1923 1 0 0
node 1973 1 0 0
node 2171 1 0 0
gene 3 1 13 -800000 0 1 -800000 1
gene 4 2 13 336624 0 2 336624 0
gene 3 3 13 -286272 0 3 -286272 1
gene 2 4 13 105873 0 4 105873 0
gene 1 5 13 -283914 0 5 -283914 1
gene 2 6 13 206166 0 6 206166 1
gene 1 7 13 -35910 0 7 -35910 1
gene 2 8 13 -436157 0 8 -436157 1
gene 2 9 13 -800000 0 9 -800000 0
gene 4 10 13 -66648 0 10 -66648 1
gene 2 11 13 110007 0 11 110007 0
gene 4 12 13 -46788 0 12 -46788 1
gene 4 1 14 -56814 0 13 -56814 1
gene 3 2 14 45552 0 14 45552 1
gene 2 3 14 -783864 0 15 -783864 0
gene 3 4 14 -596436 0 16 -596436 1
gene 2 5 14 -34440 0 17 -34440 0
gene 4 6 14 -102123 0 18 -102123 0
gene 1 7 14 -282552 0 19 -282552 1
gene 1 8 14 163335 0 20 163335 0
gene 1 9 14 -264480 0 21 -264480 0
gene 3 10 14 -314001 0 22 -314001 1
gene 2 11 14 11136 0 23 11136 0
gene 2 12 14 -528768 0 24 -528768 0
gene 3 1 15 298617 0 25 298617 1
gene 4 2 15 -223203 0 26 -223203 0
gene 2 3 15 97923 0 27 97923 1
gene 2 4 15 800000 0 28 800000 1
gene 1 5 15 224154 0 29 224154 0
gene 1 6 15 87864 0 30 87864 1
gene 4 7 15 -327674 0 31 -327674 1
gene 1 8 15 9759 0 32 9759 0
gene 4 9 15 -227058 0 33 -227058 0
gene 2 10 15 164055 0 34 164055 0
gene 3 11 15 800000 0 35 800000 0
gene 2 12 15 425073 0 36 425073 1
gene 2 12 21 -142596 0 50 -142596 1
gene 2 21 14 41082 0 51 41082 0
gene 4 2 37 -237261 0 92 -237261 0
gene 4 37 13 183471 0 93 183471 1
gene 4 2 50 -300288 0 130 -300288 1
gene 4 50 37 188070 0 131 188070 1
gene 1 11 63 159483 0 166 159483 1
gene 1 63 14 -265380 0 167 -265380 1
gene 2 5 74 -42030 0 204 -42030 1
gene 2 74 14 82353 0 205 82353 0
gene 4 5 37 -800000 0 419 -800000 1
gene 3 6 21 -558851 0 547 -558851 1
gene 4 2 197 64512 0 591 64512 1
gene 4 197 15 304710 0 592 304710 1
gene 3 14 50 -18843 0 781 -18843 1
gene 4 9 74 43233 0 1104 43233 1
gene 2 9 459 219720 0 1406 219720 1
gene 1 459 13 6888 0 1407 6888 0
gene 1 9 526 470385 0 1593 470385 1
gene 1 526 14 640230 0 1594 640230 0
gene 2 74 555 -139410 0 1680 -139410 0
gene 4 555 14 423900 0 1681 423900 0
gene 1 5 573 200418 0 1732 200418 1
gene 1 573 15 -540494 0 1733 -540494 0
gene 1 573 592 -800000 0 1786 -800000 1
gene 1 592 15 -389646 0 1787 -389646 1
gene 2 21 670 218622 0 2012 218622 1
gene 2 670 14 221658 0 2013 221658 0
gene 4 63 50 476420 0 2239 476420 1
gene 3 74 74 -50070 1 2345 -50070 1
gene 1 8 825 313703 0 2466 313703 0
gene 1 825 14 -363168 0 2467 -363168 0
gene 2 10 895 84573 0 2679 84573 1
gene 2 895 15 -49632 0 2680 -49632 1
gene 2 74 913 1815 0 2725 1815 1
gene 2 913 555 -85245 0 2726 -85245 1
gene 2 11 927 172845 0 2769 172845 1
gene 2 927 13 436146 0 2770 436146 1
gene 1 555 197 -291840 0 2872 -291840 1
gene 2 459 459 71844 1 3224 71844 1
gene 3 11 1124 335493 0 3336 335493 0
gene 3 1124 15 634004 0 3337 634004 0
gene 2 670 1139 -605526 0 3378 -605526 1
gene 2 1139 14 792185 0 3379 792185 1
gene 1 8 1152 -483756 0 3420 -483756 0
gene 1 1152 825 800000 0 3421 800000 1
gene 1 895 895 -190830 1 3523 -190830 1
gene 1 8 1207 32562 0 3577 32562 1
gene 1 1207 1152 -800000 0 3578 -800000 1
gene 3 1124 1246 -37215 0 3704 -37215 1
gene 3 1246 15 153906 0 3705 153906 1
gene 4 9 1288 -800000 0 3815 -800000 1
gene 4 1288 15 1824 0 3816 1824 1
gene 4 6 1349 -292641 0 3992 -292641 0
gene 3 1349 14 243360 0 3993 243360 1
gene 2 555 1417 431985 0 4178 431985 1
gene 2 1417 14 -212727 0 4179 -212727 1
gene 1 8 1524 -232173 0 4491 -232173 1
gene 1 1524 15 261726 0 4492 261726 1
gene 2 3 1542 -190104 0 4543 -190104 1
gene 2 1542 14 125451 0 4544 125451 1
gene 1 1288 197 37251 0 4594 37251 1
gene 3 8 63 -222663 0 4729 -222663 1
gene 3 11 1621 -476910 0 4768 -476910 1
gene 3 1621 1124 -334674 0 4769 -334674 1
gene 4 6 1676 -15468 0 4939 -15468 1
gene 4 1676 1349 105612 0 4940 105612 1
gene 1 526 1687 403130 0 4973 403130 1
gene 1 1687 14 -298818 0 4974 -298818 1
gene 2 14 37 -479277 0 5239 -479277 1
gene 2 4 1866 10947 0 5523 10947 1
gene 2 1866 13 463800 0 5524 463800 1
gene 2 825 670 205359 0 5637 205359 1
gene 1 1542 1542 538464 1 5661 538464 0
gene 1 825 1923 -139572 0 5704 -139572 1
gene 1 1923 14 -586272 0 5705 -586272 1
gene 1 459 1973 5130 0 5843 5130 1
gene 1 1973 13 -278052 0 5844 -278052 1
gene 1 895 1152 -51481 0 5884 -51481 1
gene 2 8 50 496067 0 6039 496067 1
gene 3 526 670 -231591 0 6187 -231591 1
gene 1 1542 2171 1 1 6452 0 1
gene 1 2171 1542 538464 0 6453 0 1
genomeend 61


/* Organism #73 Fitness: 160.000000 Time: 0 */
/* Position #73*/
#1 x: 56 y: 32
#2 x: 24 y: 37
#3 x: 81 y: 36
#4 x: 35 y: 76
#5 x: 80 y: 62
#6 x: 29 y: 85
genomestart 73
trait 1 1.000000 0.000000 0.000000 0.000000 0.000000 0.000000 0.000000 0.000000 trait 2 0.000000 9751.000000 0.000000 0.000000 0.000000 0.000000 96900.000000 25558.000000 trait 3 50217.000000 0.000000 23916.000000 0.000000 0.000000 78029.000000 0.000000 37252.000000 trait 4 93467.000000 0.000000 0.000000 81320.000000 49360.000000 0.000000 7697.000000 72106.000000 node 1 3 1 3
node 2 3 1 1
node 3 3 1 1
node 4 1 1 1
node 5 3 1 1
node 6 1 1 1
node 7 1 1 1
node 8 1 1 1
node 9 3 1 1
node 10 1 1 1
node 11 2 1 1
node 12 2 1 1
node 13 4 0 2
node 14 1 0 2
node 15 2 0 2
node 25 1 0 0
node 82 1 0 0
node 170 4 0 0
node 261 1 0 0
node 311 1 0 0
node 499 1 0 0
node 510 1 0 0
node 538 2 0 0
node 612 1 0 0
node 623 1 0 0
node 700 1 0 0
node 1216 1 0 0
node 1276 1 0 0
node 1425 1 0 0
node 1574 1 0 0
node 1625 1 0 0
node 1636 1 0 0
node 1668 1 0 0
node 1808 1 0 0
node 1850 1 0 0
node 1990 1 0 0
node 2046 1 0 0
node 2101 1 0 0
gene 3 1 13 492795 0 1 492795 1
gene 1 2 13 327492 0 2 327492 0
gene 3 3 13 115848 0 3 115848 1
gene 2 4 13 -245994 0 4 -245994 1
gene 4 5 13 270699 0 5 270699 1
gene 3 6 13 219963 0 6 219963 1
gene 4 7 13 -247608 0 7 -247608 1
gene 2 8 13 -556364 0 8 -556364 1
gene 1 9 13 -104064 0 9 -104064 0
gene 1 10 13 366915 0 10 366915 1
gene 1 11 13 -69960 0 11 -69960 1
gene 2 12 13 -305094 0 12 -305094 1
gene 3 1 14 -274776 0 13 -274776 1
gene 3 2 14 -296898 0 14 -296898 0
gene 4 3 14 414888 0 15 414888 0
gene 4 4 14 217818 0 16 217818 1
gene 2 5 14 61209 0 17 61209 0
gene 2 6 14 69573 0 18 69573 0
gene 4 7 14 37614 0 19 37614 1
gene 1 8 14 -429792 0 20 -429792 1
gene 1 9 14 284835 0 21 284835 1
gene 2 10 14 227771 0 22 227771 0
gene 1 11 14 -516360 0 23 -516360 0
gene 2 12 14 200754 0 24 200754 0
gene 4 1 15 -8177 0 25 -8177 1
gene 3 2 15 69171 0 26 69171 0
gene 4 3 15 -40740 0 27 -40740 0
gene 3 4 15 -113223 0 28 -113223 1
gene 3 5 15 -326136 0 29 -326136 1
gene 3 6 15 -470520 0 30 -470520 1
gene 3 7 15 -169335 0 31 -169335 0
gene 3 8 15 27747 0 32 27747 1
gene 4 9 15 -427110 0 33 -427110 1
gene 1 10 15 -156642 0 34 -156642 1
gene 4 11 15 11751 0 35 11751 1
gene 2 12 15 287907 0 36 287907 0
gene 1 11 25 -286917 0 61 -286917 0
gene 1 25 14 435152 0 62 435152 1
gene 1 6 82 -615503 0 224 -615503 1
gene 2 82 14 -77622 0 225 -77622 0
gene 1 8 25 420855 0 355 420855 1
gene 4 13 15 -205830 0 468 -205830 1
gene 2 82 170 -373137 0 506 -373137 1
gene 2 170 14 -148890 0 507 -148890 1
gene 2 13 13 -61622 1 563 -61622 1
gene 1 3 25 -133779 0 600 -133779 1
gene 1 12 25 800000 0 644 800000 1
gene 3 5 25 -488387 0 701 -488387 1
gene 1 2 261 -41153 0 793 -41153 1
gene 1 261 13 559293 0 794 559293 0
gene 2 2 311 -800000 0 939 -800000 1
gene 3 311 14 723948 0 940 723948 0
gene 3 3 311 -152013 0 1098 -152013 1
gene 3 2 499 -238017 0 1513 -238017 1
gene 3 499 15 -160710 0 1514 -160710 0
gene 2 5 510 -299037 0 1553 -299037 1
gene 2 510 14 330864 0 1554 330864 1
gene 3 311 538 -567324 0 1631 -567324 1
gene 3 538 14 800000 0 1632 800000 1
gene 4 3 612 250230 0 1835 250230 1
gene 4 612 14 485699 0 1836 485699 1
gene 4 3 623 -118164 0 1874 -118164 1
gene 4 623 15 -265518 0 1875 -265518 1
gene 4 170 13 -77139 0 1931 -77139 1
gene 4 538 538 -428226 1 1978 -428226 0
gene 4 538 700 -41163 1 2098 -41163 1
gene 4 700 538 258387 0 2099 258387 1
gene 4 170 538 -797007 0 2150 -797007 1
gene 1 261 510 -315118 0 2194 -315118 1
gene 4 25 499 -251004 0 2387 -251004 1
gene 1 5 170 -312072 0 2622 -312072 1
gene 2 25 510 428373 0 3061 428373 1
gene 2 700 700 -235347 1 3103 -235347 0
gene 1 170 170 -105489 1 3316 -105489 1
gene 2 311 15 -419877 0 3413 -419877 1
gene 4 700 499 283683 0 3560 283683 1
gene 1 11 1216 -800000 0 3603 -800000 1
gene 1 1216 25 -439190 0 3604 -439190 1
gene 4 14 623 209217 0 3763 209217 1
gene 3 499 1276 246096 0 3782 246096 1
gene 3 1276 15 190113 0 3783 190113 1
gene 2 510 15 86625 0 3838 86625 1
gene 1 9 1425 596121 0 4198 596121 0
gene 1 1425 13 -25218 0 4199 -25218 1
gene 4 13 14 513753 0 4418 513753 1
gene 4 12 170 356178 0 4525 356178 1
gene 2 700 1574 -407583 1 4636 -407583 0
gene 2 1574 700 295728 0 4637 295728 1
gene 2 12 1625 -194628 0 4779 -194628 1
gene 2 1625 14 -56025 0 4780 -56025 1
gene 1 261 1636 593328 0 4817 593328 1
gene 1 1636 13 -385146 0 4818 -385146 1
gene 2 12 1668 243273 0 4916 243273 1
gene 2 1668 15 93345 0 4917 93345 1
gene 3 1636 538 53496 0 5184 53496 1
gene 3 7 1808 -174246 0 5347 -174246 1
gene 3 1808 15 -231741 0 5348 -231741 0
gene 3 1808 1850 121509 0 5471 121509 1
gene 3 1850 15 145230 0 5472 145230 1
gene 1 538 1668 512760 0 5516 512760 1
gene 3 25 1574 -100881 0 5561 -100881 1
gene 2 700 1990 -363506 1 5907 -363506 1
gene 2 1990 1574 107826 0 5908 107826 1
gene 1 9 2046 -277091 0 6080 -277091 1
gene 1 2046 1425 -94869 0 6081 -94869 1
gene 2 1216 311 251187 0 6151 251187 1
gene 2 10 2101 457026 0 6242 457026 1
gene 2 2101 14 204584 0 6243 204584 1
gene 2 1668 1425 12076 0 6384 12076 1
genomeend 73


/* Organism #75 Fitness: 160.000000 Time: 0 */
/* Position #75*/
#1 x: 15 y: 24
#2 x: 58 y: 25
#3 x: 26 y: 19
#4 x: 72 y: 74
#5 x: 39 y: 64
#6 x: 27 y: 80
genomestart 75
trait 1 67437.000000 0.000000 0.000000 0.000000 0.000000 12157.000000 44225.000000 0.000000 trait 2 0.000000 9751.000000 0.000000 0.000000 0.000000 0.000000 96900.000000 25558.000000 trait 3 50217.000000 0.000000 23916.000000 0.000000 0.000000 78029.000000 0.000000 37252.000000 trait 4 93467.000000 0.000000 0.000000 81320.000000 49360.000000 0.000000 7697.000000 72106.000000 node 1 3 1 3
node 2 3 1 1
node 3 3 1 1
node 4 2 1 1
node 5 3 1 1
node 6 1 1 1
node 7 1 1 1
node 8 1 1 1
node 9 3 1 1
node 10 1 1 1
node 11 2 1 1
node 12 2 1 1
node 13 4 0 2
node 14 1 0 2
node 15 2 0 2
node 25 1 0 0
node 82 1 0 0
node 170 4 0 0
node 261 1 0 0
node 311 1 0 0
node 499 1 0 0
node 510 1 0 0
node 538 2 0 0
node 612 1 0 0
node 623 1 0 0
node 700 1 0 0
node 1216 1 0 0
node 1276 1 0 0
node 1425 1 0 0
node 1574 1 0 0
node 1625 1 0 0
node 1636 1 0 0
node 1668 1 0 0
node 1808 1 0 0
node 1928 1 0 0
node 1979 1 0 0
node 2076 1 0 0
node 2117 1 0 0
gene 3 1 13 -800000 0 1 -800000 1
gene 1 2 13 231894 0 2 231894 0
gene 2 3 13 162738 0 3 162738 1
gene 2 4 13 510324 0 4 510324 1
gene 4 5 13 -207342 0 5 -207342 0
gene 3 6 13 -800000 0 6 -800000 1
gene 4 7 13 -159762 0 7 -159762 1
gene 2 8 13 -204813 0 8 -204813 1
gene 1 9 13 -63237 0 9 -63237 0
gene 1 10 13 -395478 0 10 -395478 1
gene 1 11 13 445134 0 11 445134 1
gene 2 12 13 23070 0 12 23070 1
gene 3 1 14 -633026 0 13 -633026 1
gene 3 2 14 314697 0 14 314697 0
gene 4 3 14 151023 0 15 151023 0
gene 4 4 14 216168 0 16 216168 1
gene 2 5 14 90267 0 17 90267 0
gene 2 6 14 -68322 0 18 -68322 0
gene 4 7 14 725442 0 19 725442 1
gene 1 8 14 -554388 0 20 -554388 1
gene 1 9 14 -40380 0 21 -40380 1
gene 2 10 14 14286 0 22 14286 1
gene 1 11 14 -433449 0 23 -433449 0
gene 2 12 14 53409 0 24 53409 0
gene 4 1 15 -90969 0 25 -90969 1
gene 3 2 15 122709 0 26 122709 0
gene 4 3 15 -148152 0 27 -148152 0
gene 3 4 15 -375105 0 28 -375105 1
gene 3 5 15 -484977 0 29 -484977 1
gene 3 6 15 114135 0 30 114135 1
gene 3 7 15 274710 0 31 274710 0
gene 3 8 15 305796 0 32 305796 1
gene 4 9 15 -610991 0 33 -610991 1
gene 1 10 15 142890 0 34 142890 1
gene 4 11 15 -285483 0 35 -285483 1
gene 2 12 15 -550785 0 36 -550785 0
gene 1 11 25 -424257 0 61 -424257 0
gene 1 25 14 48156 0 62 48156 0
gene 1 6 82 574392 0 224 574392 1
gene 2 82 14 773903 0 225 773903 0
gene 1 8 25 -169164 0 355 -169164 1
gene 4 13 15 -278160 0 468 -278160 1
gene 2 82 170 -63666 0 506 -63666 1
gene 2 170 14 205404 0 507 205404 1
gene 2 13 13 -617135 1 563 -617135 1
gene 1 3 25 277632 0 600 277632 1
gene 4 12 25 -597188 0 644 -597188 1
gene 3 5 25 286842 0 701 286842 1
gene 3 2 261 -730904 0 793 -730904 1
gene 1 261 13 26682 0 794 26682 0
gene 2 2 311 128442 0 939 128442 1
gene 3 311 14 -540345 0 940 -540345 0
gene 3 3 311 -173646 0 1098 -173646 1
gene 3 2 499 13413 0 1513 13413 1
gene 3 499 15 59370 0 1514 59370 0
gene 2 5 510 -101679 0 1553 -101679 1
gene 2 510 14 257091 0 1554 257091 0
gene 3 311 538 256845 0 1631 256845 1
gene 3 538 14 -42438 0 1632 -42438 1
gene 4 3 612 -235479 0 1835 -235479 1
gene 4 612 14 -174189 0 1836 -174189 1
gene 4 3 623 -126542 0 1874 -126542 1
gene 4 623 15 -767184 0 1875 -767184 1
gene 4 170 13 -13710 0 1931 -13710 1
gene 4 538 538 -21030 1 1978 -21030 0
gene 4 538 700 76938 1 2098 76938 1
gene 4 700 538 288873 0 2099 288873 1
gene 4 170 538 -342912 0 2150 -342912 1
gene 1 261 510 176406 0 2194 176406 1
gene 4 25 499 -250461 0 2387 -250461 1
gene 1 5 170 -210096 0 2622 -210096 1
gene 2 25 510 49092 0 3061 49092 1
gene 2 700 700 -80640 1 3103 -80640 0
gene 1 170 170 34980 1 3316 34980 1
gene 2 311 15 569496 0 3413 569496 1
gene 2 700 499 -81804 0 3560 -81804 1
gene 1 11 1216 -268119 0 3603 -268119 1
gene 1 1216 25 157074 0 3604 157074 1
gene 4 14 623 33309 0 3763 33309 1
gene 3 499 1276 226857 0 3782 226857 1
gene 3 1276 15 -15375 0 3783 -15375 1
gene 2 510 15 -284700 0 3838 -284700 1
gene 1 9 1425 35646 0 4198 35646 1
gene 1 1425 13 343851 0 4199 343851 0
gene 4 13 14 449346 0 4418 449346 1
gene 4 12 170 157371 0 4525 157371 1
gene 2 700 1574 126102 1 4636 126102 1
gene 2 1574 700 299370 0 4637 299370 1
gene 2 12 1625 -77763 0 4779 -77763 1
gene 2 1625 14 97350 0 4780 97350 1
gene 1 261 1636 24336 0 4817 24336 1
gene 1 1636 13 566604 0 4818 566604 1
gene 2 12 1668 -34785 0 4916 -34785 1
gene 2 1668 15 533598 0 4917 533598 1
gene 3 1636 538 283977 0 5184 283977 1
gene 3 7 1808 -800000 0 5347 -800000 1
gene 3 1808 15 -363864 0 5348 -363864 1
gene 4 510 1625 -45918 0 5503 -45918 1
gene 1 1636 15 229370 0 5529 229370 1
gene 3 11 261 -28317 0 5672 -28317 1
gene 1 25 1928 -237939 0 5715 -237939 1
gene 1 1928 14 -219081 0 5716 -219081 1
gene 3 7 1216 44958 0 5812 44958 1
gene 1 1425 1979 185452 0 5863 185452 1
gene 1 1979 13 -241014 0 5864 -241014 1
gene 2 612 1808 -649874 0 5982 -649874 1
gene 2 510 2076 149743 0 6168 149743 1
gene 2 2076 14 -26223 0 6169 -26223 1
gene 4 5 2117 256053 0 6291 256053 1
gene 4 2117 13 -222594 0 6292 -222594 1
genomeend 75


/* Organism #79 Fitness: 160.000000 Time: 0 */
/* Position #79*/
#1 x: 28 y: 25
#2 x: 82 y: 16
#3 x: 69 y: 22
#4 x: 74 y: 84
#5 x: 18 y: 71
#6 x: 84 y: 63
genomestart 79
trait 1 92730.000000 10467.000000 3828.000000 7157.000000 0.000000 0.000000 22486.000000 17659.000000 trait 2 0.000000 41995.000000 0.000000 0.000000 0.000000 4712.000000 100000.000000 0.000000 trait 3 3.000000 0.000000 0.000000 83554.000000 0.000000 0.000000 0.000000 0.000000 trait 4 4.000000 0.000000 0.000000 0.000000 0.000000 0.000000 0.000000 0.000000 node 1 2 1 3
node 2 2 1 1
node 3 3 1 1
node 4 1 1 1
node 5 1 1 1
node 6 3 1 1
node 7 1 1 1
node 8 1 1 1
node 9 3 1 1
node 10 4 1 1
node 11 1 1 1
node 12 1 1 1
node 13 3 0 2
node 14 2 0 2
node 15 3 0 2
node 21 4 0 0
node 37 1 0 0
node 50 1 0 0
node 63 1 0 0
node 74 2 0 0
node 197 1 0 0
node 459 1 0 0
node 526 1 0 0
node 555 1 0 0
node 573 1 0 0
node 592 1 0 0
node 670 1 0 0
node 825 1 0 0
node 895 1 0 0
node 913 1 0 0
node 927 1 0 0
node 1124 1 0 0
node 1139 1 0 0
node 1152 1 0 0
node 1207 1 0 0
node 1246 1 0 0
node 1288 1 0 0
node 1349 1 0 0
node 1417 1 0 0
node 1524 1 0 0
node 1542 1 0 0
node 1621 1 0 0
node 1676 1 0 0
node 1687 1 0 0
node 1866 1 0 0
node 1952 1 0 0
node 1971 1 0 0
node 1982 1 0 0
node 1992 1 0 0
node 2108 1 0 0
gene 3 1 13 -74751 0 1 -74751 1
gene 4 2 13 496929 0 2 496929 0
gene 3 3 13 250605 0 3 250605 1
gene 2 4 13 744378 0 4 744378 0
gene 1 5 13 -256194 0 5 -256194 1
gene 2 6 13 -686328 0 6 -686328 1
gene 1 7 13 310578 0 7 310578 1
gene 2 8 13 -718625 0 8 -718625 1
gene 2 9 13 -656552 0 9 -656552 0
gene 4 10 13 -800000 0 10 -800000 1
gene 2 11 13 62529 0 11 62529 0
gene 4 12 13 -152435 0 12 -152435 1
gene 4 1 14 197004 0 13 197004 1
gene 3 2 14 -264933 0 14 -264933 1
gene 2 3 14 800000 0 15 800000 0
gene 3 4 14 555869 0 16 555869 1
gene 2 5 14 -358283 0 17 -358283 0
gene 4 6 14 255144 0 18 255144 0
gene 1 7 14 266748 0 19 266748 1
gene 1 8 14 -800000 0 20 -800000 0
gene 1 9 14 -437844 0 21 -437844 0
gene 3 10 14 76290 0 22 76290 1
gene 2 11 14 97908 0 23 97908 0
gene 2 12 14 519510 0 24 519510 0
gene 3 1 15 800000 0 25 800000 1
gene 4 2 15 141339 0 26 141339 0
gene 2 3 15 92517 0 27 92517 1
gene 2 4 15 -800000 0 28 -800000 1
gene 1 5 15 161754 0 29 161754 0
gene 1 6 15 -553215 0 30 -553215 1
gene 4 7 15 454620 0 31 454620 1
gene 1 8 15 -11697 0 32 -11697 0
gene 4 9 15 10341 0 33 10341 0
gene 2 10 15 16893 0 34 16893 0
gene 3 11 15 -49743 0 35 -49743 0
gene 2 12 15 -154092 0 36 -154092 1
gene 2 12 21 -623076 0 50 -623076 1
gene 4 21 14 -17235 0 51 -17235 0
gene 4 2 37 274152 0 92 274152 0
gene 4 37 13 422730 0 93 422730 1
gene 4 2 50 -394584 0 130 -394584 1
gene 4 50 37 -161769 0 131 -161769 1
gene 1 11 63 -609804 0 166 -609804 1
gene 1 63 14 -194538 0 167 -194538 1
gene 2 5 74 185802 0 204 185802 1
gene 2 74 14 158568 0 205 158568 0
gene 4 5 37 227901 0 419 227901 1
gene 3 6 21 -365676 0 547 -365676 1
gene 4 2 197 -127218 0 591 -127218 1
gene 4 197 15 680562 0 592 680562 1
gene 3 14 50 -635349 0 781 -635349 1
gene 4 9 74 -365895 0 1104 -365895 1
gene 2 9 459 -222894 0 1406 -222894 1
gene 1 459 13 -506111 0 1407 -506111 1
gene 1 9 526 -384621 0 1593 -384621 1
gene 1 526 14 226476 0 1594 226476 0
gene 2 74 555 83577 0 1680 83577 0
gene 4 555 14 550551 0 1681 550551 0
gene 1 5 573 -406614 0 1732 -406614 1
gene 1 573 15 491670 0 1733 491670 0
gene 1 573 592 -386232 0 1786 -386232 1
gene 1 592 15 623529 0 1787 623529 1
gene 2 21 670 165288 0 2012 165288 1
gene 2 670 14 696275 0 2013 696275 0
gene 4 63 50 -30001 0 2239 -30001 1
gene 3 74 74 150113 1 2345 150113 1
gene 1 8 825 165540 0 2466 165540 0
gene 1 825 14 403533 0 2467 403533 1
gene 2 10 895 115407 0 2679 115407 1
gene 2 895 15 -93608 0 2680 -93608 1
gene 2 74 913 102198 0 2725 102198 1
gene 2 913 555 -789002 0 2726 -789002 1
gene 2 11 927 -187410 0 2769 -187410 1
gene 2 927 13 314325 0 2770 314325 1
gene 1 555 197 -95364 0 2872 -95364 1
gene 2 459 459 -442791 1 3224 -442791 1
gene 3 11 1124 426417 0 3336 426417 0
gene 3 1124 15 -270633 0 3337 -270633 0
gene 2 670 1139 -800000 0 3378 -800000 1
gene 2 1139 14 12549 0 3379 12549 1
gene 1 8 1152 269022 0 3420 269022 0
gene 1 1152 825 800000 0 3421 800000 1
gene 1 895 895 -783282 1 3523 -783282 1
gene 1 8 1207 353937 0 3577 353937 1
gene 1 1207 1152 292309 0 3578 292309 1
gene 3 1124 1246 -13323 0 3704 -13323 1
gene 3 1246 15 -629280 0 3705 -629280 0
gene 4 9 1288 -147849 0 3815 -147849 1
gene 4 1288 15 -102018 0 3816 -102018 1
gene 4 6 1349 335622 0 3992 335622 0
gene 3 1349 14 -263661 0 3993 -263661 0
gene 2 555 1417 557160 0 4178 557160 1
gene 2 1417 14 -407472 0 4179 -407472 1
gene 1 8 1524 46011 0 4491 46011 1
gene 1 1524 15 448608 0 4492 448608 1
gene 2 3 1542 -796359 0 4543 -796359 1
gene 2 1542 14 82305 0 4544 82305 0
gene 1 1288 197 -19338 0 4594 -19338 0
gene 3 8 63 22710 0 4729 22710 1
gene 3 11 1621 -697563 0 4768 -697563 1
gene 3 1621 1124 174702 0 4769 174702 1
gene 4 6 1676 75708 0 4939 75708 1
gene 4 1676 1349 -279249 0 4940 -279249 1
gene 1 526 1687 -344700 0 4973 -344700 1
gene 1 1687 14 31761 0 4974 31761 0
gene 2 14 37 -82104 0 5239 -82104 1
gene 2 4 1866 -104628 0 5523 -104628 1
gene 2 1866 13 318246 0 5524 318246 1
gene 2 825 670 209106 0 5637 209106 1
gene 1 1542 1542 1986 1 5661 1986 1
gene 3 1246 1952 -167418 0 5784 -167418 1
gene 3 1952 15 211572 0 5785 211572 1
gene 2 1542 1971 497661 0 5834 497661 1
gene 2 1971 14 169131 0 5835 169131 1
gene 3 1349 1982 328755 0 5875 328755 1
gene 3 1982 14 206343 0 5876 206343 1
gene 1 1288 1992 -136455 0 5913 -136455 1
gene 1 1992 197 -107949 0 5914 -107949 1
gene 1 825 1246 -183729 0 6225 -183729 1
gene 1 1687 2108 1 0 6258 1 1
gene 1 2108 14 277224 0 6259 277224 1
genomeend 79


