/* Organism #0 Fitness: 400.000000 Time: 0 */
/* Position #0*/
#1 x: 35 y: 24
#2 x: 75 y: 23
#3 x: 80 y: 31
#4 x: 80 y: 71
#5 x: 50 y: 74
#6 x: 48 y: 78
genomestart 0
trait 1 1.000000 0.000000 0.000000 0.000000 0.000000 0.000000 0.000000 0.000000 trait 2 2.000000 0.000000 0.000000 0.000000 0.000000 14091.000000 0.000000 0.000000 trait 3 3.000000 0.000000 0.000000 0.000000 0.000000 0.000000 0.000000 0.000000 trait 4 4.000000 0.000000 0.000000 0.000000 0.000000 0.000000 0.000000 0.000000 node 1 4 1 3
node 2 2 1 1
node 3 4 1 1
node 4 2 1 1
node 5 4 1 1
node 6 3 1 1
node 7 2 1 1
node 8 1 1 1
node 9 4 1 1
node 10 1 1 1
node 11 1 1 1
node 12 4 1 1
node 13 3 0 2
node 14 1 0 2
node 15 4 0 2
node 71 1 0 0
node 289 1 0 0
node 317 1 0 0
node 368 1 0 0
node 381 1 0 0
node 394 1 0 0
node 473 1 0 0
node 490 1 0 0
node 568 1 0 0
node 647 1 0 0
node 686 1 0 0
node 704 1 0 0
node 760 1 0 0
node 834 1 0 0
node 877 1 0 0
node 886 1 0 0
node 948 1 0 0
node 996 1 0 0
node 1018 1 0 0
node 1030 1 0 0
node 1107 1 0 0
node 1188 1 0 0
node 1240 1 0 0
node 1316 1 0 0
node 1373 1 0 0
node 1445 1 0 0
node 1459 1 0 0
node 1474 1 0 0
node 1504 1 0 0
node 1625 1 0 0
node 1675 1 0 0
node 1700 1 0 0
node 1720 1 0 0
node 1888 1 0 0
node 2052 1 0 0
node 2089 1 0 0
node 2123 1 0 0
node 2146 1 0 0
node 2162 1 0 0
node 2187 1 0 0
node 2207 1 0 0
gene 4 1 13 -800000 0 1 -800000 1
gene 3 2 13 -489168 0 2 -489168 1
gene 4 3 13 19974 0 3 19974 0
gene 4 4 13 -800000 0 4 -800000 1
gene 2 5 13 -42789 0 5 -42789 0
gene 3 6 13 174288 0 6 174288 1
gene 1 7 13 202689 0 7 202689 0
gene 1 8 13 -551541 0 8 -551541 1
gene 1 9 13 438183 0 9 438183 0
gene 2 10 13 -509064 0 10 -509064 1
gene 3 11 13 800000 0 11 800000 1
gene 3 12 13 64836 0 12 64836 1
gene 1 1 14 800000 0 13 800000 1
gene 1 2 14 -367521 0 14 -367521 0
gene 3 3 14 -259293 0 15 -259293 0
gene 1 4 14 -507546 0 16 -507546 0
gene 1 5 14 620315 0 17 620315 1
gene 1 6 14 -94602 0 18 -94602 1
gene 1 7 14 -207930 0 19 -207930 1
gene 2 8 14 -138417 0 20 -138417 1
gene 2 9 14 226488 0 21 226488 0
gene 1 10 14 225837 0 22 225837 0
gene 3 11 14 -98052 0 23 -98052 1
gene 2 12 14 401178 0 24 401178 0
gene 3 1 15 -800000 0 25 -800000 1
gene 2 2 15 290651 0 26 290651 1
gene 4 3 15 174513 0 27 174513 0
gene 2 4 15 466479 0 28 466479 0
gene 2 5 15 77574 0 29 77574 0
gene 1 6 15 225789 0 30 225789 1
gene 4 7 15 -542006 0 31 -542006 0
gene 2 8 15 -603345 0 32 -603345 0
gene 2 9 15 -55152 0 33 -55152 1
gene 1 10 15 539919 0 34 539919 1
gene 3 11 15 567336 0 35 567336 1
gene 1 12 15 -312045 0 36 -312045 0
gene 4 3 71 -189099 0 201 -189099 0
gene 3 71 14 40659 0 202 40659 0
gene 1 13 13 573560 1 248 573560 0
gene 2 13 15 211176 0 413 211176 1
gene 4 10 71 -560163 0 454 -560163 1
gene 2 7 71 122775 0 542 122775 0
gene 4 8 71 10185 0 717 10185 1
gene 4 71 71 -459552 1 769 -459552 0
gene 4 3 289 -821 0 858 -821 0
gene 4 289 15 -463692 0 859 -463692 1
gene 3 289 14 -736617 0 897 -736617 0
gene 4 3 317 266607 0 942 266607 0
gene 4 317 289 -317322 0 943 -317322 1
gene 2 8 368 141960 0 1081 141960 1
gene 2 368 15 233460 0 1082 233460 1
gene 1 2 381 -800000 0 1117 -800000 1
gene 2 381 14 -21906 0 1118 -21906 1
gene 4 3 394 -165384 0 1159 -165384 1
gene 4 394 71 -202461 0 1160 -202461 1
gene 4 1 394 557858 0 1362 557858 1
gene 2 3 473 -258156 0 1405 -258156 1
gene 2 473 13 415911 0 1406 415911 0
gene 1 10 490 173556 0 1456 173556 0
gene 1 490 14 -800000 0 1457 -800000 1
gene 3 13 289 -309808 0 1591 -309808 1
gene 4 71 568 326694 1 1699 326694 0
gene 4 568 71 42549 0 1700 42549 0
gene 3 568 15 -505782 0 1754 -505782 1
gene 3 289 394 -404700 0 1809 -404700 0
gene 4 568 647 87456 0 1948 87456 1
gene 4 647 71 225975 0 1949 225975 1
gene 1 7 686 -63984 0 2069 -63984 1
gene 1 686 71 -800000 0 2070 -800000 1
gene 3 71 704 700076 0 2122 700076 0
gene 3 704 14 158235 0 2123 158235 1
gene 3 289 760 -352065 0 2296 -352065 1
gene 3 760 394 389352 0 2297 389352 1
gene 4 368 394 420696 0 2326 420696 0
gene 2 10 289 -305139 0 2376 -305139 1
gene 4 3 834 -300336 0 2518 -300336 1
gene 4 834 317 -81873 0 2519 -81873 0
gene 2 12 877 -396858 0 2634 -396858 1
gene 2 877 14 538818 0 2635 538818 1
gene 2 4 886 -51987 0 2665 -51987 1
gene 2 886 15 162537 0 2666 162537 1
gene 2 5 948 -365352 0 2855 -365352 0
gene 2 948 13 -198744 0 2856 -198744 1
gene 2 877 877 106866 1 2903 106866 1
gene 1 7 996 644988 0 2996 644988 1
gene 1 996 13 354021 0 2997 354021 1
gene 3 7 1018 95373 0 3054 95373 1
gene 4 1018 15 -403320 0 3055 -403320 1
gene 1 4 1030 326568 0 3100 326568 1
gene 1 1030 14 800000 0 3101 800000 1
gene 3 568 568 205047 1 3154 205047 0
gene 2 5 1107 501228 0 3308 501228 1
gene 2 1107 948 39768 0 3309 39768 1
gene 4 686 686 285699 1 3352 285699 1
gene 3 996 490 547115 0 3408 547115 1
gene 2 9 1188 16293 0 3558 16293 0
gene 2 1188 14 -179841 0 3559 -179841 1
gene 4 381 71 -41586 0 3665 -41586 0
gene 1 10 1240 60618 0 3707 60618 1
gene 1 1240 490 649137 0 3708 649137 1
gene 3 1107 1030 496668 0 3763 496668 1
gene 2 9 1316 619536 0 3922 619536 0
gene 2 1316 1188 -109821 0 3923 -109821 1
gene 1 12 1373 -615126 0 4116 -615126 0
gene 1 1373 15 -117420 0 4117 -117420 0
gene 1 3 1316 283494 0 4180 283494 1
gene 4 834 1445 -800000 0 4313 -800000 1
gene 4 1445 317 -653478 0 4314 -653478 1
gene 4 381 1459 115962 0 4355 115962 1
gene 4 1459 71 800000 0 4356 800000 1
gene 3 289 1474 379209 0 4406 379209 1
gene 3 1474 14 -61527 0 4407 -61527 1
gene 2 394 1373 203941 0 4457 203941 1
gene 2 5 1504 453702 0 4497 453702 0
gene 2 1504 15 55902 0 4498 55902 1
gene 4 1504 886 306850 0 4750 306850 1
gene 2 9 1625 345624 0 4838 345624 1
gene 2 1625 1316 -147963 0 4839 -147963 1
gene 4 1 1625 -316158 0 4968 -316158 1
gene 3 568 1675 233112 1 4996 233112 1
gene 3 1675 568 -110745 0 4997 -110745 0
gene 2 5 1700 113724 0 5071 113724 1
gene 2 1700 1504 -280266 0 5072 -280266 1
gene 3 71 1720 -323111 0 5118 -323111 1
gene 3 1720 704 -242388 0 5119 -242388 1
gene 1 886 381 103062 0 5222 103062 1
gene 1 1373 1888 -13395 0 5630 -13395 1
gene 1 1888 15 4629 0 5631 4629 1
gene 1 1107 490 120906 0 5814 120906 1
gene 4 1107 15 215550 0 5917 215550 1
gene 4 14 14 -204297 1 5955 -204297 1
gene 2 1700 1700 -8951 1 6001 -8951 1
gene 3 1675 2052 1 0 6096 1 1
gene 3 2052 568 97827 0 6097 97827 1
gene 1 9 2089 225402 0 6209 225402 1
gene 1 2089 13 280095 0 6210 280095 1
gene 4 1459 877 66233 0 6265 66233 1
gene 1 13 2123 1 1 6314 1 1
gene 1 2123 13 683660 0 6315 683660 1
gene 4 71 2146 120328 1 6373 120328 1
gene 4 2146 568 543345 0 6374 543345 1
gene 2 473 2162 196558 0 6427 196558 1
gene 2 2162 13 318600 0 6428 318600 1
gene 4 368 2187 -223466 0 6490 -223466 1
gene 4 2187 394 60228 0 6491 60228 1
gene 1 12 2207 1 0 6548 1 1
gene 1 2207 1373 -148020 0 6549 -148020 1
genomeend 0


/* Organism #2 Fitness: 560.000000 Time: 0 */
/* Position #2*/
#1 x: 23 y: 39
#2 x: 71 y: 17
#3 x: 29 y: 27
#4 x: 72 y: 74
#5 x: 45 y: 62
#6 x: 15 y: 84
genomestart 2
trait 1 1.000000 0.000000 0.000000 0.000000 0.000000 0.000000 0.000000 0.000000 trait 2 51558.000000 0.000000 0.000000 18452.000000 78989.000000 0.000000 41404.000000 0.000000 trait 3 3.000000 0.000000 0.000000 0.000000 0.000000 0.000000 0.000000 0.000000 trait 4 4.000000 31394.000000 71462.000000 0.000000 0.000000 0.000000 0.000000 76528.000000 node 1 4 1 3
node 2 2 1 1
node 3 4 1 1
node 4 2 1 1
node 5 4 1 1
node 6 3 1 1
node 7 2 1 1
node 8 1 1 1
node 9 4 1 1
node 10 1 1 1
node 11 1 1 1
node 12 1 1 1
node 13 3 0 2
node 14 1 0 2
node 15 4 0 2
node 71 1 0 0
node 289 1 0 0
node 317 1 0 0
node 368 1 0 0
node 381 1 0 0
node 394 1 0 0
node 473 1 0 0
node 490 1 0 0
node 568 1 0 0
node 647 4 0 0
node 686 1 0 0
node 704 1 0 0
node 760 1 0 0
node 834 1 0 0
node 877 1 0 0
node 886 1 0 0
node 948 1 0 0
node 996 1 0 0
node 1018 1 0 0
node 1030 1 0 0
node 1107 1 0 0
node 1283 1 0 0
node 1318 1 0 0
node 1334 1 0 0
node 1348 1 0 0
node 1396 1 0 0
node 1501 1 0 0
node 1604 1 0 0
node 1683 1 0 0
node 1699 1 0 0
node 1811 1 0 0
node 1862 1 0 0
node 1886 1 0 0
node 1902 1 0 0
node 2163 1 0 0
node 2208 1 0 0
gene 4 1 13 245553 0 1 245553 1
gene 3 2 13 -287421 0 2 -287421 0
gene 2 3 13 -634259 0 3 -634259 0
gene 4 4 13 -552743 0 4 -552743 1
gene 2 5 13 779612 0 5 779612 0
gene 3 6 13 359610 0 6 359610 0
gene 1 7 13 -572075 0 7 -572075 0
gene 1 8 13 -147639 0 8 -147639 1
gene 1 9 13 -129942 0 9 -129942 1
gene 2 10 13 -258764 0 10 -258764 1
gene 3 11 13 193068 0 11 193068 1
gene 3 12 13 -401457 0 12 -401457 0
gene 1 1 14 280632 0 13 280632 1
gene 1 2 14 286233 0 14 286233 0
gene 3 3 14 -800000 0 15 -800000 0
gene 1 4 14 -255426 0 16 -255426 0
gene 1 5 14 -125079 0 17 -125079 1
gene 1 6 14 -80244 0 18 -80244 1
gene 1 7 14 180912 0 19 180912 1
gene 2 8 14 -800000 0 20 -800000 1
gene 2 9 14 47520 0 21 47520 1
gene 1 10 14 -800000 0 22 -800000 0
gene 3 11 14 574287 0 23 574287 1
gene 2 12 14 -539505 0 24 -539505 0
gene 3 1 15 -607428 0 25 -607428 1
gene 2 2 15 -444162 0 26 -444162 1
gene 4 3 15 203874 0 27 203874 0
gene 2 4 15 -54291 0 28 -54291 0
gene 2 5 15 -800000 0 29 -800000 1
gene 1 6 15 -255984 0 30 -255984 1
gene 4 7 15 -159987 0 31 -159987 0
gene 2 8 15 642360 0 32 642360 0
gene 2 9 15 -292185 0 33 -292185 1
gene 1 10 15 90714 0 34 90714 1
gene 3 11 15 795015 0 35 795015 0
gene 1 12 15 -8685 0 36 -8685 1
gene 4 3 71 235614 0 201 235614 0
gene 3 71 14 -450537 0 202 -450537 0
gene 1 13 13 -42000 1 248 -42000 1
gene 2 13 15 -93393 0 413 -93393 1
gene 4 10 71 160515 0 454 160515 1
gene 1 7 71 165804 0 542 165804 0
gene 4 8 71 406043 0 717 406043 1
gene 4 71 71 739718 1 769 739718 0
gene 4 3 289 -609809 0 858 -609809 0
gene 4 289 15 227901 0 859 227901 1
gene 2 289 14 160764 0 897 160764 1
gene 4 3 317 743636 0 942 743636 0
gene 4 317 289 189840 0 943 189840 1
gene 2 8 368 -121836 0 1081 -121836 0
gene 2 368 15 -92721 0 1082 -92721 0
gene 1 2 381 800000 0 1117 800000 1
gene 2 381 14 -594960 0 1118 -594960 1
gene 4 3 394 48261 0 1159 48261 0
gene 4 394 71 -80139 0 1160 -80139 1
gene 4 1 394 -168741 0 1362 -168741 1
gene 2 3 473 486180 0 1405 486180 1
gene 2 473 13 750831 0 1406 750831 1
gene 1 10 490 -352602 0 1456 -352602 1
gene 1 490 14 800000 0 1457 800000 1
gene 3 13 289 -238938 0 1591 -238938 1
gene 4 71 568 -198327 1 1699 -198327 1
gene 4 568 71 -308510 0 1700 -308510 0
gene 3 568 15 240564 0 1754 240564 1
gene 3 289 394 -800000 0 1809 -800000 0
gene 4 568 647 26379 0 1948 26379 1
gene 4 647 71 -261690 0 1949 -261690 1
gene 1 7 686 419439 0 2069 419439 1
gene 1 686 71 88629 0 2070 88629 1
gene 3 71 704 227298 0 2122 227298 1
gene 3 704 14 584508 0 2123 584508 1
gene 3 289 760 -149697 0 2296 -149697 1
gene 3 760 394 -94149 0 2297 -94149 1
gene 4 368 394 -476478 0 2326 -476478 0
gene 2 10 289 260991 0 2376 260991 1
gene 4 3 834 467709 0 2518 467709 1
gene 4 834 317 113526 0 2519 113526 1
gene 2 12 877 170115 0 2634 170115 1
gene 2 877 14 246606 0 2635 246606 1
gene 2 4 886 227544 0 2665 227544 1
gene 2 886 15 56649 0 2666 56649 0
gene 2 5 948 -133866 0 2855 -133866 0
gene 2 948 13 -110142 0 2856 -110142 0
gene 2 877 877 -514647 1 2903 -514647 1
gene 4 7 996 14424 0 2996 14424 1
gene 1 996 13 27768 0 2997 27768 1
gene 3 7 1018 800000 0 3054 800000 1
gene 4 1018 15 15255 0 3055 15255 1
gene 1 4 1030 22503 0 3100 22503 1
gene 1 1030 14 134874 0 3101 134874 1
gene 3 568 568 29913 1 3154 29913 1
gene 2 5 1107 5880 0 3308 5880 1
gene 2 1107 948 92550 0 3309 92550 1
gene 4 686 686 -16716 1 3352 -16716 1
gene 3 996 490 361071 0 3408 361071 1
gene 3 996 996 199809 1 3624 199809 0
gene 3 381 381 739973 1 3767 739973 1
gene 4 3 1283 -195105 0 3832 -195105 0
gene 4 1283 394 -340062 0 3833 -340062 1
gene 2 8 1318 87171 0 3932 87171 1
gene 2 1318 368 800000 0 3933 800000 1
gene 4 3 1334 672978 0 3987 672978 1
gene 4 1334 1283 -124521 0 3988 -124521 1
gene 3 6 1348 33687 0 4030 33687 1
gene 3 1348 13 65562 0 4031 65562 1
gene 3 11 1396 48834 0 4170 48834 1
gene 3 1396 15 278580 0 4171 278580 1
gene 2 948 1501 62724 0 4488 62724 0
gene 2 1501 13 334434 0 4489 334434 1
gene 2 948 1604 -125979 0 4780 -125979 1
gene 2 1604 1501 209352 0 4781 209352 1
gene 4 490 317 -362652 0 4926 -362652 0
gene 3 996 1683 -23553 1 5017 -23553 1
gene 3 1683 996 24378 0 5018 24378 1
gene 2 368 1699 -101709 0 5067 -101709 1
gene 2 1699 15 39891 0 5068 39891 1
gene 4 8 1396 -39300 0 5249 -39300 1
gene 2 886 1811 -292167 0 5389 -292167 1
gene 2 1811 15 182163 0 5390 182163 1
gene 3 12 1862 -25071 0 5541 -25071 1
gene 3 1862 13 -188955 0 5542 -188955 1
gene 3 2 1862 466813 0 5583 466813 1
gene 4 490 1886 182160 0 5624 182160 1
gene 4 1886 317 -192210 0 5625 -192210 1
gene 4 368 1902 -314910 0 5673 -314910 1
gene 4 1902 394 -90924 0 5674 -90924 1
gene 3 1501 686 122736 0 5725 122736 1
gene 4 2 1283 63617 0 6134 63617 1
gene 3 1501 14 750 0 6185 750 1
gene 3 1018 647 56348 0 6240 56348 1
gene 2 8 1862 -18214 0 6283 -18214 1
gene 1 8 1699 -9956 0 6331 -9956 0
gene 4 1318 1018 59287 0 6383 59287 1
gene 3 2 2163 1 0 6434 0 1
gene 3 2163 13 -287421 0 6435 0 1
gene 4 289 568 -65393 0 6495 -65393 1
gene 1 8 2208 1 0 6550 0 1
gene 1 2208 1699 -9956 0 6551 0 1
gene 1 381 1318 -77229 0 6600 -77229 1
genomeend 2


/* Organism #10 Fitness: 300.000000 Time: 0 */
/* Position #10*/
#1 x: 61 y: 25
#2 x: 16 y: 38
#3 x: 63 y: 22
#4 x: 40 y: 71
#5 x: 18 y: 61
#6 x: 32 y: 69
genomestart 10
trait 1 100000.000000 0.000000 0.000000 0.000000 0.000000 0.000000 0.000000 0.000000 trait 2 0.000000 0.000000 0.000000 100000.000000 0.000000 0.000000 39143.000000 0.000000 trait 3 21555.000000 0.000000 74217.000000 0.000000 72769.000000 0.000000 0.000000 0.000000 trait 4 4.000000 0.000000 0.000000 0.000000 63702.000000 0.000000 0.000000 0.000000 node 1 1 1 3
node 2 2 1 1
node 3 4 1 1
node 4 4 1 1
node 5 1 1 1
node 6 4 1 1
node 7 3 1 1
node 8 3 1 1
node 9 3 1 1
node 10 4 1 1
node 11 2 1 1
node 12 1 1 1
node 13 1 0 2
node 14 2 0 2
node 15 4 0 2
node 24 1 0 0
node 188 3 0 0
node 222 1 0 0
node 272 1 0 0
node 301 1 0 0
node 380 1 0 0
node 393 1 0 0
node 453 2 0 0
node 469 1 0 0
node 557 1 0 0
node 729 1 0 0
node 875 1 0 0
node 927 1 0 0
node 1021 1 0 0
node 1084 1 0 0
node 1116 1 0 0
node 1234 1 0 0
node 1295 1 0 0
node 1374 1 0 0
node 1496 1 0 0
node 1522 1 0 0
node 1622 1 0 0
node 1737 1 0 0
node 1820 1 0 0
node 1835 1 0 0
node 1913 1 0 0
node 1982 1 0 0
node 1999 1 0 0
node 2037 1 0 0
node 2227 1 0 0
gene 1 1 13 -122022 0 1 -122022 1
gene 2 2 13 -217056 0 2 -217056 1
gene 2 3 13 -151203 0 3 -151203 1
gene 4 4 13 52038 0 4 52038 0
gene 3 5 13 -626046 0 5 -626046 1
gene 1 6 13 -790022 0 6 -790022 1
gene 3 7 13 458862 0 7 458862 1
gene 1 8 13 -800000 0 8 -800000 0
gene 4 9 13 -620865 0 9 -620865 1
gene 2 10 13 -800000 0 10 -800000 1
gene 3 11 13 -578493 0 11 -578493 1
gene 4 12 13 -200094 0 12 -200094 1
gene 1 1 14 -113820 0 13 -113820 1
gene 1 2 14 525468 0 14 525468 0
gene 2 3 14 232050 0 15 232050 1
gene 2 4 14 84693 0 16 84693 1
gene 1 5 14 -286299 0 17 -286299 1
gene 2 6 14 522632 0 18 522632 0
gene 3 7 14 256317 0 19 256317 0
gene 3 8 14 -364752 0 20 -364752 1
gene 3 9 14 -96354 0 21 -96354 0
gene 2 10 14 -53247 0 22 -53247 1
gene 3 11 14 -271809 0 23 -271809 1
gene 2 12 14 416433 0 24 416433 1
gene 2 1 15 592115 0 25 592115 1
gene 3 2 15 347519 0 26 347519 0
gene 4 3 15 800000 0 27 800000 0
gene 1 4 15 473709 0 28 473709 0
gene 4 5 15 726369 0 29 726369 1
gene 2 6 15 51876 0 30 51876 1
gene 4 7 15 -615803 0 31 -615803 1
gene 2 8 15 800000 0 32 800000 1
gene 2 9 15 243429 0 33 243429 0
gene 2 10 15 -113022 0 34 -113022 1
gene 3 11 15 -178371 0 35 -178371 0
gene 2 12 15 -121503 0 36 -121503 0
gene 4 4 24 -412157 0 62 -412157 1
gene 4 24 13 243270 0 63 243270 1
gene 1 24 24 173970 1 127 173970 0
gene 3 15 13 -356709 0 293 -356709 1
gene 2 7 24 307212 0 408 307212 0
gene 3 7 188 -154086 0 526 -154086 1
gene 3 188 14 -407997 0 527 -407997 1
gene 2 9 222 -151344 0 645 -151344 0
gene 2 222 15 -165597 0 646 -165597 1
gene 3 3 272 -306969 0 798 -306969 0
gene 3 272 15 -155838 0 799 -155838 0
gene 2 3 24 -800000 0 850 -800000 1
gene 1 24 301 -410085 1 893 -410085 0
gene 1 301 24 -130959 0 894 -130959 0
gene 1 188 188 254538 1 934 254538 1
gene 3 4 188 9285 0 1080 9285 1
gene 2 6 380 -215496 0 1115 -215496 1
gene 2 380 14 365577 0 1116 365577 1
gene 1 4 393 527709 0 1157 527709 1
gene 1 393 15 467163 0 1158 467163 1
gene 1 15 380 425055 0 1196 425055 1
gene 2 12 188 -396108 0 1302 -396108 0
gene 2 9 453 -322734 0 1346 -322734 1
gene 2 453 222 204765 0 1347 204765 1
gene 1 24 469 -90111 1 1394 -90111 1
gene 1 469 301 80271 0 1395 80271 0
gene 3 222 24 540330 0 1576 540330 1
gene 4 3 188 -690468 0 1616 -690468 1
gene 3 272 557 119520 0 1666 119520 1
gene 1 557 15 258666 0 1667 258666 0
gene 1 6 272 -457923 0 1830 -457923 1
gene 4 12 380 357879 0 1879 357879 0
gene 1 469 729 -168618 0 2197 -168618 1
gene 1 729 301 58035 0 2198 58035 1
gene 2 14 301 -117315 0 2244 -117315 1
gene 1 188 380 737249 0 2284 737249 1
gene 1 8 875 164301 0 2630 164301 0
gene 1 875 13 632982 0 2631 632982 1
gene 4 12 927 -203790 0 2791 -203790 1
gene 4 927 380 158898 0 2792 158898 1
gene 2 393 380 92613 0 3014 92613 1
gene 2 7 1021 604965 0 3066 604965 1
gene 2 1021 24 552125 0 3067 552125 1
gene 1 8 1084 56205 0 3243 56205 0
gene 1 1084 875 -342567 0 3244 -342567 0
gene 4 188 927 32877 0 3297 32877 0
gene 1 1084 1116 -627537 0 3335 -627537 0
gene 1 1116 875 -482633 0 3336 -482633 0
gene 1 222 469 -426033 0 3394 -426033 1
gene 1 8 1234 -241224 0 3693 -241224 1
gene 1 1234 1084 116622 0 3694 116622 1
gene 1 301 1295 239205 0 3863 239205 0
gene 1 1295 24 260220 0 3864 260220 1
gene 1 2 393 586476 0 3943 586476 1
gene 4 1084 1084 -485234 1 4053 -485234 1
gene 3 1295 1084 54123 0 4076 54123 1
gene 1 1116 1374 -323223 0 4119 -323223 1
gene 1 1374 875 -294798 0 4120 -294798 1
gene 2 272 1084 161730 0 4218 161730 1
gene 2 12 1496 174636 0 4474 174636 1
gene 2 1496 15 493872 0 4475 493872 1
gene 1 557 1522 -318681 0 4546 -318681 1
gene 1 1522 15 26967 0 4547 26967 1
gene 3 1116 1021 -449937 0 4657 -449937 1
gene 3 9 380 145350 0 4725 145350 1
gene 2 12 1622 103221 0 4831 103221 1
gene 2 1622 188 403914 0 4832 403914 1
gene 4 453 453 -385986 1 4965 -385986 1
gene 3 3 1737 -339591 0 5163 -339591 1
gene 3 1737 272 -472182 0 5164 -472182 1
gene 4 222 729 289857 0 5192 289857 1
gene 1 1084 1820 612388 0 5415 612388 1
gene 1 1820 1116 357606 0 5416 357606 1
gene 4 188 1835 154752 0 5456 154752 1
gene 4 1835 927 288837 0 5457 288837 1
gene 3 380 380 196710 1 5510 196710 1
gene 3 11 1913 85509 0 5703 85509 1
gene 3 1913 15 138663 0 5704 138663 1
gene 3 9 1982 -95400 0 5895 -95400 1
gene 3 1982 14 80700 0 5896 80700 1
gene 1 2 1999 -241082 0 5944 -241082 1
gene 1 1999 14 -800000 0 5945 -800000 1
gene 3 2 2037 -136625 0 6051 -136625 1
gene 3 2037 15 778058 0 6052 778058 1
gene 1 1522 188 -452556 0 6146 -452556 1
gene 2 14 14 -70959 1 6423 -70959 1
gene 3 12 1116 -87579 0 6515 -87579 1
gene 1 301 2227 1 0 6608 0 1
gene 1 2227 1295 239205 0 6609 0 1
genomeend 10


/* Organism #26 Fitness: 320.000000 Time: 0 */
/* Position #26*/
#1 x: 36 y: 20
#2 x: 51 y: 23
#3 x: 74 y: 17
#4 x: 56 y: 66
#5 x: 76 y: 72
#6 x: 58 y: 85
genomestart 26
trait 1 1.000000 0.000000 0.000000 0.000000 0.000000 0.000000 0.000000 0.000000 trait 2 2.000000 0.000000 0.000000 0.000000 0.000000 14091.000000 0.000000 0.000000 trait 3 3.000000 0.000000 0.000000 0.000000 0.000000 0.000000 0.000000 0.000000 trait 4 4.000000 0.000000 0.000000 0.000000 0.000000 0.000000 0.000000 0.000000 node 1 4 1 3
node 2 2 1 1
node 3 4 1 1
node 4 2 1 1
node 5 4 1 1
node 6 3 1 1
node 7 2 1 1
node 8 1 1 1
node 9 4 1 1
node 10 1 1 1
node 11 1 1 1
node 12 4 1 1
node 13 3 0 2
node 14 1 0 2
node 15 4 0 2
node 71 1 0 0
node 289 1 0 0
node 317 1 0 0
node 368 1 0 0
node 381 1 0 0
node 394 1 0 0
node 473 1 0 0
node 490 1 0 0
node 568 1 0 0
node 647 1 0 0
node 686 1 0 0
node 704 1 0 0
node 760 1 0 0
node 834 1 0 0
node 877 1 0 0
node 886 1 0 0
node 948 1 0 0
node 996 1 0 0
node 1018 1 0 0
node 1030 1 0 0
node 1107 1 0 0
node 1188 1 0 0
node 1240 1 0 0
node 1316 1 0 0
node 1373 1 0 0
node 1445 1 0 0
node 1459 1 0 0
node 1474 1 0 0
node 1504 1 0 0
node 1625 1 0 0
node 1675 1 0 0
node 1700 1 0 0
node 1720 1 0 0
node 1888 1 0 0
node 2052 1 0 0
node 2089 1 0 0
gene 4 1 13 139950 0 1 139950 1
gene 3 2 13 -543927 0 2 -543927 1
gene 2 3 13 494931 0 3 494931 0
gene 4 4 13 -258159 0 4 -258159 1
gene 2 5 13 675690 0 5 675690 0
gene 3 6 13 285966 0 6 285966 1
gene 1 7 13 -60261 0 7 -60261 0
gene 1 8 13 -239850 0 8 -239850 1
gene 1 9 13 -381906 0 9 -381906 0
gene 2 10 13 -9684 0 10 -9684 1
gene 3 11 13 386099 0 11 386099 1
gene 3 12 13 286650 0 12 286650 1
gene 1 1 14 798839 0 13 798839 1
gene 1 2 14 -372306 0 14 -372306 0
gene 3 3 14 -708507 0 15 -708507 0
gene 1 4 14 -392388 0 16 -392388 0
gene 1 5 14 46779 0 17 46779 1
gene 1 6 14 -726539 0 18 -726539 1
gene 1 7 14 -666504 0 19 -666504 1
gene 2 8 14 -234276 0 20 -234276 1
gene 2 9 14 289359 0 21 289359 0
gene 1 10 14 -64020 0 22 -64020 0
gene 3 11 14 195432 0 23 195432 1
gene 2 12 14 -53073 0 24 -53073 0
gene 3 1 15 44379 0 25 44379 1
gene 2 2 15 173804 0 26 173804 1
gene 4 3 15 67962 0 27 67962 0
gene 2 4 15 540348 0 28 540348 0
gene 2 5 15 531845 0 29 531845 0
gene 1 6 15 -451746 0 30 -451746 1
gene 4 7 15 -415086 0 31 -415086 0
gene 2 8 15 -238581 0 32 -238581 0
gene 2 9 15 491235 0 33 491235 1
gene 1 10 15 629729 0 34 629729 1
gene 3 11 15 20163 0 35 20163 1
gene 1 12 15 -117018 0 36 -117018 0
gene 4 3 71 -149607 0 201 -149607 0
gene 3 71 14 -568863 0 202 -568863 0
gene 1 13 13 522620 1 248 522620 1
gene 2 13 15 -137532 0 413 -137532 1
gene 4 10 71 -294249 0 454 -294249 1
gene 2 7 71 -225396 0 542 -225396 0
gene 4 8 71 199788 0 717 199788 1
gene 4 71 71 -264483 1 769 -264483 0
gene 4 3 289 257551 0 858 257551 0
gene 4 289 15 -484821 0 859 -484821 1
gene 3 289 14 43023 0 897 43023 0
gene 4 3 317 701048 0 942 701048 0
gene 4 317 289 -200034 0 943 -200034 1
gene 2 8 368 134109 0 1081 134109 1
gene 2 368 15 315315 0 1082 315315 1
gene 1 2 381 -646676 0 1117 -646676 1
gene 2 381 14 -332589 0 1118 -332589 1
gene 4 3 394 268047 0 1159 268047 1
gene 4 394 71 -26991 0 1160 -26991 1
gene 4 1 394 566957 0 1362 566957 1
gene 2 3 473 239745 0 1405 239745 1
gene 2 473 13 690219 0 1406 690219 1
gene 1 10 490 251154 0 1456 251154 0
gene 1 490 14 -5900 0 1457 -5900 1
gene 3 13 289 -50649 0 1591 -50649 1
gene 4 71 568 800000 1 1699 800000 1
gene 4 568 71 763932 0 1700 763932 0
gene 3 568 15 800000 0 1754 800000 1
gene 3 289 394 -559452 0 1809 -559452 0
gene 4 568 647 231126 0 1948 231126 1
gene 4 647 71 -80733 0 1949 -80733 1
gene 1 7 686 -243582 0 2069 -243582 1
gene 1 686 71 367080 0 2070 367080 1
gene 3 71 704 283146 0 2122 283146 0
gene 3 704 14 274449 0 2123 274449 1
gene 3 289 760 289752 0 2296 289752 1
gene 3 760 394 -299862 0 2297 -299862 1
gene 4 368 394 153270 0 2326 153270 1
gene 2 10 289 231555 0 2376 231555 1
gene 4 3 834 -146319 0 2518 -146319 1
gene 4 834 317 -542367 0 2519 -542367 0
gene 2 12 877 -255819 0 2634 -255819 1
gene 2 877 14 -76533 0 2635 -76533 1
gene 2 4 886 -51213 0 2665 -51213 1
gene 2 886 15 256728 0 2666 256728 1
gene 2 5 948 145041 0 2855 145041 0
gene 2 948 13 245865 0 2856 245865 1
gene 2 877 877 255945 1 2903 255945 1
gene 1 7 996 800000 0 2996 800000 1
gene 1 996 13 -445215 0 2997 -445215 1
gene 3 7 1018 215088 0 3054 215088 1
gene 4 1018 15 -112491 0 3055 -112491 1
gene 1 4 1030 -236682 0 3100 -236682 1
gene 1 1030 14 365037 0 3101 365037 1
gene 3 568 568 -184365 1 3154 -184365 0
gene 2 5 1107 -39177 0 3308 -39177 1
gene 2 1107 948 -85896 0 3309 -85896 1
gene 4 686 686 438714 1 3352 438714 1
gene 3 996 490 537549 0 3408 537549 1
gene 2 9 1188 469524 0 3558 469524 0
gene 2 1188 14 367242 0 3559 367242 1
gene 4 381 71 128328 0 3665 128328 0
gene 1 10 1240 -215040 0 3707 -215040 1
gene 1 1240 490 426852 0 3708 426852 1
gene 3 1107 1030 612399 0 3763 612399 1
gene 2 9 1316 275925 0 3922 275925 0
gene 2 1316 1188 -302004 0 3923 -302004 1
gene 1 12 1373 63639 0 4116 63639 1
gene 1 1373 15 558165 0 4117 558165 0
gene 1 3 1316 359181 0 4180 359181 1
gene 4 834 1445 -399711 0 4313 -399711 1
gene 4 1445 317 -71496 0 4314 -71496 1
gene 4 381 1459 710028 0 4355 710028 1
gene 4 1459 71 -284874 0 4356 -284874 1
gene 3 289 1474 -164724 0 4406 -164724 1
gene 3 1474 14 307359 0 4407 307359 1
gene 2 394 1373 -89079 0 4457 -89079 1
gene 2 5 1504 -165087 0 4497 -165087 0
gene 2 1504 15 420441 0 4498 420441 1
gene 4 1504 886 37968 0 4750 37968 1
gene 2 9 1625 82401 0 4838 82401 1
gene 2 1625 1316 28572 0 4839 28572 1
gene 4 1 1625 -118635 0 4968 -118635 1
gene 3 568 1675 77361 1 4996 77361 1
gene 3 1675 568 -425658 0 4997 -425658 0
gene 2 5 1700 -252048 0 5071 -252048 1
gene 2 1700 1504 -105324 0 5072 -105324 1
gene 3 71 1720 -363459 0 5118 -363459 1
gene 3 1720 704 362811 0 5119 362811 1
gene 1 886 381 -59439 0 5222 -59439 1
gene 1 1373 1888 217185 0 5630 217185 1
gene 1 1888 15 447507 0 5631 447507 1
gene 1 1107 490 154746 0 5814 154746 1
gene 4 1107 15 241884 0 5917 241884 1
gene 4 14 14 -252111 1 5955 -252111 1
gene 2 1700 1700 14064 1 6001 14064 1
gene 3 1675 2052 -485604 0 6096 -485604 1
gene 3 2052 568 296703 0 6097 296703 1
gene 1 9 2089 -179505 0 6209 -179505 1
gene 1 2089 13 57897 0 6210 57897 1
genomeend 26


/* Organism #42 Fitness: 360.000000 Time: 0 */
/* Position #42*/
#1 x: 52 y: 30
#2 x: 16 y: 22
#3 x: 64 y: 40
#4 x: 81 y: 66
#5 x: 39 y: 69
#6 x: 53 y: 83
genomestart 42
trait 1 86382.000000 35089.000000 0.000000 0.000000 32470.000000 46984.000000 0.000000 0.000000 trait 2 502.000000 0.000000 4087.000000 0.000000 0.000000 0.000000 70334.000000 0.000000 trait 3 3.000000 0.000000 0.000000 0.000000 0.000000 0.000000 0.000000 95617.000000 trait 4 16152.000000 0.000000 51490.000000 96368.000000 0.000000 0.000000 0.000000 37220.000000 node 1 4 1 3
node 2 2 1 1
node 3 4 1 1
node 4 2 1 1
node 5 4 1 1
node 6 3 1 1
node 7 2 1 1
node 8 1 1 1
node 9 4 1 1
node 10 1 1 1
node 11 1 1 1
node 12 4 1 1
node 13 3 0 2
node 14 1 0 2
node 15 4 0 2
node 71 1 0 0
node 289 1 0 0
node 317 1 0 0
node 368 1 0 0
node 381 1 0 0
node 394 1 0 0
node 473 1 0 0
node 490 1 0 0
node 568 1 0 0
node 647 1 0 0
node 686 1 0 0
node 704 1 0 0
node 760 1 0 0
node 834 1 0 0
node 877 1 0 0
node 886 1 0 0
node 948 1 0 0
node 996 1 0 0
node 1018 1 0 0
node 1030 1 0 0
node 1107 1 0 0
node 1283 1 0 0
node 1318 1 0 0
node 1334 1 0 0
node 1348 1 0 0
node 1397 1 0 0
node 1437 1 0 0
node 1483 1 0 0
node 1576 1 0 0
node 1610 1 0 0
node 1682 1 0 0
node 1718 1 0 0
node 1791 1 0 0
node 1807 1 0 0
node 1852 1 0 0
node 1926 1 0 0
node 2076 1 0 0
node 2180 1 0 0
gene 4 1 13 479103 0 1 479103 1
gene 3 2 13 -198915 0 2 -198915 1
gene 2 3 13 -100650 0 3 -100650 0
gene 4 4 13 -800000 0 4 -800000 1
gene 2 5 13 177549 0 5 177549 0
gene 3 6 13 419640 0 6 419640 0
gene 1 7 13 -129114 0 7 -129114 0
gene 1 8 13 -529188 0 8 -529188 1
gene 1 9 13 61953 0 9 61953 0
gene 2 10 13 -800000 0 10 -800000 1
gene 3 11 13 85419 0 11 85419 1
gene 3 12 13 -558078 0 12 -558078 1
gene 1 1 14 547782 0 13 547782 1
gene 1 2 14 217038 0 14 217038 0
gene 3 3 14 -81504 0 15 -81504 0
gene 1 4 14 -163701 0 16 -163701 0
gene 1 5 14 270933 0 17 270933 1
gene 1 6 14 367209 0 18 367209 1
gene 1 7 14 -274848 0 19 -274848 1
gene 2 8 14 686153 0 20 686153 0
gene 2 9 14 106941 0 21 106941 1
gene 1 10 14 510123 0 22 510123 0
gene 3 11 14 -60069 0 23 -60069 1
gene 2 12 14 -307923 0 24 -307923 0
gene 3 1 15 522878 0 25 522878 1
gene 2 2 15 -465672 0 26 -465672 1
gene 4 3 15 -780456 0 27 -780456 0
gene 2 4 15 72816 0 28 72816 0
gene 2 5 15 97179 0 29 97179 1
gene 1 6 15 597980 0 30 597980 1
gene 4 7 15 -155348 0 31 -155348 0
gene 2 8 15 -185073 0 32 -185073 0
gene 2 9 15 -556188 0 33 -556188 1
gene 1 10 15 267570 0 34 267570 1
gene 3 11 15 148149 0 35 148149 0
gene 1 12 15 -557787 0 36 -557787 1
gene 4 3 71 208215 0 201 208215 0
gene 3 71 14 329052 0 202 329052 0
gene 1 13 13 -1770 1 248 -1770 1
gene 2 13 15 -800000 0 413 -800000 1
gene 4 10 71 -228738 0 454 -228738 1
gene 1 7 71 -17160 0 542 -17160 0
gene 4 8 71 226266 0 717 226266 1
gene 4 71 71 -126579 1 769 -126579 0
gene 4 3 289 -294404 0 858 -294404 0
gene 4 289 15 -213528 0 859 -213528 1
gene 3 289 14 162210 0 897 162210 1
gene 4 3 317 196032 0 942 196032 0
gene 4 317 289 -324756 0 943 -324756 1
gene 2 8 368 -485067 0 1081 -485067 0
gene 2 368 15 -24705 0 1082 -24705 1
gene 1 2 381 -24675 0 1117 -24675 1
gene 2 381 14 -800000 0 1118 -800000 1
gene 4 3 394 130152 0 1159 130152 0
gene 4 394 71 207801 0 1160 207801 1
gene 4 1 394 -225009 0 1362 -225009 1
gene 2 3 473 -432063 0 1405 -432063 0
gene 2 473 13 707370 0 1406 707370 1
gene 4 10 490 -555702 0 1456 -555702 0
gene 1 490 14 -114165 0 1457 -114165 1
gene 3 13 289 381903 0 1591 381903 1
gene 4 71 568 627984 1 1699 627984 1
gene 4 568 71 191688 0 1700 191688 0
gene 3 568 15 -118797 0 1754 -118797 0
gene 3 289 394 133971 0 1809 133971 0
gene 4 568 647 -343713 0 1948 -343713 1
gene 4 647 71 318675 0 1949 318675 1
gene 1 7 686 -599766 0 2069 -599766 1
gene 1 686 71 -427653 0 2070 -427653 1
gene 3 71 704 383244 0 2122 383244 1
gene 3 704 14 269106 0 2123 269106 1
gene 3 289 760 246033 0 2296 246033 1
gene 3 760 394 -125964 0 2297 -125964 0
gene 4 368 394 -158184 0 2326 -158184 1
gene 2 10 289 -255354 0 2376 -255354 1
gene 4 3 834 -15765 0 2518 -15765 1
gene 4 834 317 135993 0 2519 135993 1
gene 2 12 877 233595 0 2634 233595 1
gene 2 877 14 75507 0 2635 75507 1
gene 2 4 886 27153 0 2665 27153 1
gene 1 886 15 29367 0 2666 29367 1
gene 2 5 948 152997 0 2855 152997 0
gene 2 948 13 500388 0 2856 500388 1
gene 2 877 877 -126063 1 2903 -126063 0
gene 1 7 996 -692373 0 2996 -692373 1
gene 1 996 13 -658136 0 2997 -658136 0
gene 3 7 1018 -14001 0 3054 -14001 1
gene 4 1018 15 179913 0 3055 179913 0
gene 1 4 1030 243750 0 3100 243750 1
gene 1 1030 14 -308583 0 3101 -308583 1
gene 3 568 568 177765 1 3154 177765 1
gene 2 5 1107 -189457 0 3308 -189457 1
gene 2 1107 948 -439560 0 3309 -439560 0
gene 4 686 686 277146 1 3352 277146 0
gene 3 996 490 -131928 0 3408 -131928 1
gene 3 996 996 165726 1 3624 165726 1
gene 3 381 381 581580 1 3767 581580 1
gene 4 3 1283 -19866 0 3832 -19866 0
gene 4 1283 394 -589589 0 3833 -589589 1
gene 2 8 1318 34932 0 3932 34932 1
gene 2 1318 368 478656 0 3933 478656 1
gene 4 3 1334 100350 0 3987 100350 1
gene 4 1334 1283 27567 0 3988 27567 1
gene 3 6 1348 298356 0 4030 298356 1
gene 3 1348 13 -279198 0 4031 -279198 1
gene 3 568 1397 398865 0 4173 398865 1
gene 3 1397 15 -237195 0 4174 -237195 1
gene 1 13 760 134622 0 4248 134622 1
gene 4 686 1437 257784 1 4291 257784 0
gene 4 1437 686 351240 0 4292 351240 1
gene 1 10 1483 -249990 0 4430 -249990 1
gene 1 1483 490 -312411 0 4431 -312411 1
gene 1 394 490 57777 0 4472 57777 1
gene 2 8 1576 -50520 0 4695 -50520 1
gene 2 1576 14 -39060 0 4696 -39060 1
gene 1 368 368 33915 1 4745 33915 1
gene 3 11 1610 41535 0 4795 41535 1
gene 3 1610 15 249093 0 4796 249093 1
gene 3 8 686 -164703 0 4917 -164703 1
gene 4 686 1682 338898 1 5012 338898 1
gene 4 1682 1437 52320 0 5013 52320 1
gene 2 3 1718 112536 0 5114 112536 1
gene 2 1718 473 299592 0 5115 299592 1
gene 2 1107 1791 -69117 0 5326 -69117 1
gene 2 1791 948 -438693 0 5327 -438693 1
gene 4 1018 1807 -519576 0 5371 -519576 1
gene 4 1807 15 -40872 0 5372 -40872 1
gene 2 1483 473 -219600 0 5452 -219600 1
gene 1 996 1852 205227 0 5508 205227 1
gene 1 1852 13 -106536 0 5509 -106536 1
gene 2 686 1791 -4149 0 5560 -4149 1
gene 1 9 1926 -375275 0 5738 -375275 1
gene 1 1926 13 406668 0 5739 406668 1
gene 2 1576 834 -56937 0 5783 -56937 1
gene 4 1397 1018 128052 0 5960 128052 1
gene 3 1030 1030 -103746 1 6082 -103746 1
gene 2 877 2076 154800 1 6168 154800 1
gene 2 2076 877 -341805 0 6169 -341805 1
gene 1 1283 289 -73374 0 6426 -73374 1
gene 3 760 2180 -23015 0 6475 -23015 1
gene 3 2180 394 -525297 0 6476 -525297 1
gene 1 8 490 58221 0 6639 58221 1
genomeend 42


/* Organism #44 Fitness: 360.000000 Time: 0 */
/* Position #44*/
#1 x: 49 y: 24
#2 x: 77 y: 38
#3 x: 23 y: 34
#4 x: 61 y: 62
#5 x: 47 y: 70
#6 x: 51 y: 63
genomestart 44
trait 1 1.000000 0.000000 0.000000 0.000000 0.000000 0.000000 0.000000 0.000000 trait 2 51558.000000 0.000000 0.000000 18452.000000 78989.000000 0.000000 41404.000000 0.000000 trait 3 3.000000 0.000000 0.000000 0.000000 0.000000 0.000000 0.000000 0.000000 trait 4 4.000000 31394.000000 71462.000000 0.000000 0.000000 0.000000 0.000000 76528.000000 node 1 4 1 3
node 2 2 1 1
node 3 4 1 1
node 4 2 1 1
node 5 4 1 1
node 6 3 1 1
node 7 2 1 1
node 8 1 1 1
node 9 4 1 1
node 10 1 1 1
node 11 1 1 1
node 12 1 1 1
node 13 3 0 2
node 14 1 0 2
node 15 4 0 2
node 71 1 0 0
node 289 1 0 0
node 317 1 0 0
node 368 3 0 0
node 381 1 0 0
node 394 1 0 0
node 473 1 0 0
node 490 1 0 0
node 568 1 0 0
node 647 4 0 0
node 686 1 0 0
node 704 1 0 0
node 760 1 0 0
node 834 1 0 0
node 877 1 0 0
node 886 1 0 0
node 948 1 0 0
node 996 1 0 0
node 1018 1 0 0
node 1030 1 0 0
node 1107 1 0 0
node 1283 1 0 0
node 1318 1 0 0
node 1334 1 0 0
node 1348 1 0 0
node 1396 1 0 0
node 1501 1 0 0
node 1604 1 0 0
node 1683 1 0 0
node 1699 1 0 0
node 1811 1 0 0
node 1862 1 0 0
node 1886 1 0 0
node 1902 1 0 0
node 2048 1 0 0
node 2063 1 0 0
node 2095 1 0 0
node 2127 1 0 0
node 2183 1 0 0
gene 4 1 13 -39447 0 1 -39447 1
gene 3 2 13 -317952 0 2 -317952 1
gene 2 3 13 -167090 0 3 -167090 0
gene 4 4 13 -775313 0 4 -775313 1
gene 2 5 13 -147906 0 5 -147906 0
gene 3 6 13 -126921 0 6 -126921 0
gene 1 7 13 -765596 0 7 -765596 0
gene 1 8 13 -179718 0 8 -179718 1
gene 1 9 13 14748 0 9 14748 1
gene 2 10 13 -337230 0 10 -337230 0
gene 3 11 13 483582 0 11 483582 1
gene 3 12 13 -78591 0 12 -78591 0
gene 1 1 14 -59709 0 13 -59709 1
gene 1 2 14 209088 0 14 209088 0
gene 3 3 14 31107 0 15 31107 0
gene 1 4 14 35292 0 16 35292 0
gene 1 5 14 -35250 0 17 -35250 1
gene 1 6 14 420765 0 18 420765 1
gene 1 7 14 482886 0 19 482886 1
gene 2 8 14 165612 0 20 165612 1
gene 2 9 14 284037 0 21 284037 1
gene 1 10 14 583287 0 22 583287 0
gene 3 11 14 10341 0 23 10341 1
gene 2 12 14 244920 0 24 244920 0
gene 3 1 15 -21726 0 25 -21726 1
gene 2 2 15 -676803 0 26 -676803 1
gene 4 3 15 185214 0 27 185214 0
gene 2 4 15 -246585 0 28 -246585 0
gene 2 5 15 -507909 0 29 -507909 1
gene 1 6 15 -279377 0 30 -279377 1
gene 4 7 15 559410 0 31 559410 0
gene 2 8 15 -142581 0 32 -142581 0
gene 2 9 15 42399 0 33 42399 1
gene 1 10 15 -10113 0 34 -10113 1
gene 3 11 15 800000 0 35 800000 0
gene 1 12 15 433482 0 36 433482 1
gene 4 3 71 341751 0 201 341751 0
gene 3 71 14 -510501 0 202 -510501 0
gene 1 13 13 -158742 1 248 -158742 1
gene 2 13 15 320265 0 413 320265 1
gene 4 10 71 -100488 0 454 -100488 1
gene 1 7 71 294831 0 542 294831 0
gene 4 8 71 465692 0 717 465692 1
gene 4 71 71 539744 1 769 539744 0
gene 4 3 289 -374387 0 858 -374387 0
gene 4 289 15 -486795 0 859 -486795 1
gene 2 289 14 -800000 0 897 -800000 1
gene 4 3 317 505793 0 942 505793 0
gene 4 317 289 -411801 0 943 -411801 1
gene 2 8 368 -327603 0 1081 -327603 0
gene 2 368 15 -126963 0 1082 -126963 0
gene 1 2 381 -115392 0 1117 -115392 1
gene 2 381 14 -224292 0 1118 -224292 1
gene 4 3 394 -74913 0 1159 -74913 0
gene 4 394 71 277305 0 1160 277305 1
gene 4 1 394 -551004 0 1362 -551004 1
gene 2 3 473 64701 0 1405 64701 1
gene 2 473 13 581601 0 1406 581601 1
gene 1 10 490 20754 0 1456 20754 1
gene 1 490 14 309774 0 1457 309774 1
gene 3 13 289 -92505 0 1591 -92505 1
gene 4 71 568 -374637 1 1699 -374637 1
gene 4 568 71 -15851 0 1700 -15851 0
gene 3 568 15 -15492 0 1754 -15492 1
gene 3 289 394 -22083 0 1809 -22083 0
gene 4 568 647 486906 0 1948 486906 1
gene 4 647 71 -9786 0 1949 -9786 0
gene 1 7 686 489741 0 2069 489741 1
gene 1 686 71 -212724 0 2070 -212724 1
gene 3 71 704 -675317 0 2122 -675317 1
gene 3 704 14 439746 0 2123 439746 1
gene 3 289 760 -296934 0 2296 -296934 1
gene 3 760 394 50463 0 2297 50463 1
gene 4 368 394 381870 0 2326 381870 0
gene 2 10 289 -28257 0 2376 -28257 1
gene 4 3 834 -108072 0 2518 -108072 1
gene 4 834 317 -355536 0 2519 -355536 1
gene 2 12 877 344001 0 2634 344001 0
gene 2 877 14 -144897 0 2635 -144897 1
gene 2 4 886 -182076 0 2665 -182076 1
gene 2 886 15 24213 0 2666 24213 0
gene 2 5 948 270324 0 2855 270324 0
gene 2 948 13 148125 0 2856 148125 0
gene 2 877 877 -498084 1 2903 -498084 1
gene 4 7 996 551124 0 2996 551124 1
gene 1 996 13 447486 0 2997 447486 1
gene 3 7 1018 800000 0 3054 800000 1
gene 4 1018 15 39591 0 3055 39591 1
gene 1 4 1030 -332223 0 3100 -332223 1
gene 1 1030 14 -278988 0 3101 -278988 1
gene 3 568 568 446151 1 3154 446151 1
gene 2 5 1107 113469 0 3308 113469 1
gene 2 1107 948 170285 0 3309 170285 1
gene 4 686 686 43185 1 3352 43185 1
gene 3 996 490 126027 0 3408 126027 1
gene 3 996 996 386562 1 3624 386562 0
gene 3 381 381 -408264 1 3767 -408264 1
gene 4 3 1283 -23622 0 3832 -23622 0
gene 4 1283 394 26457 0 3833 26457 1
gene 2 8 1318 205626 0 3932 205626 1
gene 2 1318 368 -31527 0 3933 -31527 1
gene 4 3 1334 -196167 0 3987 -196167 1
gene 4 1334 1283 -249213 0 3988 -249213 1
gene 3 6 1348 -215718 0 4030 -215718 1
gene 3 1348 13 493059 0 4031 493059 1
gene 3 11 1396 43527 0 4170 43527 1
gene 3 1396 15 111630 0 4171 111630 1
gene 2 948 1501 -355074 0 4488 -355074 0
gene 2 1501 13 -336852 0 4489 -336852 1
gene 2 948 1604 -227487 0 4780 -227487 1
gene 2 1604 1501 800000 0 4781 800000 1
gene 4 490 317 359565 0 4926 359565 0
gene 3 996 1683 219021 1 5017 219021 1
gene 3 1683 996 156657 0 5018 156657 1
gene 2 368 1699 47265 0 5067 47265 1
gene 2 1699 15 -145053 0 5068 -145053 0
gene 4 8 1396 -60444 0 5249 -60444 1
gene 2 886 1811 226371 0 5389 226371 1
gene 2 1811 15 -91347 0 5390 -91347 1
gene 3 12 1862 -452885 0 5541 -452885 1
gene 3 1862 13 -177906 0 5542 -177906 1
gene 3 2 1862 329598 0 5583 329598 1
gene 4 490 1886 274185 0 5624 274185 1
gene 4 1886 317 -178329 0 5625 -178329 1
gene 4 368 1902 -326237 0 5673 -326237 1
gene 4 1902 394 375192 0 5674 375192 1
gene 3 1501 686 -21168 0 5725 -21168 1
gene 2 10 2048 154699 0 6086 154699 1
gene 2 2048 13 -228996 0 6087 -228996 1
gene 2 12 2063 -152034 0 6128 -152034 1
gene 2 2063 877 128415 0 6129 128415 1
gene 1 473 14 -16182 0 6174 -16182 1
gene 2 1699 2095 186273 0 6227 186273 1
gene 2 2095 15 235230 0 6228 235230 1
gene 4 7 886 -192921 0 6279 -192921 0
gene 4 647 2127 247818 0 6325 247818 1
gene 4 2127 71 44979 0 6326 44979 1
gene 4 7 2183 1 0 6481 1 1
gene 4 2183 886 -307251 0 6482 -307251 1
gene 1 1902 71 100032 0 6516 100032 1
gene 3 368 647 74187 0 6641 74187 1
genomeend 44


/* Organism #46 Fitness: 300.000000 Time: 0 */
/* Position #46*/
#1 x: 29 y: 27
#2 x: 40 y: 21
#3 x: 80 y: 24
#4 x: 61 y: 62
#5 x: 15 y: 66
#6 x: 38 y: 75
genomestart 46
trait 1 1.000000 0.000000 0.000000 0.000000 0.000000 0.000000 0.000000 0.000000 trait 2 2.000000 0.000000 0.000000 0.000000 0.000000 0.000000 0.000000 0.000000 trait 3 3.000000 0.000000 0.000000 0.000000 0.000000 0.000000 0.000000 95617.000000 trait 4 4.000000 0.000000 0.000000 0.000000 0.000000 0.000000 0.000000 0.000000 node 1 4 1 3
node 2 4 1 1
node 3 4 1 1
node 4 2 1 1
node 5 4 1 1
node 6 3 1 1
node 7 2 1 1
node 8 1 1 1
node 9 4 1 1
node 10 1 1 1
node 11 1 1 1
node 12 4 1 1
node 13 3 0 2
node 14 1 0 2
node 15 4 0 2
node 71 1 0 0
node 289 1 0 0
node 317 1 0 0
node 368 1 0 0
node 381 1 0 0
node 394 1 0 0
node 473 1 0 0
node 490 1 0 0
node 568 1 0 0
node 647 1 0 0
node 686 1 0 0
node 704 1 0 0
node 760 1 0 0
node 834 1 0 0
node 877 1 0 0
node 886 1 0 0
node 948 1 0 0
node 996 1 0 0
node 1018 1 0 0
node 1030 1 0 0
node 1107 1 0 0
node 1283 1 0 0
node 1318 1 0 0
node 1334 1 0 0
node 1348 1 0 0
node 1397 1 0 0
node 1437 1 0 0
node 1483 1 0 0
node 1576 1 0 0
node 1610 1 0 0
node 1682 1 0 0
node 1718 1 0 0
node 1791 1 0 0
node 1807 1 0 0
node 1852 1 0 0
node 1926 1 0 0
node 1993 1 0 0
node 2079 1 0 0
node 2097 1 0 0
node 2129 1 0 0
node 2184 1 0 0
node 2195 1 0 0
gene 4 1 13 221226 0 1 221226 1
gene 3 2 13 -172821 0 2 -172821 1
gene 2 3 13 800000 0 3 800000 0
gene 4 4 13 -469719 0 4 -469719 1
gene 2 5 13 -93033 0 5 -93033 0
gene 3 6 13 15642 0 6 15642 0
gene 1 7 13 -676025 0 7 -676025 0
gene 1 8 13 -377138 0 8 -377138 1
gene 1 9 13 -416778 0 9 -416778 0
gene 2 10 13 -800000 0 10 -800000 1
gene 3 11 13 -744996 0 11 -744996 1
gene 3 12 13 -93489 0 12 -93489 1
gene 1 1 14 -481092 0 13 -481092 1
gene 1 2 14 -325389 0 14 -325389 0
gene 3 3 14 -15318 0 15 -15318 0
gene 1 4 14 -49377 0 16 -49377 0
gene 1 5 14 -350379 0 17 -350379 1
gene 1 6 14 22113 0 18 22113 1
gene 1 7 14 -262896 0 19 -262896 1
gene 2 8 14 255959 0 20 255959 0
gene 2 9 14 800000 0 21 800000 0
gene 1 10 14 121083 0 22 121083 0
gene 3 11 14 37719 0 23 37719 1
gene 2 12 14 145660 0 24 145660 0
gene 3 1 15 -48513 0 25 -48513 1
gene 4 2 15 -634484 0 26 -634484 1
gene 4 3 15 -95985 0 27 -95985 0
gene 2 4 15 284904 0 28 284904 0
gene 2 5 15 800000 0 29 800000 1
gene 1 6 15 800000 0 30 800000 1
gene 4 7 15 -800000 0 31 -800000 0
gene 2 8 15 414786 0 32 414786 0
gene 2 9 15 -271164 0 33 -271164 1
gene 1 10 15 32115 0 34 32115 1
gene 3 11 15 -403067 0 35 -403067 0
gene 1 12 15 -73815 0 36 -73815 1
gene 4 3 71 578724 0 201 578724 0
gene 3 71 14 800000 0 202 800000 0
gene 1 13 13 8943 1 248 8943 1
gene 2 13 15 -327860 0 413 -327860 1
gene 4 10 71 295320 0 454 295320 1
gene 1 7 71 373140 0 542 373140 0
gene 4 8 71 -157410 0 717 -157410 1
gene 4 71 71 637847 1 769 637847 0
gene 4 3 289 -540275 0 858 -540275 0
gene 4 289 15 -625560 0 859 -625560 1
gene 3 289 14 -228683 0 897 -228683 1
gene 4 3 317 271521 0 942 271521 0
gene 4 317 289 -432507 0 943 -432507 0
gene 2 8 368 -70440 0 1081 -70440 0
gene 2 368 15 428547 0 1082 428547 1
gene 1 2 381 228978 0 1117 228978 1
gene 2 381 14 6345 0 1118 6345 1
gene 4 3 394 -557976 0 1159 -557976 0
gene 4 394 71 -221847 0 1160 -221847 1
gene 4 1 394 -136356 0 1362 -136356 1
gene 2 3 473 -299877 0 1405 -299877 0
gene 2 473 13 157581 0 1406 157581 1
gene 4 10 490 225336 0 1456 225336 0
gene 1 490 14 -158790 0 1457 -158790 1
gene 3 13 289 335076 0 1591 335076 1
gene 4 71 568 333111 1 1699 333111 1
gene 4 568 71 -336837 0 1700 -336837 0
gene 3 568 15 800000 0 1754 800000 0
gene 3 289 394 423288 0 1809 423288 0
gene 4 568 647 -31476 0 1948 -31476 1
gene 4 647 71 665145 0 1949 665145 1
gene 1 7 686 14142 0 2069 14142 1
gene 1 686 71 436095 0 2070 436095 1
gene 3 71 704 65367 0 2122 65367 1
gene 3 704 14 67458 0 2123 67458 1
gene 3 289 760 503199 0 2296 503199 1
gene 3 760 394 196347 0 2297 196347 1
gene 4 368 394 147900 0 2326 147900 1
gene 2 10 289 -435270 0 2376 -435270 0
gene 4 3 834 64776 0 2518 64776 1
gene 4 834 317 530316 0 2519 530316 1
gene 2 12 877 622485 0 2634 622485 1
gene 2 877 14 -319014 0 2635 -319014 1
gene 2 4 886 -231339 0 2665 -231339 1
gene 1 886 15 -253203 0 2666 -253203 1
gene 2 5 948 -425286 0 2855 -425286 0
gene 2 948 13 679463 0 2856 679463 1
gene 2 877 877 -369621 1 2903 -369621 0
gene 1 7 996 244275 0 2996 244275 1
gene 1 996 13 -800000 0 2997 -800000 0
gene 3 7 1018 -218835 0 3054 -218835 1
gene 4 1018 15 173754 0 3055 173754 0
gene 1 4 1030 -83832 0 3100 -83832 1
gene 1 1030 14 311130 0 3101 311130 1
gene 3 568 568 -52752 1 3154 -52752 1
gene 2 5 1107 102921 0 3308 102921 1
gene 2 1107 948 -534825 0 3309 -534825 0
gene 4 686 686 321975 1 3352 321975 0
gene 3 996 490 78315 0 3408 78315 1
gene 3 996 996 800000 1 3624 800000 1
gene 3 381 381 -416976 1 3767 -416976 1
gene 4 3 1283 -301101 0 3832 -301101 0
gene 4 1283 394 -510296 0 3833 -510296 1
gene 2 8 1318 502893 0 3932 502893 1
gene 2 1318 368 -293430 0 3933 -293430 1
gene 4 3 1334 678873 0 3987 678873 1
gene 4 1334 1283 -120306 0 3988 -120306 1
gene 3 6 1348 48462 0 4030 48462 1
gene 3 1348 13 275976 0 4031 275976 1
gene 3 568 1397 116017 0 4173 116017 1
gene 3 1397 15 -739725 0 4174 -739725 1
gene 2 13 760 -119730 0 4248 -119730 1
gene 4 686 1437 -87264 1 4291 -87264 0
gene 4 1437 686 -351849 0 4292 -351849 1
gene 1 10 1483 800000 0 4430 800000 1
gene 1 1483 490 210948 0 4431 210948 1
gene 1 394 490 36258 0 4472 36258 1
gene 2 8 1576 282936 0 4695 282936 1
gene 2 1576 14 41589 0 4696 41589 1
gene 1 368 368 -144297 1 4745 -144297 1
gene 3 11 1610 119103 0 4795 119103 1
gene 3 1610 15 -404877 0 4796 -404877 1
gene 3 8 686 163665 0 4917 163665 0
gene 4 686 1682 24906 1 5012 24906 1
gene 4 1682 1437 -236073 0 5013 -236073 1
gene 2 3 1718 647145 0 5114 647145 1
gene 2 1718 473 -241080 0 5115 -241080 1
gene 2 1107 1791 451561 0 5326 451561 1
gene 2 1791 948 -657495 0 5327 -657495 1
gene 4 1018 1807 158619 0 5371 158619 1
gene 4 1807 15 305265 0 5372 305265 1
gene 2 1483 473 -226728 0 5452 -226728 1
gene 1 996 1852 -212385 0 5508 -212385 1
gene 1 1852 13 -485192 0 5509 -485192 1
gene 2 686 1791 -116787 0 5560 -116787 1
gene 1 9 1926 216723 0 5738 216723 1
gene 1 1926 13 348 0 5739 348 1
gene 2 1576 834 4452 0 5783 4452 1
gene 4 5 1718 63270 0 5881 63270 1
gene 3 8 1993 112014 0 5930 112014 1
gene 3 1993 686 52371 0 5931 52371 1
gene 1 1483 1030 -140271 0 5978 -140271 1
gene 2 9 2079 267013 0 6176 267013 1
gene 2 2079 14 521769 0 6177 521769 1
gene 2 877 2097 -217919 1 6231 -217919 1
gene 2 2097 877 -360501 0 6232 -360501 1
gene 4 317 2129 -208082 0 6329 -208082 0
gene 4 2129 289 -395307 0 6330 -395307 1
gene 2 10 2184 152545 0 6483 152545 1
gene 2 2184 289 -167193 0 6484 -167193 1
gene 4 317 2195 220830 0 6517 220830 1
gene 4 2195 2129 -145964 0 6518 -145964 1
gene 1 381 1483 2623 0 6643 2623 1
genomeend 46


/* Organism #48 Fitness: 380.000000 Time: 0 */
/* Position #48*/
#1 x: 43 y: 17
#2 x: 54 y: 34
#3 x: 38 y: 18
#4 x: 61 y: 67
#5 x: 36 y: 66
#6 x: 35 y: 85
genomestart 48
trait 1 100000.000000 0.000000 0.000000 0.000000 0.000000 0.000000 0.000000 0.000000 trait 2 0.000000 0.000000 88355.000000 100000.000000 53209.000000 0.000000 96585.000000 0.000000 trait 3 21555.000000 0.000000 74217.000000 0.000000 72769.000000 0.000000 0.000000 0.000000 trait 4 4.000000 0.000000 0.000000 0.000000 63702.000000 0.000000 0.000000 0.000000 node 1 1 1 3
node 2 2 1 1
node 3 4 1 1
node 4 4 1 1
node 5 1 1 1
node 6 4 1 1
node 7 3 1 1
node 8 3 1 1
node 9 3 1 1
node 10 4 1 1
node 11 2 1 1
node 12 1 1 1
node 13 1 0 2
node 14 2 0 2
node 15 4 0 2
node 24 1 0 0
node 188 3 0 0
node 222 1 0 0
node 272 1 0 0
node 301 1 0 0
node 380 1 0 0
node 393 1 0 0
node 453 2 0 0
node 469 1 0 0
node 557 1 0 0
node 729 1 0 0
node 875 1 0 0
node 927 1 0 0
node 1021 1 0 0
node 1084 1 0 0
node 1116 1 0 0
node 1234 1 0 0
node 1295 1 0 0
node 1374 1 0 0
node 1496 1 0 0
node 1522 1 0 0
node 1622 1 0 0
node 1737 1 0 0
node 1820 1 0 0
node 1835 1 0 0
node 1913 1 0 0
node 1982 1 0 0
node 1999 1 0 0
node 2037 1 0 0
node 2197 1 0 0
gene 1 1 13 267324 0 1 267324 1
gene 2 2 13 129810 0 2 129810 1
gene 2 3 13 122424 0 3 122424 1
gene 4 4 13 70151 0 4 70151 0
gene 3 5 13 170091 0 5 170091 1
gene 1 6 13 -465566 0 6 -465566 1
gene 3 7 13 244857 0 7 244857 1
gene 1 8 13 216048 0 8 216048 0
gene 4 9 13 -222762 0 9 -222762 1
gene 2 10 13 -791255 0 10 -791255 1
gene 3 11 13 -462411 0 11 -462411 1
gene 4 12 13 -48045 0 12 -48045 1
gene 1 1 14 -315891 0 13 -315891 1
gene 1 2 14 50883 0 14 50883 0
gene 2 3 14 472461 0 15 472461 1
gene 2 4 14 -89712 0 16 -89712 1
gene 1 5 14 -766382 0 17 -766382 1
gene 2 6 14 800000 0 18 800000 0
gene 3 7 14 129189 0 19 129189 0
gene 3 8 14 26934 0 20 26934 1
gene 3 9 14 572787 0 21 572787 0
gene 2 10 14 26793 0 22 26793 1
gene 3 11 14 513561 0 23 513561 1
gene 2 12 14 -71037 0 24 -71037 1
gene 2 1 15 361307 0 25 361307 1
gene 3 2 15 369335 0 26 369335 0
gene 4 3 15 685532 0 27 685532 0
gene 1 4 15 400458 0 28 400458 0
gene 4 5 15 -228762 0 29 -228762 1
gene 2 6 15 322173 0 30 322173 1
gene 4 7 15 -514608 0 31 -514608 1
gene 2 8 15 56214 0 32 56214 1
gene 2 9 15 -1641 0 33 -1641 0
gene 2 10 15 -160134 0 34 -160134 1
gene 3 11 15 -721250 0 35 -721250 0
gene 2 12 15 -704760 0 36 -704760 0
gene 4 4 24 -482334 0 62 -482334 1
gene 4 24 13 175824 0 63 175824 1
gene 1 24 24 800000 1 127 800000 0
gene 3 15 13 263217 0 293 263217 1
gene 2 7 24 -162948 0 408 -162948 0
gene 3 7 188 575256 0 526 575256 1
gene 3 188 14 -183186 0 527 -183186 1
gene 2 9 222 -12615 0 645 -12615 0
gene 2 222 15 -140883 0 646 -140883 1
gene 3 3 272 -337191 0 798 -337191 0
gene 3 272 15 208707 0 799 208707 0
gene 2 3 24 -800000 0 850 -800000 1
gene 1 24 301 -734699 1 893 -734699 0
gene 1 301 24 -573611 0 894 -573611 0
gene 1 188 188 -240306 1 934 -240306 1
gene 3 4 188 51654 0 1080 51654 1
gene 3 6 380 -518535 0 1115 -518535 1
gene 2 380 14 -800000 0 1116 -800000 1
gene 1 4 393 97335 0 1157 97335 1
gene 1 393 15 330459 0 1158 330459 1
gene 1 15 380 316905 0 1196 316905 1
gene 2 12 188 -157608 0 1302 -157608 0
gene 2 9 453 388731 0 1346 388731 1
gene 2 453 222 448101 0 1347 448101 1
gene 1 24 469 -69315 1 1394 -69315 1
gene 1 469 301 -367212 0 1395 -367212 0
gene 3 222 24 -558972 0 1576 -558972 1
gene 4 3 188 -511622 0 1616 -511622 1
gene 3 272 557 232674 0 1666 232674 1
gene 1 557 15 316812 0 1667 316812 0
gene 1 6 272 -230865 0 1830 -230865 1
gene 4 12 380 800000 0 1879 800000 0
gene 1 469 729 -9696 0 2197 -9696 1
gene 1 729 301 -349851 0 2198 -349851 1
gene 2 14 301 302336 0 2244 302336 1
gene 1 188 380 405155 0 2284 405155 1
gene 1 8 875 800000 0 2630 800000 0
gene 1 875 13 -52050 0 2631 -52050 1
gene 4 12 927 169779 0 2791 169779 1
gene 4 927 380 -244104 0 2792 -244104 1
gene 2 393 380 537030 0 3014 537030 1
gene 2 7 1021 158679 0 3066 158679 1
gene 2 1021 24 -514755 0 3067 -514755 1
gene 1 8 1084 -248337 0 3243 -248337 0
gene 1 1084 875 -246624 0 3244 -246624 0
gene 4 188 927 81759 0 3297 81759 0
gene 1 1084 1116 57060 0 3335 57060 0
gene 1 1116 875 -40743 0 3336 -40743 0
gene 1 222 469 18807 0 3394 18807 1
gene 1 8 1234 -94275 0 3693 -94275 1
gene 1 1234 1084 -90381 0 3694 -90381 1
gene 1 301 1295 -561660 0 3863 -561660 1
gene 1 1295 24 -222453 0 3864 -222453 1
gene 1 2 393 -38907 0 3943 -38907 1
gene 4 1084 1084 396816 1 4053 396816 1
gene 3 1295 1084 229887 0 4076 229887 1
gene 1 1116 1374 -378315 0 4119 -378315 1
gene 1 1374 875 -210432 0 4120 -210432 1
gene 2 272 1084 -127626 0 4218 -127626 1
gene 2 12 1496 509580 0 4474 509580 1
gene 2 1496 15 -428907 0 4475 -428907 1
gene 1 557 1522 279315 0 4546 279315 1
gene 1 1522 15 -42159 0 4547 -42159 1
gene 3 1116 1021 35346 0 4657 35346 1
gene 3 9 380 -64629 0 4725 -64629 1
gene 2 12 1622 -83121 0 4831 -83121 1
gene 2 1622 188 -169026 0 4832 -169026 1
gene 4 453 453 124674 1 4965 124674 1
gene 3 3 1737 300726 0 5163 300726 1
gene 3 1737 272 -542127 0 5164 -542127 1
gene 4 222 729 222987 0 5192 222987 1
gene 1 1084 1820 -220074 0 5415 -220074 1
gene 1 1820 1116 -691347 0 5416 -691347 1
gene 4 188 1835 -135411 0 5456 -135411 1
gene 4 1835 927 130092 0 5457 130092 1
gene 3 380 380 -800000 1 5510 -800000 1
gene 3 11 1913 -54144 0 5703 -54144 1
gene 3 1913 15 -111399 0 5704 -111399 1
gene 3 9 1982 -123207 0 5895 -123207 1
gene 3 1982 14 -252627 0 5896 -252627 1
gene 1 2 1999 147813 0 5944 147813 1
gene 1 1999 14 -460689 0 5945 -460689 1
gene 3 2 2037 -287277 0 6051 -287277 1
gene 3 2037 15 209646 0 6052 209646 1
gene 1 1522 188 -233367 0 6146 -233367 0
gene 1 1522 2197 -132479 0 6524 -132479 1
gene 1 2197 188 -351237 0 6525 -351237 1
genomeend 48


/* Organism #56 Fitness: 300.000000 Time: 0 */
/* Position #56*/
#1 x: 80 y: 15
#2 x: 66 y: 27
#3 x: 70 y: 15
#4 x: 51 y: 76
#5 x: 50 y: 77
#6 x: 81 y: 78
genomestart 56
trait 1 0.000000 0.000000 0.000000 0.000000 73112.000000 0.000000 8969.000000 0.000000 trait 2 60633.000000 0.000000 0.000000 0.000000 0.000000 0.000000 41404.000000 0.000000 trait 3 87500.000000 0.000000 0.000000 111.000000 0.000000 47079.000000 0.000000 20695.000000 trait 4 4.000000 0.000000 0.000000 0.000000 0.000000 0.000000 0.000000 0.000000 node 1 4 1 3
node 2 2 1 1
node 3 4 1 1
node 4 2 1 1
node 5 4 1 1
node 6 3 1 1
node 7 2 1 1
node 8 1 1 1
node 9 4 1 1
node 10 1 1 1
node 11 1 1 1
node 12 1 1 1
node 13 3 0 2
node 14 1 0 2
node 15 4 0 2
node 71 1 0 0
node 289 1 0 0
node 317 1 0 0
node 368 1 0 0
node 381 1 0 0
node 394 1 0 0
node 473 1 0 0
node 490 1 0 0
node 568 1 0 0
node 647 1 0 0
node 686 2 0 0
node 704 1 0 0
node 760 1 0 0
node 834 1 0 0
node 877 1 0 0
node 886 1 0 0
node 948 1 0 0
node 996 1 0 0
node 1018 1 0 0
node 1030 1 0 0
node 1107 1 0 0
node 1283 1 0 0
node 1318 1 0 0
node 1334 3 0 0
node 1348 1 0 0
node 1396 1 0 0
node 1501 1 0 0
node 1585 1 0 0
node 1597 1 0 0
node 1640 1 0 0
node 1671 1 0 0
node 1752 1 0 0
node 1761 1 0 0
node 1816 1 0 0
node 1960 1 0 0
node 2041 1 0 0
node 2056 1 0 0
gene 4 1 13 24708 0 1 24708 1
gene 3 2 13 438270 0 2 438270 1
gene 2 3 13 -800000 0 3 -800000 0
gene 4 4 13 -611183 0 4 -611183 1
gene 2 5 13 -19110 0 5 -19110 0
gene 3 6 13 -479940 0 6 -479940 0
gene 1 7 13 800000 0 7 800000 0
gene 1 8 13 -607311 0 8 -607311 1
gene 1 9 13 -113232 0 9 -113232 1
gene 2 10 13 550151 0 10 550151 1
gene 3 11 13 153897 0 11 153897 1
gene 3 12 13 -691473 0 12 -691473 0
gene 1 1 14 -82761 0 13 -82761 1
gene 1 2 14 -386277 0 14 -386277 0
gene 3 3 14 296829 0 15 296829 0
gene 1 4 14 137283 0 16 137283 0
gene 1 5 14 221457 0 17 221457 1
gene 1 6 14 -72369 0 18 -72369 1
gene 1 7 14 421269 0 19 421269 1
gene 2 8 14 113640 0 20 113640 1
gene 2 9 14 -150360 0 21 -150360 1
gene 1 10 14 260952 0 22 260952 0
gene 3 11 14 -65445 0 23 -65445 1
gene 2 12 14 386763 0 24 386763 0
gene 3 1 15 46704 0 25 46704 1
gene 2 2 15 -221496 0 26 -221496 1
gene 4 3 15 -187107 0 27 -187107 0
gene 2 4 15 -148896 0 28 -148896 0
gene 2 5 15 -246756 0 29 -246756 1
gene 1 6 15 -14154 0 30 -14154 0
gene 4 7 15 -67260 0 31 -67260 0
gene 2 8 15 -119958 0 32 -119958 0
gene 2 9 15 -116130 0 33 -116130 1
gene 1 10 15 440352 0 34 440352 0
gene 3 11 15 -538661 0 35 -538661 0
gene 1 12 15 568376 0 36 568376 1
gene 4 3 71 -162807 0 201 -162807 0
gene 3 71 14 226572 0 202 226572 0
gene 1 13 13 -80694 1 248 -80694 1
gene 2 13 15 -315692 0 413 -315692 1
gene 4 10 71 -78156 0 454 -78156 1
gene 1 7 71 120579 0 542 120579 0
gene 4 8 71 -27573 0 717 -27573 0
gene 4 71 71 -110166 1 769 -110166 0
gene 4 3 289 800000 0 858 800000 0
gene 4 289 15 67068 0 859 67068 0
gene 3 289 14 81576 0 897 81576 1
gene 4 3 317 -202353 0 942 -202353 0
gene 4 317 289 -567561 0 943 -567561 1
gene 2 8 368 73467 0 1081 73467 0
gene 2 368 15 -792923 0 1082 -792923 1
gene 1 2 381 90012 0 1117 90012 1
gene 2 381 14 -487983 0 1118 -487983 1
gene 4 3 394 317109 0 1159 317109 0
gene 4 394 71 563238 0 1160 563238 1
gene 4 1 394 339000 0 1362 339000 1
gene 2 3 473 419802 0 1405 419802 1
gene 2 473 13 -603963 0 1406 -603963 1
gene 1 10 490 611916 0 1456 611916 1
gene 1 490 14 437927 0 1457 437927 1
gene 3 13 289 -191052 0 1591 -191052 1
gene 4 71 568 -221760 1 1699 -221760 1
gene 4 568 71 -800000 0 1700 -800000 0
gene 3 568 15 -586344 0 1754 -586344 1
gene 3 289 394 97650 0 1809 97650 0
gene 4 568 647 800000 0 1948 800000 0
gene 4 647 71 -79557 0 1949 -79557 1
gene 1 7 686 -253539 0 2069 -253539 1
gene 1 686 71 -179832 0 2070 -179832 1
gene 3 71 704 724769 0 2122 724769 1
gene 3 704 14 44877 0 2123 44877 1
gene 3 289 760 385350 0 2296 385350 1
gene 3 760 394 -402282 0 2297 -402282 1
gene 4 368 394 -81891 0 2326 -81891 1
gene 2 10 289 -390963 0 2376 -390963 1
gene 4 3 834 27717 0 2518 27717 1
gene 4 834 317 -67863 0 2519 -67863 1
gene 2 12 877 293379 0 2634 293379 1
gene 2 877 14 -647412 0 2635 -647412 1
gene 2 4 886 164388 0 2665 164388 1
gene 2 886 15 115824 0 2666 115824 1
gene 2 5 948 -386073 0 2855 -386073 0
gene 2 948 13 -407652 0 2856 -407652 0
gene 2 877 877 -151638 1 2903 -151638 1
gene 1 7 996 247617 0 2996 247617 1
gene 1 996 13 458391 0 2997 458391 1
gene 3 7 1018 -214189 0 3054 -214189 1
gene 4 1018 15 243390 0 3055 243390 1
gene 1 4 1030 125355 0 3100 125355 1
gene 1 1030 14 -200130 0 3101 -200130 1
gene 3 568 568 329675 1 3154 329675 1
gene 2 5 1107 18357 0 3308 18357 0
gene 2 1107 948 524054 0 3309 524054 1
gene 4 686 686 -122559 1 3352 -122559 0
gene 3 996 490 86508 0 3408 86508 1
gene 3 996 996 -680037 1 3624 -680037 1
gene 3 381 381 120294 1 3767 120294 1
gene 4 3 1283 138576 0 3832 138576 0
gene 4 1283 394 236160 0 3833 236160 0
gene 2 8 1318 11175 0 3932 11175 1
gene 2 1318 368 492270 0 3933 492270 1
gene 4 3 1334 -476868 0 3987 -476868 0
gene 4 1334 1283 31488 0 3988 31488 1
gene 3 6 1348 -131172 0 4030 -131172 1
gene 3 1348 13 270297 0 4031 270297 1
gene 3 11 1396 -37035 0 4170 -37035 1
gene 3 1396 15 352653 0 4171 352653 1
gene 2 948 1501 -161832 0 4488 -161832 1
gene 2 1501 13 160566 0 4489 160566 1
gene 4 8 1585 238827 0 4719 238827 1
gene 4 1585 71 71928 0 4720 71928 1
gene 4 686 1597 399165 1 4760 399165 1
gene 4 1597 686 -350592 0 4761 -350592 1
gene 4 289 1640 445419 0 4886 445419 1
gene 4 1640 15 800000 0 4887 800000 1
gene 4 3 1671 11157 0 4986 11157 1
gene 4 1671 1334 508352 0 4987 508352 1
gene 4 1283 1752 231837 0 5210 231837 1
gene 4 1752 394 243600 0 5211 243600 1
gene 2 5 1761 72840 0 5241 72840 1
gene 2 1761 1107 -389079 0 5242 -389079 1
gene 3 12 1816 -272057 0 5407 -272057 1
gene 3 1816 13 -332892 0 5408 -332892 1
gene 4 1396 886 -215457 0 5545 -215457 1
gene 1 6 1960 -164898 0 5827 -164898 1
gene 1 1960 15 -444429 0 5828 -444429 1
gene 4 8 473 -275409 0 6021 -275409 1
gene 1 10 2041 739324 0 6062 739324 1
gene 1 2041 15 259830 0 6063 259830 1
gene 4 568 2056 -243404 0 6109 -243404 1
gene 4 2056 647 418110 0 6110 418110 1
gene 3 289 1318 256545 0 6214 256545 1
gene 2 2056 368 55028 0 6653 55028 1
genomeend 56


/* Organism #58 Fitness: 320.000000 Time: 0 */
/* Position #58*/
#1 x: 56 y: 35
#2 x: 75 y: 40
#3 x: 70 y: 25
#4 x: 54 y: 85
#5 x: 71 y: 78
#6 x: 39 y: 70
genomestart 58
trait 1 3272.000000 0.000000 0.000000 0.000000 0.000000 0.000000 0.000000 35161.000000 trait 2 50998.000000 36583.000000 0.000000 40526.000000 0.000000 45782.000000 0.000000 0.000000 trait 3 0.000000 0.000000 0.000000 0.000000 0.000000 47596.000000 66499.000000 0.000000 trait 4 4.000000 0.000000 0.000000 0.000000 0.000000 0.000000 0.000000 0.000000 node 1 4 1 3
node 2 2 1 1
node 3 4 1 1
node 4 2 1 1
node 5 4 1 1
node 6 3 1 1
node 7 2 1 1
node 8 1 1 1
node 9 4 1 1
node 10 1 1 1
node 11 1 1 1
node 12 4 1 1
node 13 3 0 2
node 14 1 0 2
node 15 4 0 2
node 71 1 0 0
node 289 1 0 0
node 317 1 0 0
node 368 1 0 0
node 381 1 0 0
node 394 1 0 0
node 473 1 0 0
node 490 1 0 0
node 568 1 0 0
node 647 1 0 0
node 686 1 0 0
node 704 1 0 0
node 760 1 0 0
node 834 1 0 0
node 877 1 0 0
node 886 1 0 0
node 948 1 0 0
node 996 1 0 0
node 1018 1 0 0
node 1030 1 0 0
node 1107 1 0 0
node 1188 1 0 0
node 1240 1 0 0
node 1316 1 0 0
node 1373 1 0 0
node 1445 1 0 0
node 1459 1 0 0
node 1474 1 0 0
node 1504 1 0 0
node 1625 1 0 0
node 1675 1 0 0
node 1700 1 0 0
node 1720 1 0 0
node 1801 1 0 0
node 1912 1 0 0
node 2100 1 0 0
gene 4 1 13 233985 0 1 233985 1
gene 3 2 13 -586800 0 2 -586800 1
gene 2 3 13 -215049 0 3 -215049 0
gene 4 4 13 331239 0 4 331239 1
gene 2 5 13 -800000 0 5 -800000 0
gene 3 6 13 -798632 0 6 -798632 1
gene 1 7 13 -245598 0 7 -245598 0
gene 1 8 13 558780 0 8 558780 1
gene 1 9 13 304794 0 9 304794 1
gene 2 10 13 213078 0 10 213078 1
gene 3 11 13 -613098 0 11 -613098 1
gene 3 12 13 743486 0 12 743486 1
gene 1 1 14 -27663 0 13 -27663 1
gene 1 2 14 -661712 0 14 -661712 0
gene 3 3 14 498663 0 15 498663 0
gene 1 4 14 -496317 0 16 -496317 0
gene 1 5 14 -624863 0 17 -624863 1
gene 1 6 14 -108906 0 18 -108906 1
gene 1 7 14 631032 0 19 631032 1
gene 2 8 14 69498 0 20 69498 1
gene 2 9 14 -761606 0 21 -761606 0
gene 1 10 14 171141 0 22 171141 0
gene 3 11 14 238053 0 23 238053 1
gene 2 12 14 -163623 0 24 -163623 0
gene 3 1 15 -333804 0 25 -333804 1
gene 2 2 15 -94023 0 26 -94023 1
gene 4 3 15 187536 0 27 187536 0
gene 2 4 15 -242607 0 28 -242607 0
gene 2 5 15 31059 0 29 31059 0
gene 1 6 15 693945 0 30 693945 0
gene 4 7 15 163773 0 31 163773 0
gene 2 8 15 -496349 0 32 -496349 0
gene 2 9 15 -140025 0 33 -140025 1
gene 1 10 15 -261174 0 34 -261174 1
gene 3 11 15 -408620 0 35 -408620 1
gene 1 12 15 659484 0 36 659484 0
gene 3 3 71 676980 0 201 676980 0
gene 3 71 14 -800000 0 202 -800000 0
gene 1 13 13 -59739 1 248 -59739 1
gene 2 13 15 589980 0 413 589980 1
gene 4 10 71 -114543 0 454 -114543 1
gene 2 7 71 -395757 0 542 -395757 0
gene 4 8 71 135039 0 717 135039 1
gene 4 71 71 -526934 1 769 -526934 0
gene 4 3 289 -52719 0 858 -52719 0
gene 4 289 15 -141732 0 859 -141732 1
gene 3 289 14 373944 0 897 373944 0
gene 4 3 317 -572183 0 942 -572183 0
gene 4 317 289 -11085 0 943 -11085 1
gene 2 8 368 743229 0 1081 743229 1
gene 2 368 15 686121 0 1082 686121 1
gene 1 2 381 462534 0 1117 462534 1
gene 2 381 14 -19065 0 1118 -19065 0
gene 4 3 394 -99738 0 1159 -99738 1
gene 4 394 71 -136965 0 1160 -136965 1
gene 4 1 394 -119838 0 1362 -119838 1
gene 2 3 473 -624404 0 1405 -624404 1
gene 2 473 13 799122 0 1406 799122 1
gene 1 10 490 293373 0 1456 293373 0
gene 1 490 14 558477 0 1457 558477 1
gene 3 13 289 145203 0 1591 145203 1
gene 4 71 568 -800000 1 1699 -800000 1
gene 4 568 71 650103 0 1700 650103 0
gene 3 568 15 -175229 0 1754 -175229 1
gene 3 289 394 -167909 0 1809 -167909 0
gene 4 568 647 211311 0 1948 211311 1
gene 4 647 71 -168480 0 1949 -168480 1
gene 1 7 686 -544250 0 2069 -544250 1
gene 1 686 71 -60219 0 2070 -60219 1
gene 3 71 704 -210666 0 2122 -210666 0
gene 3 704 14 -122874 0 2123 -122874 1
gene 3 289 760 778050 0 2296 778050 1
gene 3 760 394 -4863 0 2297 -4863 1
gene 4 368 394 362463 0 2326 362463 1
gene 2 10 289 -51477 0 2376 -51477 1
gene 4 3 834 -40491 0 2518 -40491 1
gene 4 834 317 473730 0 2519 473730 0
gene 2 12 877 557780 0 2634 557780 1
gene 2 877 14 -468288 0 2635 -468288 1
gene 2 4 886 800000 0 2665 800000 1
gene 2 886 15 -332721 0 2666 -332721 1
gene 2 5 948 442557 0 2855 442557 0
gene 2 948 13 387267 0 2856 387267 1
gene 2 877 877 -775100 1 2903 -775100 1
gene 1 7 996 -772674 0 2996 -772674 1
gene 1 996 13 -224280 0 2997 -224280 1
gene 3 7 1018 800000 0 3054 800000 1
gene 4 1018 15 -141255 0 3055 -141255 1
gene 1 4 1030 544188 0 3100 544188 1
gene 1 1030 14 291561 0 3101 291561 1
gene 3 568 568 -228165 1 3154 -228165 0
gene 2 5 1107 699471 0 3308 699471 1
gene 2 1107 948 146127 0 3309 146127 1
gene 4 686 686 -50001 1 3352 -50001 1
gene 3 996 490 207084 0 3408 207084 1
gene 2 9 1188 515552 0 3558 515552 0
gene 2 1188 14 -783479 0 3559 -783479 1
gene 4 381 71 -500079 0 3665 -500079 0
gene 1 10 1240 197292 0 3707 197292 1
gene 1 1240 490 783681 0 3708 783681 1
gene 3 1107 1030 90411 0 3763 90411 1
gene 2 9 1316 606017 0 3922 606017 0
gene 2 1316 1188 800000 0 3923 800000 1
gene 1 12 1373 98175 0 4116 98175 1
gene 1 1373 15 679241 0 4117 679241 1
gene 1 3 1316 247296 0 4180 247296 1
gene 4 834 1445 30009 0 4313 30009 1
gene 4 1445 317 -148578 0 4314 -148578 1
gene 4 381 1459 727116 0 4355 727116 1
gene 4 1459 71 270708 0 4356 270708 1
gene 3 289 1474 370881 0 4406 370881 1
gene 3 1474 14 -611901 0 4407 -611901 1
gene 2 394 1373 -291810 0 4457 -291810 1
gene 2 5 1504 210774 0 4497 210774 0
gene 2 1504 15 800000 0 4498 800000 1
gene 4 1504 886 -99426 0 4750 -99426 1
gene 2 9 1625 -72057 0 4838 -72057 1
gene 2 1625 1316 120903 0 4839 120903 1
gene 4 1 1625 -372438 0 4968 -372438 1
gene 3 568 1675 -54672 1 4996 -54672 1
gene 3 1675 568 -702873 0 4997 -702873 1
gene 2 5 1700 284304 0 5071 284304 1
gene 2 1700 1504 218352 0 5072 218352 1
gene 3 71 1720 -424230 0 5118 -424230 1
gene 3 1720 704 -231186 0 5119 -231186 1
gene 1 6 1801 54663 0 5357 54663 1
gene 1 1801 15 -210300 0 5358 -210300 1
gene 4 948 948 109554 1 5485 109554 0
gene 1 1445 1801 85539 0 5533 85539 1
gene 2 381 1912 -249960 0 5701 -249960 1
gene 2 1912 14 -211296 0 5702 -211296 1
gene 2 704 1188 -514728 0 5742 -514728 1
gene 1 886 877 -181707 0 6184 -181707 1
gene 4 948 2100 249379 1 6237 249379 1
gene 4 2100 948 -118953 0 6238 -118953 1
gene 4 317 1107 143832 0 6282 143832 1
gene 2 1912 1912 357948 1 6380 357948 1
gene 2 886 2100 -203448 0 6493 -203448 1
genomeend 58


/* Organism #64 Fitness: 300.000000 Time: 0 */
/* Position #64*/
#1 x: 26 y: 22
#2 x: 80 y: 18
#3 x: 68 y: 37
#4 x: 22 y: 60
#5 x: 44 y: 62
#6 x: 17 y: 62
genomestart 64
trait 1 1.000000 0.000000 0.000000 0.000000 0.000000 0.000000 0.000000 0.000000 trait 2 51558.000000 0.000000 0.000000 0.000000 78989.000000 0.000000 84160.000000 0.000000 trait 3 3.000000 0.000000 0.000000 0.000000 0.000000 0.000000 0.000000 0.000000 trait 4 4.000000 31394.000000 71462.000000 0.000000 0.000000 0.000000 0.000000 76528.000000 node 1 4 1 3
node 2 2 1 1
node 3 4 1 1
node 4 2 1 1
node 5 4 1 1
node 6 3 1 1
node 7 2 1 1
node 8 1 1 1
node 9 4 1 1
node 10 1 1 1
node 11 1 1 1
node 12 1 1 1
node 13 3 0 2
node 14 1 0 2
node 15 4 0 2
node 71 1 0 0
node 289 1 0 0
node 317 1 0 0
node 368 3 0 0
node 381 1 0 0
node 394 1 0 0
node 473 1 0 0
node 490 1 0 0
node 568 1 0 0
node 647 4 0 0
node 686 1 0 0
node 704 1 0 0
node 760 1 0 0
node 834 1 0 0
node 877 1 0 0
node 886 1 0 0
node 948 1 0 0
node 996 1 0 0
node 1018 1 0 0
node 1030 1 0 0
node 1107 1 0 0
node 1283 1 0 0
node 1318 1 0 0
node 1334 1 0 0
node 1348 1 0 0
node 1396 1 0 0
node 1501 1 0 0
node 1604 1 0 0
node 1683 1 0 0
node 1699 1 0 0
node 1811 1 0 0
node 1862 1 0 0
node 1886 1 0 0
node 1902 1 0 0
node 2048 1 0 0
node 2063 1 0 0
node 2095 1 0 0
node 2127 1 0 0
node 2202 1 0 0
node 2218 1 0 0
gene 4 1 13 435912 0 1 435912 1
gene 3 2 13 -364071 0 2 -364071 0
gene 2 3 13 -257336 0 3 -257336 0
gene 4 4 13 -575012 0 4 -575012 1
gene 2 5 13 -243237 0 5 -243237 0
gene 3 6 13 91302 0 6 91302 0
gene 1 7 13 -800000 0 7 -800000 0
gene 1 8 13 -370356 0 8 -370356 1
gene 1 9 13 421215 0 9 421215 1
gene 2 10 13 -800000 0 10 -800000 0
gene 3 11 13 303300 0 11 303300 1
gene 3 12 13 -220656 0 12 -220656 0
gene 1 1 14 -254133 0 13 -254133 1
gene 1 2 14 -305697 0 14 -305697 0
gene 3 3 14 269163 0 15 269163 0
gene 1 4 14 73893 0 16 73893 0
gene 1 5 14 -542757 0 17 -542757 1
gene 1 6 14 175851 0 18 175851 1
gene 1 7 14 312210 0 19 312210 1
gene 2 8 14 36450 0 20 36450 1
gene 2 9 14 129126 0 21 129126 1
gene 1 10 14 216492 0 22 216492 0
gene 3 11 14 -230925 0 23 -230925 1
gene 2 12 14 -455253 0 24 -455253 0
gene 3 1 15 -143058 0 25 -143058 1
gene 2 2 15 -382398 0 26 -382398 1
gene 4 3 15 125058 0 27 125058 0
gene 2 4 15 -581127 0 28 -581127 0
gene 2 5 15 -188910 0 29 -188910 1
gene 1 6 15 -87845 0 30 -87845 1
gene 4 7 15 441792 0 31 441792 0
gene 2 8 15 120828 0 32 120828 0
gene 2 9 15 163512 0 33 163512 1
gene 1 10 15 -227394 0 34 -227394 1
gene 3 11 15 800000 0 35 800000 0
gene 1 12 15 121146 0 36 121146 1
gene 4 3 71 499902 0 201 499902 0
gene 3 71 14 -800000 0 202 -800000 0
gene 1 13 13 76938 1 248 76938 1
gene 2 13 15 254220 0 413 254220 1
gene 4 10 71 -346950 0 454 -346950 1
gene 1 7 71 -133425 0 542 -133425 0
gene 4 8 71 293609 0 717 293609 1
gene 4 71 71 768716 1 769 768716 0
gene 4 3 289 -800000 0 858 -800000 0
gene 4 289 15 -500595 0 859 -500595 1
gene 2 289 14 -401513 0 897 -401513 1
gene 4 3 317 782057 0 942 782057 0
gene 4 317 289 -679968 0 943 -679968 1
gene 2 8 368 -270960 0 1081 -270960 0
gene 2 368 15 -722322 0 1082 -722322 0
gene 1 2 381 427071 0 1117 427071 1
gene 2 381 14 -526062 0 1118 -526062 1
gene 4 3 394 663462 0 1159 663462 0
gene 4 394 71 -101496 0 1160 -101496 1
gene 4 1 394 -168183 0 1362 -168183 1
gene 2 3 473 -90138 0 1405 -90138 1
gene 2 473 13 230982 0 1406 230982 1
gene 1 10 490 -162492 0 1456 -162492 1
gene 1 490 14 139431 0 1457 139431 1
gene 3 13 289 -372183 0 1591 -372183 1
gene 4 71 568 119967 1 1699 119967 1
gene 4 568 71 -97142 0 1700 -97142 0
gene 3 568 15 99633 0 1754 99633 1
gene 3 289 394 -128607 0 1809 -128607 0
gene 4 568 647 177240 0 1948 177240 1
gene 4 647 71 161814 0 1949 161814 0
gene 1 7 686 399702 0 2069 399702 1
gene 1 686 71 241158 0 2070 241158 1
gene 3 71 704 -587165 0 2122 -587165 1
gene 3 704 14 225423 0 2123 225423 1
gene 3 289 760 -636258 0 2296 -636258 1
gene 3 760 394 -131295 0 2297 -131295 1
gene 4 368 394 394077 0 2326 394077 0
gene 2 10 289 -343845 0 2376 -343845 1
gene 4 3 834 -169653 0 2518 -169653 1
gene 4 834 317 -301137 0 2519 -301137 1
gene 2 12 877 316509 0 2634 316509 0
gene 2 877 14 -116778 0 2635 -116778 1
gene 2 4 886 459 0 2665 459 1
gene 2 886 15 -88707 0 2666 -88707 0
gene 2 5 948 394611 0 2855 394611 0
gene 2 948 13 474111 0 2856 474111 0
gene 2 877 877 -310959 1 2903 -310959 1
gene 4 7 996 460272 0 2996 460272 1
gene 1 996 13 258684 0 2997 258684 1
gene 3 7 1018 387432 0 3054 387432 1
gene 4 1018 15 511872 0 3055 511872 1
gene 1 4 1030 23577 0 3100 23577 1
gene 1 1030 14 -17130 0 3101 -17130 1
gene 3 568 568 -203721 1 3154 -203721 1
gene 2 5 1107 -309426 0 3308 -309426 1
gene 2 1107 948 -22723 0 3309 -22723 1
gene 4 686 686 304512 1 3352 304512 1
gene 3 996 490 324393 0 3408 324393 1
gene 3 996 996 -22320 1 3624 -22320 0
gene 3 381 381 -200916 1 3767 -200916 1
gene 4 3 1283 115410 0 3832 115410 0
gene 4 1283 394 -585027 0 3833 -585027 1
gene 2 8 1318 -334905 0 3932 -334905 1
gene 2 1318 368 -266478 0 3933 -266478 1
gene 4 3 1334 2118 0 3987 2118 1
gene 4 1334 1283 -8547 0 3988 -8547 1
gene 3 6 1348 177183 0 4030 177183 1
gene 3 1348 13 589773 0 4031 589773 1
gene 3 11 1396 172071 0 4170 172071 1
gene 3 1396 15 619128 0 4171 619128 1
gene 2 948 1501 -228531 0 4488 -228531 0
gene 2 1501 13 -374073 0 4489 -374073 1
gene 2 948 1604 -165951 0 4780 -165951 1
gene 2 1604 1501 625965 0 4781 625965 1
gene 4 490 317 -50820 0 4926 -50820 0
gene 3 996 1683 595404 1 5017 595404 1
gene 3 1683 996 -17574 0 5018 -17574 1
gene 2 368 1699 50358 0 5067 50358 1
gene 2 1699 15 100044 0 5068 100044 0
gene 4 8 1396 -126000 0 5249 -126000 1
gene 2 886 1811 28797 0 5389 28797 1
gene 2 1811 15 -242403 0 5390 -242403 1
gene 3 12 1862 -220841 0 5541 -220841 1
gene 3 1862 13 -366888 0 5542 -366888 1
gene 3 2 1862 258648 0 5583 258648 1
gene 4 490 1886 163143 0 5624 163143 1
gene 4 1886 317 173982 0 5625 173982 1
gene 4 368 1902 40345 0 5673 40345 1
gene 4 1902 394 -113088 0 5674 -113088 1
gene 3 1501 686 128580 0 5725 128580 1
gene 2 10 2048 -47253 0 6086 -47253 1
gene 2 2048 13 -109503 0 6087 -109503 1
gene 2 12 2063 -75864 0 6128 -75864 1
gene 2 2063 877 180918 0 6129 180918 0
gene 1 473 14 145035 0 6174 145035 1
gene 2 1699 2095 -188810 0 6227 -188810 1
gene 2 2095 15 -1074 0 6228 -1074 1
gene 4 7 886 -2451 0 6279 -2451 1
gene 4 647 2127 225333 0 6325 225333 1
gene 4 2127 71 44979 0 6326 44979 1
gene 3 2 2202 -36173 0 6535 -36173 1
gene 3 2202 13 -80334 0 6536 -80334 1
gene 2 2063 2218 -5637 0 6583 -5637 1
gene 2 2218 877 180918 0 6584 180918 1
genomeend 64


