/* Organism #10 Fitness: 260.000000 Time: 0 */
/* Position #10*/
#1 x: 29 y: 34
#2 x: 64 y: 17
#3 x: 28 y: 16
#4 x: 22 y: 75
#5 x: 72 y: 67
#6 x: 43 y: 64
genomestart 10
trait 1 0.000000 0.000000 100000.000000 54452.000000 0.000000 76959.000000 0.000000 0.000000 trait 2 51558.000000 0.000000 0.000000 0.000000 78989.000000 0.000000 84160.000000 0.000000 trait 3 3.000000 0.000000 0.000000 0.000000 0.000000 0.000000 0.000000 0.000000 trait 4 4.000000 31394.000000 71462.000000 0.000000 0.000000 0.000000 0.000000 76528.000000 node 1 4 1 3
node 2 2 1 1
node 3 2 1 1
node 4 2 1 1
node 5 4 1 1
node 6 3 1 1
node 7 4 1 1
node 8 1 1 1
node 9 4 1 1
node 10 1 1 1
node 11 1 1 1
node 12 1 1 1
node 13 3 0 2
node 14 1 0 2
node 15 4 0 2
node 71 1 0 0
node 289 2 0 0
node 317 1 0 0
node 368 3 0 0
node 381 1 0 0
node 394 1 0 0
node 473 1 0 0
node 490 1 0 0
node 568 1 0 0
node 647 4 0 0
node 686 1 0 0
node 704 1 0 0
node 760 1 0 0
node 834 1 0 0
node 877 1 0 0
node 886 1 0 0
node 948 1 0 0
node 996 1 0 0
node 1018 1 0 0
node 1030 1 0 0
node 1107 1 0 0
node 1283 1 0 0
node 1318 3 0 0
node 1334 1 0 0
node 1348 1 0 0
node 1396 1 0 0
node 1501 1 0 0
node 1604 1 0 0
node 1683 1 0 0
node 1699 1 0 0
node 1811 1 0 0
node 1862 1 0 0
node 1886 1 0 0
node 1902 1 0 0
node 2048 1 0 0
node 2063 1 0 0
node 2095 1 0 0
node 2127 1 0 0
node 2202 1 0 0
node 2218 1 0 0
node 2385 1 0 0
node 2400 1 0 0
node 2432 1 0 0
node 2639 1 0 0
node 2716 1 0 0
node 2806 1 0 0
gene 4 1 13 -236163 0 1 -236163 1
gene 3 2 13 -252069 0 2 -252069 0
gene 2 3 13 -800000 0 3 -800000 0
gene 4 4 13 -800000 0 4 -800000 1
gene 2 5 13 -356586 0 5 -356586 0
gene 3 6 13 189231 0 6 189231 0
gene 1 7 13 -497783 0 7 -497783 0
gene 1 8 13 531522 0 8 531522 0
gene 1 9 13 -151206 0 9 -151206 1
gene 2 10 13 -546527 0 10 -546527 0
gene 3 11 13 -106242 0 11 -106242 1
gene 3 12 13 -165456 0 12 -165456 0
gene 1 1 14 -41220 0 13 -41220 1
gene 1 2 14 -108144 0 14 -108144 0
gene 3 3 14 404745 0 15 404745 0
gene 1 4 14 -449991 0 16 -449991 0
gene 1 5 14 -116076 0 17 -116076 1
gene 1 6 14 -278793 0 18 -278793 1
gene 1 7 14 229917 0 19 229917 1
gene 2 8 14 -445119 0 20 -445119 1
gene 2 9 14 -39144 0 21 -39144 1
gene 1 10 14 -561603 0 22 -561603 0
gene 3 11 14 -709994 0 23 -709994 1
gene 2 12 14 -688908 0 24 -688908 0
gene 3 1 15 -543071 0 25 -543071 1
gene 2 2 15 -251121 0 26 -251121 1
gene 4 3 15 -540873 0 27 -540873 0
gene 2 4 15 -535214 0 28 -535214 0
gene 2 5 15 -551916 0 29 -551916 1
gene 1 6 15 536871 0 30 536871 1
gene 4 7 15 239256 0 31 239256 0
gene 2 8 15 742700 0 32 742700 0
gene 2 9 15 460464 0 33 460464 0
gene 1 10 15 549435 0 34 549435 1
gene 3 11 15 263303 0 35 263303 0
gene 1 12 15 -534251 0 36 -534251 1
gene 4 3 71 -12363 0 201 -12363 0
gene 3 71 14 800000 0 202 800000 0
gene 1 13 13 -96990 1 248 -96990 1
gene 2 13 15 -321705 0 413 -321705 1
gene 4 10 71 -627266 0 454 -627266 1
gene 1 7 71 -80379 0 542 -80379 0
gene 4 8 71 404610 0 717 404610 1
gene 4 71 71 508731 1 769 508731 0
gene 4 3 289 462672 0 858 462672 0
gene 4 289 15 -800000 0 859 -800000 1
gene 2 289 14 36858 0 897 36858 1
gene 4 3 317 390417 0 942 390417 0
gene 4 317 289 500793 0 943 500793 1
gene 2 8 368 -403823 0 1081 -403823 0
gene 2 368 15 -232656 0 1082 -232656 0
gene 2 2 381 740126 0 1117 740126 1
gene 2 381 14 -213327 0 1118 -213327 1
gene 4 3 394 261495 0 1159 261495 0
gene 4 394 71 173859 0 1160 173859 1
gene 4 1 394 121112 0 1362 121112 1
gene 2 3 473 -46950 0 1405 -46950 1
gene 2 473 13 -456957 0 1406 -456957 1
gene 1 10 490 -603414 0 1456 -603414 1
gene 1 490 14 31896 0 1457 31896 1
gene 3 13 289 -336030 0 1591 -336030 1
gene 4 71 568 427176 1 1699 427176 1
gene 4 568 71 16842 0 1700 16842 0
gene 3 568 15 749738 0 1754 749738 1
gene 3 289 394 -800000 0 1809 -800000 0
gene 4 568 647 -73629 0 1948 -73629 1
gene 4 647 71 182316 0 1949 182316 0
gene 1 7 686 -276063 0 2069 -276063 1
gene 1 686 71 -207180 0 2070 -207180 0
gene 3 71 704 -800000 0 2122 -800000 1
gene 3 704 14 408765 0 2123 408765 1
gene 3 289 760 -47685 0 2296 -47685 1
gene 3 760 394 -776388 0 2297 -776388 1
gene 4 368 394 421449 0 2326 421449 0
gene 2 10 289 -412902 0 2376 -412902 1
gene 4 3 834 -759650 0 2518 -759650 1
gene 4 834 317 -398382 0 2519 -398382 1
gene 2 12 877 293106 0 2634 293106 0
gene 2 877 14 -147549 0 2635 -147549 1
gene 2 4 886 -114093 0 2665 -114093 1
gene 2 886 15 -21801 0 2666 -21801 0
gene 2 5 948 800000 0 2855 800000 0
gene 2 948 13 -477615 0 2856 -477615 0
gene 2 877 877 -570846 1 2903 -570846 1
gene 4 7 996 77784 0 2996 77784 1
gene 1 996 13 -95211 0 2997 -95211 1
gene 3 7 1018 209565 0 3054 209565 1
gene 4 1018 15 -21594 0 3055 -21594 1
gene 1 4 1030 -684416 0 3100 -684416 1
gene 1 1030 14 272961 0 3101 272961 1
gene 3 568 568 -564501 1 3154 -564501 1
gene 2 5 1107 -536280 0 3308 -536280 1
gene 2 1107 948 -16698 0 3309 -16698 1
gene 4 686 686 791954 1 3352 791954 1
gene 3 996 490 1347 0 3408 1347 1
gene 3 996 996 -574275 1 3624 -574275 0
gene 3 381 381 -630684 1 3767 -630684 1
gene 4 3 1283 -658701 0 3832 -658701 0
gene 4 1283 394 264363 0 3833 264363 1
gene 2 8 1318 336000 0 3932 336000 1
gene 2 1318 368 -117375 0 3933 -117375 1
gene 4 3 1334 5709 0 3987 5709 1
gene 4 1334 1283 217614 0 3988 217614 1
gene 3 6 1348 -222741 0 4030 -222741 1
gene 3 1348 13 -330909 0 4031 -330909 0
gene 3 11 1396 394176 0 4170 394176 0
gene 3 1396 15 398115 0 4171 398115 1
gene 2 948 1501 -2379 0 4488 -2379 0
gene 2 1501 13 756423 0 4489 756423 1
gene 2 948 1604 -653907 0 4780 -653907 1
gene 2 1604 1501 -566026 0 4781 -566026 1
gene 4 490 317 -276675 0 4926 -276675 0
gene 3 996 1683 -231507 1 5017 -231507 1
gene 3 1683 996 -217701 0 5018 -217701 1
gene 2 368 1699 -800000 0 5067 -800000 1
gene 2 1699 15 -765060 0 5068 -765060 0
gene 4 8 1396 682650 0 5249 682650 1
gene 2 886 1811 229968 0 5389 229968 1
gene 2 1811 15 -361791 0 5390 -361791 1
gene 3 12 1862 -103333 0 5541 -103333 1
gene 3 1862 13 646782 0 5542 646782 1
gene 3 2 1862 68973 0 5583 68973 1
gene 4 490 1886 -399441 0 5624 -399441 1
gene 4 1886 317 -252585 0 5625 -252585 1
gene 4 368 1902 -131676 0 5673 -131676 1
gene 4 1902 394 74343 0 5674 74343 1
gene 3 1501 686 -147228 0 5725 -147228 1
gene 2 10 2048 596748 0 6086 596748 1
gene 2 2048 13 61335 0 6087 61335 1
gene 2 12 2063 -757896 0 6128 -757896 1
gene 2 2063 877 150870 0 6129 150870 0
gene 1 473 14 363024 0 6174 363024 0
gene 2 1699 2095 268806 0 6227 268806 1
gene 2 2095 15 -140919 0 6228 -140919 1
gene 4 7 886 147204 0 6279 147204 1
gene 4 647 2127 -262284 0 6325 -262284 1
gene 4 2127 71 109791 0 6326 109791 1
gene 3 2 2202 183549 0 6535 183549 1
gene 3 2202 13 -22125 0 6536 -22125 1
gene 2 2063 2218 800000 0 6583 800000 1
gene 2 2218 877 -272697 0 6584 -272697 1
gene 4 1811 1396 -333795 0 6829 -333795 1
gene 3 1348 2385 -320094 0 7077 -320094 1
gene 3 2385 13 17793 0 7078 17793 1
gene 1 686 2400 -293697 0 7118 -293697 1
gene 1 2400 71 -20034 0 7119 -20034 1
gene 2 9 2432 -186411 0 7209 -186411 1
gene 2 2432 15 74730 0 7210 74730 1
gene 3 1318 2400 -81342 0 7258 -81342 1
gene 3 1699 2202 106371 0 7477 106371 1
gene 2 1107 14 -41097 0 7705 -41097 1
gene 1 8 2639 -298479 0 7820 -298479 1
gene 1 2639 13 160767 0 7821 160767 1
gene 1 473 2716 -82994 0 8036 -82994 1
gene 1 2716 14 255990 0 8037 255990 1
gene 3 2432 760 -33304 0 8258 -33304 1
gene 4 886 886 35156 1 8287 35156 1
gene 3 11 2806 1 0 8328 1 1
gene 3 2806 1396 331383 0 8329 331383 1
gene 4 2127 886 -13772 0 8438 -13772 1
genomeend 10


/* Organism #12 Fitness: 300.000000 Time: 0 */
/* Position #12*/
#1 x: 76 y: 17
#2 x: 38 y: 31
#3 x: 20 y: 37
#4 x: 50 y: 79
#5 x: 33 y: 80
#6 x: 48 y: 72
genomestart 12
trait 1 100000.000000 0.000000 0.000000 0.000000 0.000000 0.000000 0.000000 0.000000 trait 2 52534.000000 91990.000000 0.000000 100000.000000 0.000000 0.000000 0.000000 0.000000 trait 3 21555.000000 0.000000 74217.000000 0.000000 72769.000000 0.000000 0.000000 0.000000 trait 4 4.000000 0.000000 0.000000 0.000000 0.000000 0.000000 0.000000 0.000000 node 1 1 1 3
node 2 2 1 1
node 3 4 1 1
node 4 4 1 1
node 5 1 1 1
node 6 4 1 1
node 7 3 1 1
node 8 3 1 1
node 9 3 1 1
node 10 4 1 1
node 11 4 1 1
node 12 1 1 1
node 13 1 0 2
node 14 2 0 2
node 15 4 0 2
node 24 1 0 0
node 188 3 0 0
node 222 1 0 0
node 272 1 0 0
node 301 1 0 0
node 380 1 0 0
node 393 1 0 0
node 453 4 0 0
node 469 1 0 0
node 557 1 0 0
node 729 1 0 0
node 875 1 0 0
node 927 1 0 0
node 1021 1 0 0
node 1084 1 0 0
node 1116 1 0 0
node 1234 1 0 0
node 1295 1 0 0
node 1374 1 0 0
node 1496 1 0 0
node 1522 1 0 0
node 1622 1 0 0
node 1712 1 0 0
node 1847 1 0 0
node 1890 1 0 0
node 2011 1 0 0
node 2035 1 0 0
node 2119 1 0 0
node 2161 1 0 0
node 2179 1 0 0
node 2221 1 0 0
node 2397 1 0 0
node 2505 1 0 0
node 2547 1 0 0
node 2578 1 0 0
node 2851 1 0 0
gene 1 1 13 87819 0 1 87819 1
gene 2 2 13 282240 0 2 282240 1
gene 2 3 13 366720 0 3 366720 1
gene 4 4 13 45846 0 4 45846 0
gene 3 5 13 -213396 0 5 -213396 1
gene 1 6 13 -800000 0 6 -800000 1
gene 3 7 13 94689 0 7 94689 1
gene 1 8 13 -73590 0 8 -73590 0
gene 4 9 13 -406122 0 9 -406122 1
gene 2 10 13 38770 0 10 38770 1
gene 3 11 13 327372 0 11 327372 1
gene 4 12 13 -181515 0 12 -181515 1
gene 1 1 14 -51093 0 13 -51093 1
gene 1 2 14 -30863 0 14 -30863 1
gene 1 3 14 260106 0 15 260106 1
gene 2 4 14 -719307 0 16 -719307 1
gene 1 5 14 -108879 0 17 -108879 1
gene 2 6 14 -114246 0 18 -114246 0
gene 3 7 14 433224 0 19 433224 0
gene 3 8 14 166101 0 20 166101 1
gene 3 9 14 461871 0 21 461871 0
gene 2 10 14 27174 0 22 27174 1
gene 3 11 14 89928 0 23 89928 0
gene 2 12 14 -487043 0 24 -487043 1
gene 2 1 15 -72063 0 25 -72063 1
gene 3 2 15 106971 0 26 106971 1
gene 4 3 15 -224523 0 27 -224523 0
gene 1 4 15 142533 0 28 142533 0
gene 4 5 15 526533 0 29 526533 1
gene 2 6 15 34059 0 30 34059 1
gene 4 7 15 263709 0 31 263709 0
gene 2 8 15 -391932 0 32 -391932 0
gene 2 9 15 -10134 0 33 -10134 0
gene 2 10 15 61092 0 34 61092 1
gene 3 11 15 -280884 0 35 -280884 1
gene 2 12 15 -479409 0 36 -479409 0
gene 4 4 24 -34944 0 62 -34944 1
gene 3 24 13 -342507 0 63 -342507 1
gene 1 24 24 -723858 1 127 -723858 0
gene 3 15 13 -165891 0 293 -165891 1
gene 2 7 24 -239637 0 408 -239637 0
gene 3 7 188 -463466 0 526 -463466 1
gene 3 188 14 -335295 0 527 -335295 1
gene 2 9 222 -40617 0 645 -40617 0
gene 2 222 15 -449229 0 646 -449229 1
gene 3 3 272 -609455 0 798 -609455 1
gene 3 272 15 -312396 0 799 -312396 0
gene 2 3 24 635837 0 850 635837 1
gene 1 24 301 631436 1 893 631436 0
gene 1 301 24 -113658 0 894 -113658 0
gene 1 188 188 -340968 1 934 -340968 1
gene 3 4 188 -291420 0 1080 -291420 1
gene 2 6 380 -375021 0 1115 -375021 1
gene 2 380 14 -630936 0 1116 -630936 1
gene 1 4 393 -693776 0 1157 -693776 1
gene 1 393 15 -512289 0 1158 -512289 1
gene 1 15 380 223857 0 1196 223857 1
gene 2 12 188 -287670 0 1302 -287670 0
gene 2 9 453 330285 0 1346 330285 1
gene 2 453 222 -238383 0 1347 -238383 1
gene 1 24 469 465402 1 1394 465402 0
gene 1 469 301 -618989 0 1395 -618989 0
gene 3 222 24 154233 0 1576 154233 1
gene 4 3 188 -144324 0 1616 -144324 1
gene 3 272 557 497190 0 1666 497190 1
gene 1 557 15 -229332 0 1667 -229332 0
gene 1 6 272 30093 0 1830 30093 0
gene 4 12 380 -659739 0 1879 -659739 0
gene 1 469 729 233298 0 2197 233298 1
gene 1 729 301 -231357 0 2198 -231357 1
gene 2 14 301 194238 0 2244 194238 0
gene 1 188 380 -150999 0 2284 -150999 1
gene 3 8 875 101952 0 2630 101952 0
gene 1 875 13 36108 0 2631 36108 1
gene 4 12 927 -376275 0 2791 -376275 1
gene 4 927 380 141330 0 2792 141330 1
gene 2 393 380 289755 0 3014 289755 1
gene 2 7 1021 481368 0 3066 481368 1
gene 2 1021 24 65739 0 3067 65739 1
gene 1 8 1084 204695 0 3243 204695 0
gene 1 1084 875 800000 0 3244 800000 0
gene 4 188 927 700602 0 3297 700602 1
gene 1 1084 1116 613242 0 3335 613242 1
gene 1 1116 875 494910 0 3336 494910 0
gene 1 222 469 -543921 0 3394 -543921 1
gene 1 8 1234 -257625 0 3693 -257625 1
gene 1 1234 1084 371015 0 3694 371015 1
gene 1 301 1295 70092 0 3863 70092 1
gene 1 1295 24 383256 0 3864 383256 1
gene 1 2 393 -435455 0 3943 -435455 1
gene 4 1084 1084 666837 1 4053 666837 1
gene 3 1295 1084 -181689 0 4076 -181689 1
gene 1 1116 1374 800000 0 4119 800000 1
gene 1 1374 875 -281919 0 4120 -281919 1
gene 2 272 1084 -82893 0 4218 -82893 1
gene 2 12 1496 -19098 0 4474 -19098 1
gene 2 1496 15 -29166 0 4475 -29166 1
gene 1 557 1522 -169350 0 4546 -169350 1
gene 1 1522 15 307926 0 4547 307926 1
gene 3 1116 1021 -110145 0 4657 -110145 1
gene 3 9 380 741909 0 4725 741909 1
gene 2 12 1622 -147402 0 4831 -147402 1
gene 2 1622 188 436725 0 4832 436725 1
gene 4 453 453 -260646 1 4965 -260646 0
gene 2 8 1712 -129078 0 5099 -129078 1
gene 2 1712 15 -800000 0 5100 -800000 0
gene 1 6 1847 -57150 0 5495 -57150 1
gene 1 1847 272 -603915 0 5496 -603915 1
gene 3 9 1890 -333981 0 5636 -333981 0
gene 3 1890 14 246126 0 5637 246126 1
gene 4 1116 13 450789 0 5838 450789 1
gene 1 9 1712 406374 0 5937 406374 1
gene 1 24 2011 -107016 1 5985 -107016 1
gene 1 2011 469 -158733 0 5986 -158733 1
gene 2 1712 2035 -509459 0 6047 -509459 0
gene 2 2035 15 800000 0 6048 800000 1
gene 3 927 1084 58614 0 6090 58614 0
gene 4 1847 453 155715 0 6145 155715 1
gene 2 1712 2119 -340431 0 6302 -340431 1
gene 2 2119 2035 -317016 0 6303 -317016 1
gene 3 9 2161 34173 0 6421 34173 1
gene 3 2161 1890 -221136 0 6422 -221136 1
gene 4 453 2179 201789 1 6471 201789 1
gene 4 2179 453 -24966 0 6472 -24966 1
gene 4 7 2221 217368 0 6590 217368 0
gene 4 2221 15 -325011 0 6591 -325011 1
gene 2 1295 1021 -255936 0 6920 -255936 1
gene 4 2011 393 -300503 0 7009 -300503 0
gene 3 1295 557 374616 1 7060 374616 1
gene 3 11 2397 649476 0 7109 649476 1
gene 3 2397 14 -39675 0 7110 -39675 1
gene 3 469 272 800000 0 7207 800000 1
gene 2 14 2505 277128 0 7409 277128 1
gene 2 2505 301 255186 0 7410 255186 1
gene 4 7 2547 -155592 0 7531 -155592 1
gene 4 2547 2221 -95610 0 7532 -95610 1
gene 3 927 2578 -68325 0 7639 -68325 1
gene 3 2578 1084 -271257 0 7640 -271257 1
gene 2 4 1522 -15110 0 8121 -15110 1
gene 3 1522 393 -37035 0 8167 -37035 1
gene 3 1847 2221 92524 0 8293 92524 1
gene 2 875 24 -58185 0 8330 -58185 1
gene 4 2011 2851 1 0 8441 0 1
gene 4 2851 393 -300503 0 8442 0 1
genomeend 12


/* Organism #14 Fitness: 280.000000 Time: 0 */
/* Position #14*/
#1 x: 84 y: 33
#2 x: 57 y: 17
#3 x: 43 y: 19
#4 x: 76 y: 62
#5 x: 74 y: 80
#6 x: 42 y: 65
genomestart 14
trait 1 100000.000000 0.000000 0.000000 0.000000 0.000000 0.000000 0.000000 2311.000000 trait 2 52534.000000 91990.000000 0.000000 100000.000000 0.000000 0.000000 0.000000 0.000000 trait 3 21555.000000 0.000000 74217.000000 0.000000 72769.000000 0.000000 0.000000 0.000000 trait 4 4.000000 0.000000 0.000000 0.000000 0.000000 0.000000 0.000000 0.000000 node 1 1 1 3
node 2 2 1 1
node 3 4 1 1
node 4 4 1 1
node 5 1 1 1
node 6 4 1 1
node 7 3 1 1
node 8 3 1 1
node 9 3 1 1
node 10 4 1 1
node 11 4 1 1
node 12 1 1 1
node 13 1 0 2
node 14 2 0 2
node 15 4 0 2
node 24 1 0 0
node 188 3 0 0
node 222 1 0 0
node 272 1 0 0
node 301 1 0 0
node 380 1 0 0
node 393 1 0 0
node 453 4 0 0
node 469 1 0 0
node 557 1 0 0
node 729 1 0 0
node 875 1 0 0
node 927 1 0 0
node 1021 1 0 0
node 1084 1 0 0
node 1116 1 0 0
node 1234 1 0 0
node 1295 1 0 0
node 1374 1 0 0
node 1496 1 0 0
node 1522 1 0 0
node 1622 1 0 0
node 1712 1 0 0
node 1847 1 0 0
node 1890 1 0 0
node 2011 1 0 0
node 2035 1 0 0
node 2119 1 0 0
node 2161 1 0 0
node 2179 1 0 0
node 2221 1 0 0
node 2397 1 0 0
node 2586 1 0 0
node 2625 1 0 0
node 2644 1 0 0
node 2769 1 0 0
node 2824 1 0 0
gene 1 1 13 331290 0 1 331290 1
gene 2 2 13 -255546 0 2 -255546 1
gene 2 3 13 124059 0 3 124059 1
gene 4 4 13 -558495 0 4 -558495 0
gene 3 5 13 780933 0 5 780933 1
gene 1 6 13 -687284 0 6 -687284 1
gene 3 7 13 -346209 0 7 -346209 1
gene 1 8 13 198902 0 8 198902 0
gene 4 9 13 218085 0 9 218085 1
gene 2 10 13 293992 0 10 293992 1
gene 3 11 13 509093 0 11 509093 1
gene 4 12 13 88497 0 12 88497 1
gene 1 1 14 -408831 0 13 -408831 1
gene 1 2 14 117192 0 14 117192 1
gene 2 3 14 70335 0 15 70335 1
gene 2 4 14 -97074 0 16 -97074 1
gene 1 5 14 58944 0 17 58944 1
gene 2 6 14 24735 0 18 24735 0
gene 3 7 14 -471498 0 19 -471498 0
gene 3 8 14 243033 0 20 243033 1
gene 3 9 14 -6102 0 21 -6102 0
gene 2 10 14 -344172 0 22 -344172 1
gene 3 11 14 604217 0 23 604217 0
gene 2 12 14 -441066 0 24 -441066 1
gene 2 1 15 -315081 0 25 -315081 1
gene 3 2 15 -449415 0 26 -449415 1
gene 4 3 15 87615 0 27 87615 0
gene 1 4 15 165684 0 28 165684 0
gene 4 5 15 446574 0 29 446574 1
gene 2 6 15 14799 0 30 14799 1
gene 4 7 15 -5595 0 31 -5595 0
gene 2 8 15 336537 0 32 336537 0
gene 2 9 15 390147 0 33 390147 0
gene 2 10 15 145362 0 34 145362 1
gene 3 11 15 172989 0 35 172989 1
gene 2 12 15 -142932 0 36 -142932 0
gene 4 4 24 -172877 0 62 -172877 1
gene 3 24 13 112170 0 63 112170 1
gene 1 24 24 554282 1 127 554282 0
gene 3 15 13 800000 0 293 800000 1
gene 2 7 24 238932 0 408 238932 0
gene 3 7 188 152844 0 526 152844 1
gene 3 188 14 -111672 0 527 -111672 1
gene 2 9 222 294900 0 645 294900 0
gene 2 222 15 290610 0 646 290610 1
gene 3 3 272 -506823 0 798 -506823 1
gene 3 272 15 -800000 0 799 -800000 0
gene 2 3 24 -165459 0 850 -165459 1
gene 1 24 301 -20454 1 893 -20454 0
gene 1 301 24 -70425 0 894 -70425 0
gene 1 188 188 -253539 1 934 -253539 1
gene 3 4 188 -589052 0 1080 -589052 1
gene 2 6 380 -339096 0 1115 -339096 0
gene 2 380 14 37320 0 1116 37320 1
gene 1 4 393 269688 0 1157 269688 1
gene 1 393 15 -536427 0 1158 -536427 1
gene 1 15 380 -13716 0 1196 -13716 1
gene 2 12 188 371673 0 1302 371673 0
gene 2 9 453 -62589 0 1346 -62589 1
gene 2 453 222 458166 0 1347 458166 1
gene 1 24 469 -640071 1 1394 -640071 0
gene 1 469 301 360579 0 1395 360579 0
gene 3 222 24 15210 0 1576 15210 1
gene 4 3 188 -284565 0 1616 -284565 1
gene 3 272 557 -97266 0 1666 -97266 1
gene 1 557 15 -143262 0 1667 -143262 0
gene 1 6 272 -800000 0 1830 -800000 0
gene 4 12 380 -199614 0 1879 -199614 0
gene 1 469 729 369366 0 2197 369366 1
gene 1 729 301 -342720 0 2198 -342720 1
gene 2 14 301 -20229 0 2244 -20229 1
gene 1 188 380 -250899 0 2284 -250899 0
gene 3 8 875 303669 0 2630 303669 0
gene 1 875 13 800000 0 2631 800000 1
gene 4 12 927 10467 0 2791 10467 1
gene 4 927 380 -555672 0 2792 -555672 1
gene 2 393 380 -48120 0 3014 -48120 1
gene 2 7 1021 234141 0 3066 234141 1
gene 2 1021 24 -26364 0 3067 -26364 1
gene 1 8 1084 639836 0 3243 639836 0
gene 1 1084 875 738161 0 3244 738161 0
gene 4 188 927 511743 0 3297 511743 1
gene 1 1084 1116 -29916 0 3335 -29916 1
gene 1 1116 875 473012 0 3336 473012 0
gene 1 222 469 -201819 0 3394 -201819 1
gene 1 8 1234 82572 0 3693 82572 1
gene 1 1234 1084 471282 0 3694 471282 1
gene 1 301 1295 -95019 0 3863 -95019 1
gene 1 1295 24 -616746 0 3864 -616746 1
gene 1 2 393 311421 0 3943 311421 1
gene 4 1084 1084 218367 1 4053 218367 1
gene 3 1295 1084 633855 0 4076 633855 1
gene 1 1116 1374 -118872 0 4119 -118872 1
gene 1 1374 875 -469722 0 4120 -469722 1
gene 2 272 1084 -145839 0 4218 -145839 1
gene 2 12 1496 -218273 0 4474 -218273 1
gene 2 1496 15 98310 0 4475 98310 1
gene 1 557 1522 264726 0 4546 264726 1
gene 1 1522 15 274710 0 4547 274710 1
gene 3 1116 1021 -742512 0 4657 -742512 1
gene 3 9 380 -135222 0 4725 -135222 1
gene 2 12 1622 800000 0 4831 800000 1
gene 2 1622 188 170991 0 4832 170991 1
gene 4 453 453 -455640 1 4965 -455640 0
gene 2 8 1712 10194 0 5099 10194 1
gene 2 1712 15 -499452 0 5100 -499452 0
gene 1 6 1847 55032 0 5495 55032 1
gene 1 1847 272 -314364 0 5496 -314364 1
gene 3 9 1890 37203 0 5636 37203 0
gene 3 1890 14 -537210 0 5637 -537210 1
gene 4 1116 13 -217026 0 5838 -217026 1
gene 1 9 1712 284364 0 5937 284364 1
gene 1 24 2011 648645 1 5985 648645 1
gene 1 2011 469 390264 0 5986 390264 1
gene 2 1712 2035 -105519 0 6047 -105519 0
gene 2 2035 15 86082 0 6048 86082 0
gene 3 927 1084 577263 0 6090 577263 1
gene 4 1847 453 -358530 0 6145 -358530 1
gene 2 1712 2119 -97254 0 6302 -97254 1
gene 2 2119 2035 -282336 0 6303 -282336 1
gene 3 9 2161 160809 0 6421 160809 1
gene 3 2161 1890 -336252 0 6422 -336252 1
gene 4 453 2179 627744 1 6471 627744 1
gene 4 2179 453 187407 0 6472 187407 1
gene 4 7 2221 -761511 0 6590 -761511 1
gene 4 2221 15 -520113 0 6591 -520113 1
gene 2 1295 1021 674271 0 6920 674271 1
gene 4 2011 393 486036 0 7009 486036 1
gene 3 1295 557 -99846 1 7060 -99846 1
gene 3 11 2397 289593 0 7109 289593 1
gene 3 2397 14 -91092 0 7110 -91092 1
gene 3 469 272 270390 0 7207 270390 1
gene 3 1496 2179 514200 0 7354 514200 0
gene 3 3 1622 -451140 0 7392 -451140 1
gene 1 1374 557 57939 1 7439 57939 1
gene 2 8 1890 -204315 0 7582 -204315 1
gene 3 1496 2586 747368 0 7669 747368 1
gene 3 2586 2179 -486723 0 7670 -486723 1
gene 1 12 875 -137500 0 7725 -137500 0
gene 1 188 2625 -9303 0 7779 -9303 1
gene 1 2625 380 -409395 0 7780 -409395 1
gene 2 2035 2644 -184194 0 7834 -184194 1
gene 2 2644 15 276375 0 7835 276375 1
gene 1 12 2769 -45749 0 8201 -45749 1
gene 1 2769 875 -308230 0 8202 -308230 1
gene 3 1 301 91325 0 8298 91325 1
gene 2 469 13 -52497 0 8335 -52497 1
gene 2 6 2824 1 0 8375 1 1
gene 2 2824 380 -281676 0 8376 -281676 1
genomeend 14


/* Organism #24 Fitness: 320.000000 Time: 0 */
/* Position #24*/
#1 x: 76 y: 26
#2 x: 40 y: 25
#3 x: 37 y: 23
#4 x: 59 y: 83
#5 x: 75 y: 75
#6 x: 24 y: 81
genomestart 24
trait 1 1.000000 0.000000 0.000000 0.000000 0.000000 0.000000 0.000000 0.000000 trait 2 0.000000 85602.000000 0.000000 0.000000 0.000000 14091.000000 0.000000 0.000000 trait 3 3.000000 0.000000 0.000000 0.000000 0.000000 0.000000 0.000000 0.000000 trait 4 4.000000 0.000000 0.000000 0.000000 0.000000 0.000000 0.000000 0.000000 node 1 4 1 3
node 2 2 1 1
node 3 4 1 1
node 4 2 1 1
node 5 4 1 1
node 6 3 1 1
node 7 2 1 1
node 8 1 1 1
node 9 4 1 1
node 10 1 1 1
node 11 1 1 1
node 12 4 1 1
node 13 3 0 2
node 14 1 0 2
node 15 4 0 2
node 71 1 0 0
node 289 1 0 0
node 317 1 0 0
node 368 1 0 0
node 381 1 0 0
node 394 1 0 0
node 473 1 0 0
node 490 1 0 0
node 568 1 0 0
node 647 1 0 0
node 686 1 0 0
node 704 1 0 0
node 760 1 0 0
node 834 1 0 0
node 877 1 0 0
node 886 1 0 0
node 948 1 0 0
node 996 1 0 0
node 1018 1 0 0
node 1030 1 0 0
node 1107 1 0 0
node 1188 1 0 0
node 1240 1 0 0
node 1316 1 0 0
node 1373 1 0 0
node 1445 1 0 0
node 1459 1 0 0
node 1474 4 0 0
node 1504 1 0 0
node 1625 1 0 0
node 1675 1 0 0
node 1700 1 0 0
node 1720 1 0 0
node 1888 1 0 0
node 2052 1 0 0
node 2089 1 0 0
node 2268 1 0 0
node 2464 1 0 0
node 2481 1 0 0
node 2494 1 0 0
node 2617 1 0 0
node 2704 1 0 0
node 2853 1 0 0
gene 4 1 13 721539 0 1 721539 1
gene 3 2 13 -800000 0 2 -800000 1
gene 2 3 13 2358 0 3 2358 0
gene 4 4 13 681378 0 4 681378 1
gene 2 5 13 133677 0 5 133677 0
gene 3 6 13 456201 0 6 456201 1
gene 1 7 13 -620022 0 7 -620022 0
gene 1 8 13 800000 0 8 800000 1
gene 1 9 13 -221952 0 9 -221952 0
gene 2 10 13 -800000 0 10 -800000 1
gene 3 11 13 380466 0 11 380466 1
gene 3 12 13 648399 0 12 648399 1
gene 1 1 14 84926 0 13 84926 1
gene 1 2 14 -462651 0 14 -462651 0
gene 3 3 14 -514473 0 15 -514473 0
gene 1 4 14 -40293 0 16 -40293 0
gene 1 5 14 191352 0 17 191352 1
gene 1 6 14 -411399 0 18 -411399 1
gene 1 7 14 -347436 0 19 -347436 1
gene 2 8 14 -141129 0 20 -141129 1
gene 2 9 14 -624255 0 21 -624255 0
gene 1 10 14 554619 0 22 554619 0
gene 3 11 14 -246747 0 23 -246747 1
gene 2 12 14 619035 0 24 619035 0
gene 3 1 15 70524 0 25 70524 1
gene 2 2 15 289608 0 26 289608 1
gene 4 3 15 -800000 0 27 -800000 0
gene 2 4 15 279591 0 28 279591 0
gene 2 5 15 -126084 0 29 -126084 0
gene 1 6 15 450477 0 30 450477 1
gene 4 7 15 -631983 0 31 -631983 0
gene 2 8 15 39594 0 32 39594 0
gene 2 9 15 -142905 0 33 -142905 1
gene 1 10 15 492260 0 34 492260 0
gene 3 11 15 -780068 0 35 -780068 1
gene 1 12 15 -453386 0 36 -453386 0
gene 4 3 71 -342636 0 201 -342636 0
gene 3 71 14 -271371 0 202 -271371 0
gene 1 13 13 238071 1 248 238071 1
gene 2 13 15 246711 0 413 246711 1
gene 4 10 71 20910 0 454 20910 1
gene 2 7 71 -125583 0 542 -125583 0
gene 4 8 71 -311712 0 717 -311712 1
gene 4 71 71 718784 1 769 718784 0
gene 4 3 289 -623885 0 858 -623885 0
gene 4 289 15 -275721 0 859 -275721 0
gene 3 289 14 -271599 0 897 -271599 0
gene 4 3 317 -139887 0 942 -139887 0
gene 4 317 289 280911 0 943 280911 1
gene 2 8 368 -99204 0 1081 -99204 1
gene 2 368 15 13497 0 1082 13497 1
gene 1 2 381 -189084 0 1117 -189084 1
gene 2 381 14 -778250 0 1118 -778250 0
gene 4 3 394 -117450 0 1159 -117450 1
gene 4 394 71 -244836 0 1160 -244836 1
gene 4 1 394 425670 0 1362 425670 1
gene 2 3 473 -434214 0 1405 -434214 1
gene 2 473 13 -392363 0 1406 -392363 1
gene 1 10 490 98565 0 1456 98565 0
gene 1 490 14 -117018 0 1457 -117018 1
gene 3 13 289 -63135 0 1591 -63135 1
gene 4 71 568 -206181 1 1699 -206181 1
gene 4 568 71 673842 0 1700 673842 0
gene 3 568 15 267495 0 1754 267495 1
gene 3 289 394 -800000 0 1809 -800000 0
gene 4 568 647 196446 0 1948 196446 1
gene 4 647 71 -90306 0 1949 -90306 1
gene 1 7 686 149586 0 2069 149586 1
gene 1 686 71 390852 0 2070 390852 1
gene 3 71 704 327945 0 2122 327945 0
gene 3 704 14 64308 0 2123 64308 1
gene 4 289 760 -459177 0 2296 -459177 1
gene 3 760 394 343647 0 2297 343647 1
gene 4 368 394 -800000 0 2326 -800000 0
gene 2 10 289 -120687 0 2376 -120687 1
gene 4 3 834 302817 0 2518 302817 1
gene 4 834 317 -348399 0 2519 -348399 0
gene 2 12 877 -464036 0 2634 -464036 1
gene 2 877 14 359234 0 2635 359234 1
gene 2 4 886 480846 0 2665 480846 1
gene 2 886 15 -260340 0 2666 -260340 1
gene 2 5 948 87786 0 2855 87786 0
gene 2 948 13 55365 0 2856 55365 1
gene 2 877 877 109623 1 2903 109623 1
gene 1 7 996 629850 0 2996 629850 1
gene 1 996 13 528329 0 2997 528329 1
gene 3 7 1018 -126702 0 3054 -126702 1
gene 4 1018 15 623676 0 3055 623676 1
gene 1 4 1030 -160017 0 3100 -160017 1
gene 1 1030 14 -415152 0 3101 -415152 1
gene 3 568 568 -500610 1 3154 -500610 0
gene 2 5 1107 -394440 0 3308 -394440 1
gene 2 1107 948 -299889 0 3309 -299889 1
gene 4 686 686 -126777 1 3352 -126777 1
gene 3 996 490 -718119 0 3408 -718119 1
gene 2 9 1188 284541 0 3558 284541 0
gene 2 1188 14 -498021 0 3559 -498021 1
gene 4 381 71 515162 0 3665 515162 0
gene 1 10 1240 352983 0 3707 352983 1
gene 1 1240 490 363342 0 3708 363342 1
gene 3 1107 1030 -294009 0 3763 -294009 1
gene 2 9 1316 -184026 0 3922 -184026 0
gene 2 1316 1188 42987 0 3923 42987 1
gene 1 12 1373 -50727 0 4116 -50727 1
gene 1 1373 15 -56817 0 4117 -56817 0
gene 1 3 1316 182012 0 4180 182012 0
gene 4 834 1445 138222 0 4313 138222 1
gene 4 1445 317 348852 0 4314 348852 1
gene 4 381 1459 192351 0 4355 192351 1
gene 4 1459 71 68055 0 4356 68055 1
gene 3 289 1474 -800000 0 4406 -800000 1
gene 3 1474 14 -77046 0 4407 -77046 1
gene 2 394 1373 132579 0 4457 132579 1
gene 2 5 1504 -317193 0 4497 -317193 0
gene 2 1504 15 -696375 0 4498 -696375 1
gene 4 1504 886 382671 0 4750 382671 1
gene 2 9 1625 -108287 0 4838 -108287 1
gene 1 1625 1316 -627509 0 4839 -627509 1
gene 1 1 1625 -590433 0 4968 -590433 1
gene 1 568 1675 -430227 1 4996 -430227 1
gene 3 1675 568 99405 0 4997 99405 0
gene 2 5 1700 247314 0 5071 247314 1
gene 2 1700 1504 -99897 0 5072 -99897 1
gene 3 71 1720 51267 0 5118 51267 1
gene 3 1720 704 262650 0 5119 262650 1
gene 1 886 381 -416274 0 5222 -416274 1
gene 1 1373 1888 185385 0 5630 185385 1
gene 1 1888 15 568029 0 5631 568029 1
gene 1 1107 490 155775 0 5814 155775 1
gene 4 1107 15 28818 0 5917 28818 1
gene 4 14 14 298956 1 5955 298956 1
gene 2 1700 1700 -87738 1 6001 -87738 1
gene 3 1675 2052 -77358 0 6096 -77358 1
gene 3 2052 568 -493293 0 6097 -493293 1
gene 1 9 2089 -155781 0 6209 -155781 1
gene 1 2089 13 -75138 0 6210 -75138 1
gene 4 368 2268 310377 0 6730 310377 0
gene 4 2268 394 -337185 0 6731 -337185 1
gene 1 1018 1720 -241599 0 7116 -241599 1
gene 4 289 2464 -130167 0 7294 -130167 1
gene 4 2464 15 331653 0 7295 331653 1
gene 1 10 2481 -800000 0 7343 -800000 1
gene 1 2481 15 -167427 0 7344 -167427 1
gene 4 368 2494 18858 0 7380 18858 1
gene 4 2494 2268 167055 0 7381 167055 0
gene 1 647 568 -470856 1 7528 -470856 1
gene 4 2481 1030 242342 0 7638 242342 1
gene 4 2494 2617 -351897 0 7756 -351897 1
gene 4 2617 2268 -337812 0 7757 -337812 1
gene 4 1474 2481 503250 0 7793 503250 1
gene 3 473 1445 315516 0 7901 315516 1
gene 1 3 2704 -90992 0 8003 -90992 1
gene 1 2704 1316 17499 0 8004 17499 1
gene 4 1018 1373 -193065 0 8096 -193065 1
gene 4 1240 1240 80682 1 8238 80682 1
gene 2 381 2853 1 0 8450 0 1
gene 2 2853 14 -778250 0 8451 0 1
genomeend 24


/* Organism #32 Fitness: 320.000000 Time: 0 */
/* Position #32*/
#1 x: 26 y: 26
#2 x: 49 y: 26
#3 x: 75 y: 19
#4 x: 76 y: 67
#5 x: 33 y: 73
#6 x: 56 y: 79
genomestart 32
trait 1 100000.000000 0.000000 0.000000 0.000000 0.000000 0.000000 0.000000 0.000000 trait 2 52534.000000 91990.000000 0.000000 100000.000000 0.000000 0.000000 0.000000 0.000000 trait 3 21555.000000 0.000000 74217.000000 0.000000 72769.000000 0.000000 0.000000 0.000000 trait 4 4.000000 0.000000 0.000000 0.000000 0.000000 0.000000 0.000000 0.000000 node 1 1 1 3
node 2 2 1 1
node 3 4 1 1
node 4 4 1 1
node 5 1 1 1
node 6 4 1 1
node 7 3 1 1
node 8 3 1 1
node 9 3 1 1
node 10 4 1 1
node 11 4 1 1
node 12 1 1 1
node 13 1 0 2
node 14 2 0 2
node 15 4 0 2
node 24 1 0 0
node 188 3 0 0
node 222 1 0 0
node 272 1 0 0
node 301 1 0 0
node 380 1 0 0
node 393 1 0 0
node 453 4 0 0
node 469 1 0 0
node 557 1 0 0
node 729 1 0 0
node 875 1 0 0
node 927 1 0 0
node 1021 1 0 0
node 1084 1 0 0
node 1116 1 0 0
node 1234 1 0 0
node 1295 1 0 0
node 1374 1 0 0
node 1496 1 0 0
node 1522 1 0 0
node 1622 1 0 0
node 1712 1 0 0
node 1847 1 0 0
node 1890 1 0 0
node 2011 1 0 0
node 2035 1 0 0
node 2119 1 0 0
node 2161 1 0 0
node 2179 1 0 0
node 2221 1 0 0
node 2397 1 0 0
node 2505 1 0 0
node 2547 1 0 0
node 2578 1 0 0
node 2702 1 0 0
node 2721 1 0 0
node 2770 1 0 0
node 2840 1 0 0
node 2856 1 0 0
gene 1 1 13 -250260 0 1 -250260 1
gene 2 2 13 -800000 0 2 -800000 1
gene 2 3 13 580821 0 3 580821 1
gene 4 4 13 -92340 0 4 -92340 0
gene 3 5 13 -800000 0 5 -800000 1
gene 1 6 13 -452834 0 6 -452834 1
gene 3 7 13 728945 0 7 728945 1
gene 1 8 13 -593868 0 8 -593868 0
gene 4 9 13 -800000 0 9 -800000 1
gene 2 10 13 605926 0 10 605926 1
gene 3 11 13 -88371 0 11 -88371 1
gene 4 12 13 -33804 0 12 -33804 1
gene 1 1 14 529359 0 13 529359 1
gene 1 2 14 -121487 0 14 -121487 1
gene 2 3 14 -405666 0 15 -405666 1
gene 2 4 14 -688851 0 16 -688851 1
gene 1 5 14 -409032 0 17 -409032 1
gene 2 6 14 -800000 0 18 -800000 0
gene 3 7 14 190815 0 19 190815 0
gene 3 8 14 150222 0 20 150222 1
gene 3 9 14 622671 0 21 622671 0
gene 2 10 14 -402972 0 22 -402972 1
gene 3 11 14 494879 0 23 494879 0
gene 2 12 14 -616523 0 24 -616523 1
gene 2 1 15 763904 0 25 763904 1
gene 3 2 15 -479348 0 26 -479348 1
gene 4 3 15 -305991 0 27 -305991 0
gene 1 4 15 -113871 0 28 -113871 0
gene 4 5 15 -270891 0 29 -270891 1
gene 2 6 15 153846 0 30 153846 1
gene 4 7 15 -481107 0 31 -481107 0
gene 2 8 15 -486845 0 32 -486845 0
gene 2 9 15 234167 0 33 234167 0
gene 2 10 15 -564173 0 34 -564173 1
gene 3 11 15 238137 0 35 238137 1
gene 2 12 15 -59298 0 36 -59298 0
gene 4 4 24 -290924 0 62 -290924 1
gene 3 24 13 40968 0 63 40968 0
gene 1 24 24 -297012 1 127 -297012 0
gene 3 15 13 184644 0 293 184644 1
gene 2 7 24 174318 0 408 174318 0
gene 3 7 188 -142953 0 526 -142953 1
gene 3 188 14 -198861 0 527 -198861 1
gene 2 9 222 35157 0 645 35157 0
gene 2 222 15 -250671 0 646 -250671 1
gene 3 3 272 185622 0 798 185622 1
gene 3 272 15 -799821 0 799 -799821 0
gene 2 3 24 50895 0 850 50895 1
gene 1 24 301 320112 1 893 320112 0
gene 1 301 24 44967 0 894 44967 0
gene 1 188 188 -126534 1 934 -126534 1
gene 3 4 188 16884 0 1080 16884 1
gene 2 6 380 -225072 0 1115 -225072 1
gene 2 380 14 -651122 0 1116 -651122 1
gene 1 4 393 224743 0 1157 224743 1
gene 1 393 15 -800000 0 1158 -800000 1
gene 1 15 380 800000 0 1196 800000 1
gene 2 12 188 683184 0 1302 683184 0
gene 2 9 453 76869 0 1346 76869 1
gene 2 453 222 800000 0 1347 800000 1
gene 1 24 469 800000 1 1394 800000 0
gene 1 469 301 244623 0 1395 244623 0
gene 3 222 24 800000 0 1576 800000 1
gene 4 3 188 -507630 0 1616 -507630 1
gene 3 272 557 206790 0 1666 206790 1
gene 1 557 15 -478668 0 1667 -478668 0
gene 1 6 272 -800000 0 1830 -800000 0
gene 4 12 380 595347 0 1879 595347 0
gene 1 469 729 371739 0 2197 371739 1
gene 1 729 301 -800000 0 2198 -800000 1
gene 2 14 301 517095 0 2244 517095 0
gene 1 188 380 -83583 0 2284 -83583 1
gene 3 8 875 800000 0 2630 800000 0
gene 1 875 13 628745 0 2631 628745 1
gene 4 12 927 207255 0 2791 207255 1
gene 4 927 380 -235404 0 2792 -235404 1
gene 2 393 380 552678 0 3014 552678 0
gene 2 7 1021 -231417 0 3066 -231417 1
gene 2 1021 24 -641213 0 3067 -641213 1
gene 1 8 1084 298925 0 3243 298925 0
gene 3 1084 875 95922 0 3244 95922 0
gene 4 188 927 -478401 0 3297 -478401 1
gene 1 1084 1116 -508548 0 3335 -508548 1
gene 1 1116 875 532041 0 3336 532041 0
gene 1 222 469 -698166 0 3394 -698166 1
gene 1 8 1234 -153755 0 3693 -153755 1
gene 1 1234 1084 515432 0 3694 515432 1
gene 1 301 1295 359520 0 3863 359520 1
gene 1 1295 24 313371 0 3864 313371 1
gene 1 2 393 -353075 0 3943 -353075 0
gene 4 1084 1084 182400 1 4053 182400 1
gene 3 1295 1084 217998 0 4076 217998 0
gene 1 1116 1374 689400 0 4119 689400 1
gene 1 1374 875 658895 0 4120 658895 1
gene 2 272 1084 120027 0 4218 120027 1
gene 2 12 1496 57636 0 4474 57636 1
gene 2 1496 15 800000 0 4475 800000 1
gene 1 557 1522 -429462 0 4546 -429462 1
gene 1 1522 15 144606 0 4547 144606 1
gene 3 1116 1021 -312129 0 4657 -312129 1
gene 3 9 380 -618213 0 4725 -618213 1
gene 2 12 1622 -57795 0 4831 -57795 1
gene 2 1622 188 -103854 0 4832 -103854 1
gene 4 453 453 442503 1 4965 442503 0
gene 2 8 1712 505245 0 5099 505245 1
gene 2 1712 15 -187446 0 5100 -187446 0
gene 1 6 1847 800000 0 5495 800000 1
gene 1 1847 272 -327969 0 5496 -327969 1
gene 3 9 1890 481682 0 5636 481682 0
gene 3 1890 14 800000 0 5637 800000 1
gene 4 1116 13 -351192 0 5838 -351192 1
gene 1 9 1712 -84660 0 5937 -84660 1
gene 1 24 2011 -228129 1 5985 -228129 1
gene 1 2011 469 -192645 0 5986 -192645 1
gene 2 1712 2035 -658127 0 6047 -658127 0
gene 2 2035 15 -31143 0 6048 -31143 1
gene 3 927 1084 -464589 0 6090 -464589 0
gene 4 1847 453 53097 0 6145 53097 1
gene 2 1712 2119 322584 0 6302 322584 1
gene 2 2119 2035 262236 0 6303 262236 1
gene 3 9 2161 -659514 0 6421 -659514 1
gene 3 2161 1890 -45051 0 6422 -45051 1
gene 4 453 2179 -246960 1 6471 -246960 1
gene 4 2179 453 286794 0 6472 286794 1
gene 4 7 2221 -175350 0 6590 -175350 0
gene 4 2221 15 500916 0 6591 500916 1
gene 2 1295 1021 266703 0 6920 266703 1
gene 4 2011 393 -438854 0 7009 -438854 1
gene 3 1295 557 -100773 1 7060 -100773 1
gene 3 11 2397 -189762 0 7109 -189762 1
gene 3 2397 14 8049 0 7110 8049 1
gene 3 469 272 -80988 0 7207 -80988 1
gene 2 14 2505 -239886 0 7409 -239886 1
gene 2 2505 301 -332934 0 7410 -332934 1
gene 4 7 2547 49533 0 7531 49533 1
gene 4 2547 2221 -345972 0 7532 -345972 1
gene 3 927 2578 -173778 0 7639 -173778 1
gene 3 2578 1084 432663 0 7640 432663 1
gene 1 2 2702 43456 0 7998 43456 1
gene 1 2702 393 -488760 0 7999 -488760 1
gene 2 393 2721 -213992 0 8050 -213992 1
gene 2 2721 380 -343137 0 8051 -343137 1
gene 3 469 393 -369893 0 8093 -369893 1
gene 3 24 2770 -211436 0 8203 -211436 1
gene 3 2770 13 -800000 0 8204 -800000 1
gene 3 1295 2840 1 0 8417 0 0
gene 3 2840 1084 217998 0 8418 0 1
gene 3 1295 2856 1 0 8459 0 1
gene 3 2856 2840 1 0 8460 0 1
genomeend 32


/* Organism #34 Fitness: 280.000000 Time: 0 */
/* Position #34*/
#1 x: 72 y: 34
#2 x: 39 y: 17
#3 x: 17 y: 24
#4 x: 75 y: 73
#5 x: 42 y: 65
#6 x: 23 y: 77
genomestart 34
trait 1 100000.000000 0.000000 0.000000 0.000000 0.000000 0.000000 0.000000 0.000000 trait 2 52534.000000 91990.000000 0.000000 100000.000000 0.000000 0.000000 0.000000 0.000000 trait 3 21555.000000 0.000000 74217.000000 0.000000 72769.000000 0.000000 0.000000 0.000000 trait 4 4.000000 0.000000 0.000000 0.000000 0.000000 0.000000 0.000000 0.000000 node 1 1 1 3
node 2 2 1 1
node 3 4 1 1
node 4 4 1 1
node 5 1 1 1
node 6 4 1 1
node 7 3 1 1
node 8 3 1 1
node 9 3 1 1
node 10 4 1 1
node 11 4 1 1
node 12 1 1 1
node 13 1 0 2
node 14 2 0 2
node 15 3 0 2
node 24 1 0 0
node 188 3 0 0
node 222 1 0 0
node 272 1 0 0
node 301 1 0 0
node 380 1 0 0
node 393 1 0 0
node 453 4 0 0
node 469 1 0 0
node 557 1 0 0
node 729 1 0 0
node 875 1 0 0
node 927 1 0 0
node 1021 1 0 0
node 1084 1 0 0
node 1116 1 0 0
node 1234 1 0 0
node 1295 1 0 0
node 1374 1 0 0
node 1496 1 0 0
node 1522 1 0 0
node 1622 1 0 0
node 1712 1 0 0
node 1847 1 0 0
node 1890 1 0 0
node 2011 1 0 0
node 2035 1 0 0
node 2119 1 0 0
node 2161 1 0 0
node 2179 3 0 0
node 2221 1 0 0
node 2347 1 0 0
node 2379 1 0 0
node 2528 1 0 0
node 2670 1 0 0
node 2714 1 0 0
node 2738 1 0 0
node 2780 1 0 0
node 2842 1 0 0
gene 1 1 13 -77427 0 1 -77427 1
gene 2 2 13 -524540 0 2 -524540 1
gene 2 3 13 364017 0 3 364017 1
gene 4 4 13 -20730 0 4 -20730 0
gene 3 5 13 800000 0 5 800000 1
gene 1 6 13 662385 0 6 662385 1
gene 3 7 13 -269313 0 7 -269313 1
gene 1 8 13 -29943 0 8 -29943 0
gene 4 9 13 584154 0 9 584154 1
gene 2 10 13 72612 0 10 72612 1
gene 3 11 13 -10677 0 11 -10677 1
gene 4 12 13 -499785 0 12 -499785 0
gene 1 1 14 63117 0 13 63117 1
gene 1 2 14 406404 0 14 406404 0
gene 2 3 14 800000 0 15 800000 1
gene 2 4 14 -17433 0 16 -17433 1
gene 1 5 14 84321 0 17 84321 1
gene 2 6 14 -764346 0 18 -764346 0
gene 3 7 14 -51096 0 19 -51096 0
gene 3 8 14 -66228 0 20 -66228 1
gene 3 9 14 -152451 0 21 -152451 0
gene 2 10 14 70944 0 22 70944 1
gene 3 11 14 -784146 0 23 -784146 1
gene 2 12 14 -557238 0 24 -557238 1
gene 2 1 15 -263280 0 25 -263280 1
gene 3 2 15 56023 0 26 56023 1
gene 4 3 15 307467 0 27 307467 0
gene 1 4 15 126852 0 28 126852 0
gene 4 5 15 -313473 0 29 -313473 1
gene 2 6 15 -129162 0 30 -129162 0
gene 2 7 15 71751 0 31 71751 0
gene 2 8 15 601700 0 32 601700 0
gene 2 9 15 -345720 0 33 -345720 0
gene 2 10 15 99333 0 34 99333 1
gene 3 11 15 189213 0 35 189213 1
gene 2 12 15 -55431 0 36 -55431 0
gene 4 4 24 -353394 0 62 -353394 1
gene 4 24 13 751335 0 63 751335 1
gene 1 24 24 83106 1 127 83106 0
gene 3 15 13 -800000 0 293 -800000 1
gene 2 7 24 -246684 0 408 -246684 0
gene 3 7 188 239895 0 526 239895 1
gene 3 188 14 -371094 0 527 -371094 1
gene 2 9 222 676419 0 645 676419 0
gene 2 222 15 -15090 0 646 -15090 1
gene 3 3 272 -252023 0 798 -252023 0
gene 3 272 15 562023 0 799 562023 0
gene 2 3 24 -206490 0 850 -206490 1
gene 1 24 301 344526 1 893 344526 0
gene 1 301 24 -504014 0 894 -504014 0
gene 1 188 188 543486 1 934 543486 1
gene 3 4 188 550944 0 1080 550944 1
gene 2 6 380 -88212 0 1115 -88212 1
gene 2 380 14 308199 0 1116 308199 1
gene 1 4 393 374499 0 1157 374499 1
gene 1 393 15 -77970 0 1158 -77970 1
gene 1 15 380 194361 0 1196 194361 1
gene 2 12 188 -28431 0 1302 -28431 0
gene 2 9 453 -318273 0 1346 -318273 1
gene 2 453 222 -800000 0 1347 -800000 1
gene 1 24 469 -103716 1 1394 -103716 0
gene 2 469 301 -342576 0 1395 -342576 0
gene 3 222 24 196692 0 1576 196692 1
gene 4 3 188 496944 0 1616 496944 1
gene 3 272 557 345924 0 1666 345924 1
gene 1 557 15 -184587 0 1667 -184587 0
gene 1 6 272 233655 0 1830 233655 0
gene 4 12 380 -498089 0 1879 -498089 0
gene 1 469 729 -99924 0 2197 -99924 1
gene 1 729 301 267867 0 2198 267867 1
gene 2 14 301 321822 0 2244 321822 1
gene 1 188 380 -88842 0 2284 -88842 0
gene 3 8 875 236253 0 2630 236253 0
gene 1 875 13 -554931 0 2631 -554931 1
gene 4 12 927 -136638 0 2791 -136638 1
gene 4 927 380 195369 0 2792 195369 1
gene 2 393 380 -219261 0 3014 -219261 0
gene 2 7 1021 365538 0 3066 365538 1
gene 2 1021 24 -223449 0 3067 -223449 1
gene 1 8 1084 215274 0 3243 215274 0
gene 1 1084 875 -169770 0 3244 -169770 0
gene 4 188 927 -492918 0 3297 -492918 0
gene 1 1084 1116 -152895 0 3335 -152895 1
gene 1 1116 875 122670 0 3336 122670 0
gene 1 222 469 265878 0 3394 265878 1
gene 1 8 1234 -800000 0 3693 -800000 1
gene 1 1234 1084 160671 0 3694 160671 1
gene 1 301 1295 -449082 0 3863 -449082 1
gene 1 1295 24 371976 0 3864 371976 1
gene 1 2 393 1686 0 3943 1686 1
gene 4 1084 1084 271590 1 4053 271590 1
gene 3 1295 1084 3468 0 4076 3468 1
gene 1 1116 1374 591705 0 4119 591705 1
gene 1 1374 875 163503 0 4120 163503 1
gene 2 272 1084 -575799 0 4218 -575799 1
gene 2 12 1496 290735 0 4474 290735 1
gene 2 1496 15 35712 0 4475 35712 1
gene 1 557 1522 482178 0 4546 482178 1
gene 1 1522 15 -149247 0 4547 -149247 1
gene 3 1116 1021 -44757 0 4657 -44757 1
gene 3 9 380 -219891 0 4725 -219891 1
gene 2 12 1622 -192615 0 4831 -192615 1
gene 2 1622 188 -120771 0 4832 -120771 1
gene 4 453 453 -233370 1 4965 -233370 0
gene 2 8 1712 -219969 0 5099 -219969 1
gene 2 1712 15 13449 0 5100 13449 0
gene 1 6 1847 -288033 0 5495 -288033 1
gene 1 1847 272 455441 0 5496 455441 1
gene 3 9 1890 -54378 0 5636 -54378 0
gene 3 1890 14 -800000 0 5637 -800000 1
gene 4 1116 13 -417413 0 5838 -417413 1
gene 1 9 1712 339378 0 5937 339378 1
gene 1 24 2011 130803 1 5985 130803 1
gene 1 2011 469 328416 0 5986 328416 1
gene 2 1712 2035 -109281 0 6047 -109281 0
gene 2 2035 15 58809 0 6048 58809 1
gene 3 927 1084 175911 0 6090 175911 1
gene 4 1847 453 -55824 0 6145 -55824 1
gene 2 1712 2119 224604 0 6302 224604 1
gene 2 2119 2035 332970 0 6303 332970 1
gene 3 9 2161 197937 0 6421 197937 1
gene 3 2161 1890 -339273 0 6422 -339273 1
gene 4 453 2179 -373647 1 6471 -373647 1
gene 4 2179 453 60456 0 6472 60456 0
gene 4 7 2221 -545565 0 6590 -545565 1
gene 4 2221 15 -30108 0 6591 -30108 1
gene 2 393 2347 318177 0 6963 318177 1
gene 2 2347 380 -185496 0 6964 -185496 1
gene 2 729 188 -217446 0 7008 -217446 1
gene 2 6 2379 8721 0 7058 8721 1
gene 2 2379 15 5727 0 7059 5727 1
gene 4 188 2528 -410436 0 7472 -410436 1
gene 4 2528 927 -271005 0 7473 -271005 1
gene 4 12 2670 -376743 0 7902 -376743 1
gene 4 2670 13 -227475 0 7903 -227475 1
gene 1 2 2714 381165 0 8032 381165 1
gene 1 2714 14 97110 0 8033 97110 1
gene 4 2179 2738 -171033 0 8108 -171033 1
gene 4 2738 453 -292647 0 8109 -292647 1
gene 3 3 2780 -58925 0 8239 -58925 1
gene 3 2780 272 -53085 0 8240 -53085 1
gene 1 188 2842 -27647 0 8422 -27647 1
gene 1 2842 380 -200823 0 8423 -200823 1
genomeend 34


/* Organism #40 Fitness: 380.000000 Time: 0 */
/* Position #40*/
#1 x: 58 y: 23
#2 x: 49 y: 24
#3 x: 26 y: 37
#4 x: 27 y: 73
#5 x: 61 y: 70
#6 x: 76 y: 63
genomestart 40
trait 1 100000.000000 0.000000 0.000000 0.000000 0.000000 0.000000 0.000000 0.000000 trait 2 52534.000000 91990.000000 0.000000 100000.000000 0.000000 0.000000 0.000000 0.000000 trait 3 21555.000000 0.000000 74217.000000 0.000000 72769.000000 0.000000 0.000000 0.000000 trait 4 4.000000 0.000000 0.000000 0.000000 0.000000 0.000000 0.000000 0.000000 node 1 1 1 3
node 2 2 1 1
node 3 4 1 1
node 4 4 1 1
node 5 1 1 1
node 6 4 1 1
node 7 3 1 1
node 8 3 1 1
node 9 3 1 1
node 10 4 1 1
node 11 4 1 1
node 12 1 1 1
node 13 1 0 2
node 14 2 0 2
node 15 4 0 2
node 24 1 0 0
node 188 3 0 0
node 222 1 0 0
node 272 1 0 0
node 301 1 0 0
node 380 1 0 0
node 393 1 0 0
node 453 4 0 0
node 469 1 0 0
node 557 1 0 0
node 729 1 0 0
node 875 1 0 0
node 927 1 0 0
node 1021 1 0 0
node 1084 1 0 0
node 1116 1 0 0
node 1234 1 0 0
node 1295 1 0 0
node 1374 1 0 0
node 1496 1 0 0
node 1522 1 0 0
node 1622 1 0 0
node 1712 1 0 0
node 1847 1 0 0
node 1890 1 0 0
node 2011 1 0 0
node 2035 1 0 0
node 2119 1 0 0
node 2161 1 0 0
node 2179 1 0 0
node 2221 1 0 0
node 2397 1 0 0
node 2586 1 0 0
node 2625 1 0 0
node 2644 1 0 0
node 2701 1 0 0
node 2733 1 0 0
node 2858 1 0 0
gene 1 1 13 271380 0 1 271380 1
gene 2 2 13 -96324 0 2 -96324 1
gene 2 3 13 140754 0 3 140754 1
gene 4 4 13 -620102 0 4 -620102 0
gene 3 5 13 473709 0 5 473709 1
gene 1 6 13 -316628 0 6 -316628 1
gene 3 7 13 -41193 0 7 -41193 1
gene 1 8 13 330509 0 8 330509 0
gene 4 9 13 125916 0 9 125916 1
gene 2 10 13 -685382 0 10 -685382 1
gene 3 11 13 800000 0 11 800000 1
gene 4 12 13 -170469 0 12 -170469 1
gene 1 1 14 473331 0 13 473331 1
gene 1 2 14 800000 0 14 800000 1
gene 2 3 14 -769326 0 15 -769326 1
gene 2 4 14 -464352 0 16 -464352 1
gene 1 5 14 127608 0 17 127608 1
gene 2 6 14 -280878 0 18 -280878 0
gene 3 7 14 786410 0 19 786410 0
gene 3 8 14 455976 0 20 455976 1
gene 3 9 14 556374 0 21 556374 0
gene 2 10 14 -152676 0 22 -152676 1
gene 3 11 14 -70704 0 23 -70704 0
gene 2 12 14 -360864 0 24 -360864 1
gene 2 1 15 253368 0 25 253368 1
gene 3 2 15 -210954 0 26 -210954 1
gene 4 3 15 -671084 0 27 -671084 0
gene 1 4 15 -69723 0 28 -69723 0
gene 4 5 15 800000 0 29 800000 1
gene 2 6 15 -299166 0 30 -299166 1
gene 4 7 15 224877 0 31 224877 0
gene 2 8 15 -465162 0 32 -465162 0
gene 2 9 15 29607 0 33 29607 0
gene 2 10 15 -134622 0 34 -134622 1
gene 3 11 15 338853 0 35 338853 1
gene 2 12 15 -147962 0 36 -147962 0
gene 4 4 24 -215382 0 62 -215382 1
gene 3 24 13 294276 0 63 294276 1
gene 1 24 24 -21789 1 127 -21789 0
gene 3 15 13 -134784 0 293 -134784 1
gene 2 7 24 614916 0 408 614916 0
gene 3 7 188 61209 0 526 61209 1
gene 3 188 14 438084 0 527 438084 0
gene 2 9 222 723872 0 645 723872 0
gene 2 222 15 800000 0 646 800000 1
gene 3 3 272 85716 0 798 85716 1
gene 3 272 15 -151986 0 799 -151986 0
gene 2 3 24 -409383 0 850 -409383 1
gene 1 24 301 -2343 1 893 -2343 0
gene 1 301 24 508593 0 894 508593 0
gene 1 188 188 -272592 1 934 -272592 1
gene 3 4 188 -795510 0 1080 -795510 1
gene 2 6 380 -343626 0 1115 -343626 1
gene 2 380 14 100281 0 1116 100281 1
gene 1 4 393 -694151 0 1157 -694151 1
gene 1 393 15 530352 0 1158 530352 1
gene 1 15 380 -576647 0 1196 -576647 1
gene 2 12 188 -38070 0 1302 -38070 0
gene 2 9 453 271083 0 1346 271083 1
gene 2 453 222 25227 0 1347 25227 1
gene 1 24 469 -358917 1 1394 -358917 0
gene 1 469 301 -405408 0 1395 -405408 0
gene 3 222 24 280086 0 1576 280086 1
gene 4 3 188 -201525 0 1616 -201525 1
gene 3 272 557 201906 0 1666 201906 1
gene 1 557 15 -383493 0 1667 -383493 0
gene 1 6 272 129513 0 1830 129513 0
gene 4 12 380 -157956 0 1879 -157956 0
gene 1 469 729 210807 0 2197 210807 1
gene 1 729 301 800000 0 2198 800000 0
gene 2 14 301 172740 0 2244 172740 1
gene 1 188 380 160119 0 2284 160119 0
gene 3 8 875 -111486 0 2630 -111486 0
gene 1 875 13 521091 0 2631 521091 1
gene 4 12 927 -112596 0 2791 -112596 1
gene 4 927 380 -70560 0 2792 -70560 1
gene 2 393 380 202167 0 3014 202167 1
gene 2 7 1021 389271 0 3066 389271 1
gene 2 1021 24 94875 0 3067 94875 1
gene 1 8 1084 31626 0 3243 31626 0
gene 1 1084 875 -60336 0 3244 -60336 0
gene 4 188 927 -15012 0 3297 -15012 1
gene 1 1084 1116 -299124 0 3335 -299124 1
gene 1 1116 875 -158952 0 3336 -158952 0
gene 1 222 469 -354954 0 3394 -354954 1
gene 1 8 1234 -800000 0 3693 -800000 1
gene 1 1234 1084 -52530 0 3694 -52530 1
gene 1 301 1295 432735 0 3863 432735 1
gene 1 1295 24 -183819 0 3864 -183819 1
gene 1 2 393 -779718 0 3943 -779718 1
gene 4 1084 1084 45786 1 4053 45786 1
gene 3 1295 1084 -800000 0 4076 -800000 1
gene 1 1116 1374 800000 0 4119 800000 1
gene 1 1374 875 167895 0 4120 167895 1
gene 2 272 1084 -655833 0 4218 -655833 1
gene 2 12 1496 155805 0 4474 155805 1
gene 2 1496 15 554265 0 4475 554265 1
gene 1 557 1522 -153915 0 4546 -153915 1
gene 1 1522 15 -205146 0 4547 -205146 1
gene 3 1116 1021 -142818 0 4657 -142818 1
gene 3 9 380 -74604 0 4725 -74604 1
gene 2 12 1622 611475 0 4831 611475 1
gene 2 1622 188 -65757 0 4832 -65757 1
gene 4 453 453 187953 1 4965 187953 0
gene 2 8 1712 679898 0 5099 679898 1
gene 2 1712 15 278732 0 5100 278732 0
gene 1 6 1847 184575 0 5495 184575 1
gene 1 1847 272 -800000 0 5496 -800000 1
gene 3 9 1890 267774 0 5636 267774 0
gene 3 1890 14 114456 0 5637 114456 1
gene 4 1116 13 -405975 0 5838 -405975 1
gene 1 9 1712 -99246 0 5937 -99246 1
gene 1 24 2011 454400 1 5985 454400 1
gene 1 2011 469 -224868 0 5986 -224868 1
gene 2 1712 2035 465366 0 6047 465366 0
gene 2 2035 15 -302805 0 6048 -302805 0
gene 3 927 1084 312513 0 6090 312513 1
gene 4 1847 453 155568 0 6145 155568 1
gene 2 1712 2119 -160599 0 6302 -160599 1
gene 2 2119 2035 -65901 0 6303 -65901 1
gene 3 9 2161 -190470 0 6421 -190470 1
gene 3 2161 1890 108489 0 6422 108489 0
gene 4 453 2179 198483 1 6471 198483 1
gene 4 2179 453 156219 0 6472 156219 1
gene 4 7 2221 800000 0 6590 800000 1
gene 4 2221 15 -126369 0 6591 -126369 1
gene 2 1295 1021 -70368 0 6920 -70368 1
gene 4 2011 393 -22860 0 7009 -22860 1
gene 3 1295 557 -9678 1 7060 -9678 1
gene 3 11 2397 307119 0 7109 307119 1
gene 4 2397 14 88584 0 7110 88584 1
gene 3 469 272 -88002 0 7207 -88002 1
gene 3 1496 2179 -524370 0 7354 -524370 0
gene 3 3 1622 -125613 0 7392 -125613 1
gene 1 1374 557 -509259 1 7439 -509259 1
gene 2 8 1890 -344697 0 7582 -344697 1
gene 3 1496 2586 646389 0 7669 646389 1
gene 3 2586 2179 -225588 0 7670 -225588 1
gene 1 12 875 311004 0 7725 311004 1
gene 1 188 2625 -240186 0 7779 -240186 1
gene 1 2625 380 -227730 0 7780 -227730 1
gene 2 2035 2644 226470 0 7834 226470 1
gene 2 2644 15 -337317 0 7835 -337317 1
gene 3 188 2701 -695855 0 7995 -695855 1
gene 3 2701 14 -412155 0 7996 -412155 1
gene 1 729 2733 411367 0 8091 411367 1
gene 1 2733 301 2660 0 8092 2660 1
gene 3 2161 2858 1 0 8467 0 1
gene 3 2858 1890 108489 0 8468 0 1
genomeend 40


/* Organism #42 Fitness: 280.000000 Time: 0 */
/* Position #42*/
#1 x: 55 y: 30
#2 x: 72 y: 22
#3 x: 39 y: 21
#4 x: 72 y: 83
#5 x: 31 y: 83
#6 x: 61 y: 66
genomestart 42
trait 1 86382.000000 35089.000000 4782.000000 0.000000 32470.000000 46984.000000 0.000000 57037.000000 trait 2 0.000000 0.000000 81232.000000 0.000000 0.000000 8331.000000 0.000000 0.000000 trait 3 3.000000 0.000000 0.000000 0.000000 0.000000 0.000000 0.000000 95617.000000 trait 4 100000.000000 0.000000 51490.000000 100000.000000 0.000000 0.000000 0.000000 15655.000000 node 1 4 1 3
node 2 2 1 1
node 3 4 1 1
node 4 3 1 1
node 5 4 1 1
node 6 3 1 1
node 7 2 1 1
node 8 1 1 1
node 9 4 1 1
node 10 1 1 1
node 11 1 1 1
node 12 4 1 1
node 13 3 0 2
node 14 1 0 2
node 15 4 0 2
node 71 1 0 0
node 289 1 0 0
node 317 1 0 0
node 368 1 0 0
node 381 1 0 0
node 394 1 0 0
node 473 1 0 0
node 490 1 0 0
node 568 1 0 0
node 647 1 0 0
node 686 1 0 0
node 704 1 0 0
node 760 1 0 0
node 834 1 0 0
node 877 1 0 0
node 886 1 0 0
node 948 1 0 0
node 996 1 0 0
node 1018 1 0 0
node 1030 1 0 0
node 1107 1 0 0
node 1283 1 0 0
node 1318 1 0 0
node 1334 1 0 0
node 1348 1 0 0
node 1397 1 0 0
node 1437 1 0 0
node 1483 1 0 0
node 1576 1 0 0
node 1610 1 0 0
node 1682 3 0 0
node 1718 1 0 0
node 1791 1 0 0
node 1807 1 0 0
node 1852 1 0 0
node 1926 1 0 0
node 2076 1 0 0
node 2273 1 0 0
node 2350 1 0 0
node 2365 1 0 0
node 2627 1 0 0
node 2665 1 0 0
gene 4 1 13 -347628 0 1 -347628 1
gene 3 2 13 -37056 0 2 -37056 1
gene 2 3 13 -45420 0 3 -45420 0
gene 2 4 13 619731 0 4 619731 1
gene 2 5 13 153720 0 5 153720 0
gene 3 6 13 596253 0 6 596253 0
gene 1 7 13 -370937 0 7 -370937 0
gene 1 8 13 -352523 0 8 -352523 1
gene 1 9 13 72780 0 9 72780 0
gene 2 10 13 -153204 0 10 -153204 1
gene 3 11 13 13617 0 11 13617 1
gene 3 12 13 -320778 0 12 -320778 1
gene 2 1 14 47529 0 13 47529 1
gene 1 2 14 38748 0 14 38748 0
gene 3 3 14 -386766 0 15 -386766 0
gene 1 4 14 -240402 0 16 -240402 0
gene 1 5 14 -78432 0 17 -78432 1
gene 1 6 14 -87351 0 18 -87351 1
gene 1 7 14 -93039 0 19 -93039 1
gene 2 8 14 800000 0 20 800000 0
gene 2 9 14 160584 0 21 160584 1
gene 1 10 14 367191 0 22 367191 0
gene 3 11 14 800000 0 23 800000 1
gene 2 12 14 -303681 0 24 -303681 0
gene 3 1 15 -78042 0 25 -78042 1
gene 2 2 15 -314889 0 26 -314889 1
gene 4 3 15 691887 0 27 691887 0
gene 2 4 15 -538500 0 28 -538500 0
gene 2 5 15 363771 0 29 363771 1
gene 1 6 15 -1641 0 30 -1641 0
gene 4 7 15 363777 0 31 363777 0
gene 2 8 15 -385602 0 32 -385602 0
gene 2 9 15 118491 0 33 118491 0
gene 1 10 15 -595038 0 34 -595038 1
gene 3 11 15 -663024 0 35 -663024 0
gene 1 12 15 800000 0 36 800000 1
gene 4 3 71 567546 0 201 567546 0
gene 3 71 14 631179 0 202 631179 0
gene 1 13 13 -122418 1 248 -122418 1
gene 2 13 15 -240372 0 413 -240372 1
gene 4 10 71 -380661 0 454 -380661 1
gene 1 7 71 -209082 0 542 -209082 0
gene 4 8 71 -676758 0 717 -676758 1
gene 4 71 71 381858 1 769 381858 0
gene 4 3 289 93148 0 858 93148 0
gene 4 289 15 -800000 0 859 -800000 1
gene 3 289 14 -27279 0 897 -27279 1
gene 4 3 317 -392403 0 942 -392403 0
gene 4 317 289 -21522 0 943 -21522 1
gene 2 8 368 -627794 0 1081 -627794 0
gene 2 368 15 -332658 0 1082 -332658 1
gene 1 2 381 -204144 0 1117 -204144 1
gene 2 381 14 -80814 0 1118 -80814 1
gene 4 3 394 800000 0 1159 800000 0
gene 4 394 71 396543 0 1160 396543 1
gene 4 1 394 -569610 0 1362 -569610 1
gene 2 3 473 -627365 0 1405 -627365 0
gene 2 473 13 -189486 0 1406 -189486 1
gene 4 10 490 -85218 0 1456 -85218 0
gene 1 490 14 -516669 0 1457 -516669 1
gene 3 13 289 -299085 0 1591 -299085 1
gene 4 71 568 312714 1 1699 312714 1
gene 4 568 71 -745661 0 1700 -745661 0
gene 3 568 15 156744 0 1754 156744 0
gene 1 289 394 -438006 0 1809 -438006 0
gene 4 568 647 -197631 0 1948 -197631 1
gene 4 647 71 353427 0 1949 353427 1
gene 1 7 686 -329967 0 2069 -329967 1
gene 1 686 71 -247389 0 2070 -247389 1
gene 3 71 704 245060 0 2122 245060 1
gene 3 704 14 534807 0 2123 534807 1
gene 3 289 760 -409121 0 2296 -409121 1
gene 3 760 394 21405 0 2297 21405 1
gene 4 368 394 57030 0 2326 57030 1
gene 2 10 289 -326154 0 2376 -326154 1
gene 4 3 834 335784 0 2518 335784 1
gene 4 834 317 125862 0 2519 125862 1
gene 2 12 877 415413 0 2634 415413 1
gene 2 877 14 -63240 0 2635 -63240 1
gene 2 4 886 79101 0 2665 79101 1
gene 1 886 15 -314502 0 2666 -314502 1
gene 2 5 948 50847 0 2855 50847 0
gene 2 948 13 -592968 0 2856 -592968 1
gene 2 877 877 -110763 1 2903 -110763 0
gene 1 7 996 -135486 0 2996 -135486 1
gene 1 996 13 488598 0 2997 488598 0
gene 3 7 1018 -254061 0 3054 -254061 1
gene 4 1018 15 752127 0 3055 752127 0
gene 1 4 1030 231066 0 3100 231066 1
gene 1 1030 14 242298 0 3101 242298 1
gene 3 568 568 -146016 1 3154 -146016 1
gene 2 5 1107 -130782 0 3308 -130782 1
gene 2 1107 948 800000 0 3309 800000 0
gene 4 686 686 -592935 1 3352 -592935 0
gene 3 996 490 -269742 0 3408 -269742 0
gene 3 996 996 389487 1 3624 389487 1
gene 3 381 381 388155 1 3767 388155 1
gene 4 3 1283 464730 0 3832 464730 0
gene 4 1283 394 537722 0 3833 537722 1
gene 2 8 1318 371103 0 3932 371103 1
gene 2 1318 368 -203646 0 3933 -203646 1
gene 4 3 1334 -168339 0 3987 -168339 1
gene 4 1334 1283 -367665 0 3988 -367665 1
gene 3 6 1348 -44280 0 4030 -44280 1
gene 3 1348 13 -155166 0 4031 -155166 1
gene 3 568 1397 -473298 0 4173 -473298 1
gene 3 1397 15 -122688 0 4174 -122688 1
gene 1 13 760 601112 0 4248 601112 1
gene 4 686 1437 -115422 1 4291 -115422 0
gene 4 1437 686 -429846 0 4292 -429846 1
gene 1 10 1483 -762063 0 4430 -762063 1
gene 1 1483 490 484546 0 4431 484546 1
gene 1 394 490 -408450 0 4472 -408450 1
gene 2 8 1576 -294261 0 4695 -294261 1
gene 2 1576 14 -161442 0 4696 -161442 0
gene 1 368 368 -800000 1 4745 -800000 1
gene 3 11 1610 -230250 0 4795 -230250 1
gene 3 1610 15 -52131 0 4796 -52131 1
gene 3 8 686 171099 0 4917 171099 0
gene 4 686 1682 187458 1 5012 187458 1
gene 4 1682 1437 -3681 0 5013 -3681 1
gene 2 3 1718 -472623 0 5114 -472623 1
gene 2 1718 473 280476 0 5115 280476 1
gene 2 1107 1791 652947 0 5326 652947 1
gene 2 1791 948 151668 0 5327 151668 1
gene 4 1018 1807 -464784 0 5371 -464784 1
gene 4 1807 15 -28746 0 5372 -28746 1
gene 2 1483 473 13005 0 5452 13005 1
gene 1 996 1852 -62607 0 5508 -62607 1
gene 1 1852 13 -426876 0 5509 -426876 1
gene 2 686 1791 -76401 0 5560 -76401 1
gene 1 9 1926 -226041 0 5738 -226041 1
gene 1 1926 13 -216069 0 5739 -216069 1
gene 2 1576 834 206958 0 5783 206958 1
gene 4 1397 1018 435867 0 5960 435867 1
gene 3 1030 1030 -23397 1 6082 -23397 1
gene 2 877 2076 491412 1 6168 491412 1
gene 2 2076 877 -62076 0 6169 -62076 1
gene 1 1283 289 212913 0 6426 212913 1
gene 1 1283 317 -224625 0 6534 -224625 1
gene 1 1318 289 88794 0 6582 88794 1
gene 3 5 886 94929 0 6705 94929 1
gene 1 6 2273 -36585 0 6744 -36585 1
gene 1 2273 15 253485 0 6745 253485 1
gene 4 948 2076 -349488 0 6805 -349488 1
gene 2 9 2350 227535 0 6975 227535 1
gene 2 2350 15 -4449 0 6976 -4449 1
gene 2 1576 2365 -73932 0 7020 -73932 1
gene 2 2365 14 103398 0 7021 103398 1
gene 3 834 834 -259863 1 7070 -259863 1
gene 1 368 1318 -63600 1 7395 -63600 1
gene 2 647 394 16524 0 7443 16524 1
gene 2 14 1318 -206731 1 7583 -206731 1
gene 2 1852 473 9945 0 7625 9945 1
gene 4 394 394 18516 1 7732 18516 1
gene 3 996 2627 35841 0 7783 35841 1
gene 3 2627 490 -305523 0 7784 -305523 1
gene 4 877 996 481738 0 7836 481738 1
gene 3 8 2665 142551 0 7884 142551 1
gene 3 2665 686 -70257 0 7885 -70257 1
gene 2 1 473 130010 0 8148 130010 1
gene 2 381 2665 -68452 0 8253 -68452 1
gene 1 1791 1334 -25938 0 8284 -25938 1
genomeend 42


/* Organism #62 Fitness: 340.000000 Time: 0 */
/* Position #62*/
#1 x: 76 y: 32
#2 x: 29 y: 28
#3 x: 54 y: 22
#4 x: 80 y: 80
#5 x: 25 y: 60
#6 x: 25 y: 65
genomestart 62
trait 1 100000.000000 0.000000 0.000000 0.000000 0.000000 0.000000 0.000000 0.000000 trait 2 52534.000000 91990.000000 0.000000 100000.000000 0.000000 0.000000 0.000000 0.000000 trait 3 21555.000000 0.000000 74217.000000 0.000000 72769.000000 0.000000 0.000000 0.000000 trait 4 4.000000 0.000000 99255.000000 0.000000 99879.000000 0.000000 0.000000 0.000000 node 1 1 1 3
node 2 2 1 1
node 3 4 1 1
node 4 4 1 1
node 5 1 1 1
node 6 4 1 1
node 7 3 1 1
node 8 3 1 1
node 9 3 1 1
node 10 4 1 1
node 11 4 1 1
node 12 1 1 1
node 13 1 0 2
node 14 2 0 2
node 15 4 0 2
node 24 1 0 0
node 188 3 0 0
node 222 1 0 0
node 272 1 0 0
node 301 1 0 0
node 380 1 0 0
node 393 1 0 0
node 453 4 0 0
node 469 1 0 0
node 557 1 0 0
node 729 1 0 0
node 875 1 0 0
node 927 1 0 0
node 1021 1 0 0
node 1084 1 0 0
node 1116 1 0 0
node 1234 1 0 0
node 1295 1 0 0
node 1374 1 0 0
node 1496 1 0 0
node 1522 1 0 0
node 1622 1 0 0
node 1712 1 0 0
node 1847 1 0 0
node 1890 1 0 0
node 2011 1 0 0
node 2035 1 0 0
node 2119 1 0 0
node 2161 1 0 0
node 2179 1 0 0
node 2221 1 0 0
node 2408 1 0 0
node 2438 4 0 0
node 2454 1 0 0
node 2489 1 0 0
node 2572 1 0 0
node 2678 1 0 0
node 2708 1 0 0
node 2782 1 0 0
node 2804 1 0 0
node 2823 1 0 0
gene 1 1 13 420825 0 1 420825 1
gene 2 2 13 -369645 0 2 -369645 1
gene 2 3 13 557583 0 3 557583 1
gene 4 4 13 73566 0 4 73566 0
gene 3 5 13 285621 0 5 285621 1
gene 1 6 13 178128 0 6 178128 1
gene 3 7 13 180381 0 7 180381 1
gene 1 8 13 177492 0 8 177492 0
gene 4 9 13 -494691 0 9 -494691 1
gene 2 10 13 -197775 0 10 -197775 1
gene 3 11 13 78696 0 11 78696 1
gene 4 12 13 46997 0 12 46997 1
gene 1 1 14 -135303 0 13 -135303 1
gene 1 2 14 21666 0 14 21666 1
gene 2 3 14 440565 0 15 440565 1
gene 2 4 14 222867 0 16 222867 1
gene 1 5 14 121542 0 17 121542 1
gene 2 6 14 -521802 0 18 -521802 0
gene 3 7 14 800000 0 19 800000 0
gene 3 8 14 77025 0 20 77025 0
gene 3 9 14 316008 0 21 316008 0
gene 2 10 14 -238383 0 22 -238383 1
gene 3 11 14 416667 0 23 416667 1
gene 2 12 14 337911 0 24 337911 1
gene 2 1 15 350877 0 25 350877 1
gene 3 2 15 -461355 0 26 -461355 1
gene 4 3 15 -299178 0 27 -299178 0
gene 1 4 15 14457 0 28 14457 0
gene 4 5 15 143070 0 29 143070 1
gene 2 6 15 -275934 0 30 -275934 1
gene 4 7 15 800000 0 31 800000 0
gene 2 8 15 -118098 0 32 -118098 0
gene 2 9 15 218982 0 33 218982 0
gene 3 10 15 160638 0 34 160638 1
gene 3 11 15 -639009 0 35 -639009 1
gene 2 12 15 623637 0 36 623637 0
gene 4 4 24 -434859 0 62 -434859 1
gene 4 24 13 -287118 0 63 -287118 1
gene 1 24 24 -4275 1 127 -4275 0
gene 3 15 13 800000 0 293 800000 1
gene 2 7 24 204762 0 408 204762 0
gene 3 7 188 104802 0 526 104802 0
gene 3 188 14 -534492 0 527 -534492 1
gene 2 9 222 -79623 0 645 -79623 0
gene 2 222 15 267720 0 646 267720 1
gene 3 3 272 93702 0 798 93702 1
gene 3 272 15 230736 0 799 230736 0
gene 2 3 24 117480 0 850 117480 1
gene 1 24 301 175836 1 893 175836 0
gene 1 301 24 447153 0 894 447153 0
gene 1 188 188 85050 1 934 85050 0
gene 3 4 188 -717005 0 1080 -717005 1
gene 2 6 380 66117 0 1115 66117 1
gene 2 380 14 421218 0 1116 421218 1
gene 1 4 393 -501420 0 1157 -501420 1
gene 1 393 15 100203 0 1158 100203 0
gene 1 15 380 154404 0 1196 154404 1
gene 2 12 188 -55974 0 1302 -55974 0
gene 2 9 453 268035 0 1346 268035 1
gene 2 453 222 800000 0 1347 800000 1
gene 1 24 469 189825 1 1394 189825 0
gene 1 469 301 -55419 0 1395 -55419 0
gene 3 222 24 -236214 0 1576 -236214 1
gene 4 3 188 -137313 0 1616 -137313 1
gene 3 272 557 425649 0 1666 425649 1
gene 1 557 15 226185 0 1667 226185 0
gene 1 6 272 -2469 0 1830 -2469 0
gene 4 12 380 33219 0 1879 33219 0
gene 1 469 729 -212904 0 2197 -212904 1
gene 1 729 301 -19530 0 2198 -19530 0
gene 2 14 301 -44754 0 2244 -44754 1
gene 1 188 380 -107736 0 2284 -107736 1
gene 4 8 875 -255414 0 2630 -255414 0
gene 1 875 13 594929 0 2631 594929 0
gene 4 12 927 -322140 0 2791 -322140 1
gene 4 927 380 510534 0 2792 510534 1
gene 2 393 380 -79755 0 3014 -79755 1
gene 2 7 1021 186459 0 3066 186459 1
gene 2 1021 24 214938 0 3067 214938 1
gene 1 8 1084 -728919 0 3243 -728919 0
gene 1 1084 875 314160 0 3244 314160 0
gene 4 188 927 36885 0 3297 36885 1
gene 1 1084 1116 -696978 0 3335 -696978 1
gene 1 1116 875 207510 0 3336 207510 0
gene 1 222 469 -32559 0 3394 -32559 1
gene 1 8 1234 30015 0 3693 30015 1
gene 1 1234 1084 -653991 0 3694 -653991 1
gene 1 301 1295 -206676 0 3863 -206676 1
gene 1 1295 24 -33447 0 3864 -33447 1
gene 1 2 393 -236265 0 3943 -236265 1
gene 4 1084 1084 342834 1 4053 342834 1
gene 3 1295 1084 400779 0 4076 400779 1
gene 1 1116 1374 454710 0 4119 454710 1
gene 1 1374 875 -65394 0 4120 -65394 1
gene 2 272 1084 -257883 0 4218 -257883 1
gene 2 12 1496 -63960 0 4474 -63960 1
gene 2 1496 15 -430599 0 4475 -430599 1
gene 1 557 1522 296274 0 4546 296274 1
gene 1 1522 15 84578 0 4547 84578 1
gene 3 1116 1021 129414 0 4657 129414 1
gene 3 9 380 340293 0 4725 340293 1
gene 2 12 1622 288573 0 4831 288573 0
gene 2 1622 188 188232 0 4832 188232 1
gene 4 453 453 -163641 1 4965 -163641 0
gene 2 8 1712 -534846 0 5099 -534846 1
gene 2 1712 15 79263 0 5100 79263 0
gene 1 6 1847 -326013 0 5495 -326013 1
gene 1 1847 272 233082 0 5496 233082 1
gene 3 9 1890 -539421 0 5636 -539421 0
gene 3 1890 14 -332493 0 5637 -332493 1
gene 2 1116 13 -332784 0 5838 -332784 1
gene 1 9 1712 -584532 0 5937 -584532 0
gene 1 24 2011 -212382 1 5985 -212382 1
gene 1 2011 469 183282 0 5986 183282 1
gene 2 1712 2035 -363129 0 6047 -363129 0
gene 2 2035 15 651629 0 6048 651629 1
gene 3 927 1084 -317061 0 6090 -317061 1
gene 4 1847 453 297150 0 6145 297150 1
gene 2 1712 2119 230448 0 6302 230448 1
gene 2 2119 2035 377118 0 6303 377118 1
gene 3 9 2161 262194 0 6421 262194 1
gene 3 2161 1890 -96129 0 6422 -96129 1
gene 4 453 2179 -80529 1 6471 -80529 0
gene 4 2179 453 729947 0 6472 729947 1
gene 4 7 2221 -632922 0 6590 -632922 1
gene 4 2221 15 -236652 0 6591 -236652 1
gene 2 1295 1021 -77145 0 6920 -77145 1
gene 4 2011 393 125367 0 7009 125367 1
gene 1 393 2408 713299 0 7137 713299 1
gene 1 2408 15 183483 0 7138 183483 1
gene 3 2161 1374 350538 0 7177 350538 1
gene 1 188 2438 -608696 1 7224 -608696 1
gene 1 2438 188 396774 0 7225 396774 1
gene 1 9 2454 498243 0 7265 498243 1
gene 1 2454 1712 -1488 0 7266 -1488 1
gene 3 11 875 23286 0 7315 23286 1
gene 1 729 2489 -375891 0 7366 -375891 1
gene 1 2489 301 595055 0 7367 595055 1
gene 1 11 2161 105045 0 7520 105045 1
gene 2 12 2572 203100 0 7614 203100 1
gene 2 2572 1622 112782 0 7615 112782 1
gene 1 12 1522 -716720 0 7661 -716720 1
gene 4 1847 2179 -316110 0 7800 -316110 1
gene 3 7 2678 12858 0 7928 12858 1
gene 3 2678 188 -220122 0 7929 -220122 1
gene 3 8 2708 102637 0 8015 102637 1
gene 3 2708 14 167322 0 8016 167322 1
gene 1 2572 729 445466 0 8127 445466 1
gene 1 875 2782 220848 0 8245 220848 0
gene 1 2782 13 270942 0 8246 270942 1
gene 4 453 2804 -144608 1 8323 -144608 1
gene 4 2804 2179 -109869 0 8324 -109869 1
gene 1 875 2823 210924 0 8371 210924 1
gene 1 2823 2782 149194 0 8372 149194 1
genomeend 62


/* Organism #63 Fitness: 280.000000 Time: 0 */
/* Position #63*/
#1 x: 76 y: 32
#2 x: 29 y: 28
#3 x: 54 y: 22
#4 x: 80 y: 80
#5 x: 25 y: 60
#6 x: 25 y: 65
genomestart 63
trait 1 1.000000 0.000000 0.000000 0.000000 0.000000 0.000000 0.000000 0.000000 trait 2 51558.000000 0.000000 0.000000 18452.000000 78989.000000 0.000000 41404.000000 0.000000 trait 3 3.000000 0.000000 0.000000 0.000000 0.000000 0.000000 0.000000 0.000000 trait 4 4.000000 31394.000000 71462.000000 0.000000 0.000000 0.000000 0.000000 76528.000000 node 1 4 1 3
node 2 2 1 1
node 3 4 1 1
node 4 2 1 1
node 5 4 1 1
node 6 3 1 1
node 7 2 1 1
node 8 1 1 1
node 9 4 1 1
node 10 1 1 1
node 11 1 1 1
node 12 1 1 1
node 13 3 0 2
node 14 1 0 2
node 15 4 0 2
node 71 1 0 0
node 289 1 0 0
node 317 1 0 0
node 368 3 0 0
node 381 1 0 0
node 394 1 0 0
node 473 1 0 0
node 490 1 0 0
node 568 1 0 0
node 647 4 0 0
node 686 1 0 0
node 704 1 0 0
node 760 1 0 0
node 834 1 0 0
node 877 1 0 0
node 886 1 0 0
node 948 1 0 0
node 996 1 0 0
node 1018 1 0 0
node 1030 1 0 0
node 1107 1 0 0
node 1283 1 0 0
node 1318 1 0 0
node 1334 1 0 0
node 1348 1 0 0
node 1396 1 0 0
node 1501 1 0 0
node 1604 1 0 0
node 1683 1 0 0
node 1699 1 0 0
node 1811 1 0 0
node 1862 1 0 0
node 1886 1 0 0
node 1902 1 0 0
node 2048 1 0 0
node 2063 1 0 0
node 2095 1 0 0
node 2127 1 0 0
node 2183 1 0 0
node 2301 1 0 0
node 2314 1 0 0
node 2344 1 0 0
node 2378 1 0 0
node 2445 1 0 0
node 2456 1 0 0
node 2520 1 0 0
node 2555 1 0 0
node 2719 1 0 0
node 2749 1 0 0
node 2762 1 0 0
node 2796 1 0 0
node 2807 1 0 0
gene 4 1 13 -151371 0 1 -151371 1
gene 3 2 13 -215367 0 2 -215367 1
gene 2 3 13 -252333 0 3 -252333 0
gene 4 4 13 -82314 0 4 -82314 1
gene 2 5 13 -277704 0 5 -277704 0
gene 3 6 13 24468 0 6 24468 0
gene 1 7 13 -431628 0 7 -431628 0
gene 1 8 13 -363837 0 8 -363837 1
gene 1 9 13 219723 0 9 219723 1
gene 2 10 13 -327804 0 10 -327804 0
gene 3 11 13 606333 0 11 606333 1
gene 3 12 13 401014 0 12 401014 0
gene 1 1 14 415050 0 13 415050 1
gene 1 2 14 49146 0 14 49146 0
gene 1 3 14 -441213 0 15 -441213 0
gene 1 4 14 9849 0 16 9849 0
gene 1 5 14 234342 0 17 234342 1
gene 1 6 14 146106 0 18 146106 1
gene 1 7 14 207060 0 19 207060 1
gene 2 8 14 598299 0 20 598299 1
gene 2 9 14 -467859 0 21 -467859 1
gene 1 10 14 229881 0 22 229881 0
gene 3 11 14 270825 0 23 270825 1
gene 2 12 14 -27024 0 24 -27024 0
gene 3 1 15 -44604 0 25 -44604 1
gene 2 2 15 -382427 0 26 -382427 1
gene 4 3 15 690689 0 27 690689 0
gene 2 4 15 -38136 0 28 -38136 0
gene 2 5 15 357183 0 29 357183 1
gene 1 6 15 636216 0 30 636216 1
gene 4 7 15 180519 0 31 180519 0
gene 2 8 15 266898 0 32 266898 0
gene 2 9 15 199662 0 33 199662 0
gene 1 10 15 240651 0 34 240651 1
gene 3 11 15 431250 0 35 431250 0
gene 1 12 15 123954 0 36 123954 1
gene 4 3 71 -141258 0 201 -141258 0
gene 3 71 14 484848 0 202 484848 0
gene 1 13 13 -616185 1 248 -616185 1
gene 2 13 15 192381 0 413 192381 1
gene 4 10 71 -800000 0 454 -800000 1
gene 1 7 71 96282 0 542 96282 0
gene 4 8 71 -73917 0 717 -73917 1
gene 4 71 71 164907 1 769 164907 0
gene 4 3 289 -74688 0 858 -74688 0
gene 4 289 15 -667979 0 859 -667979 1
gene 2 289 14 -100977 0 897 -100977 1
gene 2 3 317 39503 0 942 39503 0
gene 4 317 289 -383700 0 943 -383700 1
gene 2 8 368 649163 0 1081 649163 0
gene 2 368 15 -413583 0 1082 -413583 0
gene 1 2 381 -69414 0 1117 -69414 1
gene 2 381 14 -599160 0 1118 -599160 1
gene 4 3 394 136524 0 1159 136524 0
gene 4 394 71 -632319 0 1160 -632319 1
gene 4 1 394 -6663 0 1362 -6663 1
gene 2 3 473 281469 0 1405 281469 1
gene 2 473 13 -270138 0 1406 -270138 1
gene 1 10 490 -169110 0 1456 -169110 1
gene 1 490 14 461763 0 1457 461763 1
gene 3 13 289 333924 0 1591 333924 1
gene 4 71 568 308784 1 1699 308784 1
gene 4 568 71 800000 0 1700 800000 0
gene 3 568 15 449789 0 1754 449789 1
gene 3 289 394 26577 0 1809 26577 0
gene 4 568 647 70746 0 1948 70746 1
gene 4 647 71 362295 0 1949 362295 0
gene 1 7 686 739979 0 2069 739979 1
gene 1 686 71 -215490 0 2070 -215490 1
gene 3 71 704 597328 0 2122 597328 1
gene 3 704 14 275334 0 2123 275334 1
gene 3 289 760 -155637 0 2296 -155637 0
gene 3 760 394 -333375 0 2297 -333375 1
gene 4 368 394 -323490 0 2326 -323490 0
gene 2 10 289 -239628 0 2376 -239628 1
gene 4 3 834 -276276 0 2518 -276276 1
gene 4 834 317 342303 0 2519 342303 0
gene 2 12 877 -415005 0 2634 -415005 0
gene 2 877 14 -39642 0 2635 -39642 1
gene 2 4 886 -547898 0 2665 -547898 1
gene 2 886 15 -800000 0 2666 -800000 0
gene 2 5 948 190332 0 2855 190332 0
gene 2 948 13 -175086 0 2856 -175086 0
gene 2 877 877 45693 1 2903 45693 1
gene 4 7 996 652083 0 2996 652083 1
gene 1 996 13 -312996 0 2997 -312996 1
gene 3 7 1018 -545664 0 3054 -545664 1
gene 4 1018 15 211005 0 3055 211005 1
gene 1 4 1030 41922 0 3100 41922 1
gene 1 1030 14 41316 0 3101 41316 1
gene 3 568 568 197123 1 3154 197123 1
gene 2 5 1107 240660 0 3308 240660 1
gene 2 1107 948 -800000 0 3309 -800000 1
gene 4 686 686 228630 1 3352 228630 1
gene 3 996 490 42816 0 3408 42816 1
gene 3 996 996 7635 1 3624 7635 0
gene 3 381 381 -20370 1 3767 -20370 1
gene 4 3 1283 -241854 0 3832 -241854 0
gene 4 1283 394 -262461 0 3833 -262461 1
gene 2 8 1318 -640980 0 3932 -640980 1
gene 2 1318 368 425936 0 3933 425936 1
gene 4 3 1334 119652 0 3987 119652 1
gene 4 1334 1283 220059 0 3988 220059 1
gene 3 6 1348 -725565 0 4030 -725565 1
gene 3 1348 13 232959 0 4031 232959 1
gene 3 11 1396 -84279 0 4170 -84279 1
gene 3 1396 15 27711 0 4171 27711 0
gene 2 948 1501 -19608 0 4488 -19608 0
gene 2 1501 13 276102 0 4489 276102 1
gene 2 948 1604 -461112 0 4780 -461112 1
gene 2 1604 1501 263265 0 4781 263265 1
gene 4 490 317 -295389 0 4926 -295389 0
gene 3 996 1683 -798320 1 5017 -798320 1
gene 3 1683 996 299082 0 5018 299082 1
gene 2 368 1699 195273 0 5067 195273 0
gene 2 1699 15 390120 0 5068 390120 0
gene 4 8 1396 140460 0 5249 140460 1
gene 2 886 1811 -336903 0 5389 -336903 1
gene 2 1811 15 237714 0 5390 237714 1
gene 3 12 1862 -184719 0 5541 -184719 1
gene 3 1862 13 -522795 0 5542 -522795 0
gene 3 2 1862 -62022 0 5583 -62022 1
gene 4 490 1886 475914 0 5624 475914 1
gene 4 1886 317 -309486 0 5625 -309486 1
gene 4 368 1902 -155271 0 5673 -155271 1
gene 4 1902 394 -337464 0 5674 -337464 1
gene 3 1501 686 -588819 0 5725 -588819 1
gene 2 10 2048 800000 0 6086 800000 1
gene 2 2048 13 -177990 0 6087 -177990 1
gene 2 12 2063 446748 0 6128 446748 1
gene 2 2063 877 247611 0 6129 247611 0
gene 1 473 14 -83736 0 6174 -83736 1
gene 2 1699 2095 417240 0 6227 417240 0
gene 2 2095 15 -208971 0 6228 -208971 1
gene 4 7 886 56001 0 6279 56001 0
gene 4 647 2127 168294 0 6325 168294 1
gene 4 2127 71 800000 0 6326 800000 1
gene 4 7 2183 -16437 0 6481 -16437 1
gene 4 2183 886 -36183 0 6482 -36183 1
gene 1 1902 71 178830 0 6516 178830 1
gene 3 368 647 280380 0 6641 280380 1
gene 4 1018 13 39300 0 6771 39300 0
gene 4 1018 2301 -101664 0 6820 -101664 1
gene 4 2301 13 -18009 0 6821 -18009 1
gene 3 1862 2314 -74340 0 6863 -74340 0
gene 3 2314 13 -52677 0 6864 -52677 0
gene 3 834 834 -161007 1 6903 -161007 1
gene 3 1862 2344 535467 0 6955 535467 1
gene 3 2344 2314 372339 0 6956 372339 1
gene 2 1699 2378 -182559 0 7055 -182559 1
gene 2 2378 2095 -124122 0 7056 -124122 1
gene 2 2063 2445 218298 0 7239 218298 0
gene 2 2445 877 66801 0 7240 66801 1
gene 4 834 2456 2160 0 7271 2160 1
gene 4 2456 317 67935 0 7272 67935 1
gene 2 9 2520 190029 0 7449 190029 1
gene 2 2520 15 34254 0 7450 34254 1
gene 3 948 289 182577 0 7502 182577 1
gene 3 1396 2555 -422193 0 7555 -422193 1
gene 3 2555 15 -79323 0 7556 -79323 1
gene 4 568 490 48933 0 7611 48933 1
gene 2 2063 2719 48840 0 8044 48840 1
gene 2 2719 2445 210447 0 8045 210447 0
gene 2 2719 2749 -120791 0 8140 -120791 1
gene 2 2749 2445 382179 0 8141 382179 1
gene 3 2314 2762 175782 0 8180 175782 1
gene 3 2762 13 93708 0 8181 93708 1
gene 2 368 2796 -186114 0 8295 -186114 1
gene 2 2796 1699 -72639 0 8296 -72639 1
gene 3 289 2807 125623 0 8331 125623 1
gene 3 2807 760 -120573 0 8332 -120573 1
genomeend 63


/* Organism #74 Fitness: 320.000000 Time: 0 */
/* Position #74*/
#1 x: 44 y: 24
#2 x: 64 y: 19
#3 x: 49 y: 17
#4 x: 16 y: 67
#5 x: 49 y: 85
#6 x: 42 y: 67
genomestart 74
trait 1 100000.000000 0.000000 0.000000 0.000000 0.000000 0.000000 0.000000 0.000000 trait 2 52534.000000 91990.000000 0.000000 100000.000000 0.000000 0.000000 0.000000 0.000000 trait 3 21555.000000 0.000000 74217.000000 0.000000 72769.000000 0.000000 0.000000 0.000000 trait 4 4.000000 0.000000 0.000000 0.000000 99879.000000 0.000000 0.000000 0.000000 node 1 1 1 3
node 2 2 1 1
node 3 4 1 1
node 4 4 1 1
node 5 1 1 1
node 6 4 1 1
node 7 3 1 1
node 8 3 1 1
node 9 3 1 1
node 10 4 1 1
node 11 4 1 1
node 12 1 1 1
node 13 1 0 2
node 14 2 0 2
node 15 4 0 2
node 24 1 0 0
node 188 3 0 0
node 222 1 0 0
node 272 1 0 0
node 301 1 0 0
node 380 1 0 0
node 393 1 0 0
node 453 4 0 0
node 469 1 0 0
node 557 1 0 0
node 729 1 0 0
node 875 1 0 0
node 927 1 0 0
node 1021 1 0 0
node 1084 1 0 0
node 1116 1 0 0
node 1234 1 0 0
node 1295 1 0 0
node 1374 1 0 0
node 1496 1 0 0
node 1522 1 0 0
node 1622 1 0 0
node 1712 1 0 0
node 1847 1 0 0
node 1890 1 0 0
node 2011 1 0 0
node 2035 1 0 0
node 2119 1 0 0
node 2161 1 0 0
node 2179 1 0 0
node 2221 1 0 0
node 2408 1 0 0
node 2438 1 0 0
node 2454 1 0 0
node 2489 1 0 0
node 2572 1 0 0
node 2624 1 0 0
node 2797 1 0 0
node 2838 1 0 0
gene 1 1 13 30492 0 1 30492 1
gene 2 2 13 -470403 0 2 -470403 1
gene 2 3 13 -508034 0 3 -508034 1
gene 4 4 13 120837 0 4 120837 0
gene 3 5 13 290229 0 5 290229 1
gene 1 6 13 -262665 0 6 -262665 1
gene 3 7 13 216465 0 7 216465 1
gene 1 8 13 366975 0 8 366975 0
gene 4 9 13 -253932 0 9 -253932 1
gene 2 10 13 -561083 0 10 -561083 1
gene 3 11 13 333819 0 11 333819 1
gene 4 12 13 -29115 0 12 -29115 1
gene 1 1 14 -48342 0 13 -48342 1
gene 1 2 14 -241584 0 14 -241584 1
gene 2 3 14 112008 0 15 112008 1
gene 2 4 14 155424 0 16 155424 1
gene 1 5 14 -88101 0 17 -88101 1
gene 2 6 14 227025 0 18 227025 0
gene 3 7 14 182010 0 19 182010 0
gene 3 8 14 161193 0 20 161193 1
gene 3 9 14 -100521 0 21 -100521 0
gene 2 10 14 362283 0 22 362283 1
gene 3 11 14 -105738 0 23 -105738 1
gene 2 12 14 278430 0 24 278430 1
gene 2 1 15 552396 0 25 552396 1
gene 3 2 15 -429876 0 26 -429876 1
gene 4 3 15 11595 0 27 11595 0
gene 1 4 15 103773 0 28 103773 0
gene 4 5 15 758177 0 29 758177 1
gene 2 6 15 215172 0 30 215172 1
gene 4 7 15 272529 0 31 272529 0
gene 2 8 15 -2766 0 32 -2766 0
gene 2 9 15 -177873 0 33 -177873 0
gene 3 10 15 -44868 0 34 -44868 1
gene 3 11 15 -229947 0 35 -229947 1
gene 2 12 15 800000 0 36 800000 0
gene 4 4 24 292875 0 62 292875 1
gene 4 24 13 -202611 0 63 -202611 1
gene 1 24 24 77958 1 127 77958 0
gene 3 15 13 147858 0 293 147858 1
gene 2 7 24 -98040 0 408 -98040 0
gene 3 7 188 -800000 0 526 -800000 1
gene 3 188 14 -309156 0 527 -309156 1
gene 2 9 222 241806 0 645 241806 0
gene 2 222 15 -75582 0 646 -75582 1
gene 3 3 272 298101 0 798 298101 1
gene 3 272 15 15759 0 799 15759 0
gene 2 3 24 -59463 0 850 -59463 1
gene 1 24 301 437832 1 893 437832 0
gene 1 301 24 246600 0 894 246600 0
gene 1 188 188 -21195 1 934 -21195 0
gene 3 4 188 -297948 0 1080 -297948 1
gene 2 6 380 530192 0 1115 530192 1
gene 2 380 14 391233 0 1116 391233 1
gene 1 4 393 230625 0 1157 230625 0
gene 1 393 15 -308568 0 1158 -308568 0
gene 1 15 380 -220155 0 1196 -220155 1
gene 2 12 188 -500627 0 1302 -500627 0
gene 2 9 453 -146529 0 1346 -146529 1
gene 2 453 222 -4425 0 1347 -4425 0
gene 1 24 469 516234 1 1394 516234 0
gene 1 469 301 738951 0 1395 738951 0
gene 3 222 24 -579483 0 1576 -579483 1
gene 4 3 188 -395580 0 1616 -395580 1
gene 3 272 557 -66561 0 1666 -66561 1
gene 1 557 15 -177558 0 1667 -177558 0
gene 1 6 272 -301191 0 1830 -301191 0
gene 4 12 380 -307920 0 1879 -307920 0
gene 1 469 729 -58965 0 2197 -58965 1
gene 1 729 301 753908 0 2198 753908 0
gene 2 14 301 -35295 0 2244 -35295 1
gene 1 188 380 -347949 0 2284 -347949 1
gene 3 8 875 144486 0 2630 144486 0
gene 1 875 13 -251007 0 2631 -251007 1
gene 4 12 927 68268 0 2791 68268 1
gene 4 927 380 -224646 0 2792 -224646 1
gene 2 393 380 293649 0 3014 293649 1
gene 2 7 1021 -480273 0 3066 -480273 1
gene 2 1021 24 -232644 0 3067 -232644 1
gene 1 8 1084 -666 0 3243 -666 0
gene 1 1084 875 -486537 0 3244 -486537 0
gene 4 188 927 -144558 0 3297 -144558 1
gene 1 1084 1116 -63996 0 3335 -63996 1
gene 1 1116 875 103185 0 3336 103185 0
gene 1 222 469 124923 0 3394 124923 1
gene 1 8 1234 -296160 0 3693 -296160 1
gene 1 1234 1084 570048 0 3694 570048 1
gene 1 301 1295 -567764 0 3863 -567764 1
gene 1 1295 24 70074 0 3864 70074 1
gene 1 2 393 550731 0 3943 550731 1
gene 4 1084 1084 -386976 1 4053 -386976 1
gene 3 1295 1084 -320949 0 4076 -320949 1
gene 1 1116 1374 -120015 0 4119 -120015 1
gene 1 1374 875 -590583 0 4120 -590583 1
gene 2 272 1084 330737 0 4218 330737 1
gene 2 12 1496 -190176 0 4474 -190176 1
gene 2 1496 15 -67596 0 4475 -67596 1
gene 1 557 1522 -274602 0 4546 -274602 1
gene 1 1522 15 32571 0 4547 32571 1
gene 3 1116 1021 -410919 0 4657 -410919 1
gene 3 9 380 261119 0 4725 261119 1
gene 2 12 1622 -70833 0 4831 -70833 0
gene 2 1622 188 297108 0 4832 297108 1
gene 4 453 453 -330654 1 4965 -330654 0
gene 2 8 1712 -291321 0 5099 -291321 1
gene 2 1712 15 136089 0 5100 136089 0
gene 1 6 1847 -49038 0 5495 -49038 1
gene 1 1847 272 -800000 0 5496 -800000 1
gene 3 9 1890 -140370 0 5636 -140370 0
gene 3 1890 14 232890 0 5637 232890 1
gene 2 1116 13 -70464 0 5838 -70464 1
gene 1 9 1712 -197211 0 5937 -197211 0
gene 1 24 2011 149277 1 5985 149277 1
gene 1 2011 469 -81117 0 5986 -81117 1
gene 2 1712 2035 -267240 0 6047 -267240 0
gene 2 2035 15 -19965 0 6048 -19965 1
gene 3 927 1084 290904 0 6090 290904 1
gene 4 1847 453 -210447 0 6145 -210447 1
gene 2 1712 2119 473055 0 6302 473055 1
gene 2 2119 2035 -666377 0 6303 -666377 1
gene 3 9 2161 297516 0 6421 297516 1
gene 3 2161 1890 359931 0 6422 359931 1
gene 4 453 2179 -54459 1 6471 -54459 1
gene 4 2179 453 -195648 0 6472 -195648 1
gene 4 7 2221 297987 0 6590 297987 1
gene 4 2221 15 143709 0 6591 143709 1
gene 2 1295 1021 3829 0 6920 3829 1
gene 2 2011 393 -116400 0 7009 -116400 1
gene 1 393 2408 298113 0 7137 298113 1
gene 1 2408 15 -105258 0 7138 -105258 1
gene 3 2161 1374 -540519 0 7177 -540519 1
gene 1 188 2438 -85971 1 7224 -85971 1
gene 1 2438 188 414117 0 7225 414117 1
gene 1 9 2454 120657 0 7265 120657 1
gene 1 2454 1712 175377 0 7266 175377 1
gene 3 11 875 7584 0 7315 7584 1
gene 1 729 2489 -245295 0 7366 -245295 1
gene 1 2489 301 -238632 0 7367 -238632 1
gene 1 11 2161 285171 0 7520 285171 0
gene 2 12 2572 -575691 0 7614 -575691 1
gene 2 2572 1622 259215 0 7615 259215 1
gene 1 12 1522 345469 0 7661 345469 1
gene 2 453 2624 -103796 0 7776 -103796 1
gene 2 2624 222 -140173 0 7777 -140173 1
gene 4 380 1234 368559 0 7969 368559 1
gene 1 11 2797 9303 0 8300 9303 1
gene 1 2797 2161 -295236 0 8301 -295236 1
gene 1 4 2838 -106193 0 8413 -106193 1
gene 1 2838 393 48048 0 8414 48048 1
genomeend 74


/* Organism #76 Fitness: 260.000000 Time: 0 */
/* Position #76*/
#1 x: 34 y: 39
#2 x: 20 y: 19
#3 x: 21 y: 37
#4 x: 19 y: 67
#5 x: 67 y: 82
#6 x: 81 y: 68
genomestart 76
trait 1 100000.000000 0.000000 0.000000 0.000000 0.000000 0.000000 0.000000 0.000000 trait 2 52534.000000 91990.000000 0.000000 100000.000000 0.000000 0.000000 0.000000 0.000000 trait 3 21555.000000 0.000000 74217.000000 0.000000 72769.000000 0.000000 0.000000 0.000000 trait 4 0.000000 0.000000 45478.000000 0.000000 0.000000 0.000000 0.000000 0.000000 node 1 1 1 3
node 2 2 1 1
node 3 4 1 1
node 4 4 1 1
node 5 1 1 1
node 6 4 1 1
node 7 3 1 1
node 8 3 1 1
node 9 3 1 1
node 10 4 1 1
node 11 4 1 1
node 12 1 1 1
node 13 1 0 2
node 14 2 0 2
node 15 4 0 2
node 24 1 0 0
node 188 3 0 0
node 222 1 0 0
node 272 1 0 0
node 301 1 0 0
node 380 1 0 0
node 393 1 0 0
node 453 4 0 0
node 469 1 0 0
node 557 1 0 0
node 729 1 0 0
node 875 1 0 0
node 927 1 0 0
node 1021 1 0 0
node 1084 1 0 0
node 1116 1 0 0
node 1234 1 0 0
node 1295 1 0 0
node 1374 1 0 0
node 1496 1 0 0
node 1522 1 0 0
node 1622 1 0 0
node 1712 1 0 0
node 1847 1 0 0
node 1890 1 0 0
node 2011 1 0 0
node 2035 1 0 0
node 2119 1 0 0
node 2161 1 0 0
node 2179 1 0 0
node 2221 1 0 0
node 2397 1 0 0
node 2505 1 0 0
node 2547 1 0 0
node 2578 1 0 0
node 2618 1 0 0
node 2697 1 0 0
node 2712 1 0 0
gene 1 1 13 -286536 0 1 -286536 1
gene 2 2 13 190986 0 2 190986 1
gene 2 3 13 448991 0 3 448991 1
gene 2 4 13 239349 0 4 239349 0
gene 3 5 13 366297 0 5 366297 1
gene 1 6 13 -310691 0 6 -310691 1
gene 3 7 13 292380 0 7 292380 1
gene 1 8 13 -213237 0 8 -213237 0
gene 4 9 13 763089 0 9 763089 1
gene 2 10 13 -194259 0 10 -194259 1
gene 3 11 13 602913 0 11 602913 1
gene 4 12 13 210210 0 12 210210 1
gene 1 1 14 -145875 0 13 -145875 1
gene 1 2 14 389991 0 14 389991 1
gene 2 3 14 384873 0 15 384873 1
gene 2 4 14 500907 0 16 500907 1
gene 1 5 14 250866 0 17 250866 1
gene 2 6 14 -387563 0 18 -387563 0
gene 3 7 14 -118515 0 19 -118515 0
gene 3 8 14 -184866 0 20 -184866 1
gene 3 9 14 -800000 0 21 -800000 0
gene 2 10 14 -262146 0 22 -262146 1
gene 3 11 14 -51978 0 23 -51978 0
gene 2 12 14 -732158 0 24 -732158 1
gene 2 1 15 628757 0 25 628757 1
gene 3 2 15 42921 0 26 42921 1
gene 4 3 15 -183735 0 27 -183735 0
gene 1 4 15 -164399 0 28 -164399 0
gene 4 5 15 -78432 0 29 -78432 1
gene 2 6 15 -336264 0 30 -336264 1
gene 4 7 15 -383913 0 31 -383913 0
gene 2 8 15 277884 0 32 277884 0
gene 2 9 15 665631 0 33 665631 0
gene 2 10 15 575025 0 34 575025 1
gene 3 11 15 253401 0 35 253401 1
gene 2 12 15 800000 0 36 800000 0
gene 4 4 24 -257679 0 62 -257679 1
gene 3 24 13 -800000 0 63 -800000 1
gene 1 24 24 -691160 1 127 -691160 0
gene 3 15 13 523872 0 293 523872 1
gene 2 7 24 -87207 0 408 -87207 0
gene 3 7 188 210264 0 526 210264 1
gene 3 188 14 -183798 0 527 -183798 1
gene 2 9 222 -220173 0 645 -220173 0
gene 2 222 15 221595 0 646 221595 1
gene 3 3 272 -223599 0 798 -223599 1
gene 3 272 15 769389 0 799 769389 0
gene 3 3 24 -357588 0 850 -357588 1
gene 1 24 301 800000 1 893 800000 0
gene 1 301 24 -543540 0 894 -543540 0
gene 1 188 188 -299040 1 934 -299040 1
gene 3 4 188 502791 0 1080 502791 1
gene 2 6 380 130848 0 1115 130848 1
gene 2 380 14 -238641 0 1116 -238641 1
gene 1 4 393 -19209 0 1157 -19209 1
gene 1 393 15 -347457 0 1158 -347457 1
gene 1 15 380 -328170 0 1196 -328170 1
gene 2 12 188 21966 0 1302 21966 0
gene 2 9 453 800000 0 1346 800000 1
gene 2 453 222 276462 0 1347 276462 1
gene 1 24 469 -539889 1 1394 -539889 0
gene 1 469 301 -547632 0 1395 -547632 0
gene 3 222 24 -87384 0 1576 -87384 1
gene 4 3 188 549444 0 1616 549444 1
gene 3 272 557 -408867 0 1666 -408867 1
gene 1 557 15 268815 0 1667 268815 0
gene 1 6 272 4314 0 1830 4314 0
gene 4 12 380 52068 0 1879 52068 0
gene 1 469 729 -171351 0 2197 -171351 1
gene 1 729 301 598365 0 2198 598365 1
gene 2 14 301 499293 0 2244 499293 0
gene 1 188 380 -46158 0 2284 -46158 1
gene 3 8 875 -299181 0 2630 -299181 0
gene 1 875 13 252228 0 2631 252228 1
gene 4 12 927 -263658 0 2791 -263658 1
gene 4 927 380 -539280 0 2792 -539280 1
gene 2 393 380 27918 0 3014 27918 1
gene 2 7 1021 -142635 0 3066 -142635 1
gene 2 1021 24 -58926 0 3067 -58926 1
gene 1 8 1084 -91260 0 3243 -91260 0
gene 1 1084 875 28638 0 3244 28638 0
gene 4 188 927 800000 0 3297 800000 1
gene 1 1084 1116 -150303 0 3335 -150303 1
gene 1 1116 875 208740 0 3336 208740 0
gene 1 222 469 -800000 0 3394 -800000 1
gene 1 8 1234 -692027 0 3693 -692027 1
gene 1 1234 1084 800000 0 3694 800000 1
gene 1 301 1295 316785 0 3863 316785 1
gene 1 1295 24 -533619 0 3864 -533619 1
gene 1 2 393 142032 0 3943 142032 1
gene 4 1084 1084 447030 1 4053 447030 1
gene 3 1295 1084 -392970 0 4076 -392970 1
gene 1 1116 1374 -412305 0 4119 -412305 1
gene 1 1374 875 84504 0 4120 84504 1
gene 2 272 1084 66066 0 4218 66066 1
gene 2 12 1496 -44427 0 4474 -44427 1
gene 2 1496 15 -20136 0 4475 -20136 1
gene 1 557 1522 800000 0 4546 800000 1
gene 1 1522 15 -387495 0 4547 -387495 1
gene 3 1116 1021 -800000 0 4657 -800000 0
gene 3 9 380 -616946 0 4725 -616946 1
gene 2 12 1622 294549 0 4831 294549 0
gene 2 1622 188 -300648 0 4832 -300648 1
gene 4 453 453 171684 1 4965 171684 0
gene 2 8 1712 386442 0 5099 386442 1
gene 2 1712 15 -210492 0 5100 -210492 0
gene 1 6 1847 9702 0 5495 9702 1
gene 1 1847 272 -571959 0 5496 -571959 1
gene 3 9 1890 -297726 0 5636 -297726 0
gene 3 1890 14 -442239 0 5637 -442239 1
gene 4 1116 13 -648848 0 5838 -648848 1
gene 1 9 1712 -36327 0 5937 -36327 1
gene 1 24 2011 -33711 1 5985 -33711 1
gene 1 2011 469 -79158 0 5986 -79158 1
gene 2 1712 2035 -234396 0 6047 -234396 0
gene 2 2035 15 -25059 0 6048 -25059 1
gene 3 927 1084 253938 0 6090 253938 0
gene 4 1847 453 90378 0 6145 90378 1
gene 2 1712 2119 -485370 0 6302 -485370 1
gene 2 2119 2035 -360960 0 6303 -360960 1
gene 3 9 2161 -137883 0 6421 -137883 1
gene 3 2161 1890 -108261 0 6422 -108261 0
gene 4 453 2179 151602 1 6471 151602 1
gene 4 2179 453 -239988 0 6472 -239988 1
gene 4 7 2221 -148641 0 6590 -148641 0
gene 4 2221 15 -338574 0 6591 -338574 1
gene 2 1295 1021 278127 0 6920 278127 1
gene 4 2011 393 601944 0 7009 601944 1
gene 3 1295 557 87579 1 7060 87579 1
gene 3 11 2397 302223 0 7109 302223 1
gene 3 2397 14 -257133 0 7110 -257133 1
gene 3 469 272 572558 0 7207 572558 1
gene 2 14 2505 -191175 0 7409 -191175 1
gene 2 2505 301 385416 0 7410 385416 1
gene 4 7 2547 245280 0 7531 245280 1
gene 4 2547 2221 -193818 0 7532 -193818 1
gene 3 927 2578 -244230 0 7639 -244230 1
gene 3 2578 1084 -101355 0 7640 -101355 1
gene 2 12 2618 -763617 0 7758 -763617 1
gene 2 2618 1622 146064 0 7759 146064 1
gene 3 2161 2697 417303 0 7981 417303 1
gene 3 2697 1890 66153 0 7982 66153 1
gene 3 1116 2712 -509501 0 8023 -509501 1
gene 3 2712 1021 -94956 0 8024 -94956 1
gene 1 2 1234 271329 0 8214 271329 1
gene 4 1295 2578 -254520 0 8265 -254520 1
gene 1 4 729 -47954 0 8317 -47954 1
genomeend 76


