/* Organism #0 Fitness: 210.000000 Time: 0 */
/* Position #0*/
#1 x: 45 y: 40
#2 x: 56 y: 28
#3 x: 26 y: 22
#4 x: 35 y: 65
#5 x: 34 y: 61
#6 x: 60 y: 70
genomestart 0
trait 1 43007.000000 16300.000000 0.000000 0.000000 0.000000 0.000000 87908.000000 0.000000 trait 2 2.000000 0.000000 0.000000 0.000000 0.000000 0.000000 0.000000 0.000000 trait 3 0.000000 0.000000 0.000000 51304.000000 0.000000 13538.000000 70969.000000 30146.000000 trait 4 4.000000 0.000000 0.000000 36940.000000 0.000000 0.000000 43316.000000 37957.000000 node 1 4 1 3
node 2 4 1 1
node 3 1 1 1
node 4 1 1 1
node 5 1 1 1
node 6 2 1 1
node 7 4 1 1
node 8 4 1 1
node 9 2 1 1
node 10 1 1 1
node 11 2 1 1
node 12 4 1 1
node 13 2 0 2
node 14 1 0 2
node 15 3 0 2
node 121 1 0 0
node 235 1 0 0
node 384 1 0 0
node 420 1 0 0
node 433 1 0 0
node 461 1 0 0
node 500 1 0 0
node 516 1 0 0
node 697 1 0 0
node 1018 1 0 0
node 1130 1 0 0
node 1323 1 0 0
node 1393 1 0 0
node 1479 1 0 0
node 1531 4 0 0
node 1683 1 0 0
node 1735 1 0 0
node 1875 1 0 0
gene 2 1 13 -286812 0 1 -286812 1
gene 3 2 13 -742373 0 2 -742373 1
gene 2 3 13 278607 0 3 278607 1
gene 3 4 13 429837 0 4 429837 1
gene 2 5 13 105051 0 5 105051 1
gene 4 6 13 -168516 0 6 -168516 1
gene 3 7 13 527291 0 7 527291 1
gene 2 8 13 290748 0 8 290748 0
gene 3 9 13 -800000 0 9 -800000 1
gene 2 10 13 -205995 0 10 -205995 1
gene 2 11 13 -266613 0 11 -266613 1
gene 4 12 13 -620162 0 12 -620162 1
gene 2 1 14 800000 0 13 800000 1
gene 2 2 14 105093 0 14 105093 1
gene 4 3 14 -84366 0 15 -84366 1
gene 4 4 14 251577 0 16 251577 0
gene 4 5 14 4875 0 17 4875 1
gene 3 6 14 -800000 0 18 -800000 0
gene 2 7 14 583875 0 19 583875 1
gene 1 8 14 -137606 0 20 -137606 0
gene 3 9 14 778938 0 21 778938 1
gene 1 10 14 -37560 0 22 -37560 1
gene 1 11 14 -297960 0 23 -297960 1
gene 4 12 14 377499 0 24 377499 1
gene 3 1 15 800000 0 25 800000 1
gene 3 2 15 -657053 0 26 -657053 1
gene 3 3 15 49182 0 27 49182 0
gene 3 4 15 798839 0 28 798839 1
gene 3 5 15 -299169 0 29 -299169 1
gene 1 6 15 -668595 0 30 -668595 1
gene 3 7 15 -465483 0 31 -465483 0
gene 3 8 15 -134409 0 32 -134409 1
gene 3 9 15 226629 0 33 226629 1
gene 3 10 15 360441 0 34 360441 0
gene 2 11 15 -91347 0 35 -91347 1
gene 4 12 15 -56136 0 36 -56136 0
gene 4 15 15 -21777 1 174 -21777 0
gene 3 8 121 -129972 0 329 -129972 0
gene 3 121 15 800000 0 330 800000 1
gene 2 5 121 -299142 0 438 -299142 1
gene 2 7 121 -55881 0 483 -55881 1
gene 4 4 235 125439 0 666 125439 1
gene 4 235 14 -706524 0 667 -706524 1
gene 1 1 235 -250752 0 753 -250752 1
gene 1 9 235 555036 0 1108 555036 1
gene 3 10 384 -374982 0 1126 -374982 1
gene 3 384 15 -609849 0 1127 -609849 0
gene 2 14 14 -243339 1 1197 -243339 1
gene 3 7 420 526428 0 1239 526428 1
gene 3 420 15 -584411 0 1240 -584411 1
gene 3 2 433 800000 0 1284 800000 0
gene 3 433 13 310763 0 1285 310763 1
gene 4 3 461 -738180 0 1352 -738180 1
gene 4 461 14 535410 0 1353 535410 1
gene 4 15 500 86520 1 1453 86520 1
gene 4 500 15 284043 0 1454 284043 1
gene 1 8 516 187407 0 1500 187407 1
gene 1 516 14 -234345 0 1501 -234345 1
gene 1 384 121 125535 0 1548 125535 1
gene 2 8 461 -345540 0 1965 -345540 1
gene 3 3 697 -278778 0 2038 -278778 1
gene 3 697 15 90651 0 2039 90651 1
gene 2 1 500 355032 0 2133 355032 1
gene 1 3 433 117201 0 2628 117201 1
gene 1 516 516 410387 1 2664 410387 1
gene 3 8 1018 -285537 0 2997 -285537 1
gene 3 1018 121 101922 0 2998 101922 0
gene 3 15 433 34482 0 3156 34482 1
gene 1 10 1130 243375 0 3329 243375 1
gene 1 1130 14 162969 0 3330 162969 1
gene 3 500 697 -170928 0 3371 -170928 1
gene 2 3 516 175818 0 3603 175818 1
gene 2 9 1323 221562 0 3885 221562 1
gene 2 1323 14 -136140 0 3886 -136140 0
gene 2 121 420 6132 0 3959 6132 1
gene 2 8 1393 -184890 0 4093 -184890 1
gene 2 1393 13 271815 0 4094 271815 1
gene 1 11 1479 795504 0 4325 795504 1
gene 1 1479 14 3060 0 4326 3060 1
gene 4 12 1531 -212811 0 4477 -212811 1
gene 4 1531 15 103242 0 4478 103242 1
gene 3 1393 433 -100110 0 4734 -100110 1
gene 2 1323 1683 -29166 0 4950 -29166 1
gene 2 1683 14 -392724 0 4951 -392724 1
gene 3 6 1735 -230226 0 5103 -230226 1
gene 3 1735 14 -135708 0 5104 -135708 1
gene 1 5 516 15950 0 5346 15950 1
gene 1 516 433 -16864 0 5443 -16864 1
gene 3 2 1875 1 0 5505 0 1
gene 3 1875 433 800000 0 5506 0 1
genomeend 0


/* Organism #2 Fitness: 270.000000 Time: 0 */
/* Position #2*/
#1 x: 36 y: 26
#2 x: 73 y: 34
#3 x: 82 y: 36
#4 x: 75 y: 77
#5 x: 80 y: 81
#6 x: 38 y: 64
genomestart 2
trait 1 0.000000 0.000000 0.000000 111.000000 22478.000000 82485.000000 100000.000000 0.000000 trait 2 2.000000 0.000000 0.000000 0.000000 0.000000 0.000000 0.000000 0.000000 trait 3 24073.000000 0.000000 15431.000000 0.000000 40954.000000 100000.000000 0.000000 0.000000 trait 4 30267.000000 0.000000 0.000000 0.000000 12691.000000 0.000000 36386.000000 0.000000 node 1 1 1 3
node 2 3 1 1
node 3 3 1 1
node 4 2 1 1
node 5 4 1 1
node 6 1 1 1
node 7 3 1 1
node 8 3 1 1
node 9 1 1 1
node 10 2 1 1
node 11 4 1 1
node 12 2 1 1
node 13 3 0 2
node 14 4 0 2
node 15 3 0 2
node 21 4 0 0
node 92 1 0 0
node 122 1 0 0
node 148 1 0 0
node 287 1 0 0
node 387 1 0 0
node 403 1 0 0
node 417 1 0 0
node 489 1 0 0
node 504 1 0 0
node 573 1 0 0
node 664 1 0 0
node 761 1 0 0
node 823 1 0 0
node 846 1 0 0
node 993 1 0 0
node 1053 1 0 0
node 1148 1 0 0
node 1211 1 0 0
node 1289 4 0 0
node 1308 1 0 0
node 1326 1 0 0
node 1442 1 0 0
node 1553 1 0 0
node 1588 1 0 0
node 1602 1 0 0
node 1674 1 0 0
node 1724 1 0 0
node 1792 1 0 0
node 1842 1 0 0
node 1858 1 0 0
gene 4 1 13 -200343 0 1 -200343 1
gene 3 2 13 566634 0 2 566634 1
gene 3 3 13 -429435 0 3 -429435 1
gene 3 4 13 -754160 0 4 -754160 1
gene 4 5 13 -66396 0 5 -66396 0
gene 1 6 13 -119346 0 6 -119346 1
gene 1 7 13 604562 0 7 604562 1
gene 2 8 13 132744 0 8 132744 1
gene 1 9 13 -303045 0 9 -303045 0
gene 2 10 13 -237234 0 10 -237234 0
gene 1 11 13 532209 0 11 532209 1
gene 3 12 13 -201168 0 12 -201168 0
gene 3 1 14 -714252 0 13 -714252 1
gene 4 2 14 161856 0 14 161856 1
gene 4 3 14 239805 0 15 239805 1
gene 1 4 14 -729785 0 16 -729785 1
gene 2 5 14 759606 0 17 759606 1
gene 4 6 14 -800000 0 18 -800000 0
gene 2 7 14 -182499 0 19 -182499 1
gene 1 8 14 -585357 0 20 -585357 1
gene 1 9 14 -148686 0 21 -148686 1
gene 4 10 14 29661 0 22 29661 0
gene 4 11 14 -800000 0 23 -800000 0
gene 1 12 14 61311 0 24 61311 0
gene 2 1 15 -183798 0 25 -183798 1
gene 4 2 15 -321386 0 26 -321386 1
gene 1 3 15 563910 0 27 563910 0
gene 3 4 15 486546 0 28 486546 1
gene 2 5 15 -774051 0 29 -774051 1
gene 3 6 15 -315270 0 30 -315270 0
gene 2 7 15 148569 0 31 148569 1
gene 4 8 15 326382 0 32 326382 1
gene 4 9 15 -800000 0 33 -800000 0
gene 2 10 15 -680316 0 34 -680316 0
gene 2 11 15 800000 0 35 800000 0
gene 2 12 15 -313143 0 36 -313143 1
gene 4 9 21 -800000 0 49 -800000 0
gene 1 21 13 380184 0 50 380184 0
gene 3 6 92 432243 0 235 432243 1
gene 3 92 15 -160131 0 236 -160131 1
gene 4 5 122 -136515 0 332 -136515 1
gene 4 122 13 -531156 0 333 -531156 0
gene 2 11 148 800000 0 403 800000 0
gene 2 148 15 -84555 0 404 -84555 1
gene 3 9 148 140418 0 557 140418 0
gene 2 92 122 12297 0 768 12297 1
gene 2 10 287 -321222 0 834 -321222 1
gene 2 287 15 -437664 0 835 -437664 1
gene 3 21 287 246243 0 900 246243 1
gene 2 3 287 -586323 0 1053 -586323 0
gene 3 1 122 42841 0 1085 42841 1
gene 2 11 387 223575 0 1138 223575 1
gene 2 387 148 -221939 0 1139 -221939 0
gene 3 12 403 -300819 0 1185 -300819 0
gene 3 403 13 -454332 0 1186 -454332 0
gene 4 10 417 -668924 0 1231 -668924 1
gene 4 417 14 -151893 0 1232 -151893 1
gene 2 3 489 -239855 0 1426 -239855 1
gene 2 489 287 -148437 0 1427 -148437 1
gene 4 9 504 -312357 0 1465 -312357 0
gene 4 504 15 -26397 0 1466 -26397 0
gene 3 403 573 -429768 0 1680 -429768 0
gene 3 573 13 -604706 0 1681 -604706 1
gene 3 403 664 -174141 0 1944 -174141 1
gene 3 664 573 -222003 0 1945 -222003 1
gene 3 403 403 2448 1 2179 2448 1
gene 1 21 761 -607158 0 2220 -607158 0
gene 1 761 13 -451707 0 2221 -451707 0
gene 3 403 21 464781 0 2307 464781 1
gene 3 12 823 404781 0 2416 404781 1
gene 3 823 14 -800000 0 2417 -800000 1
gene 4 504 846 565965 0 2497 565965 1
gene 4 846 15 47802 0 2498 47802 1
gene 2 573 92 -781520 0 2714 -781520 1
gene 4 11 993 3240 0 2928 3240 1
gene 4 993 14 -220602 0 2929 -220602 0
gene 4 9 1053 236352 0 3107 236352 1
gene 4 1053 21 432030 0 3108 432030 1
gene 4 993 1148 -800000 0 3382 -800000 1
gene 4 1148 14 -188136 0 3383 -188136 0
gene 3 1148 21 -194541 0 3428 -194541 1
gene 2 10 1211 -253740 0 3562 -253740 1
gene 2 1211 13 606960 0 3563 606960 0
gene 2 387 1289 800000 0 3776 800000 0
gene 2 1289 148 -123999 0 3777 -123999 1
gene 4 9 1308 -478242 0 3841 -478242 1
gene 4 1308 504 136302 0 3842 136302 1
gene 3 12 1326 -414200 0 3895 -414200 1
gene 3 1326 403 278589 0 3896 278589 1
gene 1 761 1442 -158847 0 4224 -158847 1
gene 1 1442 13 147588 0 4225 147588 1
gene 4 1148 1553 -256935 0 4540 -256935 1
gene 4 1553 14 97989 0 4541 97989 1
gene 2 387 1588 71268 0 4659 71268 1
gene 2 1588 1289 -275787 0 4660 -275787 1
gene 3 9 1602 161016 0 4709 161016 1
gene 3 1602 148 -287697 0 4710 -287697 1
gene 4 6 1674 -667568 0 4921 -667568 1
gene 4 1674 14 -11055 0 4922 -11055 1
gene 4 504 504 192915 1 4975 192915 1
gene 4 11 1326 202503 0 5023 202503 1
gene 2 1211 1724 1738 0 5072 1738 1
gene 2 1724 13 -263037 0 5073 -263037 1
gene 1 21 1792 -260541 0 5261 -260541 1
gene 1 1792 761 87609 0 5262 87609 1
gene 4 122 1842 1 0 5405 0 1
gene 4 1842 13 -531156 0 5406 0 1
gene 1 3 1858 1 0 5447 0 1
gene 1 1858 15 563910 0 5448 0 1
genomeend 2


/* Organism #6 Fitness: 240.000000 Time: 0 */
/* Position #6*/
#1 x: 34 y: 40
#2 x: 47 y: 38
#3 x: 73 y: 28
#4 x: 54 y: 62
#5 x: 68 y: 78
#6 x: 35 y: 74
genomestart 6
trait 1 1.000000 0.000000 74818.000000 0.000000 22478.000000 100000.000000 7536.000000 0.000000 trait 2 2.000000 0.000000 0.000000 0.000000 0.000000 0.000000 0.000000 0.000000 trait 3 24073.000000 0.000000 15431.000000 0.000000 40954.000000 100000.000000 0.000000 0.000000 trait 4 30267.000000 0.000000 0.000000 0.000000 12691.000000 0.000000 36386.000000 0.000000 node 1 1 1 3
node 2 3 1 1
node 3 3 1 1
node 4 2 1 1
node 5 4 1 1
node 6 1 1 1
node 7 3 1 1
node 8 3 1 1
node 9 1 1 1
node 10 2 1 1
node 11 4 1 1
node 12 2 1 1
node 13 3 0 2
node 14 4 0 2
node 15 3 0 2
node 21 4 0 0
node 92 1 0 0
node 122 1 0 0
node 148 1 0 0
node 287 1 0 0
node 387 1 0 0
node 403 1 0 0
node 417 1 0 0
node 489 1 0 0
node 504 1 0 0
node 573 1 0 0
node 664 1 0 0
node 761 1 0 0
node 823 1 0 0
node 846 1 0 0
node 993 1 0 0
node 1053 1 0 0
node 1148 1 0 0
node 1211 1 0 0
node 1289 4 0 0
node 1308 1 0 0
node 1326 1 0 0
node 1442 1 0 0
node 1553 1 0 0
node 1588 1 0 0
node 1602 1 0 0
node 1670 1 0 0
node 1761 1 0 0
gene 4 1 13 -408527 0 1 -408527 1
gene 3 2 13 -88377 0 2 -88377 1
gene 3 3 13 7062 0 3 7062 1
gene 3 4 13 404538 0 4 404538 1
gene 4 5 13 -626006 0 5 -626006 0
gene 1 6 13 -8325 0 6 -8325 1
gene 1 7 13 635510 0 7 635510 1
gene 2 8 13 504768 0 8 504768 1
gene 1 9 13 -787976 0 9 -787976 0
gene 2 10 13 -644915 0 10 -644915 0
gene 1 11 13 593475 0 11 593475 1
gene 3 12 13 -316167 0 12 -316167 0
gene 3 1 14 -689591 0 13 -689591 1
gene 4 2 14 -321822 0 14 -321822 1
gene 4 3 14 145647 0 15 145647 1
gene 1 4 14 -246147 0 16 -246147 1
gene 2 5 14 -570903 0 17 -570903 1
gene 4 6 14 -760326 0 18 -760326 1
gene 2 7 14 -327858 0 19 -327858 1
gene 1 8 14 -154131 0 20 -154131 1
gene 1 9 14 -29250 0 21 -29250 1
gene 4 10 14 706476 0 22 706476 0
gene 4 11 14 30012 0 23 30012 0
gene 1 12 14 -134286 0 24 -134286 0
gene 2 1 15 -552383 0 25 -552383 1
gene 4 2 15 -452537 0 26 -452537 1
gene 1 3 15 800000 0 27 800000 1
gene 3 4 15 -376932 0 28 -376932 1
gene 2 5 15 38838 0 29 38838 1
gene 3 6 15 -633726 0 30 -633726 0
gene 2 7 15 -51552 0 31 -51552 1
gene 4 8 15 -387453 0 32 -387453 1
gene 4 9 15 -612693 0 33 -612693 0
gene 2 10 15 261432 0 34 261432 0
gene 2 11 15 -800000 0 35 -800000 0
gene 2 12 15 153189 0 36 153189 1
gene 4 9 21 551259 0 49 551259 0
gene 1 21 13 -86955 0 50 -86955 0
gene 3 6 92 31176 0 235 31176 1
gene 3 92 15 -390780 0 236 -390780 1
gene 4 5 122 391329 0 332 391329 1
gene 4 122 13 758277 0 333 758277 1
gene 2 11 148 254034 0 403 254034 0
gene 2 148 15 605967 0 404 605967 1
gene 3 9 148 255045 0 557 255045 0
gene 2 92 122 -51063 0 768 -51063 1
gene 2 10 287 -25932 0 834 -25932 1
gene 2 287 15 774117 0 835 774117 1
gene 3 21 287 64485 0 900 64485 1
gene 2 3 287 -243528 0 1053 -243528 0
gene 3 1 122 -55623 0 1085 -55623 1
gene 2 11 387 250359 0 1138 250359 1
gene 2 387 148 -472506 0 1139 -472506 0
gene 3 12 403 130800 0 1185 130800 0
gene 3 403 13 657258 0 1186 657258 0
gene 4 10 417 113997 0 1231 113997 1
gene 4 417 14 -476844 0 1232 -476844 1
gene 2 3 489 -226866 0 1426 -226866 1
gene 2 489 287 153105 0 1427 153105 1
gene 4 9 504 317364 0 1465 317364 0
gene 4 504 15 3696 0 1466 3696 0
gene 3 403 573 117408 0 1680 117408 0
gene 3 573 13 244080 0 1681 244080 0
gene 3 403 664 259266 0 1944 259266 1
gene 3 664 573 -151251 0 1945 -151251 1
gene 3 403 403 23643 1 2179 23643 1
gene 1 21 761 412509 0 2220 412509 1
gene 1 761 13 86767 0 2221 86767 0
gene 3 403 21 198144 0 2307 198144 1
gene 3 12 823 181941 0 2416 181941 1
gene 3 823 14 -120006 0 2417 -120006 0
gene 4 504 846 443970 0 2497 443970 1
gene 4 846 15 661779 0 2498 661779 1
gene 2 573 92 -342971 0 2714 -342971 1
gene 4 11 993 -74760 0 2928 -74760 1
gene 4 993 14 -127230 0 2929 -127230 0
gene 4 9 1053 -443781 0 3107 -443781 1
gene 4 1053 21 -397782 0 3108 -397782 1
gene 4 993 1148 -313233 0 3382 -313233 1
gene 4 1148 14 337611 0 3383 337611 0
gene 3 1148 21 -155904 0 3428 -155904 1
gene 2 10 1211 -241650 0 3562 -241650 1
gene 2 1211 13 27915 0 3563 27915 1
gene 2 387 1289 366810 0 3776 366810 0
gene 2 1289 148 51342 0 3777 51342 1
gene 4 9 1308 -289524 0 3841 -289524 1
gene 4 1308 504 -571581 0 3842 -571581 1
gene 3 12 1326 -45801 0 3895 -45801 1
gene 3 1326 403 260055 0 3896 260055 1
gene 1 761 1442 -173709 0 4224 -173709 1
gene 1 1442 13 37761 0 4225 37761 1
gene 4 1148 1553 -61866 0 4540 -61866 1
gene 4 1553 14 211302 0 4541 211302 1
gene 2 387 1588 509835 0 4659 509835 1
gene 2 1588 1289 800000 0 4660 800000 1
gene 3 9 1602 -31149 0 4709 -31149 1
gene 3 1602 148 -229281 0 4710 -229281 1
gene 3 1602 993 -150 0 4813 -150 1
gene 3 823 1670 -305538 0 4911 -305538 1
gene 3 1670 14 141642 0 4912 141642 1
gene 1 403 1289 262360 0 5094 262360 1
gene 1 1211 823 78972 0 5131 78972 1
gene 3 573 1761 -57962 0 5178 -57962 1
gene 3 1761 13 -653645 0 5179 -653645 1
gene 2 14 14 -58482 1 5458 -58482 1
genomeend 6


/* Organism #14 Fitness: 200.000000 Time: 0 */
/* Position #14*/
#1 x: 55 y: 22
#2 x: 35 y: 39
#3 x: 23 y: 36
#4 x: 68 y: 82
#5 x: 47 y: 61
#6 x: 36 y: 66
genomestart 14
trait 1 43007.000000 16300.000000 0.000000 0.000000 0.000000 0.000000 87908.000000 0.000000 trait 2 2.000000 0.000000 0.000000 0.000000 0.000000 0.000000 0.000000 0.000000 trait 3 99525.000000 0.000000 0.000000 0.000000 0.000000 99417.000000 81241.000000 0.000000 trait 4 4.000000 0.000000 0.000000 0.000000 0.000000 0.000000 0.000000 37957.000000 node 1 4 1 3
node 2 4 1 1
node 3 1 1 1
node 4 1 1 1
node 5 1 1 1
node 6 2 1 1
node 7 4 1 1
node 8 4 1 1
node 9 2 1 1
node 10 1 1 1
node 11 2 1 1
node 12 4 1 1
node 13 2 0 2
node 14 1 0 2
node 15 3 0 2
node 121 1 0 0
node 235 1 0 0
node 384 1 0 0
node 420 1 0 0
node 433 1 0 0
node 461 1 0 0
node 500 1 0 0
node 516 1 0 0
node 697 1 0 0
node 1018 1 0 0
node 1130 1 0 0
node 1323 1 0 0
node 1444 1 0 0
node 1456 1 0 0
node 1478 1 0 0
node 1522 1 0 0
node 1664 1 0 0
node 1787 1 0 0
node 1805 1 0 0
node 1850 1 0 0
gene 2 1 13 68640 0 1 68640 1
gene 3 2 13 -223785 0 2 -223785 1
gene 2 3 13 138192 0 3 138192 1
gene 3 4 13 -511721 0 4 -511721 1
gene 2 5 13 237672 0 5 237672 1
gene 4 6 13 76635 0 6 76635 1
gene 3 7 13 411015 0 7 411015 1
gene 2 8 13 -110127 0 8 -110127 1
gene 3 9 13 424536 0 9 424536 1
gene 2 10 13 591449 0 10 591449 1
gene 2 11 13 -497660 0 11 -497660 0
gene 4 12 13 40746 0 12 40746 1
gene 2 1 14 350079 0 13 350079 1
gene 2 2 14 -42330 0 14 -42330 1
gene 4 3 14 -102183 0 15 -102183 0
gene 4 4 14 -115833 0 16 -115833 0
gene 4 5 14 -647096 0 17 -647096 1
gene 3 6 14 -174615 0 18 -174615 1
gene 2 7 14 28500 0 19 28500 1
gene 1 8 14 9798 0 20 9798 0
gene 2 9 14 -208395 0 21 -208395 0
gene 1 10 14 45342 0 22 45342 0
gene 3 11 14 47808 0 23 47808 1
gene 4 12 14 39648 0 24 39648 1
gene 3 1 15 462690 0 25 462690 1
gene 3 2 15 223119 0 26 223119 1
gene 3 3 15 167382 0 27 167382 0
gene 3 4 15 489747 0 28 489747 1
gene 3 5 15 182751 0 29 182751 1
gene 1 6 15 20862 0 30 20862 0
gene 3 7 15 -78735 0 31 -78735 0
gene 3 8 15 -102333 0 32 -102333 1
gene 3 9 15 -506976 0 33 -506976 1
gene 3 10 15 -528078 0 34 -528078 0
gene 2 11 15 151080 0 35 151080 0
gene 4 12 15 3408 0 36 3408 1
gene 4 15 15 -277056 1 174 -277056 0
gene 3 8 121 -331014 0 329 -331014 0
gene 3 121 15 -335475 0 330 -335475 1
gene 2 5 121 -191874 0 438 -191874 1
gene 2 7 121 154830 0 483 154830 1
gene 4 4 235 39405 0 666 39405 1
gene 4 235 14 -440673 0 667 -440673 1
gene 1 1 235 92919 0 753 92919 1
gene 1 9 235 622781 0 1108 622781 1
gene 3 10 384 -87189 0 1126 -87189 1
gene 3 384 15 -173430 0 1127 -173430 0
gene 2 14 14 -88266 1 1197 -88266 1
gene 3 7 420 33594 0 1239 33594 1
gene 3 420 15 552245 0 1240 552245 1
gene 3 2 433 -267144 0 1284 -267144 1
gene 3 433 13 122022 0 1285 122022 1
gene 4 3 461 -195837 0 1352 -195837 1
gene 4 461 14 -62520 0 1353 -62520 1
gene 4 15 500 349518 1 1453 349518 1
gene 4 500 15 -549981 0 1454 -549981 1
gene 1 8 516 524018 0 1500 524018 0
gene 1 516 14 -410940 0 1501 -410940 1
gene 1 384 121 800000 0 1548 800000 1
gene 2 8 461 -387588 0 1965 -387588 1
gene 3 3 697 666782 0 2038 666782 1
gene 3 697 15 -800000 0 2039 -800000 1
gene 2 1 500 53433 0 2133 53433 1
gene 2 3 433 -421059 0 2628 -421059 0
gene 1 516 516 -452886 1 2664 -452886 1
gene 3 8 1018 738246 0 2997 738246 1
gene 3 1018 121 -132180 0 2998 -132180 0
gene 3 15 433 148929 0 3156 148929 0
gene 1 10 1130 215547 0 3329 215547 1
gene 1 1130 14 95915 0 3330 95915 1
gene 3 500 697 -173508 0 3371 -173508 1
gene 2 3 516 -257256 0 3603 -257256 1
gene 2 9 1323 -259860 0 3885 -259860 0
gene 2 1323 14 -800000 0 3886 -800000 1
gene 3 433 433 -81345 1 3983 -81345 1
gene 2 11 1444 -92361 0 4228 -92361 1
gene 2 1444 15 150684 0 4229 150684 1
gene 2 3 1456 -192324 0 4260 -192324 1
gene 2 1456 433 -271044 0 4261 -271044 1
gene 2 11 1478 800000 0 4321 800000 1
gene 2 1478 13 800000 0 4322 800000 1
gene 3 15 1522 -174636 0 4452 -174636 1
gene 3 1522 433 40860 0 4453 40860 1
gene 4 1 1478 -76860 0 4666 -76860 1
gene 4 3 1664 -153936 0 4893 -153936 1
gene 4 1664 14 -468783 0 4894 -468783 1
gene 1 697 1018 -150589 0 5040 -150589 1
gene 1 8 1787 264364 0 5250 264364 1
gene 1 1787 516 399881 0 5251 399881 1
gene 1 6 1805 -36144 0 5296 -36144 1
gene 1 1805 15 175086 0 5297 175086 1
gene 2 9 1850 182583 0 5426 182583 1
gene 2 1850 1323 -420690 0 5427 -420690 1
gene 1 13 1787 -23722 0 5463 -23722 1
genomeend 14


/* Organism #22 Fitness: 200.000000 Time: 0 */
/* Position #22*/
#1 x: 72 y: 15
#2 x: 63 y: 33
#3 x: 35 y: 29
#4 x: 32 y: 61
#5 x: 85 y: 74
#6 x: 27 y: 72
genomestart 22
trait 1 1.000000 0.000000 0.000000 0.000000 22478.000000 82485.000000 7536.000000 0.000000 trait 2 2.000000 0.000000 0.000000 0.000000 0.000000 0.000000 0.000000 0.000000 trait 3 24073.000000 0.000000 15431.000000 0.000000 40954.000000 100000.000000 0.000000 0.000000 trait 4 6172.000000 0.000000 0.000000 0.000000 12691.000000 0.000000 36386.000000 0.000000 node 1 1 1 3
node 2 3 1 1
node 3 3 1 1
node 4 2 1 1
node 5 4 1 1
node 6 1 1 1
node 7 3 1 1
node 8 3 1 1
node 9 1 1 1
node 10 2 1 1
node 11 4 1 1
node 12 2 1 1
node 13 3 0 2
node 14 4 0 2
node 15 3 0 2
node 21 4 0 0
node 92 1 0 0
node 122 1 0 0
node 148 1 0 0
node 287 1 0 0
node 387 1 0 0
node 403 1 0 0
node 417 1 0 0
node 489 1 0 0
node 504 1 0 0
node 573 1 0 0
node 664 1 0 0
node 761 1 0 0
node 823 1 0 0
node 846 1 0 0
node 993 1 0 0
node 1053 1 0 0
node 1148 1 0 0
node 1211 1 0 0
node 1289 4 0 0
node 1308 1 0 0
node 1326 1 0 0
node 1442 1 0 0
node 1553 1 0 0
node 1588 1 0 0
node 1602 1 0 0
node 1674 1 0 0
node 1724 1 0 0
gene 4 1 13 -140058 0 1 -140058 1
gene 3 2 13 265602 0 2 265602 1
gene 3 3 13 -706293 0 3 -706293 1
gene 3 4 13 -726429 0 4 -726429 1
gene 4 5 13 -675444 0 5 -675444 0
gene 1 6 13 -53193 0 6 -53193 1
gene 1 7 13 751136 0 7 751136 1
gene 2 8 13 -80262 0 8 -80262 1
gene 1 9 13 -299486 0 9 -299486 0
gene 2 10 13 283686 0 10 283686 0
gene 1 11 13 251367 0 11 251367 1
gene 3 12 13 -133095 0 12 -133095 0
gene 3 1 14 -353568 0 13 -353568 1
gene 4 2 14 -366966 0 14 -366966 1
gene 4 3 14 67920 0 15 67920 1
gene 1 4 14 -800000 0 16 -800000 1
gene 2 5 14 -193254 0 17 -193254 1
gene 4 6 14 -800000 0 18 -800000 0
gene 2 7 14 605082 0 19 605082 1
gene 1 8 14 271614 0 20 271614 1
gene 1 9 14 239859 0 21 239859 1
gene 4 10 14 30633 0 22 30633 0
gene 4 11 14 383946 0 23 383946 0
gene 1 12 14 -1434 0 24 -1434 0
gene 2 1 15 -4695 0 25 -4695 1
gene 4 2 15 -363317 0 26 -363317 1
gene 1 3 15 233775 0 27 233775 1
gene 3 4 15 21804 0 28 21804 1
gene 2 5 15 -521811 0 29 -521811 1
gene 3 6 15 -259644 0 30 -259644 0
gene 2 7 15 654510 0 31 654510 1
gene 4 8 15 -487701 0 32 -487701 1
gene 4 9 15 -507303 0 33 -507303 0
gene 2 10 15 -765633 0 34 -765633 0
gene 2 11 15 623931 0 35 623931 0
gene 2 12 15 32700 0 36 32700 1
gene 4 9 21 -632685 0 49 -632685 0
gene 1 21 13 13935 0 50 13935 0
gene 3 6 92 -186411 0 235 -186411 1
gene 3 92 15 538341 0 236 538341 1
gene 4 5 122 380892 0 332 380892 1
gene 4 122 13 -282219 0 333 -282219 1
gene 2 11 148 766436 0 403 766436 0
gene 2 148 15 -780321 0 404 -780321 1
gene 3 9 148 -472746 0 557 -472746 0
gene 2 92 122 235872 0 768 235872 1
gene 2 10 287 154794 0 834 154794 1
gene 2 287 15 212604 0 835 212604 1
gene 3 21 287 -109635 0 900 -109635 1
gene 2 3 287 -800000 0 1053 -800000 0
gene 3 1 122 221493 0 1085 221493 1
gene 2 11 387 -106227 0 1138 -106227 1
gene 2 387 148 121806 0 1139 121806 0
gene 3 12 403 -781449 0 1185 -781449 0
gene 3 403 13 -297840 0 1186 -297840 0
gene 4 10 417 -288084 0 1231 -288084 1
gene 4 417 14 67194 0 1232 67194 1
gene 2 3 489 468276 0 1426 468276 1
gene 2 489 287 611984 0 1427 611984 1
gene 4 9 504 -42933 0 1465 -42933 0
gene 4 504 15 9420 0 1466 9420 0
gene 3 403 573 -339495 0 1680 -339495 0
gene 3 573 13 -800000 0 1681 -800000 1
gene 3 403 664 22791 0 1944 22791 1
gene 3 664 573 -75660 0 1945 -75660 1
gene 3 403 403 -164106 1 2179 -164106 1
gene 1 21 761 -469869 0 2220 -469869 1
gene 1 761 13 -800000 0 2221 -800000 0
gene 3 403 21 524613 0 2307 524613 1
gene 3 12 823 576758 0 2416 576758 1
gene 3 823 14 -215613 0 2417 -215613 1
gene 4 504 846 -372723 0 2497 -372723 1
gene 4 846 15 543672 0 2498 543672 1
gene 2 573 92 -793457 0 2714 -793457 1
gene 4 11 993 620136 0 2928 620136 1
gene 4 993 14 588060 0 2929 588060 0
gene 4 9 1053 124041 0 3107 124041 1
gene 4 1053 21 570888 0 3108 570888 1
gene 4 993 1148 -403937 0 3382 -403937 1
gene 4 1148 14 -800000 0 3383 -800000 0
gene 3 1148 21 176232 0 3428 176232 1
gene 2 10 1211 73533 0 3562 73533 1
gene 2 1211 13 -687966 0 3563 -687966 0
gene 2 387 1289 274050 0 3776 274050 0
gene 2 1289 148 290724 0 3777 290724 1
gene 4 9 1308 -800000 0 3841 -800000 1
gene 4 1308 504 100914 0 3842 100914 1
gene 3 12 1326 74724 0 3895 74724 1
gene 3 1326 403 719859 0 3896 719859 1
gene 1 761 1442 -393417 0 4224 -393417 1
gene 1 1442 13 307086 0 4225 307086 1
gene 4 1148 1553 -243933 0 4540 -243933 1
gene 4 1553 14 -94809 0 4541 -94809 1
gene 2 387 1588 736140 0 4659 736140 1
gene 2 1588 1289 253062 0 4660 253062 1
gene 3 9 1602 -100611 0 4709 -100611 1
gene 3 1602 148 138207 0 4710 138207 1
gene 4 6 1674 229380 0 4921 229380 1
gene 4 1674 14 -330126 0 4922 -330126 1
gene 4 504 504 -70266 1 4975 -70266 1
gene 4 11 1326 -251496 0 5023 -251496 1
gene 2 1211 1724 134722 0 5072 134722 1
gene 2 1724 13 -25755 0 5073 -25755 1
gene 2 1053 993 -177488 0 5260 -177488 1
gene 4 387 823 -31776 0 5351 -31776 1
gene 4 573 489 90159 0 5523 90159 1
genomeend 22


/* Organism #32 Fitness: 250.000000 Time: 0 */
/* Position #32*/
#1 x: 41 y: 16
#2 x: 51 y: 32
#3 x: 21 y: 21
#4 x: 55 y: 82
#5 x: 53 y: 69
#6 x: 17 y: 63
genomestart 32
trait 1 43007.000000 16300.000000 0.000000 0.000000 0.000000 0.000000 87908.000000 0.000000 trait 2 0.000000 37401.000000 0.000000 0.000000 0.000000 0.000000 0.000000 0.000000 trait 3 0.000000 0.000000 0.000000 0.000000 0.000000 13538.000000 70969.000000 0.000000 trait 4 4.000000 0.000000 0.000000 0.000000 0.000000 0.000000 0.000000 37957.000000 node 1 4 1 3
node 2 4 1 1
node 3 1 1 1
node 4 1 1 1
node 5 1 1 1
node 6 2 1 1
node 7 4 1 1
node 8 4 1 1
node 9 2 1 1
node 10 1 1 1
node 11 2 1 1
node 12 4 1 1
node 13 2 0 2
node 14 1 0 2
node 15 3 0 2
node 121 2 0 0
node 235 1 0 0
node 384 1 0 0
node 420 1 0 0
node 433 1 0 0
node 461 1 0 0
node 500 1 0 0
node 516 1 0 0
node 697 1 0 0
node 1018 1 0 0
node 1130 1 0 0
node 1382 1 0 0
node 1492 1 0 0
node 1707 1 0 0
node 1766 1 0 0
node 1815 1 0 0
gene 2 1 13 800000 0 1 800000 1
gene 3 2 13 -789674 0 2 -789674 1
gene 2 3 13 -800000 0 3 -800000 1
gene 1 4 13 57999 0 4 57999 1
gene 2 5 13 -517265 0 5 -517265 1
gene 4 6 13 174186 0 6 174186 1
gene 3 7 13 -307028 0 7 -307028 1
gene 2 8 13 -607175 0 8 -607175 1
gene 3 9 13 171978 0 9 171978 1
gene 2 10 13 -303528 0 10 -303528 0
gene 2 11 13 593103 0 11 593103 1
gene 4 12 13 -74646 0 12 -74646 1
gene 2 1 14 157752 0 13 157752 1
gene 2 2 14 670758 0 14 670758 1
gene 4 3 14 7953 0 15 7953 0
gene 4 4 14 444522 0 16 444522 0
gene 4 5 14 -517059 0 17 -517059 1
gene 3 6 14 331839 0 18 331839 1
gene 2 7 14 -663084 0 19 -663084 1
gene 1 8 14 -714654 0 20 -714654 0
gene 2 9 14 286911 0 21 286911 1
gene 1 10 14 17895 0 22 17895 0
gene 1 11 14 -174438 0 23 -174438 1
gene 2 12 14 712799 0 24 712799 1
gene 3 1 15 -342201 0 25 -342201 1
gene 3 2 15 342540 0 26 342540 1
gene 3 3 15 136198 0 27 136198 0
gene 3 4 15 -98049 0 28 -98049 0
gene 3 5 15 117804 0 29 117804 1
gene 1 6 15 -117567 0 30 -117567 1
gene 3 7 15 -213123 0 31 -213123 0
gene 3 8 15 -633384 0 32 -633384 1
gene 3 9 15 -230487 0 33 -230487 1
gene 4 10 15 -273651 0 34 -273651 0
gene 2 11 15 800000 0 35 800000 1
gene 4 12 15 49416 0 36 49416 1
gene 4 15 15 725966 1 174 725966 0
gene 3 8 121 28992 0 329 28992 0
gene 3 121 15 229266 0 330 229266 1
gene 2 5 121 -397878 0 438 -397878 1
gene 2 7 121 -543378 0 483 -543378 1
gene 4 4 235 70962 0 666 70962 1
gene 4 235 14 131259 0 667 131259 1
gene 1 1 235 347844 0 753 347844 1
gene 1 9 235 -245000 0 1108 -245000 1
gene 3 10 384 227523 0 1126 227523 0
gene 3 384 15 -800000 0 1127 -800000 0
gene 2 14 14 -120307 1 1197 -120307 1
gene 3 7 420 -546162 0 1239 -546162 0
gene 3 420 15 -414284 0 1240 -414284 1
gene 3 2 433 243636 0 1284 243636 1
gene 3 433 13 -166170 0 1285 -166170 1
gene 4 3 461 -9528 0 1352 -9528 1
gene 4 461 14 -758736 0 1353 -758736 1
gene 4 15 500 -725759 1 1453 -725759 1
gene 4 500 15 -261237 0 1454 -261237 1
gene 1 8 516 -709878 0 1500 -709878 1
gene 1 516 14 -76743 0 1501 -76743 1
gene 1 384 121 513014 0 1548 513014 1
gene 2 8 461 -272250 0 1965 -272250 1
gene 3 3 697 -326637 0 2038 -326637 1
gene 3 697 15 -140400 0 2039 -140400 1
gene 2 1 500 -770849 0 2133 -770849 1
gene 2 3 433 563637 0 2628 563637 1
gene 1 516 516 -34980 1 2664 -34980 1
gene 3 8 1018 -23919 0 2997 -23919 1
gene 3 1018 121 -514362 0 2998 -514362 0
gene 3 15 433 -133065 0 3156 -133065 1
gene 1 10 1130 756129 0 3329 756129 1
gene 1 1130 14 -120093 0 3330 -120093 1
gene 3 500 697 125700 0 3371 125700 1
gene 2 3 516 -114258 0 3603 -114258 1
gene 3 10 1382 267384 0 4057 267384 1
gene 3 1382 384 -392568 0 4058 -392568 1
gene 1 10 697 -326081 0 4142 -326081 1
gene 2 461 1382 91245 0 4242 91245 1
gene 3 433 433 235143 1 4307 235143 1
gene 3 7 1492 374973 0 4362 374973 1
gene 3 1492 420 225900 0 4363 225900 1
gene 3 3 1382 163815 0 4726 163815 1
gene 1 1018 697 -250005 0 4889 -250005 1
gene 4 3 1707 -289026 0 5024 -289026 1
gene 4 1707 14 20598 0 5025 20598 1
gene 1 13 13 -195288 1 5075 -195288 1
gene 3 4 1766 125892 0 5191 125892 1
gene 3 1766 15 186666 0 5192 186666 1
gene 2 10 1815 168580 0 5323 168580 1
gene 2 1815 13 127896 0 5324 127896 1
genomeend 32


/* Organism #38 Fitness: 400.000000 Time: 0 */
/* Position #38*/
#1 x: 15 y: 30
#2 x: 66 y: 16
#3 x: 46 y: 22
#4 x: 70 y: 66
#5 x: 52 y: 60
#6 x: 44 y: 66
genomestart 38
trait 1 43007.000000 16300.000000 0.000000 0.000000 0.000000 0.000000 87908.000000 0.000000 trait 2 2.000000 0.000000 0.000000 0.000000 0.000000 0.000000 0.000000 0.000000 trait 3 0.000000 0.000000 0.000000 51304.000000 0.000000 13538.000000 70969.000000 30146.000000 trait 4 4.000000 0.000000 0.000000 0.000000 0.000000 0.000000 0.000000 37957.000000 node 1 4 1 3
node 2 4 1 1
node 3 1 1 1
node 4 1 1 1
node 5 1 1 1
node 6 2 1 1
node 7 4 1 1
node 8 4 1 1
node 9 2 1 1
node 10 1 1 1
node 11 2 1 1
node 12 4 1 1
node 13 2 0 2
node 14 1 0 2
node 15 3 0 2
node 121 1 0 0
node 235 1 0 0
node 384 1 0 0
node 420 1 0 0
node 433 1 0 0
node 461 1 0 0
node 500 1 0 0
node 516 1 0 0
node 697 1 0 0
node 1018 1 0 0
node 1130 1 0 0
node 1323 1 0 0
node 1393 1 0 0
node 1479 1 0 0
node 1531 1 0 0
node 1683 1 0 0
node 1734 1 0 0
gene 2 1 13 800000 0 1 800000 1
gene 3 2 13 -326523 0 2 -326523 1
gene 2 3 13 -48399 0 3 -48399 1
gene 3 4 13 549945 0 4 549945 1
gene 2 5 13 3888 0 5 3888 1
gene 4 6 13 193617 0 6 193617 1
gene 3 7 13 225996 0 7 225996 1
gene 2 8 13 -374934 0 8 -374934 0
gene 3 9 13 346701 0 9 346701 1
gene 2 10 13 10266 0 10 10266 1
gene 2 11 13 -8400 0 11 -8400 1
gene 4 12 13 -317912 0 12 -317912 1
gene 2 1 14 110304 0 13 110304 1
gene 2 2 14 598032 0 14 598032 1
gene 4 3 14 44964 0 15 44964 1
gene 4 4 14 157248 0 16 157248 0
gene 4 5 14 -108345 0 17 -108345 1
gene 3 6 14 527544 0 18 527544 1
gene 2 7 14 100422 0 19 100422 1
gene 1 8 14 -79239 0 20 -79239 0
gene 2 9 14 -460059 0 21 -460059 0
gene 1 10 14 -269277 0 22 -269277 0
gene 1 11 14 99060 0 23 99060 0
gene 4 12 14 74742 0 24 74742 1
gene 3 1 15 -102018 0 25 -102018 1
gene 3 2 15 420897 0 26 420897 1
gene 3 3 15 29835 0 27 29835 0
gene 3 4 15 -92898 0 28 -92898 1
gene 3 5 15 -195402 0 29 -195402 1
gene 1 6 15 -333870 0 30 -333870 1
gene 3 7 15 800000 0 31 800000 0
gene 3 8 15 797444 0 32 797444 1
gene 3 9 15 794637 0 33 794637 1
gene 3 10 15 21828 0 34 21828 0
gene 2 11 15 213381 0 35 213381 1
gene 4 12 15 -788280 0 36 -788280 0
gene 4 15 15 -14913 1 174 -14913 0
gene 3 8 121 -163518 0 329 -163518 0
gene 3 121 15 -3090 0 330 -3090 1
gene 2 5 121 148062 0 438 148062 1
gene 2 7 121 -22086 0 483 -22086 1
gene 4 4 235 -414555 0 666 -414555 1
gene 4 235 14 -723608 0 667 -723608 1
gene 1 1 235 -132720 0 753 -132720 1
gene 1 9 235 169275 0 1108 169275 1
gene 3 10 384 -385566 0 1126 -385566 1
gene 3 384 15 79911 0 1127 79911 0
gene 2 14 14 235101 1 1197 235101 1
gene 3 7 420 -279441 0 1239 -279441 1
gene 3 420 15 -151635 0 1240 -151635 1
gene 3 2 433 -67365 0 1284 -67365 1
gene 3 433 13 81336 0 1285 81336 1
gene 4 3 461 2859 0 1352 2859 1
gene 4 461 14 -311661 0 1353 -311661 1
gene 4 15 500 69243 1 1453 69243 1
gene 4 500 15 127599 0 1454 127599 1
gene 1 8 516 234621 0 1500 234621 1
gene 1 516 14 -85110 0 1501 -85110 1
gene 1 384 121 173958 0 1548 173958 1
gene 2 8 461 106464 0 1965 106464 1
gene 3 3 697 12783 0 2038 12783 1
gene 3 697 15 -576464 0 2039 -576464 1
gene 2 1 500 334992 0 2133 334992 1
gene 1 3 433 95934 0 2628 95934 1
gene 1 516 516 -163737 1 2664 -163737 1
gene 3 8 1018 584297 0 2997 584297 1
gene 3 1018 121 -158649 0 2998 -158649 0
gene 3 15 433 152229 0 3156 152229 1
gene 1 10 1130 327558 0 3329 327558 1
gene 1 1130 14 -16362 0 3330 -16362 1
gene 3 500 697 204873 0 3371 204873 1
gene 2 3 516 98964 0 3603 98964 1
gene 2 9 1323 358407 0 3885 358407 0
gene 2 1323 14 -56604 0 3886 -56604 0
gene 2 121 420 38262 0 3959 38262 1
gene 2 8 1393 -156198 0 4093 -156198 1
gene 2 1393 13 80046 0 4094 80046 1
gene 1 11 1479 -800000 0 4325 -800000 1
gene 1 1479 14 -241650 0 4326 -241650 1
gene 4 12 1531 -365181 0 4477 -365181 1
gene 4 1531 15 -122784 0 4478 -122784 1
gene 3 1393 433 375908 0 4734 375908 1
gene 2 1323 1683 -33453 0 4950 -33453 1
gene 2 1683 14 -63003 0 4951 -63003 1
gene 2 9 1734 69591 0 5099 69591 1
gene 2 1734 1323 210903 0 5100 210903 1
gene 1 5 1531 -46172 0 5504 -46172 1
gene 2 1323 461 50060 0 5534 50060 1
genomeend 38


/* Organism #40 Fitness: 300.000000 Time: 0 */
/* Position #40*/
#1 x: 79 y: 17
#2 x: 84 y: 28
#3 x: 49 y: 25
#4 x: 24 y: 78
#5 x: 48 y: 84
#6 x: 52 y: 78
genomestart 40
trait 1 43007.000000 16300.000000 0.000000 0.000000 0.000000 0.000000 87908.000000 0.000000 trait 2 2.000000 0.000000 0.000000 0.000000 0.000000 0.000000 0.000000 0.000000 trait 3 0.000000 0.000000 0.000000 51304.000000 0.000000 13538.000000 70969.000000 30146.000000 trait 4 4.000000 0.000000 0.000000 0.000000 0.000000 0.000000 0.000000 37957.000000 node 1 4 1 3
node 2 4 1 1
node 3 1 1 1
node 4 1 1 1
node 5 1 1 1
node 6 2 1 1
node 7 4 1 1
node 8 4 1 1
node 9 2 1 1
node 10 1 1 1
node 11 2 1 1
node 12 4 1 1
node 13 2 0 2
node 14 1 0 2
node 15 3 0 2
node 121 1 0 0
node 235 1 0 0
node 384 1 0 0
node 420 1 0 0
node 433 1 0 0
node 461 1 0 0
node 500 1 0 0
node 516 1 0 0
node 697 1 0 0
node 1018 1 0 0
node 1130 1 0 0
node 1323 1 0 0
node 1393 1 0 0
node 1479 1 0 0
node 1531 1 0 0
node 1683 1 0 0
node 1734 1 0 0
gene 2 1 13 800000 0 1 800000 1
gene 3 2 13 -326523 0 2 -326523 1
gene 2 3 13 -48399 0 3 -48399 1
gene 3 4 13 549945 0 4 549945 1
gene 2 5 13 3888 0 5 3888 1
gene 4 6 13 193617 0 6 193617 1
gene 3 7 13 225996 0 7 225996 1
gene 2 8 13 -374934 0 8 -374934 0
gene 3 9 13 346701 0 9 346701 1
gene 2 10 13 10266 0 10 10266 1
gene 2 11 13 -8400 0 11 -8400 1
gene 4 12 13 -317912 0 12 -317912 1
gene 2 1 14 110304 0 13 110304 1
gene 2 2 14 598032 0 14 598032 1
gene 4 3 14 44964 0 15 44964 1
gene 4 4 14 157248 0 16 157248 0
gene 4 5 14 -108345 0 17 -108345 1
gene 3 6 14 527544 0 18 527544 1
gene 2 7 14 100422 0 19 100422 1
gene 1 8 14 -79239 0 20 -79239 0
gene 2 9 14 -460059 0 21 -460059 0
gene 1 10 14 -269277 0 22 -269277 0
gene 1 11 14 99060 0 23 99060 0
gene 4 12 14 74742 0 24 74742 1
gene 3 1 15 -102018 0 25 -102018 1
gene 3 2 15 420897 0 26 420897 1
gene 3 3 15 29835 0 27 29835 0
gene 3 4 15 -92898 0 28 -92898 1
gene 3 5 15 -195402 0 29 -195402 1
gene 1 6 15 -333870 0 30 -333870 1
gene 3 7 15 800000 0 31 800000 0
gene 3 8 15 797444 0 32 797444 1
gene 3 9 15 794637 0 33 794637 1
gene 3 10 15 21828 0 34 21828 0
gene 2 11 15 213381 0 35 213381 1
gene 4 12 15 -788280 0 36 -788280 0
gene 4 15 15 -14913 1 174 -14913 0
gene 3 8 121 -163518 0 329 -163518 0
gene 3 121 15 -3090 0 330 -3090 1
gene 2 5 121 148062 0 438 148062 1
gene 2 7 121 -22086 0 483 -22086 1
gene 4 4 235 -414555 0 666 -414555 1
gene 4 235 14 -723608 0 667 -723608 1
gene 1 1 235 -132720 0 753 -132720 1
gene 1 9 235 169275 0 1108 169275 1
gene 3 10 384 -385566 0 1126 -385566 1
gene 3 384 15 79911 0 1127 79911 0
gene 2 14 14 235101 1 1197 235101 1
gene 3 7 420 -279441 0 1239 -279441 1
gene 3 420 15 -151635 0 1240 -151635 1
gene 3 2 433 -67365 0 1284 -67365 1
gene 3 433 13 81336 0 1285 81336 1
gene 4 3 461 2859 0 1352 2859 1
gene 4 461 14 -311661 0 1353 -311661 1
gene 4 15 500 69243 1 1453 69243 1
gene 4 500 15 127599 0 1454 127599 1
gene 1 8 516 234621 0 1500 234621 1
gene 1 516 14 -85110 0 1501 -85110 1
gene 1 384 121 173958 0 1548 173958 1
gene 2 8 461 106464 0 1965 106464 1
gene 3 3 697 12783 0 2038 12783 1
gene 3 697 15 -576464 0 2039 -576464 1
gene 2 1 500 334992 0 2133 334992 1
gene 1 3 433 95934 0 2628 95934 1
gene 1 516 516 -163737 1 2664 -163737 1
gene 3 8 1018 584297 0 2997 584297 1
gene 3 1018 121 -158649 0 2998 -158649 0
gene 3 15 433 152229 0 3156 152229 1
gene 1 10 1130 327558 0 3329 327558 1
gene 1 1130 14 -16362 0 3330 -16362 1
gene 3 500 697 204873 0 3371 204873 1
gene 2 3 516 98964 0 3603 98964 1
gene 2 9 1323 358407 0 3885 358407 0
gene 2 1323 14 -56604 0 3886 -56604 0
gene 2 121 420 38262 0 3959 38262 1
gene 2 8 1393 -156198 0 4093 -156198 1
gene 2 1393 13 80046 0 4094 80046 1
gene 1 11 1479 -800000 0 4325 -800000 1
gene 1 1479 14 -241650 0 4326 -241650 1
gene 4 12 1531 -365181 0 4477 -365181 1
gene 4 1531 15 -122784 0 4478 -122784 1
gene 3 1393 433 375908 0 4734 375908 1
gene 2 1323 1683 -33453 0 4950 -33453 1
gene 2 1683 14 -63003 0 4951 -63003 1
gene 2 9 1734 69591 0 5099 69591 1
gene 2 1734 1323 210903 0 5100 210903 1
gene 1 5 1531 -46172 0 5504 -46172 1
gene 3 235 1734 -40363 0 5535 -40363 1
genomeend 40


/* Organism #58 Fitness: 370.000000 Time: 0 */
/* Position #58*/
#1 x: 32 y: 23
#2 x: 74 y: 29
#3 x: 52 y: 29
#4 x: 28 y: 84
#5 x: 72 y: 68
#6 x: 85 y: 60
genomestart 58
trait 1 52218.000000 0.000000 0.000000 0.000000 0.000000 95735.000000 83802.000000 0.000000 trait 2 22871.000000 0.000000 0.000000 0.000000 0.000000 0.000000 0.000000 15075.000000 trait 3 100000.000000 0.000000 0.000000 70706.000000 44304.000000 84965.000000 41453.000000 0.000000 trait 4 4.000000 0.000000 0.000000 0.000000 0.000000 0.000000 0.000000 82309.000000 node 1 1 1 3
node 2 3 1 1
node 3 4 1 1
node 4 2 1 1
node 5 4 1 1
node 6 1 1 1
node 7 1 1 1
node 8 3 1 1
node 9 1 1 1
node 10 2 1 1
node 11 4 1 1
node 12 2 1 1
node 13 3 0 2
node 14 4 0 2
node 15 2 0 2
node 21 4 0 0
node 92 1 0 0
node 122 4 0 0
node 148 1 0 0
node 287 1 0 0
node 387 1 0 0
node 403 1 0 0
node 417 1 0 0
node 489 1 0 0
node 504 1 0 0
node 558 1 0 0
node 615 2 0 0
node 895 1 0 0
node 1002 2 0 0
node 1034 1 0 0
node 1085 1 0 0
node 1375 1 0 0
node 1434 1 0 0
node 1449 1 0 0
node 1508 1 0 0
node 1587 1 0 0
node 1696 1 0 0
node 1733 1 0 0
node 1843 1 0 0
gene 4 1 13 -800000 0 1 -800000 1
gene 1 2 13 -90381 0 2 -90381 0
gene 3 3 13 264384 0 3 264384 1
gene 3 4 13 766854 0 4 766854 1
gene 4 5 13 -237765 0 5 -237765 0
gene 1 6 13 -174528 0 6 -174528 1
gene 1 7 13 27285 0 7 27285 0
gene 2 8 13 -210714 0 8 -210714 1
gene 1 9 13 -128841 0 9 -128841 1
gene 2 10 13 -153051 0 10 -153051 1
gene 1 11 13 382629 0 11 382629 0
gene 3 12 13 131877 0 12 131877 0
gene 1 1 14 -372897 0 13 -372897 1
gene 4 2 14 -732525 0 14 -732525 1
gene 4 3 14 423695 0 15 423695 1
gene 1 4 14 71220 0 16 71220 0
gene 2 5 14 -250932 0 17 -250932 1
gene 4 6 14 345771 0 18 345771 1
gene 2 7 14 -213984 0 19 -213984 0
gene 1 8 14 -396110 0 20 -396110 1
gene 1 9 14 -242229 0 21 -242229 1
gene 4 10 14 432810 0 22 432810 1
gene 4 11 14 800000 0 23 800000 1
gene 3 12 14 444114 0 24 444114 1
gene 2 1 15 800000 0 25 800000 1
gene 4 2 15 71518 0 26 71518 1
gene 1 3 15 800000 0 27 800000 1
gene 3 4 15 800000 0 28 800000 1
gene 2 5 15 314990 0 29 314990 1
gene 3 6 15 221646 0 30 221646 0
gene 4 7 15 -4776 0 31 -4776 1
gene 4 8 15 -384840 0 32 -384840 1
gene 4 9 15 -45744 0 33 -45744 1
gene 2 10 15 -600972 0 34 -600972 0
gene 2 11 15 128580 0 35 128580 0
gene 2 12 15 47391 0 36 47391 1
gene 1 9 21 526175 0 49 526175 1
gene 1 21 13 170855 0 50 170855 0
gene 3 6 92 -192449 0 235 -192449 1
gene 3 92 15 -17355 0 236 -17355 0
gene 4 5 122 -270744 0 332 -270744 1
gene 4 122 13 -174156 0 333 -174156 1
gene 2 11 148 -7512 0 403 -7512 0
gene 2 148 15 -126369 0 404 -126369 0
gene 3 9 148 2331 0 557 2331 0
gene 2 92 122 515172 0 768 515172 0
gene 2 10 287 564969 0 834 564969 1
gene 2 287 15 365322 0 835 365322 1
gene 3 21 287 -767600 0 900 -767600 1
gene 2 3 287 -168099 0 1053 -168099 0
gene 3 1 122 -228510 0 1085 -228510 1
gene 2 11 387 -800000 0 1138 -800000 1
gene 2 387 148 -231570 0 1139 -231570 1
gene 3 12 403 -800000 0 1185 -800000 1
gene 2 403 13 -218628 0 1186 -218628 0
gene 4 10 417 520713 0 1231 520713 1
gene 4 417 14 -186693 0 1232 -186693 0
gene 2 3 489 -800000 0 1426 -800000 1
gene 2 489 287 497087 0 1427 497087 1
gene 4 9 504 178755 0 1465 178755 1
gene 4 504 15 -136422 0 1466 -136422 1
gene 2 92 558 683060 0 1629 683060 1
gene 2 558 122 549276 0 1630 549276 1
gene 4 417 417 253521 1 1661 253521 1
gene 3 504 92 -302274 0 1702 -302274 1
gene 3 9 615 460548 0 1803 460548 1
gene 3 615 148 -74481 0 1804 -74481 1
gene 2 10 489 185979 0 1859 185979 1
gene 4 417 558 319415 0 1967 319415 1
gene 1 1 558 -91341 0 2066 -91341 1
gene 1 21 895 -624858 0 2645 -624858 1
gene 1 895 13 -116043 0 2646 -116043 1
gene 3 558 21 -439785 0 2753 -439785 1
gene 3 10 21 77262 0 2794 77262 1
gene 2 148 1002 -127212 0 2952 -127212 1
gene 2 1002 15 -800000 0 2953 -800000 1
gene 2 7 1034 241617 0 3057 241617 1
gene 2 1034 14 -103011 0 3058 -103011 1
gene 1 7 1085 -31083 0 3202 -31083 1
gene 1 1085 13 198231 0 3203 198231 1
gene 4 21 21 -756585 1 3304 -756585 1
gene 2 1034 615 -213312 0 3486 -213312 1
gene 2 122 1002 166209 0 3824 166209 1
gene 1 4 1375 289668 0 4037 289668 0
gene 1 1375 14 -419256 0 4038 -419256 1
gene 1 21 1434 141720 0 4190 141720 1
gene 1 1434 13 -143649 0 4191 -143649 1
gene 4 417 1449 800000 0 4240 800000 1
gene 4 1449 14 -11865 0 4241 -11865 1
gene 1 15 1449 -50688 0 4303 -50688 1
gene 2 92 417 -68283 0 4361 -68283 1
gene 1 11 1508 31041 0 4413 31041 1
gene 1 1508 13 -357519 0 4414 -357519 1
gene 3 15 15 137460 1 4476 137460 1
gene 1 4 1587 190918 0 4647 190918 1
gene 1 1587 1375 -405366 0 4648 -405366 1
gene 1 122 122 225240 1 4941 225240 1
gene 2 403 1696 202638 0 4983 202638 1
gene 2 1696 13 108123 0 4984 108123 1
gene 3 92 1733 -416009 0 5097 -416009 1
gene 3 1733 15 30732 0 5098 30732 1
gene 4 387 387 390177 1 5136 390177 0
gene 3 504 558 -134403 0 5311 -134403 1
gene 1 1733 14 256835 0 5363 256835 1
gene 4 387 1843 -271091 1 5407 -271091 1
gene 4 1843 387 634329 0 5408 634329 1
genomeend 58


/* Organism #66 Fitness: 200.000000 Time: 0 */
/* Position #66*/
#1 x: 23 y: 23
#2 x: 50 y: 29
#3 x: 28 y: 17
#4 x: 55 y: 83
#5 x: 61 y: 81
#6 x: 65 y: 76
genomestart 66
trait 1 0.000000 0.000000 0.000000 0.000000 22478.000000 100000.000000 7536.000000 0.000000 trait 2 2.000000 0.000000 0.000000 0.000000 0.000000 0.000000 0.000000 0.000000 trait 3 24073.000000 0.000000 15431.000000 0.000000 40954.000000 100000.000000 0.000000 0.000000 trait 4 79571.000000 0.000000 0.000000 79415.000000 12691.000000 0.000000 36386.000000 0.000000 node 1 1 1 3
node 2 3 1 1
node 3 3 1 1
node 4 2 1 1
node 5 4 1 1
node 6 3 1 1
node 7 3 1 1
node 8 3 1 1
node 9 1 1 1
node 10 2 1 1
node 11 4 1 1
node 12 2 1 1
node 13 3 0 2
node 14 4 0 2
node 15 3 0 2
node 21 4 0 0
node 92 1 0 0
node 122 1 0 0
node 148 1 0 0
node 287 1 0 0
node 387 1 0 0
node 403 1 0 0
node 417 1 0 0
node 489 1 0 0
node 504 1 0 0
node 573 1 0 0
node 664 1 0 0
node 761 1 0 0
node 823 1 0 0
node 846 1 0 0
node 993 1 0 0
node 1053 1 0 0
node 1148 1 0 0
node 1211 1 0 0
node 1289 4 0 0
node 1308 1 0 0
node 1326 1 0 0
node 1442 1 0 0
node 1553 1 0 0
node 1588 1 0 0
node 1602 1 0 0
node 1670 1 0 0
node 1761 1 0 0
gene 4 1 13 -629564 0 1 -629564 1
gene 3 2 13 -113196 0 2 -113196 1
gene 3 3 13 -472818 0 3 -472818 1
gene 3 4 13 -620724 0 4 -620724 1
gene 4 5 13 256116 0 5 256116 0
gene 1 6 13 -241932 0 6 -241932 1
gene 1 7 13 800000 0 7 800000 1
gene 2 8 13 567684 0 8 567684 1
gene 1 9 13 -621512 0 9 -621512 0
gene 2 10 13 -345029 0 10 -345029 0
gene 1 11 13 114393 0 11 114393 1
gene 3 12 13 -800000 0 12 -800000 0
gene 3 1 14 -287232 0 13 -287232 1
gene 4 2 14 42189 0 14 42189 1
gene 4 3 14 35565 0 15 35565 1
gene 1 4 14 -191121 0 16 -191121 1
gene 2 5 14 -190614 0 17 -190614 1
gene 4 6 14 -5484 0 18 -5484 1
gene 2 7 14 -124368 0 19 -124368 1
gene 1 8 14 -44676 0 20 -44676 1
gene 1 9 14 -408081 0 21 -408081 1
gene 4 10 14 -252906 0 22 -252906 0
gene 4 11 14 349380 0 23 349380 0
gene 1 12 14 -371055 0 24 -371055 0
gene 2 1 15 -9027 0 25 -9027 1
gene 4 2 15 46617 0 26 46617 1
gene 1 3 15 -177477 0 27 -177477 1
gene 3 4 15 -262821 0 28 -262821 1
gene 2 5 15 324615 0 29 324615 1
gene 3 6 15 114114 0 30 114114 0
gene 2 7 15 137043 0 31 137043 1
gene 4 8 15 -540858 0 32 -540858 1
gene 4 9 15 117480 0 33 117480 0
gene 2 10 15 620184 0 34 620184 0
gene 2 11 15 -357330 0 35 -357330 0
gene 2 12 15 40899 0 36 40899 1
gene 4 9 21 -261495 0 49 -261495 0
gene 1 21 13 72249 0 50 72249 0
gene 3 6 92 24009 0 235 24009 1
gene 3 92 15 -109830 0 236 -109830 1
gene 4 5 122 241890 0 332 241890 1
gene 4 122 13 -525336 0 333 -525336 1
gene 2 11 148 -602487 0 403 -602487 0
gene 2 148 15 386187 0 404 386187 1
gene 3 9 148 476304 0 557 476304 0
gene 2 92 122 -94956 0 768 -94956 1
gene 2 10 287 220860 0 834 220860 1
gene 2 287 15 81999 0 835 81999 1
gene 3 21 287 -179772 0 900 -179772 1
gene 2 3 287 -299382 0 1053 -299382 0
gene 3 1 122 -41331 0 1085 -41331 1
gene 2 11 387 350877 0 1138 350877 1
gene 2 387 148 -546957 0 1139 -546957 0
gene 3 12 403 16929 0 1185 16929 0
gene 3 403 13 164502 0 1186 164502 0
gene 4 10 417 362643 0 1231 362643 1
gene 4 417 14 -800000 0 1232 -800000 1
gene 2 3 489 57006 0 1426 57006 1
gene 2 489 287 -153996 0 1427 -153996 1
gene 4 9 504 -179439 0 1465 -179439 0
gene 4 504 15 -15096 0 1466 -15096 0
gene 3 403 573 78585 0 1680 78585 0
gene 2 573 13 -447920 0 1681 -447920 0
gene 3 403 664 -236505 0 1944 -236505 1
gene 3 664 573 208923 0 1945 208923 1
gene 3 403 403 -105837 1 2179 -105837 1
gene 1 21 761 187383 0 2220 187383 1
gene 1 761 13 233148 0 2221 233148 0
gene 3 403 21 13317 0 2307 13317 1
gene 3 12 823 641241 0 2416 641241 1
gene 3 823 14 -277266 0 2417 -277266 0
gene 4 504 846 800000 0 2497 800000 1
gene 4 846 15 -396846 0 2498 -396846 1
gene 2 573 92 -458447 0 2714 -458447 1
gene 4 11 993 -167583 0 2928 -167583 1
gene 4 993 14 -776840 0 2929 -776840 0
gene 4 9 1053 -188628 0 3107 -188628 1
gene 4 1053 21 124506 0 3108 124506 1
gene 4 993 1148 260598 0 3382 260598 1
gene 4 1148 14 -502536 0 3383 -502536 0
gene 3 1148 21 -261201 0 3428 -261201 1
gene 2 10 1211 -800000 0 3562 -800000 1
gene 2 1211 13 130926 0 3563 130926 1
gene 2 387 1289 -291009 0 3776 -291009 0
gene 2 1289 148 670992 0 3777 670992 1
gene 4 9 1308 -350583 0 3841 -350583 1
gene 4 1308 504 -240123 0 3842 -240123 1
gene 3 12 1326 -800000 0 3895 -800000 1
gene 3 1326 403 210711 0 3896 210711 1
gene 1 761 1442 272064 0 4224 272064 1
gene 1 1442 13 568848 0 4225 568848 1
gene 4 1148 1553 82734 0 4540 82734 1
gene 4 1553 14 139782 0 4541 139782 1
gene 2 387 1588 658191 0 4659 658191 1
gene 2 1588 1289 370061 0 4660 370061 1
gene 3 9 1602 -294981 0 4709 -294981 1
gene 3 1602 148 -123573 0 4710 -123573 1
gene 3 1602 993 280989 0 4813 280989 1
gene 3 823 1670 -565053 0 4911 -565053 1
gene 3 1670 14 -35328 0 4912 -35328 1
gene 1 403 1289 513474 0 5094 513474 1
gene 1 1211 823 -91455 0 5131 -91455 1
gene 3 573 1761 -708833 0 5178 -708833 1
gene 3 1761 13 -610577 0 5179 -610577 1
genomeend 66


/* Organism #74 Fitness: 350.000000 Time: 0 */
/* Position #74*/
#1 x: 25 y: 33
#2 x: 82 y: 16
#3 x: 65 y: 32
#4 x: 66 y: 84
#5 x: 83 y: 68
#6 x: 66 y: 65
genomestart 74
trait 1 1.000000 0.000000 0.000000 0.000000 22478.000000 82485.000000 7536.000000 0.000000 trait 2 2.000000 0.000000 0.000000 0.000000 0.000000 0.000000 0.000000 0.000000 trait 3 24073.000000 0.000000 15431.000000 0.000000 40954.000000 100000.000000 0.000000 0.000000 trait 4 30267.000000 0.000000 0.000000 0.000000 12691.000000 0.000000 36386.000000 0.000000 node 1 1 1 3
node 2 3 1 1
node 3 3 1 1
node 4 2 1 1
node 5 4 1 1
node 6 1 1 1
node 7 3 1 1
node 8 3 1 1
node 9 1 1 1
node 10 2 1 1
node 11 4 1 1
node 12 2 1 1
node 13 3 0 2
node 14 4 0 2
node 15 3 0 2
node 21 4 0 0
node 92 1 0 0
node 122 1 0 0
node 148 1 0 0
node 287 1 0 0
node 387 1 0 0
node 403 1 0 0
node 417 1 0 0
node 489 1 0 0
node 504 1 0 0
node 573 1 0 0
node 664 1 0 0
node 761 1 0 0
node 823 1 0 0
node 846 1 0 0
node 993 1 0 0
node 1053 1 0 0
node 1148 1 0 0
node 1211 1 0 0
node 1289 4 0 0
node 1308 1 0 0
node 1326 1 0 0
node 1442 1 0 0
node 1553 1 0 0
node 1588 1 0 0
node 1602 1 0 0
node 1670 1 0 0
node 1729 1 0 0
gene 4 1 13 355038 0 1 355038 1
gene 3 2 13 313851 0 2 313851 1
gene 3 3 13 -230805 0 3 -230805 1
gene 3 4 13 -668385 0 4 -668385 1
gene 4 5 13 -725978 0 5 -725978 0
gene 1 6 13 -110094 0 6 -110094 1
gene 1 7 13 751595 0 7 751595 1
gene 2 8 13 373146 0 8 373146 1
gene 1 9 13 -419123 0 9 -419123 0
gene 2 10 13 -128517 0 10 -128517 0
gene 1 11 13 219063 0 11 219063 1
gene 3 12 13 -771444 0 12 -771444 0
gene 3 1 14 196884 0 13 196884 1
gene 4 2 14 -203922 0 14 -203922 1
gene 4 3 14 -132384 0 15 -132384 1
gene 1 4 14 -524201 0 16 -524201 1
gene 2 5 14 -200742 0 17 -200742 1
gene 4 6 14 -96096 0 18 -96096 1
gene 2 7 14 -128826 0 19 -128826 1
gene 1 8 14 218022 0 20 218022 1
gene 1 9 14 459474 0 21 459474 1
gene 4 10 14 -138612 0 22 -138612 0
gene 4 11 14 -347145 0 23 -347145 0
gene 1 12 14 -800000 0 24 -800000 0
gene 2 1 15 -359643 0 25 -359643 1
gene 4 2 15 -627428 0 26 -627428 1
gene 1 3 15 48435 0 27 48435 1
gene 3 4 15 747852 0 28 747852 1
gene 2 5 15 -88302 0 29 -88302 1
gene 3 6 15 -510677 0 30 -510677 0
gene 2 7 15 -617826 0 31 -617826 1
gene 4 8 15 -126690 0 32 -126690 1
gene 4 9 15 308334 0 33 308334 0
gene 2 10 15 -210483 0 34 -210483 0
gene 2 11 15 120426 0 35 120426 0
gene 2 12 15 172419 0 36 172419 1
gene 4 9 21 165252 0 49 165252 0
gene 1 21 13 -170289 0 50 -170289 0
gene 3 6 92 -232728 0 235 -232728 1
gene 3 92 15 800000 0 236 800000 1
gene 4 5 122 151884 0 332 151884 1
gene 4 122 13 15666 0 333 15666 1
gene 2 11 148 -47139 0 403 -47139 0
gene 2 148 15 -233823 0 404 -233823 1
gene 3 9 148 571869 0 557 571869 0
gene 2 92 122 -101025 0 768 -101025 1
gene 2 10 287 562191 0 834 562191 1
gene 2 287 15 217362 0 835 217362 1
gene 3 21 287 -49329 0 900 -49329 1
gene 2 3 287 -800000 0 1053 -800000 0
gene 3 1 122 -521942 0 1085 -521942 1
gene 2 11 387 283941 0 1138 283941 1
gene 2 387 148 -94943 0 1139 -94943 0
gene 3 12 403 317883 0 1185 317883 0
gene 3 403 13 235317 0 1186 235317 0
gene 4 10 417 -399393 0 1231 -399393 1
gene 4 417 14 800000 0 1232 800000 1
gene 2 3 489 282321 0 1426 282321 1
gene 2 489 287 37863 0 1427 37863 1
gene 4 9 504 13593 0 1465 13593 0
gene 4 504 15 468618 0 1466 468618 0
gene 3 403 573 -375135 0 1680 -375135 0
gene 3 573 13 -800000 0 1681 -800000 1
gene 3 403 664 8862 0 1944 8862 1
gene 3 664 573 83250 0 1945 83250 1
gene 3 403 403 800000 1 2179 800000 1
gene 1 21 761 -84762 0 2220 -84762 1
gene 1 761 13 -784052 0 2221 -784052 0
gene 3 403 21 359223 0 2307 359223 1
gene 3 12 823 465042 0 2416 465042 0
gene 3 823 14 51051 0 2417 51051 0
gene 4 504 846 -93504 0 2497 -93504 1
gene 4 846 15 8184 0 2498 8184 1
gene 2 573 92 -746723 0 2714 -746723 1
gene 4 11 993 -34194 0 2928 -34194 1
gene 4 993 14 -69207 0 2929 -69207 0
gene 4 9 1053 75555 0 3107 75555 1
gene 4 1053 21 58950 0 3108 58950 1
gene 4 993 1148 -88145 0 3382 -88145 1
gene 4 1148 14 -425141 0 3383 -425141 0
gene 3 1148 21 -111168 0 3428 -111168 1
gene 2 10 1211 48237 0 3562 48237 1
gene 2 1211 13 344928 0 3563 344928 1
gene 2 387 1289 324951 0 3776 324951 0
gene 2 1289 148 -232788 0 3777 -232788 1
gene 4 9 1308 -155907 0 3841 -155907 1
gene 4 1308 504 459009 0 3842 459009 1
gene 3 12 1326 -556362 0 3895 -556362 1
gene 3 1326 403 -83718 0 3896 -83718 1
gene 1 761 1442 -236289 0 4224 -236289 1
gene 1 1442 13 -288984 0 4225 -288984 1
gene 4 1148 1553 8616 0 4540 8616 1
gene 4 1553 14 -140115 0 4541 -140115 1
gene 2 387 1588 95463 0 4659 95463 1
gene 2 1588 1289 -109737 0 4660 -109737 1
gene 3 9 1602 101028 0 4709 101028 1
gene 3 1602 148 -207750 0 4710 -207750 1
gene 3 1602 993 211860 0 4813 211860 1
gene 3 823 1670 -92070 0 4911 -92070 1
gene 3 1670 14 409473 0 4912 409473 1
gene 1 9 1553 49476 0 5052 49476 1
gene 3 12 1729 -190452 0 5085 -190452 1
gene 3 1729 823 601800 0 5086 601800 1
gene 4 504 761 326994 0 5195 326994 1
gene 4 12 1211 -175161 0 5293 -175161 1
gene 4 1602 489 -398628 0 5425 -398628 1
genomeend 74


/* Organism #76 Fitness: 300.000000 Time: 0 */
/* Position #76*/
#1 x: 37 y: 30
#2 x: 19 y: 21
#3 x: 44 y: 18
#4 x: 16 y: 70
#5 x: 26 y: 69
#6 x: 74 y: 66
genomestart 76
trait 1 32344.000000 0.000000 0.000000 0.000000 0.000000 0.000000 100000.000000 0.000000 trait 2 2.000000 0.000000 0.000000 0.000000 0.000000 0.000000 0.000000 0.000000 trait 3 0.000000 0.000000 0.000000 0.000000 0.000000 13538.000000 70969.000000 0.000000 trait 4 4.000000 0.000000 0.000000 0.000000 0.000000 0.000000 0.000000 37957.000000 node 1 4 1 3
node 2 4 1 1
node 3 1 1 1
node 4 1 1 1
node 5 1 1 1
node 6 2 1 1
node 7 4 1 1
node 8 4 1 1
node 9 2 1 1
node 10 1 1 1
node 11 2 1 1
node 12 4 1 1
node 13 2 0 2
node 14 1 0 2
node 15 3 0 2
node 121 1 0 0
node 235 1 0 0
node 384 1 0 0
node 420 1 0 0
node 433 1 0 0
node 461 1 0 0
node 500 3 0 0
node 516 1 0 0
node 697 1 0 0
node 1018 1 0 0
node 1130 3 0 0
node 1323 1 0 0
node 1393 1 0 0
node 1479 1 0 0
node 1531 1 0 0
node 1853 1 0 0
gene 2 1 13 432384 0 1 432384 1
gene 3 2 13 -354813 0 2 -354813 1
gene 2 3 13 -74295 0 3 -74295 1
gene 3 4 13 139260 0 4 139260 1
gene 2 5 13 399573 0 5 399573 1
gene 4 6 13 -351012 0 6 -351012 1
gene 3 7 13 -253914 0 7 -253914 1
gene 2 8 13 -137190 0 8 -137190 0
gene 3 9 13 -110328 0 9 -110328 1
gene 2 10 13 -152856 0 10 -152856 1
gene 2 11 13 -384711 0 11 -384711 1
gene 4 12 13 466071 0 12 466071 1
gene 2 1 14 -493071 0 13 -493071 1
gene 2 2 14 -435027 0 14 -435027 1
gene 4 3 14 -800000 0 15 -800000 1
gene 4 4 14 67221 0 16 67221 0
gene 4 5 14 -339003 0 17 -339003 1
gene 3 6 14 -192408 0 18 -192408 1
gene 2 7 14 -238854 0 19 -238854 1
gene 1 8 14 404571 0 20 404571 0
gene 2 9 14 -49935 0 21 -49935 0
gene 1 10 14 -56574 0 22 -56574 0
gene 1 11 14 -502017 0 23 -502017 0
gene 4 12 14 -509688 0 24 -509688 1
gene 3 1 15 292518 0 25 292518 1
gene 3 2 15 237834 0 26 237834 1
gene 3 3 15 -573290 0 27 -573290 0
gene 3 4 15 545955 0 28 545955 1
gene 3 5 15 -271539 0 29 -271539 1
gene 1 6 15 97896 0 30 97896 1
gene 3 7 15 -394914 0 31 -394914 0
gene 3 8 15 84702 0 32 84702 1
gene 3 9 15 280485 0 33 280485 0
gene 3 10 15 127917 0 34 127917 0
gene 2 11 15 150252 0 35 150252 1
gene 4 12 15 136509 0 36 136509 0
gene 4 15 15 -133137 1 174 -133137 0
gene 3 8 121 -52209 0 329 -52209 0
gene 3 121 15 330291 0 330 330291 1
gene 2 5 121 -76569 0 438 -76569 1
gene 2 7 121 601038 0 483 601038 1
gene 4 4 235 46209 0 666 46209 1
gene 4 235 14 195579 0 667 195579 1
gene 1 1 235 -525582 0 753 -525582 1
gene 1 9 235 122247 0 1108 122247 1
gene 3 10 384 -800000 0 1126 -800000 1
gene 3 384 15 -800000 0 1127 -800000 0
gene 2 14 14 -206256 1 1197 -206256 1
gene 3 7 420 -694614 0 1239 -694614 1
gene 3 420 15 -233787 0 1240 -233787 1
gene 3 2 433 445899 0 1284 445899 1
gene 3 433 13 10269 0 1285 10269 1
gene 4 3 461 397827 0 1352 397827 1
gene 4 461 14 -223476 0 1353 -223476 1
gene 4 15 500 -409494 1 1453 -409494 1
gene 4 500 15 40938 0 1454 40938 1
gene 1 8 516 -38769 0 1500 -38769 1
gene 1 516 14 550392 0 1501 550392 1
gene 1 384 121 178434 0 1548 178434 1
gene 2 8 461 343401 0 1965 343401 1
gene 3 3 697 542019 0 2038 542019 1
gene 3 697 15 -22302 0 2039 -22302 1
gene 2 1 500 33552 0 2133 33552 1
gene 1 3 433 72255 0 2628 72255 1
gene 1 516 516 481998 1 2664 481998 1
gene 3 8 1018 -97950 0 2997 -97950 1
gene 2 1018 121 306699 0 2998 306699 0
gene 3 15 433 45564 0 3156 45564 1
gene 1 10 1130 615971 0 3329 615971 1
gene 1 1130 14 -371553 0 3330 -371553 1
gene 3 500 697 6597 0 3371 6597 1
gene 2 3 516 -61593 0 3603 -61593 1
gene 1 9 1323 437850 0 3885 437850 1
gene 2 1323 14 182247 0 3886 182247 1
gene 2 121 420 195936 0 3959 195936 1
gene 2 8 1393 -567593 0 4093 -567593 1
gene 2 1393 13 -479673 0 4094 -479673 1
gene 1 11 1479 -104586 0 4325 -104586 1
gene 1 1479 14 -56775 0 4326 -56775 1
gene 4 12 1531 319701 0 4477 319701 1
gene 4 1531 15 370953 0 4478 370953 1
gene 2 1323 420 177390 0 4676 177390 1
gene 3 500 1479 -306378 0 4897 -306378 1
gene 4 461 461 -122217 1 4980 -122217 1
gene 4 461 697 -99357 0 5076 -99357 1
gene 3 9 1853 -60587 0 5434 -60587 1
gene 3 1853 15 -367443 0 5435 -367443 1
genomeend 76


