/* Organism #20 Fitness: 121.000000 Time: 0 */
/* Position #20*/
#1 x: 32 y: 38
#2 x: 28 y: 33
#3 x: 78 y: 32
#4 x: 23 y: 72
#5 x: 30 y: 71
#6 x: 50 y: 69
genomestart 20
node 1 2 1 3
node 2 4 1 1
node 3 1 1 1
node 4 3 1 1
node 5 3 1 1
node 6 2 1 1
node 7 2 1 1
node 8 4 1 1
node 9 3 1 1
node 10 1 1 1
node 11 3 1 1
node 12 3 1 1
node 13 4 0 2
node 14 1 0 2
node 15 3 0 2
gene 1 1 13 -217380 0 1 -217380 1
gene 3 2 13 38349 0 2 38349 1
gene 2 3 13 -127860 0 3 -127860 1
gene 4 4 13 -158418 0 4 -158418 1
gene 4 5 13 -326346 0 5 -326346 1
gene 1 6 13 -199926 0 6 -199926 1
gene 4 7 13 -130980 0 7 -130980 1
gene 2 8 13 -363561 0 8 -363561 1
gene 2 9 13 71118 0 9 71118 1
gene 4 10 13 281895 0 10 281895 1
gene 3 11 13 -438983 0 11 -438983 1
gene 3 12 13 23046 0 12 23046 1
gene 3 1 14 168918 0 13 168918 1
gene 4 2 14 -231921 0 14 -231921 1
gene 4 3 14 46275 0 15 46275 1
gene 2 4 14 800000 0 16 800000 1
gene 2 5 14 -237153 0 17 -237153 1
gene 3 6 14 63051 0 18 63051 1
gene 3 7 14 -176190 0 19 -176190 1
gene 4 8 14 291240 0 20 291240 1
gene 3 9 14 -312279 0 21 -312279 1
gene 3 10 14 -49596 0 22 -49596 1
gene 1 11 14 -620160 0 23 -620160 1
gene 3 12 14 -488316 0 24 -488316 1
gene 3 1 15 -532950 0 25 -532950 1
gene 4 2 15 330558 0 26 330558 1
gene 3 3 15 -469407 0 27 -469407 1
gene 3 4 15 -22986 0 28 -22986 1
gene 2 5 15 342206 0 29 342206 1
gene 2 6 15 375024 0 30 375024 1
gene 3 7 15 -171519 0 31 -171519 1
gene 2 8 15 583560 0 32 583560 1
gene 2 9 15 65025 0 33 65025 1
gene 4 10 15 43539 0 34 43539 1
gene 4 11 15 17388 0 35 17388 1
gene 3 12 15 200277 0 36 200277 1
gene 4 13 15 799734 0 181 799734 1
gene 4 15 14 -266757 0 212 -266757 1
genomeend 20


/* Organism #21 Fitness: 52.000000 Time: 0 */
/* Position #21*/
#1 x: 32 y: 38
#2 x: 28 y: 33
#3 x: 78 y: 32
#4 x: 23 y: 72
#5 x: 30 y: 71
#6 x: 50 y: 69
genomestart 21
node 1 2 1 3
node 2 4 1 1
node 3 1 1 1
node 4 3 1 1
node 5 3 1 1
node 6 2 1 1
node 7 2 1 1
node 8 4 1 1
node 9 3 1 1
node 10 1 1 1
node 11 3 1 1
node 12 3 1 1
node 13 4 0 2
node 14 1 0 2
node 15 3 0 2
gene 1 1 13 -217380 0 1 -217380 1
gene 3 2 13 -226914 0 2 -226914 1
gene 2 3 13 -319131 0 3 -319131 1
gene 4 4 13 -214074 0 4 -214074 1
gene 4 5 13 -309489 0 5 -309489 1
gene 1 6 13 -417798 0 6 -417798 1
gene 4 7 13 -243078 0 7 -243078 1
gene 2 8 13 -559785 0 8 -559785 1
gene 2 9 13 25284 0 9 25284 1
gene 4 10 13 356676 0 10 356676 1
gene 3 11 13 -315125 0 11 -315125 1
gene 3 12 13 89511 0 12 89511 1
gene 3 1 14 258522 0 13 258522 1
gene 4 2 14 -482466 0 14 -482466 1
gene 4 3 14 46275 0 15 46275 1
gene 2 4 14 157272 0 16 157272 1
gene 2 5 14 -209436 0 17 -209436 1
gene 3 6 14 294564 0 18 294564 1
gene 3 7 14 -127038 0 19 -127038 1
gene 4 8 14 516729 0 20 516729 1
gene 3 9 14 -312279 0 21 -312279 1
gene 3 10 14 91578 0 22 91578 1
gene 1 11 14 -522522 0 23 -522522 1
gene 3 12 14 -236790 0 24 -236790 1
gene 3 1 15 -608706 0 25 -608706 1
gene 4 2 15 141942 0 26 141942 1
gene 3 3 15 -469407 0 27 -469407 1
gene 3 4 15 -155097 0 28 -155097 1
gene 2 5 15 575591 0 29 575591 1
gene 2 6 15 74283 0 30 74283 1
gene 3 7 15 -171519 0 31 -171519 1
gene 2 8 15 659214 0 32 659214 1
gene 2 9 15 268467 0 33 268467 1
gene 4 10 15 130287 0 34 130287 1
gene 4 11 15 254844 0 35 254844 1
gene 3 12 15 466890 0 36 466890 1
gene 4 13 15 681927 0 181 681927 1
gene 4 15 14 -182514 0 212 -182514 1
genomeend 21


/* Organism #26 Fitness: 14.000000 Time: 0 */
/* Position #26*/
#1 x: 65 y: 27
#2 x: 70 y: 26
#3 x: 69 y: 40
#4 x: 85 y: 70
#5 x: 20 y: 82
#6 x: 66 y: 73
genomestart 26
node 1 2 1 3
node 2 4 1 1
node 3 1 1 1
node 4 3 1 1
node 5 3 1 1
node 6 2 1 1
node 7 2 1 1
node 8 4 1 1
node 9 3 1 1
node 10 1 1 1
node 11 3 1 1
node 12 3 1 1
node 13 4 0 2
node 14 1 0 2
node 15 3 0 2
gene 1 1 13 -295062 0 1 -295062 1
gene 3 2 13 -177735 0 2 -177735 1
gene 2 3 13 -24498 0 3 -24498 1
gene 4 4 13 -53955 0 4 -53955 1
gene 4 5 13 -543270 0 5 -543270 1
gene 1 6 13 -155949 0 6 -155949 1
gene 4 7 13 31494 0 7 31494 1
gene 2 8 13 -650745 0 8 -650745 1
gene 2 9 13 12216 0 9 12216 1
gene 4 10 13 325383 0 10 325383 1
gene 3 11 13 -418046 0 11 -418046 1
gene 3 12 13 272067 0 12 272067 1
gene 3 1 14 -88362 0 13 -88362 1
gene 4 2 14 -241179 0 14 -241179 1
gene 4 3 14 -214116 0 15 -214116 1
gene 2 4 14 800000 0 16 800000 1
gene 2 5 14 -391722 0 17 -391722 1
gene 3 6 14 104499 0 18 104499 1
gene 3 7 14 -392556 0 19 -392556 1
gene 4 8 14 343929 0 20 343929 1
gene 3 9 14 -599265 0 21 -599265 1
gene 3 10 14 -21192 0 22 -21192 1
gene 1 11 14 -365622 0 23 -365622 1
gene 3 12 14 -286854 0 24 -286854 1
gene 3 1 15 -417408 0 25 -417408 1
gene 4 2 15 209979 0 26 209979 1
gene 3 3 15 -674094 0 27 -674094 1
gene 3 4 15 -53463 0 28 -53463 1
gene 2 5 15 343946 0 29 343946 1
gene 2 6 15 535455 0 30 535455 1
gene 3 7 15 -74679 0 31 -74679 1
gene 2 8 15 583560 0 32 583560 1
gene 2 9 15 -125985 0 33 -125985 1
gene 4 10 15 283995 0 34 283995 1
gene 4 11 15 -132825 0 35 -132825 1
gene 3 12 15 200277 0 36 200277 1
gene 4 13 15 237354 0 181 237354 1
gene 4 15 14 -202968 0 212 -202968 1
genomeend 26


/* Organism #37 Fitness: 2.000000 Time: 0 */
/* Position #37*/
#1 x: 58 y: 36
#2 x: 24 y: 30
#3 x: 31 y: 26
#4 x: 72 y: 83
#5 x: 53 y: 69
#6 x: 83 y: 82
genomestart 37
node 1 2 1 3
node 2 4 1 1
node 3 1 1 1
node 4 3 1 1
node 5 3 1 1
node 6 2 1 1
node 7 2 1 1
node 8 4 1 1
node 9 3 1 1
node 10 1 1 1
node 11 3 1 1
node 12 3 1 1
node 13 4 0 2
node 14 1 0 2
node 15 3 0 2
gene 1 1 13 -257775 0 1 -257775 1
gene 3 2 13 256209 0 2 256209 1
gene 2 3 13 44295 0 3 44295 1
gene 4 4 13 -426132 0 4 -426132 1
gene 4 5 13 -386712 0 5 -386712 1
gene 1 6 13 -85170 0 6 -85170 1
gene 4 7 13 -201753 0 7 -201753 1
gene 2 8 13 -257508 0 8 -257508 1
gene 2 9 13 289689 0 9 289689 1
gene 4 10 13 426834 0 10 426834 1
gene 3 11 13 -626516 0 11 -626516 1
gene 3 12 13 -99621 0 12 -99621 1
gene 3 1 14 261657 0 13 261657 1
gene 4 2 14 -174933 0 14 -174933 1
gene 4 3 14 201552 0 15 201552 1
gene 2 4 14 800000 0 16 800000 1
gene 2 5 14 -389160 0 17 -389160 1
gene 3 6 14 -149991 0 18 -149991 1
gene 3 7 14 -354219 0 19 -354219 1
gene 4 8 14 590184 0 20 590184 1
gene 3 9 14 -368193 0 21 -368193 1
gene 3 10 14 -270696 0 22 -270696 1
gene 1 11 14 -476736 0 23 -476736 1
gene 3 12 14 -196305 0 24 -196305 1
gene 3 1 15 -371019 0 25 -371019 1
gene 4 2 15 33891 0 26 33891 1
gene 3 3 15 -484737 0 27 -484737 1
gene 3 4 15 98169 0 28 98169 1
gene 2 5 15 391298 0 29 391298 1
gene 2 6 15 155298 0 30 155298 1
gene 3 7 15 52023 0 31 52023 1
gene 2 8 15 583560 0 32 583560 1
gene 2 9 15 -136263 0 33 -136263 1
gene 4 10 15 -100302 0 34 -100302 1
gene 4 11 15 -167631 0 35 -167631 1
gene 3 12 15 108066 0 36 108066 1
gene 4 13 15 799734 0 181 799734 1
gene 4 15 14 -216660 0 212 -216660 1
genomeend 37


/* Organism #48 Fitness: 0.000000 Time: 0 */
/* Position #48*/
#1 x: 20 y: 31
#2 x: 82 y: 35
#3 x: 66 y: 40
#4 x: 62 y: 63
#5 x: 16 y: 68
#6 x: 22 y: 83
genomestart 48
node 1 2 1 3
node 2 2 1 1
node 3 1 1 1
node 4 3 1 1
node 5 3 1 1
node 6 2 1 1
node 7 2 1 1
node 8 4 1 1
node 9 3 1 1
node 10 1 1 1
node 11 3 1 1
node 12 3 1 1
node 13 4 0 2
node 14 1 0 2
node 15 3 0 2
gene 1 1 13 -167964 0 1 -167964 1
gene 3 2 13 -240654 0 2 -240654 1
gene 2 3 13 271530 0 3 271530 1
gene 4 4 13 -265452 0 4 -265452 1
gene 4 5 13 -46107 0 5 -46107 1
gene 1 6 13 754197 0 6 754197 1
gene 4 7 13 76494 0 7 76494 1
gene 2 8 13 143238 0 8 143238 1
gene 2 9 13 -57714 0 9 -57714 1
gene 4 10 13 71016 0 10 71016 1
gene 3 11 13 -800000 0 11 -800000 1
gene 3 12 13 285294 0 12 285294 1
gene 3 1 14 -284514 0 13 -284514 1
gene 4 2 14 447597 0 14 447597 1
gene 4 3 14 146934 0 15 146934 1
gene 4 4 14 15747 0 16 15747 1
gene 2 5 14 800000 0 17 800000 1
gene 3 6 14 225033 0 18 225033 1
gene 3 7 14 171090 0 19 171090 1
gene 4 8 14 -390701 0 20 -390701 1
gene 3 9 14 230667 0 21 230667 1
gene 3 10 14 375591 0 22 375591 1
gene 1 11 14 -331203 0 23 -331203 1
gene 3 12 14 -658122 0 24 -658122 1
gene 3 1 15 -302751 0 25 -302751 1
gene 4 2 15 -184467 0 26 -184467 1
gene 3 3 15 542919 0 27 542919 1
gene 3 4 15 195057 0 28 195057 1
gene 2 5 15 -127116 0 29 -127116 1
gene 2 6 15 -284508 0 30 -284508 1
gene 3 7 15 -506523 0 31 -506523 1
gene 2 8 15 -738998 0 32 -738998 1
gene 2 9 15 -199473 0 33 -199473 1
gene 4 10 15 -189675 0 34 -189675 1
gene 4 11 15 -49188 0 35 -49188 1
gene 3 12 15 447462 0 36 447462 1
gene 4 13 15 -280170 0 181 -280170 1
gene 4 15 14 -197118 0 212 -197118 1
genomeend 48


/* Organism #49 Fitness: 0.000000 Time: 0 */
/* Position #49*/
#1 x: 20 y: 31
#2 x: 82 y: 35
#3 x: 66 y: 40
#4 x: 62 y: 63
#5 x: 16 y: 68
#6 x: 22 y: 83
genomestart 49
node 1 2 1 3
node 2 2 1 1
node 3 4 1 1
node 4 3 1 1
node 5 3 1 1
node 6 2 1 1
node 7 2 1 1
node 8 4 1 1
node 9 3 1 1
node 10 1 1 1
node 11 3 1 1
node 12 3 1 1
node 13 4 0 2
node 14 1 0 2
node 15 3 0 2
gene 1 1 13 346263 0 1 346263 1
gene 3 2 13 -304647 0 2 -304647 1
gene 2 3 13 185355 0 3 185355 1
gene 4 4 13 -412602 0 4 -412602 1
gene 4 5 13 119400 0 5 119400 1
gene 1 6 13 245730 0 6 245730 1
gene 4 7 13 222546 0 7 222546 1
gene 2 8 13 207687 0 8 207687 1
gene 2 9 13 89247 0 9 89247 1
gene 4 10 13 -190425 0 10 -190425 1
gene 3 11 13 -690971 0 11 -690971 1
gene 3 12 13 194313 0 12 194313 1
gene 3 1 14 626199 0 13 626199 1
gene 4 2 14 297177 0 14 297177 1
gene 4 3 14 243063 0 15 243063 1
gene 4 4 14 -138267 0 16 -138267 1
gene 2 5 14 455870 0 17 455870 1
gene 3 6 14 336777 0 18 336777 1
gene 3 7 14 -102006 0 19 -102006 1
gene 4 8 14 -372020 0 20 -372020 1
gene 3 9 14 303261 0 21 303261 1
gene 3 10 14 258984 0 22 258984 1
gene 1 11 14 -28473 0 23 -28473 1
gene 3 12 14 -108573 0 24 -108573 1
gene 3 1 15 -140832 0 25 -140832 1
gene 4 2 15 -100410 0 26 -100410 1
gene 3 3 15 147870 0 27 147870 1
gene 3 4 15 754770 0 28 754770 1
gene 2 5 15 -361335 0 29 -361335 1
gene 2 6 15 69150 0 30 69150 1
gene 3 7 15 -282957 0 31 -282957 1
gene 2 8 15 -621350 0 32 -621350 1
gene 2 9 15 49557 0 33 49557 1
gene 4 10 15 343287 0 34 343287 1
gene 4 11 15 787863 0 35 787863 1
gene 3 12 15 512352 0 36 512352 1
gene 4 13 15 18906 0 181 18906 1
gene 4 15 14 -68982 0 212 -68982 1
genomeend 49


/* Organism #50 Fitness: 0.000000 Time: 0 */
/* Position #50*/
#1 x: 84 y: 27
#2 x: 35 y: 25
#3 x: 65 y: 35
#4 x: 50 y: 69
#5 x: 43 y: 62
#6 x: 80 y: 71
genomestart 50
node 1 2 1 3
node 2 4 1 1
node 3 1 1 1
node 4 3 1 1
node 5 3 1 1
node 6 2 1 1
node 7 2 1 1
node 8 4 1 1
node 9 3 1 1
node 10 1 1 1
node 11 3 1 1
node 12 3 1 1
node 13 4 0 2
node 14 1 0 2
node 15 3 0 2
gene 1 1 13 -15216 0 1 -15216 1
gene 3 2 13 17547 0 2 17547 1
gene 2 3 13 -182604 0 3 -182604 1
gene 4 4 13 -104460 0 4 -104460 1
gene 4 5 13 268350 0 5 268350 1
gene 1 6 13 400356 0 6 400356 1
gene 4 7 13 -528207 0 7 -528207 1
gene 2 8 13 -148935 0 8 -148935 1
gene 2 9 13 -115848 0 9 -115848 1
gene 4 10 13 -43392 0 10 -43392 1
gene 3 11 13 103296 0 11 103296 1
gene 3 12 13 -167184 0 12 -167184 1
gene 3 1 14 121839 0 13 121839 1
gene 4 2 14 86073 0 14 86073 1
gene 4 3 14 -73293 0 15 -73293 1
gene 2 4 14 800000 0 16 800000 1
gene 2 5 14 -126231 0 17 -126231 1
gene 3 6 14 283014 0 18 283014 1
gene 3 7 14 117681 0 19 117681 1
gene 4 8 14 -45867 0 20 -45867 1
gene 3 9 14 233922 0 21 233922 1
gene 3 10 14 -171192 0 22 -171192 1
gene 1 11 14 -581109 0 23 -581109 1
gene 3 12 14 -582048 0 24 -582048 1
gene 3 1 15 -259458 0 25 -259458 1
gene 4 2 15 64839 0 26 64839 1
gene 3 3 15 -201192 0 27 -201192 1
gene 3 4 15 -368157 0 28 -368157 1
gene 2 5 15 100781 0 29 100781 1
gene 2 6 15 595857 0 30 595857 1
gene 3 7 15 123855 0 31 123855 1
gene 2 8 15 376704 0 32 376704 1
gene 2 9 15 47784 0 33 47784 1
gene 4 10 15 114786 0 34 114786 1
gene 4 11 15 -6813 0 35 -6813 1
gene 3 12 15 -210555 0 36 -210555 1
gene 4 13 15 655563 0 181 655563 1
gene 4 15 14 -232749 0 212 -232749 1
genomeend 50


/* Organism #51 Fitness: 0.000000 Time: 0 */
/* Position #51*/
#1 x: 84 y: 27
#2 x: 35 y: 25
#3 x: 65 y: 35
#4 x: 50 y: 69
#5 x: 43 y: 62
#6 x: 80 y: 71
genomestart 51
node 1 2 1 3
node 2 2 1 1
node 3 3 1 1
node 4 3 1 1
node 5 3 1 1
node 6 2 1 1
node 7 2 1 1
node 8 4 1 1
node 9 3 1 1
node 10 1 1 1
node 11 3 1 1
node 12 3 1 1
node 13 4 0 2
node 14 1 0 2
node 15 3 0 2
gene 1 1 13 -1164 0 1 -1164 1
gene 3 2 13 -278451 0 2 -278451 1
gene 2 3 13 -228435 0 3 -228435 1
gene 4 4 13 198450 0 4 198450 1
gene 4 5 13 250398 0 5 250398 1
gene 1 6 13 88122 0 6 88122 1
gene 4 7 13 -484191 0 7 -484191 1
gene 2 8 13 -109014 0 8 -109014 1
gene 2 9 13 61863 0 9 61863 1
gene 4 10 13 -9921 0 10 -9921 1
gene 3 11 13 -650990 0 11 -650990 1
gene 3 12 13 2118 0 12 2118 1
gene 3 1 14 515121 0 13 515121 1
gene 4 2 14 192087 0 14 192087 1
gene 4 3 14 407688 0 15 407688 1
gene 4 4 14 25950 0 16 25950 1
gene 2 5 14 192509 0 17 192509 1
gene 3 6 14 291009 0 18 291009 1
gene 3 7 14 -122772 0 19 -122772 1
gene 4 8 14 -800000 0 20 -800000 1
gene 3 9 14 773301 0 21 773301 1
gene 3 10 14 433080 0 22 433080 1
gene 1 11 14 -490800 0 23 -490800 1
gene 3 12 14 58809 0 24 58809 1
gene 3 1 15 -217821 0 25 -217821 1
gene 4 2 15 -405027 0 26 -405027 1
gene 3 3 15 363444 0 27 363444 1
gene 3 4 15 782435 0 28 782435 1
gene 2 5 15 -7590 0 29 -7590 1
gene 2 6 15 -290058 0 30 -290058 1
gene 3 7 15 75123 0 31 75123 1
gene 2 8 15 -729686 0 32 -729686 1
gene 2 9 15 -200532 0 33 -200532 1
gene 4 10 15 -127122 0 34 -127122 1
gene 4 11 15 148911 0 35 148911 1
gene 3 12 15 106851 0 36 106851 1
gene 4 13 15 -157335 0 181 -157335 1
gene 4 15 14 -171660 0 212 -171660 1
genomeend 51


/* Organism #52 Fitness: 200.000000 Time: 0 */
/* Position #52*/
#1 x: 55 y: 26
#2 x: 44 y: 36
#3 x: 74 y: 33
#4 x: 46 y: 70
#5 x: 26 y: 70
#6 x: 78 y: 63
genomestart 52
node 1 2 1 3
node 2 2 1 1
node 3 3 1 1
node 4 3 1 1
node 5 3 1 1
node 6 2 1 1
node 7 2 1 1
node 8 4 1 1
node 9 3 1 1
node 10 1 1 1
node 11 3 1 1
node 12 3 1 1
node 13 4 0 2
node 14 1 0 2
node 15 3 0 2
gene 1 1 13 145854 0 1 145854 1
gene 3 2 13 214773 0 2 214773 1
gene 2 3 13 -275619 0 3 -275619 1
gene 4 4 13 266661 0 4 266661 1
gene 4 5 13 457917 0 5 457917 1
gene 1 6 13 448674 0 6 448674 1
gene 4 7 13 42345 0 7 42345 1
gene 2 8 13 242286 0 8 242286 1
gene 2 9 13 191289 0 9 191289 1
gene 4 10 13 304986 0 10 304986 1
gene 3 11 13 -800000 0 11 -800000 1
gene 3 12 13 -194079 0 12 -194079 1
gene 3 1 14 800000 0 13 800000 1
gene 4 2 14 36684 0 14 36684 1
gene 4 3 14 529617 0 15 529617 1
gene 4 4 14 197547 0 16 197547 1
gene 2 5 14 571832 0 17 571832 1
gene 3 6 14 18234 0 18 18234 1
gene 3 7 14 224238 0 19 224238 1
gene 4 8 14 -800000 0 20 -800000 1
gene 3 9 14 590346 0 21 590346 1
gene 3 10 14 297690 0 22 297690 1
gene 1 11 14 -259233 0 23 -259233 1
gene 3 12 14 -117210 0 24 -117210 1
gene 3 1 15 257418 0 25 257418 1
gene 4 2 15 15504 0 26 15504 1
gene 3 3 15 138534 0 27 138534 1
gene 3 4 15 800000 0 28 800000 1
gene 2 5 15 -303039 0 29 -303039 1
gene 2 6 15 -496881 0 30 -496881 1
gene 3 7 15 -310560 0 31 -310560 1
gene 2 8 15 -280041 0 32 -280041 1
gene 2 9 15 371154 0 33 371154 1
gene 4 10 15 -320706 0 34 -320706 1
gene 4 11 15 -66141 0 35 -66141 1
gene 3 12 15 240138 0 36 240138 1
gene 4 13 15 -88881 0 181 -88881 1
gene 4 15 14 -62328 0 212 -62328 1
genomeend 52


/* Organism #53 Fitness: 180.000000 Time: 0 */
/* Position #53*/
#1 x: 55 y: 26
#2 x: 44 y: 36
#3 x: 74 y: 33
#4 x: 46 y: 70
#5 x: 26 y: 70
#6 x: 78 y: 63
genomestart 53
node 1 2 1 3
node 2 2 1 1
node 3 3 1 1
node 4 3 1 1
node 5 3 1 1
node 6 2 1 1
node 7 2 1 1
node 8 4 1 1
node 9 3 1 1
node 10 1 1 1
node 11 3 1 1
node 12 3 1 1
node 13 4 0 2
node 14 1 0 2
node 15 3 0 2
gene 1 1 13 255888 0 1 255888 1
gene 3 2 13 -127143 0 2 -127143 1
gene 2 3 13 209685 0 3 209685 1
gene 4 4 13 -9111 0 4 -9111 1
gene 4 5 13 406449 0 5 406449 1
gene 1 6 13 27297 0 6 27297 1
gene 4 7 13 -382272 0 7 -382272 1
gene 2 8 13 119709 0 8 119709 1
gene 2 9 13 186453 0 9 186453 1
gene 4 10 13 39684 0 10 39684 1
gene 3 11 13 -800000 0 11 -800000 1
gene 3 12 13 -153246 0 12 -153246 1
gene 3 1 14 789621 0 13 789621 1
gene 4 2 14 -2022 0 14 -2022 1
gene 4 3 14 259224 0 15 259224 1
gene 4 4 14 -20250 0 16 -20250 1
gene 2 5 14 156359 0 17 156359 1
gene 3 6 14 5619 0 18 5619 1
gene 3 7 14 130080 0 19 130080 1
gene 4 8 14 -684794 0 20 -684794 1
gene 3 9 14 205842 0 21 205842 1
gene 3 10 14 467829 0 22 467829 1
gene 1 11 14 -217881 0 23 -217881 1
gene 3 12 14 35667 0 24 35667 1
gene 3 1 15 -169146 0 25 -169146 1
gene 4 2 15 -141597 0 26 -141597 1
gene 3 3 15 421203 0 27 421203 1
gene 3 4 15 508502 0 28 508502 1
gene 2 5 15 148833 0 29 148833 1
gene 2 6 15 208248 0 30 208248 1
gene 3 7 15 47724 0 31 47724 1
gene 2 8 15 -627269 0 32 -627269 1
gene 2 9 15 321720 0 33 321720 1
gene 4 10 15 125175 0 34 125175 1
gene 4 11 15 129168 0 35 129168 1
gene 3 12 15 -124458 0 36 -124458 1
gene 4 13 15 -5268 0 181 -5268 1
gene 4 15 14 59529 0 212 59529 1
genomeend 53


/* Organism #54 Fitness: 0.000000 Time: 0 */
/* Position #54*/
#1 x: 20 y: 17
#2 x: 43 y: 19
#3 x: 25 y: 40
#4 x: 68 y: 77
#5 x: 80 y: 68
#6 x: 82 y: 67
genomestart 54
node 1 2 1 3
node 2 2 1 1
node 3 3 1 1
node 4 3 1 1
node 5 3 1 1
node 6 2 1 1
node 7 2 1 1
node 8 4 1 1
node 9 3 1 1
node 10 1 1 1
node 11 3 1 1
node 12 3 1 1
node 13 4 0 2
node 14 1 0 2
node 15 3 0 2
gene 1 1 13 -243054 0 1 -243054 1
gene 3 2 13 -260457 0 2 -260457 1
gene 2 3 13 -294615 0 3 -294615 1
gene 4 4 13 186600 0 4 186600 1
gene 4 5 13 127032 0 5 127032 1
gene 1 6 13 296559 0 6 296559 1
gene 4 7 13 -422907 0 7 -422907 1
gene 2 8 13 345513 0 8 345513 1
gene 2 9 13 -146265 0 9 -146265 1
gene 4 10 13 235077 0 10 235077 1
gene 3 11 13 -800000 0 11 -800000 1
gene 3 12 13 242796 0 12 242796 1
gene 3 1 14 800000 0 13 800000 1
gene 4 2 14 121917 0 14 121917 1
gene 4 3 14 230397 0 15 230397 1
gene 4 4 14 -77496 0 16 -77496 1
gene 2 5 14 139646 0 17 139646 1
gene 3 6 14 -151182 0 18 -151182 1
gene 3 7 14 -159588 0 19 -159588 1
gene 4 8 14 -376508 0 20 -376508 1
gene 3 9 14 645189 0 21 645189 1
gene 3 10 14 19713 0 22 19713 1
gene 1 11 14 17574 0 23 17574 1
gene 3 12 14 31989 0 24 31989 1
gene 3 1 15 -243621 0 25 -243621 1
gene 4 2 15 -210312 0 26 -210312 1
gene 3 3 15 207465 0 27 207465 1
gene 3 4 15 721016 0 28 721016 1
gene 2 5 15 155415 0 29 155415 1
gene 2 6 15 -68934 0 30 -68934 1
gene 3 7 15 -245769 0 31 -245769 1
gene 2 8 15 -738650 0 32 -738650 1
gene 2 9 15 580683 0 33 580683 1
gene 4 10 15 -283560 0 34 -283560 1
gene 4 11 15 4779 0 35 4779 1
gene 3 12 15 403554 0 36 403554 1
gene 4 13 15 242970 0 181 242970 1
gene 4 15 14 279573 0 212 279573 1
genomeend 54


/* Organism #55 Fitness: 0.000000 Time: 0 */
/* Position #55*/
#1 x: 20 y: 17
#2 x: 43 y: 19
#3 x: 25 y: 40
#4 x: 68 y: 77
#5 x: 80 y: 68
#6 x: 82 y: 67
genomestart 55
node 1 2 1 3
node 2 2 1 1
node 3 3 1 1
node 4 3 1 1
node 5 3 1 1
node 6 2 1 1
node 7 2 1 1
node 8 4 1 1
node 9 3 1 1
node 10 1 1 1
node 11 3 1 1
node 12 3 1 1
node 13 4 0 2
node 14 1 0 2
node 15 3 0 2
gene 1 1 13 -300348 0 1 -300348 1
gene 3 2 13 -26874 0 2 -26874 1
gene 2 3 13 -261153 0 3 -261153 1
gene 4 4 13 190785 0 4 190785 1
gene 4 5 13 460008 0 5 460008 1
gene 1 6 13 124509 0 6 124509 1
gene 4 7 13 -251904 0 7 -251904 1
gene 2 8 13 -114429 0 8 -114429 1
gene 2 9 13 -119703 0 9 -119703 1
gene 4 10 13 -66711 0 10 -66711 1
gene 3 11 13 -706088 0 11 -706088 1
gene 3 12 13 106851 0 12 106851 1
gene 3 1 14 399819 0 13 399819 1
gene 4 2 14 21438 0 14 21438 1
gene 4 3 14 -57081 0 15 -57081 1
gene 4 4 14 -61680 0 16 -61680 1
gene 2 5 14 386924 0 17 386924 1
gene 3 6 14 106827 0 18 106827 1
gene 3 7 14 -110667 0 19 -110667 1
gene 4 8 14 -539573 0 20 -539573 1
gene 3 9 14 12147 0 21 12147 1
gene 3 10 14 -253503 0 22 -253503 1
gene 1 11 14 -186294 0 23 -186294 1
gene 3 12 14 -349287 0 24 -349287 1
gene 3 1 15 -105975 0 25 -105975 1
gene 4 2 15 -49263 0 26 -49263 1
gene 3 3 15 303636 0 27 303636 1
gene 3 4 15 586622 0 28 586622 1
gene 2 5 15 50898 0 29 50898 1
gene 2 6 15 -181530 0 30 -181530 1
gene 3 7 15 -57921 0 31 -57921 1
gene 2 8 15 -738650 0 32 -738650 1
gene 2 9 15 102882 0 33 102882 1
gene 4 10 15 -127122 0 34 -127122 1
gene 4 11 15 -115014 0 35 -115014 1
gene 3 12 15 -212157 0 36 -212157 1
gene 4 13 15 402894 0 181 402894 1
gene 4 15 14 415680 0 212 415680 1
genomeend 55


/* Organism #56 Fitness: 40.000000 Time: 0 */
/* Position #56*/
#1 x: 85 y: 22
#2 x: 30 y: 21
#3 x: 77 y: 40
#4 x: 44 y: 68
#5 x: 84 y: 67
#6 x: 57 y: 85
genomestart 56
node 1 2 1 3
node 2 2 1 1
node 3 3 1 1
node 4 3 1 1
node 5 3 1 1
node 6 2 1 1
node 7 2 1 1
node 8 4 1 1
node 9 3 1 1
node 10 1 1 1
node 11 3 1 1
node 12 3 1 1
node 13 4 0 2
node 14 1 0 2
node 15 3 0 2
gene 1 1 13 -162771 0 1 -162771 1
gene 3 2 13 159378 0 2 159378 1
gene 2 3 13 -56436 0 3 -56436 1
gene 4 4 13 133305 0 4 133305 1
gene 4 5 13 -113262 0 5 -113262 1
gene 1 6 13 572655 0 6 572655 1
gene 4 7 13 -153822 0 7 -153822 1
gene 2 8 13 -164868 0 8 -164868 1
gene 2 9 13 -116871 0 9 -116871 1
gene 4 10 13 -246465 0 10 -246465 1
gene 3 11 13 -800000 0 11 -800000 1
gene 3 12 13 230202 0 12 230202 1
gene 3 1 14 582309 0 13 582309 1
gene 4 2 14 -177267 0 14 -177267 1
gene 4 3 14 55926 0 15 55926 1
gene 4 4 14 217041 0 16 217041 1
gene 2 5 14 542204 0 17 542204 1
gene 3 6 14 -154098 0 18 -154098 1
gene 3 7 14 -6552 0 19 -6552 1
gene 4 8 14 -760532 0 20 -760532 1
gene 3 9 14 284160 0 21 284160 1
gene 3 10 14 47061 0 22 47061 1
gene 1 11 14 -5589 0 23 -5589 1
gene 3 12 14 158850 0 24 158850 1
gene 3 1 15 12537 0 25 12537 1
gene 4 2 15 93480 0 26 93480 1
gene 3 3 15 -98049 0 27 -98049 1
gene 3 4 15 714590 0 28 714590 1
gene 2 5 15 -216918 0 29 -216918 1
gene 2 6 15 -213411 0 30 -213411 1
gene 3 7 15 152142 0 31 152142 1
gene 2 8 15 -800000 0 32 -800000 1
gene 2 9 15 108108 0 33 108108 1
gene 4 10 15 -127122 0 34 -127122 1
gene 4 11 15 -66141 0 35 -66141 1
gene 3 12 15 106851 0 36 106851 1
gene 4 13 15 258465 0 181 258465 1
gene 4 15 14 452472 0 212 452472 1
genomeend 56


/* Organism #57 Fitness: 0.000000 Time: 0 */
/* Position #57*/
#1 x: 85 y: 22
#2 x: 30 y: 21
#3 x: 77 y: 40
#4 x: 44 y: 68
#5 x: 84 y: 67
#6 x: 57 y: 85
genomestart 57
node 1 2 1 3
node 2 2 1 1
node 3 1 1 1
node 4 3 1 1
node 5 3 1 1
node 6 2 1 1
node 7 2 1 1
node 8 4 1 1
node 9 3 1 1
node 10 1 1 1
node 11 3 1 1
node 12 3 1 1
node 13 4 0 2
node 14 1 0 2
node 15 3 0 2
gene 1 1 13 -218832 0 1 -218832 1
gene 3 2 13 312051 0 2 312051 1
gene 2 3 13 -3 0 3 -3 1
gene 4 4 13 -201135 0 4 -201135 1
gene 4 5 13 -220347 0 5 -220347 1
gene 1 6 13 84684 0 6 84684 1
gene 4 7 13 -109845 0 7 -109845 1
gene 2 8 13 -242622 0 8 -242622 1
gene 2 9 13 -315729 0 9 -315729 1
gene 4 10 13 -209784 0 10 -209784 1
gene 3 11 13 290184 0 11 290184 1
gene 3 12 13 196578 0 12 196578 1
gene 3 1 14 665769 0 13 665769 1
gene 4 2 14 387714 0 14 387714 1
gene 4 3 14 583647 0 15 583647 1
gene 4 4 14 -82407 0 16 -82407 1
gene 2 5 14 -322374 0 17 -322374 1
gene 3 6 14 -212334 0 18 -212334 1
gene 3 7 14 -45135 0 19 -45135 1
gene 4 8 14 -530093 0 20 -530093 1
gene 3 9 14 632493 0 21 632493 1
gene 3 10 14 -126981 0 22 -126981 1
gene 1 11 14 -260751 0 23 -260751 1
gene 3 12 14 -415494 0 24 -415494 1
gene 3 1 15 396939 0 25 396939 1
gene 4 2 15 -271476 0 26 -271476 1
gene 3 3 15 121611 0 27 121611 1
gene 3 4 15 113298 0 28 113298 1
gene 2 5 15 -60072 0 29 -60072 1
gene 2 6 15 -248448 0 30 -248448 1
gene 3 7 15 126453 0 31 126453 1
gene 2 8 15 -800000 0 32 -800000 1
gene 2 9 15 -169080 0 33 -169080 1
gene 4 10 15 -56817 0 34 -56817 1
gene 4 11 15 673805 0 35 673805 1
gene 3 12 15 298092 0 36 298092 1
gene 4 13 15 -132480 0 181 -132480 1
gene 4 15 14 399084 0 212 399084 1
genomeend 57


/* Organism #58 Fitness: 0.000000 Time: 0 */
/* Position #58*/
#1 x: 21 y: 38
#2 x: 19 y: 27
#3 x: 55 y: 35
#4 x: 69 y: 73
#5 x: 26 y: 70
#6 x: 79 y: 80
genomestart 58
node 1 2 1 3
node 2 2 1 1
node 3 1 1 1
node 4 3 1 1
node 5 3 1 1
node 6 2 1 1
node 7 2 1 1
node 8 4 1 1
node 9 3 1 1
node 10 1 1 1
node 11 3 1 1
node 12 3 1 1
node 13 4 0 2
node 14 1 0 2
node 15 3 0 2
gene 1 1 13 -145980 0 1 -145980 1
gene 3 2 13 148977 0 2 148977 1
gene 2 3 13 21525 0 3 21525 1
gene 4 4 13 -174270 0 4 -174270 1
gene 4 5 13 217413 0 5 217413 1
gene 1 6 13 69900 0 6 69900 1
gene 4 7 13 230217 0 7 230217 1
gene 2 8 13 32007 0 8 32007 1
gene 2 9 13 -74790 0 9 -74790 1
gene 4 10 13 -618930 0 10 -618930 1
gene 3 11 13 -6282 0 11 -6282 1
gene 3 12 13 127395 0 12 127395 1
gene 3 1 14 716715 0 13 716715 1
gene 4 2 14 294081 0 14 294081 1
gene 4 3 14 -290445 0 15 -290445 1
gene 4 4 14 -105600 0 16 -105600 1
gene 2 5 14 -378858 0 17 -378858 1
gene 3 6 14 -179670 0 18 -179670 1
gene 3 7 14 -70719 0 19 -70719 1
gene 4 8 14 -503960 0 20 -503960 1
gene 3 9 14 217866 0 21 217866 1
gene 3 10 14 -242085 0 22 -242085 1
gene 1 11 14 283755 0 23 283755 1
gene 3 12 14 -15942 0 24 -15942 1
gene 3 1 15 124788 0 25 124788 1
gene 4 2 15 -518994 0 26 -518994 1
gene 3 3 15 97320 0 27 97320 1
gene 3 4 15 -155922 0 28 -155922 1
gene 2 5 15 60099 0 29 60099 1
gene 2 6 15 -404484 0 30 -404484 1
gene 3 7 15 12006 0 31 12006 1
gene 2 8 15 -800000 0 32 -800000 1
gene 2 9 15 76335 0 33 76335 1
gene 4 10 15 -87933 0 34 -87933 1
gene 4 11 15 800000 0 35 800000 1
gene 3 12 15 140433 0 36 140433 1
gene 4 13 15 -233547 0 181 -233547 1
gene 4 15 14 509199 0 212 509199 1
genomeend 58


/* Organism #59 Fitness: 0.000000 Time: 0 */
/* Position #59*/
#1 x: 21 y: 38
#2 x: 19 y: 27
#3 x: 55 y: 35
#4 x: 69 y: 73
#5 x: 26 y: 70
#6 x: 79 y: 80
genomestart 59
node 1 2 1 3
node 2 4 1 1
node 3 1 1 1
node 4 3 1 1
node 5 3 1 1
node 6 2 1 1
node 7 2 1 1
node 8 4 1 1
node 9 3 1 1
node 10 1 1 1
node 11 3 1 1
node 12 3 1 1
node 13 4 0 2
node 14 1 0 2
node 15 3 0 2
gene 1 1 13 -23862 0 1 -23862 1
gene 3 2 13 226707 0 2 226707 1
gene 2 3 13 160428 0 3 160428 1
gene 4 4 13 -291336 0 4 -291336 1
gene 4 5 13 -550185 0 5 -550185 1
gene 1 6 13 -258858 0 6 -258858 1
gene 4 7 13 -130980 0 7 -130980 1
gene 2 8 13 295329 0 8 295329 1
gene 2 9 13 -56634 0 9 -56634 1
gene 4 10 13 -92535 0 10 -92535 1
gene 3 11 13 -276968 0 11 -276968 1
gene 3 12 13 -259347 0 12 -259347 1
gene 3 1 14 105858 0 13 105858 1
gene 4 2 14 -190080 0 14 -190080 1
gene 4 3 14 -171381 0 15 -171381 1
gene 2 4 14 800000 0 16 800000 1
gene 2 5 14 -214137 0 17 -214137 1
gene 3 6 14 138978 0 18 138978 1
gene 3 7 14 -353130 0 19 -353130 1
gene 4 8 14 508911 0 20 508911 1
gene 3 9 14 -29760 0 21 -29760 1
gene 3 10 14 269640 0 22 269640 1
gene 1 11 14 -425361 0 23 -425361 1
gene 3 12 14 -351102 0 24 -351102 1
gene 3 1 15 -800000 0 25 -800000 1
gene 4 2 15 149103 0 26 149103 1
gene 3 3 15 -720744 0 27 -720744 1
gene 3 4 15 265809 0 28 265809 1
gene 2 5 15 -5853 0 29 -5853 1
gene 2 6 15 -99207 0 30 -99207 1
gene 3 7 15 -450693 0 31 -450693 1
gene 2 8 15 517353 0 32 517353 1
gene 2 9 15 190290 0 33 190290 1
gene 4 10 15 -171492 0 34 -171492 1
gene 4 11 15 -28707 0 35 -28707 1
gene 3 12 15 318324 0 36 318324 1
gene 4 13 15 800000 0 181 800000 1
gene 4 15 14 -38367 0 212 -38367 1
genomeend 59


/* Organism #60 Fitness: 0.000000 Time: 0 */
/* Position #60*/
#1 x: 68 y: 26
#2 x: 85 y: 31
#3 x: 78 y: 32
#4 x: 19 y: 71
#5 x: 78 y: 75
#6 x: 71 y: 65
genomestart 60
node 1 2 1 3
node 2 4 1 1
node 3 1 1 1
node 4 3 1 1
node 5 3 1 1
node 6 2 1 1
node 7 2 1 1
node 8 4 1 1
node 9 3 1 1
node 10 1 1 1
node 11 3 1 1
node 12 3 1 1
node 13 4 0 2
node 14 1 0 2
node 15 3 0 2
gene 1 1 13 -138264 0 1 -138264 1
gene 3 2 13 -195129 0 2 -195129 1
gene 2 3 13 150003 0 3 150003 1
gene 4 4 13 -442308 0 4 -442308 1
gene 4 5 13 -197046 0 5 -197046 1
gene 1 6 13 -86913 0 6 -86913 1
gene 4 7 13 -231627 0 7 -231627 1
gene 2 8 13 -232350 0 8 -232350 1
gene 2 9 13 -129579 0 9 -129579 1
gene 4 10 13 105150 0 10 105150 1
gene 3 11 13 -236366 0 11 -236366 1
gene 3 12 13 225297 0 12 225297 1
gene 3 1 14 403698 0 13 403698 1
gene 4 2 14 -4560 0 14 -4560 1
gene 4 3 14 316224 0 15 316224 1
gene 2 4 14 800000 0 16 800000 1
gene 2 5 14 -7122 0 17 -7122 1
gene 3 6 14 216054 0 18 216054 1
gene 3 7 14 50670 0 19 50670 1
gene 4 8 14 392556 0 20 392556 1
gene 3 9 14 -578178 0 21 -578178 1
gene 3 10 14 42159 0 22 42159 1
gene 1 11 14 -718539 0 23 -718539 1
gene 3 12 14 -395295 0 24 -395295 1
gene 3 1 15 -701871 0 25 -701871 1
gene 4 2 15 413019 0 26 413019 1
gene 3 3 15 -358887 0 27 -358887 1
gene 3 4 15 -217803 0 28 -217803 1
gene 2 5 15 496613 0 29 496613 1
gene 2 6 15 529365 0 30 529365 1
gene 3 7 15 -28785 0 31 -28785 1
gene 2 8 15 358578 0 32 358578 1
gene 2 9 15 106917 0 33 106917 1
gene 4 10 15 139380 0 34 139380 1
gene 4 11 15 316113 0 35 316113 1
gene 3 12 15 -284931 0 36 -284931 1
gene 4 13 15 -276390 0 181 -276390 1
gene 4 15 14 18180 0 212 18180 1
genomeend 60


/* Organism #61 Fitness: 0.000000 Time: 0 */
/* Position #61*/
#1 x: 68 y: 26
#2 x: 85 y: 31
#3 x: 78 y: 32
#4 x: 19 y: 71
#5 x: 78 y: 75
#6 x: 71 y: 65
genomestart 61
node 1 2 1 3
node 2 4 1 1
node 3 1 1 1
node 4 3 1 1
node 5 3 1 1
node 6 2 1 1
node 7 2 1 1
node 8 4 1 1
node 9 3 1 1
node 10 1 1 1
node 11 3 1 1
node 12 3 1 1
node 13 4 0 2
node 14 1 0 2
node 15 3 0 2
gene 1 1 13 -256485 0 1 -256485 1
gene 3 2 13 47082 0 2 47082 1
gene 2 3 13 -6564 0 3 -6564 1
gene 4 4 13 98217 0 4 98217 1
gene 4 5 13 -154509 0 5 -154509 1
gene 1 6 13 58368 0 6 58368 1
gene 4 7 13 -4128 0 7 -4128 1
gene 2 8 13 -352812 0 8 -352812 1
gene 2 9 13 193917 0 9 193917 1
gene 4 10 13 245526 0 10 245526 1
gene 3 11 13 -682736 0 11 -682736 1
gene 3 12 13 187095 0 12 187095 1
gene 3 1 14 205713 0 13 205713 1
gene 4 2 14 -390120 0 14 -390120 1
gene 4 3 14 98379 0 15 98379 1
gene 2 4 14 562916 0 16 562916 1
gene 2 5 14 -30516 0 17 -30516 1
gene 3 6 14 197463 0 18 197463 1
gene 3 7 14 -22782 0 19 -22782 1
gene 4 8 14 102726 0 20 102726 1
gene 3 9 14 -337962 0 21 -337962 1
gene 3 10 14 -179811 0 22 -179811 1
gene 1 11 14 -492483 0 23 -492483 1
gene 3 12 14 -737925 0 24 -737925 1
gene 3 1 15 -605223 0 25 -605223 1
gene 4 2 15 516546 0 26 516546 1
gene 3 3 15 -176166 0 27 -176166 1
gene 3 4 15 43143 0 28 43143 1
gene 2 5 15 460811 0 29 460811 1
gene 2 6 15 539472 0 30 539472 1
gene 3 7 15 -162696 0 31 -162696 1
gene 2 8 15 136806 0 32 136806 1
gene 2 9 15 -85542 0 33 -85542 1
gene 4 10 15 -54795 0 34 -54795 1
gene 4 11 15 277269 0 35 277269 1
gene 3 12 15 99987 0 36 99987 1
gene 4 13 15 -192927 0 181 -192927 1
gene 4 15 14 -34899 0 212 -34899 1
genomeend 61


/* Organism #62 Fitness: 40.000000 Time: 0 */
/* Position #62*/
#1 x: 72 y: 18
#2 x: 51 y: 25
#3 x: 65 y: 15
#4 x: 37 y: 84
#5 x: 66 y: 77
#6 x: 43 y: 85
genomestart 62
node 1 2 1 3
node 2 4 1 1
node 3 1 1 1
node 4 3 1 1
node 5 3 1 1
node 6 2 1 1
node 7 2 1 1
node 8 4 1 1
node 9 3 1 1
node 10 1 1 1
node 11 3 1 1
node 12 3 1 1
node 13 4 0 2
node 14 1 0 2
node 15 3 0 2
gene 1 1 13 -234477 0 1 -234477 1
gene 3 2 13 322260 0 2 322260 1
gene 2 3 13 -184680 0 3 -184680 1
gene 4 4 13 -123501 0 4 -123501 1
gene 4 5 13 -440310 0 5 -440310 1
gene 1 6 13 -118146 0 6 -118146 1
gene 4 7 13 -280005 0 7 -280005 1
gene 2 8 13 -260412 0 8 -260412 1
gene 2 9 13 254214 0 9 254214 1
gene 4 10 13 299700 0 10 299700 1
gene 3 11 13 -444584 0 11 -444584 1
gene 3 12 13 145041 0 12 145041 1
gene 3 1 14 334452 0 13 334452 1
gene 4 2 14 -74034 0 14 -74034 1
gene 4 3 14 253632 0 15 253632 1
gene 2 4 14 800000 0 16 800000 1
gene 2 5 14 25374 0 17 25374 1
gene 3 6 14 287676 0 18 287676 1
gene 3 7 14 177357 0 19 177357 1
gene 4 8 14 -284775 0 20 -284775 1
gene 3 9 14 -23589 0 21 -23589 1
gene 3 10 14 -215577 0 22 -215577 1
gene 1 11 14 -620160 0 23 -620160 1
gene 3 12 14 -572910 0 24 -572910 1
gene 3 1 15 -605331 0 25 -605331 1
gene 4 2 15 451503 0 26 451503 1
gene 3 3 15 -320964 0 27 -320964 1
gene 3 4 15 213438 0 28 213438 1
gene 2 5 15 408698 0 29 408698 1
gene 2 6 15 143955 0 30 143955 1
gene 3 7 15 -391308 0 31 -391308 1
gene 2 8 15 583560 0 32 583560 1
gene 2 9 15 291438 0 33 291438 1
gene 4 10 15 -138030 0 34 -138030 1
gene 4 11 15 214635 0 35 214635 1
gene 3 12 15 -98532 0 36 -98532 1
gene 4 13 15 235764 0 181 235764 1
gene 4 15 14 -283074 0 212 -283074 1
genomeend 62


/* Organism #63 Fitness: 0.000000 Time: 0 */
/* Position #63*/
#1 x: 72 y: 18
#2 x: 51 y: 25
#3 x: 65 y: 15
#4 x: 37 y: 84
#5 x: 66 y: 77
#6 x: 43 y: 85
genomestart 63
node 1 2 1 3
node 2 4 1 1
node 3 1 1 1
node 4 3 1 1
node 5 3 1 1
node 6 2 1 1
node 7 2 1 1
node 8 4 1 1
node 9 3 1 1
node 10 1 1 1
node 11 3 1 1
node 12 3 1 1
node 13 4 0 2
node 14 1 0 2
node 15 3 0 2
gene 1 1 13 -18054 0 1 -18054 1
gene 3 2 13 103239 0 2 103239 1
gene 2 3 13 39072 0 3 39072 1
gene 4 4 13 -158418 0 4 -158418 1
gene 4 5 13 145356 0 5 145356 1
gene 1 6 13 159942 0 6 159942 1
gene 4 7 13 -226242 0 7 -226242 1
gene 2 8 13 -288504 0 8 -288504 1
gene 2 9 13 153393 0 9 153393 1
gene 4 10 13 281895 0 10 281895 1
gene 3 11 13 -201141 0 11 -201141 1
gene 3 12 13 23046 0 12 23046 1
gene 3 1 14 145599 0 13 145599 1
gene 4 2 14 -160083 0 14 -160083 1
gene 4 3 14 -153237 0 15 -153237 1
gene 2 4 14 -172392 0 16 -172392 1
gene 2 5 14 -146073 0 17 -146073 1
gene 3 6 14 277437 0 18 277437 1
gene 3 7 14 -391152 0 19 -391152 1
gene 4 8 14 70167 0 20 70167 1
gene 3 9 14 73917 0 21 73917 1
gene 3 10 14 -89892 0 22 -89892 1
gene 1 11 14 -620160 0 23 -620160 1
gene 3 12 14 -236595 0 24 -236595 1
gene 3 1 15 -667014 0 25 -667014 1
gene 4 2 15 365067 0 26 365067 1
gene 3 3 15 -609192 0 27 -609192 1
gene 3 4 15 -22986 0 28 -22986 1
gene 2 5 15 253649 0 29 253649 1
gene 2 6 15 251280 0 30 251280 1
gene 3 7 15 190986 0 31 190986 1
gene 2 8 15 583560 0 32 583560 1
gene 2 9 15 -54099 0 33 -54099 1
gene 4 10 15 -51897 0 34 -51897 1
gene 4 11 15 229761 0 35 229761 1
gene 3 12 15 176505 0 36 176505 1
gene 4 13 15 800000 0 181 800000 1
gene 4 15 14 -325344 0 212 -325344 1
genomeend 63


/* Organism #65 Fitness: 0.000000 Time: 0 */
/* Position #65*/
#1 x: 84 y: 27
#2 x: 80 y: 17
#3 x: 62 y: 26
#4 x: 71 y: 71
#5 x: 50 y: 83
#6 x: 72 y: 73
genomestart 65
node 1 2 1 3
node 2 4 1 1
node 3 1 1 1
node 4 3 1 1
node 5 3 1 1
node 6 2 1 1
node 7 2 1 1
node 8 4 1 1
node 9 3 1 1
node 10 1 1 1
node 11 3 1 1
node 12 3 1 1
node 13 4 0 2
node 14 1 0 2
node 15 3 0 2
gene 1 1 13 -400863 0 1 -400863 1
gene 3 2 13 -247008 0 2 -247008 1
gene 2 3 13 -177756 0 3 -177756 1
gene 4 4 13 -395232 0 4 -395232 1
gene 4 5 13 -337671 0 5 -337671 1
gene 1 6 13 47295 0 6 47295 1
gene 4 7 13 -425607 0 7 -425607 1
gene 2 8 13 -363561 0 8 -363561 1
gene 2 9 13 173910 0 9 173910 1
gene 4 10 13 97641 0 10 97641 1
gene 3 11 13 -277973 0 11 -277973 1
gene 3 12 13 129834 0 12 129834 1
gene 3 1 14 127122 0 13 127122 1
gene 4 2 14 -62400 0 14 -62400 1
gene 4 3 14 -125625 0 15 -125625 1
gene 2 4 14 800000 0 16 800000 1
gene 2 5 14 -432087 0 17 -432087 1
gene 3 6 14 18396 0 18 18396 1
gene 3 7 14 -434883 0 19 -434883 1
gene 4 8 14 -97485 0 20 -97485 1
gene 3 9 14 -577965 0 21 -577965 1
gene 3 10 14 -116541 0 22 -116541 1
gene 1 11 14 -621387 0 23 -621387 1
gene 3 12 14 129840 0 24 129840 1
gene 3 1 15 -197733 0 25 -197733 1
gene 4 2 15 450726 0 26 450726 1
gene 3 3 15 -621180 0 27 -621180 1
gene 3 4 15 -221904 0 28 -221904 1
gene 2 5 15 305300 0 29 305300 1
gene 2 6 15 587475 0 30 587475 1
gene 3 7 15 196068 0 31 196068 1
gene 2 8 15 491409 0 32 491409 1
gene 2 9 15 -101988 0 33 -101988 1
gene 4 10 15 208227 0 34 208227 1
gene 4 11 15 58518 0 35 58518 1
gene 3 12 15 222360 0 36 222360 1
gene 4 13 15 749538 0 181 749538 1
gene 4 15 14 -28041 0 212 -28041 1
genomeend 65


/* Organism #67 Fitness: 0.000000 Time: 0 */
/* Position #67*/
#1 x: 84 y: 37
#2 x: 25 y: 26
#3 x: 50 y: 34
#4 x: 16 y: 82
#5 x: 46 y: 60
#6 x: 44 y: 65
genomestart 67
node 1 2 1 3
node 2 4 1 1
node 3 1 1 1
node 4 3 1 1
node 5 3 1 1
node 6 2 1 1
node 7 2 1 1
node 8 4 1 1
node 9 3 1 1
node 10 1 1 1
node 11 3 1 1
node 12 3 1 1
node 13 4 0 2
node 14 1 0 2
node 15 3 0 2
gene 1 1 13 -271968 0 1 -271968 1
gene 3 2 13 334410 0 2 334410 1
gene 2 3 13 -24429 0 3 -24429 1
gene 4 4 13 -279753 0 4 -279753 1
gene 4 5 13 -153861 0 5 -153861 1
gene 1 6 13 -199926 0 6 -199926 1
gene 4 7 13 61578 0 7 61578 1
gene 2 8 13 -251106 0 8 -251106 1
gene 2 9 13 71118 0 9 71118 1
gene 4 10 13 90012 0 10 90012 1
gene 3 11 13 -678950 0 11 -678950 1
gene 3 12 13 97293 0 12 97293 1
gene 3 1 14 208422 0 13 208422 1
gene 4 2 14 -525123 0 14 -525123 1
gene 4 3 14 -203124 0 15 -203124 1
gene 2 4 14 800000 0 16 800000 1
gene 2 5 14 -285195 0 17 -285195 1
gene 3 6 14 151395 0 18 151395 1
gene 3 7 14 298275 0 19 298275 1
gene 4 8 14 -3387 0 20 -3387 1
gene 3 9 14 -312279 0 21 -312279 1
gene 3 10 14 -286434 0 22 -286434 1
gene 1 11 14 -567387 0 23 -567387 1
gene 3 12 14 -488316 0 24 -488316 1
gene 3 1 15 273405 0 25 273405 1
gene 4 2 15 503181 0 26 503181 1
gene 3 3 15 -3975 0 27 -3975 1
gene 3 4 15 -248196 0 28 -248196 1
gene 2 5 15 625883 0 29 625883 1
gene 2 6 15 375024 0 30 375024 1
gene 3 7 15 -247449 0 31 -247449 1
gene 2 8 15 -31044 0 32 -31044 1
gene 2 9 15 33339 0 33 33339 1
gene 4 10 15 6312 0 34 6312 1
gene 4 11 15 17388 0 35 17388 1
gene 3 12 15 435507 0 36 435507 1
gene 4 13 15 751641 0 181 751641 1
gene 4 15 14 -145461 0 212 -145461 1
genomeend 67


/* Organism #68 Fitness: 110.000000 Time: 0 */
/* Position #68*/
#1 x: 68 y: 37
#2 x: 17 y: 34
#3 x: 30 y: 26
#4 x: 70 y: 73
#5 x: 52 y: 78
#6 x: 18 y: 73
genomestart 68
node 1 2 1 3
node 2 4 1 1
node 3 1 1 1
node 4 3 1 1
node 5 3 1 1
node 6 2 1 1
node 7 2 1 1
node 8 4 1 1
node 9 3 1 1
node 10 1 1 1
node 11 3 1 1
node 12 3 1 1
node 13 4 0 2
node 14 1 0 2
node 15 3 0 2
gene 1 1 13 -270114 0 1 -270114 1
gene 3 2 13 106005 0 2 106005 1
gene 2 3 13 96540 0 3 96540 1
gene 4 4 13 -287148 0 4 -287148 1
gene 4 5 13 -463017 0 5 -463017 1
gene 1 6 13 -199926 0 6 -199926 1
gene 4 7 13 -258729 0 7 -258729 1
gene 2 8 13 -642 0 8 -642 1
gene 2 9 13 295899 0 9 295899 1
gene 4 10 13 461694 0 10 461694 1
gene 3 11 13 164286 0 11 164286 1
gene 3 12 13 71985 0 12 71985 1
gene 3 1 14 19455 0 13 19455 1
gene 4 2 14 -34551 0 14 -34551 1
gene 4 3 14 297483 0 15 297483 1
gene 2 4 14 800000 0 16 800000 1
gene 2 5 14 -208767 0 17 -208767 1
gene 3 6 14 63051 0 18 63051 1
gene 3 7 14 123669 0 19 123669 1
gene 4 8 14 186822 0 20 186822 1
gene 3 9 14 -534045 0 21 -534045 1
gene 3 10 14 49092 0 22 49092 1
gene 1 11 14 -566382 0 23 -566382 1
gene 3 12 14 -782517 0 24 -782517 1
gene 3 1 15 -532950 0 25 -532950 1
gene 4 2 15 464802 0 26 464802 1
gene 3 3 15 -2061 0 27 -2061 1
gene 3 4 15 122349 0 28 122349 1
gene 2 5 15 356039 0 29 356039 1
gene 2 6 15 640122 0 30 640122 1
gene 3 7 15 -58920 0 31 -58920 1
gene 2 8 15 724056 0 32 724056 1
gene 2 9 15 -166623 0 33 -166623 1
gene 4 10 15 -120072 0 34 -120072 1
gene 4 11 15 -39510 0 35 -39510 1
gene 3 12 15 55788 0 36 55788 1
gene 4 13 15 166815 0 181 166815 1
gene 4 15 14 8013 0 212 8013 1
genomeend 68


/* Organism #69 Fitness: 200.000000 Time: 0 */
/* Position #69*/
#1 x: 68 y: 37
#2 x: 17 y: 34
#3 x: 30 y: 26
#4 x: 70 y: 73
#5 x: 52 y: 78
#6 x: 18 y: 73
genomestart 69
node 1 2 1 3
node 2 4 1 1
node 3 1 1 1
node 4 3 1 1
node 5 3 1 1
node 6 2 1 1
node 7 2 1 1
node 8 4 1 1
node 9 3 1 1
node 10 1 1 1
node 11 3 1 1
node 12 3 1 1
node 13 4 0 2
node 14 1 0 2
node 15 3 0 2
gene 1 1 13 -486405 0 1 -486405 1
gene 3 2 13 128055 0 2 128055 1
gene 2 3 13 125526 0 3 125526 1
gene 4 4 13 88410 0 4 88410 1
gene 4 5 13 -600939 0 5 -600939 1
gene 1 6 13 -359913 0 6 -359913 1
gene 4 7 13 -145413 0 7 -145413 1
gene 2 8 13 -92634 0 8 -92634 1
gene 2 9 13 -204531 0 9 -204531 1
gene 4 10 13 218805 0 10 218805 1
gene 3 11 13 -148835 0 11 -148835 1
gene 3 12 13 -256980 0 12 -256980 1
gene 3 1 14 240039 0 13 240039 1
gene 4 2 14 -348927 0 14 -348927 1
gene 4 3 14 192093 0 15 192093 1
gene 2 4 14 787622 0 16 787622 1
gene 2 5 14 -196185 0 17 -196185 1
gene 3 6 14 -71196 0 18 -71196 1
gene 3 7 14 95115 0 19 95115 1
gene 4 8 14 157275 0 20 157275 1
gene 3 9 14 -587919 0 21 -587919 1
gene 3 10 14 -268797 0 22 -268797 1
gene 1 11 14 -542154 0 23 -542154 1
gene 3 12 14 -579708 0 24 -579708 1
gene 3 1 15 -288771 0 25 -288771 1
gene 4 2 15 557178 0 26 557178 1
gene 3 3 15 -548991 0 27 -548991 1
gene 3 4 15 -254355 0 28 -254355 1
gene 2 5 15 601451 0 29 601451 1
gene 2 6 15 416394 0 30 416394 1
gene 3 7 15 -460359 0 31 -460359 1
gene 2 8 15 -138096 0 32 -138096 1
gene 2 9 15 -121380 0 33 -121380 1
gene 4 10 15 267948 0 34 267948 1
gene 4 11 15 17388 0 35 17388 1
gene 3 12 15 200277 0 36 200277 1
gene 4 13 15 -280806 0 181 -280806 1
gene 4 15 14 13782 0 212 13782 1
genomeend 69


/* Organism #71 Fitness: 0.000000 Time: 0 */
/* Position #71*/
#1 x: 21 y: 30
#2 x: 33 y: 27
#3 x: 50 y: 34
#4 x: 75 y: 71
#5 x: 23 y: 81
#6 x: 25 y: 70
genomestart 71
node 1 2 1 3
node 2 4 1 1
node 3 1 1 1
node 4 3 1 1
node 5 3 1 1
node 6 2 1 1
node 7 2 1 1
node 8 4 1 1
node 9 3 1 1
node 10 1 1 1
node 11 3 1 1
node 12 3 1 1
node 13 4 0 2
node 14 1 0 2
node 15 3 0 2
gene 1 1 13 -340395 0 1 -340395 1
gene 3 2 13 38349 0 2 38349 1
gene 2 3 13 -155136 0 3 -155136 1
gene 4 4 13 -39906 0 4 -39906 1
gene 4 5 13 -326346 0 5 -326346 1
gene 1 6 13 -199926 0 6 -199926 1
gene 4 7 13 -368259 0 7 -368259 1
gene 2 8 13 -133713 0 8 -133713 1
gene 2 9 13 143280 0 9 143280 1
gene 4 10 13 172446 0 10 172446 1
gene 3 11 13 -438983 0 11 -438983 1
gene 3 12 13 -278934 0 12 -278934 1
gene 3 1 14 360780 0 13 360780 1
gene 4 2 14 -231921 0 14 -231921 1
gene 4 3 14 253911 0 15 253911 1
gene 2 4 14 -109557 0 16 -109557 1
gene 2 5 14 -250443 0 17 -250443 1
gene 3 6 14 -103527 0 18 -103527 1
gene 3 7 14 -1023 0 19 -1023 1
gene 4 8 14 125127 0 20 125127 1
gene 3 9 14 42474 0 21 42474 1
gene 3 10 14 95802 0 22 95802 1
gene 1 11 14 -800000 0 23 -800000 1
gene 3 12 14 -252759 0 24 -252759 1
gene 3 1 15 -142449 0 25 -142449 1
gene 4 2 15 409698 0 26 409698 1
gene 3 3 15 -96189 0 27 -96189 1
gene 3 4 15 -22986 0 28 -22986 1
gene 2 5 15 342206 0 29 342206 1
gene 2 6 15 166068 0 30 166068 1
gene 3 7 15 -35592 0 31 -35592 1
gene 2 8 15 583560 0 32 583560 1
gene 2 9 15 -125544 0 33 -125544 1
gene 4 10 15 22581 0 34 22581 1
gene 4 11 15 49152 0 35 49152 1
gene 3 12 15 200277 0 36 200277 1
gene 4 13 15 606204 0 181 606204 1
gene 4 15 14 -35346 0 212 -35346 1
genomeend 71


/* Organism #73 Fitness: 0.000000 Time: 0 */
/* Position #73*/
#1 x: 26 y: 21
#2 x: 33 y: 24
#3 x: 34 y: 36
#4 x: 61 y: 84
#5 x: 20 y: 67
#6 x: 27 y: 72
genomestart 73
node 1 2 1 3
node 2 4 1 1
node 3 1 1 1
node 4 3 1 1
node 5 3 1 1
node 6 2 1 1
node 7 2 1 1
node 8 4 1 1
node 9 3 1 1
node 10 1 1 1
node 11 3 1 1
node 12 3 1 1
node 13 4 0 2
node 14 1 0 2
node 15 3 0 2
gene 1 1 13 -352533 0 1 -352533 1
gene 3 2 13 54690 0 2 54690 1
gene 2 3 13 79338 0 3 79338 1
gene 4 4 13 -208881 0 4 -208881 1
gene 4 5 13 -326346 0 5 -326346 1
gene 1 6 13 33678 0 6 33678 1
gene 4 7 13 -130980 0 7 -130980 1
gene 2 8 13 -469494 0 8 -469494 1
gene 2 9 13 -115998 0 9 -115998 1
gene 4 10 13 -105153 0 10 -105153 1
gene 3 11 13 -641162 0 11 -641162 1
gene 3 12 13 -243531 0 12 -243531 1
gene 3 1 14 367362 0 13 367362 1
gene 4 2 14 -530046 0 14 -530046 1
gene 4 3 14 31743 0 15 31743 1
gene 2 4 14 800000 0 16 800000 1
gene 2 5 14 -13800 0 17 -13800 1
gene 3 6 14 -47802 0 18 -47802 1
gene 3 7 14 23175 0 19 23175 1
gene 4 8 14 291240 0 20 291240 1
gene 3 9 14 -92118 0 21 -92118 1
gene 3 10 14 210933 0 22 210933 1
gene 1 11 14 -726051 0 23 -726051 1
gene 3 12 14 -378273 0 24 -378273 1
gene 3 1 15 -749397 0 25 -749397 1
gene 4 2 15 118104 0 26 118104 1
gene 3 3 15 201273 0 27 201273 1
gene 3 4 15 56646 0 28 56646 1
gene 2 5 15 365684 0 29 365684 1
gene 2 6 15 451062 0 30 451062 1
gene 3 7 15 -171519 0 31 -171519 1
gene 2 8 15 690969 0 32 690969 1
gene 2 9 15 65025 0 33 65025 1
gene 4 10 15 165786 0 34 165786 1
gene 4 11 15 17388 0 35 17388 1
gene 3 12 15 126159 0 36 126159 1
gene 4 13 15 18333 0 181 18333 1
gene 4 15 14 120645 0 212 120645 1
genomeend 73


/* Organism #75 Fitness: 0.000000 Time: 0 */
/* Position #75*/
#1 x: 31 y: 15
#2 x: 80 y: 15
#3 x: 82 y: 35
#4 x: 85 y: 81
#5 x: 54 y: 65
#6 x: 26 y: 75
genomestart 75
node 1 2 1 3
node 2 4 1 1
node 3 1 1 1
node 4 3 1 1
node 5 3 1 1
node 6 2 1 1
node 7 2 1 1
node 8 4 1 1
node 9 3 1 1
node 10 1 1 1
node 11 3 1 1
node 12 3 1 1
node 13 4 0 2
node 14 1 0 2
node 15 3 0 2
gene 1 1 13 -278544 0 1 -278544 1
gene 3 2 13 336858 0 2 336858 1
gene 2 3 13 182331 0 3 182331 1
gene 4 4 13 310122 0 4 310122 1
gene 4 5 13 -531045 0 5 -531045 1
gene 1 6 13 370800 0 6 370800 1
gene 4 7 13 -520470 0 7 -520470 1
gene 2 8 13 5184 0 8 5184 1
gene 2 9 13 -325569 0 9 -325569 1
gene 4 10 13 540357 0 10 540357 1
gene 3 11 13 -540014 0 11 -540014 1
gene 3 12 13 237972 0 12 237972 1
gene 3 1 14 275130 0 13 275130 1
gene 4 2 14 -413328 0 14 -413328 1
gene 4 3 14 94401 0 15 94401 1
gene 2 4 14 800000 0 16 800000 1
gene 2 5 14 -236844 0 17 -236844 1
gene 3 6 14 113238 0 18 113238 1
gene 3 7 14 -206520 0 19 -206520 1
gene 4 8 14 -6741 0 20 -6741 1
gene 3 9 14 74901 0 21 74901 1
gene 2 10 14 -109449 0 22 -109449 1
gene 1 11 14 -312969 0 23 -312969 1
gene 3 12 14 -243576 0 24 -243576 1
gene 3 1 15 -249114 0 25 -249114 1
gene 4 2 15 -229965 0 26 -229965 1
gene 3 3 15 -200610 0 27 -200610 1
gene 3 4 15 230604 0 28 230604 1
gene 2 5 15 554627 0 29 554627 1
gene 2 6 15 198147 0 30 198147 1
gene 3 7 15 -72891 0 31 -72891 1
gene 2 8 15 264870 0 32 264870 1
gene 2 9 15 -268431 0 33 -268431 1
gene 4 10 15 -274014 0 34 -274014 1
gene 4 11 15 54018 0 35 54018 1
gene 3 12 15 -395070 0 36 -395070 1
gene 4 13 15 -221382 0 181 -221382 1
gene 4 15 14 9798 0 212 9798 1
genomeend 75


/* Organism #77 Fitness: 0.000000 Time: 0 */
/* Position #77*/
#1 x: 42 y: 30
#2 x: 28 y: 19
#3 x: 78 y: 34
#4 x: 21 y: 66
#5 x: 16 y: 78
#6 x: 59 y: 66
genomestart 77
node 1 2 1 3
node 2 4 1 1
node 3 1 1 1
node 4 3 1 1
node 5 3 1 1
node 6 2 1 1
node 7 2 1 1
node 8 4 1 1
node 9 3 1 1
node 10 1 1 1
node 11 3 1 1
node 12 3 1 1
node 13 4 0 2
node 14 1 0 2
node 15 3 0 2
gene 1 1 13 -8103 0 1 -8103 1
gene 3 2 13 -204453 0 2 -204453 1
gene 2 3 13 -205143 0 3 -205143 1
gene 4 4 13 201924 0 4 201924 1
gene 4 5 13 -329679 0 5 -329679 1
gene 1 6 13 587091 0 6 587091 1
gene 4 7 13 -94845 0 7 -94845 1
gene 2 8 13 -7410 0 8 -7410 1
gene 2 9 13 -227643 0 9 -227643 1
gene 4 10 13 153666 0 10 153666 1
gene 3 11 13 -163346 0 11 -163346 1
gene 3 12 13 92376 0 12 92376 1
gene 3 1 14 505437 0 13 505437 1
gene 4 2 14 -316743 0 14 -316743 1
gene 4 3 14 25263 0 15 25263 1
gene 2 4 14 640643 0 16 640643 1
gene 2 5 14 -553467 0 17 -553467 1
gene 3 6 14 394854 0 18 394854 1
gene 3 7 14 744 0 19 744 1
gene 4 8 14 -284415 0 20 -284415 1
gene 3 9 14 34968 0 21 34968 1
gene 3 10 14 178218 0 22 178218 1
gene 1 11 14 -330576 0 23 -330576 1
gene 3 12 14 -739350 0 24 -739350 1
gene 3 1 15 -677694 0 25 -677694 1
gene 4 2 15 -303753 0 26 -303753 1
gene 3 3 15 -487548 0 27 -487548 1
gene 3 4 15 -235911 0 28 -235911 1
gene 2 5 15 574187 0 29 574187 1
gene 2 6 15 353964 0 30 353964 1
gene 3 7 15 -120840 0 31 -120840 1
gene 2 8 15 198897 0 32 198897 1
gene 2 9 15 -732054 0 33 -732054 1
gene 4 10 15 -177276 0 34 -177276 1
gene 2 11 15 190413 0 35 190413 1
gene 3 12 15 -291204 0 36 -291204 1
gene 4 13 15 669123 0 181 669123 1
gene 4 15 14 176100 0 212 176100 1
genomeend 77


/* Organism #79 Fitness: 20.000000 Time: 0 */
/* Position #79*/
#1 x: 31 y: 15
#2 x: 18 y: 18
#3 x: 25 y: 29
#4 x: 44 y: 69
#5 x: 75 y: 67
#6 x: 75 y: 68
genomestart 79
node 1 2 1 3
node 2 4 1 1
node 3 2 1 1
node 4 3 1 1
node 5 3 1 1
node 6 2 1 1
node 7 2 1 1
node 8 4 1 1
node 9 3 1 1
node 10 1 1 1
node 11 3 1 1
node 12 3 1 1
node 13 4 0 2
node 14 1 0 2
node 15 3 0 2
gene 1 1 13 -174204 0 1 -174204 1
gene 3 2 13 333432 0 2 333432 1
gene 2 3 13 33801 0 3 33801 1
gene 4 4 13 -268314 0 4 -268314 1
gene 4 5 13 -800000 0 5 -800000 1
gene 1 6 13 559632 0 6 559632 1
gene 4 7 13 -409137 0 7 -409137 1
gene 2 8 13 -62040 0 8 -62040 1
gene 2 9 13 -459072 0 9 -459072 1
gene 4 10 13 565929 0 10 565929 1
gene 3 11 13 -638921 0 11 -638921 1
gene 3 12 13 21588 0 12 21588 1
gene 3 1 14 181224 0 13 181224 1
gene 4 2 14 15030 0 14 15030 1
gene 4 3 14 41931 0 15 41931 1
gene 2 4 14 800000 0 16 800000 1
gene 2 5 14 5796 0 17 5796 1
gene 3 6 14 -54312 0 18 -54312 1
gene 3 7 14 -183852 0 19 -183852 1
gene 4 8 14 76695 0 20 76695 1
gene 3 9 14 313335 0 21 313335 1
gene 3 10 14 -342486 0 22 -342486 1
gene 1 11 14 -757758 0 23 -757758 1
gene 3 12 14 -800000 0 24 -800000 1
gene 3 1 15 -203190 0 25 -203190 1
gene 4 2 15 -139779 0 26 -139779 1
gene 3 3 15 -442950 0 27 -442950 1
gene 3 4 15 -39693 0 28 -39693 1
gene 2 5 15 131501 0 29 131501 1
gene 2 6 15 130518 0 30 130518 1
gene 3 7 15 20703 0 31 20703 1
gene 2 8 15 385662 0 32 385662 1
gene 2 9 15 273783 0 33 273783 1
gene 4 10 15 -295296 0 34 -295296 1
gene 4 11 15 99639 0 35 99639 1
gene 3 12 15 -409116 0 36 -409116 1
gene 4 13 15 505650 0 181 505650 1
gene 4 15 14 176100 0 212 176100 1
genomeend 79


