/* Organism #8 Fitness: 390.000000 Time: 0 */
/* Position #8*/
#1 x: 35 y: 40
#2 x: 24 y: 21
#3 x: 58 y: 22
#4 x: 45 y: 84
#5 x: 58 y: 72
#6 x: 49 y: 80
genomestart 8
trait 1 1.000000 0.000000 0.000000 0.000000 0.000000 0.000000 0.000000 0.000000 trait 2 2.000000 38776.000000 520.000000 0.000000 0.000000 0.000000 0.000000 5778.000000 trait 3 3.000000 0.000000 0.000000 0.000000 0.000000 0.000000 0.000000 0.000000 trait 4 4.000000 0.000000 0.000000 0.000000 0.000000 0.000000 0.000000 0.000000 node 1 3 1 3
node 2 4 1 1
node 3 3 1 1
node 4 1 1 1
node 5 2 1 1
node 6 2 1 1
node 7 1 1 1
node 8 2 1 1
node 9 1 1 1
node 10 2 1 1
node 11 1 1 1
node 12 3 1 1
node 13 3 0 2
node 14 3 0 2
node 15 4 0 2
node 34 1 0 0
node 82 1 0 0
node 98 1 0 0
node 129 1 0 0
node 248 1 0 0
node 252 1 0 0
node 360 1 0 0
node 385 1 0 0
node 459 1 0 0
node 482 1 0 0
node 538 1 0 0
node 604 1 0 0
node 652 1 0 0
node 719 1 0 0
node 768 1 0 0
node 884 1 0 0
node 991 1 0 0
node 1026 1 0 0
node 1087 1 0 0
node 1149 1 0 0
node 1177 1 0 0
gene 1 1 13 302898 0 1 302898 1
gene 4 2 13 309075 0 2 309075 1
gene 2 3 13 -332925 0 3 -332925 0
gene 1 4 13 248265 0 4 248265 1
gene 2 5 13 -440628 0 5 -440628 0
gene 4 6 13 -38247 0 6 -38247 1
gene 1 7 13 252570 0 7 252570 0
gene 2 8 13 -363549 0 8 -363549 1
gene 3 9 13 192197 0 9 192197 1
gene 4 10 13 92691 0 10 92691 1
gene 4 11 13 82368 0 11 82368 0
gene 3 12 13 -538700 0 12 -538700 1
gene 1 1 14 289218 0 13 289218 1
gene 2 2 14 -226338 0 14 -226338 0
gene 3 3 14 412309 0 15 412309 1
gene 4 4 14 592727 0 16 592727 0
gene 4 5 14 424529 0 17 424529 1
gene 3 6 14 -543752 0 18 -543752 0
gene 4 7 14 -792996 0 19 -792996 0
gene 3 8 14 -280437 0 20 -280437 0
gene 4 9 14 289146 0 21 289146 1
gene 1 10 14 219263 0 22 219263 1
gene 2 11 14 -271911 0 23 -271911 1
gene 1 12 14 201450 0 24 201450 1
gene 4 1 15 225216 0 25 225216 1
gene 2 2 15 511131 0 26 511131 1
gene 3 3 15 -794423 0 27 -794423 1
gene 3 4 15 334395 0 28 334395 1
gene 2 5 15 394347 0 29 394347 0
gene 3 6 15 36252 0 30 36252 0
gene 2 7 15 175629 0 31 175629 1
gene 1 8 15 -72471 0 32 -72471 0
gene 4 9 15 -30381 0 33 -30381 0
gene 3 10 15 92928 0 34 92928 1
gene 2 11 15 -99726 0 35 -99726 1
gene 4 12 15 300760 0 36 300760 1
gene 4 9 34 800000 0 79 800000 1
gene 4 34 15 204025 0 80 204025 0
gene 1 7 34 250383 0 147 250383 1
gene 1 7 82 -55743 0 205 -55743 1
gene 1 82 34 -95382 0 206 -95382 1
gene 4 12 98 -258374 0 255 -258374 1
gene 4 98 13 788774 0 256 788774 0
gene 1 8 129 -137622 0 328 -137622 1
gene 1 129 13 506802 0 329 506802 0
gene 1 4 129 -240060 0 449 -240060 0
gene 1 4 248 245656 0 653 245656 1
gene 1 248 129 75193 0 654 75193 0
gene 2 5 252 -360728 0 665 -360728 1
gene 2 252 13 -29940 0 666 -29940 1
gene 2 14 82 304593 0 796 304593 1
gene 1 248 360 14503 0 958 14503 1
gene 1 360 129 -563306 0 959 -563306 1
gene 1 8 385 -216081 0 1025 -216081 1
gene 1 385 15 -323232 0 1026 -323232 1
gene 3 8 459 -57953 0 1217 -57953 0
gene 3 459 14 195015 0 1218 195015 0
gene 2 3 482 -175082 0 1281 -175082 1
gene 2 482 13 -218004 0 1282 -218004 1
gene 1 360 252 -7598 0 1366 -7598 0
gene 1 360 538 241888 0 1425 241888 0
gene 1 538 252 -636008 0 1426 -636008 1
gene 1 129 604 -351680 0 1586 -351680 1
gene 1 604 13 84993 0 1587 84993 1
gene 2 2 652 82786 0 1705 82786 1
gene 2 652 14 -188787 0 1706 -188787 1
gene 3 6 719 -281262 0 1882 -281262 1
gene 3 719 14 -800000 0 1883 -800000 1
gene 3 6 768 2883 0 2006 2883 1
gene 3 768 15 64320 0 2007 64320 1
gene 2 10 482 283125 0 2077 283125 1
gene 4 34 884 -14831 0 2292 -14831 1
gene 4 884 15 81955 0 2293 81955 0
gene 3 538 884 -164518 0 2371 -164518 1
gene 1 360 991 1 0 2567 0 1
gene 1 991 538 241888 0 2568 0 1
gene 4 884 1026 1 0 2650 0 1
gene 4 1026 15 81955 0 2651 0 1
gene 3 252 252 -4379 1 2725 -4379 1
gene 3 459 1087 1 0 2803 0 1
gene 3 1087 14 195015 0 2804 0 1
gene 3 459 459 -15448 1 2881 -15448 1
gene 4 98 1149 1 0 2967 0 1
gene 4 1149 13 788774 0 2968 0 1
gene 3 8 1177 1 0 3037 0 1
gene 3 1177 459 -57953 0 3038 0 1
genomeend 8


/* Organism #10 Fitness: 270.000000 Time: 0 */
/* Position #10*/
#1 x: 35 y: 40
#2 x: 70 y: 22
#3 x: 26 y: 40
#4 x: 25 y: 83
#5 x: 75 y: 83
#6 x: 68 y: 62
genomestart 10
trait 1 1.000000 0.000000 0.000000 0.000000 0.000000 0.000000 0.000000 0.000000 trait 2 2.000000 0.000000 0.000000 0.000000 0.000000 0.000000 0.000000 0.000000 trait 3 3.000000 0.000000 0.000000 0.000000 0.000000 0.000000 0.000000 0.000000 trait 4 4.000000 0.000000 0.000000 0.000000 0.000000 0.000000 0.000000 0.000000 node 1 3 1 3
node 2 3 1 1
node 3 1 1 1
node 4 2 1 1
node 5 4 1 1
node 6 3 1 1
node 7 2 1 1
node 8 3 1 1
node 9 1 1 1
node 10 1 1 1
node 11 1 1 1
node 12 1 1 1
node 13 3 0 2
node 14 3 0 2
node 15 2 0 2
node 30 1 0 0
node 156 1 0 0
node 183 1 0 0
node 207 1 0 0
node 238 1 0 0
node 310 1 0 0
node 388 1 0 0
node 419 1 0 0
node 455 1 0 0
node 492 1 0 0
node 548 1 0 0
node 721 1 0 0
node 741 1 0 0
node 1066 1 0 0
node 1095 1 0 0
node 1151 1 0 0
gene 2 1 13 282147 0 1 282147 1
gene 2 2 13 800000 0 2 800000 0
gene 2 3 13 -800000 0 3 -800000 1
gene 1 4 13 -467787 0 4 -467787 1
gene 1 5 13 -38913 0 5 -38913 1
gene 3 6 13 -516504 0 6 -516504 1
gene 4 7 13 100293 0 7 100293 0
gene 1 8 13 -490764 0 8 -490764 1
gene 3 9 13 120537 0 9 120537 1
gene 4 10 13 -128786 0 10 -128786 1
gene 4 11 13 -29919 0 11 -29919 0
gene 3 12 13 160368 0 12 160368 0
gene 1 1 14 -373866 0 13 -373866 1
gene 2 2 14 -96423 0 14 -96423 0
gene 1 3 14 -638640 0 15 -638640 1
gene 3 4 14 -633636 0 16 -633636 1
gene 2 5 14 226407 0 17 226407 1
gene 4 6 14 -310788 0 18 -310788 1
gene 3 7 14 -240915 0 19 -240915 1
gene 3 8 14 61869 0 20 61869 1
gene 1 9 14 -800000 0 21 -800000 0
gene 1 10 14 -121329 0 22 -121329 1
gene 3 11 14 -174369 0 23 -174369 1
gene 4 12 14 -312716 0 24 -312716 1
gene 1 1 15 346896 0 25 346896 1
gene 2 2 15 -30315 0 26 -30315 1
gene 2 3 15 130545 0 27 130545 1
gene 3 4 15 -394284 0 28 -394284 1
gene 2 5 15 -650313 0 29 -650313 0
gene 2 6 15 565999 0 30 565999 1
gene 3 7 15 782424 0 31 782424 0
gene 4 8 15 -661623 0 32 -661623 0
gene 3 9 15 -800000 0 33 -800000 1
gene 1 10 15 124230 0 34 124230 0
gene 2 11 15 -43104 0 35 -43104 1
gene 2 12 15 51708 0 36 51708 0
gene 2 2 30 144740 0 68 144740 1
gene 2 30 14 -259161 0 69 -259161 1
gene 1 12 30 467942 0 128 467942 0
gene 4 13 14 88650 0 154 88650 1
gene 1 5 156 -568314 0 401 -568314 1
gene 1 156 13 -244296 0 402 -244296 1
gene 2 11 183 288703 0 483 288703 1
gene 2 183 15 -346691 0 484 -346691 1
gene 2 3 207 -474164 0 547 -474164 1
gene 2 207 13 -258669 0 548 -258669 1
gene 2 5 238 512559 0 628 512559 1
gene 2 238 15 -63790 0 629 -63790 1
gene 3 10 183 -194469 0 685 -194469 1
gene 3 9 207 63903 0 756 63903 1
gene 4 12 310 106570 0 820 106570 1
gene 2 310 30 9033 0 821 9033 1
gene 3 10 388 -64746 0 1034 -64746 1
gene 3 388 183 -103401 0 1035 -103401 1
gene 3 7 419 410643 0 1104 410643 1
gene 3 419 15 227877 0 1105 227877 1
gene 1 9 455 66984 0 1202 66984 1
gene 1 455 14 -336393 0 1203 -336393 1
gene 4 11 492 -266295 0 1305 -266295 1
gene 4 492 13 -186525 0 1306 -186525 1
gene 4 7 548 -40524 0 1450 -40524 1
gene 4 548 13 33753 0 1451 33753 1
gene 2 183 238 195681 0 1528 195681 1
gene 4 8 721 -145080 0 1888 -145080 1
gene 4 721 15 371163 0 1889 371163 1
gene 2 2 741 4219 0 1941 4219 1
gene 2 741 13 221307 0 1942 221307 1
gene 3 455 455 -46519 1 2482 -46519 1
gene 2 6 30 25721 0 2542 25721 1
gene 2 12 1066 1 0 2749 0 1
gene 2 1066 15 51708 0 2750 0 1
gene 3 12 1095 1 0 2824 0 1
gene 3 1095 13 160368 0 2825 0 1
gene 3 183 548 36127 0 2893 36127 1
gene 1 10 1151 1 0 2973 0 1
gene 1 1151 15 124230 0 2974 0 1
gene 3 310 156 -32948 0 3039 -32948 1
genomeend 10


/* Organism #28 Fitness: 300.000000 Time: 0 */
/* Position #28*/
#1 x: 30 y: 32
#2 x: 47 y: 15
#3 x: 83 y: 26
#4 x: 73 y: 78
#5 x: 46 y: 72
#6 x: 61 y: 67
genomestart 28
trait 1 1.000000 0.000000 0.000000 0.000000 0.000000 0.000000 0.000000 0.000000 trait 2 2.000000 38776.000000 520.000000 0.000000 0.000000 0.000000 0.000000 5778.000000 trait 3 0.000000 0.000000 0.000000 0.000000 0.000000 0.000000 0.000000 54110.000000 trait 4 4.000000 0.000000 0.000000 0.000000 0.000000 0.000000 0.000000 0.000000 node 1 3 1 3
node 2 4 1 1
node 3 3 1 1
node 4 1 1 1
node 5 2 1 1
node 6 2 1 1
node 7 1 1 1
node 8 2 1 1
node 9 1 1 1
node 10 2 1 1
node 11 1 1 1
node 12 3 1 1
node 13 3 0 2
node 14 3 0 2
node 15 4 0 2
node 34 1 0 0
node 82 1 0 0
node 98 1 0 0
node 129 1 0 0
node 248 1 0 0
node 252 1 0 0
node 360 1 0 0
node 385 1 0 0
node 533 1 0 0
node 569 1 0 0
node 603 1 0 0
node 704 1 0 0
node 766 1 0 0
node 792 1 0 0
node 923 1 0 0
node 946 1 0 0
node 1009 1 0 0
node 1043 1 0 0
node 1130 1 0 0
gene 1 1 13 -231534 0 1 -231534 1
gene 4 2 13 341217 0 2 341217 0
gene 2 3 13 361998 0 3 361998 1
gene 1 4 13 438516 0 4 438516 0
gene 2 5 13 -23187 0 5 -23187 0
gene 4 6 13 800000 0 6 800000 0
gene 1 7 13 286188 0 7 286188 0
gene 2 8 13 -195891 0 8 -195891 0
gene 3 9 13 -624561 0 9 -624561 1
gene 4 10 13 -81393 0 10 -81393 0
gene 4 11 13 -742454 0 11 -742454 0
gene 3 12 13 -363155 0 12 -363155 0
gene 1 1 14 762184 0 13 762184 1
gene 2 2 14 -258849 0 14 -258849 0
gene 4 3 14 -800000 0 15 -800000 1
gene 4 4 14 -127743 0 16 -127743 1
gene 4 5 14 11193 0 17 11193 1
gene 3 6 14 -364456 0 18 -364456 1
gene 4 7 14 -31917 0 19 -31917 0
gene 3 8 14 -502821 0 20 -502821 1
gene 4 9 14 -360900 0 21 -360900 1
gene 1 10 14 529859 0 22 529859 1
gene 2 11 14 -443253 0 23 -443253 1
gene 1 12 14 -13551 0 24 -13551 1
gene 4 1 15 264699 0 25 264699 1
gene 2 2 15 -362298 0 26 -362298 1
gene 3 3 15 -401031 0 27 -401031 1
gene 3 4 15 700539 0 28 700539 1
gene 2 5 15 -457437 0 29 -457437 0
gene 3 6 15 99750 0 30 99750 1
gene 2 7 15 -425691 0 31 -425691 1
gene 1 8 15 -339804 0 32 -339804 0
gene 4 9 15 -375171 0 33 -375171 0
gene 4 10 15 -800000 0 34 -800000 1
gene 2 11 15 112335 0 35 112335 0
gene 4 12 15 -247242 0 36 -247242 0
gene 4 9 34 -11688 0 79 -11688 1
gene 4 34 15 728775 0 80 728775 0
gene 1 7 34 41129 0 147 41129 0
gene 1 7 82 -194127 0 205 -194127 1
gene 1 82 34 168362 0 206 168362 1
gene 4 12 98 563306 0 255 563306 1
gene 4 98 13 119940 0 256 119940 1
gene 1 8 129 167043 0 328 167043 1
gene 1 129 13 -257778 0 329 -257778 1
gene 1 4 129 -29388 0 449 -29388 0
gene 1 4 248 142113 0 653 142113 1
gene 1 248 129 59637 0 654 59637 0
gene 2 5 252 99762 0 665 99762 0
gene 2 252 13 695342 0 666 695342 1
gene 2 14 82 -723156 0 796 -723156 1
gene 1 248 360 -216642 0 958 -216642 0
gene 1 360 129 213738 0 959 213738 1
gene 1 8 385 -159447 0 1025 -159447 1
gene 1 385 15 78165 0 1026 78165 0
gene 3 6 248 -94401 0 1214 -94401 1
gene 2 2 533 -630860 0 1414 -630860 0
gene 2 533 14 619145 0 1415 619145 1
gene 2 2 569 67224 0 1499 67224 1
gene 2 569 533 154557 0 1500 154557 1
gene 4 34 603 150216 0 1584 150216 1
gene 4 603 15 417468 0 1585 417468 1
gene 4 2 704 -470033 0 1846 -470033 1
gene 4 704 13 709832 0 1847 709832 0
gene 4 10 766 -217110 0 2001 -217110 1
gene 4 766 13 -361011 0 2002 -361011 0
gene 2 11 792 107332 0 2070 107332 1
gene 2 792 15 475777 0 2071 475777 1
gene 4 360 569 189852 0 2152 189852 1
gene 1 248 923 -108660 0 2389 -108660 1
gene 1 923 360 -308805 0 2390 -308805 1
gene 4 766 946 72076 0 2447 72076 1
gene 4 946 13 -52086 0 2448 -52086 1
gene 2 14 98 -100892 0 2525 -100892 1
gene 1 385 1009 185373 0 2614 185373 1
gene 1 1009 15 -19605 0 2615 -19605 1
gene 2 5 1043 426562 0 2694 426562 1
gene 2 1043 252 373992 0 2695 373992 1
gene 4 704 1130 1 0 2924 1 1
gene 4 1130 13 737768 0 2925 737768 1
gene 1 946 248 -98558 0 2993 -98558 1
genomeend 28


/* Organism #30 Fitness: 280.000000 Time: 0 */
/* Position #30*/
#1 x: 26 y: 31
#2 x: 53 y: 33
#3 x: 15 y: 31
#4 x: 65 y: 67
#5 x: 52 y: 79
#6 x: 61 y: 70
genomestart 30
trait 1 48944.000000 0.000000 45162.000000 0.000000 0.000000 0.000000 0.000000 32701.000000 trait 2 2.000000 19388.000000 260.000000 0.000000 0.000000 0.000000 0.000000 2889.000000 trait 3 3.000000 0.000000 0.000000 0.000000 0.000000 0.000000 32195.000000 0.000000 trait 4 4.000000 0.000000 0.000000 0.000000 0.000000 0.000000 0.000000 0.000000 node 1 3 1 3
node 2 4 1 1
node 3 3 1 1
node 4 1 1 1
node 5 2 1 1
node 6 2 1 1
node 7 1 1 1
node 8 2 1 1
node 9 1 1 1
node 10 2 1 1
node 11 1 1 1
node 12 3 1 1
node 13 3 0 2
node 14 3 0 2
node 15 4 0 2
node 34 1 0 0
node 82 1 0 0
node 98 1 0 0
node 129 1 0 0
node 248 1 0 0
node 252 1 0 0
node 360 1 0 0
node 385 1 0 0
node 533 1 0 0
node 569 1 0 0
node 603 1 0 0
node 704 1 0 0
node 766 1 0 0
node 792 1 0 0
node 871 1 0 0
node 928 1 0 0
node 953 1 0 0
node 976 1 0 0
node 1012 1 0 0
node 1188 1 0 0
gene 1 1 13 -145080 0 1 -145080 1
gene 4 2 13 475022 0 2 475022 0
gene 2 3 13 -190074 0 3 -190074 1
gene 1 4 13 269610 0 4 269610 0
gene 1 5 13 426780 0 5 426780 0
gene 3 6 13 800000 0 6 800000 0
gene 1 7 13 121500 0 7 121500 0
gene 2 8 13 85101 0 8 85101 0
gene 3 9 13 66969 0 9 66969 1
gene 4 10 13 -108009 0 10 -108009 0
gene 4 11 13 688980 0 11 688980 0
gene 3 12 13 -325751 0 12 -325751 0
gene 1 1 14 579133 0 13 579133 1
gene 2 2 14 -272391 0 14 -272391 0
gene 1 3 14 224889 0 15 224889 1
gene 4 4 14 266705 0 16 266705 1
gene 4 5 14 -628099 0 17 -628099 0
gene 4 6 14 -5853 0 18 -5853 1
gene 3 7 14 -212547 0 19 -212547 1
gene 3 8 14 335829 0 20 335829 0
gene 4 9 14 176814 0 21 176814 1
gene 1 10 14 506534 0 22 506534 1
gene 2 11 14 574973 0 23 574973 0
gene 4 12 14 -599879 0 24 -599879 1
gene 1 1 15 331269 0 25 331269 1
gene 2 2 15 -402171 0 26 -402171 1
gene 3 3 15 -346341 0 27 -346341 1
gene 3 4 15 227544 0 28 227544 1
gene 2 5 15 726327 0 29 726327 0
gene 3 6 15 -240246 0 30 -240246 1
gene 2 7 15 -607710 0 31 -607710 0
gene 1 8 15 -382812 0 32 -382812 0
gene 4 9 15 388590 0 33 388590 0
gene 4 10 15 -224430 0 34 -224430 1
gene 2 11 15 -235641 0 35 -235641 0
gene 2 12 15 -364938 0 36 -364938 0
gene 4 9 34 -82062 0 79 -82062 0
gene 4 34 15 -28578 0 80 -28578 0
gene 1 7 34 67116 0 147 67116 0
gene 1 7 82 249147 0 205 249147 1
gene 1 82 34 186002 0 206 186002 1
gene 4 12 98 614967 0 255 614967 1
gene 4 98 13 -117879 0 256 -117879 1
gene 1 8 129 -800000 0 328 -800000 1
gene 1 129 13 -73068 0 329 -73068 1
gene 1 4 129 377505 0 449 377505 0
gene 1 4 248 57927 0 653 57927 1
gene 1 248 129 73212 0 654 73212 0
gene 2 5 252 218073 0 665 218073 1
gene 2 252 13 79836 0 666 79836 1
gene 2 14 82 360132 0 796 360132 1
gene 1 248 360 -372702 0 958 -372702 1
gene 1 360 129 -474150 0 959 -474150 0
gene 1 8 385 211416 0 1025 211416 1
gene 1 385 15 -1344 0 1026 -1344 0
gene 3 6 248 -123324 0 1214 -123324 1
gene 2 2 533 -279758 0 1414 -279758 0
gene 2 533 14 313847 0 1415 313847 1
gene 2 2 569 -83159 0 1499 -83159 1
gene 2 569 533 253258 0 1500 253258 1
gene 4 34 603 15318 0 1584 15318 1
gene 4 603 15 620259 0 1585 620259 1
gene 4 2 704 211 0 1846 211 1
gene 4 704 13 800000 0 1847 800000 1
gene 4 10 766 -315149 0 2001 -315149 1
gene 4 766 13 351396 0 2002 351396 1
gene 2 11 792 15928 0 2070 15928 1
gene 2 792 15 238339 0 2071 238339 1
gene 4 360 569 -178449 0 2152 -178449 1
gene 4 9 871 206041 0 2259 206041 1
gene 4 871 34 -96228 0 2260 -96228 0
gene 4 5 928 -287492 0 2403 -287492 1
gene 4 928 14 -562996 0 2404 -562996 1
gene 1 360 953 452040 0 2462 452040 1
gene 1 953 129 19173 0 2463 19173 1
gene 3 8 976 213096 0 2529 213096 1
gene 3 976 14 353622 0 2530 353622 1
gene 4 871 1012 212413 0 2621 212413 1
gene 4 1012 34 -104127 0 2622 -104127 1
gene 4 13 603 -9039 0 3000 -9039 1
gene 2 11 1188 1 0 3063 0 1
gene 2 1188 14 574973 0 3064 0 1
genomeend 30


/* Organism #32 Fitness: 240.000000 Time: 0 */
/* Position #32*/
#1 x: 41 y: 28
#2 x: 15 y: 15
#3 x: 23 y: 26
#4 x: 56 y: 81
#5 x: 67 y: 74
#6 x: 53 y: 67
genomestart 32
trait 1 48944.000000 0.000000 45162.000000 0.000000 0.000000 0.000000 0.000000 32701.000000 trait 2 2.000000 19388.000000 260.000000 0.000000 0.000000 0.000000 0.000000 2889.000000 trait 3 3.000000 0.000000 0.000000 0.000000 0.000000 0.000000 32195.000000 0.000000 trait 4 4.000000 0.000000 0.000000 0.000000 0.000000 0.000000 0.000000 0.000000 node 1 3 1 3
node 2 4 1 1
node 3 3 1 1
node 4 1 1 1
node 5 2 1 1
node 6 2 1 1
node 7 1 1 1
node 8 2 1 1
node 9 1 1 1
node 10 2 1 1
node 11 1 1 1
node 12 3 1 1
node 13 3 0 2
node 14 3 0 2
node 15 4 0 2
node 34 1 0 0
node 82 1 0 0
node 98 1 0 0
node 129 1 0 0
node 248 1 0 0
node 252 1 0 0
node 360 1 0 0
node 385 1 0 0
node 533 1 0 0
node 569 1 0 0
node 603 1 0 0
node 704 1 0 0
node 766 1 0 0
node 792 1 0 0
node 871 1 0 0
node 928 1 0 0
node 953 1 0 0
node 976 1 0 0
node 1012 1 0 0
gene 1 1 13 -145080 0 1 -145080 1
gene 4 2 13 475022 0 2 475022 0
gene 2 3 13 -190074 0 3 -190074 1
gene 1 4 13 269610 0 4 269610 0
gene 1 5 13 426780 0 5 426780 0
gene 3 6 13 800000 0 6 800000 0
gene 1 7 13 121500 0 7 121500 0
gene 2 8 13 85101 0 8 85101 0
gene 3 9 13 66969 0 9 66969 1
gene 4 10 13 -108009 0 10 -108009 0
gene 4 11 13 688980 0 11 688980 0
gene 3 12 13 -325751 0 12 -325751 0
gene 1 1 14 579133 0 13 579133 1
gene 2 2 14 -272391 0 14 -272391 0
gene 1 3 14 224889 0 15 224889 1
gene 4 4 14 266705 0 16 266705 1
gene 4 5 14 -628099 0 17 -628099 0
gene 4 6 14 -5853 0 18 -5853 1
gene 3 7 14 -212547 0 19 -212547 1
gene 3 8 14 335829 0 20 335829 0
gene 4 9 14 176814 0 21 176814 1
gene 1 10 14 506534 0 22 506534 1
gene 2 11 14 574973 0 23 574973 1
gene 4 12 14 -599879 0 24 -599879 1
gene 1 1 15 331269 0 25 331269 1
gene 2 2 15 -402171 0 26 -402171 1
gene 3 3 15 -346341 0 27 -346341 1
gene 3 4 15 227544 0 28 227544 1
gene 2 5 15 726327 0 29 726327 0
gene 3 6 15 -240246 0 30 -240246 1
gene 2 7 15 -607710 0 31 -607710 0
gene 1 8 15 -382812 0 32 -382812 0
gene 4 9 15 388590 0 33 388590 0
gene 4 10 15 -224430 0 34 -224430 1
gene 2 11 15 -235641 0 35 -235641 0
gene 2 12 15 -364938 0 36 -364938 0
gene 4 9 34 -82062 0 79 -82062 0
gene 4 34 15 -28578 0 80 -28578 0
gene 1 7 34 67116 0 147 67116 0
gene 1 7 82 249147 0 205 249147 1
gene 1 82 34 186002 0 206 186002 1
gene 4 12 98 614967 0 255 614967 1
gene 4 98 13 -117879 0 256 -117879 1
gene 1 8 129 -800000 0 328 -800000 1
gene 1 129 13 -73068 0 329 -73068 1
gene 1 4 129 377505 0 449 377505 0
gene 1 4 248 57927 0 653 57927 1
gene 1 248 129 73212 0 654 73212 0
gene 2 5 252 218073 0 665 218073 1
gene 2 252 13 79836 0 666 79836 1
gene 2 14 82 360132 0 796 360132 1
gene 1 248 360 -372702 0 958 -372702 1
gene 1 360 129 -474150 0 959 -474150 0
gene 1 8 385 211416 0 1025 211416 1
gene 1 385 15 -1344 0 1026 -1344 0
gene 3 6 248 -123324 0 1214 -123324 1
gene 2 2 533 -279758 0 1414 -279758 0
gene 2 533 14 313847 0 1415 313847 1
gene 2 2 569 -83159 0 1499 -83159 1
gene 2 569 533 253258 0 1500 253258 1
gene 4 34 603 15318 0 1584 15318 1
gene 4 603 15 620259 0 1585 620259 1
gene 4 2 704 211 0 1846 211 1
gene 4 704 13 800000 0 1847 800000 1
gene 4 10 766 -315149 0 2001 -315149 1
gene 4 766 13 351396 0 2002 351396 1
gene 2 11 792 15928 0 2070 15928 1
gene 2 792 15 238339 0 2071 238339 1
gene 4 360 569 -178449 0 2152 -178449 1
gene 4 9 871 206041 0 2259 206041 1
gene 4 871 34 -96228 0 2260 -96228 0
gene 4 5 928 -287492 0 2403 -287492 1
gene 4 928 14 -562996 0 2404 -562996 1
gene 1 360 953 452040 0 2462 452040 1
gene 1 953 129 19173 0 2463 19173 1
gene 3 8 976 213096 0 2529 213096 1
gene 3 976 14 353622 0 2530 353622 1
gene 4 871 1012 212413 0 2621 212413 1
gene 4 1012 34 -104127 0 2622 -104127 1
gene 4 13 603 -9039 0 3000 -9039 1
gene 1 252 766 57596 0 3067 57596 1
genomeend 32


/* Organism #38 Fitness: 250.000000 Time: 0 */
/* Position #38*/
#1 x: 53 y: 18
#2 x: 23 y: 24
#3 x: 43 y: 19
#4 x: 33 y: 70
#5 x: 33 y: 64
#6 x: 33 y: 81
genomestart 38
trait 1 8452.000000 70728.000000 81475.000000 0.000000 0.000000 0.000000 0.000000 0.000000 trait 2 2.000000 0.000000 0.000000 0.000000 0.000000 0.000000 0.000000 0.000000 trait 3 3.000000 0.000000 0.000000 0.000000 0.000000 0.000000 0.000000 0.000000 trait 4 4.000000 0.000000 0.000000 0.000000 0.000000 0.000000 0.000000 0.000000 node 1 3 1 3
node 2 3 1 1
node 3 1 1 1
node 4 2 1 1
node 5 4 1 1
node 6 4 1 1
node 7 2 1 1
node 8 3 1 1
node 9 1 1 1
node 10 1 1 1
node 11 1 1 1
node 12 1 1 1
node 13 3 0 2
node 14 3 0 2
node 15 2 0 2
node 27 1 0 0
node 101 1 0 0
node 146 1 0 0
node 186 1 0 0
node 217 1 0 0
node 240 1 0 0
node 260 1 0 0
node 287 1 0 0
node 311 1 0 0
node 421 1 0 0
node 488 1 0 0
node 504 1 0 0
node 543 1 0 0
node 576 1 0 0
node 656 1 0 0
node 775 1 0 0
node 800 1 0 0
node 917 1 0 0
node 943 1 0 0
node 1002 1 0 0
node 1042 1 0 0
node 1108 1 0 0
node 1193 1 0 0
gene 2 1 13 58624 0 1 58624 1
gene 3 2 13 41584 0 2 41584 1
gene 2 3 13 86175 0 3 86175 0
gene 4 4 13 -41972 0 4 -41972 1
gene 2 5 13 50569 0 5 50569 1
gene 4 6 13 -317485 0 6 -317485 1
gene 1 7 13 -232665 0 7 -232665 1
gene 2 8 13 -94641 0 8 -94641 1
gene 3 9 13 164490 0 9 164490 1
gene 4 10 13 -162496 0 10 -162496 1
gene 3 11 13 -745389 0 11 -745389 1
gene 2 12 13 -126037 0 12 -126037 1
gene 1 1 14 87306 0 13 87306 1
gene 2 2 14 712437 0 14 712437 1
gene 2 3 14 -75123 0 15 -75123 1
gene 3 4 14 110364 0 16 110364 1
gene 4 5 14 -9958 0 17 -9958 1
gene 3 6 14 -291467 0 18 -291467 0
gene 3 7 14 -49890 0 19 -49890 1
gene 3 8 14 -120646 0 20 -120646 1
gene 4 9 14 -170590 0 21 -170590 1
gene 1 10 14 -719643 0 22 -719643 1
gene 3 11 14 -35821 0 23 -35821 1
gene 1 12 14 -160593 0 24 -160593 1
gene 4 1 15 12588 0 25 12588 1
gene 4 2 15 -18186 0 26 -18186 1
gene 3 3 15 486463 0 27 486463 1
gene 3 4 15 548428 0 28 548428 1
gene 2 5 15 113551 0 29 113551 1
gene 3 6 15 118338 0 30 118338 1
gene 2 7 15 53233 0 31 53233 1
gene 4 8 15 98902 0 32 98902 0
gene 3 9 15 488603 0 33 488603 1
gene 1 10 15 175320 0 34 175320 1
gene 3 11 15 44851 0 35 44851 1
gene 4 12 15 54769 0 36 54769 1
gene 1 7 27 -545547 0 61 -545547 1
gene 1 27 13 -198023 0 62 -198023 1
gene 1 1 27 76186 0 216 76186 1
gene 1 7 101 602005 0 261 602005 1
gene 1 101 27 -38401 0 262 -38401 1
gene 2 8 146 522863 0 375 522863 1
gene 2 146 13 269293 0 376 269293 1
gene 4 12 186 -246163 0 490 -246163 1
gene 4 186 15 -74530 0 491 -74530 1
gene 1 10 217 -8034 0 572 -8034 1
gene 1 217 15 -800000 0 573 -800000 1
gene 3 3 240 -800000 0 632 -800000 1
gene 3 240 15 -171984 0 633 -171984 1
gene 4 6 260 452497 0 687 452497 1
gene 4 260 13 77980 0 688 77980 1
gene 1 217 287 -208263 0 760 -208263 1
gene 1 287 15 131502 0 761 131502 1
gene 1 101 311 -532453 0 822 -532453 1
gene 1 311 27 21747 0 823 21747 1
gene 2 146 421 -10716 0 1109 -10716 1
gene 2 421 13 408928 0 1110 408928 1
gene 3 240 488 20776 0 1296 20776 1
gene 3 488 15 -108099 0 1297 -108099 0
gene 3 6 504 689292 0 1338 689292 1
gene 3 504 14 114498 0 1339 114498 1
gene 2 3 543 565453 0 1438 565453 0
gene 2 543 13 -495915 0 1439 -495915 0
gene 2 3 576 -320071 0 1519 -320071 1
gene 2 576 543 -92845 0 1520 -92845 0
gene 3 488 656 63517 0 1713 63517 1
gene 3 656 15 -193216 0 1714 -193216 1
gene 4 5 311 -229785 0 1963 -229785 1
gene 3 11 775 246055 0 2023 246055 0
gene 3 775 15 -229617 0 2024 -229617 1
gene 2 3 800 -5117 0 2090 -5117 1
gene 2 800 576 -391882 0 2091 -391882 1
gene 1 576 15 -8194 0 2295 -8194 1
gene 3 240 917 70585 0 2374 70584 1
gene 3 917 488 78142 0 2375 32716 0
gene 2 576 943 129163 0 2435 129162 1
gene 2 943 543 -75045 0 2436 36931 1
gene 4 101 800 41793 0 2516 41793 1
gene 2 3 1002 -26778 0 2597 -26779 1
gene 2 1002 543 439897 0 2598 212978 1
gene 4 8 1042 -108402 0 2692 -108403 1
gene 4 1042 15 125682 0 2693 118575 1
gene 2 543 1108 1 0 2863 0 1
gene 2 1108 13 -495915 0 2864 0 1
gene 4 421 14 2273 0 3003 2273 1
gene 3 11 1193 1 0 3074 0 1
gene 3 1193 775 246055 0 3075 0 1
genomeend 38


/* Organism #46 Fitness: 480.000000 Time: 0 */
/* Position #46*/
#1 x: 16 y: 32
#2 x: 21 y: 33
#3 x: 45 y: 21
#4 x: 23 y: 71
#5 x: 24 y: 79
#6 x: 43 y: 81
genomestart 46
trait 1 1.000000 0.000000 0.000000 0.000000 0.000000 0.000000 0.000000 0.000000 trait 2 2.000000 38776.000000 520.000000 0.000000 0.000000 0.000000 0.000000 5778.000000 trait 3 3.000000 0.000000 0.000000 0.000000 0.000000 0.000000 0.000000 0.000000 trait 4 4.000000 0.000000 0.000000 0.000000 0.000000 0.000000 0.000000 0.000000 node 1 3 1 3
node 2 4 1 1
node 3 3 1 1
node 4 1 1 1
node 5 2 1 1
node 6 2 1 1
node 7 1 1 1
node 8 2 1 1
node 9 1 1 1
node 10 2 1 1
node 11 1 1 1
node 12 3 1 1
node 13 3 0 2
node 14 3 0 2
node 15 4 0 2
node 34 1 0 0
node 82 1 0 0
node 98 1 0 0
node 129 1 0 0
node 248 1 0 0
node 252 1 0 0
node 360 1 0 0
node 385 1 0 0
node 533 1 0 0
node 569 1 0 0
node 603 1 0 0
node 704 1 0 0
node 766 1 0 0
node 792 1 0 0
node 923 1 0 0
node 946 1 0 0
node 1099 1 0 0
gene 1 1 13 -260172 0 1 -260172 1
gene 4 2 13 8148 0 2 8148 0
gene 2 3 13 316191 0 3 316191 1
gene 1 4 13 335211 0 4 335211 0
gene 2 5 13 -60078 0 5 -60078 0
gene 4 6 13 491393 0 6 491393 0
gene 1 7 13 314817 0 7 314817 0
gene 2 8 13 20577 0 8 20577 0
gene 3 9 13 -134325 0 9 -134325 1
gene 4 10 13 -126729 0 10 -126729 0
gene 4 11 13 -645734 0 11 -645734 0
gene 3 12 13 205737 0 12 205737 0
gene 1 1 14 -55659 0 13 -55659 1
gene 2 2 14 348775 0 14 348775 0
gene 4 3 14 17346 0 15 17346 1
gene 4 4 14 159923 0 16 159923 1
gene 4 5 14 -678559 0 17 -678559 1
gene 3 6 14 -752386 0 18 -752386 1
gene 4 7 14 -364104 0 19 -364104 0
gene 3 8 14 -267597 0 20 -267597 1
gene 4 9 14 13722 0 21 13722 1
gene 1 10 14 638168 0 22 638168 1
gene 2 11 14 -133959 0 23 -133959 1
gene 1 12 14 800000 0 24 800000 1
gene 4 1 15 128982 0 25 128982 1
gene 2 2 15 17895 0 26 17895 1
gene 3 3 15 -477048 0 27 -477048 1
gene 3 4 15 249801 0 28 249801 1
gene 2 5 15 140646 0 29 140646 0
gene 3 6 15 52647 0 30 52647 1
gene 2 7 15 -610422 0 31 -610422 1
gene 1 8 15 -6663 0 32 -6663 0
gene 4 9 15 97014 0 33 97014 0
gene 4 10 15 45135 0 34 45135 1
gene 2 11 15 369840 0 35 369840 0
gene 4 12 15 196305 0 36 196305 0
gene 4 9 34 -289206 0 79 -289206 1
gene 4 34 15 122727 0 80 122727 0
gene 1 7 34 -266679 0 147 -266679 0
gene 1 7 82 45417 0 205 45417 1
gene 1 82 34 203603 0 206 203603 1
gene 4 12 98 -234603 0 255 -234603 1
gene 4 98 13 214047 0 256 214047 1
gene 1 8 129 -145835 0 328 -145835 1
gene 1 129 13 377667 0 329 377667 1
gene 1 4 129 5931 0 449 5931 0
gene 1 4 248 266859 0 653 266859 1
gene 1 248 129 800000 0 654 800000 0
gene 2 5 252 181329 0 665 181329 0
gene 2 252 13 78807 0 666 78807 1
gene 2 14 82 -94989 0 796 -94989 1
gene 1 248 360 -199368 0 958 -199368 0
gene 1 360 129 -528258 0 959 -528258 1
gene 1 8 385 131607 0 1025 131607 1
gene 1 385 15 404190 0 1026 404190 1
gene 3 6 248 -602532 0 1214 -602532 1
gene 2 2 533 -289346 0 1414 -289346 0
gene 2 533 14 231240 0 1415 231240 1
gene 2 2 569 -79838 0 1499 -79838 1
gene 2 569 533 -194598 0 1500 -194598 1
gene 4 34 603 -263054 0 1584 -263054 1
gene 4 603 15 69765 0 1585 69765 1
gene 4 2 704 -123758 0 1846 -123758 1
gene 4 704 13 -304494 0 1847 -304494 1
gene 4 10 766 557400 0 2001 557400 1
gene 4 766 13 -213783 0 2002 -213783 0
gene 2 11 792 127437 0 2070 127437 1
gene 2 792 15 647731 0 2071 647731 1
gene 4 360 569 -108954 0 2152 -108954 1
gene 1 248 923 -182598 0 2389 -182598 1
gene 1 923 360 -319278 0 2390 -319278 1
gene 4 766 946 346767 0 2447 346767 1
gene 4 946 13 252897 0 2448 252897 1
gene 1 34 946 298674 0 2757 298674 1
gene 2 5 1099 -72654 0 2833 -72654 1
gene 2 1099 252 209622 0 2834 209622 1
gene 2 12 82 -11609 0 3018 -11609 1
gene 3 385 360 -70255 0 3085 -70255 1
genomeend 46


/* Organism #48 Fitness: 240.000000 Time: 0 */
/* Position #48*/
#1 x: 69 y: 37
#2 x: 26 y: 15
#3 x: 84 y: 23
#4 x: 33 y: 70
#5 x: 84 y: 69
#6 x: 47 y: 68
genomestart 48
trait 1 1.000000 0.000000 0.000000 0.000000 0.000000 0.000000 0.000000 0.000000 trait 2 2.000000 38776.000000 520.000000 0.000000 0.000000 0.000000 0.000000 5778.000000 trait 3 3.000000 0.000000 0.000000 0.000000 0.000000 0.000000 0.000000 0.000000 trait 4 4.000000 0.000000 0.000000 0.000000 0.000000 0.000000 0.000000 0.000000 node 1 3 1 3
node 2 4 1 1
node 3 3 1 1
node 4 1 1 1
node 5 2 1 1
node 6 2 1 1
node 7 1 1 1
node 8 2 1 1
node 9 1 1 1
node 10 2 1 1
node 11 1 1 1
node 12 3 1 1
node 13 3 0 2
node 14 3 0 2
node 15 4 0 2
node 34 1 0 0
node 82 1 0 0
node 98 1 0 0
node 129 1 0 0
node 248 1 0 0
node 252 1 0 0
node 360 1 0 0
node 385 1 0 0
node 533 1 0 0
node 569 1 0 0
node 603 1 0 0
node 704 1 0 0
node 766 1 0 0
node 792 1 0 0
node 923 1 0 0
node 946 1 0 0
node 1099 1 0 0
node 1197 1 0 0
gene 1 1 13 -260172 0 1 -260172 1
gene 4 2 13 8148 0 2 8148 0
gene 2 3 13 316191 0 3 316191 1
gene 1 4 13 335211 0 4 335211 0
gene 2 5 13 -60078 0 5 -60078 0
gene 4 6 13 491393 0 6 491393 0
gene 1 7 13 314817 0 7 314817 0
gene 2 8 13 20577 0 8 20577 0
gene 3 9 13 -134325 0 9 -134325 1
gene 4 10 13 -126729 0 10 -126729 0
gene 4 11 13 -645734 0 11 -645734 0
gene 3 12 13 205737 0 12 205737 0
gene 1 1 14 -55659 0 13 -55659 1
gene 2 2 14 348775 0 14 348775 0
gene 4 3 14 17346 0 15 17346 1
gene 4 4 14 159923 0 16 159923 1
gene 4 5 14 -678559 0 17 -678559 1
gene 3 6 14 -752386 0 18 -752386 1
gene 4 7 14 -364104 0 19 -364104 0
gene 3 8 14 -267597 0 20 -267597 1
gene 4 9 14 13722 0 21 13722 1
gene 1 10 14 638168 0 22 638168 1
gene 2 11 14 -133959 0 23 -133959 1
gene 1 12 14 800000 0 24 800000 1
gene 4 1 15 128982 0 25 128982 1
gene 2 2 15 17895 0 26 17895 1
gene 3 3 15 -477048 0 27 -477048 1
gene 3 4 15 249801 0 28 249801 1
gene 2 5 15 140646 0 29 140646 0
gene 3 6 15 52647 0 30 52647 1
gene 2 7 15 -610422 0 31 -610422 1
gene 1 8 15 -6663 0 32 -6663 0
gene 4 9 15 97014 0 33 97014 0
gene 4 10 15 45135 0 34 45135 1
gene 2 11 15 369840 0 35 369840 0
gene 4 12 15 196305 0 36 196305 0
gene 4 9 34 -289206 0 79 -289206 1
gene 4 34 15 122727 0 80 122727 0
gene 1 7 34 -266679 0 147 -266679 0
gene 1 7 82 45417 0 205 45417 1
gene 1 82 34 203603 0 206 203603 1
gene 4 12 98 -234603 0 255 -234603 1
gene 4 98 13 214047 0 256 214047 1
gene 1 8 129 -145835 0 328 -145835 1
gene 1 129 13 377667 0 329 377667 1
gene 1 4 129 5931 0 449 5931 0
gene 1 4 248 266859 0 653 266859 1
gene 1 248 129 800000 0 654 800000 0
gene 2 5 252 181329 0 665 181329 0
gene 2 252 13 78807 0 666 78807 1
gene 2 14 82 -94989 0 796 -94989 1
gene 1 248 360 -199368 0 958 -199368 0
gene 1 360 129 -528258 0 959 -528258 0
gene 1 8 385 131607 0 1025 131607 1
gene 1 385 15 404190 0 1026 404190 1
gene 3 6 248 -602532 0 1214 -602532 1
gene 2 2 533 -289346 0 1414 -289346 0
gene 2 533 14 231240 0 1415 231240 1
gene 2 2 569 -79838 0 1499 -79838 1
gene 2 569 533 -194598 0 1500 -194598 1
gene 4 34 603 -263054 0 1584 -263054 1
gene 4 603 15 69765 0 1585 69765 1
gene 4 2 704 -123758 0 1846 -123758 1
gene 4 704 13 -304494 0 1847 -304494 1
gene 4 10 766 557400 0 2001 557400 1
gene 4 766 13 -213783 0 2002 -213783 0
gene 2 11 792 127437 0 2070 127437 1
gene 2 792 15 647731 0 2071 647731 1
gene 4 360 569 -108954 0 2152 -108954 1
gene 1 248 923 -182598 0 2389 -182598 1
gene 1 923 360 -319278 0 2390 -319278 1
gene 4 766 946 346767 0 2447 346767 1
gene 4 946 13 252897 0 2448 252897 1
gene 1 34 946 298674 0 2757 298674 1
gene 2 5 1099 -72654 0 2833 -72654 1
gene 2 1099 252 209622 0 2834 209622 1
gene 2 12 82 -11609 0 3018 -11609 1
gene 1 360 1197 1 0 3087 0 1
gene 1 1197 129 -528258 0 3088 0 1
genomeend 48


/* Organism #58 Fitness: 240.000000 Time: 0 */
/* Position #58*/
#1 x: 47 y: 30
#2 x: 58 y: 23
#3 x: 29 y: 15
#4 x: 27 y: 65
#5 x: 73 y: 65
#6 x: 46 y: 67
genomestart 58
trait 1 8452.000000 70728.000000 81475.000000 0.000000 0.000000 0.000000 0.000000 0.000000 trait 2 2.000000 0.000000 0.000000 0.000000 0.000000 0.000000 0.000000 0.000000 trait 3 3.000000 0.000000 0.000000 0.000000 0.000000 0.000000 0.000000 0.000000 trait 4 4.000000 0.000000 0.000000 0.000000 0.000000 0.000000 0.000000 0.000000 node 1 3 1 3
node 2 3 1 1
node 3 1 1 1
node 4 2 1 1
node 5 4 1 1
node 6 4 1 1
node 7 2 1 1
node 8 3 1 1
node 9 1 1 1
node 10 1 1 1
node 11 1 1 1
node 12 1 1 1
node 13 3 0 2
node 14 3 0 2
node 15 2 0 2
node 27 1 0 0
node 101 1 0 0
node 146 1 0 0
node 186 1 0 0
node 217 1 0 0
node 240 1 0 0
node 260 1 0 0
node 287 1 0 0
node 311 1 0 0
node 421 1 0 0
node 488 1 0 0
node 504 1 0 0
node 543 1 0 0
node 576 1 0 0
node 656 1 0 0
node 775 1 0 0
node 800 1 0 0
node 917 1 0 0
node 943 1 0 0
node 1002 1 0 0
node 1123 1 0 0
gene 2 1 13 43221 0 1 43221 1
gene 3 2 13 65970 0 2 65970 1
gene 2 3 13 -224598 0 3 -224598 0
gene 4 4 13 431383 0 4 431383 1
gene 2 5 13 323604 0 5 323604 1
gene 4 6 13 248826 0 6 248826 1
gene 1 7 13 -176106 0 7 -176106 0
gene 2 8 13 271449 0 8 271449 1
gene 3 9 13 73440 0 9 73440 1
gene 4 10 13 -59877 0 10 -59877 1
gene 3 11 13 -800000 0 11 -800000 1
gene 2 12 13 -4596 0 12 -4596 1
gene 1 1 14 -54615 0 13 -54615 1
gene 2 2 14 301890 0 14 301890 1
gene 2 3 14 370746 0 15 370746 0
gene 3 4 14 220695 0 16 220695 1
gene 4 5 14 51804 0 17 51804 1
gene 3 6 14 -141315 0 18 -141315 1
gene 3 7 14 -339162 0 19 -339162 1
gene 3 8 14 -429273 0 20 -429273 1
gene 4 9 14 -112176 0 21 -112176 1
gene 1 10 14 -748730 0 22 -748730 1
gene 3 11 14 206520 0 23 206520 1
gene 1 12 14 132987 0 24 132987 1
gene 4 1 15 9159 0 25 9159 1
gene 4 2 15 -286488 0 26 -286488 1
gene 3 3 15 603117 0 27 603117 1
gene 3 4 15 486792 0 28 486792 1
gene 2 5 15 457200 0 29 457200 1
gene 3 6 15 -89349 0 30 -89349 1
gene 2 7 15 93330 0 31 93330 1
gene 4 8 15 36258 0 32 36258 1
gene 3 9 15 115098 0 33 115098 1
gene 1 10 15 -63252 0 34 -63252 1
gene 3 11 15 207869 0 35 207869 0
gene 4 12 15 47697 0 36 47697 1
gene 1 7 27 -715028 0 61 -715028 1
gene 1 27 13 60999 0 62 60999 1
gene 1 1 27 171447 0 216 171447 1
gene 1 7 101 800000 0 261 800000 1
gene 1 101 27 -248438 0 262 -248438 1
gene 2 8 146 445573 0 375 445573 1
gene 2 146 13 359907 0 376 359907 1
gene 4 12 186 -738288 0 490 -738288 1
gene 4 186 15 196980 0 491 196980 1
gene 1 10 217 147639 0 572 147639 1
gene 1 217 15 -126369 0 573 -126369 1
gene 3 3 240 5106 0 632 5106 1
gene 3 240 15 -130491 0 633 -130491 1
gene 4 6 260 -256878 0 687 -256878 1
gene 4 260 13 263145 0 688 263145 1
gene 1 217 287 198666 0 760 198666 1
gene 1 287 15 311604 0 761 311604 1
gene 1 101 311 178401 0 822 178401 1
gene 1 311 27 291840 0 823 291840 1
gene 2 146 421 -171642 0 1109 -171642 1
gene 2 421 13 309477 0 1110 309477 1
gene 3 240 488 -139680 0 1296 -139680 0
gene 3 488 15 126876 0 1297 126876 0
gene 3 6 504 -280182 0 1338 -280182 1
gene 3 504 14 69384 0 1339 69384 1
gene 2 3 543 486775 0 1438 486775 0
gene 2 543 13 -506136 0 1439 -506136 1
gene 2 3 576 -52902 0 1519 -52902 1
gene 2 576 543 -737931 0 1520 -737931 0
gene 3 488 656 205545 0 1713 205545 1
gene 3 656 15 243948 0 1714 243948 1
gene 4 5 311 -18615 0 1963 -18615 1
gene 3 11 775 447966 0 2023 447966 1
gene 3 775 15 -73404 0 2024 -73404 1
gene 2 3 800 16650 0 2090 16650 1
gene 2 800 576 -407040 0 2091 -407040 1
gene 1 576 15 266127 0 2295 266127 1
gene 3 240 917 136749 0 2374 136749 1
gene 3 917 488 -256881 0 2375 -256881 1
gene 2 576 943 262398 0 2435 262398 1
gene 2 943 543 160062 0 2436 160062 1
gene 4 101 800 571521 0 2516 571521 1
gene 2 3 1002 -461663 0 2597 -461663 1
gene 2 1002 543 -125988 0 2598 -125988 1
gene 4 217 917 156365 0 2840 156365 1
gene 2 3 1123 286576 0 2907 286576 1
gene 2 1123 14 119595 0 2908 119595 1
genomeend 58


/* Organism #60 Fitness: 260.000000 Time: 0 */
/* Position #60*/
#1 x: 51 y: 22
#2 x: 20 y: 15
#3 x: 67 y: 36
#4 x: 31 y: 67
#5 x: 62 y: 81
#6 x: 44 y: 85
genomestart 60
trait 1 8452.000000 70728.000000 81475.000000 0.000000 0.000000 0.000000 0.000000 0.000000 trait 2 2.000000 0.000000 0.000000 0.000000 0.000000 0.000000 0.000000 0.000000 trait 3 3.000000 0.000000 0.000000 0.000000 0.000000 0.000000 0.000000 0.000000 trait 4 4.000000 0.000000 0.000000 0.000000 0.000000 0.000000 0.000000 0.000000 node 1 3 1 3
node 2 3 1 1
node 3 1 1 1
node 4 2 1 1
node 5 4 1 1
node 6 4 1 1
node 7 2 1 1
node 8 3 1 1
node 9 1 1 1
node 10 1 1 1
node 11 1 1 1
node 12 1 1 1
node 13 3 0 2
node 14 3 0 2
node 15 2 0 2
node 27 1 0 0
node 101 1 0 0
node 146 1 0 0
node 186 1 0 0
node 217 1 0 0
node 240 1 0 0
node 260 1 0 0
node 287 1 0 0
node 311 1 0 0
node 421 1 0 0
node 488 1 0 0
node 504 1 0 0
node 543 1 0 0
node 576 1 0 0
node 656 1 0 0
node 775 1 0 0
node 800 1 0 0
node 917 1 0 0
node 943 1 0 0
node 1002 1 0 0
node 1123 1 0 0
node 1203 1 0 0
gene 2 1 13 43221 0 1 43221 1
gene 3 2 13 65970 0 2 65970 1
gene 2 3 13 -224598 0 3 -224598 0
gene 4 4 13 431383 0 4 431383 1
gene 2 5 13 323604 0 5 323604 1
gene 4 6 13 248826 0 6 248826 1
gene 1 7 13 -176106 0 7 -176106 0
gene 2 8 13 271449 0 8 271449 1
gene 3 9 13 73440 0 9 73440 1
gene 4 10 13 -59877 0 10 -59877 1
gene 3 11 13 -800000 0 11 -800000 1
gene 2 12 13 -4596 0 12 -4596 1
gene 1 1 14 -54615 0 13 -54615 1
gene 2 2 14 301890 0 14 301890 1
gene 2 3 14 370746 0 15 370746 0
gene 3 4 14 220695 0 16 220695 1
gene 4 5 14 51804 0 17 51804 1
gene 3 6 14 -141315 0 18 -141315 1
gene 3 7 14 -339162 0 19 -339162 1
gene 3 8 14 -429273 0 20 -429273 1
gene 4 9 14 -112176 0 21 -112176 1
gene 1 10 14 -748730 0 22 -748730 1
gene 3 11 14 206520 0 23 206520 1
gene 1 12 14 132987 0 24 132987 1
gene 4 1 15 9159 0 25 9159 1
gene 4 2 15 -286488 0 26 -286488 1
gene 3 3 15 603117 0 27 603117 1
gene 3 4 15 486792 0 28 486792 1
gene 2 5 15 457200 0 29 457200 1
gene 3 6 15 -89349 0 30 -89349 1
gene 2 7 15 93330 0 31 93330 1
gene 4 8 15 36258 0 32 36258 1
gene 3 9 15 115098 0 33 115098 1
gene 1 10 15 -63252 0 34 -63252 1
gene 3 11 15 207869 0 35 207869 0
gene 4 12 15 47697 0 36 47697 1
gene 1 7 27 -715028 0 61 -715028 1
gene 1 27 13 60999 0 62 60999 1
gene 1 1 27 171447 0 216 171447 1
gene 1 7 101 800000 0 261 800000 1
gene 1 101 27 -248438 0 262 -248438 1
gene 2 8 146 445573 0 375 445573 1
gene 2 146 13 359907 0 376 359907 1
gene 4 12 186 -738288 0 490 -738288 1
gene 4 186 15 196980 0 491 196980 1
gene 1 10 217 147639 0 572 147639 1
gene 1 217 15 -126369 0 573 -126369 1
gene 3 3 240 5106 0 632 5106 1
gene 3 240 15 -130491 0 633 -130491 1
gene 4 6 260 -256878 0 687 -256878 1
gene 4 260 13 263145 0 688 263145 1
gene 1 217 287 198666 0 760 198666 1
gene 1 287 15 311604 0 761 311604 1
gene 1 101 311 178401 0 822 178401 1
gene 1 311 27 291840 0 823 291840 1
gene 2 146 421 -171642 0 1109 -171642 1
gene 2 421 13 309477 0 1110 309477 1
gene 3 240 488 -139680 0 1296 -139680 0
gene 3 488 15 126876 0 1297 126876 0
gene 3 6 504 -280182 0 1338 -280182 1
gene 3 504 14 69384 0 1339 69384 1
gene 2 3 543 486775 0 1438 486775 0
gene 2 543 13 -506136 0 1439 -506136 1
gene 2 3 576 -52902 0 1519 -52902 1
gene 2 576 543 -737931 0 1520 -737931 0
gene 3 488 656 205545 0 1713 205545 1
gene 3 656 15 243948 0 1714 243948 1
gene 4 5 311 -18615 0 1963 -18615 1
gene 3 11 775 447966 0 2023 447966 1
gene 3 775 15 -73404 0 2024 -73404 1
gene 2 3 800 16650 0 2090 16650 1
gene 2 800 576 -407040 0 2091 -407040 1
gene 1 576 15 266127 0 2295 266127 1
gene 3 240 917 136749 0 2374 136749 1
gene 3 917 488 -256881 0 2375 -256881 1
gene 2 576 943 262398 0 2435 262398 1
gene 2 943 543 160062 0 2436 160062 1
gene 4 101 800 571521 0 2516 571521 1
gene 2 3 1002 -461663 0 2597 -461663 1
gene 2 1002 543 -125988 0 2598 -125988 1
gene 4 217 917 156365 0 2840 156365 0
gene 2 3 1123 286576 0 2907 286576 1
gene 2 1123 14 119595 0 2908 119595 1
gene 4 217 1203 1 0 3101 0 1
gene 4 1203 917 156365 0 3102 0 1
genomeend 60


/* Organism #61 Fitness: 260.000000 Time: 0 */
/* Position #61*/
#1 x: 51 y: 22
#2 x: 20 y: 15
#3 x: 67 y: 36
#4 x: 31 y: 67
#5 x: 62 y: 81
#6 x: 44 y: 85
genomestart 61
trait 1 8452.000000 70728.000000 81475.000000 0.000000 0.000000 0.000000 0.000000 0.000000 trait 2 2.000000 0.000000 0.000000 0.000000 0.000000 0.000000 0.000000 0.000000 trait 3 3.000000 0.000000 0.000000 0.000000 0.000000 0.000000 0.000000 0.000000 trait 4 4.000000 0.000000 0.000000 0.000000 0.000000 0.000000 0.000000 0.000000 node 1 3 1 3
node 2 3 1 1
node 3 1 1 1
node 4 2 1 1
node 5 4 1 1
node 6 4 1 1
node 7 2 1 1
node 8 3 1 1
node 9 1 1 1
node 10 1 1 1
node 11 1 1 1
node 12 1 1 1
node 13 3 0 2
node 14 3 0 2
node 15 2 0 2
node 27 1 0 0
node 101 1 0 0
node 146 1 0 0
node 186 1 0 0
node 217 1 0 0
node 240 1 0 0
node 260 1 0 0
node 287 1 0 0
node 311 1 0 0
node 421 1 0 0
node 488 1 0 0
node 504 1 0 0
node 543 1 0 0
node 576 1 0 0
node 656 1 0 0
node 775 1 0 0
node 800 1 0 0
node 917 1 0 0
node 943 1 0 0
node 1002 1 0 0
node 1123 1 0 0
node 1204 1 0 0
gene 2 1 13 43221 0 1 43221 1
gene 3 2 13 65970 0 2 65970 1
gene 2 3 13 -224598 0 3 -224598 0
gene 4 4 13 431383 0 4 431383 1
gene 2 5 13 323604 0 5 323604 1
gene 4 6 13 248826 0 6 248826 1
gene 1 7 13 -176106 0 7 -176106 0
gene 2 8 13 271449 0 8 271449 1
gene 3 9 13 73440 0 9 73440 1
gene 4 10 13 -59877 0 10 -59877 1
gene 3 11 13 -800000 0 11 -800000 1
gene 2 12 13 -4596 0 12 -4596 1
gene 1 1 14 -54615 0 13 -54615 1
gene 2 2 14 301890 0 14 301890 1
gene 2 3 14 370746 0 15 370746 0
gene 3 4 14 220695 0 16 220695 1
gene 4 5 14 51804 0 17 51804 1
gene 3 6 14 -141315 0 18 -141315 1
gene 3 7 14 -339162 0 19 -339162 1
gene 3 8 14 -429273 0 20 -429273 1
gene 4 9 14 -112176 0 21 -112176 1
gene 1 10 14 -748730 0 22 -748730 1
gene 3 11 14 206520 0 23 206520 1
gene 1 12 14 132987 0 24 132987 1
gene 4 1 15 9159 0 25 9159 1
gene 4 2 15 -286488 0 26 -286488 1
gene 3 3 15 603117 0 27 603117 0
gene 3 4 15 486792 0 28 486792 1
gene 2 5 15 457200 0 29 457200 1
gene 3 6 15 -89349 0 30 -89349 1
gene 2 7 15 93330 0 31 93330 1
gene 4 8 15 36258 0 32 36258 1
gene 3 9 15 115098 0 33 115098 1
gene 1 10 15 -63252 0 34 -63252 1
gene 3 11 15 207869 0 35 207869 0
gene 4 12 15 47697 0 36 47697 1
gene 1 7 27 -715028 0 61 -715028 1
gene 1 27 13 60999 0 62 60999 1
gene 1 1 27 171447 0 216 171447 1
gene 1 7 101 800000 0 261 800000 1
gene 1 101 27 -248438 0 262 -248438 1
gene 2 8 146 445573 0 375 445573 1
gene 2 146 13 359907 0 376 359907 1
gene 4 12 186 -738288 0 490 -738288 1
gene 4 186 15 196980 0 491 196980 1
gene 1 10 217 147639 0 572 147639 1
gene 1 217 15 -126369 0 573 -126369 1
gene 3 3 240 5106 0 632 5106 1
gene 3 240 15 -130491 0 633 -130491 1
gene 4 6 260 -256878 0 687 -256878 1
gene 4 260 13 263145 0 688 263145 1
gene 1 217 287 198666 0 760 198666 1
gene 1 287 15 311604 0 761 311604 1
gene 1 101 311 178401 0 822 178401 1
gene 1 311 27 291840 0 823 291840 1
gene 2 146 421 -171642 0 1109 -171642 1
gene 2 421 13 309477 0 1110 309477 1
gene 3 240 488 -139680 0 1296 -139680 0
gene 3 488 15 126876 0 1297 126876 0
gene 3 6 504 -280182 0 1338 -280182 1
gene 3 504 14 69384 0 1339 69384 1
gene 2 3 543 486775 0 1438 486775 0
gene 2 543 13 -506136 0 1439 -506136 1
gene 2 3 576 -52902 0 1519 -52902 1
gene 2 576 543 -737931 0 1520 -737931 0
gene 3 488 656 205545 0 1713 205545 1
gene 3 656 15 243948 0 1714 243948 1
gene 4 5 311 -18615 0 1963 -18615 1
gene 3 11 775 447966 0 2023 447966 1
gene 3 775 15 -73404 0 2024 -73404 1
gene 2 3 800 16650 0 2090 16650 1
gene 2 800 576 -407040 0 2091 -407040 1
gene 1 576 15 266127 0 2295 266127 1
gene 3 240 917 136749 0 2374 136749 1
gene 3 917 488 -256881 0 2375 -256881 1
gene 2 576 943 262398 0 2435 262398 1
gene 2 943 543 160062 0 2436 160062 1
gene 4 101 800 571521 0 2516 571521 1
gene 2 3 1002 -461663 0 2597 -461663 1
gene 2 1002 543 -125988 0 2598 -125988 1
gene 4 217 917 156365 0 2840 156365 1
gene 2 3 1123 286576 0 2907 286576 1
gene 2 1123 14 119595 0 2908 119595 1
gene 3 3 1204 1 0 3103 0 1
gene 3 1204 15 603117 0 3104 0 1
genomeend 61


/* Organism #64 Fitness: 280.000000 Time: 0 */
/* Position #64*/
#1 x: 39 y: 21
#2 x: 18 y: 32
#3 x: 72 y: 21
#4 x: 21 y: 71
#5 x: 35 y: 64
#6 x: 63 y: 84
genomestart 64
trait 1 8452.000000 70728.000000 81475.000000 0.000000 0.000000 0.000000 0.000000 0.000000 trait 2 2.000000 0.000000 0.000000 0.000000 0.000000 0.000000 0.000000 0.000000 trait 3 3.000000 0.000000 0.000000 0.000000 0.000000 0.000000 0.000000 0.000000 trait 4 4.000000 0.000000 0.000000 0.000000 0.000000 0.000000 0.000000 0.000000 node 1 3 1 3
node 2 3 1 1
node 3 1 1 1
node 4 2 1 1
node 5 4 1 1
node 6 4 1 1
node 7 2 1 1
node 8 3 1 1
node 9 1 1 1
node 10 1 1 1
node 11 1 1 1
node 12 1 1 1
node 13 3 0 2
node 14 3 0 2
node 15 2 0 2
node 27 1 0 0
node 101 1 0 0
node 146 1 0 0
node 186 1 0 0
node 217 1 0 0
node 240 1 0 0
node 260 1 0 0
node 287 1 0 0
node 311 1 0 0
node 421 1 0 0
node 488 1 0 0
node 504 1 0 0
node 543 1 0 0
node 576 1 0 0
node 656 1 0 0
node 775 1 0 0
node 800 1 0 0
node 917 1 0 0
node 943 1 0 0
node 1002 1 0 0
node 1154 1 0 0
node 1206 1 0 0
gene 2 1 13 43221 0 1 43221 1
gene 3 2 13 144480 0 2 144480 1
gene 2 3 13 20247 0 3 20247 0
gene 4 4 13 190627 0 4 190627 1
gene 2 5 13 78912 0 5 78912 1
gene 4 6 13 55263 0 6 55263 1
gene 1 7 13 -87747 0 7 -87747 0
gene 2 8 13 -364431 0 8 -364431 1
gene 3 9 13 87135 0 9 87135 1
gene 4 10 13 -239490 0 10 -239490 1
gene 3 11 13 -681648 0 11 -681648 1
gene 2 12 13 164037 0 12 164037 1
gene 1 1 14 108786 0 13 108786 1
gene 2 2 14 592734 0 14 592734 1
gene 2 3 14 119595 0 15 119595 1
gene 3 4 14 220695 0 16 220695 1
gene 4 5 14 140850 0 17 140850 1
gene 3 6 14 -165948 0 18 -165948 0
gene 3 7 14 -133701 0 19 -133701 1
gene 3 8 14 -449925 0 20 -449925 1
gene 4 9 14 -112176 0 21 -112176 1
gene 1 10 14 -766250 0 22 -766250 1
gene 3 11 14 149322 0 23 149322 1
gene 1 12 14 132987 0 24 132987 1
gene 4 1 15 -69282 0 25 -69282 1
gene 4 2 15 -88560 0 26 -88560 1
gene 3 3 15 636810 0 27 636810 1
gene 3 4 15 279072 0 28 279072 1
gene 2 5 15 215583 0 29 215583 1
gene 3 6 15 954 0 30 954 1
gene 2 7 15 94986 0 31 94986 1
gene 4 8 15 78492 0 32 78492 1
gene 3 9 15 278025 0 33 278025 1
gene 1 10 15 135957 0 34 135957 1
gene 3 11 15 -124 0 35 -124 0
gene 4 12 15 78363 0 36 78363 1
gene 1 7 27 -745430 0 61 -745430 1
gene 1 27 13 81396 0 62 81396 1
gene 1 1 27 75139 0 216 75139 1
gene 1 7 101 670768 0 261 670768 1
gene 1 101 27 -248438 0 262 -248438 1
gene 2 8 146 334918 0 375 334918 1
gene 2 146 13 415431 0 376 415431 1
gene 4 12 186 -554121 0 490 -554121 1
gene 4 186 15 107064 0 491 107064 1
gene 1 10 217 63594 0 572 63594 1
gene 1 217 15 -137172 0 573 -137172 1
gene 3 3 240 -731348 0 632 -731348 1
gene 3 240 15 53283 0 633 53283 1
gene 4 6 260 402616 0 687 402616 1
gene 4 260 13 -58614 0 688 -58614 1
gene 1 217 287 154905 0 760 154905 1
gene 1 287 15 256317 0 761 256317 0
gene 1 101 311 93471 0 822 93471 1
gene 1 311 27 291840 0 823 291840 1
gene 2 146 421 -209913 0 1109 -209913 1
gene 2 421 13 367392 0 1110 367392 1
gene 3 240 488 -8391 0 1296 -8391 0
gene 3 488 15 194970 0 1297 194970 0
gene 3 6 504 689292 0 1338 689292 1
gene 3 504 14 131952 0 1339 131952 1
gene 2 3 543 412573 0 1438 412573 0
gene 2 543 13 -757617 0 1439 -757617 1
gene 2 3 576 -559980 0 1519 -559980 1
gene 2 576 543 -517278 0 1520 -517278 0
gene 3 488 656 205545 0 1713 205545 1
gene 3 656 15 22275 0 1714 22275 1
gene 4 5 311 -171996 0 1963 -171996 1
gene 3 11 775 234594 0 2023 234594 1
gene 3 775 15 -38022 0 2024 -38022 1
gene 2 3 800 -253019 0 2090 -253019 1
gene 2 800 576 -142929 0 2091 -142929 1
gene 1 576 15 128847 0 2295 128847 1
gene 3 240 917 2709 0 2374 2709 1
gene 3 917 488 390333 0 2375 390333 1
gene 2 576 943 -138101 0 2435 -138101 1
gene 2 943 543 -116781 0 2436 -116781 1
gene 4 101 800 308430 0 2516 308430 1
gene 2 3 1002 -260831 0 2597 -260831 0
gene 2 1002 543 -67788 0 2598 -67788 1
gene 4 217 917 -9625 0 2840 -9625 1
gene 2 3 1154 1 0 2980 0 1
gene 2 1154 1002 -260831 0 2981 0 1
gene 1 287 1206 1 0 3107 0 1
gene 1 1206 15 256317 0 3108 0 1
genomeend 64


/* Organism #74 Fitness: 300.000000 Time: 0 */
/* Position #74*/
#1 x: 82 y: 26
#2 x: 44 y: 31
#3 x: 60 y: 16
#4 x: 26 y: 67
#5 x: 83 y: 61
#6 x: 79 y: 64
genomestart 74
trait 1 48944.000000 0.000000 45162.000000 0.000000 0.000000 0.000000 0.000000 32701.000000 trait 2 2.000000 19388.000000 260.000000 0.000000 0.000000 0.000000 0.000000 2889.000000 trait 3 3.000000 0.000000 0.000000 0.000000 0.000000 0.000000 32195.000000 0.000000 trait 4 4.000000 0.000000 0.000000 0.000000 0.000000 0.000000 0.000000 0.000000 node 1 3 1 3
node 2 4 1 1
node 3 3 1 1
node 4 1 1 1
node 5 2 1 1
node 6 2 1 1
node 7 1 1 1
node 8 2 1 1
node 9 1 1 1
node 10 2 1 1
node 11 1 1 1
node 12 3 1 1
node 13 3 0 2
node 14 3 0 2
node 15 4 0 2
node 34 1 0 0
node 82 1 0 0
node 98 1 0 0
node 129 1 0 0
node 248 1 0 0
node 252 1 0 0
node 360 1 0 0
node 385 1 0 0
node 533 1 0 0
node 569 1 0 0
node 603 1 0 0
node 704 1 0 0
node 766 1 0 0
node 792 1 0 0
node 871 1 0 0
node 928 1 0 0
node 953 1 0 0
node 976 1 0 0
node 1012 1 0 0
gene 1 1 13 100218 0 1 100218 1
gene 4 2 13 282473 0 2 282473 0
gene 2 3 13 162054 0 3 162054 1
gene 1 4 13 332481 0 4 332481 0
gene 1 5 13 327144 0 5 327144 0
gene 3 6 13 630488 0 6 630488 0
gene 1 7 13 -56025 0 7 -56025 0
gene 2 8 13 307263 0 8 307263 0
gene 3 9 13 -106764 0 9 -106764 1
gene 4 10 13 -343683 0 10 -343683 0
gene 4 11 13 688980 0 11 688980 0
gene 3 12 13 -132029 0 12 -132029 0
gene 1 1 14 624223 0 13 624223 1
gene 2 2 14 -272391 0 14 -272391 0
gene 1 3 14 3711 0 15 3711 1
gene 4 4 14 126686 0 16 126686 1
gene 4 5 14 -91134 0 17 -91134 0
gene 4 6 14 49428 0 18 49428 1
gene 3 7 14 240159 0 19 240159 1
gene 3 8 14 318897 0 20 318897 0
gene 4 9 14 198201 0 21 198201 1
gene 1 10 14 340061 0 22 340061 1
gene 2 11 14 679679 0 23 679679 1
gene 4 12 14 -199389 0 24 -199389 1
gene 1 1 15 166623 0 25 166623 1
gene 2 2 15 -280752 0 26 -280752 1
gene 3 3 15 -461172 0 27 -461172 1
gene 3 4 15 227544 0 28 227544 1
gene 2 5 15 613062 0 29 613062 0
gene 3 6 15 -110943 0 30 -110943 1
gene 2 7 15 -573621 0 31 -573621 0
gene 1 8 15 156777 0 32 156777 0
gene 4 9 15 636477 0 33 636477 0
gene 4 10 15 -74352 0 34 -74352 1
gene 2 11 15 -240897 0 35 -240897 0
gene 2 12 15 -630141 0 36 -630141 0
gene 4 9 34 -82062 0 79 -82062 0
gene 4 34 15 225363 0 80 225363 0
gene 1 7 34 361446 0 147 361446 0
gene 1 7 82 -182418 0 205 -182418 1
gene 1 82 34 174402 0 206 174402 1
gene 4 12 98 406407 0 255 406407 1
gene 4 98 13 -363387 0 256 -363387 1
gene 1 8 129 -702536 0 328 -702536 1
gene 1 129 13 -64422 0 329 -64422 1
gene 1 4 129 426630 0 449 426630 0
gene 1 4 248 315030 0 653 315030 1
gene 1 248 129 -197286 0 654 -197286 0
gene 2 5 252 430461 0 665 430461 1
gene 2 252 13 -47052 0 666 -47052 1
gene 2 14 82 428448 0 796 428448 1
gene 1 248 360 -358833 0 958 -358833 1
gene 1 360 129 -209928 0 959 -209928 0
gene 1 8 385 5691 0 1025 5691 1
gene 1 385 15 23349 0 1026 23349 0
gene 3 6 248 -145047 0 1214 -145047 1
gene 2 2 533 148698 0 1414 148698 0
gene 2 533 14 54996 0 1415 54996 1
gene 2 2 569 -233082 0 1499 -233082 1
gene 2 569 533 -7190 0 1500 -7190 1
gene 4 34 603 249858 0 1584 249858 1
gene 4 603 15 481422 0 1585 481422 1
gene 4 2 704 233643 0 1846 233643 1
gene 4 704 13 800000 0 1847 800000 1
gene 4 10 766 -116426 0 2001 -116426 1
gene 4 766 13 377664 0 2002 377664 1
gene 2 11 792 -176984 0 2070 -176984 1
gene 2 792 15 -59498 0 2071 -59498 1
gene 4 360 569 -257400 0 2152 -257400 1
gene 4 9 871 62218 0 2259 62218 1
gene 4 871 34 -96228 0 2260 -96228 0
gene 4 5 928 -224618 0 2403 -224618 1
gene 4 928 14 -763417 0 2404 -763417 1
gene 1 360 953 401550 0 2462 401550 1
gene 1 953 129 67230 0 2463 67230 1
gene 3 8 976 -57852 0 2529 -57852 1
gene 3 976 14 652839 0 2530 652839 1
gene 4 871 1012 202105 0 2621 202105 1
gene 4 1012 34 -109455 0 2622 -109455 1
gene 4 13 603 -278868 0 3000 -278868 1
genomeend 74


