/* Organism #0 Fitness: 250.000000 Time: 0 */
/* Position #0*/
#1 x: 30 y: 38
#2 x: 79 y: 25
#3 x: 63 y: 32
#4 x: 61 y: 78
#5 x: 25 y: 85
#6 x: 52 y: 78
genomestart 0
trait 1 1.000000 0.000000 0.000000 96148.000000 3938.000000 0.000000 0.000000 6352.000000 trait 2 2.000000 0.000000 0.000000 74243.000000 43526.000000 55539.000000 0.000000 0.000000 trait 3 42788.000000 0.000000 91535.000000 0.000000 0.000000 0.000000 0.000000 12079.000000 trait 4 0.000000 0.000000 0.000000 0.000000 100000.000000 0.000000 81611.000000 0.000000 node 1 4 1 3
node 2 2 1 1
node 3 3 1 1
node 4 2 1 1
node 5 4 1 1
node 6 1 1 1
node 7 4 1 1
node 8 3 1 1
node 9 1 1 1
node 10 1 1 1
node 11 3 1 1
node 12 3 1 1
node 13 1 0 2
node 14 3 0 2
node 15 4 0 2
node 45 1 0 0
node 113 1 0 0
node 230 1 0 0
node 308 1 0 0
node 430 1 0 0
node 456 1 0 0
node 472 4 0 0
node 502 1 0 0
node 535 1 0 0
node 562 1 0 0
node 774 1 0 0
node 802 1 0 0
node 856 1 0 0
node 891 1 0 0
node 923 1 0 0
node 1013 1 0 0
node 1209 1 0 0
node 1262 2 0 0
node 1422 1 0 0
node 1677 1 0 0
node 1834 1 0 0
node 1890 1 0 0
node 2005 1 0 0
gene 1 1 13 -219957 0 1 -219957 1
gene 3 2 13 -282960 0 2 -282960 1
gene 1 3 13 -325929 0 3 -325929 1
gene 3 4 13 693215 0 4 693215 1
gene 2 5 13 608613 0 5 608613 1
gene 2 6 13 -249873 0 6 -249873 1
gene 1 7 13 -247212 0 7 -247212 1
gene 2 8 13 644586 0 8 644586 0
gene 4 9 13 245085 0 9 245085 0
gene 2 10 13 -325239 0 10 -325239 1
gene 2 11 13 25689 0 11 25689 0
gene 4 12 13 764118 0 12 764118 1
gene 4 1 14 -238902 0 13 -238902 1
gene 1 2 14 -374982 0 14 -374982 1
gene 1 3 14 -389313 0 15 -389313 1
gene 2 4 14 96237 0 16 96237 1
gene 1 5 14 -11994 0 17 -11994 1
gene 1 6 14 4266 0 18 4266 1
gene 2 7 14 800000 0 19 800000 0
gene 1 8 14 256362 0 20 256362 1
gene 1 9 14 333708 0 21 333708 1
gene 3 10 14 68223 0 22 68223 1
gene 2 11 14 133538 0 23 133538 1
gene 3 12 14 -307596 0 24 -307596 1
gene 3 1 15 -90354 0 25 -90354 1
gene 2 2 15 89508 0 26 89508 1
gene 1 3 15 735693 0 27 735693 0
gene 1 4 15 239100 0 28 239100 1
gene 4 5 15 800000 0 29 800000 1
gene 3 6 15 17400 0 30 17400 1
gene 1 7 15 232208 0 31 232208 1
gene 3 8 15 243201 0 32 243201 1
gene 3 9 15 -391875 0 33 -391875 0
gene 1 10 15 -324141 0 34 -324141 1
gene 1 11 15 -207594 0 35 -207594 0
gene 3 12 15 -328337 0 36 -328337 1
gene 4 9 45 -71430 0 104 -71430 1
gene 4 45 13 76716 0 105 76716 1
gene 1 3 113 -306744 0 275 -306744 1
gene 1 113 13 402600 0 276 402600 1
gene 4 15 45 -163743 0 403 -163743 0
gene 1 113 230 -316608 0 574 -316608 0
gene 1 230 13 164940 0 575 164940 1
gene 3 9 308 -544451 0 790 -544451 1
gene 3 308 15 305634 0 791 305634 1
gene 2 7 430 -297165 0 1115 -297165 0
gene 2 430 14 511077 0 1116 511077 1
gene 3 12 456 156657 0 1183 156657 1
gene 3 456 14 -177444 0 1184 -177444 0
gene 2 7 472 253536 0 1235 253536 1
gene 2 472 430 -520961 0 1236 -520961 1
gene 3 6 502 492744 0 1309 492744 1
gene 3 502 15 800000 0 1310 800000 1
gene 1 11 535 111118 0 1395 111118 1
gene 1 535 15 523805 0 1396 523805 0
gene 3 456 562 257145 0 1467 257145 1
gene 3 562 14 -491523 0 1468 -491523 1
gene 3 8 562 2421 0 1537 2421 1
gene 4 13 14 307578 0 1778 307578 1
gene 3 308 13 -578382 0 1961 -578382 1
gene 1 3 774 -33393 0 2025 -33393 1
gene 1 774 113 -257160 0 2026 -257160 1
gene 2 8 802 404390 0 2095 404390 1
gene 2 802 13 -495452 0 2096 -495452 1
gene 1 3 856 800000 0 2230 800000 1
gene 1 856 15 -719205 0 2231 -719205 1
gene 1 774 891 -214797 0 2324 -214797 0
gene 1 891 113 467313 0 2325 467313 0
gene 1 535 923 800000 0 2399 800000 1
gene 1 923 15 -279284 0 2400 -279284 1
gene 1 774 1013 142440 0 2634 142440 1
gene 1 1013 891 800000 0 2635 800000 1
gene 2 308 14 -26085 0 2853 -26085 1
gene 1 113 1209 298182 0 3137 298182 1
gene 1 1209 230 189804 0 3138 189804 1
gene 4 1013 856 -409794 0 3205 -409794 1
gene 2 472 1262 -800000 0 3266 -800000 1
gene 2 1262 430 -800000 0 3267 -800000 1
gene 1 1262 891 -164982 0 3360 -164982 1
gene 4 9 456 177552 0 3421 177552 1
gene 2 113 562 578682 0 3518 578682 1
gene 1 456 456 693144 1 3595 693144 1
gene 3 12 1422 31359 0 3673 31359 1
gene 3 1422 14 -15009 0 3674 -15009 1
gene 3 1262 923 -236907 0 3745 -236907 1
gene 2 923 502 -444519 0 4261 -444519 0
gene 4 15 1677 85365 0 4294 85365 1
gene 4 1677 45 213291 0 4295 213291 1
gene 1 891 1834 663239 0 4699 663239 1
gene 1 1834 113 -513477 0 4700 -513477 1
gene 2 6 1422 183927 0 4768 183927 1
gene 2 923 1890 -800000 0 4843 -800000 1
gene 2 1890 502 -140082 0 4844 -140082 1
gene 4 45 562 -325437 0 5228 -325437 1
gene 4 456 1013 -23112 0 5282 -23112 1
gene 2 430 15 -19710 0 5313 -19710 1
gene 2 230 472 -223650 1 5330 -223650 1
gene 3 1209 1422 -294039 0 5392 -294039 1
gene 2 11 2005 -9906 0 5451 -9906 1
gene 2 2005 13 230097 0 5452 230097 1
gene 4 9 774 -407437 0 5513 -407437 1
genomeend 0


/* Organism #6 Fitness: 280.000000 Time: 0 */
/* Position #6*/
#1 x: 33 y: 17
#2 x: 24 y: 23
#3 x: 50 y: 16
#4 x: 42 y: 69
#5 x: 23 y: 70
#6 x: 46 y: 77
genomestart 6
trait 1 1.000000 0.000000 0.000000 9181.000000 0.000000 0.000000 21158.000000 18489.000000 trait 2 0.000000 0.000000 0.000000 2724.000000 0.000000 16777.000000 0.000000 33277.000000 trait 3 0.000000 0.000000 91535.000000 0.000000 58315.000000 85876.000000 0.000000 0.000000 trait 4 0.000000 0.000000 0.000000 0.000000 100000.000000 0.000000 81611.000000 0.000000 node 1 4 1 3
node 2 2 1 1
node 3 3 1 1
node 4 3 1 1
node 5 4 1 1
node 6 4 1 1
node 7 4 1 1
node 8 3 1 1
node 9 4 1 1
node 10 1 1 1
node 11 3 1 1
node 12 3 1 1
node 13 1 0 2
node 14 4 0 2
node 15 4 0 2
node 45 1 0 0
node 113 1 0 0
node 230 3 0 0
node 308 1 0 0
node 430 1 0 0
node 456 1 0 0
node 472 1 0 0
node 502 4 0 0
node 535 1 0 0
node 562 1 0 0
node 774 1 0 0
node 802 1 0 0
node 856 1 0 0
node 891 1 0 0
node 923 1 0 0
node 1013 1 0 0
node 1209 1 0 0
node 1262 2 0 0
node 1422 1 0 0
node 1677 1 0 0
node 1834 1 0 0
node 1890 1 0 0
gene 1 1 13 -1785 0 1 -1785 1
gene 3 2 13 516585 0 2 516585 1
gene 1 3 13 -3540 0 3 -3540 1
gene 3 4 13 -416775 0 4 -416775 1
gene 2 5 13 268221 0 5 268221 1
gene 2 6 13 -61068 0 6 -61068 1
gene 1 7 13 -585804 0 7 -585804 1
gene 3 8 13 -573711 0 8 -573711 1
gene 4 9 13 800000 0 9 800000 0
gene 2 10 13 208128 0 10 208128 1
gene 1 11 13 -126426 0 11 -126426 1
gene 4 12 13 84057 0 12 84057 1
gene 4 1 14 666423 0 13 666423 1
gene 1 2 14 -527805 0 14 -527805 1
gene 3 3 14 -118011 0 15 -118011 1
gene 2 4 14 68196 0 16 68196 1
gene 1 5 14 675915 0 17 675915 1
gene 1 6 14 -108102 0 18 -108102 1
gene 2 7 14 334815 0 19 334815 0
gene 1 8 14 -2109 0 20 -2109 1
gene 1 9 14 -110769 0 21 -110769 1
gene 3 10 14 -82635 0 22 -82635 1
gene 2 11 14 -330306 0 23 -330306 1
gene 3 12 14 118158 0 24 118158 1
gene 3 1 15 -242952 0 25 -242952 1
gene 2 2 15 -40776 0 26 -40776 1
gene 1 3 15 -273936 0 27 -273936 0
gene 1 4 15 6651 0 28 6651 1
gene 4 5 15 -441765 0 29 -441765 1
gene 3 6 15 -655443 0 30 -655443 1
gene 1 7 15 -207276 0 31 -207276 1
gene 3 8 15 117663 0 32 117663 1
gene 3 9 15 282960 0 33 282960 1
gene 1 10 15 -67250 0 34 -67250 1
gene 1 11 15 -82674 0 35 -82674 0
gene 3 12 15 340242 0 36 340242 1
gene 2 9 45 29516 0 104 29516 1
gene 4 45 13 594381 0 105 594381 1
gene 1 3 113 -161655 0 275 -161655 1
gene 1 113 13 -506748 0 276 -506748 1
gene 4 15 45 -244608 0 403 -244608 1
gene 1 113 230 48627 0 574 48627 0
gene 1 230 13 311382 0 575 311382 1
gene 3 9 308 -32664 0 790 -32664 1
gene 3 308 15 -47271 0 791 -47271 1
gene 2 7 430 143031 0 1115 143031 1
gene 2 430 14 -800000 0 1116 -800000 1
gene 3 12 456 245742 0 1183 245742 1
gene 3 456 14 242292 0 1184 242292 0
gene 2 7 472 -74466 0 1235 -74466 1
gene 2 472 430 -26601 0 1236 -26601 1
gene 3 6 502 51366 0 1309 51366 1
gene 3 502 15 -198068 0 1310 -198068 1
gene 1 11 535 -403716 0 1395 -403716 1
gene 1 535 15 -142191 0 1396 -142191 0
gene 3 456 562 169311 0 1467 169311 1
gene 3 562 14 -103647 0 1468 -103647 1
gene 3 8 562 -306162 0 1537 -306162 1
gene 4 13 14 125421 0 1778 125421 1
gene 3 308 13 800000 0 1961 800000 1
gene 1 3 774 554999 0 2025 554999 1
gene 1 774 113 462678 0 2026 462678 1
gene 2 8 802 67686 0 2095 67686 1
gene 2 802 13 207450 0 2096 207450 1
gene 1 3 856 250872 0 2230 250872 1
gene 1 856 15 -286164 0 2231 -286164 1
gene 1 774 891 332997 0 2324 332997 0
gene 1 891 113 605079 0 2325 605079 0
gene 1 535 923 101487 0 2399 101487 1
gene 1 923 15 9744 0 2400 9744 1
gene 1 774 1013 -175221 0 2634 -175221 1
gene 1 1013 891 142083 0 2635 142083 1
gene 2 308 14 -63840 0 2853 -63840 1
gene 1 113 1209 -339803 0 3137 -339803 1
gene 1 1209 230 146805 0 3138 146805 1
gene 4 1013 856 332541 0 3205 332541 1
gene 2 472 1262 -426731 0 3266 -426731 1
gene 2 1262 430 374688 0 3267 374688 1
gene 1 1262 891 215256 0 3360 215256 1
gene 4 9 456 -166056 0 3421 -166056 1
gene 2 113 562 -19344 0 3518 -19344 1
gene 1 456 456 -483789 1 3595 -483789 1
gene 3 12 1422 60834 0 3673 60834 1
gene 3 1422 14 -266652 0 3674 -266652 1
gene 3 1262 923 -763365 0 3745 -763365 1
gene 2 923 502 69279 0 4261 69279 0
gene 4 15 1677 -314001 0 4294 -314001 1
gene 4 1677 45 -111966 0 4295 -111966 1
gene 1 891 1834 -346596 0 4699 -346596 1
gene 1 1834 113 457872 0 4700 457872 1
gene 2 6 1422 1503 0 4768 1503 1
gene 2 923 1890 -70728 0 4843 -70728 1
gene 2 1890 502 -103044 0 4844 -103044 1
gene 3 15 15 216843 1 5241 216843 1
gene 4 7 230 261513 0 5272 261513 1
gene 1 1677 1890 -52677 1 5521 -52677 1
genomeend 6


/* Organism #8 Fitness: 240.000000 Time: 0 */
/* Position #8*/
#1 x: 68 y: 26
#2 x: 41 y: 37
#3 x: 48 y: 27
#4 x: 83 y: 73
#5 x: 52 y: 78
#6 x: 47 y: 85
genomestart 8
trait 1 1.000000 0.000000 0.000000 0.000000 0.000000 0.000000 0.000000 0.000000 trait 2 0.000000 0.000000 97564.000000 0.000000 0.000000 0.000000 0.000000 0.000000 trait 3 0.000000 0.000000 91535.000000 0.000000 53504.000000 0.000000 0.000000 0.000000 trait 4 17436.000000 0.000000 0.000000 0.000000 100000.000000 0.000000 81611.000000 38944.000000 node 1 4 1 3
node 2 1 1 1
node 3 3 1 1
node 4 4 1 1
node 5 4 1 1
node 6 4 1 1
node 7 4 1 1
node 8 3 1 1
node 9 1 1 1
node 10 1 1 1
node 11 3 1 1
node 12 3 1 1
node 13 2 0 2
node 14 3 0 2
node 15 4 0 2
node 45 1 0 0
node 113 1 0 0
node 230 1 0 0
node 308 1 0 0
node 430 1 0 0
node 456 1 0 0
node 472 1 0 0
node 502 2 0 0
node 535 1 0 0
node 562 1 0 0
node 774 1 0 0
node 802 1 0 0
node 856 1 0 0
node 891 1 0 0
node 923 4 0 0
node 1013 1 0 0
node 1209 1 0 0
node 1262 2 0 0
node 1422 1 0 0
node 1677 1 0 0
node 1834 1 0 0
node 1890 1 0 0
node 2004 3 0 0
gene 1 1 13 353796 0 1 353796 1
gene 3 2 13 -754973 0 2 -754973 1
gene 1 3 13 -417189 0 3 -417189 1
gene 3 4 13 -410763 0 4 -410763 1
gene 2 5 13 444242 0 5 444242 1
gene 2 6 13 253822 0 6 253822 1
gene 1 7 13 -60255 0 7 -60255 1
gene 2 8 13 -147756 0 8 -147756 0
gene 4 9 13 -101043 0 9 -101043 0
gene 2 10 13 -76329 0 10 -76329 1
gene 2 11 13 779240 0 11 779240 1
gene 4 12 13 -187446 0 12 -187446 1
gene 4 1 14 180816 0 13 180816 1
gene 1 2 14 417576 0 14 417576 1
gene 1 3 14 213750 0 15 213750 1
gene 2 4 14 -38661 0 16 -38661 1
gene 1 5 14 287808 0 17 287808 1
gene 1 6 14 -509358 0 18 -509358 1
gene 2 7 14 -700467 0 19 -700467 0
gene 1 8 14 -411222 0 20 -411222 1
gene 1 9 14 -101202 0 21 -101202 1
gene 3 10 14 -360537 0 22 -360537 1
gene 2 11 14 800000 0 23 800000 1
gene 3 12 14 72459 0 24 72459 1
gene 3 1 15 -25767 0 25 -25767 1
gene 2 2 15 -282885 0 26 -282885 1
gene 1 3 15 -90384 0 27 -90384 0
gene 1 4 15 -355003 0 28 -355003 1
gene 4 5 15 725940 0 29 725940 1
gene 3 6 15 46225 0 30 46225 1
gene 1 7 15 508154 0 31 508154 1
gene 3 8 15 -369942 0 32 -369942 1
gene 3 9 15 184695 0 33 184695 0
gene 2 10 15 -321144 0 34 -321144 1
gene 1 11 15 35670 0 35 35670 0
gene 3 12 15 -230910 0 36 -230910 1
gene 4 9 45 716693 0 104 716693 1
gene 4 45 13 -259487 0 105 -259487 1
gene 1 3 113 -654171 0 275 -654171 1
gene 1 113 13 -213051 0 276 -213051 1
gene 4 15 45 -800000 0 403 -800000 0
gene 1 113 230 -258504 0 574 -258504 0
gene 1 230 13 324150 0 575 324150 1
gene 1 9 308 -376069 0 790 -376069 1
gene 3 308 15 -171024 0 791 -171024 1
gene 2 7 430 -572576 0 1115 -572576 0
gene 2 430 14 -212670 0 1116 -212670 1
gene 3 12 456 498671 0 1183 498671 1
gene 3 456 14 670175 0 1184 670175 0
gene 2 7 472 -676533 0 1235 -676533 1
gene 2 472 430 -41079 0 1236 -41079 1
gene 3 6 502 253119 0 1309 253119 1
gene 3 502 15 260253 0 1310 260253 1
gene 1 11 535 626427 0 1395 626427 0
gene 1 535 15 -8427 0 1396 -8427 0
gene 3 456 562 475542 0 1467 475542 1
gene 3 562 14 800000 0 1468 800000 1
gene 3 8 562 224061 0 1537 224061 1
gene 4 13 14 -800000 0 1778 -800000 1
gene 3 308 13 634098 0 1961 634098 1
gene 1 3 774 -345450 0 2025 -345450 1
gene 1 774 113 -64338 0 2026 -64338 1
gene 2 8 802 -236076 0 2095 -236076 1
gene 2 802 13 287943 0 2096 287943 1
gene 1 3 856 -384183 0 2230 -384183 1
gene 1 856 15 -427547 0 2231 -427547 1
gene 1 774 891 104385 0 2324 104385 0
gene 1 891 113 -71952 0 2325 -71952 0
gene 1 535 923 353994 0 2399 353994 1
gene 1 923 15 -35952 0 2400 -35952 1
gene 1 774 1013 196803 0 2634 196803 1
gene 1 1013 891 -54 0 2635 -54 1
gene 2 308 14 231129 0 2853 231129 1
gene 1 113 1209 161565 0 3137 161565 1
gene 2 1209 230 -222162 0 3138 -222162 1
gene 4 1013 856 374769 0 3205 374769 1
gene 2 472 1262 -50469 0 3266 -50469 1
gene 2 1262 430 769799 0 3267 769799 1
gene 1 1262 891 607512 0 3360 607512 1
gene 4 9 456 255381 0 3421 255381 1
gene 2 113 562 141486 0 3518 141486 1
gene 1 456 456 256788 1 3595 256788 1
gene 3 12 1422 -10623 0 3673 -10623 1
gene 3 1422 14 -800000 0 3674 -800000 1
gene 3 1262 923 82521 0 3745 82521 1
gene 2 923 502 118728 0 4261 118728 0
gene 4 15 1677 -500736 0 4294 -500736 1
gene 4 1677 45 492372 0 4295 492372 1
gene 1 891 1834 225615 0 4699 225615 1
gene 1 1834 113 -500202 0 4700 -500202 1
gene 2 6 1422 -454227 0 4768 -454227 1
gene 2 923 1890 75180 0 4843 75180 1
gene 2 1890 502 76263 0 4844 76263 1
gene 2 774 14 -259203 0 5095 -259203 1
gene 1 7 308 462333 0 5213 462333 1
gene 3 1422 891 -414780 0 5284 -414780 1
gene 1 11 2004 -125979 0 5354 -125979 1
gene 1 2004 535 -60627 0 5355 -60627 1
gene 2 1 456 -3909 0 5536 -3909 1
genomeend 8


/* Organism #12 Fitness: 720.000000 Time: 0 */
/* Position #12*/
#1 x: 61 y: 36
#2 x: 50 y: 31
#3 x: 29 y: 25
#4 x: 50 y: 68
#5 x: 72 y: 76
#6 x: 18 y: 61
genomestart 12
trait 1 1.000000 0.000000 0.000000 0.000000 0.000000 0.000000 0.000000 0.000000 trait 2 0.000000 73585.000000 97564.000000 0.000000 0.000000 80629.000000 0.000000 0.000000 trait 3 0.000000 0.000000 91535.000000 0.000000 53504.000000 0.000000 0.000000 0.000000 trait 4 17436.000000 0.000000 0.000000 0.000000 100000.000000 0.000000 81611.000000 38944.000000 node 1 4 1 3
node 2 4 1 1
node 3 3 1 1
node 4 4 1 1
node 5 4 1 1
node 6 4 1 1
node 7 4 1 1
node 8 3 1 1
node 9 1 1 1
node 10 1 1 1
node 11 3 1 1
node 12 3 1 1
node 13 2 0 2
node 14 3 0 2
node 15 4 0 2
node 45 1 0 0
node 113 1 0 0
node 230 1 0 0
node 308 1 0 0
node 430 1 0 0
node 456 1 0 0
node 472 1 0 0
node 502 2 0 0
node 535 1 0 0
node 562 1 0 0
node 774 1 0 0
node 802 1 0 0
node 856 1 0 0
node 891 1 0 0
node 923 4 0 0
node 1013 1 0 0
node 1209 1 0 0
node 1262 2 0 0
node 1422 1 0 0
node 1677 1 0 0
node 1834 1 0 0
node 1890 1 0 0
node 2004 3 0 0
gene 1 1 13 -119568 0 1 -119568 1
gene 3 2 13 377814 0 2 377814 1
gene 1 3 13 -750242 0 3 -750242 1
gene 3 4 13 472089 0 4 472089 1
gene 2 5 13 617843 0 5 617843 1
gene 2 6 13 177702 0 6 177702 1
gene 1 7 13 129102 0 7 129102 1
gene 2 8 13 -90999 0 8 -90999 0
gene 4 9 13 -193035 0 9 -193035 0
gene 2 10 13 -297531 0 10 -297531 1
gene 2 11 13 274383 0 11 274383 1
gene 4 12 13 -623910 0 12 -623910 1
gene 4 1 14 41718 0 13 41718 1
gene 1 2 14 -167547 0 14 -167547 1
gene 1 3 14 153630 0 15 153630 1
gene 2 4 14 -133446 0 16 -133446 1
gene 1 5 14 774705 0 17 774705 1
gene 1 6 14 -118368 0 18 -118368 1
gene 2 7 14 -574671 0 19 -574671 0
gene 1 8 14 125973 0 20 125973 1
gene 1 9 14 -392574 0 21 -392574 1
gene 3 10 14 478611 0 22 478611 1
gene 2 11 14 800000 0 23 800000 1
gene 3 12 14 727200 0 24 727200 1
gene 3 1 15 -269685 0 25 -269685 1
gene 2 2 15 481944 0 26 481944 1
gene 1 3 15 384036 0 27 384036 0
gene 1 4 15 -800000 0 28 -800000 1
gene 4 5 15 -95178 0 29 -95178 1
gene 3 6 15 63106 0 30 63106 1
gene 1 7 15 -721273 0 31 -721273 1
gene 3 8 15 -60714 0 32 -60714 1
gene 3 9 15 551538 0 33 551538 0
gene 2 10 15 514665 0 34 514665 1
gene 1 11 15 -308349 0 35 -308349 0
gene 3 12 15 682458 0 36 682458 1
gene 4 9 45 702084 0 104 702084 1
gene 4 45 13 -636725 0 105 -636725 1
gene 1 3 113 -698568 0 275 -698568 1
gene 1 113 13 800000 0 276 800000 1
gene 4 15 45 -367998 0 403 -367998 0
gene 1 113 230 -539217 0 574 -539217 0
gene 1 230 13 -417564 0 575 -417564 1
gene 1 9 308 -396343 0 790 -396343 1
gene 3 308 15 -592797 0 791 -592797 1
gene 2 7 430 -418649 0 1115 -418649 0
gene 2 430 14 -197709 0 1116 -197709 1
gene 3 12 456 344994 0 1183 344994 1
gene 3 456 14 31544 0 1184 31544 0
gene 2 7 472 -312858 0 1235 -312858 1
gene 2 472 430 -442610 0 1236 -442610 1
gene 3 6 502 55794 0 1309 55794 1
gene 3 502 15 -8811 0 1310 -8811 1
gene 1 11 535 200259 0 1395 200259 0
gene 1 535 15 -444678 0 1396 -444678 0
gene 3 456 562 -337413 0 1467 -337413 1
gene 3 562 14 -443481 0 1468 -443481 1
gene 3 8 562 68577 0 1537 68577 1
gene 4 13 14 630726 0 1778 630726 1
gene 3 308 13 800000 0 1961 800000 1
gene 1 3 774 -398070 0 2025 -398070 1
gene 1 774 113 -117426 0 2026 -117426 1
gene 2 8 802 -424326 0 2095 -424326 1
gene 2 802 13 127587 0 2096 127587 1
gene 1 3 856 226623 0 2230 226623 1
gene 1 856 15 -183821 0 2231 -183821 1
gene 1 774 891 512805 0 2324 512805 0
gene 1 891 113 -13209 0 2325 -13209 0
gene 1 535 923 800000 0 2399 800000 1
gene 1 923 15 683190 0 2400 683190 1
gene 1 774 1013 -338604 0 2634 -338604 1
gene 1 1013 891 -54963 0 2635 -54963 1
gene 2 308 14 370637 0 2853 370637 1
gene 1 113 1209 126150 0 3137 126150 1
gene 2 1209 230 -103257 0 3138 -103257 1
gene 4 1013 856 -95349 0 3205 -95349 1
gene 2 472 1262 379674 0 3266 379674 1
gene 2 1262 430 459315 0 3267 459315 1
gene 1 1262 891 792015 0 3360 792015 1
gene 4 9 456 175767 0 3421 175767 1
gene 2 113 562 153678 0 3518 153678 1
gene 1 456 456 163227 1 3595 163227 1
gene 3 12 1422 -798 0 3673 -798 1
gene 3 1422 14 165447 0 3674 165447 1
gene 3 1262 923 144867 0 3745 144867 1
gene 2 923 502 24219 0 4261 24219 0
gene 4 15 1677 -178287 0 4294 -178287 1
gene 4 1677 45 -70158 0 4295 -70158 1
gene 1 891 1834 98001 0 4699 98001 1
gene 1 1834 113 -10233 0 4700 -10233 1
gene 2 6 1422 -116598 0 4768 -116598 1
gene 2 923 1890 -273954 0 4843 -273954 1
gene 2 1890 502 200814 0 4844 200814 1
gene 2 774 14 282459 0 5095 282459 1
gene 1 7 308 178857 0 5213 178857 1
gene 3 1422 891 -268707 0 5284 -268707 1
gene 1 11 2004 16650 0 5354 16650 1
gene 1 2004 535 216600 0 5355 216600 1
genomeend 12


/* Organism #13 Fitness: 220.000000 Time: 0 */
/* Position #13*/
#1 x: 61 y: 36
#2 x: 50 y: 31
#3 x: 29 y: 25
#4 x: 50 y: 68
#5 x: 72 y: 76
#6 x: 18 y: 61
genomestart 13
trait 1 1.000000 0.000000 0.000000 0.000000 0.000000 0.000000 0.000000 0.000000 trait 2 62812.000000 0.000000 100000.000000 0.000000 26777.000000 0.000000 88745.000000 0.000000 trait 3 0.000000 0.000000 91535.000000 0.000000 53504.000000 0.000000 0.000000 0.000000 trait 4 17436.000000 0.000000 0.000000 0.000000 100000.000000 0.000000 81611.000000 38944.000000 node 1 4 1 3
node 2 1 1 1
node 3 3 1 1
node 4 4 1 1
node 5 4 1 1
node 6 4 1 1
node 7 4 1 1
node 8 3 1 1
node 9 1 1 1
node 10 1 1 1
node 11 3 1 1
node 12 3 1 1
node 13 2 0 2
node 14 3 0 2
node 15 4 0 2
node 45 1 0 0
node 113 1 0 0
node 230 1 0 0
node 308 1 0 0
node 430 1 0 0
node 456 1 0 0
node 472 1 0 0
node 502 2 0 0
node 535 1 0 0
node 562 1 0 0
node 774 1 0 0
node 802 1 0 0
node 856 1 0 0
node 891 1 0 0
node 923 4 0 0
node 1013 1 0 0
node 1209 1 0 0
node 1262 2 0 0
node 1422 1 0 0
node 1677 1 0 0
node 1834 1 0 0
node 1890 1 0 0
node 2004 3 0 0
gene 1 1 13 215229 0 1 215229 1
gene 3 2 13 -800000 0 2 -800000 1
gene 1 3 13 -328365 0 3 -328365 1
gene 3 4 13 -714849 0 4 -714849 1
gene 2 5 13 227657 0 5 227657 1
gene 2 6 13 -451829 0 6 -451829 1
gene 1 7 13 -326556 0 7 -326556 1
gene 2 8 13 -203994 0 8 -203994 0
gene 4 9 13 -253554 0 9 -253554 0
gene 2 10 13 -707796 0 10 -707796 1
gene 2 11 13 515291 0 11 515291 1
gene 4 12 13 -109368 0 12 -109368 1
gene 4 1 14 218385 0 13 218385 1
gene 1 2 14 -78906 0 14 -78906 1
gene 1 3 14 82080 0 15 82080 1
gene 2 4 14 250362 0 16 250362 1
gene 1 5 14 397287 0 17 397287 1
gene 1 6 14 -37758 0 18 -37758 1
gene 2 7 14 54555 0 19 54555 0
gene 1 8 14 -202608 0 20 -202608 1
gene 1 9 14 -709446 0 21 -709446 1
gene 3 10 14 208584 0 22 208584 1
gene 2 11 14 -146736 0 23 -146736 1
gene 3 12 14 -11697 0 24 -11697 1
gene 3 1 15 249813 0 25 249813 1
gene 2 2 15 -110865 0 26 -110865 1
gene 1 3 15 -83922 0 27 -83922 0
gene 1 4 15 383622 0 28 383622 1
gene 4 5 15 67182 0 29 67182 1
gene 3 6 15 251506 0 30 251506 1
gene 1 7 15 -432856 0 31 -432856 1
gene 3 8 15 -167562 0 32 -167562 1
gene 3 9 15 106329 0 33 106329 0
gene 2 10 15 -371955 0 34 -371955 1
gene 1 11 15 -137223 0 35 -137223 0
gene 3 12 15 742590 0 36 742590 1
gene 4 9 45 375120 0 104 375120 1
gene 4 45 13 -482945 0 105 -482945 1
gene 1 3 113 -265119 0 275 -265119 1
gene 1 113 13 25203 0 276 25203 1
gene 4 15 45 187494 0 403 187494 0
gene 1 113 230 -524294 0 574 -524294 0
gene 1 230 13 -262290 0 575 -262290 1
gene 1 9 308 -565055 0 790 -565055 1
gene 3 308 15 -157122 0 791 -157122 1
gene 2 7 430 -800000 0 1115 -800000 0
gene 2 430 14 -589239 0 1116 -589239 1
gene 3 12 456 668850 0 1183 668850 1
gene 3 456 14 435969 0 1184 435969 0
gene 2 7 472 -800000 0 1235 -800000 1
gene 2 472 430 -595895 0 1236 -595895 1
gene 3 6 502 80544 0 1309 80544 1
gene 3 502 15 -361899 0 1310 -361899 1
gene 1 11 535 560082 0 1395 560082 0
gene 1 535 15 344637 0 1396 344637 0
gene 3 456 562 144180 0 1467 144180 1
gene 3 562 14 775406 0 1468 775406 1
gene 3 8 562 -221517 0 1537 -221517 1
gene 4 13 14 -234546 0 1778 -234546 1
gene 3 308 13 454629 0 1961 454629 1
gene 1 3 774 2040 0 2025 2040 1
gene 1 774 113 222579 0 2026 222579 1
gene 2 8 802 -587420 0 2095 -587420 1
gene 2 802 13 519108 0 2096 519108 1
gene 1 3 856 400719 0 2230 400719 1
gene 1 856 15 -558821 0 2231 -558821 1
gene 1 774 891 -177828 0 2324 -177828 0
gene 1 891 113 -121920 0 2325 -121920 0
gene 1 535 923 395466 0 2399 395466 1
gene 1 923 15 260220 0 2400 260220 1
gene 1 774 1013 -545289 0 2634 -545289 1
gene 1 1013 891 17784 0 2635 17784 1
gene 2 308 14 -379437 0 2853 -379437 1
gene 1 113 1209 101178 0 3137 101178 1
gene 2 1209 230 515991 0 3138 515991 1
gene 4 1013 856 -365694 0 3205 -365694 1
gene 2 472 1262 -321792 0 3266 -321792 1
gene 2 1262 430 783920 0 3267 783920 1
gene 1 1262 891 800000 0 3360 800000 1
gene 4 9 456 211263 0 3421 211263 1
gene 2 113 562 -541233 0 3518 -541233 1
gene 1 456 456 541164 1 3595 541164 1
gene 3 12 1422 -57909 0 3673 -57909 1
gene 3 1422 14 351390 0 3674 351390 1
gene 3 1262 923 292113 0 3745 292113 1
gene 2 923 502 441603 0 4261 441603 0
gene 4 15 1677 160329 0 4294 160329 1
gene 4 1677 45 -71085 0 4295 -71085 1
gene 1 891 1834 -43680 0 4699 -43680 1
gene 1 1834 113 -201954 0 4700 -201954 1
gene 2 6 1422 -132258 0 4768 -132258 1
gene 2 923 1890 -24351 0 4843 -24351 1
gene 2 1890 502 -101439 0 4844 -101439 1
gene 2 774 14 -110799 0 5095 -110799 1
gene 1 7 308 -38553 0 5213 -38553 1
gene 3 1422 891 -173802 0 5284 -173802 1
gene 1 11 2004 40278 0 5354 40278 1
gene 1 2004 535 -420366 0 5355 -420366 1
gene 3 535 1013 -217953 0 5526 -217953 1
genomeend 13


/* Organism #14 Fitness: 210.000000 Time: 0 */
/* Position #14*/
#1 x: 50 y: 21
#2 x: 32 y: 22
#3 x: 71 y: 36
#4 x: 85 y: 77
#5 x: 59 y: 78
#6 x: 77 y: 65
genomestart 14
trait 1 1.000000 0.000000 0.000000 0.000000 0.000000 0.000000 0.000000 0.000000 trait 2 62812.000000 0.000000 100000.000000 0.000000 26777.000000 0.000000 88745.000000 0.000000 trait 3 0.000000 0.000000 91535.000000 0.000000 53504.000000 0.000000 0.000000 0.000000 trait 4 17436.000000 0.000000 0.000000 0.000000 100000.000000 0.000000 81611.000000 38944.000000 node 1 4 1 3
node 2 1 1 1
node 3 3 1 1
node 4 4 1 1
node 5 4 1 1
node 6 4 1 1
node 7 4 1 1
node 8 3 1 1
node 9 1 1 1
node 10 1 1 1
node 11 3 1 1
node 12 3 1 1
node 13 2 0 2
node 14 3 0 2
node 15 4 0 2
node 45 1 0 0
node 113 1 0 0
node 230 1 0 0
node 308 1 0 0
node 430 1 0 0
node 456 1 0 0
node 472 1 0 0
node 502 2 0 0
node 535 1 0 0
node 562 1 0 0
node 774 1 0 0
node 802 1 0 0
node 856 1 0 0
node 891 1 0 0
node 923 4 0 0
node 1013 1 0 0
node 1209 1 0 0
node 1262 2 0 0
node 1422 1 0 0
node 1677 1 0 0
node 1834 1 0 0
node 1890 1 0 0
node 2004 3 0 0
gene 1 1 13 382380 0 1 382380 1
gene 3 2 13 -754646 0 2 -754646 1
gene 1 3 13 -437685 0 3 -437685 1
gene 3 4 13 -514743 0 4 -514743 1
gene 2 5 13 370886 0 5 370886 1
gene 2 6 13 -439901 0 6 -439901 1
gene 1 7 13 42777 0 7 42777 1
gene 2 8 13 -26685 0 8 -26685 0
gene 4 9 13 -416673 0 9 -416673 0
gene 2 10 13 -653337 0 10 -653337 1
gene 2 11 13 342017 0 11 342017 1
gene 4 12 13 -202659 0 12 -202659 1
gene 4 1 14 -218721 0 13 -218721 1
gene 1 2 14 141867 0 14 141867 1
gene 1 3 14 -356874 0 15 -356874 1
gene 2 4 14 209169 0 16 209169 1
gene 1 5 14 275523 0 17 275523 1
gene 1 6 14 -91464 0 18 -91464 1
gene 2 7 14 -170733 0 19 -170733 0
gene 1 8 14 -461379 0 20 -461379 1
gene 1 9 14 -499881 0 21 -499881 1
gene 3 10 14 604560 0 22 604560 1
gene 2 11 14 -444477 0 23 -444477 1
gene 3 12 14 -546843 0 24 -546843 1
gene 3 1 15 189120 0 25 189120 1
gene 2 2 15 -149724 0 26 -149724 1
gene 1 3 15 203787 0 27 203787 0
gene 1 4 15 136500 0 28 136500 1
gene 4 5 15 255915 0 29 255915 1
gene 3 6 15 235729 0 30 235729 1
gene 1 7 15 -559471 0 31 -559471 1
gene 3 8 15 -495867 0 32 -495867 1
gene 3 9 15 304551 0 33 304551 0
gene 2 10 15 173691 0 34 173691 1
gene 1 11 15 132429 0 35 132429 0
gene 3 12 15 633867 0 36 633867 1
gene 4 9 45 400926 0 104 400926 1
gene 4 45 13 -800000 0 105 -800000 1
gene 1 3 113 -122412 0 275 -122412 1
gene 1 113 13 378813 0 276 378813 1
gene 4 15 45 92889 0 403 92889 0
gene 1 113 230 -644552 0 574 -644552 0
gene 1 230 13 139992 0 575 139992 1
gene 1 9 308 -765236 0 790 -765236 1
gene 3 308 15 -225357 0 791 -225357 1
gene 2 7 430 -800000 0 1115 -800000 0
gene 2 430 14 -457515 0 1116 -457515 1
gene 3 12 456 356421 0 1183 356421 1
gene 3 456 14 594042 0 1184 594042 0
gene 2 7 472 -800000 0 1235 -800000 1
gene 2 472 430 -397172 0 1236 -397172 1
gene 3 6 502 -10410 0 1309 -10410 1
gene 3 502 15 -800000 0 1310 -800000 1
gene 1 11 535 103101 0 1395 103101 0
gene 1 535 15 -55866 0 1396 -55866 0
gene 3 456 562 456399 0 1467 456399 1
gene 3 562 14 567875 0 1468 567875 1
gene 3 8 562 274308 0 1537 274308 1
gene 4 13 14 -325995 0 1778 -325995 1
gene 3 308 13 800000 0 1961 800000 1
gene 1 3 774 -311706 0 2025 -311706 1
gene 1 774 113 182172 0 2026 182172 1
gene 2 8 802 -698762 0 2095 -698762 1
gene 2 802 13 56259 0 2096 56259 1
gene 1 3 856 129183 0 2230 129183 1
gene 1 856 15 -800000 0 2231 -800000 1
gene 1 774 891 -311232 0 2324 -311232 0
gene 1 891 113 -276654 0 2325 -276654 0
gene 1 535 923 546423 0 2399 546423 1
gene 1 923 15 -36657 0 2400 -36657 1
gene 1 774 1013 -423468 0 2634 -423468 1
gene 1 1013 891 -471759 0 2635 -471759 1
gene 2 308 14 -215466 0 2853 -215466 1
gene 1 113 1209 106350 0 3137 106350 1
gene 2 1209 230 71148 0 3138 71148 1
gene 4 1013 856 -266625 0 3205 -266625 1
gene 2 472 1262 -746211 0 3266 -746211 1
gene 2 1262 430 421511 0 3267 421511 1
gene 1 1262 891 532713 0 3360 532713 1
gene 4 9 456 -277305 0 3421 -277305 1
gene 2 113 562 -37512 0 3518 -37512 1
gene 1 456 456 511203 1 3595 511203 1
gene 3 12 1422 -57909 0 3673 -57909 1
gene 3 1422 14 120192 0 3674 120192 1
gene 3 1262 923 -77124 0 3745 -77124 1
gene 2 923 502 679452 0 4261 679452 0
gene 4 15 1677 -185493 0 4294 -185493 1
gene 4 1677 45 246390 0 4295 246390 1
gene 1 891 1834 24261 0 4699 24261 1
gene 1 1834 113 -7857 0 4700 -7857 1
gene 2 6 1422 165327 0 4768 165327 1
gene 2 923 1890 -165852 0 4843 -165852 1
gene 2 1890 502 -235140 0 4844 -235140 1
gene 2 774 14 -110799 0 5095 -110799 1
gene 1 7 308 -38553 0 5213 -38553 1
gene 3 1422 891 -311010 0 5284 -311010 1
gene 1 11 2004 141624 0 5354 141624 1
gene 1 2004 535 96252 0 5355 96252 1
gene 3 535 1013 38434 0 5526 38434 1
genomeend 14


/* Organism #35 Fitness: 200.000000 Time: 0 */
/* Position #35*/
#1 x: 69 y: 36
#2 x: 33 y: 22
#3 x: 64 y: 33
#4 x: 18 y: 61
#5 x: 39 y: 82
#6 x: 22 y: 77
genomestart 35
trait 1 1.000000 0.000000 0.000000 0.000000 0.000000 0.000000 0.000000 0.000000 trait 2 50886.000000 0.000000 0.000000 74243.000000 43526.000000 75342.000000 91543.000000 0.000000 trait 3 42788.000000 0.000000 91535.000000 0.000000 0.000000 0.000000 0.000000 12079.000000 trait 4 0.000000 0.000000 0.000000 0.000000 100000.000000 0.000000 0.000000 57537.000000 node 1 4 1 3
node 2 2 1 1
node 3 3 1 1
node 4 2 1 1
node 5 4 1 1
node 6 4 1 1
node 7 4 1 1
node 8 3 1 1
node 9 1 1 1
node 10 1 1 1
node 11 3 1 1
node 12 3 1 1
node 13 1 0 2
node 14 3 0 2
node 15 4 0 2
node 45 1 0 0
node 113 1 0 0
node 230 1 0 0
node 308 2 0 0
node 430 1 0 0
node 456 1 0 0
node 472 1 0 0
node 502 1 0 0
node 535 1 0 0
node 562 1 0 0
node 774 1 0 0
node 802 1 0 0
node 856 1 0 0
node 891 4 0 0
node 923 1 0 0
node 1013 1 0 0
node 1209 1 0 0
node 1262 2 0 0
node 1422 1 0 0
node 1677 1 0 0
node 1834 1 0 0
node 1890 1 0 0
gene 1 1 13 473415 0 1 473415 1
gene 3 2 13 463623 0 2 463623 1
gene 1 3 13 283947 0 3 283947 1
gene 3 4 13 69063 0 4 69063 1
gene 2 5 13 756789 0 5 756789 1
gene 2 6 13 -68826 0 6 -68826 1
gene 1 7 13 -8943 0 7 -8943 1
gene 2 8 13 -446604 0 8 -446604 1
gene 4 9 13 -379137 0 9 -379137 1
gene 2 10 13 -69852 0 10 -69852 1
gene 2 11 13 -389934 0 11 -389934 1
gene 4 12 13 117309 0 12 117309 1
gene 4 1 14 551889 0 13 551889 1
gene 1 2 14 607731 0 14 607731 1
gene 1 3 14 423063 0 15 423063 1
gene 2 4 14 777453 0 16 777453 1
gene 1 5 14 954 0 17 954 1
gene 1 6 14 -800000 0 18 -800000 1
gene 2 7 14 -209715 0 19 -209715 0
gene 1 8 14 800000 0 20 800000 1
gene 1 9 14 -128631 0 21 -128631 1
gene 3 10 14 -627388 0 22 -627388 1
gene 2 11 14 340166 0 23 340166 1
gene 3 12 14 -400545 0 24 -400545 1
gene 3 1 15 405954 0 25 405954 1
gene 2 2 15 54645 0 26 54645 1
gene 1 3 15 -22716 0 27 -22716 0
gene 1 4 15 211833 0 28 211833 1
gene 4 5 15 -355780 0 29 -355780 1
gene 3 6 15 75699 0 30 75699 1
gene 1 7 15 353511 0 31 353511 1
gene 3 8 15 219939 0 32 219939 1
gene 3 9 15 -263165 0 33 -263165 1
gene 1 10 15 392088 0 34 392088 1
gene 1 11 15 136513 0 35 136513 1
gene 3 12 15 -633812 0 36 -633812 1
gene 4 9 45 -18774 0 104 -18774 1
gene 4 45 13 -233295 0 105 -233295 1
gene 1 3 113 -381369 0 275 -381369 1
gene 1 113 13 -800000 0 276 -800000 1
gene 4 15 45 -261638 0 403 -261638 0
gene 1 113 230 -277836 0 574 -277836 0
gene 1 230 13 -556323 0 575 -556323 1
gene 3 9 308 -322638 0 790 -322638 1
gene 3 308 15 99038 0 791 99038 1
gene 2 7 430 -435264 0 1115 -435264 0
gene 2 430 14 -342834 0 1116 -342834 1
gene 3 12 456 -118116 0 1183 -118116 1
gene 1 456 14 -747735 0 1184 -747735 0
gene 2 7 472 165671 0 1235 165671 1
gene 2 472 430 -162069 0 1236 -162069 1
gene 3 6 502 8007 0 1309 8007 1
gene 3 502 15 104586 0 1310 104586 1
gene 1 11 535 137289 0 1395 137289 1
gene 1 535 15 378987 0 1396 378987 0
gene 3 456 562 -44196 0 1467 -44196 1
gene 3 562 14 -568545 0 1468 -568545 1
gene 3 8 562 377253 0 1537 377253 1
gene 4 13 14 -800000 0 1778 -800000 1
gene 3 308 13 -429363 0 1961 -429363 1
gene 1 3 774 414708 0 2025 414708 1
gene 1 774 113 13806 0 2026 13806 1
gene 2 8 802 -689756 0 2095 -689756 1
gene 2 802 13 -617381 0 2096 -617381 1
gene 1 3 856 -39489 0 2230 -39489 1
gene 1 856 15 -445253 0 2231 -445253 1
gene 1 774 891 382242 0 2324 382242 0
gene 1 891 113 -10155 0 2325 -10155 1
gene 1 535 923 -365175 0 2399 -365175 1
gene 1 923 15 -178625 0 2400 -178625 1
gene 1 774 1013 -45342 0 2634 -45342 1
gene 1 1013 891 30468 0 2635 30468 1
gene 2 308 14 -359088 0 2853 -359088 1
gene 1 113 1209 -800000 0 3137 -800000 1
gene 1 1209 230 -199767 0 3138 -199767 1
gene 4 1013 856 -230091 0 3205 -230091 1
gene 2 472 1262 -286308 0 3266 -286308 1
gene 2 1262 430 23352 0 3267 23352 1
gene 1 1262 891 225282 0 3360 225282 1
gene 4 9 456 299679 0 3421 299679 1
gene 2 113 562 -384576 0 3518 -384576 1
gene 1 456 456 575325 1 3595 575325 1
gene 3 12 1422 16344 0 3673 16344 1
gene 3 1422 14 -41526 0 3674 -41526 1
gene 3 1262 923 -265941 0 3745 -265941 1
gene 2 923 502 -112830 0 4261 -112830 0
gene 4 15 1677 -408036 0 4294 -408036 1
gene 4 1677 45 -361209 0 4295 -361209 1
gene 1 891 1834 -489999 0 4699 -489999 1
gene 1 1834 113 -224919 0 4700 -224919 1
gene 2 6 1422 566175 0 4768 566175 1
gene 2 923 1890 -150555 0 4843 -150555 1
gene 2 1890 502 253338 0 4844 253338 1
gene 4 45 562 -391581 0 5228 -391581 1
gene 4 456 1013 -201555 0 5282 -201555 1
gene 2 430 15 294606 0 5313 294606 1
gene 2 230 472 -182100 1 5330 -182100 1
gene 4 1209 1422 -365925 0 5392 -365925 1
gene 3 802 802 48693 1 5442 48693 1
gene 4 430 562 -90277 0 5507 -90277 1
genomeend 35


/* Organism #60 Fitness: 310.000000 Time: 0 */
/* Position #60*/
#1 x: 50 y: 34
#2 x: 41 y: 19
#3 x: 75 y: 15
#4 x: 56 y: 67
#5 x: 24 y: 70
#6 x: 44 y: 81
genomestart 60
trait 1 0.000000 24469.000000 0.000000 6474.000000 0.000000 75525.000000 0.000000 0.000000 trait 2 93273.000000 0.000000 0.000000 0.000000 52608.000000 0.000000 0.000000 0.000000 trait 3 0.000000 0.000000 92543.000000 0.000000 54865.000000 0.000000 75658.000000 0.000000 trait 4 64168.000000 80044.000000 0.000000 0.000000 100000.000000 79814.000000 40873.000000 0.000000 node 1 4 1 3
node 2 1 1 1
node 3 3 1 1
node 4 3 1 1
node 5 4 1 1
node 6 4 1 1
node 7 4 1 1
node 8 3 1 1
node 9 1 1 1
node 10 1 1 1
node 11 3 1 1
node 12 3 1 1
node 13 1 0 2
node 14 3 0 2
node 15 4 0 2
node 45 1 0 0
node 113 1 0 0
node 230 1 0 0
node 308 1 0 0
node 430 1 0 0
node 456 3 0 0
node 472 1 0 0
node 502 1 0 0
node 535 1 0 0
node 562 1 0 0
node 774 4 0 0
node 802 1 0 0
node 856 1 0 0
node 891 1 0 0
node 923 4 0 0
node 1013 1 0 0
node 1042 1 0 0
node 1500 1 0 0
node 1574 1 0 0
node 1608 1 0 0
node 1713 1 0 0
node 1895 1 0 0
gene 1 1 13 233382 0 1 233382 1
gene 3 2 13 -604929 0 2 -604929 1
gene 1 3 13 -96711 0 3 -96711 1
gene 3 4 13 139911 0 4 139911 1
gene 2 5 13 -392505 0 5 -392505 0
gene 2 6 13 -262980 0 6 -262980 1
gene 1 7 13 -163992 0 7 -163992 1
gene 2 8 13 -98706 0 8 -98706 0
gene 4 9 13 -4719 0 9 -4719 0
gene 2 10 13 505713 0 10 505713 1
gene 2 11 13 316905 0 11 316905 1
gene 4 12 13 123033 0 12 123033 1
gene 4 1 14 -378399 0 13 -378399 1
gene 1 2 14 107457 0 14 107457 1
gene 1 3 14 298863 0 15 298863 1
gene 2 4 14 -191745 0 16 -191745 1
gene 1 5 14 484161 0 17 484161 1
gene 1 6 14 -93339 0 18 -93339 1
gene 2 7 14 90705 0 19 90705 0
gene 4 8 14 544083 0 20 544083 1
gene 1 9 14 -181986 0 21 -181986 0
gene 3 10 14 153348 0 22 153348 1
gene 2 11 14 -90132 0 23 -90132 1
gene 3 12 14 483179 0 24 483179 0
gene 3 1 15 -149793 0 25 -149793 1
gene 2 2 15 356631 0 26 356631 1
gene 1 3 15 231891 0 27 231891 0
gene 1 4 15 -132690 0 28 -132690 1
gene 3 5 15 202812 0 29 202812 1
gene 3 6 15 -50367 0 30 -50367 1
gene 1 7 15 397731 0 31 397731 1
gene 3 8 15 -80604 0 32 -80604 1
gene 3 9 15 -14844 0 33 -14844 0
gene 1 10 15 556716 0 34 556716 1
gene 1 11 15 -199374 0 35 -199374 0
gene 3 12 15 -335916 0 36 -335916 1
gene 4 9 45 87651 0 104 87651 1
gene 4 45 13 201765 0 105 201765 1
gene 1 3 113 385497 0 275 385497 0
gene 1 113 13 -171249 0 276 -171249 0
gene 4 15 45 24489 0 403 24489 1
gene 1 113 230 66426 0 574 66426 1
gene 1 230 13 272445 0 575 272445 1
gene 3 9 308 361761 0 790 361761 1
gene 4 308 15 95589 0 791 95589 1
gene 2 7 430 -13278 0 1115 -13278 0
gene 2 430 14 92619 0 1116 92619 1
gene 3 12 456 27516 0 1183 27516 1
gene 3 456 14 139626 0 1184 139626 1
gene 2 7 472 -410796 0 1235 -410796 1
gene 2 472 430 -293283 0 1236 -293283 0
gene 3 6 502 323166 0 1309 323166 1
gene 3 502 15 428106 0 1310 428106 0
gene 1 11 535 319521 0 1395 319521 1
gene 1 535 15 -302025 0 1396 -302025 0
gene 3 456 562 -800000 0 1467 -800000 1
gene 3 562 14 336831 0 1468 336831 1
gene 3 8 562 152787 0 1537 152787 1
gene 4 13 14 -149967 0 1778 -149967 1
gene 2 308 13 -281256 0 1961 -281256 1
gene 1 3 774 353313 0 2025 353313 1
gene 1 774 113 782069 0 2026 782069 0
gene 2 8 802 -114762 0 2095 -114762 1
gene 2 802 13 -281541 0 2096 -281541 1
gene 1 3 856 397692 0 2230 397692 1
gene 1 856 15 66669 0 2231 66669 1
gene 1 774 891 77835 0 2324 77835 0
gene 1 891 113 313572 0 2325 313572 0
gene 1 535 923 138498 0 2399 138498 1
gene 1 923 15 21930 0 2400 21930 1
gene 1 774 1013 5646 0 2634 5646 1
gene 1 1013 891 -794988 0 2635 -794988 1
gene 1 9 1042 -48153 0 2712 -48153 1
gene 1 1042 14 66726 0 2713 66726 1
gene 3 856 856 751865 1 3779 751865 1
gene 4 5 1500 247092 0 3860 247092 1
gene 2 1500 13 -149280 0 3861 -149280 1
gene 3 502 1574 -20967 0 4038 -20967 1
gene 3 1574 15 321366 0 4039 321366 1
gene 1 113 1608 4263 0 4119 4263 1
gene 1 1608 230 -245900 0 4120 -245900 1
gene 2 1574 1608 -282006 0 4199 -282006 1
gene 3 535 430 -438921 0 4284 -438921 1
gene 2 11 1713 -726996 0 4382 -726996 1
gene 2 1713 14 -231039 0 4383 -231039 1
gene 1 891 1895 240216 0 4862 240216 1
gene 1 1895 113 266508 0 4863 266508 1
gene 4 1042 502 300243 0 5017 300243 1
gene 4 562 562 -429180 1 5102 -429180 1
gene 1 1574 923 -44883 0 5317 -44883 1
gene 2 1500 1895 307458 0 5322 307458 1
gene 2 113 14 -31007 0 5533 -31007 1
genomeend 60


/* Organism #61 Fitness: 290.000000 Time: 0 */
/* Position #61*/
#1 x: 50 y: 34
#2 x: 41 y: 19
#3 x: 75 y: 15
#4 x: 56 y: 67
#5 x: 24 y: 70
#6 x: 44 y: 81
genomestart 61
trait 1 1.000000 0.000000 0.000000 0.000000 0.000000 0.000000 0.000000 0.000000 trait 2 0.000000 0.000000 97564.000000 0.000000 0.000000 0.000000 0.000000 0.000000 trait 3 0.000000 74848.000000 93349.000000 0.000000 61554.000000 0.000000 48731.000000 0.000000 trait 4 17436.000000 0.000000 0.000000 0.000000 100000.000000 0.000000 81611.000000 38944.000000 node 1 4 1 3
node 2 2 1 1
node 3 3 1 1
node 4 4 1 1
node 5 4 1 1
node 6 4 1 1
node 7 4 1 1
node 8 2 1 1
node 9 1 1 1
node 10 1 1 1
node 11 3 1 1
node 12 3 1 1
node 13 2 0 2
node 14 3 0 2
node 15 4 0 2
node 45 1 0 0
node 113 1 0 0
node 230 1 0 0
node 308 1 0 0
node 430 1 0 0
node 456 1 0 0
node 472 1 0 0
node 502 1 0 0
node 535 1 0 0
node 562 1 0 0
node 774 1 0 0
node 802 1 0 0
node 856 1 0 0
node 891 1 0 0
node 923 1 0 0
node 1013 1 0 0
node 1209 1 0 0
node 1262 2 0 0
node 1422 1 0 0
node 1677 1 0 0
node 1834 1 0 0
node 1890 1 0 0
gene 1 1 13 405447 0 1 405447 1
gene 3 2 13 -150201 0 2 -150201 1
gene 1 3 13 243729 0 3 243729 1
gene 2 4 13 -623796 0 4 -623796 1
gene 2 5 13 -91506 0 5 -91506 1
gene 2 6 13 179478 0 6 179478 1
gene 1 7 13 -369882 0 7 -369882 1
gene 2 8 13 709139 0 8 709139 0
gene 4 9 13 -152319 0 9 -152319 0
gene 2 10 13 -106641 0 10 -106641 1
gene 2 11 13 -156177 0 11 -156177 1
gene 4 12 13 341277 0 12 341277 1
gene 4 1 14 -189717 0 13 -189717 1
gene 1 2 14 260229 0 14 260229 1
gene 1 3 14 49197 0 15 49197 1
gene 2 4 14 -200856 0 16 -200856 1
gene 1 5 14 50058 0 17 50058 1
gene 1 6 14 -88497 0 18 -88497 1
gene 2 7 14 -800000 0 19 -800000 0
gene 1 8 14 434382 0 20 434382 1
gene 1 9 14 293358 0 21 293358 1
gene 3 10 14 -295329 0 22 -295329 1
gene 2 11 14 88647 0 23 88647 1
gene 3 12 14 -560754 0 24 -560754 1
gene 3 1 15 -537999 0 25 -537999 1
gene 2 2 15 -206238 0 26 -206238 1
gene 1 3 15 339555 0 27 339555 0
gene 1 4 15 319659 0 28 319659 1
gene 4 5 15 -72660 0 29 -72660 1
gene 3 6 15 356925 0 30 356925 1
gene 1 7 15 -276675 0 31 -276675 1
gene 3 8 15 -207099 0 32 -207099 1
gene 3 9 15 411042 0 33 411042 0
gene 2 10 15 205980 0 34 205980 1
gene 1 11 15 69312 0 35 69312 0
gene 3 12 15 -568662 0 36 -568662 1
gene 4 9 45 -375345 0 104 -375345 1
gene 4 45 13 230520 0 105 230520 1
gene 1 3 113 -131898 0 275 -131898 1
gene 1 113 13 606704 0 276 606704 1
gene 4 15 45 -290658 0 403 -290658 0
gene 1 113 230 -573438 0 574 -573438 0
gene 1 230 13 -21861 0 575 -21861 1
gene 3 9 308 -611954 0 790 -611954 1
gene 3 308 15 460542 0 791 460542 1
gene 2 7 430 42537 0 1115 42537 0
gene 2 430 14 507339 0 1116 507339 1
gene 3 12 456 -378972 0 1183 -378972 1
gene 3 456 14 166380 0 1184 166380 0
gene 2 7 472 319611 0 1235 319611 1
gene 2 472 430 -172518 0 1236 -172518 1
gene 3 6 502 -736226 0 1309 -736226 1
gene 3 502 15 -375193 0 1310 -375193 1
gene 1 11 535 20076 0 1395 20076 1
gene 1 535 15 260796 0 1396 260796 0
gene 3 456 562 222087 0 1467 222087 1
gene 3 562 14 -168996 0 1468 -168996 1
gene 3 8 562 -287832 0 1537 -287832 1
gene 4 13 14 -36735 0 1778 -36735 1
gene 3 308 13 -151383 0 1961 -151383 1
gene 1 3 774 112551 0 2025 112551 1
gene 1 774 113 -7050 0 2026 -7050 1
gene 2 8 802 614376 0 2095 614376 1
gene 2 802 13 -130902 0 2096 -130902 1
gene 1 3 856 -108747 0 2230 -108747 1
gene 1 856 15 -18072 0 2231 -18072 1
gene 1 774 891 39261 0 2324 39261 0
gene 1 891 113 -211641 0 2325 -211641 0
gene 1 535 923 130449 0 2399 130449 1
gene 1 923 15 17868 0 2400 17868 1
gene 1 774 1013 129780 0 2634 129780 1
gene 1 1013 891 -4182 0 2635 -4182 1
gene 2 308 14 800000 0 2853 800000 1
gene 1 113 1209 -416559 0 3137 -416559 1
gene 2 1209 230 -217110 0 3138 -217110 1
gene 4 1013 856 -326151 0 3205 -326151 1
gene 2 472 1262 -11061 0 3266 -11061 1
gene 2 1262 430 -92820 0 3267 -92820 1
gene 1 1262 891 643725 0 3360 643725 1
gene 4 9 456 -62301 0 3421 -62301 1
gene 2 113 562 -204840 0 3518 -204840 1
gene 1 456 456 146484 1 3595 146484 1
gene 3 12 1422 372068 0 3673 372068 1
gene 3 1422 14 62901 0 3674 62901 1
gene 3 1262 923 -391602 0 3745 -391602 1
gene 2 923 502 117339 0 4261 117339 0
gene 4 15 1677 -268020 0 4294 -268020 1
gene 4 1677 45 433248 0 4295 433248 1
gene 1 891 1834 4362 0 4699 4362 1
gene 1 1834 113 117873 0 4700 117873 1
gene 2 6 1422 167529 0 4768 167529 1
gene 2 923 1890 -726369 0 4843 -726369 1
gene 2 1890 502 260193 0 4844 260193 1
gene 2 774 14 -422576 0 5095 -422576 1
gene 1 7 308 26436 0 5213 26436 1
gene 3 1422 891 251226 0 5284 251226 1
gene 3 472 472 -230661 1 5484 -230661 1
genomeend 61


/* Organism #70 Fitness: 270.000000 Time: 0 */
/* Position #70*/
#1 x: 70 y: 32
#2 x: 62 y: 36
#3 x: 21 y: 26
#4 x: 68 y: 62
#5 x: 81 y: 73
#6 x: 39 y: 78
genomestart 70
trait 1 0.000000 24469.000000 0.000000 0.000000 0.000000 75525.000000 0.000000 0.000000 trait 2 93273.000000 0.000000 0.000000 0.000000 52608.000000 0.000000 0.000000 0.000000 trait 3 0.000000 0.000000 4773.000000 16413.000000 90702.000000 0.000000 0.000000 17555.000000 trait 4 64168.000000 80044.000000 48758.000000 0.000000 100000.000000 79814.000000 40873.000000 0.000000 node 1 4 1 3
node 2 1 1 1
node 3 3 1 1
node 4 3 1 1
node 5 4 1 1
node 6 4 1 1
node 7 4 1 1
node 8 3 1 1
node 9 1 1 1
node 10 1 1 1
node 11 3 1 1
node 12 3 1 1
node 13 1 0 2
node 14 3 0 2
node 15 4 0 2
node 45 1 0 0
node 113 1 0 0
node 230 1 0 0
node 308 1 0 0
node 430 1 0 0
node 456 3 0 0
node 472 1 0 0
node 502 1 0 0
node 535 1 0 0
node 562 1 0 0
node 774 4 0 0
node 802 1 0 0
node 856 1 0 0
node 891 1 0 0
node 923 4 0 0
node 1013 1 0 0
node 1042 1 0 0
node 1500 1 0 0
node 1574 1 0 0
node 1608 1 0 0
node 1713 1 0 0
node 1895 1 0 0
gene 1 1 13 -256917 0 1 -256917 1
gene 3 2 13 -266991 0 2 -266991 1
gene 1 3 13 -800000 0 3 -800000 1
gene 3 4 13 669000 0 4 669000 1
gene 2 5 13 -22431 0 5 -22431 0
gene 2 6 13 142122 0 6 142122 1
gene 1 7 13 -800000 0 7 -800000 1
gene 2 8 13 39765 0 8 39765 0
gene 4 9 13 -694271 0 9 -694271 0
gene 2 10 13 234099 0 10 234099 1
gene 2 11 13 -146283 0 11 -146283 1
gene 4 12 13 800000 0 12 800000 1
gene 4 1 14 723602 0 13 723602 1
gene 1 2 14 -270897 0 14 -270897 1
gene 1 3 14 -425787 0 15 -425787 1
gene 2 4 14 -283608 0 16 -283608 1
gene 1 5 14 -97338 0 17 -97338 1
gene 1 6 14 -481563 0 18 -481563 1
gene 2 7 14 475674 0 19 475674 0
gene 4 8 14 -240672 0 20 -240672 1
gene 1 9 14 -297141 0 21 -297141 0
gene 3 10 14 -431016 0 22 -431016 1
gene 2 11 14 -30174 0 23 -30174 1
gene 3 12 14 218490 0 24 218490 0
gene 3 1 15 364110 0 25 364110 1
gene 2 2 15 254910 0 26 254910 1
gene 1 3 15 -560148 0 27 -560148 0
gene 1 4 15 -165318 0 28 -165318 1
gene 3 5 15 317694 0 29 317694 1
gene 3 6 15 258372 0 30 258372 1
gene 1 7 15 -56481 0 31 -56481 1
gene 3 8 15 -360333 0 32 -360333 1
gene 3 9 15 -97887 0 33 -97887 0
gene 1 10 15 -401505 0 34 -401505 1
gene 1 11 15 -90849 0 35 -90849 0
gene 3 12 15 103260 0 36 103260 1
gene 4 9 45 139218 0 104 139218 1
gene 4 45 13 103770 0 105 103770 1
gene 1 3 113 -800000 0 275 -800000 0
gene 1 113 13 -15960 0 276 -15960 0
gene 4 15 45 261243 0 403 261243 1
gene 1 113 230 451989 0 574 451989 1
gene 1 230 13 269448 0 575 269448 1
gene 3 9 308 74100 0 790 74100 1
gene 4 308 15 -557793 0 791 -557793 1
gene 2 7 430 281961 0 1115 281961 0
gene 2 430 14 -33246 0 1116 -33246 1
gene 3 12 456 181683 0 1183 181683 1
gene 3 456 14 -635396 0 1184 -635396 1
gene 2 7 472 -6825 0 1235 -6825 1
gene 2 472 430 -178338 0 1236 -178338 0
gene 3 6 502 462684 0 1309 462684 1
gene 3 502 15 93579 0 1310 93579 0
gene 1 11 535 297267 0 1395 297267 1
gene 1 535 15 698879 0 1396 698879 0
gene 3 456 562 -301680 0 1467 -301680 1
gene 3 562 14 800000 0 1468 800000 1
gene 3 8 562 182898 0 1537 182898 1
gene 4 13 14 726971 0 1778 726971 1
gene 2 308 13 210663 0 1961 210663 1
gene 1 3 774 -640371 0 2025 -640371 1
gene 1 774 113 384284 0 2026 384284 0
gene 2 8 802 -755514 0 2095 -755514 1
gene 2 802 13 -169857 0 2096 -169857 1
gene 1 3 856 -455706 0 2230 -455706 1
gene 1 856 15 200670 0 2231 200670 1
gene 1 774 891 -399180 0 2324 -399180 0
gene 1 891 113 -116742 0 2325 -116742 0
gene 1 535 923 -301896 0 2399 -301896 1
gene 1 923 15 114066 0 2400 114066 1
gene 1 774 1013 -192171 0 2634 -192171 1
gene 1 1013 891 -233136 0 2635 -233136 1
gene 1 9 1042 540569 0 2712 540569 1
gene 1 1042 14 -598419 0 2713 -598419 1
gene 3 856 856 428571 1 3779 428571 1
gene 4 5 1500 515634 0 3860 515634 1
gene 2 1500 13 320460 0 3861 320460 1
gene 3 502 1574 -430557 0 4038 -430557 1
gene 3 1574 15 665856 0 4039 665856 1
gene 1 113 1608 584391 0 4119 584391 1
gene 1 1608 230 -774185 0 4120 -774185 1
gene 2 1574 1608 -10173 0 4199 -10173 1
gene 3 535 430 -44379 0 4284 -44379 1
gene 2 11 1713 -325011 0 4382 -325011 1
gene 2 1713 14 -167052 0 4383 -167052 1
gene 1 891 1895 -195285 0 4862 -195285 1
gene 1 1895 113 -242703 0 4863 -242703 1
gene 4 1042 502 113112 0 5017 113112 1
gene 4 562 562 144243 1 5102 144243 1
gene 1 1574 923 65274 0 5317 65274 1
gene 2 1500 1895 83163 0 5322 83163 1
genomeend 70


/* Organism #72 Fitness: 320.000000 Time: 0 */
/* Position #72*/
#1 x: 26 y: 21
#2 x: 26 y: 30
#3 x: 58 y: 15
#4 x: 38 y: 76
#5 x: 66 y: 79
#6 x: 80 y: 76
genomestart 72
trait 1 0.000000 24469.000000 0.000000 0.000000 0.000000 75525.000000 0.000000 0.000000 trait 2 93273.000000 0.000000 0.000000 0.000000 52608.000000 0.000000 0.000000 0.000000 trait 3 0.000000 0.000000 4773.000000 16413.000000 90702.000000 0.000000 0.000000 17555.000000 trait 4 64168.000000 80044.000000 0.000000 0.000000 100000.000000 79814.000000 40873.000000 0.000000 node 1 4 1 3
node 2 1 1 1
node 3 3 1 1
node 4 3 1 1
node 5 4 1 1
node 6 4 1 1
node 7 4 1 1
node 8 3 1 1
node 9 1 1 1
node 10 1 1 1
node 11 3 1 1
node 12 3 1 1
node 13 1 0 2
node 14 3 0 2
node 15 4 0 2
node 45 1 0 0
node 113 1 0 0
node 230 1 0 0
node 308 1 0 0
node 430 1 0 0
node 456 3 0 0
node 472 1 0 0
node 502 1 0 0
node 535 1 0 0
node 562 1 0 0
node 774 4 0 0
node 802 1 0 0
node 856 1 0 0
node 891 1 0 0
node 923 4 0 0
node 1013 1 0 0
node 1042 1 0 0
node 1500 1 0 0
node 1574 1 0 0
node 1608 1 0 0
node 1713 1 0 0
node 1895 1 0 0
gene 1 1 13 -111366 0 1 -111366 1
gene 3 2 13 222057 0 2 222057 1
gene 1 3 13 -794648 0 3 -794648 1
gene 3 4 13 595320 0 4 595320 1
gene 2 5 13 296940 0 5 296940 0
gene 2 6 13 -118044 0 6 -118044 1
gene 1 7 13 -718419 0 7 -718419 1
gene 2 8 13 -800000 0 8 -800000 0
gene 4 9 13 54012 0 9 54012 0
gene 2 10 13 168159 0 10 168159 1
gene 2 11 13 183297 0 11 183297 1
gene 4 12 13 800000 0 12 800000 1
gene 4 1 14 613361 0 13 613361 1
gene 1 2 14 16884 0 14 16884 1
gene 1 3 14 -624039 0 15 -624039 1
gene 2 4 14 232476 0 16 232476 1
gene 1 5 14 800000 0 17 800000 1
gene 1 6 14 -50328 0 18 -50328 1
gene 2 7 14 410499 0 19 410499 0
gene 4 8 14 -23982 0 20 -23982 1
gene 1 9 14 -510783 0 21 -510783 0
gene 3 10 14 -162069 0 22 -162069 1
gene 2 11 14 -42423 0 23 -42423 1
gene 3 12 14 136401 0 24 136401 0
gene 3 1 15 210018 0 25 210018 1
gene 2 2 15 56805 0 26 56805 1
gene 1 3 15 -399576 0 27 -399576 0
gene 1 4 15 44109 0 28 44109 1
gene 3 5 15 132450 0 29 132450 1
gene 3 6 15 -222963 0 30 -222963 1
gene 1 7 15 -20661 0 31 -20661 1
gene 3 8 15 -296223 0 32 -296223 1
gene 3 9 15 -281133 0 33 -281133 0
gene 1 10 15 -346926 0 34 -346926 1
gene 1 11 15 -29328 0 35 -29328 0
gene 3 12 15 230928 0 36 230928 1
gene 4 9 45 139218 0 104 139218 1
gene 4 45 13 -591228 0 105 -591228 1
gene 1 3 113 -800000 0 275 -800000 0
gene 1 113 13 60762 0 276 60762 0
gene 4 15 45 -156417 0 403 -156417 1
gene 1 113 230 694170 0 574 694170 1
gene 1 230 13 -156324 0 575 -156324 1
gene 3 9 308 199146 0 790 199146 1
gene 4 308 15 -5109 0 791 -5109 1
gene 2 7 430 -25023 0 1115 -25023 0
gene 2 430 14 -416748 0 1116 -416748 1
gene 3 12 456 -144441 0 1183 -144441 1
gene 3 456 14 192384 0 1184 192384 1
gene 2 7 472 -37179 0 1235 -37179 1
gene 2 472 430 -80634 0 1236 -80634 0
gene 3 6 502 24540 0 1309 24540 1
gene 3 502 15 -800000 0 1310 -800000 0
gene 1 11 535 530202 0 1395 530202 1
gene 1 535 15 412325 0 1396 412325 0
gene 3 456 562 -383322 0 1467 -383322 1
gene 3 562 14 561767 0 1468 561767 1
gene 3 8 562 511977 0 1537 511977 1
gene 4 13 14 361160 0 1778 361160 1
gene 2 308 13 500445 0 1961 500445 1
gene 1 3 774 -550644 0 2025 -550644 1
gene 1 774 113 176072 0 2026 176072 0
gene 2 8 802 166497 0 2095 166497 1
gene 2 802 13 -229050 0 2096 -229050 1
gene 1 3 856 -262668 0 2230 -262668 1
gene 1 856 15 -67959 0 2231 -67959 1
gene 1 774 891 290487 0 2324 290487 0
gene 1 891 113 -171279 0 2325 -171279 0
gene 1 535 923 -158232 0 2399 -158232 1
gene 1 923 15 441936 0 2400 441936 1
gene 1 774 1013 -535812 0 2634 -535812 1
gene 1 1013 891 -120258 0 2635 -120258 1
gene 1 9 1042 -45207 0 2712 -45207 1
gene 1 1042 14 113283 0 2713 113283 1
gene 3 856 856 -24114 1 3779 -24114 1
gene 4 5 1500 459069 0 3860 459069 1
gene 2 1500 13 201387 0 3861 201387 1
gene 3 502 1574 -215469 0 4038 -215469 1
gene 3 1574 15 800000 0 4039 800000 1
gene 1 113 1608 374037 0 4119 374037 1
gene 1 1608 230 -735365 0 4120 -735365 1
gene 2 1574 1608 379761 0 4199 379761 1
gene 3 535 430 -424284 0 4284 -424284 1
gene 2 11 1713 297858 0 4382 297858 1
gene 2 1713 14 -209796 0 4383 -209796 1
gene 1 891 1895 37659 0 4862 37659 1
gene 1 1895 113 -273261 0 4863 -273261 1
gene 4 1042 502 377193 0 5017 377193 1
gene 4 562 562 126018 1 5102 126018 1
gene 1 1574 923 533775 0 5317 533775 1
gene 2 1500 1895 252735 0 5322 252735 1
genomeend 72


/* Organism #74 Fitness: 310.000000 Time: 0 */
/* Position #74*/
#1 x: 45 y: 29
#2 x: 35 y: 19
#3 x: 17 y: 40
#4 x: 51 y: 76
#5 x: 43 y: 66
#6 x: 60 y: 84
genomestart 74
trait 1 0.000000 0.000000 0.000000 0.000000 6883.000000 0.000000 16585.000000 0.000000 trait 2 30553.000000 96214.000000 57727.000000 68676.000000 0.000000 54395.000000 19242.000000 100000.000000 trait 3 2920.000000 0.000000 79255.000000 0.000000 40128.000000 0.000000 0.000000 0.000000 trait 4 100000.000000 0.000000 0.000000 0.000000 100000.000000 0.000000 100000.000000 93172.000000 node 1 4 1 3
node 2 2 1 1
node 3 3 1 1
node 4 3 1 1
node 5 4 1 1
node 6 4 1 1
node 7 4 1 1
node 8 3 1 1
node 9 1 1 1
node 10 1 1 1
node 11 3 1 1
node 12 3 1 1
node 13 1 0 2
node 14 3 0 2
node 15 1 0 2
node 45 1 0 0
node 113 1 0 0
node 230 1 0 0
node 308 1 0 0
node 430 1 0 0
node 456 1 0 0
node 472 1 0 0
node 502 4 0 0
node 535 1 0 0
node 562 1 0 0
node 774 1 0 0
node 802 1 0 0
node 856 1 0 0
node 891 1 0 0
node 923 1 0 0
node 1013 1 0 0
node 1209 1 0 0
node 1262 3 0 0
node 1422 1 0 0
node 1677 1 0 0
node 1834 1 0 0
node 1890 1 0 0
node 2006 1 0 0
gene 1 1 13 -101589 0 1 -101589 1
gene 3 2 13 749756 0 2 749756 1
gene 1 3 13 -671664 0 3 -671664 1
gene 3 4 13 316861 0 4 316861 0
gene 2 5 13 -22761 0 5 -22761 1
gene 2 6 13 -154457 0 6 -154457 1
gene 1 7 13 -505017 0 7 -505017 1
gene 2 8 13 -342095 0 8 -342095 0
gene 4 9 13 -800000 0 9 -800000 0
gene 2 10 13 198713 0 10 198713 1
gene 2 11 13 -238461 0 11 -238461 1
gene 4 12 13 128634 0 12 128634 1
gene 4 1 14 197148 0 13 197148 1
gene 1 2 14 -478770 0 14 -478770 1
gene 1 3 14 -408135 0 15 -408135 1
gene 2 4 14 535128 0 16 535128 1
gene 1 5 14 327549 0 17 327549 1
gene 1 6 14 -391722 0 18 -391722 1
gene 2 7 14 60213 0 19 60213 0
gene 1 8 14 -127434 0 20 -127434 1
gene 1 9 14 -301671 0 21 -301671 1
gene 3 10 14 380795 0 22 380795 1
gene 2 11 14 -192366 0 23 -192366 1
gene 3 12 14 -107730 0 24 -107730 1
gene 3 1 15 729029 0 25 729029 1
gene 2 2 15 7653 0 26 7653 1
gene 1 3 15 -145290 0 27 -145290 0
gene 1 4 15 152325 0 28 152325 1
gene 4 5 15 -165171 0 29 -165171 0
gene 3 6 15 -669027 0 30 -669027 1
gene 1 7 15 -534312 0 31 -534312 1
gene 3 8 15 -727911 0 32 -727911 0
gene 3 9 15 -744590 0 33 -744590 0
gene 1 10 15 -292602 0 34 -292602 1
gene 1 11 15 -354437 0 35 -354437 0
gene 3 12 15 -350370 0 36 -350370 0
gene 4 9 45 -26925 0 104 -26925 1
gene 4 45 13 93192 0 105 93192 1
gene 1 3 113 -282168 0 275 -282168 1
gene 1 113 13 -800000 0 276 -800000 1
gene 1 15 45 28857 0 403 28857 0
gene 1 113 230 -99741 0 574 -99741 0
gene 1 230 13 -800000 0 575 -800000 1
gene 3 9 308 -294303 0 790 -294303 1
gene 3 308 15 148770 0 791 148770 1
gene 2 7 430 576854 0 1115 576854 0
gene 2 430 14 472116 0 1116 472116 0
gene 3 12 456 423540 0 1183 423540 1
gene 3 456 14 -371268 0 1184 -371268 0
gene 2 7 472 -273681 0 1235 -273681 1
gene 2 472 430 -341265 0 1236 -341265 1
gene 3 6 502 487794 0 1309 487794 1
gene 3 502 15 -101049 0 1310 -101049 1
gene 1 11 535 -239064 0 1395 -239064 1
gene 1 535 15 706641 0 1396 706641 0
gene 3 456 562 -263088 0 1467 -263088 1
gene 3 562 14 -65856 0 1468 -65856 1
gene 3 8 562 159807 0 1537 159807 1
gene 4 13 14 235209 0 1778 235209 1
gene 3 308 13 -509001 0 1961 -509001 1
gene 1 3 774 708603 0 2025 708603 1
gene 1 774 113 392874 0 2026 392874 1
gene 2 8 802 192099 0 2095 192099 1
gene 2 802 13 676548 0 2096 676548 1
gene 1 3 856 -340185 0 2230 -340185 1
gene 1 856 15 -800000 0 2231 -800000 1
gene 1 774 891 -530649 0 2324 -530649 0
gene 1 891 113 70824 0 2325 70824 0
gene 1 535 923 61983 0 2399 61983 1
gene 1 923 15 -329412 0 2400 -329412 1
gene 1 774 1013 156738 0 2634 156738 1
gene 1 1013 891 -54453 0 2635 -54453 1
gene 2 308 14 304470 0 2853 304470 1
gene 1 113 1209 76440 0 3137 76440 1
gene 1 1209 230 -264096 0 3138 -264096 1
gene 4 1013 856 69051 0 3205 69051 1
gene 2 472 1262 251130 0 3266 251130 1
gene 2 1262 430 800000 0 3267 800000 1
gene 1 1262 891 -138375 0 3360 -138375 1
gene 4 9 456 -362727 0 3421 -362727 1
gene 2 113 562 104649 0 3518 104649 1
gene 1 456 456 470457 1 3595 470457 1
gene 3 12 1422 -253401 0 3673 -253401 1
gene 2 1422 14 525087 0 3674 525087 1
gene 3 1262 923 229236 0 3745 229236 1
gene 2 923 502 -127941 0 4261 -127941 0
gene 4 15 1677 40566 0 4294 40566 1
gene 4 1677 45 133728 0 4295 133728 1
gene 1 891 1834 3144 0 4699 3144 1
gene 1 1834 113 -21393 0 4700 -21393 1
gene 2 6 1422 -96906 0 4768 -96906 1
gene 2 923 1890 185367 0 4843 185367 1
gene 2 1890 502 -800000 0 4844 -800000 1
gene 2 1013 1013 84324 1 5189 84324 1
gene 1 1013 14 -368913 0 5390 -368913 1
gene 2 1834 14 -372450 0 5417 -372450 0
gene 1 5 562 218493 0 5481 218493 1
gene 2 1834 2006 -25974 0 5501 -25974 1
gene 2 2006 14 -129024 0 5502 -129024 1
genomeend 74


/* Organism #75 Fitness: 210.000000 Time: 0 */
/* Position #75*/
#1 x: 45 y: 29
#2 x: 35 y: 19
#3 x: 17 y: 40
#4 x: 51 y: 76
#5 x: 43 y: 66
#6 x: 60 y: 84
genomestart 75
trait 1 1.000000 0.000000 0.000000 0.000000 0.000000 0.000000 0.000000 0.000000 trait 2 0.000000 0.000000 97564.000000 0.000000 0.000000 0.000000 0.000000 0.000000 trait 3 0.000000 0.000000 91535.000000 0.000000 53504.000000 0.000000 0.000000 0.000000 trait 4 17436.000000 0.000000 0.000000 0.000000 100000.000000 0.000000 81611.000000 38944.000000 node 1 4 1 3
node 2 1 1 1
node 3 3 1 1
node 4 4 1 1
node 5 4 1 1
node 6 4 1 1
node 7 4 1 1
node 8 3 1 1
node 9 1 1 1
node 10 1 1 1
node 11 3 1 1
node 12 3 1 1
node 13 2 0 2
node 14 3 0 2
node 15 4 0 2
node 45 1 0 0
node 113 1 0 0
node 230 1 0 0
node 308 1 0 0
node 430 1 0 0
node 456 1 0 0
node 472 1 0 0
node 502 2 0 0
node 535 1 0 0
node 562 1 0 0
node 774 1 0 0
node 802 1 0 0
node 856 1 0 0
node 891 1 0 0
node 923 4 0 0
node 1013 1 0 0
node 1209 1 0 0
node 1262 2 0 0
node 1422 1 0 0
node 1677 1 0 0
node 1834 1 0 0
node 1890 1 0 0
node 2004 3 0 0
gene 1 1 13 -255447 0 1 -255447 1
gene 3 2 13 -155229 0 2 -155229 1
gene 1 3 13 349461 0 3 349461 1
gene 3 4 13 71376 0 4 71376 1
gene 2 5 13 800000 0 5 800000 1
gene 2 6 13 17079 0 6 17079 1
gene 1 7 13 216990 0 7 216990 1
gene 2 8 13 68199 0 8 68199 0
gene 4 9 13 245709 0 9 245709 0
gene 2 10 13 61806 0 10 61806 1
gene 2 11 13 7083 0 11 7083 1
gene 4 12 13 220776 0 12 220776 1
gene 4 1 14 -167052 0 13 -167052 1
gene 1 2 14 146907 0 14 146907 1
gene 1 3 14 406164 0 15 406164 1
gene 2 4 14 -105315 0 16 -105315 1
gene 1 5 14 -500298 0 17 -500298 1
gene 4 6 14 -92610 0 18 -92610 1
gene 2 7 14 -207741 0 19 -207741 0
gene 1 8 14 348900 0 20 348900 1
gene 1 9 14 -684084 0 21 -684084 1
gene 3 10 14 158619 0 22 158619 1
gene 2 11 14 569291 0 23 569291 1
gene 3 12 14 -672012 0 24 -672012 1
gene 3 1 15 -21918 0 25 -21918 1
gene 2 2 15 98829 0 26 98829 1
gene 1 3 15 316452 0 27 316452 0
gene 1 4 15 256311 0 28 256311 1
gene 4 5 15 -297903 0 29 -297903 1
gene 3 6 15 -64008 0 30 -64008 1
gene 1 7 15 151526 0 31 151526 1
gene 3 8 15 -297534 0 32 -297534 1
gene 3 9 15 470478 0 33 470478 0
gene 2 10 15 -328902 0 34 -328902 1
gene 1 11 15 145425 0 35 145425 0
gene 3 12 15 256782 0 36 256782 1
gene 4 9 45 72042 0 104 72042 1
gene 4 45 13 -322997 0 105 -322997 1
gene 1 3 113 -184854 0 275 -184854 1
gene 1 113 13 112722 0 276 112722 1
gene 4 15 45 -144888 0 403 -144888 0
gene 1 113 230 -1191 0 574 -1191 0
gene 1 230 13 -306042 0 575 -306042 1
gene 1 9 308 285549 0 790 285549 1
gene 3 308 15 -41322 0 791 -41322 1
gene 2 7 430 -81858 0 1115 -81858 0
gene 2 430 14 -27123 0 1116 -27123 1
gene 3 12 456 -47337 0 1183 -47337 1
gene 3 456 14 -128031 0 1184 -128031 0
gene 2 7 472 -353340 0 1235 -353340 1
gene 2 472 430 -60648 0 1236 -60648 1
gene 3 6 502 -146631 0 1309 -146631 1
gene 3 502 15 293601 0 1310 293601 1
gene 1 11 535 -120693 0 1395 -120693 0
gene 1 535 15 454773 0 1396 454773 0
gene 3 456 562 -127584 0 1467 -127584 1
gene 3 562 14 672117 0 1468 672117 1
gene 3 8 562 -494526 0 1537 -494526 1
gene 4 13 14 -322629 0 1778 -322629 1
gene 3 308 13 79671 0 1961 79671 1
gene 1 3 774 -400170 0 2025 -400170 1
gene 1 774 113 -169674 0 2026 -169674 1
gene 2 8 802 44958 0 2095 44958 1
gene 2 802 13 326298 0 2096 326298 1
gene 1 3 856 794406 0 2230 794406 1
gene 1 856 15 233370 0 2231 233370 1
gene 1 774 891 87690 0 2324 87690 0
gene 1 891 113 32055 0 2325 32055 0
gene 1 535 923 118923 0 2399 118923 1
gene 1 923 15 114000 0 2400 114000 1
gene 1 774 1013 136176 0 2634 136176 1
gene 1 1013 891 145683 0 2635 145683 1
gene 2 308 14 -230433 0 2853 -230433 1
gene 1 113 1209 -212367 0 3137 -212367 1
gene 2 1209 230 -22272 0 3138 -22272 1
gene 4 1013 856 -27921 0 3205 -27921 1
gene 2 472 1262 -190050 0 3266 -190050 1
gene 2 1262 430 -204231 0 3267 -204231 1
gene 1 1262 891 -14853 0 3360 -14853 1
gene 4 9 456 153525 0 3421 153525 1
gene 2 113 562 -447651 0 3518 -447651 1
gene 1 456 456 3339 1 3595 3339 1
gene 3 12 1422 800000 0 3673 800000 1
gene 3 1422 14 -479565 0 3674 -479565 1
gene 3 1262 923 -231288 0 3745 -231288 1
gene 2 923 502 123723 0 4261 123723 0
gene 4 15 1677 -111525 0 4294 -111525 1
gene 4 1677 45 -209217 0 4295 -209217 1
gene 1 891 1834 -435996 0 4699 -435996 1
gene 1 1834 113 97764 0 4700 97764 1
gene 2 6 1422 -312138 0 4768 -312138 1
gene 2 923 1890 -206925 0 4843 -206925 1
gene 2 1890 502 143631 0 4844 143631 1
gene 2 774 14 233205 0 5095 233205 1
gene 1 7 308 -193311 0 5213 -193311 1
gene 3 1422 891 -149013 0 5284 -149013 1
gene 1 11 2004 107139 0 5354 107139 1
gene 1 2004 535 -642495 0 5355 -642495 1
genomeend 75


