/* Organism #2 Fitness: 240.000000 Time: 0 */
/* Position #2*/
#1 x: 58 y: 33
#2 x: 49 y: 24
#3 x: 83 y: 36
#4 x: 40 y: 60
#5 x: 35 y: 69
#6 x: 73 y: 76
genomestart 2
trait 1 43007.000000 16300.000000 6994.000000 28041.000000 57524.000000 37112.000000 87908.000000 80535.000000 trait 2 2.000000 0.000000 0.000000 0.000000 0.000000 0.000000 0.000000 0.000000 trait 3 0.000000 0.000000 0.000000 51304.000000 0.000000 13538.000000 70969.000000 30146.000000 trait 4 4.000000 0.000000 0.000000 36940.000000 0.000000 0.000000 43316.000000 37957.000000 node 1 4 1 3
node 2 4 1 1
node 3 1 1 1
node 4 1 1 1
node 5 1 1 1
node 6 2 1 1
node 7 4 1 1
node 8 4 1 1
node 9 2 1 1
node 10 3 1 1
node 11 2 1 1
node 12 4 1 1
node 13 2 0 2
node 14 1 0 2
node 15 3 0 2
node 121 1 0 0
node 235 1 0 0
node 384 1 0 0
node 420 1 0 0
node 433 1 0 0
node 461 1 0 0
node 500 1 0 0
node 516 1 0 0
node 697 3 0 0
node 1018 1 0 0
node 1130 1 0 0
node 1323 3 0 0
node 1393 1 0 0
node 1479 1 0 0
node 1531 4 0 0
node 1683 1 0 0
node 1735 1 0 0
node 1875 1 0 0
node 2034 1 0 0
node 2142 1 0 0
node 2172 1 0 0
node 2206 1 0 0
node 2313 1 0 0
node 2332 1 0 0
node 2368 1 0 0
node 2453 1 0 0
node 2548 1 0 0
gene 2 1 13 55254 0 1 55254 1
gene 3 2 13 482469 0 2 482469 1
gene 2 3 13 454800 0 3 454800 1
gene 3 4 13 745845 0 4 745845 1
gene 2 5 13 -243971 0 5 -243971 1
gene 4 6 13 -594534 0 6 -594534 1
gene 3 7 13 -121191 0 7 -121191 1
gene 2 8 13 620498 0 8 620498 0
gene 3 9 13 740520 0 9 740520 1
gene 2 10 13 125550 0 10 125550 0
gene 2 11 13 266925 0 11 266925 1
gene 4 12 13 -131385 0 12 -131385 1
gene 2 1 14 196244 0 13 196244 1
gene 2 2 14 356621 0 14 356621 1
gene 4 3 14 557802 0 15 557802 1
gene 4 4 14 -712223 0 16 -712223 0
gene 4 5 14 207060 0 17 207060 1
gene 3 6 14 331074 0 18 331074 0
gene 2 7 14 -361620 0 19 -361620 1
gene 1 8 14 153966 0 20 153966 0
gene 3 9 14 -204285 0 21 -204285 1
gene 1 10 14 800000 0 22 800000 1
gene 1 11 14 -800000 0 23 -800000 1
gene 4 12 14 170246 0 24 170246 1
gene 3 1 15 -585573 0 25 -585573 1
gene 3 2 15 -784371 0 26 -784371 1
gene 3 3 15 -304146 0 27 -304146 0
gene 3 4 15 448281 0 28 448281 1
gene 3 5 15 -474465 0 29 -474465 1
gene 1 6 15 -160548 0 30 -160548 1
gene 3 7 15 -723771 0 31 -723771 0
gene 3 8 15 800000 0 32 800000 1
gene 3 9 15 -207885 0 33 -207885 1
gene 3 10 15 -150450 0 34 -150450 0
gene 2 11 15 410612 0 35 410612 1
gene 4 12 15 17604 0 36 17604 0
gene 4 15 15 417333 1 174 417333 0
gene 3 8 121 658140 0 329 658140 0
gene 3 121 15 460710 0 330 460710 1
gene 2 5 121 -190107 0 438 -190107 0
gene 2 7 121 668817 0 483 668817 0
gene 4 4 235 -552816 0 666 -552816 1
gene 4 235 14 -564830 0 667 -564830 1
gene 1 1 235 -636234 0 753 -636234 1
gene 3 9 235 92790 0 1108 92790 1
gene 3 10 384 -172538 0 1126 -172538 1
gene 3 384 15 -392873 0 1127 -392873 0
gene 2 14 14 -767550 1 1197 -767550 1
gene 3 7 420 -32760 0 1239 -32760 0
gene 3 420 15 -43950 0 1240 -43950 0
gene 3 2 433 -528626 0 1284 -528626 0
gene 3 433 13 370209 0 1285 370209 1
gene 4 3 461 -75132 0 1352 -75132 1
gene 4 461 14 315680 0 1353 315680 1
gene 4 15 500 536798 1 1453 536798 1
gene 4 500 15 -171906 0 1454 -171906 1
gene 1 8 516 85491 0 1500 85491 1
gene 1 516 14 -567453 0 1501 -567453 1
gene 1 384 121 157605 0 1548 157605 1
gene 2 8 461 -138918 0 1965 -138918 1
gene 3 3 697 -499359 0 2038 -499359 0
gene 3 697 15 800000 0 2039 800000 1
gene 2 1 500 786581 0 2133 786581 1
gene 1 3 433 -528641 0 2628 -528641 1
gene 1 516 516 124146 1 2664 124146 1
gene 3 8 1018 116352 0 2997 116352 1
gene 3 1018 121 345267 0 2998 345267 0
gene 3 15 433 50754 0 3156 50754 1
gene 1 10 1130 -276258 0 3329 -276258 1
gene 1 1130 14 718520 0 3330 718520 1
gene 3 500 697 -399210 0 3371 -399210 1
gene 2 3 516 800000 0 3603 800000 1
gene 2 9 1323 -189849 0 3885 -189849 0
gene 2 1323 14 -67515 0 3886 -67515 0
gene 2 121 420 464640 0 3959 464640 0
gene 2 8 1393 -561395 0 4093 -561395 0
gene 2 1393 13 -275397 0 4094 -275397 1
gene 1 11 1479 -160512 0 4325 -160512 1
gene 1 1479 14 -119463 0 4326 -119463 1
gene 4 12 1531 620232 0 4477 620232 1
gene 4 1531 15 -419001 0 4478 -419001 1
gene 3 1393 433 -262515 0 4734 -262515 1
gene 2 1323 1683 190374 0 4950 190374 1
gene 2 1683 14 38763 0 4951 38763 1
gene 3 6 1735 -318369 0 5103 -318369 1
gene 3 1735 14 173637 0 5104 173637 1
gene 1 5 516 800000 0 5346 800000 1
gene 1 516 433 -474312 0 5443 -474312 1
gene 3 2 1875 173169 0 5505 173169 1
gene 3 1875 433 316632 0 5506 316632 1
gene 1 1683 461 317526 0 5687 317526 1
gene 1 516 121 -46608 0 5877 -46608 1
gene 3 3 2034 38574 0 5939 38574 1
gene 3 2034 697 -243039 0 5940 -243039 1
gene 3 5 1479 156045 0 6157 156045 1
gene 3 7 2142 -517268 0 6248 -517268 1
gene 3 2142 420 -162189 0 6249 -162189 1
gene 3 420 2172 358102 0 6332 358102 1
gene 3 2172 15 399510 0 6333 399510 1
gene 2 1735 1735 -122691 1 6388 -122691 1
gene 2 8 2206 609426 0 6436 609426 1
gene 2 2206 1393 -499833 0 6437 -499833 1
gene 2 121 2313 -275952 0 6747 -275952 1
gene 2 2313 420 800000 0 6748 800000 1
gene 2 9 2332 363342 0 6797 363342 1
gene 2 2332 1323 -74919 0 6798 -74919 1
gene 4 1323 2034 -292146 0 6848 -292146 1
gene 2 7 2368 -338024 0 6897 -338024 1
gene 2 2368 121 364209 0 6898 364209 1
gene 2 384 1531 193068 0 7018 193068 1
gene 2 5 2453 318271 0 7159 318271 1
gene 2 2453 121 -44580 0 7160 -44580 1
gene 4 1683 1683 22957 1 7208 22957 1
gene 2 10 2548 1 0 7443 0 1
gene 2 2548 13 125550 0 7444 0 1
genomeend 2


/* Organism #10 Fitness: 260.000000 Time: 0 */
/* Position #10*/
#1 x: 40 y: 21
#2 x: 34 y: 19
#3 x: 53 y: 25
#4 x: 37 y: 81
#5 x: 39 y: 82
#6 x: 67 y: 71
genomestart 10
trait 1 43007.000000 0.000000 0.000000 0.000000 0.000000 0.000000 87908.000000 0.000000 trait 2 2.000000 0.000000 0.000000 0.000000 0.000000 0.000000 0.000000 0.000000 trait 3 0.000000 0.000000 0.000000 51304.000000 0.000000 13538.000000 70969.000000 30146.000000 trait 4 4.000000 0.000000 0.000000 36940.000000 0.000000 0.000000 43316.000000 37957.000000 node 1 4 1 3
node 2 4 1 1
node 3 1 1 1
node 4 1 1 1
node 5 1 1 1
node 6 2 1 1
node 7 4 1 1
node 8 4 1 1
node 9 2 1 1
node 10 1 1 1
node 11 2 1 1
node 12 4 1 1
node 13 2 0 2
node 14 1 0 2
node 15 3 0 2
node 121 1 0 0
node 235 1 0 0
node 384 1 0 0
node 420 1 0 0
node 433 1 0 0
node 461 1 0 0
node 500 1 0 0
node 516 1 0 0
node 697 1 0 0
node 1018 1 0 0
node 1130 1 0 0
node 1323 3 0 0
node 1393 1 0 0
node 1479 1 0 0
node 1531 4 0 0
node 1683 1 0 0
node 1735 1 0 0
node 1875 1 0 0
node 1975 1 0 0
node 2022 1 0 0
node 2179 1 0 0
node 2295 1 0 0
node 2501 1 0 0
gene 2 1 13 317364 0 1 317364 1
gene 3 2 13 337185 0 2 337185 1
gene 2 3 13 677198 0 3 677198 1
gene 3 4 13 300123 0 4 300123 1
gene 2 5 13 655164 0 5 655164 1
gene 4 6 13 -518310 0 6 -518310 1
gene 3 7 13 -4722 0 7 -4722 1
gene 2 8 13 -472371 0 8 -472371 0
gene 3 9 13 -368255 0 9 -368255 1
gene 2 10 13 800000 0 10 800000 1
gene 2 11 13 48138 0 11 48138 1
gene 4 12 13 -607317 0 12 -607317 1
gene 2 1 14 -313122 0 13 -313122 1
gene 2 2 14 -313056 0 14 -313056 1
gene 4 3 14 800000 0 15 800000 1
gene 4 4 14 781590 0 16 781590 0
gene 4 5 14 15492 0 17 15492 1
gene 3 6 14 -258651 0 18 -258651 0
gene 2 7 14 -476397 0 19 -476397 1
gene 1 8 14 -91035 0 20 -91035 0
gene 3 9 14 263400 0 21 263400 1
gene 1 10 14 290253 0 22 290253 1
gene 1 11 14 -92757 0 23 -92757 1
gene 4 12 14 38742 0 24 38742 1
gene 3 1 15 -24687 0 25 -24687 1
gene 3 2 15 523731 0 26 523731 1
gene 3 3 15 170946 0 27 170946 0
gene 3 4 15 -450135 0 28 -450135 1
gene 3 5 15 104469 0 29 104469 1
gene 1 6 15 -358890 0 30 -358890 0
gene 3 7 15 -511436 0 31 -511436 0
gene 3 8 15 -132579 0 32 -132579 1
gene 3 9 15 17910 0 33 17910 1
gene 3 10 15 -608283 0 34 -608283 0
gene 2 11 15 60681 0 35 60681 1
gene 4 12 15 -4704 0 36 -4704 0
gene 4 15 15 -2934 1 174 -2934 0
gene 3 8 121 -161172 0 329 -161172 0
gene 3 121 15 134552 0 330 134552 1
gene 2 5 121 -800000 0 438 -800000 1
gene 2 7 121 188892 0 483 188892 1
gene 4 4 235 -187725 0 666 -187725 1
gene 4 235 14 -767471 0 667 -767471 1
gene 1 1 235 188298 0 753 188298 1
gene 1 9 235 -161328 0 1108 -161328 1
gene 3 10 384 -29406 0 1126 -29406 1
gene 3 384 15 3837 0 1127 3837 0
gene 2 14 14 -226752 1 1197 -226752 0
gene 3 7 420 -534095 0 1239 -534095 1
gene 3 420 15 509414 0 1240 509414 1
gene 3 2 433 -665655 0 1284 -665655 0
gene 3 433 13 65946 0 1285 65946 1
gene 4 3 461 111354 0 1352 111354 1
gene 4 461 14 203889 0 1353 203889 1
gene 4 15 500 229116 1 1453 229116 1
gene 4 500 15 130110 0 1454 130110 0
gene 1 8 516 -98502 0 1500 -98502 1
gene 1 516 14 -800000 0 1501 -800000 1
gene 4 384 121 219318 0 1548 219318 1
gene 2 8 461 -492303 0 1965 -492303 1
gene 3 3 697 -31905 0 2038 -31905 1
gene 2 697 15 564753 0 2039 564753 1
gene 2 1 500 -479196 0 2133 -479196 1
gene 1 3 433 147759 0 2628 147759 1
gene 1 516 516 647987 1 2664 647987 1
gene 3 8 1018 -62880 0 2997 -62880 1
gene 3 1018 121 800000 0 2998 800000 0
gene 3 15 433 573203 0 3156 573203 1
gene 1 10 1130 27042 0 3329 27042 1
gene 1 1130 14 -380475 0 3330 -380475 1
gene 3 500 697 -509336 0 3371 -509336 1
gene 2 3 516 -800000 0 3603 -800000 1
gene 2 9 1323 -144633 0 3885 -144633 1
gene 2 1323 14 -206952 0 3886 -206952 0
gene 2 121 420 700745 0 3959 700745 1
gene 2 8 1393 -251121 0 4093 -251121 1
gene 2 1393 13 -8475 0 4094 -8475 1
gene 1 11 1479 -300099 0 4325 -300099 1
gene 1 1479 14 -2637 0 4326 -2637 1
gene 4 12 1531 154260 0 4477 154260 1
gene 4 1531 15 495264 0 4478 495264 0
gene 3 1393 433 -690051 0 4734 -690051 1
gene 2 1323 1683 -309957 0 4950 -309957 0
gene 2 1683 14 273105 0 4951 273105 1
gene 3 6 1735 466635 0 5103 466635 1
gene 3 1735 14 -208299 0 5104 -208299 0
gene 1 5 516 294804 0 5346 294804 1
gene 1 516 433 211854 0 5443 211854 1
gene 3 2 1875 15759 0 5505 15759 1
gene 3 1875 433 203397 0 5506 203397 1
gene 1 1683 461 251655 0 5687 251655 1
gene 1 6 1975 -5757 0 5780 -5757 1
gene 1 1975 15 -123786 0 5781 -123786 1
gene 4 1531 2022 -159750 0 5905 -159750 1
gene 4 2022 15 72513 0 5906 72513 1
gene 3 121 1875 -463350 0 5987 -463350 1
gene 1 1683 1393 -95457 0 6232 -95457 1
gene 4 500 2179 -58881 0 6351 -58881 1
gene 4 2179 15 166902 0 6352 166902 1
gene 3 12 2179 294393 0 6539 294393 1
gene 1 1975 1975 -276828 1 6578 -276828 1
gene 2 14 2295 176526 1 6699 176526 1
gene 2 2295 14 223485 0 6700 223485 1
gene 4 4 433 131583 0 7064 131583 1
gene 2 1323 2501 1 0 7307 0 1
gene 2 2501 1683 -309957 0 7308 0 1
gene 3 8 1479 11330 0 7358 11330 1
gene 3 384 2022 95165 0 7399 95165 1
gene 1 2022 2022 -88965 1 7453 -88965 1
genomeend 10


/* Organism #14 Fitness: 220.000000 Time: 0 */
/* Position #14*/
#1 x: 74 y: 36
#2 x: 85 y: 22
#3 x: 59 y: 22
#4 x: 57 y: 78
#5 x: 63 y: 80
#6 x: 77 y: 85
genomestart 14
trait 1 43007.000000 16300.000000 0.000000 0.000000 0.000000 0.000000 87908.000000 0.000000 trait 2 2.000000 0.000000 0.000000 0.000000 0.000000 0.000000 0.000000 0.000000 trait 3 0.000000 0.000000 0.000000 51304.000000 0.000000 13538.000000 70969.000000 30146.000000 trait 4 4.000000 0.000000 0.000000 36940.000000 0.000000 0.000000 43316.000000 37957.000000 node 1 4 1 3
node 2 4 1 1
node 3 1 1 1
node 4 1 1 1
node 5 1 1 1
node 6 2 1 1
node 7 4 1 1
node 8 4 1 1
node 9 2 1 1
node 10 1 1 1
node 11 2 1 1
node 12 4 1 1
node 13 2 0 2
node 14 1 0 2
node 15 3 0 2
node 121 1 0 0
node 235 1 0 0
node 384 1 0 0
node 420 1 0 0
node 433 1 0 0
node 461 1 0 0
node 500 1 0 0
node 516 1 0 0
node 697 1 0 0
node 1018 1 0 0
node 1130 1 0 0
node 1323 3 0 0
node 1393 1 0 0
node 1479 1 0 0
node 1531 4 0 0
node 1683 1 0 0
node 1735 1 0 0
node 1875 1 0 0
node 1975 1 0 0
node 2022 1 0 0
node 2179 4 0 0
node 2295 1 0 0
node 2391 1 0 0
node 2427 1 0 0
node 2522 1 0 0
gene 2 1 13 -30186 0 1 -30186 1
gene 3 2 13 800000 0 2 800000 1
gene 2 3 13 800000 0 3 800000 1
gene 3 4 13 12093 0 4 12093 1
gene 2 5 13 198081 0 5 198081 1
gene 4 6 13 -137196 0 6 -137196 1
gene 3 7 13 -800000 0 7 -800000 1
gene 2 8 13 154473 0 8 154473 0
gene 3 9 13 -395976 0 9 -395976 1
gene 2 10 13 170154 0 10 170154 1
gene 2 11 13 117753 0 11 117753 1
gene 4 12 13 -450123 0 12 -450123 1
gene 2 1 14 12417 0 13 12417 1
gene 2 2 14 -800000 0 14 -800000 1
gene 4 3 14 483606 0 15 483606 1
gene 4 4 14 -215619 0 16 -215619 0
gene 4 5 14 627654 0 17 627654 1
gene 3 6 14 499374 0 18 499374 0
gene 2 7 14 -756546 0 19 -756546 1
gene 1 8 14 -153885 0 20 -153885 0
gene 3 9 14 -576798 0 21 -576798 1
gene 1 10 14 -310392 0 22 -310392 1
gene 1 11 14 189927 0 23 189927 1
gene 4 12 14 312249 0 24 312249 1
gene 3 1 15 -168888 0 25 -168888 1
gene 3 2 15 342969 0 26 342969 1
gene 3 3 15 653040 0 27 653040 0
gene 3 4 15 -364536 0 28 -364536 1
gene 3 5 15 -345849 0 29 -345849 1
gene 1 6 15 469104 0 30 469104 0
gene 3 7 15 -498723 0 31 -498723 0
gene 3 8 15 43569 0 32 43569 1
gene 3 9 15 591789 0 33 591789 0
gene 3 10 15 -798 0 34 -798 0
gene 2 11 15 -462297 0 35 -462297 1
gene 4 12 15 368397 0 36 368397 0
gene 4 15 15 800000 1 174 800000 0
gene 3 8 121 -233025 0 329 -233025 0
gene 3 121 15 341061 0 330 341061 1
gene 2 5 121 -697112 0 438 -697112 1
gene 2 7 121 105672 0 483 105672 1
gene 4 4 235 -465141 0 666 -465141 1
gene 4 235 14 -242136 0 667 -242136 1
gene 1 1 235 -584510 0 753 -584510 1
gene 1 9 235 575894 0 1108 575894 1
gene 3 10 384 -572649 0 1126 -572649 1
gene 3 384 15 190008 0 1127 190008 0
gene 2 14 14 -194043 1 1197 -194043 0
gene 3 7 420 -198267 0 1239 -198267 1
gene 3 420 15 -114930 0 1240 -114930 1
gene 3 2 433 -475164 0 1284 -475164 0
gene 3 433 13 800000 0 1285 800000 1
gene 4 3 461 -536306 0 1352 -536306 1
gene 4 461 14 587621 0 1353 587621 1
gene 4 15 500 326085 1 1453 326085 1
gene 4 500 15 63597 0 1454 63597 0
gene 1 8 516 14283 0 1500 14283 1
gene 1 516 14 -351342 0 1501 -351342 1
gene 1 384 121 -390165 0 1548 -390165 1
gene 2 8 461 472713 0 1965 472713 1
gene 3 3 697 50568 0 2038 50568 1
gene 2 697 15 -401688 0 2039 -401688 1
gene 2 1 500 -19383 0 2133 -19383 1
gene 1 3 433 189954 0 2628 189954 1
gene 1 516 516 50553 1 2664 50553 1
gene 3 8 1018 -232752 0 2997 -232752 1
gene 3 1018 121 -452535 0 2998 -452535 0
gene 3 15 433 258042 0 3156 258042 1
gene 1 10 1130 246567 0 3329 246567 1
gene 1 1130 14 -461361 0 3330 -461361 1
gene 3 500 697 -239093 0 3371 -239093 1
gene 2 3 516 -800000 0 3603 -800000 1
gene 2 9 1323 -136044 0 3885 -136044 1
gene 2 1323 14 -626523 0 3886 -626523 0
gene 2 121 420 514839 0 3959 514839 1
gene 2 8 1393 295572 0 4093 295572 1
gene 2 1393 13 -106392 0 4094 -106392 1
gene 1 11 1479 -550255 0 4325 -550255 1
gene 1 1479 14 53931 0 4326 53931 1
gene 4 12 1531 800000 0 4477 800000 1
gene 4 1531 15 663810 0 4478 663810 0
gene 3 1393 433 -137886 0 4734 -137886 1
gene 2 1323 1683 -323433 0 4950 -323433 1
gene 2 1683 14 423147 0 4951 423147 1
gene 3 6 1735 -539391 0 5103 -539391 1
gene 3 1735 14 673257 0 5104 673257 0
gene 1 5 516 17178 0 5346 17178 1
gene 1 516 433 -177522 0 5443 -177522 1
gene 3 2 1875 -110532 0 5505 -110532 1
gene 3 1875 433 5931 0 5506 5931 1
gene 1 1683 461 1755 0 5687 1755 1
gene 1 6 1975 -800000 0 5780 -800000 0
gene 1 1975 15 -14733 0 5781 -14733 1
gene 4 1531 2022 7941 0 5905 7941 0
gene 4 2022 15 -148974 0 5906 -148974 1
gene 3 121 1875 165501 0 5987 165501 1
gene 1 1683 1393 624351 0 6232 624351 1
gene 4 500 2179 185715 0 6351 185715 1
gene 4 2179 15 265548 0 6352 265548 1
gene 3 12 2179 383901 0 6539 383901 1
gene 1 1975 1975 54501 1 6578 54501 1
gene 2 14 2295 432676 1 6699 432676 1
gene 2 2295 14 292329 0 6700 292329 1
gene 3 9 2391 -39146 0 6965 -39146 1
gene 3 2391 15 444996 0 6966 444996 1
gene 2 1130 235 154152 0 7024 154152 1
gene 1 6 2427 -35267 0 7074 -35267 1
gene 1 2427 1975 -314946 0 7075 -314946 1
gene 4 1018 1479 -78326 0 7217 -78326 1
gene 4 1531 2522 1 0 7365 0 1
gene 4 2522 2022 7941 0 7366 0 1
gene 3 420 420 14424 1 7403 14424 1
gene 1 1531 2179 -84469 0 7456 -84469 1
genomeend 14


/* Organism #18 Fitness: 370.000000 Time: 0 */
/* Position #18*/
#1 x: 75 y: 39
#2 x: 85 y: 16
#3 x: 50 y: 23
#4 x: 47 y: 76
#5 x: 77 y: 62
#6 x: 63 y: 77
genomestart 18
trait 1 72108.000000 99977.000000 63730.000000 0.000000 0.000000 0.000000 87908.000000 0.000000 trait 2 2.000000 0.000000 0.000000 0.000000 0.000000 0.000000 0.000000 0.000000 trait 3 0.000000 0.000000 0.000000 51304.000000 0.000000 13538.000000 70969.000000 30146.000000 trait 4 4.000000 0.000000 98573.000000 36940.000000 20285.000000 0.000000 24295.000000 0.000000 node 1 4 1 3
node 2 4 1 1
node 3 1 1 1
node 4 1 1 1
node 5 1 1 1
node 6 2 1 1
node 7 4 1 1
node 8 4 1 1
node 9 2 1 1
node 10 1 1 1
node 11 2 1 1
node 12 4 1 1
node 13 2 0 2
node 14 1 0 2
node 15 3 0 2
node 121 1 0 0
node 235 1 0 0
node 384 1 0 0
node 420 1 0 0
node 433 1 0 0
node 461 1 0 0
node 500 1 0 0
node 516 1 0 0
node 697 1 0 0
node 1018 1 0 0
node 1130 1 0 0
node 1323 3 0 0
node 1393 1 0 0
node 1479 1 0 0
node 1531 4 0 0
node 1683 1 0 0
node 1735 1 0 0
node 1875 1 0 0
node 1975 1 0 0
node 2022 1 0 0
node 2179 1 0 0
node 2261 1 0 0
node 2302 1 0 0
node 2334 1 0 0
node 2442 1 0 0
node 2464 1 0 0
node 2539 1 0 0
gene 2 1 13 -375963 0 1 -375963 1
gene 3 2 13 537171 0 2 537171 1
gene 2 3 13 800000 0 3 800000 0
gene 3 4 13 -499347 0 4 -499347 1
gene 2 5 13 -758657 0 5 -758657 1
gene 4 6 13 -540204 0 6 -540204 1
gene 3 7 13 -596223 0 7 -596223 1
gene 2 8 13 209070 0 8 209070 0
gene 3 9 13 51882 0 9 51882 1
gene 2 10 13 -62934 0 10 -62934 1
gene 2 11 13 522231 0 11 522231 1
gene 4 12 13 248073 0 12 248073 1
gene 2 1 14 -339214 0 13 -339214 1
gene 2 2 14 -351927 0 14 -351927 1
gene 4 3 14 264963 0 15 264963 1
gene 4 4 14 148527 0 16 148527 0
gene 4 5 14 -435213 0 17 -435213 1
gene 3 6 14 -250584 0 18 -250584 0
gene 2 7 14 -6276 0 19 -6276 1
gene 1 8 14 -35622 0 20 -35622 0
gene 3 9 14 426222 0 21 426222 1
gene 1 10 14 388023 0 22 388023 1
gene 1 11 14 751386 0 23 751386 1
gene 4 12 14 349554 0 24 349554 1
gene 3 1 15 -486945 0 25 -486945 1
gene 3 2 15 -466620 0 26 -466620 1
gene 3 3 15 289593 0 27 289593 0
gene 3 4 15 -165613 0 28 -165613 1
gene 3 5 15 478560 0 29 478560 1
gene 1 6 15 122943 0 30 122943 0
gene 3 7 15 -355658 0 31 -355658 0
gene 3 8 15 -800000 0 32 -800000 1
gene 3 9 15 590499 0 33 590499 1
gene 3 10 15 -800000 0 34 -800000 0
gene 2 11 15 -800000 0 35 -800000 1
gene 4 12 15 267066 0 36 267066 0
gene 4 15 15 -153729 1 174 -153729 0
gene 3 8 121 -161589 0 329 -161589 0
gene 3 121 15 356385 0 330 356385 1
gene 2 5 121 128346 0 438 128346 1
gene 2 7 121 -75423 0 483 -75423 1
gene 4 4 235 229035 0 666 229035 1
gene 4 235 14 -427971 0 667 -427971 1
gene 1 1 235 565157 0 753 565157 1
gene 1 9 235 -262627 0 1108 -262627 1
gene 3 10 384 -490746 0 1126 -490746 1
gene 3 384 15 -226548 0 1127 -226548 0
gene 2 14 14 -182199 1 1197 -182199 1
gene 3 7 420 32412 0 1239 32412 1
gene 3 420 15 370788 0 1240 370788 1
gene 3 2 433 235143 0 1284 235143 0
gene 3 433 13 240705 0 1285 240705 0
gene 4 3 461 54888 0 1352 54888 1
gene 4 461 14 -345660 0 1353 -345660 1
gene 4 15 500 -606840 1 1453 -606840 1
gene 4 500 15 68553 0 1454 68553 0
gene 1 8 516 -737124 0 1500 -737124 1
gene 1 516 14 584286 0 1501 584286 1
gene 1 384 121 68676 0 1548 68676 1
gene 2 8 461 -327102 0 1965 -327102 1
gene 3 3 697 -215850 0 2038 -215850 1
gene 2 697 15 -56253 0 2039 -56253 0
gene 2 1 500 -386577 0 2133 -386577 1
gene 1 3 433 413343 0 2628 413343 1
gene 1 516 516 242616 1 2664 242616 1
gene 3 8 1018 99237 0 2997 99237 1
gene 3 1018 121 310488 0 2998 310488 0
gene 3 15 433 197640 0 3156 197640 1
gene 1 10 1130 800000 0 3329 800000 1
gene 1 1130 14 733119 0 3330 733119 1
gene 3 500 697 -479010 0 3371 -479010 1
gene 2 3 516 583146 0 3603 583146 1
gene 2 9 1323 -366243 0 3885 -366243 1
gene 2 1323 14 304638 0 3886 304638 0
gene 2 121 420 422036 0 3959 422036 1
gene 2 8 1393 493026 0 4093 493026 1
gene 2 1393 13 284949 0 4094 284949 1
gene 1 11 1479 608309 0 4325 608309 1
gene 1 1479 14 -800000 0 4326 -800000 1
gene 4 12 1531 -135357 0 4477 -135357 1
gene 4 1531 15 -59850 0 4478 -59850 0
gene 3 1393 433 -534483 0 4734 -534483 1
gene 2 1323 1683 -784991 0 4950 -784991 1
gene 2 1683 14 378774 0 4951 378774 0
gene 3 6 1735 -337965 0 5103 -337965 1
gene 3 1735 14 75984 0 5104 75984 0
gene 1 5 516 21345 0 5346 21345 1
gene 1 516 433 26208 0 5443 26208 1
gene 3 2 1875 53748 0 5505 53748 1
gene 3 1875 433 -104511 0 5506 -104511 1
gene 1 1683 461 -638792 0 5687 -638792 1
gene 1 6 1975 489396 0 5780 489396 1
gene 1 1975 15 632841 0 5781 632841 1
gene 4 1531 2022 -113997 0 5905 -113997 1
gene 4 2022 15 221388 0 5906 221388 1
gene 3 121 1875 -196776 0 5987 -196776 0
gene 1 1683 1393 327795 0 6232 327795 1
gene 4 500 2179 111654 0 6351 111654 1
gene 4 2179 15 -317160 0 6352 -317160 1
gene 2 3 2261 -337020 0 6595 -337020 1
gene 2 2261 13 241683 0 6596 241683 1
gene 2 2179 2179 102939 1 6640 102939 1
gene 2 697 2302 607803 0 6716 607803 1
gene 2 2302 15 -91134 0 6717 -91134 0
gene 3 433 2334 -70662 0 6803 -70662 1
gene 3 2334 13 -15594 0 6804 -15594 1
gene 1 1323 516 24129 0 6933 24129 1
gene 3 121 2442 122841 0 7121 122841 1
gene 3 2442 1875 -492126 0 7122 -492126 1
gene 2 1683 2464 -117380 0 7197 -117380 1
gene 2 2464 14 -41169 0 7198 -41169 1
gene 4 5 697 -47658 0 7243 -47658 1
gene 2 2302 2539 1 0 7417 0 1
gene 2 2539 15 -91134 0 7418 0 1
gene 4 9 2334 -66599 0 7462 -66599 1
genomeend 18


/* Organism #21 Fitness: 220.000000 Time: 0 */
/* Position #21*/
#1 x: 42 y: 22
#2 x: 68 y: 27
#3 x: 27 y: 15
#4 x: 65 y: 72
#5 x: 34 y: 74
#6 x: 68 y: 82
genomestart 21
trait 1 100000.000000 99917.000000 0.000000 0.000000 0.000000 0.000000 88706.000000 0.000000 trait 2 2.000000 0.000000 0.000000 0.000000 11024.000000 0.000000 36935.000000 0.000000 trait 3 47998.000000 0.000000 0.000000 72660.000000 0.000000 13538.000000 100000.000000 0.000000 trait 4 30737.000000 0.000000 0.000000 97211.000000 100000.000000 59190.000000 0.000000 5928.000000 node 1 4 1 3
node 2 4 1 1
node 3 1 1 1
node 4 1 1 1
node 5 1 1 1
node 6 2 1 1
node 7 2 1 1
node 8 4 1 1
node 9 2 1 1
node 10 1 1 1
node 11 1 1 1
node 12 4 1 1
node 13 2 0 2
node 14 1 0 2
node 15 3 0 2
node 121 1 0 0
node 235 1 0 0
node 384 1 0 0
node 420 1 0 0
node 433 1 0 0
node 461 1 0 0
node 500 1 0 0
node 516 1 0 0
node 697 1 0 0
node 1018 2 0 0
node 1130 1 0 0
node 1323 1 0 0
node 1393 1 0 0
node 1479 1 0 0
node 1531 1 0 0
node 1732 1 0 0
node 1844 1 0 0
node 2023 1 0 0
node 2035 1 0 0
node 2054 1 0 0
node 2076 1 0 0
node 2174 1 0 0
node 2320 1 0 0
node 2338 1 0 0
node 2472 1 0 0
node 2541 1 0 0
gene 2 1 13 540735 0 1 540735 1
gene 3 2 13 -236043 0 2 -236043 1
gene 2 3 13 267798 0 3 267798 1
gene 3 4 13 212202 0 4 212202 1
gene 2 5 13 -158844 0 5 -158844 1
gene 4 6 13 -227880 0 6 -227880 1
gene 3 7 13 18873 0 7 18873 1
gene 2 8 13 -265377 0 8 -265377 0
gene 3 9 13 -106404 0 9 -106404 1
gene 2 10 13 -9909 0 10 -9909 1
gene 2 11 13 -290763 0 11 -290763 0
gene 4 12 13 164958 0 12 164958 1
gene 2 1 14 -217794 0 13 -217794 1
gene 2 2 14 -153063 0 14 -153063 0
gene 4 3 14 -210048 0 15 -210048 1
gene 4 4 14 245328 0 16 245328 0
gene 4 5 14 39219 0 17 39219 1
gene 3 6 14 16917 0 18 16917 1
gene 2 7 14 181209 0 19 181209 1
gene 1 8 14 353625 0 20 353625 0
gene 2 9 14 -511980 0 21 -511980 0
gene 1 10 14 134163 0 22 134163 0
gene 1 11 14 138096 0 23 138096 0
gene 4 12 14 702201 0 24 702201 1
gene 3 1 15 -446118 0 25 -446118 1
gene 3 2 15 145806 0 26 145806 1
gene 3 3 15 68964 0 27 68964 0
gene 3 4 15 -390435 0 28 -390435 1
gene 3 5 15 560607 0 29 560607 1
gene 1 6 15 523416 0 30 523416 1
gene 3 7 15 398484 0 31 398484 0
gene 3 8 15 -800000 0 32 -800000 1
gene 3 9 15 -156354 0 33 -156354 1
gene 3 10 15 502608 0 34 502608 0
gene 2 11 15 417618 0 35 417618 1
gene 4 12 15 298944 0 36 298944 0
gene 4 15 15 -178242 1 174 -178242 0
gene 3 8 121 180141 0 329 180141 0
gene 3 121 15 -73320 0 330 -73320 1
gene 2 5 121 384230 0 438 384230 1
gene 2 7 121 -141690 0 483 -141690 1
gene 4 4 235 775334 0 666 775334 1
gene 4 235 14 -298488 0 667 -298488 1
gene 1 1 235 243696 0 753 243696 1
gene 1 9 235 654203 0 1108 654203 1
gene 3 10 384 168312 0 1126 168312 0
gene 3 384 15 -58803 0 1127 -58803 0
gene 2 14 14 211977 1 1197 211977 1
gene 3 7 420 525480 0 1239 525480 1
gene 3 420 15 -60315 0 1240 -60315 1
gene 3 2 433 -420750 0 1284 -420750 1
gene 3 433 13 -60030 0 1285 -60030 1
gene 4 3 461 180744 0 1352 180744 1
gene 4 461 14 68112 0 1353 68112 0
gene 4 15 500 235899 1 1453 235899 1
gene 4 500 15 21294 0 1454 21294 1
gene 1 8 516 -122922 0 1500 -122922 1
gene 1 516 14 -515415 0 1501 -515415 1
gene 1 384 121 -132105 0 1548 -132105 1
gene 2 8 461 235845 0 1965 235845 1
gene 3 3 697 373290 0 2038 373290 1
gene 3 697 15 324219 0 2039 324219 1
gene 2 1 500 152109 0 2133 152109 1
gene 1 3 433 427226 0 2628 427226 1
gene 1 516 516 -371901 1 2664 -371901 1
gene 3 8 1018 -191415 0 2997 -191415 1
gene 3 1018 121 -235926 0 2998 -235926 0
gene 3 15 433 432389 0 3156 432389 1
gene 1 10 1130 -33189 0 3329 -33189 1
gene 1 1130 14 178146 0 3330 178146 1
gene 3 500 697 -627996 0 3371 -627996 1
gene 2 3 516 202683 0 3603 202683 1
gene 2 9 1323 -446088 0 3885 -446088 1
gene 2 1323 14 -208326 0 3886 -208326 1
gene 2 121 420 54612 0 3959 54612 0
gene 2 8 1393 -285342 0 4093 -285342 1
gene 2 1393 13 -148587 0 4094 -148587 0
gene 1 11 1479 -744008 0 4325 -744008 0
gene 4 1479 14 -102468 0 4326 -102468 0
gene 4 12 1531 -304971 0 4477 -304971 1
gene 4 1531 15 -350199 0 4478 -350199 1
gene 2 1323 420 -107679 0 4676 -107679 1
gene 3 500 1479 164889 0 4897 164889 1
gene 4 461 461 -555015 1 4980 -555015 1
gene 2 121 1732 -149436 0 5095 -149436 1
gene 2 1732 420 -571131 0 5096 -571131 1
gene 1 384 500 282300 0 5133 282300 1
gene 2 15 14 179517 0 5180 179517 1
gene 4 6 1130 522591 0 5368 522591 1
gene 3 10 1844 -33966 0 5409 -33966 1
gene 3 1844 384 -20055 0 5410 -20055 1
gene 2 2 2023 479421 0 5908 479421 0
gene 2 2023 14 -244086 0 5909 -244086 1
gene 2 1393 2035 95313 0 5942 95313 1
gene 2 2035 13 145071 0 5943 145071 1
gene 4 461 2054 -369738 0 5995 -369738 0
gene 4 2054 14 144168 0 5996 144168 1
gene 4 461 2076 308331 0 6055 308331 0
gene 4 2076 2054 182436 0 6056 182436 1
gene 2 11 2174 171585 0 6336 171585 1
gene 2 2174 13 14472 0 6337 14472 1
gene 4 1479 2320 -543542 0 6766 -543542 1
gene 4 2320 14 -359331 0 6767 -359331 1
gene 1 11 2338 -480741 0 6811 -480741 1
gene 1 2338 1479 -116271 0 6812 -116271 1
gene 2 2 2472 490825 0 7220 490825 1
gene 2 2472 2023 190917 0 7221 190917 1
gene 1 2035 2035 36452 1 7383 36452 1
gene 4 461 2541 1 0 7422 0 1
gene 4 2541 2076 308331 0 7423 0 1
gene 1 1479 235 58081 0 7459 0 1
genomeend 21


/* Organism #24 Fitness: 260.000000 Time: 0 */
/* Position #24*/
#1 x: 48 y: 31
#2 x: 30 y: 22
#3 x: 43 y: 39
#4 x: 58 y: 76
#5 x: 46 y: 78
#6 x: 41 y: 69
genomestart 24
trait 1 43007.000000 16300.000000 6994.000000 28041.000000 57524.000000 37112.000000 87908.000000 80535.000000 trait 2 2.000000 0.000000 0.000000 0.000000 0.000000 0.000000 0.000000 0.000000 trait 3 0.000000 0.000000 0.000000 51304.000000 0.000000 13538.000000 70969.000000 30146.000000 trait 4 4.000000 0.000000 0.000000 36940.000000 0.000000 0.000000 43316.000000 37957.000000 node 1 4 1 3
node 2 4 1 1
node 3 1 1 1
node 4 1 1 1
node 5 1 1 1
node 6 2 1 1
node 7 4 1 1
node 8 4 1 1
node 9 2 1 1
node 10 3 1 1
node 11 2 1 1
node 12 4 1 1
node 13 2 0 2
node 14 1 0 2
node 15 3 0 2
node 121 1 0 0
node 235 1 0 0
node 384 1 0 0
node 420 1 0 0
node 433 1 0 0
node 461 1 0 0
node 500 1 0 0
node 516 1 0 0
node 697 3 0 0
node 1018 1 0 0
node 1130 1 0 0
node 1323 3 0 0
node 1393 1 0 0
node 1479 1 0 0
node 1531 4 0 0
node 1683 1 0 0
node 1735 1 0 0
node 1875 1 0 0
node 2034 1 0 0
node 2142 1 0 0
node 2172 1 0 0
node 2206 1 0 0
node 2313 2 0 0
node 2332 1 0 0
node 2368 1 0 0
node 2453 1 0 0
node 2542 1 0 0
gene 2 1 13 8506 0 1 8506 1
gene 3 2 13 667563 0 2 667563 1
gene 2 3 13 68506 0 3 68506 1
gene 3 4 13 634503 0 4 634503 1
gene 2 5 13 934 0 5 934 1
gene 4 6 13 -71232 0 6 -71232 1
gene 3 7 13 182112 0 7 182112 1
gene 2 8 13 407777 0 8 407777 0
gene 3 9 13 756823 0 9 756823 1
gene 2 10 13 -376104 0 10 -376104 1
gene 2 11 13 284778 0 11 284778 1
gene 4 12 13 -45657 0 12 -45657 1
gene 2 1 14 430779 0 13 430779 1
gene 2 2 14 255117 0 14 255117 1
gene 4 3 14 277276 0 15 277276 1
gene 4 4 14 -800000 0 16 -800000 0
gene 4 5 14 291387 0 17 291387 1
gene 3 6 14 5980 0 18 5980 1
gene 2 7 14 -304173 0 19 -304173 1
gene 1 8 14 -166714 0 20 -166714 0
gene 3 9 14 -240681 0 21 -240681 1
gene 1 10 14 -386773 0 22 -386773 1
gene 1 11 14 -800000 0 23 -800000 1
gene 4 12 14 425352 0 24 425352 1
gene 3 1 15 -243070 0 25 -243070 1
gene 3 2 15 -75288 0 26 -75288 1
gene 3 3 15 -283384 0 27 -283384 0
gene 3 4 15 531241 0 28 531241 1
gene 3 5 15 -488313 0 29 -488313 1
gene 1 6 15 -88716 0 30 -88716 1
gene 3 7 15 -326622 0 31 -326622 0
gene 3 8 15 753279 0 32 753279 1
gene 3 9 15 -128611 0 33 -128611 1
gene 3 10 15 -671542 0 34 -671542 1
gene 2 11 15 267425 0 35 267425 1
gene 4 12 15 -141954 0 36 -141954 0
gene 4 15 15 90972 1 174 90972 1
gene 3 8 121 428686 0 329 428686 0
gene 3 121 15 662761 0 330 662761 1
gene 2 5 121 -157138 0 438 -157138 0
gene 2 7 121 655148 0 483 655148 0
gene 4 4 235 -323043 0 666 -323043 1
gene 4 235 14 -799316 0 667 -799316 1
gene 1 1 235 -713429 0 753 -713429 1
gene 3 9 235 -287070 0 1108 -287070 1
gene 3 10 384 -502640 0 1126 -502640 1
gene 3 384 15 -38436 0 1127 -38436 1
gene 2 14 14 -663596 1 1197 -663596 1
gene 3 7 420 -34677 0 1239 -34677 0
gene 3 420 15 -33874 0 1240 -33874 0
gene 3 2 433 -549902 0 1284 -549902 0
gene 3 433 13 558156 0 1285 558156 1
gene 4 3 461 -302742 0 1352 -302742 1
gene 4 461 14 664763 0 1353 664763 1
gene 4 15 500 -81010 1 1453 -81010 1
gene 4 500 15 161436 0 1454 161436 1
gene 1 8 516 -47694 0 1500 -47694 0
gene 1 516 14 -200205 0 1501 -200205 1
gene 1 384 121 -192205 0 1548 -192205 1
gene 2 8 461 156637 0 1965 156637 1
gene 3 3 697 -267624 0 2038 -267624 1
gene 3 697 15 793964 0 2039 793964 1
gene 2 1 500 743732 0 2133 743732 1
gene 1 3 433 -800000 0 2628 -800000 1
gene 1 516 516 -107515 1 2664 -107515 1
gene 3 8 1018 61081 0 2997 61081 1
gene 3 1018 121 148498 0 2998 148498 0
gene 3 15 433 158601 0 3156 158601 1
gene 1 10 1130 -356559 0 3329 -356559 1
gene 1 1130 14 712892 0 3330 712892 1
gene 3 500 697 -507798 0 3371 -507798 1
gene 2 3 516 775847 0 3603 775847 1
gene 2 9 1323 -485596 0 3885 -485596 1
gene 2 1323 14 15265 0 3886 15265 1
gene 2 121 420 433110 0 3959 433110 1
gene 2 8 1393 -144989 0 4093 -144989 1
gene 2 1393 13 -244125 0 4094 -244125 1
gene 1 11 1479 -128071 0 4325 -128071 1
gene 1 1479 14 -238900 0 4326 -238900 1
gene 4 12 1531 491997 0 4477 491997 1
gene 4 1531 15 -306790 0 4478 -306790 1
gene 3 1393 433 -740594 0 4734 -740594 1
gene 2 1323 1683 12052 0 4950 12052 1
gene 2 1683 14 -19144 0 4951 -19144 1
gene 3 6 1735 -188136 0 5103 -188136 1
gene 3 1735 14 133575 0 5104 133575 1
gene 1 5 516 669386 0 5346 669386 1
gene 1 516 433 -515686 0 5443 -515686 1
gene 3 2 1875 430923 0 5505 430923 1
gene 3 1875 433 -136054 0 5506 -136054 1
gene 1 1683 461 511710 0 5687 511710 1
gene 1 516 121 94588 0 5877 94588 1
gene 3 3 2034 6165 0 5939 6165 1
gene 3 2034 697 -214405 0 5940 -214405 1
gene 3 5 1479 -217626 0 6157 -217626 1
gene 3 7 2142 -521961 0 6248 -521961 1
gene 3 2142 420 -480753 0 6249 -480753 1
gene 3 420 2172 94233 0 6332 94233 1
gene 3 2172 15 177001 0 6333 177001 1
gene 2 1735 1735 183633 1 6388 183633 1
gene 2 8 2206 -14794 0 6436 -14794 1
gene 2 2206 1393 -423303 0 6437 -423303 1
gene 2 121 2313 -28985 0 6747 -28985 1
gene 2 2313 420 524060 0 6748 524060 1
gene 2 9 2332 296076 0 6797 296076 1
gene 2 2332 1323 4965 0 6798 4965 1
gene 4 1323 2034 -173376 0 6848 -173376 1
gene 2 7 2368 -496832 0 6897 -496832 1
gene 2 2368 121 -98605 0 6898 -98605 1
gene 2 384 1531 -202084 0 7018 -202084 1
gene 2 5 2453 303232 0 7159 303232 1
gene 2 2453 121 -259929 0 7160 -259929 1
gene 4 1683 1683 -1708 1 7208 -1708 1
gene 1 8 2542 1 0 7425 0 1
gene 1 2542 516 95001 0 7426 0 1
genomeend 24


/* Organism #25 Fitness: 260.000000 Time: 0 */
/* Position #25*/
#1 x: 48 y: 31
#2 x: 30 y: 22
#3 x: 43 y: 39
#4 x: 58 y: 76
#5 x: 46 y: 78
#6 x: 41 y: 69
genomestart 25
trait 1 43007.000000 16300.000000 0.000000 0.000000 0.000000 0.000000 87908.000000 0.000000 trait 2 2.000000 0.000000 0.000000 0.000000 0.000000 0.000000 0.000000 0.000000 trait 3 28689.000000 0.000000 0.000000 51304.000000 0.000000 0.000000 100000.000000 0.000000 trait 4 4.000000 0.000000 0.000000 0.000000 0.000000 0.000000 0.000000 37957.000000 node 1 4 1 3
node 2 4 1 1
node 3 1 1 1
node 4 1 1 1
node 5 1 1 1
node 6 2 1 1
node 7 4 1 1
node 8 4 1 1
node 9 2 1 1
node 10 1 1 1
node 11 4 1 1
node 12 4 1 1
node 13 2 0 2
node 14 1 0 2
node 15 3 0 2
node 121 1 0 0
node 235 1 0 0
node 384 1 0 0
node 420 1 0 0
node 433 1 0 0
node 461 1 0 0
node 500 1 0 0
node 516 1 0 0
node 697 1 0 0
node 1018 1 0 0
node 1130 1 0 0
node 1323 1 0 0
node 1393 1 0 0
node 1479 2 0 0
node 1531 1 0 0
node 1683 1 0 0
node 1734 1 0 0
node 1953 1 0 0
node 1976 1 0 0
node 1994 1 0 0
node 2272 1 0 0
node 2286 1 0 0
node 2474 1 0 0
gene 2 1 13 -690693 0 1 -690693 1
gene 3 2 13 -424794 0 2 -424794 1
gene 2 3 13 -162360 0 3 -162360 1
gene 3 4 13 683175 0 4 683175 1
gene 2 5 13 259650 0 5 259650 1
gene 4 6 13 -99993 0 6 -99993 1
gene 3 7 13 -800000 0 7 -800000 1
gene 2 8 13 -246978 0 8 -246978 0
gene 3 9 13 -529839 0 9 -529839 0
gene 2 10 13 -15759 0 10 -15759 1
gene 2 11 13 215739 0 11 215739 1
gene 4 12 13 -285747 0 12 -285747 1
gene 2 1 14 209460 0 13 209460 1
gene 2 2 14 72564 0 14 72564 1
gene 4 3 14 -551193 0 15 -551193 1
gene 4 4 14 6288 0 16 6288 0
gene 4 5 14 116307 0 17 116307 1
gene 3 6 14 -5580 0 18 -5580 1
gene 2 7 14 389877 0 19 389877 1
gene 1 8 14 211191 0 20 211191 0
gene 2 9 14 -181215 0 21 -181215 0
gene 1 10 14 -497214 0 22 -497214 0
gene 1 11 14 -432498 0 23 -432498 0
gene 4 12 14 -82452 0 24 -82452 1
gene 3 1 15 285120 0 25 285120 1
gene 3 2 15 -371388 0 26 -371388 1
gene 3 3 15 -779328 0 27 -779328 0
gene 3 4 15 800000 0 28 800000 1
gene 2 5 15 -217476 0 29 -217476 1
gene 1 6 15 13866 0 30 13866 1
gene 3 7 15 451380 0 31 451380 0
gene 3 8 15 157767 0 32 157767 1
gene 3 9 15 376727 0 33 376727 1
gene 3 10 15 249891 0 34 249891 0
gene 2 11 15 -267423 0 35 -267423 1
gene 4 12 15 288570 0 36 288570 0
gene 4 15 15 341631 1 174 341631 0
gene 3 8 121 599118 0 329 599118 0
gene 3 121 15 -50520 0 330 -50520 1
gene 2 5 121 -301890 0 438 -301890 1
gene 2 7 121 96546 0 483 96546 1
gene 4 4 235 502374 0 666 502374 1
gene 4 235 14 -59913 0 667 -59913 1
gene 1 1 235 -395289 0 753 -395289 1
gene 1 9 235 -764735 0 1108 -764735 1
gene 3 10 384 -276452 0 1126 -276452 1
gene 3 384 15 -51693 0 1127 -51693 0
gene 2 14 14 260640 1 1197 260640 1
gene 3 7 420 -298215 0 1239 -298215 1
gene 3 420 15 -12009 0 1240 -12009 1
gene 3 2 433 78942 0 1284 78942 0
gene 3 433 13 105396 0 1285 105396 1
gene 4 3 461 -752436 0 1352 -752436 1
gene 4 461 14 -334299 0 1353 -334299 1
gene 4 15 500 -133617 1 1453 -133617 1
gene 4 500 15 49383 0 1454 49383 1
gene 1 8 516 331572 0 1500 331572 1
gene 1 516 14 97563 0 1501 97563 1
gene 1 384 121 -288108 0 1548 -288108 1
gene 2 8 461 255063 0 1965 255063 0
gene 3 3 697 282510 0 2038 282510 1
gene 3 697 15 -156294 0 2039 -156294 1
gene 2 1 500 224334 0 2133 224334 1
gene 1 3 433 7278 0 2628 7278 1
gene 2 516 516 129216 1 2664 129216 1
gene 3 8 1018 107691 0 2997 107691 1
gene 3 1018 121 123687 0 2998 123687 0
gene 3 15 433 302904 0 3156 302904 0
gene 1 10 1130 -700308 0 3329 -700308 1
gene 1 1130 14 -449523 0 3330 -449523 0
gene 3 500 697 317769 0 3371 317769 1
gene 1 3 516 409077 0 3603 409077 1
gene 2 9 1323 -800000 0 3885 -800000 0
gene 2 1323 14 -127227 0 3886 -127227 0
gene 2 121 420 -123846 0 3959 -123846 1
gene 2 8 1393 -137055 0 4093 -137055 1
gene 2 1393 13 -234780 0 4094 -234780 1
gene 1 11 1479 645948 0 4325 645948 1
gene 1 1479 14 510468 0 4326 510468 1
gene 4 12 1531 55377 0 4477 55377 1
gene 4 1531 15 416976 0 4478 416976 1
gene 3 1393 433 -497814 0 4734 -497814 1
gene 2 1323 1683 -457752 0 4950 -457752 1
gene 2 1683 14 -290184 0 4951 -290184 1
gene 2 9 1734 -258336 0 5099 -258336 1
gene 2 1734 1323 184929 0 5100 184929 1
gene 1 5 1531 -187353 0 5504 -187353 0
gene 2 1323 461 -118728 0 5534 -118728 1
gene 2 1734 1734 458472 1 5573 458472 1
gene 4 2 1683 400413 0 5674 400413 1
gene 1 1130 1953 626916 0 5725 626916 1
gene 1 1953 14 392358 0 5726 392358 1
gene 3 2 1976 381750 0 5782 381750 1
gene 3 1976 433 389739 0 5783 389739 1
gene 2 8 1994 107487 0 5831 107487 1
gene 2 1994 461 93177 0 5832 93177 1
gene 4 384 1323 148764 0 6182 148764 1
gene 2 3 420 -450988 0 6444 -450988 1
gene 1 7 1393 -102882 0 6586 -102882 1
gene 3 9 2272 289069 0 6629 289069 1
gene 3 2272 13 137352 0 6630 137352 1
gene 3 15 2286 64923 0 6668 64923 1
gene 3 2286 433 -206079 0 6669 -206079 1
gene 1 1994 697 108481 0 6884 108481 1
gene 3 384 420 -245103 0 7012 -245103 1
gene 1 5 2474 -123200 0 7224 -123200 1
gene 1 2474 1531 -57141 0 7225 -57141 1
gene 2 2 1734 38464 0 7259 38464 1
gene 3 1953 1130 -212506 1 7296 -212506 1
gene 3 433 433 -76886 1 7429 -76886 1
gene 4 10 2474 48396 0 7467 48396 1
genomeend 25


/* Organism #28 Fitness: 280.000000 Time: 0 */
/* Position #28*/
#1 x: 62 y: 19
#2 x: 19 y: 35
#3 x: 74 y: 33
#4 x: 78 y: 64
#5 x: 74 y: 81
#6 x: 75 y: 66
genomestart 28
trait 1 43007.000000 16300.000000 0.000000 0.000000 0.000000 0.000000 87908.000000 0.000000 trait 2 2.000000 0.000000 0.000000 0.000000 0.000000 0.000000 0.000000 0.000000 trait 3 28689.000000 0.000000 0.000000 51304.000000 0.000000 0.000000 100000.000000 0.000000 trait 4 4.000000 0.000000 0.000000 0.000000 0.000000 0.000000 0.000000 37957.000000 node 1 4 1 3
node 2 4 1 1
node 3 1 1 1
node 4 1 1 1
node 5 1 1 1
node 6 2 1 1
node 7 4 1 1
node 8 4 1 1
node 9 2 1 1
node 10 1 1 1
node 11 2 1 1
node 12 4 1 1
node 13 2 0 2
node 14 1 0 2
node 15 3 0 2
node 121 1 0 0
node 235 1 0 0
node 384 1 0 0
node 420 1 0 0
node 433 1 0 0
node 461 1 0 0
node 500 1 0 0
node 516 1 0 0
node 697 1 0 0
node 1018 1 0 0
node 1130 1 0 0
node 1323 1 0 0
node 1393 1 0 0
node 1479 2 0 0
node 1531 1 0 0
node 1683 1 0 0
node 1734 1 0 0
node 1953 1 0 0
node 1976 1 0 0
node 1994 1 0 0
node 2272 1 0 0
node 2286 1 0 0
node 2504 1 0 0
gene 2 1 13 -800000 0 1 -800000 1
gene 3 2 13 193929 0 2 193929 1
gene 2 3 13 -79119 0 3 -79119 1
gene 3 4 13 340419 0 4 340419 1
gene 2 5 13 -193080 0 5 -193080 1
gene 4 6 13 -617496 0 6 -617496 1
gene 3 7 13 -555530 0 7 -555530 1
gene 2 8 13 -27948 0 8 -27948 0
gene 3 9 13 -376833 0 9 -376833 0
gene 2 10 13 -258804 0 10 -258804 1
gene 2 11 13 187500 0 11 187500 1
gene 4 12 13 271185 0 12 271185 1
gene 2 1 14 89805 0 13 89805 1
gene 2 2 14 91512 0 14 91512 1
gene 4 3 14 -630824 0 15 -630824 1
gene 4 4 14 -509355 0 16 -509355 0
gene 4 5 14 32853 0 17 32853 1
gene 3 6 14 -88089 0 18 -88089 1
gene 2 7 14 520512 0 19 520512 1
gene 1 8 14 415098 0 20 415098 0
gene 2 9 14 -45729 0 21 -45729 0
gene 1 10 14 56529 0 22 56529 0
gene 1 11 14 -333141 0 23 -333141 0
gene 4 12 14 396663 0 24 396663 1
gene 3 1 15 -380991 0 25 -380991 1
gene 3 2 15 -562884 0 26 -562884 1
gene 3 3 15 -800000 0 27 -800000 0
gene 3 4 15 -541671 0 28 -541671 1
gene 3 5 15 52626 0 29 52626 1
gene 1 6 15 342330 0 30 342330 1
gene 3 7 15 399771 0 31 399771 0
gene 3 8 15 -449943 0 32 -449943 1
gene 3 9 15 -202512 0 33 -202512 1
gene 3 10 15 374754 0 34 374754 0
gene 2 11 15 348201 0 35 348201 1
gene 4 12 15 -21210 0 36 -21210 0
gene 4 15 15 349497 1 174 349497 0
gene 3 8 121 800000 0 329 800000 0
gene 3 121 15 188559 0 330 188559 1
gene 2 5 121 -274836 0 438 -274836 1
gene 2 7 121 -202611 0 483 -202611 1
gene 4 4 235 800000 0 666 800000 1
gene 4 235 14 -3894 0 667 -3894 1
gene 1 1 235 -401850 0 753 -401850 1
gene 1 9 235 -654602 0 1108 -654602 1
gene 3 10 384 -520076 0 1126 -520076 1
gene 3 384 15 -376164 0 1127 -376164 0
gene 2 14 14 469119 1 1197 469119 1
gene 3 7 420 340488 0 1239 340488 1
gene 3 420 15 -159066 0 1240 -159066 1
gene 3 2 433 328623 0 1284 328623 0
gene 3 433 13 -465798 0 1285 -465798 1
gene 4 3 461 -114330 0 1352 -114330 1
gene 4 461 14 -694293 0 1353 -694293 0
gene 4 15 500 -338346 1 1453 -338346 1
gene 4 500 15 238149 0 1454 238149 1
gene 1 8 516 -165537 0 1500 -165537 1
gene 1 516 14 -350826 0 1501 -350826 1
gene 1 384 121 317274 0 1548 317274 1
gene 2 8 461 32229 0 1965 32229 0
gene 3 3 697 63576 0 2038 63576 1
gene 3 697 15 -344052 0 2039 -344052 1
gene 2 1 500 -227115 0 2133 -227115 1
gene 1 3 433 -39360 0 2628 -39360 1
gene 2 516 516 82164 1 2664 82164 1
gene 3 8 1018 -547398 0 2997 -547398 1
gene 3 1018 121 -131778 0 2998 -131778 0
gene 3 15 433 -375924 0 3156 -375924 0
gene 1 10 1130 418200 0 3329 418200 1
gene 1 1130 14 -615315 0 3330 -615315 0
gene 3 500 697 607728 0 3371 607728 1
gene 1 3 516 630092 0 3603 630092 1
gene 2 9 1323 -731610 0 3885 -731610 0
gene 2 1323 14 117048 0 3886 117048 0
gene 2 121 420 -43497 0 3959 -43497 1
gene 2 8 1393 378837 0 4093 378837 1
gene 2 1393 13 -240366 0 4094 -240366 1
gene 1 11 1479 235434 0 4325 235434 1
gene 1 1479 14 -367800 0 4326 -367800 1
gene 4 12 1531 65055 0 4477 65055 1
gene 4 1531 15 470766 0 4478 470766 1
gene 3 1393 433 98649 0 4734 98649 1
gene 2 1323 1683 473043 0 4950 473043 1
gene 2 1683 14 -324528 0 4951 -324528 1
gene 2 9 1734 236283 0 5099 236283 1
gene 2 1734 1323 74409 0 5100 74409 1
gene 1 5 1531 119439 0 5504 119439 1
gene 2 1323 461 -351984 0 5534 -351984 1
gene 2 1734 1734 494688 1 5573 494688 1
gene 4 2 1683 72474 0 5674 72474 1
gene 1 1130 1953 776790 0 5725 776790 1
gene 1 1953 14 -275289 0 5726 -275289 1
gene 3 2 1976 -213495 0 5782 -213495 1
gene 3 1976 433 176571 0 5783 176571 1
gene 2 8 1994 -181682 0 5831 -181682 1
gene 2 1994 461 552876 0 5832 552876 1
gene 4 384 1323 287526 0 6182 287526 1
gene 2 3 420 -667252 0 6444 -667252 1
gene 1 7 1393 -418358 0 6586 -418358 1
gene 3 9 2272 -148659 0 6629 -148659 1
gene 3 2272 13 23961 0 6630 23961 1
gene 3 15 2286 -420251 0 6668 -420251 1
gene 3 2286 433 -355131 0 6669 -355131 1
gene 1 1994 697 -6429 0 6884 -6429 1
gene 3 384 420 -248712 0 7012 -248712 1
gene 4 461 2504 1 0 7313 1 1
gene 4 2504 14 -623295 0 7314 -623295 1
gene 2 8 433 37220 0 7437 37220 1
gene 1 12 235 -93743 0 7471 -93743 1
genomeend 28


/* Organism #38 Fitness: 250.000000 Time: 0 */
/* Position #38*/
#1 x: 42 y: 40
#2 x: 75 y: 15
#3 x: 71 y: 40
#4 x: 18 y: 67
#5 x: 61 y: 83
#6 x: 69 y: 73
genomestart 38
trait 1 73187.000000 16300.000000 0.000000 0.000000 0.000000 0.000000 63765.000000 0.000000 trait 2 2.000000 0.000000 0.000000 0.000000 11024.000000 0.000000 36935.000000 0.000000 trait 3 0.000000 32738.000000 3107.000000 0.000000 0.000000 13538.000000 63520.000000 8074.000000 trait 4 7914.000000 0.000000 11440.000000 97211.000000 0.000000 0.000000 0.000000 0.000000 node 1 4 1 3
node 2 4 1 1
node 3 1 1 1
node 4 1 1 1
node 5 1 1 1
node 6 2 1 1
node 7 4 1 1
node 8 4 1 1
node 9 2 1 1
node 10 1 1 1
node 11 1 1 1
node 12 4 1 1
node 13 2 0 2
node 14 1 0 2
node 15 3 0 2
node 121 1 0 0
node 235 1 0 0
node 384 1 0 0
node 420 1 0 0
node 433 1 0 0
node 461 1 0 0
node 500 1 0 0
node 516 1 0 0
node 697 1 0 0
node 1018 2 0 0
node 1130 1 0 0
node 1323 1 0 0
node 1393 1 0 0
node 1479 1 0 0
node 1531 1 0 0
node 1732 1 0 0
node 1844 1 0 0
node 2023 2 0 0
node 2035 1 0 0
node 2054 1 0 0
node 2076 1 0 0
node 2174 1 0 0
node 2292 1 0 0
node 2306 1 0 0
node 2325 1 0 0
node 2366 1 0 0
gene 2 1 13 134985 0 1 134985 1
gene 3 2 13 385052 0 2 385052 1
gene 2 3 13 -563265 0 3 -563265 1
gene 3 4 13 363645 0 4 363645 1
gene 2 5 13 162591 0 5 162591 1
gene 4 6 13 390579 0 6 390579 1
gene 3 7 13 439662 0 7 439662 1
gene 2 8 13 -613359 0 8 -613359 0
gene 3 9 13 576668 0 9 576668 1
gene 2 10 13 242145 0 10 242145 1
gene 2 11 13 -70215 0 11 -70215 0
gene 4 12 13 37848 0 12 37848 0
gene 4 1 14 -101673 0 13 -101673 1
gene 2 2 14 -108819 0 14 -108819 0
gene 4 3 14 68520 0 15 68520 1
gene 4 4 14 -800000 0 16 -800000 0
gene 4 5 14 -23061 0 17 -23061 1
gene 3 6 14 133341 0 18 133341 1
gene 2 7 14 570257 0 19 570257 1
gene 1 8 14 -800000 0 20 -800000 0
gene 2 9 14 800000 0 21 800000 0
gene 1 10 14 -167427 0 22 -167427 0
gene 1 11 14 -244176 0 23 -244176 0
gene 4 12 14 -800000 0 24 -800000 1
gene 3 1 15 476808 0 25 476808 1
gene 3 2 15 -173463 0 26 -173463 1
gene 3 3 15 -304485 0 27 -304485 0
gene 3 4 15 -1890 0 28 -1890 0
gene 3 5 15 800000 0 29 800000 1
gene 1 6 15 800000 0 30 800000 0
gene 3 7 15 800000 0 31 800000 0
gene 3 8 15 -349812 0 32 -349812 1
gene 3 9 15 -375327 0 33 -375327 1
gene 3 10 15 -212988 0 34 -212988 0
gene 2 11 15 -76287 0 35 -76287 1
gene 4 12 15 60153 0 36 60153 0
gene 4 15 15 -102006 1 174 -102006 0
gene 3 8 121 735848 0 329 735848 0
gene 3 121 15 -413319 0 330 -413319 1
gene 2 5 121 -154536 0 438 -154536 1
gene 2 7 121 478956 0 483 478956 1
gene 4 4 235 316614 0 666 316614 1
gene 4 235 14 556902 0 667 556902 1
gene 1 1 235 35994 0 753 35994 1
gene 1 9 235 -411179 0 1108 -411179 1
gene 3 10 384 -280527 0 1126 -280527 0
gene 3 384 15 -141195 0 1127 -141195 0
gene 2 14 14 -690606 1 1197 -690606 1
gene 3 7 420 -478518 0 1239 -478518 1
gene 3 420 15 -94710 0 1240 -94710 1
gene 3 2 433 -377807 0 1284 -377807 1
gene 3 433 13 481206 0 1285 481206 1
gene 4 3 461 322481 0 1352 322481 1
gene 4 461 14 -155139 0 1353 -155139 0
gene 4 15 500 -192144 1 1453 -192144 1
gene 4 500 15 -221208 0 1454 -221208 1
gene 1 8 516 -349944 0 1500 -349944 1
gene 1 516 14 -38310 0 1501 -38310 1
gene 1 384 121 -429972 0 1548 -429972 1
gene 2 8 461 -161307 0 1965 -161307 1
gene 3 3 697 -469434 0 2038 -469434 1
gene 3 697 15 129609 0 2039 129609 1
gene 2 1 500 388347 0 2133 388347 1
gene 1 3 433 -26400 0 2628 -26400 1
gene 1 516 516 -524370 1 2664 -524370 1
gene 3 8 1018 81612 0 2997 81612 1
gene 3 1018 121 -491394 0 2998 -491394 0
gene 3 15 433 47715 0 3156 47715 1
gene 1 10 1130 -138189 0 3329 -138189 1
gene 1 1130 14 423846 0 3330 423846 1
gene 3 500 697 -23553 0 3371 -23553 1
gene 2 3 516 -49860 0 3603 -49860 1
gene 2 9 1323 -23844 0 3885 -23844 1
gene 2 1323 14 83403 0 3886 83403 1
gene 2 121 420 346818 0 3959 346818 0
gene 2 8 1393 101556 0 4093 101556 1
gene 2 1393 13 396287 0 4094 396287 0
gene 1 11 1479 -502929 0 4325 -502929 1
gene 4 1479 14 -111351 0 4326 -111351 1
gene 4 12 1531 167946 0 4477 167946 1
gene 4 1531 15 -224343 0 4478 -224343 1
gene 2 1323 420 -800000 0 4676 -800000 1
gene 3 500 1479 -228384 0 4897 -228384 1
gene 4 461 461 -39534 1 4980 -39534 1
gene 2 121 1732 -204126 0 5095 -204126 1
gene 2 1732 420 334041 0 5096 334041 1
gene 1 384 500 313749 0 5133 313749 1
gene 2 15 14 -36060 0 5180 -36060 1
gene 4 6 1130 -4803 0 5368 -4803 1
gene 3 10 1844 -146889 0 5409 -146889 1
gene 3 1844 384 -36531 0 5410 -36531 1
gene 2 2 2023 20151 0 5908 20151 1
gene 2 2023 14 270273 0 5909 270273 1
gene 2 1393 2035 149259 0 5942 149259 0
gene 2 2035 13 136728 0 5943 136728 1
gene 4 461 2054 -383658 0 5995 -383658 0
gene 4 2054 14 700806 0 5996 700806 1
gene 4 461 2076 -433479 0 6055 -433479 1
gene 4 2076 2054 393372 0 6056 393372 1
gene 2 11 2174 -121290 0 6336 -121290 1
gene 2 2174 13 173346 0 6337 173346 1
gene 2 1393 2292 -343788 0 6690 -343788 1
gene 2 2292 2035 296055 0 6691 296055 1
gene 4 12 2306 7 0 6730 7 1
gene 4 2306 13 686138 0 6731 686138 1
gene 3 4 2325 368224 0 6778 368224 1
gene 3 2325 15 -44802 0 6779 -44802 1
gene 2 384 1018 -458589 0 6838 -458589 1
gene 1 6 2366 -280326 0 6892 -280326 1
gene 1 2366 15 3897 0 6893 3897 1
gene 3 11 2292 191901 0 7171 191901 1
gene 1 1130 516 152126 0 7210 152126 1
gene 4 121 121 568840 1 7249 568840 1
gene 2 12 1844 -146567 0 7288 -146567 1
genomeend 38


/* Organism #44 Fitness: 470.000000 Time: 0 */
/* Position #44*/
#1 x: 47 y: 15
#2 x: 34 y: 40
#3 x: 84 y: 25
#4 x: 45 y: 82
#5 x: 52 y: 76
#6 x: 39 y: 72
genomestart 44
trait 1 100000.000000 16300.000000 0.000000 0.000000 45600.000000 0.000000 0.000000 0.000000 trait 2 2.000000 0.000000 0.000000 0.000000 83586.000000 0.000000 76024.000000 27694.000000 trait 3 0.000000 0.000000 0.000000 0.000000 0.000000 13538.000000 70969.000000 0.000000 trait 4 17399.000000 0.000000 11440.000000 97211.000000 0.000000 0.000000 2888.000000 37957.000000 node 1 4 1 3
node 2 4 1 1
node 3 1 1 1
node 4 1 1 1
node 5 1 1 1
node 6 2 1 1
node 7 4 1 1
node 8 4 1 1
node 9 2 1 1
node 10 1 1 1
node 11 1 1 1
node 12 4 1 1
node 13 2 0 2
node 14 1 0 2
node 15 3 0 2
node 121 1 0 0
node 235 1 0 0
node 384 1 0 0
node 420 1 0 0
node 433 1 0 0
node 461 1 0 0
node 500 1 0 0
node 516 1 0 0
node 697 1 0 0
node 1018 2 0 0
node 1130 1 0 0
node 1323 1 0 0
node 1393 1 0 0
node 1479 1 0 0
node 1531 1 0 0
node 1732 1 0 0
node 1844 1 0 0
node 2023 1 0 0
node 2035 1 0 0
node 2054 1 0 0
node 2076 1 0 0
node 2174 1 0 0
node 2292 1 0 0
node 2306 1 0 0
node 2374 1 0 0
node 2502 1 0 0
gene 2 1 13 160008 0 1 160008 1
gene 3 2 13 777071 0 2 777071 1
gene 2 3 13 -225771 0 3 -225771 1
gene 3 4 13 298027 0 4 298027 1
gene 2 5 13 507651 0 5 507651 1
gene 4 6 13 -110409 0 6 -110409 1
gene 3 7 13 -223068 0 7 -223068 1
gene 2 8 13 -407537 0 8 -407537 0
gene 3 9 13 -420904 0 9 -420904 1
gene 2 10 13 -785057 0 10 -785057 1
gene 2 11 13 -89775 0 11 -89775 0
gene 4 12 13 42358 0 12 42358 0
gene 4 1 14 -646843 0 13 -646843 1
gene 2 2 14 -92231 0 14 -92231 0
gene 4 3 14 -170176 0 15 -170176 1
gene 4 4 14 -160488 0 16 -160488 0
gene 4 5 14 92727 0 17 92727 1
gene 3 6 14 -490189 0 18 -490189 1
gene 2 7 14 271641 0 19 271641 1
gene 1 8 14 -236370 0 20 -236370 1
gene 2 9 14 -47466 0 21 -47466 0
gene 1 10 14 339037 0 22 339037 0
gene 1 11 14 -418096 0 23 -418096 0
gene 4 12 14 -668124 0 24 -668124 1
gene 3 1 15 -122805 0 25 -122805 1
gene 3 2 15 -680562 0 26 -680562 1
gene 3 3 15 402897 0 27 402897 0
gene 3 4 15 212095 0 28 212095 1
gene 3 5 15 115654 0 29 115654 1
gene 1 6 15 -800000 0 30 -800000 1
gene 3 7 15 621123 0 31 621123 0
gene 3 8 15 340248 0 32 340248 1
gene 3 9 15 -644438 0 33 -644438 1
gene 3 10 15 -28893 0 34 -28893 0
gene 2 11 15 -118269 0 35 -118269 1
gene 4 12 15 369750 0 36 369750 0
gene 4 15 15 150867 1 174 150867 0
gene 3 8 121 106216 0 329 106216 0
gene 3 121 15 -53283 0 330 -53283 1
gene 2 5 121 -247125 0 438 -247125 1
gene 2 7 121 35736 0 483 35736 1
gene 4 4 235 554613 0 666 554613 1
gene 4 235 14 -376560 0 667 -376560 1
gene 1 1 235 -190215 0 753 -190215 1
gene 1 9 235 -800000 0 1108 -800000 1
gene 3 10 384 -15021 0 1126 -15021 1
gene 3 384 15 265398 0 1127 265398 0
gene 2 14 14 -305503 1 1197 -305503 1
gene 3 7 420 -495827 0 1239 -495827 1
gene 3 420 15 603280 0 1240 603280 1
gene 3 2 433 -251633 0 1284 -251633 1
gene 3 433 13 220675 0 1285 220675 1
gene 4 3 461 800000 0 1352 800000 1
gene 4 461 14 186798 0 1353 186798 0
gene 4 15 500 -252739 1 1453 -252739 1
gene 4 500 15 -677932 0 1454 -677932 1
gene 1 8 516 -12915 0 1500 -12915 1
gene 1 516 14 -722186 0 1501 -722186 1
gene 1 384 121 159009 0 1548 159009 1
gene 2 8 461 -518575 0 1965 -518575 1
gene 3 3 697 -311040 0 2038 -311040 1
gene 3 697 15 800000 0 2039 800000 1
gene 2 1 500 57363 0 2133 57363 1
gene 1 3 433 230148 0 2628 230148 1
gene 1 516 516 -519399 1 2664 -519399 1
gene 3 8 1018 -204591 0 2997 -204591 1
gene 3 1018 121 -492034 0 2998 -492034 1
gene 3 15 433 348759 0 3156 348759 1
gene 1 10 1130 83314 0 3329 83314 1
gene 1 1130 14 155500 0 3330 155500 1
gene 3 500 697 -458004 0 3371 -458004 1
gene 2 3 516 240345 0 3603 240345 1
gene 2 9 1323 -315808 0 3885 -315808 1
gene 2 1323 14 446716 0 3886 446716 1
gene 2 121 420 -386517 0 3959 -386517 1
gene 2 8 1393 492801 0 4093 492801 1
gene 2 1393 13 199842 0 4094 199842 0
gene 1 11 1479 -152465 0 4325 -152465 1
gene 4 1479 14 89989 0 4326 89989 1
gene 4 12 1531 -353286 0 4477 -353286 1
gene 4 1531 15 55353 0 4478 55353 1
gene 2 1323 420 -24210 0 4676 -24210 1
gene 3 500 1479 -331945 0 4897 -331945 1
gene 4 461 461 641670 1 4980 641670 1
gene 2 121 1732 258672 0 5095 258672 1
gene 1 1732 420 123036 0 5096 123036 1
gene 1 384 500 313773 0 5133 313773 1
gene 2 15 14 -583339 0 5180 -583339 0
gene 4 6 1130 213234 0 5368 213234 1
gene 3 10 1844 176313 0 5409 176313 1
gene 3 1844 384 -170244 0 5410 -170244 1
gene 2 2 2023 67710 0 5908 67710 1
gene 1 2023 14 324667 0 5909 324667 1
gene 2 1393 2035 145173 0 5942 145173 0
gene 2 2035 13 -203368 0 5943 -203368 1
gene 4 461 2054 -354256 0 5995 -354256 1
gene 4 2054 14 -187285 0 5996 -187285 1
gene 4 461 2076 -65107 0 6055 -65107 1
gene 4 2076 2054 287482 0 6056 287482 1
gene 2 11 2174 -560845 0 6336 -560845 1
gene 2 2174 13 -173737 0 6337 -173737 1
gene 2 1393 2292 168565 0 6690 168565 1
gene 2 2292 2035 796380 0 6691 796380 1
gene 4 12 2306 178188 0 6730 178188 1
gene 4 2306 13 -206841 0 6731 -206841 1
gene 2 15 2374 -52533 0 6914 -52533 1
gene 2 2374 14 210492 0 6915 210492 1
gene 4 500 2502 392152 0 7309 392152 1
gene 4 2502 15 -800000 0 7310 -800000 1
gene 4 15 461 -66040 0 7483 -66040 1
genomeend 44


/* Organism #66 Fitness: 270.000000 Time: 0 */
/* Position #66*/
#1 x: 34 y: 20
#2 x: 15 y: 21
#3 x: 53 y: 25
#4 x: 35 y: 82
#5 x: 55 y: 81
#6 x: 73 y: 84
genomestart 66
trait 1 100000.000000 99917.000000 0.000000 0.000000 0.000000 0.000000 88706.000000 0.000000 trait 2 2.000000 0.000000 0.000000 0.000000 11024.000000 0.000000 36935.000000 0.000000 trait 3 47998.000000 0.000000 0.000000 72660.000000 0.000000 13538.000000 100000.000000 0.000000 trait 4 30737.000000 40723.000000 0.000000 97211.000000 100000.000000 59190.000000 0.000000 0.000000 node 1 4 1 3
node 2 4 1 1
node 3 1 1 1
node 4 1 1 1
node 5 1 1 1
node 6 2 1 1
node 7 2 1 1
node 8 4 1 1
node 9 2 1 1
node 10 1 1 1
node 11 1 1 1
node 12 4 1 1
node 13 2 0 2
node 14 1 0 2
node 15 3 0 2
node 121 1 0 0
node 235 1 0 0
node 384 1 0 0
node 420 1 0 0
node 433 1 0 0
node 461 1 0 0
node 500 1 0 0
node 516 1 0 0
node 697 1 0 0
node 1018 2 0 0
node 1130 1 0 0
node 1323 1 0 0
node 1393 1 0 0
node 1479 1 0 0
node 1531 1 0 0
node 1732 1 0 0
node 1844 1 0 0
node 2023 1 0 0
node 2035 1 0 0
node 2054 1 0 0
node 2076 1 0 0
node 2174 1 0 0
node 2320 1 0 0
node 2338 1 0 0
node 2472 1 0 0
node 2541 1 0 0
gene 2 1 13 89430 0 1 89430 1
gene 3 2 13 -364539 0 2 -364539 1
gene 2 3 13 184566 0 3 184566 1
gene 3 4 13 485280 0 4 485280 1
gene 2 5 13 48915 0 5 48915 1
gene 4 6 13 -491328 0 6 -491328 1
gene 3 7 13 184764 0 7 184764 1
gene 2 8 13 30681 0 8 30681 0
gene 3 9 13 189465 0 9 189465 1
gene 2 10 13 253311 0 10 253311 1
gene 2 11 13 -4158 0 11 -4158 0
gene 4 12 13 358971 0 12 358971 1
gene 2 1 14 -405009 0 13 -405009 1
gene 2 2 14 -196263 0 14 -196263 0
gene 4 3 14 -210048 0 15 -210048 1
gene 4 4 14 427251 0 16 427251 0
gene 4 5 14 33663 0 17 33663 1
gene 3 6 14 -76776 0 18 -76776 1
gene 2 7 14 -108177 0 19 -108177 1
gene 1 8 14 190326 0 20 190326 0
gene 2 9 14 -10014 0 21 -10014 0
gene 1 10 14 59751 0 22 59751 0
gene 1 11 14 149775 0 23 149775 0
gene 4 12 14 800000 0 24 800000 1
gene 3 1 15 -303915 0 25 -303915 1
gene 3 2 15 -657 0 26 -657 1
gene 3 3 15 7812 0 27 7812 0
gene 3 4 15 -191376 0 28 -191376 1
gene 3 5 15 101991 0 29 101991 1
gene 1 6 15 799854 0 30 799854 1
gene 3 7 15 470442 0 31 470442 0
gene 3 8 15 -800000 0 32 -800000 1
gene 3 9 15 -109974 0 33 -109974 1
gene 3 10 15 407598 0 34 407598 0
gene 2 11 15 -189753 0 35 -189753 1
gene 4 12 15 157674 0 36 157674 0
gene 4 15 15 144939 1 174 144939 0
gene 3 8 121 445824 0 329 445824 0
gene 3 121 15 -155874 0 330 -155874 1
gene 2 5 121 -34314 0 438 -34314 1
gene 2 7 121 -141258 0 483 -141258 1
gene 4 4 235 775334 0 666 775334 1
gene 4 235 14 -434997 0 667 -434997 1
gene 1 1 235 52038 0 753 52038 1
gene 1 9 235 425924 0 1108 425924 1
gene 3 10 384 39663 0 1126 39663 0
gene 3 384 15 87387 0 1127 87387 0
gene 2 14 14 78474 1 1197 78474 1
gene 3 7 420 -277080 0 1239 -277080 1
gene 3 420 15 -60315 0 1240 -60315 1
gene 3 2 433 -451272 0 1284 -451272 1
gene 3 433 13 -67305 0 1285 -67305 1
gene 4 3 461 131925 0 1352 131925 1
gene 4 461 14 -75096 0 1353 -75096 0
gene 4 15 500 457854 1 1453 457854 1
gene 4 500 15 14820 0 1454 14820 1
gene 1 8 516 -287436 0 1500 -287436 1
gene 1 516 14 -299238 0 1501 -299238 1
gene 1 384 121 -115521 0 1548 -115521 1
gene 2 8 461 39129 0 1965 39129 1
gene 3 3 697 563853 0 2038 563853 1
gene 3 697 15 390855 0 2039 390855 1
gene 2 1 500 358038 0 2133 358038 1
gene 1 3 433 508559 0 2628 508559 1
gene 1 516 516 -629766 1 2664 -629766 1
gene 3 8 1018 -219579 0 2997 -219579 1
gene 3 1018 121 -409083 0 2998 -409083 0
gene 3 15 433 730574 0 3156 730574 1
gene 1 10 1130 -115341 0 3329 -115341 1
gene 1 1130 14 19128 0 3330 19128 1
gene 3 500 697 -269085 0 3371 -269085 1
gene 2 3 516 -66375 0 3603 -66375 1
gene 2 9 1323 -641100 0 3885 -641100 1
gene 2 1323 14 -328473 0 3886 -328473 1
gene 2 121 420 -35886 0 3959 -35886 0
gene 2 8 1393 37710 0 4093 37710 1
gene 2 1393 13 -213780 0 4094 -213780 0
gene 1 11 1479 -693953 0 4325 -693953 0
gene 4 1479 14 -395799 0 4326 -395799 0
gene 4 12 1531 -72948 0 4477 -72948 1
gene 4 1531 15 -339573 0 4478 -339573 1
gene 2 1323 420 -51303 0 4676 -51303 1
gene 3 500 1479 119157 0 4897 119157 1
gene 4 461 461 -118122 1 4980 -118122 1
gene 2 121 1732 91680 0 5095 91680 1
gene 2 1732 420 -684531 0 5096 -684531 1
gene 1 384 500 526296 0 5133 526296 1
gene 2 15 14 21900 0 5180 21900 1
gene 4 6 1130 459921 0 5368 459921 1
gene 3 10 1844 -146733 0 5409 -146733 1
gene 3 1844 384 194115 0 5410 194115 1
gene 2 2 2023 276342 0 5908 276342 0
gene 2 2023 14 -251631 0 5909 -251631 1
gene 2 1393 2035 95313 0 5942 95313 1
gene 2 2035 13 145071 0 5943 145071 1
gene 4 461 2054 35652 0 5995 35652 0
gene 4 2054 14 81741 0 5996 81741 1
gene 4 461 2076 146925 0 6055 146925 0
gene 4 2076 2054 -167052 0 6056 -167052 1
gene 2 11 2174 168018 0 6336 168018 1
gene 2 2174 13 185394 0 6337 185394 1
gene 4 1479 2320 62652 0 6766 62652 1
gene 4 2320 14 -203157 0 6767 -203157 1
gene 1 11 2338 -697170 0 6811 -697170 1
gene 1 2338 1479 -391530 0 6812 -391530 1
gene 2 2 2472 247729 0 7220 247729 1
gene 2 2472 2023 38349 0 7221 38349 1
gene 1 2035 2035 142262 1 7383 142262 1
gene 4 461 2541 75625 0 7422 75625 1
gene 4 2541 2076 155256 0 7423 155256 1
genomeend 66


