/* Organism #2 Fitness: 177.000000 Time: 0 */
/* Position #2*/
#1 x: 76 y: 27
#2 x: 59 y: 24
#3 x: 41 y: 33
#4 x: 79 y: 64
#5 x: 51 y: 79
#6 x: 33 y: 80
genomestart 2
node 1 2 1 3
node 2 4 1 1
node 3 1 1 1
node 4 3 1 1
node 5 4 1 1
node 6 2 1 1
node 7 3 1 1
node 8 3 1 1
node 9 1 1 1
node 10 4 1 1
node 11 2 1 1
node 12 2 1 1
node 13 4 0 2
node 14 2 0 2
node 15 2 0 2
node 16 4 0 2
gene 2 1 13 -352731 0 1 -352731 1
gene 3 2 13 314916 0 2 314916 1
gene 2 3 13 376868 0 3 376868 1
gene 3 4 13 655646 0 4 655646 1
gene 4 5 13 328424 0 5 328424 1
gene 1 6 13 381228 0 6 381228 1
gene 4 7 13 683940 0 7 683940 1
gene 1 8 13 800000 0 8 800000 1
gene 2 9 13 -722009 0 9 -722009 1
gene 4 10 13 -572628 0 10 -572628 1
gene 1 11 13 -300393 0 11 -300393 1
gene 1 12 13 727154 0 12 727154 1
gene 2 1 14 -286023 0 13 -286023 1
gene 2 2 14 -443829 0 14 -443829 1
gene 3 3 14 -171384 0 15 -171384 1
gene 2 4 14 606750 0 16 606750 1
gene 2 5 14 290187 0 17 290187 1
gene 4 6 14 800000 0 18 800000 1
gene 1 7 14 20748 0 19 20748 1
gene 2 8 14 -800000 0 20 -800000 1
gene 3 9 14 -56784 0 21 -56784 1
gene 1 10 14 60417 0 22 60417 1
gene 3 11 14 -62059 0 23 -62059 1
gene 2 12 14 -133824 0 24 -133824 1
gene 4 1 15 163644 0 25 163644 1
gene 4 2 15 -621797 0 26 -621797 1
gene 1 3 15 -349953 0 27 -349953 1
gene 3 4 15 -643499 0 28 -643499 1
gene 2 5 15 800000 0 29 800000 1
gene 2 6 15 294572 0 30 294572 1
gene 3 7 15 35586 0 31 35586 1
gene 2 8 15 707163 0 32 707163 1
gene 4 9 15 278364 0 33 278364 1
gene 4 10 15 563109 0 34 563109 1
gene 1 11 15 -610913 0 35 -610913 1
gene 1 12 15 -800000 0 36 -800000 1
gene 3 1 16 251261 0 37 251261 1
gene 1 2 16 98595 0 38 98595 1
gene 2 3 16 -504998 0 39 -504998 1
gene 4 4 16 -354057 0 40 -354057 1
gene 3 5 16 82350 0 41 82350 1
gene 1 6 16 -241718 0 42 -241718 1
gene 4 7 16 -516522 0 43 -516522 1
gene 4 8 16 571275 0 44 571275 1
gene 4 9 16 480048 0 45 480048 1
gene 1 10 16 -55788 0 46 -55788 1
gene 2 11 16 330039 0 47 330039 1
gene 3 12 16 -330801 0 48 -330801 1
gene 1 16 16 380808 1 133 380808 1
gene 2 15 13 21537 0 196 21537 1
gene 4 14 15 -201 0 207 -201 1
gene 3 14 14 -168678 1 290 -168678 1
gene 3 16 13 -317631 0 297 -317631 1
gene 2 16 14 77664 0 323 77664 1
gene 4 16 15 -92775 0 387 -92775 1
gene 2 13 13 800000 1 438 800000 1
genomeend 2


/* Organism #8 Fitness: 156.000000 Time: 0 */
/* Position #8*/
#1 x: 69 y: 22
#2 x: 15 y: 38
#3 x: 73 y: 37
#4 x: 79 y: 69
#5 x: 43 y: 64
#6 x: 40 y: 84
genomestart 8
node 1 1 1 3
node 2 1 1 1
node 3 2 1 1
node 4 4 1 1
node 5 4 1 1
node 6 2 1 1
node 7 1 1 1
node 8 2 1 1
node 9 2 1 1
node 10 2 1 1
node 11 4 1 1
node 12 2 1 1
node 13 1 0 2
node 14 1 0 2
node 15 3 0 2
node 16 4 0 2
gene 1 1 13 223914 0 1 223914 1
gene 3 2 13 542030 0 2 542030 1
gene 3 3 13 334311 0 3 334311 1
gene 3 4 13 -196938 0 4 -196938 1
gene 1 5 13 152130 0 5 152130 1
gene 1 6 13 140409 0 6 140409 1
gene 2 7 13 -317091 0 7 -317091 1
gene 3 8 13 88488 0 8 88488 1
gene 1 9 13 -309417 0 9 -309417 1
gene 2 10 13 94034 0 10 94034 1
gene 4 11 13 -800000 0 11 -800000 1
gene 2 12 13 548678 0 12 548678 1
gene 1 1 14 -300261 0 13 -300261 1
gene 2 2 14 24183 0 14 24183 1
gene 1 3 14 -180567 0 15 -180567 1
gene 3 4 14 -41511 0 16 -41511 1
gene 3 5 14 469523 0 17 469523 1
gene 4 6 14 -330096 0 18 -330096 1
gene 3 7 14 254733 0 19 254733 1
gene 4 8 14 362820 0 20 362820 1
gene 3 9 14 -253887 0 21 -253887 1
gene 1 10 14 -743298 0 22 -743298 1
gene 4 11 14 108408 0 23 108408 1
gene 1 12 14 -157011 0 24 -157011 1
gene 1 1 15 -216855 0 25 -216855 1
gene 4 2 15 -397884 0 26 -397884 1
gene 3 3 15 162237 0 27 162237 1
gene 1 4 15 794982 0 28 794982 1
gene 1 5 15 385629 0 29 385629 1
gene 4 6 15 -12774 0 30 -12774 1
gene 4 7 15 705720 0 31 705720 1
gene 2 8 15 -457589 0 32 -457589 1
gene 1 9 15 -243642 0 33 -243642 1
gene 2 10 15 331308 0 34 331308 1
gene 4 11 15 154650 0 35 154650 1
gene 1 12 15 238656 0 36 238656 1
gene 2 1 16 292050 0 37 292050 1
gene 1 2 16 -193167 0 38 -193167 1
gene 4 3 16 451632 0 39 451632 1
gene 1 4 16 83298 0 40 83298 1
gene 3 5 16 -309132 0 41 -309132 1
gene 1 6 16 82298 0 42 82298 1
gene 3 7 16 13011 0 43 13011 1
gene 2 8 16 -800000 0 44 -800000 1
gene 3 9 16 -225840 0 45 -225840 1
gene 2 10 16 64527 0 46 64527 1
gene 4 11 16 245178 0 47 245178 1
gene 4 12 16 149004 0 48 149004 1
gene 3 15 14 -35469 0 95 -35469 1
gene 4 13 13 -294108 1 216 -294108 1
gene 4 16 16 123144 1 231 123144 1
gene 4 16 14 258099 0 249 258099 1
gene 3 13 14 -224262 0 287 -224262 1
gene 2 15 16 41028 0 292 41028 1
gene 1 16 13 -60822 0 308 -60822 1
gene 4 15 13 -274182 0 337 -274182 1
gene 4 15 15 -98766 1 398 -98766 1
genomeend 8


/* Organism #16 Fitness: 215.000000 Time: 0 */
/* Position #16*/
#1 x: 22 y: 39
#2 x: 72 y: 32
#3 x: 51 y: 26
#4 x: 38 y: 72
#5 x: 52 y: 84
#6 x: 45 y: 71
genomestart 16
node 1 4 1 3
node 2 1 1 1
node 3 2 1 1
node 4 3 1 1
node 5 1 1 1
node 6 4 1 1
node 7 2 1 1
node 8 3 1 1
node 9 4 1 1
node 10 2 1 1
node 11 3 1 1
node 12 2 1 1
node 13 4 0 2
node 14 2 0 2
node 15 4 0 2
node 16 4 0 2
gene 4 1 13 124965 0 1 124965 1
gene 2 2 13 -800000 0 2 -800000 1
gene 4 3 13 -356807 0 3 -356807 1
gene 4 4 13 315942 0 4 315942 1
gene 1 5 13 552630 0 5 552630 1
gene 2 6 13 149104 0 6 149104 1
gene 2 7 13 -350285 0 7 -350285 1
gene 1 8 13 231288 0 8 231288 1
gene 2 9 13 -290916 0 9 -290916 1
gene 2 10 13 449355 0 10 449355 1
gene 2 11 13 299340 0 11 299340 1
gene 1 12 13 -138057 0 12 -138057 1
gene 3 1 14 -587880 0 13 -587880 1
gene 2 2 14 711525 0 14 711525 1
gene 1 3 14 -212424 0 15 -212424 1
gene 4 4 14 -707499 0 16 -707499 1
gene 1 5 14 491775 0 17 491775 1
gene 3 6 14 530526 0 18 530526 1
gene 2 7 14 -419337 0 19 -419337 1
gene 4 8 14 -658965 0 20 -658965 1
gene 1 9 14 -220857 0 21 -220857 1
gene 2 10 14 -630846 0 22 -630846 1
gene 1 11 14 -476082 0 23 -476082 1
gene 4 12 14 -248862 0 24 -248862 1
gene 4 1 15 469377 0 25 469377 1
gene 3 2 15 -238077 0 26 -238077 1
gene 3 3 15 -49563 0 27 -49563 1
gene 2 4 15 -461958 0 28 -461958 1
gene 2 5 15 509763 0 29 509763 1
gene 1 6 15 -402384 0 30 -402384 1
gene 1 7 15 -635634 0 31 -635634 1
gene 1 8 15 674100 0 32 674100 1
gene 3 9 15 422094 0 33 422094 1
gene 4 10 15 -118289 0 34 -118289 1
gene 2 11 15 599373 0 35 599373 1
gene 3 12 15 156132 0 36 156132 1
gene 3 1 16 600209 0 37 600209 1
gene 1 2 16 -800000 0 38 -800000 1
gene 2 3 16 315759 0 39 315759 1
gene 3 4 16 158295 0 40 158295 1
gene 4 5 16 -25461 0 41 -25461 1
gene 2 6 16 -71175 0 42 -71175 1
gene 2 7 16 742911 0 43 742911 1
gene 1 8 16 -297780 0 44 -297780 1
gene 3 9 16 280908 0 45 280908 1
gene 2 10 16 -217005 0 46 -217005 1
gene 1 11 16 -704781 0 47 -704781 1
gene 1 12 16 295644 0 48 295644 1
gene 4 15 16 12339 0 147 12339 1
gene 3 15 13 -608628 0 262 -608628 1
gene 4 14 13 224013 0 274 224013 1
gene 1 15 14 -337017 0 296 -337017 1
gene 2 15 15 -348453 1 384 -348453 1
gene 3 16 13 -331041 0 434 -331041 1
genomeend 16


/* Organism #21 Fitness: 186.000000 Time: 0 */
/* Position #21*/
#1 x: 71 y: 35
#2 x: 57 y: 28
#3 x: 61 y: 18
#4 x: 74 y: 67
#5 x: 36 y: 80
#6 x: 21 y: 60
genomestart 21
node 1 2 1 3
node 2 4 1 1
node 3 2 1 1
node 4 1 1 1
node 5 1 1 1
node 6 1 1 1
node 7 3 1 1
node 8 3 1 1
node 9 3 1 1
node 10 2 1 1
node 11 3 1 1
node 12 3 1 1
node 13 1 0 2
node 14 2 0 2
node 15 2 0 2
node 16 2 0 2
gene 4 1 13 -19395 0 1 -19395 1
gene 3 2 13 -127053 0 2 -127053 1
gene 3 3 13 -381660 0 3 -381660 1
gene 2 4 13 -134220 0 4 -134220 1
gene 1 5 13 38094 0 5 38094 1
gene 2 6 13 276051 0 6 276051 1
gene 3 7 13 450968 0 7 450968 1
gene 1 8 13 323166 0 8 323166 1
gene 2 9 13 -800000 0 9 -800000 1
gene 2 10 13 151758 0 10 151758 1
gene 1 11 13 325497 0 11 325497 1
gene 4 12 13 191148 0 12 191148 1
gene 2 1 14 -795882 0 13 -795882 1
gene 2 2 14 -535587 0 14 -535587 1
gene 1 3 14 263991 0 15 263991 1
gene 2 4 14 -279045 0 16 -279045 1
gene 4 5 14 -179568 0 17 -179568 1
gene 3 6 14 -341235 0 18 -341235 1
gene 2 7 14 73209 0 19 73209 1
gene 1 8 14 -537699 0 20 -537699 1
gene 1 9 14 614808 0 21 614808 1
gene 3 10 14 -800000 0 22 -800000 1
gene 1 11 14 49503 0 23 49503 1
gene 2 12 14 -42924 0 24 -42924 1
gene 4 1 15 -315843 0 25 -315843 1
gene 4 2 15 733614 0 26 733614 1
gene 3 3 15 261765 0 27 261765 1
gene 2 4 15 288981 0 28 288981 1
gene 2 5 15 -170079 0 29 -170079 1
gene 1 6 15 288108 0 30 288108 1
gene 4 7 15 -124110 0 31 -124110 1
gene 1 8 15 306414 0 32 306414 1
gene 2 9 15 -328356 0 33 -328356 1
gene 4 10 15 -371082 0 34 -371082 1
gene 4 11 15 397017 0 35 397017 1
gene 1 12 15 -85647 0 36 -85647 1
gene 3 1 16 103950 0 37 103950 1
gene 1 2 16 -126291 0 38 -126291 1
gene 2 3 16 233706 0 39 233706 1
gene 3 4 16 250803 0 40 250803 1
gene 4 5 16 -574490 0 41 -574490 1
gene 3 6 16 118122 0 42 118122 1
gene 2 7 16 -558770 0 43 -558770 1
gene 1 8 16 446412 0 44 446412 1
gene 1 9 16 -232761 0 45 -232761 1
gene 3 10 16 -206490 0 46 -206490 1
gene 1 11 16 -218163 0 47 -218163 1
gene 1 12 16 174267 0 48 174267 1
gene 1 13 15 -194520 0 75 -194520 1
gene 1 16 15 68532 0 84 68532 1
gene 3 13 13 244965 1 88 244965 1
gene 2 15 15 -89835 1 155 -89835 1
gene 4 14 13 -387231 0 215 -387231 1
gene 3 14 15 119277 0 336 119277 1
gene 3 13 16 53646 0 426 53646 1
gene 1 14 16 -279240 0 475 -279240 1
gene 4 16 16 298590 1 542 298590 1
genomeend 21


/* Organism #32 Fitness: 190.000000 Time: 0 */
/* Position #32*/
#1 x: 53 y: 39
#2 x: 53 y: 21
#3 x: 39 y: 31
#4 x: 56 y: 75
#5 x: 55 y: 78
#6 x: 76 y: 74
genomestart 32
node 1 4 1 3
node 2 3 1 1
node 3 2 1 1
node 4 1 1 1
node 5 1 1 1
node 6 2 1 1
node 7 1 1 1
node 8 4 1 1
node 9 3 1 1
node 10 4 1 1
node 11 3 1 1
node 12 3 1 1
node 13 4 0 2
node 14 2 0 2
node 15 2 0 2
node 16 2 0 2
gene 4 1 13 800000 0 1 800000 1
gene 2 2 13 -800000 0 2 -800000 1
gene 3 3 13 416937 0 3 416937 1
gene 2 4 13 -240363 0 4 -240363 1
gene 4 5 13 -24285 0 5 -24285 1
gene 2 6 13 1302 0 6 1302 1
gene 3 7 13 -139164 0 7 -139164 1
gene 1 8 13 282567 0 8 282567 1
gene 2 9 13 185982 0 9 185982 1
gene 2 10 13 -418614 0 10 -418614 1
gene 1 11 13 466725 0 11 466725 1
gene 4 12 13 697619 0 12 697619 1
gene 2 1 14 -237666 0 13 -237666 1
gene 2 2 14 -316587 0 14 -316587 1
gene 2 3 14 -10650 0 15 -10650 1
gene 4 4 14 636240 0 16 636240 1
gene 1 5 14 -30753 0 17 -30753 1
gene 1 6 14 -1833 0 18 -1833 1
gene 2 7 14 558465 0 19 558465 1
gene 1 8 14 613611 0 20 613611 1
gene 1 9 14 137331 0 21 137331 1
gene 3 10 14 142566 0 22 142566 1
gene 2 11 14 -505629 0 23 -505629 1
gene 2 12 14 631784 0 24 631784 1
gene 4 1 15 -748189 0 25 -748189 1
gene 4 2 15 -145062 0 26 -145062 1
gene 3 3 15 -40443 0 27 -40443 1
gene 2 4 15 -332085 0 28 -332085 1
gene 2 5 15 -160953 0 29 -160953 1
gene 1 6 15 65697 0 30 65697 1
gene 1 7 15 182001 0 31 182001 1
gene 2 8 15 221628 0 32 221628 1
gene 2 9 15 639315 0 33 639315 1
gene 4 10 15 417321 0 34 417321 1
gene 4 11 15 309893 0 35 309893 1
gene 1 12 15 -362637 0 36 -362637 1
gene 3 1 16 -342465 0 37 -342465 1
gene 1 2 16 -52809 0 38 -52809 1
gene 2 3 16 -11511 0 39 -11511 1
gene 3 4 16 800000 0 40 800000 1
gene 4 5 16 228953 0 41 228953 1
gene 3 6 16 -576551 0 42 -576551 1
gene 2 7 16 -198936 0 43 -198936 1
gene 1 8 16 -4188 0 44 -4188 1
gene 1 9 16 -182430 0 45 -182430 1
gene 3 10 16 -205425 0 46 -205425 1
gene 1 11 16 274722 0 47 274722 1
gene 1 12 16 -38508 0 48 -38508 1
gene 4 16 16 129351 1 99 129351 1
gene 2 14 13 -1767 0 115 -1767 1
gene 2 16 13 -396282 0 156 -396282 1
gene 3 15 16 546534 0 203 546534 1
gene 2 15 13 -367038 0 238 -367038 1
gene 3 13 15 273894 1 275 273894 1
gene 1 14 15 -92874 0 310 -92874 1
gene 4 14 16 -618756 0 317 -618756 1
genomeend 32


/* Organism #37 Fitness: 232.000000 Time: 0 */
/* Position #37*/
#1 x: 77 y: 37
#2 x: 66 y: 39
#3 x: 53 y: 16
#4 x: 75 y: 67
#5 x: 82 y: 83
#6 x: 18 y: 81
genomestart 37
node 1 2 1 3
node 2 1 1 1
node 3 3 1 1
node 4 3 1 1
node 5 1 1 1
node 6 2 1 1
node 7 4 1 1
node 8 4 1 1
node 9 2 1 1
node 10 4 1 1
node 11 1 1 1
node 12 3 1 1
node 13 1 0 2
node 14 1 0 2
node 15 2 0 2
node 16 3 0 2
gene 3 1 13 266268 0 1 266268 1
gene 1 2 13 -311292 0 2 -311292 1
gene 1 3 13 31545 0 3 31545 1
gene 2 4 13 -635088 0 4 -635088 1
gene 4 5 13 -483054 0 5 -483054 1
gene 4 6 13 208356 0 6 208356 1
gene 3 7 13 176457 0 7 176457 1
gene 2 8 13 122364 0 8 122364 1
gene 1 9 13 396831 0 9 396831 1
gene 3 10 13 -49578 0 10 -49578 1
gene 2 11 13 -27483 0 11 -27483 1
gene 1 12 13 16239 0 12 16239 1
gene 2 1 14 221991 0 13 221991 1
gene 1 2 14 -614526 0 14 -614526 1
gene 1 3 14 -722886 0 15 -722886 1
gene 1 4 14 450690 0 16 450690 1
gene 3 5 14 -116265 0 17 -116265 1
gene 2 6 14 -529092 0 18 -529092 1
gene 1 7 14 575973 0 19 575973 1
gene 1 8 14 200733 0 20 200733 1
gene 2 9 14 -533598 0 21 -533598 1
gene 2 10 14 238200 0 22 238200 1
gene 2 11 14 302247 0 23 302247 1
gene 3 12 14 6267 0 24 6267 1
gene 1 1 15 116811 0 25 116811 1
gene 1 2 15 686076 0 26 686076 1
gene 1 3 15 627738 0 27 627738 1
gene 4 4 15 -800000 0 28 -800000 1
gene 2 5 15 260463 0 29 260463 1
gene 4 6 15 282693 0 30 282693 1
gene 3 7 15 800000 0 31 800000 1
gene 1 8 15 -211062 0 32 -211062 1
gene 2 9 15 -16812 0 33 -16812 1
gene 3 10 15 115770 0 34 115770 1
gene 1 11 15 -194610 0 35 -194610 1
gene 3 12 15 210371 0 36 210371 1
gene 3 1 16 75258 0 37 75258 1
gene 3 2 16 182472 0 38 182472 1
gene 3 3 16 49200 0 39 49200 1
gene 1 4 16 -672881 0 40 -672881 1
gene 3 5 16 445836 0 41 445836 1
gene 1 6 16 -373320 0 42 -373320 1
gene 4 7 16 -516390 0 43 -516390 1
gene 4 8 16 -800000 0 44 -800000 1
gene 2 9 16 285936 0 45 285936 1
gene 2 10 16 -87699 0 46 -87699 1
gene 3 11 16 9591 0 47 9591 1
gene 4 12 16 800000 0 48 800000 1
gene 1 14 13 -168525 0 59 -168525 1
gene 3 15 13 -470124 0 226 -470124 1
gene 3 14 15 -286839 0 258 -286839 1
gene 2 16 13 83298 0 355 83298 1
gene 1 14 16 -541673 0 394 -541673 1
gene 2 15 16 73521 0 399 73521 1
genomeend 37


/* Organism #50 Fitness: 177.000000 Time: 0 */
/* Position #50*/
#1 x: 83 y: 32
#2 x: 70 y: 39
#3 x: 62 y: 28
#4 x: 35 y: 75
#5 x: 22 y: 63
#6 x: 16 y: 78
genomestart 50
node 1 3 1 3
node 2 2 1 1
node 3 1 1 1
node 4 3 1 1
node 5 1 1 1
node 6 2 1 1
node 7 3 1 1
node 8 4 1 1
node 9 2 1 1
node 10 3 1 1
node 11 3 1 1
node 12 1 1 1
node 13 1 0 2
node 14 2 0 2
node 15 3 0 2
node 16 4 0 2
gene 1 1 13 278340 0 1 278340 1
gene 3 2 13 -112269 0 2 -112269 1
gene 1 3 13 330690 0 3 330690 1
gene 4 4 13 32406 0 4 32406 1
gene 2 5 13 -71271 0 5 -71271 1
gene 2 6 13 70869 0 6 70869 1
gene 3 7 13 230343 0 7 230343 1
gene 1 8 13 53667 0 8 53667 1
gene 4 9 13 330894 0 9 330894 1
gene 3 10 13 259542 0 10 259542 1
gene 1 11 13 140469 0 11 140469 1
gene 2 12 13 189837 0 12 189837 1
gene 2 1 14 155712 0 13 155712 1
gene 2 2 14 237105 0 14 237105 1
gene 3 3 14 -249795 0 15 -249795 1
gene 3 4 14 -64892 0 16 -64892 1
gene 1 5 14 -267210 0 17 -267210 1
gene 3 6 14 342189 0 18 342189 1
gene 3 7 14 634103 0 19 634103 1
gene 3 8 14 1878 0 20 1878 1
gene 1 9 14 -48561 0 21 -48561 1
gene 2 10 14 548090 0 22 548090 1
gene 4 11 14 -255972 0 23 -255972 1
gene 1 12 14 47178 0 24 47178 1
gene 3 1 15 166770 0 25 166770 1
gene 2 2 15 -800000 0 26 -800000 1
gene 1 3 15 -800000 0 27 -800000 1
gene 1 4 15 252855 0 28 252855 1
gene 2 5 15 -107205 0 29 -107205 1
gene 3 6 15 -77966 0 30 -77966 1
gene 4 7 15 -13906 0 31 -13906 1
gene 4 8 15 209049 0 32 209049 1
gene 4 9 15 -755684 0 33 -755684 1
gene 3 10 15 108540 0 34 108540 1
gene 4 11 15 -134502 0 35 -134502 1
gene 2 12 15 -418650 0 36 -418650 1
gene 2 1 16 -262677 0 37 -262677 1
gene 4 2 16 264396 0 38 264396 1
gene 1 3 16 -97854 0 39 -97854 1
gene 4 4 16 -223665 0 40 -223665 1
gene 4 5 16 -643566 0 41 -643566 1
gene 2 6 16 337131 0 42 337131 1
gene 4 7 16 227307 0 43 227307 1
gene 4 8 16 -150669 0 44 -150669 1
gene 3 9 16 -617613 0 45 -617613 1
gene 4 10 16 150891 0 46 150891 1
gene 1 11 16 16077 0 47 16077 1
gene 3 12 16 140538 0 48 140538 1
gene 3 16 13 -556650 0 205 -556650 1
gene 1 14 13 251397 0 264 251397 1
gene 1 14 16 -196017 0 372 -196017 1
gene 2 16 15 -159885 0 397 -159885 1
gene 4 13 15 -38988 0 489 -38988 1
gene 2 16 16 -170892 1 514 -170892 1
genomeend 50


/* Organism #65 Fitness: 179.000000 Time: 0 */
/* Position #65*/
#1 x: 39 y: 39
#2 x: 19 y: 38
#3 x: 77 y: 16
#4 x: 32 y: 61
#5 x: 39 y: 81
#6 x: 83 y: 71
genomestart 65
node 1 1 1 3
node 2 4 1 1
node 3 1 1 1
node 4 3 1 1
node 5 2 1 1
node 6 2 1 1
node 7 4 1 1
node 8 4 1 1
node 9 4 1 1
node 10 3 1 1
node 11 3 1 1
node 12 3 1 1
node 13 2 0 2
node 14 4 0 2
node 15 1 0 2
node 16 4 0 2
gene 4 1 13 -128130 0 1 -128130 1
gene 1 2 13 490664 0 2 490664 1
gene 4 3 13 800000 0 3 800000 1
gene 2 4 13 790421 0 4 790421 1
gene 1 5 13 -69939 0 5 -69939 1
gene 2 6 13 -437834 0 6 -437834 1
gene 3 7 13 232053 0 7 232053 1
gene 1 8 13 227397 0 8 227397 1
gene 3 9 13 117372 0 9 117372 1
gene 2 10 13 -142671 0 10 -142671 1
gene 2 11 13 326358 0 11 326358 1
gene 2 12 13 554412 0 12 554412 1
gene 2 1 14 -800000 0 13 -800000 1
gene 2 2 14 92946 0 14 92946 1
gene 1 3 14 235989 0 15 235989 1
gene 4 4 14 800000 0 16 800000 1
gene 1 5 14 123435 0 17 123435 1
gene 4 6 14 -36501 0 18 -36501 1
gene 2 7 14 -118400 0 19 -118400 1
gene 1 8 14 -736635 0 20 -736635 1
gene 1 9 14 658199 0 21 658199 1
gene 4 10 14 -105849 0 22 -105849 1
gene 1 11 14 361878 0 23 361878 1
gene 2 12 14 33870 0 24 33870 1
gene 4 1 15 767508 0 25 767508 1
gene 4 2 15 -386682 0 26 -386682 1
gene 3 3 15 58374 0 27 58374 1
gene 2 4 15 -162417 0 28 -162417 1
gene 4 5 15 -800000 0 29 -800000 1
gene 1 6 15 94380 0 30 94380 1
gene 1 7 15 162357 0 31 162357 1
gene 4 8 15 101916 0 32 101916 1
gene 2 9 15 350541 0 33 350541 1
gene 4 10 15 -793826 0 34 -793826 1
gene 4 11 15 112169 0 35 112169 1
gene 2 12 15 -800000 0 36 -800000 1
gene 2 1 16 363012 0 37 363012 1
gene 4 2 16 161076 0 38 161076 1
gene 2 3 16 -47658 0 39 -47658 1
gene 4 4 16 -17109 0 40 -17109 1
gene 4 5 16 -30569 0 41 -30569 1
gene 3 6 16 209895 0 42 209895 1
gene 2 7 16 -556631 0 43 -556631 1
gene 1 8 16 -377493 0 44 -377493 1
gene 1 9 16 -288027 0 45 -288027 1
gene 4 10 16 88932 0 46 88932 1
gene 2 11 16 91311 0 47 91311 1
gene 1 12 16 -277770 0 48 -277770 1
gene 1 16 13 538461 0 145 538461 1
gene 3 16 16 -212526 1 217 -212526 1
gene 3 13 15 470915 0 301 470915 1
gene 3 15 14 122949 0 442 122949 1
gene 3 13 13 -92646 1 472 -92646 1
genomeend 65


/* Organism #66 Fitness: 168.000000 Time: 0 */
/* Position #66*/
#1 x: 39 y: 16
#2 x: 36 y: 30
#3 x: 36 y: 26
#4 x: 74 y: 62
#5 x: 74 y: 76
#6 x: 85 y: 61
genomestart 66
node 1 1 1 3
node 2 2 1 1
node 3 2 1 1
node 4 2 1 1
node 5 4 1 1
node 6 2 1 1
node 7 3 1 1
node 8 1 1 1
node 9 3 1 1
node 10 4 1 1
node 11 2 1 1
node 12 2 1 1
node 13 1 0 2
node 14 4 0 2
node 15 2 0 2
node 16 4 0 2
gene 1 1 13 -316728 0 1 -316728 1
gene 2 2 13 188883 0 2 188883 1
gene 3 3 13 162245 0 3 162245 1
gene 3 4 13 231665 0 4 231665 1
gene 1 5 13 -472161 0 5 -472161 1
gene 1 6 13 -118767 0 6 -118767 1
gene 2 7 13 584160 0 7 584160 1
gene 3 8 13 -574395 0 8 -574395 1
gene 1 9 13 605399 0 9 605399 1
gene 2 10 13 365927 0 10 365927 1
gene 4 11 13 -49980 0 11 -49980 1
gene 2 12 13 -800000 0 12 -800000 1
gene 1 1 14 525126 0 13 525126 1
gene 2 2 14 391551 0 14 391551 1
gene 1 3 14 -20313 0 15 -20313 1
gene 4 4 14 -564581 0 16 -564581 1
gene 3 5 14 163800 0 17 163800 1
gene 3 6 14 635249 0 18 635249 1
gene 3 7 14 279069 0 19 279069 1
gene 4 8 14 -705273 0 20 -705273 1
gene 1 9 14 -253875 0 21 -253875 1
gene 2 10 14 -148932 0 22 -148932 1
gene 4 11 14 450492 0 23 450492 1
gene 1 12 14 -619536 0 24 -619536 1
gene 4 1 15 -290010 0 25 -290010 1
gene 4 2 15 434229 0 26 434229 1
gene 3 3 15 -355476 0 27 -355476 1
gene 2 4 15 113154 0 28 113154 1
gene 1 5 15 -649665 0 29 -649665 1
gene 4 6 15 38292 0 30 38292 1
gene 1 7 15 -116919 0 31 -116919 1
gene 2 8 15 273573 0 32 273573 1
gene 1 9 15 353250 0 33 353250 1
gene 3 10 15 144792 0 34 144792 1
gene 1 11 15 -800000 0 35 -800000 1
gene 1 12 15 395268 0 36 395268 1
gene 3 1 16 71046 0 37 71046 1
gene 1 2 16 -566933 0 38 -566933 1
gene 4 3 16 502995 0 39 502995 1
gene 2 4 16 -470232 0 40 -470232 1
gene 4 5 16 316989 0 41 316989 1
gene 4 6 16 201738 0 42 201738 1
gene 3 7 16 551433 0 43 551433 1
gene 4 8 16 -539865 0 44 -539865 1
gene 4 9 16 94491 0 45 94491 1
gene 3 10 16 -71130 0 46 -71130 1
gene 4 11 16 371463 0 47 371463 1
gene 1 12 16 -96933 0 48 -96933 1
gene 4 15 14 -72285 0 159 -72285 1
gene 1 13 16 -15249 0 327 -15249 1
gene 4 13 15 193653 0 343 193653 1
gene 1 16 15 -122907 0 356 -122907 1
gene 4 16 14 -259725 0 385 -259725 1
gene 4 13 14 382011 0 531 382011 1
genomeend 66


/* Organism #76 Fitness: 154.000000 Time: 0 */
/* Position #76*/
#1 x: 21 y: 29
#2 x: 35 y: 25
#3 x: 71 y: 22
#4 x: 17 y: 77
#5 x: 76 y: 74
#6 x: 43 y: 75
genomestart 76
node 1 3 1 3
node 2 4 1 1
node 3 4 1 1
node 4 2 1 1
node 5 3 1 1
node 6 1 1 1
node 7 1 1 1
node 8 1 1 1
node 9 4 1 1
node 10 1 1 1
node 11 1 1 1
node 12 4 1 1
node 13 2 0 2
node 14 4 0 2
node 15 3 0 2
node 16 2 0 2
gene 3 1 13 377727 0 1 377727 1
gene 4 2 13 -213906 0 2 -213906 1
gene 4 3 13 471312 0 3 471312 1
gene 1 4 13 800000 0 4 800000 1
gene 1 5 13 376170 0 5 376170 1
gene 3 6 13 349146 0 6 349146 1
gene 2 7 13 286478 0 7 286478 1
gene 2 8 13 -146487 0 8 -146487 1
gene 4 9 13 800000 0 9 800000 1
gene 3 10 13 145227 0 10 145227 1
gene 1 11 13 -435909 0 11 -435909 1
gene 4 12 13 -129429 0 12 -129429 1
gene 2 1 14 -26814 0 13 -26814 1
gene 2 2 14 155394 0 14 155394 1
gene 4 3 14 62448 0 15 62448 1
gene 4 4 14 -403989 0 16 -403989 1
gene 4 5 14 -800000 0 17 -800000 1
gene 3 6 14 262605 0 18 262605 1
gene 2 7 14 -119994 0 19 -119994 1
gene 4 8 14 -224115 0 20 -224115 1
gene 3 9 14 196298 0 21 196298 1
gene 3 10 14 -543933 0 22 -543933 1
gene 2 11 14 -606615 0 23 -606615 1
gene 3 12 14 -344327 0 24 -344327 1
gene 3 1 15 -345777 0 25 -345777 1
gene 2 2 15 141465 0 26 141465 1
gene 1 3 15 324186 0 27 324186 1
gene 2 4 15 -106545 0 28 -106545 1
gene 2 5 15 -133770 0 29 -133770 1
gene 1 6 15 136017 0 30 136017 1
gene 3 7 15 226209 0 31 226209 1
gene 4 8 15 241842 0 32 241842 1
gene 1 9 15 767970 0 33 767970 1
gene 1 10 15 -154809 0 34 -154809 1
gene 2 11 15 446709 0 35 446709 1
gene 2 12 15 23214 0 36 23214 1
gene 2 1 16 -380427 0 37 -380427 1
gene 2 2 16 -40410 0 38 -40410 1
gene 1 3 16 397461 0 39 397461 1
gene 2 4 16 -297552 0 40 -297552 1
gene 1 5 16 5316 0 41 5316 1
gene 4 6 16 -22932 0 42 -22932 1
gene 2 7 16 170574 0 43 170574 1
gene 4 8 16 -233313 0 44 -233313 1
gene 1 9 16 -800000 0 45 -800000 1
gene 3 10 16 277347 0 46 277347 1
gene 2 11 16 566786 0 47 566786 1
gene 1 12 16 443604 0 48 443604 1
gene 3 15 15 175203 1 62 175203 1
gene 1 16 13 23278 0 153 23278 1
gene 4 13 14 -560310 0 244 -560310 1
gene 2 15 14 18672 0 456 18672 1
genomeend 76


