/* Organism #0 Fitness: 220.000000 Time: 0 */
/* Position #0*/
#1 x: 44 y: 29
#2 x: 78 y: 28
#3 x: 81 y: 38
#4 x: 37 y: 69
#5 x: 79 y: 81
#6 x: 61 y: 70
genomestart 0
trait 1 1.000000 0.000000 0.000000 0.000000 0.000000 0.000000 0.000000 0.000000 trait 2 2.000000 0.000000 0.000000 0.000000 0.000000 0.000000 0.000000 0.000000 trait 3 3.000000 0.000000 0.000000 0.000000 0.000000 0.000000 0.000000 0.000000 trait 4 4.000000 0.000000 0.000000 0.000000 0.000000 0.000000 0.000000 0.000000 node 1 4 1 3
node 2 1 1 1
node 3 3 1 1
node 4 3 1 1
node 5 2 1 1
node 6 1 1 1
node 7 2 1 1
node 8 4 1 1
node 9 4 1 1
node 10 2 1 1
node 11 3 1 1
node 12 2 1 1
node 13 3 0 2
node 14 3 0 2
node 15 1 0 2
node 57 1 0 0
node 82 1 0 0
node 107 1 0 0
gene 4 1 13 -69452 0 1 -69452 1
gene 2 2 13 3466 0 2 3466 1
gene 3 3 13 -98714 0 3 -98714 1
gene 3 4 13 -49561 0 4 -49561 1
gene 2 5 13 -26035 0 5 -26035 1
gene 1 6 13 64933 0 6 64933 1
gene 3 7 13 -3539 0 7 -3539 1
gene 2 8 13 4611 0 8 4611 1
gene 4 9 13 94355 0 9 94355 1
gene 2 10 13 -83550 0 10 -83550 0
gene 2 11 13 -26225 0 11 -26225 0
gene 1 12 13 15938 0 12 15938 1
gene 4 1 14 -51093 0 13 -51093 1
gene 3 2 14 45634 0 14 45634 1
gene 4 3 14 -20372 0 15 -20372 1
gene 4 4 14 -88791 0 16 -88791 1
gene 3 5 14 98949 0 17 98949 1
gene 3 6 14 -24143 0 18 -24143 1
gene 1 7 14 29719 0 19 29719 1
gene 1 8 14 -28703 0 20 -28703 1
gene 4 9 14 37606 0 21 37606 1
gene 4 10 14 -63855 0 22 -63855 1
gene 3 11 14 -12879 0 23 -12879 1
gene 1 12 14 46099 0 24 46099 1
gene 1 1 15 28492 0 25 28492 1
gene 2 2 15 73904 0 26 73904 1
gene 3 3 15 31202 0 27 31202 1
gene 3 4 15 78550 0 28 78550 1
gene 1 5 15 -74854 0 29 -74854 1
gene 1 6 15 -66318 0 30 -66318 1
gene 3 7 15 65699 0 31 65699 1
gene 3 8 15 -41834 0 32 -41834 1
gene 2 9 15 2665 0 33 2665 1
gene 1 10 15 -84486 0 34 -84486 1
gene 4 11 15 10068 0 35 10068 1
gene 2 12 15 34050 0 36 34050 1
gene 2 11 57 1 0 144 0 1
gene 2 57 13 -26225 0 145 0 1
gene 1 6 82 1 0 209 0 1
gene 1 82 13 64933 0 210 0 1
gene 2 10 107 1 0 278 0 1
gene 2 107 13 -83550 0 279 0 1
genomeend 0


/* Organism #9 Fitness: 120.000000 Time: 0 */
/* Position #9*/
#1 x: 34 y: 25
#2 x: 73 y: 33
#3 x: 49 y: 36
#4 x: 41 y: 64
#5 x: 57 y: 76
#6 x: 40 y: 60
genomestart 9
trait 1 1.000000 0.000000 0.000000 0.000000 0.000000 0.000000 0.000000 0.000000 trait 2 2.000000 0.000000 0.000000 0.000000 0.000000 0.000000 0.000000 0.000000 trait 3 3.000000 0.000000 0.000000 0.000000 0.000000 0.000000 0.000000 0.000000 trait 4 4.000000 0.000000 0.000000 0.000000 0.000000 0.000000 0.000000 0.000000 node 1 3 1 3
node 2 3 1 1
node 3 4 1 1
node 4 3 1 1
node 5 1 1 1
node 6 3 1 1
node 7 3 1 1
node 8 1 1 1
node 9 2 1 1
node 10 4 1 1
node 11 1 1 1
node 12 1 1 1
node 13 4 0 2
node 14 4 0 2
node 15 4 0 2
node 47 1 0 0
node 71 1 0 0
node 123 1 0 0
node 143 1 0 0
node 168 1 0 0
gene 3 1 13 296631 0 1 296631 1
gene 2 2 13 -17169 0 2 -17169 1
gene 1 3 13 -165875 0 3 -165875 1
gene 3 4 13 -228248 0 4 -228248 1
gene 3 5 13 -115725 0 5 -115725 1
gene 2 6 13 -31140 0 6 -31140 1
gene 3 7 13 -189964 0 7 -189964 0
gene 1 8 13 -1545 0 8 -1545 1
gene 1 9 13 -40092 0 9 -40092 1
gene 1 10 13 176305 0 10 176305 1
gene 3 11 13 -317680 0 11 -317680 1
gene 2 12 13 47122 0 12 47122 1
gene 4 1 14 175636 0 13 175636 1
gene 4 2 14 -4001 0 14 -4001 1
gene 4 3 14 19193 0 15 19193 0
gene 1 4 14 189930 0 16 189930 1
gene 1 5 14 -115645 0 17 -115645 1
gene 2 6 14 -218233 0 18 -218233 1
gene 2 7 14 -217135 0 19 -217135 1
gene 2 8 14 -211940 0 20 -211940 1
gene 1 9 14 103299 0 21 103299 1
gene 1 10 14 -22325 0 22 -22325 1
gene 3 11 14 131047 0 23 131047 1
gene 1 12 14 -87593 0 24 -87593 1
gene 4 1 15 171122 0 25 171122 1
gene 4 2 15 86132 0 26 86132 1
gene 1 3 15 113058 0 27 113058 1
gene 3 4 15 -102018 0 28 -102018 1
gene 4 5 15 -45705 0 29 -45705 1
gene 2 6 15 -242927 0 30 -242927 1
gene 4 7 15 -261183 0 31 -261183 1
gene 4 8 15 132807 0 32 132807 1
gene 3 9 15 -83986 0 33 -83986 1
gene 1 10 15 -152107 0 34 -152107 1
gene 4 11 15 -118722 0 35 -118722 1
gene 4 12 15 -115725 0 36 -115725 0
gene 1 10 47 1 0 120 0 1
gene 1 47 13 176305 0 121 0 0
gene 4 12 71 1 0 176 0 1
gene 4 71 15 -115725 0 177 0 1
gene 4 12 47 2447 0 268 2447 1
gene 1 47 123 1 0 315 0 1
gene 1 123 13 176305 0 316 0 1
gene 4 3 143 1 0 370 0 1
gene 4 143 14 19193 0 371 0 1
gene 3 7 168 1 0 431 0 1
gene 3 168 13 -189964 0 432 0 1
genomeend 9


/* Organism #10 Fitness: 150.000000 Time: 0 */
/* Position #10*/
#1 x: 74 y: 18
#2 x: 42 y: 34
#3 x: 22 y: 30
#4 x: 19 y: 61
#5 x: 75 y: 70
#6 x: 33 y: 75
genomestart 10
trait 1 1.000000 0.000000 0.000000 0.000000 0.000000 0.000000 0.000000 0.000000 trait 2 2.000000 0.000000 0.000000 0.000000 0.000000 0.000000 0.000000 0.000000 trait 3 3.000000 0.000000 0.000000 0.000000 0.000000 0.000000 0.000000 0.000000 trait 4 4.000000 0.000000 0.000000 0.000000 0.000000 0.000000 0.000000 0.000000 node 1 3 1 3
node 2 3 1 1
node 3 4 1 1
node 4 3 1 1
node 5 1 1 1
node 6 3 1 1
node 7 3 1 1
node 8 1 1 1
node 9 2 1 1
node 10 4 1 1
node 11 1 1 1
node 12 1 1 1
node 13 4 0 2
node 14 4 0 2
node 15 4 0 2
node 47 1 0 0
node 71 1 0 0
node 123 1 0 0
node 143 1 0 0
node 169 1 0 0
gene 3 1 13 296631 0 1 296631 1
gene 2 2 13 -17169 0 2 -17169 1
gene 1 3 13 -165875 0 3 -165875 1
gene 3 4 13 -228248 0 4 -228248 1
gene 3 5 13 -115725 0 5 -115725 1
gene 2 6 13 -31140 0 6 -31140 1
gene 3 7 13 -189964 0 7 -189964 1
gene 1 8 13 -1545 0 8 -1545 0
gene 1 9 13 -40092 0 9 -40092 1
gene 1 10 13 176305 0 10 176305 1
gene 3 11 13 -317680 0 11 -317680 1
gene 2 12 13 47122 0 12 47122 1
gene 4 1 14 175636 0 13 175636 1
gene 4 2 14 -4001 0 14 -4001 1
gene 4 3 14 19193 0 15 19193 1
gene 1 4 14 189930 0 16 189930 1
gene 1 5 14 -115645 0 17 -115645 1
gene 2 6 14 -218233 0 18 -218233 1
gene 2 7 14 -217135 0 19 -217135 1
gene 2 8 14 -211940 0 20 -211940 1
gene 1 9 14 103299 0 21 103299 1
gene 1 10 14 -22325 0 22 -22325 1
gene 3 11 14 131047 0 23 131047 1
gene 1 12 14 -87593 0 24 -87593 1
gene 4 1 15 171122 0 25 171122 1
gene 4 2 15 86132 0 26 86132 1
gene 1 3 15 113058 0 27 113058 1
gene 3 4 15 -102018 0 28 -102018 1
gene 4 5 15 -45705 0 29 -45705 1
gene 2 6 15 -242927 0 30 -242927 1
gene 4 7 15 -261183 0 31 -261183 1
gene 4 8 15 132807 0 32 132807 1
gene 3 9 15 -83986 0 33 -83986 1
gene 1 10 15 -152107 0 34 -152107 1
gene 4 11 15 -118722 0 35 -118722 1
gene 4 12 15 -115725 0 36 -115725 0
gene 1 10 47 1 0 120 0 1
gene 1 47 13 176305 0 121 0 0
gene 4 12 71 1 0 176 0 1
gene 4 71 15 -115725 0 177 0 1
gene 4 12 47 2447 0 268 2447 1
gene 1 47 123 1 0 315 0 1
gene 1 123 13 176305 0 316 0 1
gene 4 3 143 1 0 370 0 1
gene 4 143 14 19193 0 371 0 1
gene 1 8 169 1 0 433 0 1
gene 1 169 13 -1545 0 434 0 1
genomeend 10


/* Organism #16 Fitness: 100.000000 Time: 0 */
/* Position #16*/
#1 x: 22 y: 35
#2 x: 39 y: 31
#3 x: 81 y: 38
#4 x: 26 y: 81
#5 x: 56 y: 85
#6 x: 65 y: 82
genomestart 16
trait 1 1.000000 0.000000 0.000000 0.000000 0.000000 0.000000 0.000000 0.000000 trait 2 2.000000 0.000000 0.000000 0.000000 0.000000 0.000000 0.000000 0.000000 trait 3 3.000000 0.000000 0.000000 0.000000 0.000000 0.000000 0.000000 0.000000 trait 4 4.000000 0.000000 0.000000 0.000000 0.000000 0.000000 0.000000 0.000000 node 1 4 1 3
node 2 1 1 1
node 3 3 1 1
node 4 3 1 1
node 5 2 1 1
node 6 1 1 1
node 7 2 1 1
node 8 4 1 1
node 9 4 1 1
node 10 2 1 1
node 11 3 1 1
node 12 2 1 1
node 13 3 0 2
node 14 3 0 2
node 15 1 0 2
node 57 1 0 0
node 108 1 0 0
gene 4 1 13 -38678 0 1 -38678 1
gene 2 2 13 -150950 0 2 -150950 1
gene 3 3 13 -379814 0 3 -379814 1
gene 3 4 13 127400 0 4 127400 1
gene 2 5 13 117101 0 5 117101 1
gene 1 6 13 -151802 0 6 -151802 1
gene 3 7 13 -61586 0 7 -61586 1
gene 2 8 13 -131055 0 8 -131055 1
gene 4 9 13 238085 0 9 238085 0
gene 2 10 13 134625 0 10 134625 1
gene 2 11 13 -82241 0 11 -82241 0
gene 1 12 13 84071 0 12 84071 1
gene 4 1 14 2271 0 13 2271 1
gene 3 2 14 -106610 0 14 -106610 1
gene 4 3 14 -292595 0 15 -292595 1
gene 4 4 14 -36372 0 16 -36372 1
gene 3 5 14 343044 0 17 343044 1
gene 3 6 14 -279485 0 18 -279485 1
gene 1 7 14 120184 0 19 120184 1
gene 1 8 14 -283904 0 20 -283904 1
gene 4 9 14 -148283 0 21 -148283 1
gene 4 10 14 -287322 0 22 -287322 1
gene 3 11 14 -193056 0 23 -193056 1
gene 1 12 14 -147647 0 24 -147647 1
gene 1 1 15 -173693 0 25 -173693 1
gene 2 2 15 42230 0 26 42230 1
gene 3 3 15 9512 0 27 9512 1
gene 3 4 15 96073 0 28 96073 1
gene 1 5 15 96611 0 29 96611 1
gene 1 6 15 -44457 0 30 -44457 1
gene 3 7 15 -62287 0 31 -62287 1
gene 3 8 15 -170117 0 32 -170117 0
gene 2 9 15 83983 0 33 83983 1
gene 1 10 15 -237555 0 34 -237555 1
gene 4 11 15 10068 0 35 10068 1
gene 2 12 15 -284781 0 36 -284781 1
gene 2 11 57 1 0 144 1 1
gene 2 57 13 -26225 0 145 -26225 1
gene 4 15 13 53925 0 222 53925 1
gene 4 9 108 -75446 0 280 -75446 1
gene 4 108 13 -57681 0 281 -57681 1
genomeend 16


/* Organism #18 Fitness: 110.000000 Time: 0 */
/* Position #18*/
#1 x: 22 y: 31
#2 x: 81 y: 37
#3 x: 41 y: 28
#4 x: 27 y: 69
#5 x: 29 y: 76
#6 x: 21 y: 68
genomestart 18
trait 1 1.000000 0.000000 0.000000 0.000000 0.000000 0.000000 0.000000 0.000000 trait 2 2.000000 0.000000 0.000000 0.000000 0.000000 0.000000 0.000000 0.000000 trait 3 3.000000 0.000000 0.000000 0.000000 0.000000 0.000000 0.000000 0.000000 trait 4 4.000000 0.000000 0.000000 0.000000 0.000000 0.000000 0.000000 0.000000 node 1 4 1 3
node 2 1 1 1
node 3 3 1 1
node 4 3 1 1
node 5 2 1 1
node 6 1 1 1
node 7 2 1 1
node 8 4 1 1
node 9 4 1 1
node 10 2 1 1
node 11 3 1 1
node 12 2 1 1
node 13 3 0 2
node 14 3 0 2
node 15 1 0 2
node 57 1 0 0
node 108 1 0 0
gene 4 1 13 -69452 0 1 -69452 1
gene 2 2 13 3466 0 2 3466 1
gene 3 3 13 -98714 0 3 -98714 1
gene 3 4 13 -49561 0 4 -49561 1
gene 2 5 13 -26035 0 5 -26035 1
gene 1 6 13 64933 0 6 64933 1
gene 3 7 13 -3539 0 7 -3539 1
gene 2 8 13 4611 0 8 4611 1
gene 4 9 13 94355 0 9 94355 0
gene 2 10 13 -83550 0 10 -83550 1
gene 2 11 13 -26225 0 11 -26225 0
gene 1 12 13 15938 0 12 15938 1
gene 4 1 14 -51093 0 13 -51093 1
gene 3 2 14 45634 0 14 45634 1
gene 4 3 14 -20372 0 15 -20372 1
gene 4 4 14 -88791 0 16 -88791 1
gene 3 5 14 98949 0 17 98949 1
gene 3 6 14 -24143 0 18 -24143 1
gene 1 7 14 29719 0 19 29719 1
gene 1 8 14 -28703 0 20 -28703 1
gene 4 9 14 37606 0 21 37606 1
gene 4 10 14 -63855 0 22 -63855 1
gene 3 11 14 -12879 0 23 -12879 1
gene 1 12 14 46099 0 24 46099 1
gene 1 1 15 28492 0 25 28492 1
gene 2 2 15 73904 0 26 73904 1
gene 3 3 15 31202 0 27 31202 1
gene 3 4 15 78550 0 28 78550 1
gene 1 5 15 -74854 0 29 -74854 1
gene 1 6 15 -66318 0 30 -66318 1
gene 3 7 15 65699 0 31 65699 1
gene 3 8 15 -41834 0 32 -41834 0
gene 2 9 15 2665 0 33 2665 1
gene 1 10 15 -84486 0 34 -84486 1
gene 4 11 15 10068 0 35 10068 1
gene 2 12 15 34050 0 36 34050 1
gene 2 11 57 1 0 144 0 1
gene 2 57 13 -26225 0 145 0 1
gene 4 15 13 53925 0 222 53925 1
gene 4 9 108 1 0 280 0 1
gene 4 108 13 94355 0 281 0 1
genomeend 18


/* Organism #46 Fitness: 100.000000 Time: 0 */
/* Position #46*/
#1 x: 78 y: 22
#2 x: 20 y: 39
#3 x: 51 y: 36
#4 x: 66 y: 79
#5 x: 70 y: 70
#6 x: 85 y: 76
genomestart 46
trait 1 1.000000 0.000000 0.000000 0.000000 0.000000 0.000000 0.000000 0.000000 trait 2 2.000000 0.000000 0.000000 0.000000 0.000000 0.000000 0.000000 0.000000 trait 3 3.000000 0.000000 0.000000 0.000000 0.000000 0.000000 0.000000 0.000000 trait 4 4.000000 0.000000 0.000000 0.000000 0.000000 0.000000 0.000000 0.000000 node 1 1 1 3
node 2 1 1 1
node 3 3 1 1
node 4 1 1 1
node 5 3 1 1
node 6 2 1 1
node 7 4 1 1
node 8 1 1 1
node 9 3 1 1
node 10 2 1 1
node 11 4 1 1
node 12 1 1 1
node 13 4 0 2
node 14 3 0 2
node 15 4 0 2
node 28 1 0 0
node 68 1 0 0
node 82 1 0 0
node 114 1 0 0
gene 4 1 13 288558 0 1 288558 1
gene 1 2 13 -112522 0 2 -112522 1
gene 1 3 13 -178849 0 3 -178849 1
gene 1 4 13 311223 0 4 311223 1
gene 4 5 13 -190019 0 5 -190019 1
gene 4 6 13 -43476 0 6 -43476 0
gene 2 7 13 210405 0 7 210405 1
gene 3 8 13 -10176 0 8 -10176 1
gene 3 9 13 -50924 0 9 -50924 1
gene 4 10 13 -218376 0 10 -218376 1
gene 3 11 13 141127 0 11 141127 1
gene 4 12 13 76969 0 12 76969 1
gene 3 1 14 63902 0 13 63902 1
gene 3 2 14 109668 0 14 109668 1
gene 3 3 14 -418902 0 15 -418902 1
gene 1 4 14 293763 0 16 293763 1
gene 3 5 14 267484 0 17 267484 1
gene 1 6 14 387519 0 18 387519 1
gene 1 7 14 -178329 0 19 -178329 1
gene 4 8 14 144736 0 20 144736 1
gene 2 9 14 156726 0 21 156726 1
gene 4 10 14 -261102 0 22 -261102 1
gene 3 11 14 200265 0 23 200265 1
gene 4 12 14 291360 0 24 291360 1
gene 2 1 15 -352171 0 25 -352171 1
gene 2 2 15 -42228 0 26 -42228 1
gene 3 3 15 -276552 0 27 -276552 0
gene 3 4 15 261099 0 28 261099 1
gene 4 5 15 -254343 0 29 -254343 1
gene 3 6 15 72497 0 30 72497 1
gene 2 7 15 104049 0 31 104049 0
gene 3 8 15 -94669 0 32 -94669 1
gene 4 9 15 402483 0 33 402483 1
gene 2 10 15 -195162 0 34 -195162 1
gene 3 11 15 -24907 0 35 -24907 1
gene 1 12 15 -108055 0 36 -108055 0
gene 1 12 28 -211521 0 65 -211521 1
gene 1 28 15 302618 0 66 302618 1
gene 3 4 68 -210236 0 169 -210236 1
gene 3 68 15 353124 0 170 353124 1
gene 4 6 82 -168644 0 209 -168644 1
gene 4 82 13 -270915 0 210 -270915 1
gene 3 3 114 -71195 0 293 -71195 1
gene 3 114 15 -46356 0 294 -46356 1
gene 3 13 15 -38872 0 466 -38872 1
genomeend 46


/* Organism #48 Fitness: 130.000000 Time: 0 */
/* Position #48*/
#1 x: 32 y: 26
#2 x: 56 y: 26
#3 x: 19 y: 32
#4 x: 68 y: 71
#5 x: 27 y: 75
#6 x: 25 y: 70
genomestart 48
trait 1 1.000000 0.000000 0.000000 0.000000 0.000000 0.000000 0.000000 0.000000 trait 2 2.000000 0.000000 0.000000 0.000000 0.000000 0.000000 0.000000 0.000000 trait 3 3.000000 0.000000 0.000000 0.000000 0.000000 0.000000 0.000000 0.000000 trait 4 4.000000 0.000000 0.000000 0.000000 0.000000 0.000000 0.000000 0.000000 node 1 1 1 3
node 2 1 1 1
node 3 3 1 1
node 4 1 1 1
node 5 3 1 1
node 6 2 1 1
node 7 4 1 1
node 8 1 1 1
node 9 3 1 1
node 10 2 1 1
node 11 4 1 1
node 12 1 1 1
node 13 4 0 2
node 14 3 0 2
node 15 4 0 2
node 28 1 0 0
node 68 1 0 0
node 82 1 0 0
node 114 1 0 0
node 180 1 0 0
gene 4 1 13 288558 0 1 288558 1
gene 1 2 13 -112522 0 2 -112522 1
gene 1 3 13 -178849 0 3 -178849 1
gene 1 4 13 311223 0 4 311223 1
gene 4 5 13 -190019 0 5 -190019 1
gene 4 6 13 -43476 0 6 -43476 0
gene 2 7 13 210405 0 7 210405 1
gene 3 8 13 -10176 0 8 -10176 1
gene 3 9 13 -50924 0 9 -50924 1
gene 4 10 13 -218376 0 10 -218376 1
gene 3 11 13 141127 0 11 141127 1
gene 4 12 13 76969 0 12 76969 1
gene 3 1 14 63902 0 13 63902 1
gene 3 2 14 109668 0 14 109668 0
gene 3 3 14 -418902 0 15 -418902 1
gene 1 4 14 293763 0 16 293763 1
gene 3 5 14 267484 0 17 267484 1
gene 1 6 14 387519 0 18 387519 1
gene 1 7 14 -178329 0 19 -178329 1
gene 4 8 14 144736 0 20 144736 1
gene 2 9 14 156726 0 21 156726 1
gene 4 10 14 -261102 0 22 -261102 1
gene 3 11 14 200265 0 23 200265 1
gene 4 12 14 291360 0 24 291360 1
gene 2 1 15 -352171 0 25 -352171 1
gene 2 2 15 -42228 0 26 -42228 1
gene 3 3 15 -276552 0 27 -276552 0
gene 3 4 15 261099 0 28 261099 1
gene 4 5 15 -254343 0 29 -254343 1
gene 3 6 15 72497 0 30 72497 1
gene 2 7 15 104049 0 31 104049 0
gene 3 8 15 -94669 0 32 -94669 1
gene 4 9 15 402483 0 33 402483 1
gene 2 10 15 -195162 0 34 -195162 1
gene 3 11 15 -24907 0 35 -24907 1
gene 1 12 15 -108055 0 36 -108055 0
gene 1 12 28 -211521 0 65 -211521 1
gene 1 28 15 302618 0 66 302618 1
gene 3 4 68 -210236 0 169 -210236 1
gene 3 68 15 353124 0 170 353124 1
gene 4 6 82 -168644 0 209 -168644 1
gene 4 82 13 -270915 0 210 -270915 1
gene 3 3 114 -71195 0 293 -71195 1
gene 3 114 15 -46356 0 294 -46356 1
gene 3 2 180 1 0 469 0 1
gene 3 180 14 109668 0 470 0 1
genomeend 48


/* Organism #58 Fitness: 240.000000 Time: 0 */
/* Position #58*/
#1 x: 34 y: 36
#2 x: 16 y: 23
#3 x: 83 y: 28
#4 x: 48 y: 85
#5 x: 84 y: 63
#6 x: 78 y: 69
genomestart 58
trait 1 1.000000 0.000000 0.000000 0.000000 0.000000 0.000000 0.000000 0.000000 trait 2 2.000000 0.000000 0.000000 0.000000 0.000000 0.000000 0.000000 0.000000 trait 3 3.000000 0.000000 0.000000 0.000000 0.000000 0.000000 0.000000 0.000000 trait 4 4.000000 0.000000 0.000000 0.000000 0.000000 0.000000 0.000000 0.000000 node 1 1 1 3
node 2 1 1 1
node 3 3 1 1
node 4 1 1 1
node 5 3 1 1
node 6 2 1 1
node 7 4 1 1
node 8 1 1 1
node 9 3 1 1
node 10 2 1 1
node 11 4 1 1
node 12 1 1 1
node 13 4 0 2
node 14 3 0 2
node 15 4 0 2
node 28 1 0 0
node 68 1 0 0
node 82 1 0 0
node 114 1 0 0
gene 4 1 13 570960 0 1 570960 1
gene 1 2 13 -45700 0 2 -45700 1
gene 1 3 13 -249487 0 3 -249487 1
gene 1 4 13 439968 0 4 439968 1
gene 4 5 13 -483920 0 5 -483920 1
gene 4 6 13 -87051 0 6 -87051 0
gene 2 7 13 341055 0 7 341055 1
gene 3 8 13 444 0 8 444 1
gene 3 9 13 124819 0 9 124819 1
gene 4 10 13 -211785 0 10 -211785 1
gene 3 11 13 109207 0 11 109207 1
gene 4 12 13 202246 0 12 202246 1
gene 3 1 14 99488 0 13 99488 1
gene 3 2 14 96618 0 14 96618 1
gene 3 3 14 -503685 0 15 -503685 1
gene 1 4 14 538599 0 16 538599 1
gene 3 5 14 514771 0 17 514771 1
gene 1 6 14 96909 0 18 96909 1
gene 1 7 14 -343140 0 19 -343140 1
gene 4 8 14 115399 0 20 115399 1
gene 2 9 14 173355 0 21 173355 1
gene 4 10 14 -57630 0 22 -57630 1
gene 3 11 14 153246 0 23 153246 1
gene 4 12 14 237840 0 24 237840 1
gene 2 1 15 -343597 0 25 -343597 1
gene 2 2 15 -139599 0 26 -139599 1
gene 3 3 15 -4671 0 27 -4671 0
gene 3 4 15 444258 0 28 444258 1
gene 4 5 15 -100956 0 29 -100956 1
gene 3 6 15 103655 0 30 103655 1
gene 2 7 15 392238 0 31 392238 0
gene 3 8 15 198914 0 32 198914 1
gene 4 9 15 162354 0 33 162354 1
gene 2 10 15 -322935 0 34 -322935 1
gene 3 11 15 190136 0 35 190136 1
gene 1 12 15 -348676 0 36 -348676 0
gene 1 12 28 -211521 0 65 -211521 1
gene 1 28 15 416543 0 66 416543 1
gene 3 4 68 -183272 0 169 -183272 1
gene 3 68 15 452268 0 170 452268 1
gene 4 6 82 126145 0 209 126145 1
gene 4 82 13 -270915 0 210 -270915 1
gene 3 3 114 -214427 0 293 -214427 1
gene 3 114 15 184176 0 294 184176 1
genomeend 58


/* Organism #60 Fitness: 220.000000 Time: 0 */
/* Position #60*/
#1 x: 79 y: 22
#2 x: 48 y: 34
#3 x: 54 y: 36
#4 x: 79 y: 76
#5 x: 54 y: 82
#6 x: 48 y: 75
genomestart 60
trait 1 1.000000 0.000000 0.000000 0.000000 0.000000 0.000000 0.000000 0.000000 trait 2 2.000000 0.000000 0.000000 0.000000 0.000000 0.000000 0.000000 0.000000 trait 3 3.000000 0.000000 0.000000 0.000000 0.000000 0.000000 0.000000 0.000000 trait 4 4.000000 0.000000 0.000000 0.000000 0.000000 0.000000 0.000000 0.000000 node 1 1 1 3
node 2 1 1 1
node 3 3 1 1
node 4 1 1 1
node 5 3 1 1
node 6 2 1 1
node 7 4 1 1
node 8 1 1 1
node 9 3 1 1
node 10 2 1 1
node 11 4 1 1
node 12 1 1 1
node 13 4 0 2
node 14 3 0 2
node 15 4 0 2
node 28 1 0 0
node 68 1 0 0
node 82 1 0 0
node 114 1 0 0
node 186 1 0 0
gene 4 1 13 288558 0 1 288558 1
gene 1 2 13 -112522 0 2 -112522 1
gene 1 3 13 -178849 0 3 -178849 1
gene 1 4 13 311223 0 4 311223 1
gene 4 5 13 -190019 0 5 -190019 1
gene 4 6 13 -43476 0 6 -43476 0
gene 2 7 13 210405 0 7 210405 1
gene 3 8 13 -10176 0 8 -10176 1
gene 3 9 13 -50924 0 9 -50924 1
gene 4 10 13 -218376 0 10 -218376 1
gene 3 11 13 141127 0 11 141127 0
gene 4 12 13 76969 0 12 76969 1
gene 3 1 14 63902 0 13 63902 1
gene 3 2 14 109668 0 14 109668 1
gene 3 3 14 -418902 0 15 -418902 1
gene 1 4 14 293763 0 16 293763 1
gene 3 5 14 267484 0 17 267484 1
gene 1 6 14 387519 0 18 387519 1
gene 1 7 14 -178329 0 19 -178329 1
gene 4 8 14 144736 0 20 144736 1
gene 2 9 14 156726 0 21 156726 1
gene 4 10 14 -261102 0 22 -261102 1
gene 3 11 14 200265 0 23 200265 1
gene 4 12 14 291360 0 24 291360 1
gene 2 1 15 -352171 0 25 -352171 1
gene 2 2 15 -42228 0 26 -42228 1
gene 3 3 15 -276552 0 27 -276552 0
gene 3 4 15 261099 0 28 261099 1
gene 4 5 15 -254343 0 29 -254343 1
gene 3 6 15 72497 0 30 72497 1
gene 2 7 15 104049 0 31 104049 0
gene 3 8 15 -94669 0 32 -94669 1
gene 4 9 15 402483 0 33 402483 1
gene 2 10 15 -195162 0 34 -195162 1
gene 3 11 15 -24907 0 35 -24907 1
gene 1 12 15 -108055 0 36 -108055 0
gene 1 12 28 -211521 0 65 -211521 1
gene 1 28 15 302618 0 66 302618 1
gene 3 4 68 -210236 0 169 -210236 1
gene 3 68 15 353124 0 170 353124 1
gene 4 6 82 -168644 0 209 -168644 1
gene 4 82 13 -270915 0 210 -270915 1
gene 3 3 114 -71195 0 293 -71195 1
gene 3 114 15 -46356 0 294 -46356 1
gene 3 11 186 1 0 482 0 1
gene 3 186 13 141127 0 483 0 1
genomeend 60


/* Organism #63 Fitness: 170.000000 Time: 0 */
/* Position #63*/
#1 x: 42 y: 17
#2 x: 50 y: 28
#3 x: 54 y: 37
#4 x: 16 y: 84
#5 x: 48 y: 78
#6 x: 22 y: 78
genomestart 63
trait 1 1.000000 0.000000 0.000000 0.000000 0.000000 0.000000 0.000000 0.000000 trait 2 2.000000 0.000000 0.000000 0.000000 0.000000 0.000000 0.000000 0.000000 trait 3 3.000000 0.000000 0.000000 0.000000 0.000000 0.000000 0.000000 0.000000 trait 4 4.000000 0.000000 0.000000 0.000000 0.000000 0.000000 0.000000 0.000000 node 1 1 1 3
node 2 1 1 1
node 3 3 1 1
node 4 1 1 1
node 5 3 1 1
node 6 2 1 1
node 7 4 1 1
node 8 1 1 1
node 9 3 1 1
node 10 2 1 1
node 11 4 1 1
node 12 1 1 1
node 13 4 0 2
node 14 3 0 2
node 15 4 0 2
node 28 1 0 0
node 68 1 0 0
node 82 1 0 0
node 114 1 0 0
node 173 1 0 0
gene 4 1 13 288558 0 1 288558 1
gene 1 2 13 -112522 0 2 -112522 1
gene 1 3 13 -178849 0 3 -178849 1
gene 1 4 13 311223 0 4 311223 1
gene 4 5 13 -190019 0 5 -190019 1
gene 4 6 13 -43476 0 6 -43476 0
gene 2 7 13 210405 0 7 210405 1
gene 3 8 13 -10176 0 8 -10176 1
gene 3 9 13 -50924 0 9 -50924 1
gene 4 10 13 -218376 0 10 -218376 0
gene 3 11 13 141127 0 11 141127 1
gene 4 12 13 76969 0 12 76969 1
gene 3 1 14 63902 0 13 63902 1
gene 3 2 14 109668 0 14 109668 1
gene 3 3 14 -418902 0 15 -418902 1
gene 1 4 14 293763 0 16 293763 1
gene 3 5 14 267484 0 17 267484 1
gene 1 6 14 387519 0 18 387519 1
gene 1 7 14 -178329 0 19 -178329 1
gene 4 8 14 144736 0 20 144736 1
gene 2 9 14 156726 0 21 156726 1
gene 4 10 14 -261102 0 22 -261102 1
gene 3 11 14 200265 0 23 200265 1
gene 4 12 14 291360 0 24 291360 1
gene 2 1 15 -352171 0 25 -352171 1
gene 2 2 15 -42228 0 26 -42228 1
gene 3 3 15 -276552 0 27 -276552 0
gene 3 4 15 261099 0 28 261099 1
gene 4 5 15 -254343 0 29 -254343 1
gene 3 6 15 72497 0 30 72497 1
gene 2 7 15 104049 0 31 104049 0
gene 3 8 15 -94669 0 32 -94669 1
gene 4 9 15 402483 0 33 402483 1
gene 2 10 15 -195162 0 34 -195162 1
gene 3 11 15 -24907 0 35 -24907 1
gene 1 12 15 -108055 0 36 -108055 0
gene 1 12 28 -211521 0 65 -211521 1
gene 1 28 15 302618 0 66 302618 1
gene 3 4 68 -210236 0 169 -210236 1
gene 3 68 15 353124 0 170 353124 1
gene 4 6 82 -168644 0 209 -168644 1
gene 4 82 13 -270915 0 210 -270915 1
gene 3 3 114 -71195 0 293 -71195 1
gene 3 114 15 -46356 0 294 -46356 1
gene 4 10 173 1 0 442 0 1
gene 4 173 13 -218376 0 443 0 1
genomeend 63


/* Organism #74 Fitness: 150.000000 Time: 0 */
/* Position #74*/
#1 x: 80 y: 40
#2 x: 83 y: 38
#3 x: 31 y: 31
#4 x: 21 y: 73
#5 x: 45 y: 62
#6 x: 78 y: 72
genomestart 74
trait 1 1.000000 0.000000 0.000000 0.000000 0.000000 0.000000 0.000000 0.000000 trait 2 2.000000 0.000000 0.000000 0.000000 0.000000 0.000000 0.000000 0.000000 trait 3 3.000000 0.000000 0.000000 0.000000 0.000000 0.000000 0.000000 0.000000 trait 4 4.000000 0.000000 0.000000 0.000000 0.000000 0.000000 0.000000 0.000000 node 1 1 1 3
node 2 1 1 1
node 3 3 1 1
node 4 1 1 1
node 5 3 1 1
node 6 2 1 1
node 7 4 1 1
node 8 1 1 1
node 9 3 1 1
node 10 2 1 1
node 11 4 1 1
node 12 1 1 1
node 13 4 0 2
node 14 3 0 2
node 15 4 0 2
node 28 1 0 0
node 68 1 0 0
node 86 1 0 0
gene 4 1 13 251217 0 1 251217 1
gene 1 2 13 -47293 0 2 -47293 1
gene 1 3 13 49682 0 3 49682 1
gene 1 4 13 -151041 0 4 -151041 1
gene 4 5 13 171631 0 5 171631 1
gene 4 6 13 1974 0 6 1974 1
gene 2 7 13 178950 0 7 178950 1
gene 3 8 13 -135954 0 8 -135954 1
gene 3 9 13 83131 0 9 83131 1
gene 4 10 13 182916 0 10 182916 1
gene 3 11 13 -141827 0 11 -141827 1
gene 4 12 13 302281 0 12 302281 1
gene 3 1 14 -134512 0 13 -134512 1
gene 3 2 14 43158 0 14 43158 1
gene 3 3 14 -32490 0 15 -32490 1
gene 1 4 14 -160467 0 16 -160467 1
gene 3 5 14 218626 0 17 218626 1
gene 1 6 14 349686 0 18 349686 1
gene 1 7 14 134604 0 19 134604 1
gene 4 8 14 157726 0 20 157726 1
gene 2 9 14 164000 0 21 164000 1
gene 4 10 14 89652 0 22 89652 1
gene 3 11 14 293508 0 23 293508 1
gene 4 12 14 13068 0 24 13068 1
gene 2 1 15 -154237 0 25 -154237 1
gene 2 2 15 -233925 0 26 -233925 1
gene 3 3 15 157710 0 27 157710 1
gene 3 4 15 159699 0 28 159699 0
gene 4 5 15 84773 0 29 84773 1
gene 3 6 15 -201931 0 30 -201931 1
gene 2 7 15 302790 0 31 302790 0
gene 3 8 15 153203 0 32 153203 1
gene 4 9 15 299757 0 33 299757 1
gene 2 10 15 45612 0 34 45612 1
gene 3 11 15 49319 0 35 49319 1
gene 1 12 15 45578 0 36 45578 0
gene 1 12 28 -92658 0 65 -92658 1
gene 1 28 15 33155 0 66 33155 1
gene 3 4 68 145500 0 169 145500 1
gene 3 68 15 -19851 0 170 -19851 1
gene 2 7 86 13060 0 218 13060 1
gene 2 86 15 493605 0 219 493605 1
gene 2 86 14 21137 0 311 21137 1
gene 3 11 86 -12405 0 398 -12405 1
genomeend 74


