/* Organism #8 Fitness: 300.000000 Time: 0 */
/* Position #8*/
#1 x: 65 y: 31
#2 x: 51 y: 24
#3 x: 29 y: 34
#4 x: 58 y: 67
#5 x: 20 y: 69
#6 x: 63 y: 79
genomestart 8
trait 1 1.000000 0.000000 0.000000 0.000000 0.000000 0.000000 0.000000 0.000000 trait 2 2.000000 0.000000 0.000000 0.000000 0.000000 0.000000 0.000000 0.000000 trait 3 3.000000 0.000000 0.000000 0.000000 0.000000 0.000000 0.000000 0.000000 trait 4 73910.000000 58593.000000 0.000000 0.000000 0.000000 0.000000 0.000000 0.000000 node 1 4 1 3
node 2 2 1 1
node 3 4 1 1
node 4 2 1 1
node 5 4 1 1
node 6 3 1 1
node 7 2 1 1
node 8 1 1 1
node 9 4 1 1
node 10 1 1 1
node 11 1 1 1
node 12 4 1 1
node 13 3 0 2
node 14 1 0 2
node 15 4 0 2
node 71 1 0 0
node 289 1 0 0
node 317 1 0 0
node 368 1 0 0
node 381 3 0 0
node 394 1 0 0
node 405 1 0 0
node 439 2 0 0
node 665 1 0 0
node 706 1 0 0
node 739 1 0 0
node 804 1 0 0
node 984 1 0 0
node 1001 1 0 0
gene 4 1 13 -650508 0 1 -650508 1
gene 3 2 13 235008 0 2 235008 1
gene 2 3 13 -118446 0 3 -118446 1
gene 4 4 13 23844 0 4 23844 1
gene 2 5 13 -569322 0 5 -569322 1
gene 3 6 13 370401 0 6 370401 1
gene 1 7 13 -212967 0 7 -212967 1
gene 1 8 13 -122985 0 8 -122985 1
gene 1 9 13 -212445 0 9 -212445 1
gene 2 10 13 -775752 0 10 -775752 0
gene 3 11 13 -328173 0 11 -328173 1
gene 3 12 13 -6597 0 12 -6597 1
gene 1 1 14 -26007 0 13 -26007 1
gene 1 2 14 220695 0 14 220695 0
gene 3 3 14 -691023 0 15 -691023 0
gene 1 4 14 -315657 0 16 -315657 1
gene 1 5 14 -160233 0 17 -160233 1
gene 1 6 14 -70578 0 18 -70578 1
gene 1 7 14 191031 0 19 191031 1
gene 2 8 14 246408 0 20 246408 1
gene 2 9 14 176163 0 21 176163 1
gene 1 10 14 451467 0 22 451467 1
gene 3 11 14 -403614 0 23 -403614 0
gene 2 12 14 -550341 0 24 -550341 1
gene 3 1 15 -606611 0 25 -606611 1
gene 2 2 15 -558501 0 26 -558501 1
gene 4 3 15 419226 0 27 419226 0
gene 2 4 15 178401 0 28 178401 1
gene 2 5 15 -179967 0 29 -179967 1
gene 1 6 15 -130452 0 30 -130452 1
gene 4 7 15 -585914 0 31 -585914 0
gene 2 8 15 -114297 0 32 -114297 0
gene 2 9 15 -591579 0 33 -591579 1
gene 1 10 15 182646 0 34 182646 1
gene 3 11 15 -623153 0 35 -623153 1
gene 1 12 15 -332856 0 36 -332856 1
gene 4 3 71 209547 0 201 209547 0
gene 3 71 14 231036 0 202 231036 1
gene 1 13 13 -472194 1 248 -472194 1
gene 2 13 15 58062 0 413 58062 1
gene 4 10 71 -384426 0 454 -384426 1
gene 1 7 71 -395289 0 542 -395289 1
gene 4 8 71 325350 0 717 325350 1
gene 4 71 71 62379 1 769 62379 1
gene 4 3 289 199008 0 858 199008 0
gene 4 289 15 -611346 0 859 -611346 1
gene 3 289 14 800000 0 897 800000 1
gene 4 3 317 488571 0 942 488571 1
gene 4 317 289 -4674 0 943 -4674 1
gene 2 8 368 -613476 0 1081 -613476 1
gene 2 368 15 579824 0 1082 579824 1
gene 1 2 381 -8415 0 1117 -8415 1
gene 1 381 14 127806 0 1118 127806 1
gene 4 3 394 -254244 0 1159 -254244 0
gene 4 394 71 -412479 0 1160 -412479 1
gene 3 11 405 570855 0 1197 570855 0
gene 3 405 14 -240840 0 1198 -240840 1
gene 4 14 405 -159951 1 1256 -159951 0
gene 4 3 439 -56322 0 1305 -56322 1
gene 4 439 394 88629 0 1306 88629 1
gene 4 14 381 -290307 1 1807 -290307 0
gene 4 6 381 4605 0 1838 4605 0
gene 4 6 665 -440727 0 2003 -440727 1
gene 4 665 381 342150 0 2004 342150 1
gene 4 14 706 304293 1 2128 304293 1
gene 4 706 381 -59568 0 2129 -59568 1
gene 1 12 289 10689 0 2180 10689 1
gene 2 10 739 324432 0 2229 324432 1
gene 2 739 13 -230223 0 2230 -230223 1
gene 4 405 381 -148191 0 2321 -148191 1
gene 3 665 665 148371 1 2364 148371 1
gene 4 14 804 -471107 1 2425 -471107 1
gene 4 804 405 -310392 0 2426 -310392 1
gene 3 3 706 -101445 0 2537 -101445 1
gene 4 7 984 1 0 2961 0 1
gene 4 984 15 -585914 0 2962 0 1
gene 3 11 1001 1 0 3007 0 1
gene 3 1001 405 570855 0 3008 0 1
gene 2 10 804 42109 0 3059 42109 1
gene 4 71 665 759 0 3104 759 1
gene 3 2 394 -42186 0 3159 -42186 1
gene 2 6 368 -25614 0 3207 -25614 1
genomeend 8


/* Organism #12 Fitness: 300.000000 Time: 0 */
/* Position #12*/
#1 x: 76 y: 26
#2 x: 43 y: 38
#3 x: 19 y: 38
#4 x: 56 y: 61
#5 x: 53 y: 65
#6 x: 60 y: 81
genomestart 12
trait 1 16780.000000 0.000000 0.000000 88582.000000 88737.000000 0.000000 0.000000 32087.000000 trait 2 2.000000 0.000000 0.000000 0.000000 0.000000 0.000000 0.000000 0.000000 trait 3 3.000000 0.000000 0.000000 0.000000 0.000000 0.000000 0.000000 0.000000 trait 4 0.000000 57040.000000 0.000000 57778.000000 13389.000000 0.000000 0.000000 0.000000 node 1 4 1 3
node 2 2 1 1
node 3 4 1 1
node 4 2 1 1
node 5 4 1 1
node 6 3 1 1
node 7 2 1 1
node 8 2 1 1
node 9 4 1 1
node 10 1 1 1
node 11 1 1 1
node 12 4 1 1
node 13 3 0 2
node 14 1 0 2
node 15 4 0 2
node 95 1 0 0
node 283 1 0 0
node 296 1 0 0
node 505 1 0 0
node 523 4 0 0
node 536 1 0 0
node 629 1 0 0
node 659 1 0 0
node 673 1 0 0
node 683 1 0 0
node 722 1 0 0
node 824 1 0 0
node 866 1 0 0
node 923 1 0 0
node 1010 1 0 0
node 1027 1 0 0
node 1057 1 0 0
gene 4 1 13 -235932 0 1 -235932 1
gene 4 2 13 -456603 0 2 -456603 1
gene 4 3 13 -679490 0 3 -679490 1
gene 1 4 13 -344025 0 4 -344025 1
gene 1 5 13 215919 0 5 215919 1
gene 4 6 13 -81291 0 6 -81291 0
gene 1 7 13 201495 0 7 201495 1
gene 3 8 13 -8118 0 8 -8118 0
gene 2 9 13 68883 0 9 68883 0
gene 2 10 13 281227 0 10 281227 0
gene 1 11 13 404484 0 11 404484 1
gene 4 12 13 242367 0 12 242367 1
gene 1 1 14 -292533 0 13 -292533 1
gene 1 2 14 253089 0 14 253089 1
gene 3 3 14 -800000 0 15 -800000 1
gene 4 4 14 -439170 0 16 -439170 1
gene 4 5 14 392403 0 17 392403 1
gene 1 6 14 -654099 0 18 -654099 1
gene 1 7 14 -436287 0 19 -436287 1
gene 2 8 14 88581 0 20 88581 1
gene 3 9 14 144036 0 21 144036 0
gene 1 10 14 30456 0 22 30456 0
gene 1 11 14 134127 0 23 134127 1
gene 4 12 14 55449 0 24 55449 0
gene 1 1 15 297708 0 25 297708 1
gene 2 2 15 -239517 0 26 -239517 1
gene 2 3 15 -133149 0 27 -133149 0
gene 3 4 15 595779 0 28 595779 1
gene 3 5 15 470910 0 29 470910 0
gene 1 6 15 -138954 0 30 -138954 1
gene 4 7 15 -16503 0 31 -16503 1
gene 2 8 15 -175377 0 32 -175377 1
gene 3 9 15 778679 0 33 778679 0
gene 1 10 15 -240357 0 34 -240357 1
gene 3 11 15 169301 0 35 169301 0
gene 1 12 15 277494 0 36 277494 1
gene 4 15 14 16803 0 73 16803 1
gene 3 11 95 533091 0 260 533091 1
gene 3 95 15 277764 0 261 277764 1
gene 3 15 13 472410 0 599 472410 1
gene 2 13 14 -713196 0 640 -713196 0
gene 4 3 95 -14970 0 741 -14970 1
gene 4 12 283 293385 0 841 293385 1
gene 4 283 14 -167562 0 842 -167562 0
gene 4 6 296 -160758 0 883 -160758 1
gene 4 296 13 -137553 0 884 -137553 1
gene 1 2 296 -68301 0 1225 -68301 1
gene 3 283 283 -602536 1 1313 -602536 1
gene 2 9 505 6660 0 1500 6660 1
gene 2 505 13 -142596 0 1501 -142596 1
gene 1 296 296 -24659 1 1535 -24659 1
gene 1 10 523 -194513 0 1567 -194513 1
gene 1 523 14 -800000 0 1568 -800000 1
gene 2 9 536 525373 0 1608 525373 1
gene 2 536 505 -208452 0 1609 -208452 0
gene 3 523 523 10413 1 1659 10413 0
gene 2 4 283 -35400 0 1763 -35400 1
gene 2 3 629 227805 0 1894 227805 1
gene 2 629 15 -359202 0 1895 -359202 1
gene 4 536 14 -157401 0 1940 -157401 1
gene 3 523 659 24984 1 1984 24984 1
gene 3 659 523 -63297 0 1985 -63297 1
gene 3 9 673 -130586 0 2027 -130586 1
gene 3 673 14 18837 0 2028 18837 1
gene 2 13 683 -217050 0 2061 -217050 1
gene 2 683 14 6771 0 2062 6771 1
gene 1 95 95 -316383 1 2116 -316383 1
gene 4 283 722 -81534 0 2174 -81534 1
gene 4 722 14 57768 0 2175 57768 0
gene 2 10 824 -466005 0 2475 -466005 1
gene 2 824 13 -51740 0 2476 -51740 1
gene 3 296 722 -571476 0 2512 -571476 1
gene 1 8 659 -88314 0 2556 -88314 1
gene 2 536 866 -72978 0 2604 -72978 1
gene 2 866 505 -192453 0 2605 -192453 1
gene 4 12 505 26283 0 2740 26283 1
gene 3 9 923 3219 0 2782 3219 1
gene 3 923 15 754454 0 2783 754454 1
gene 3 5 1010 1 0 3031 0 1
gene 3 1010 15 470910 0 3032 0 1
gene 4 722 1027 1 0 3081 0 1
gene 4 1027 14 57768 0 3082 0 1
gene 3 1027 13 -79617 0 3122 -79617 1
gene 3 8 1057 1 0 3168 0 1
gene 3 1057 13 -8118 0 3169 0 1
gene 1 2 824 -58296 0 3209 -58296 1
genomeend 12


/* Organism #14 Fitness: 360.000000 Time: 0 */
/* Position #14*/
#1 x: 65 y: 24
#2 x: 50 y: 20
#3 x: 82 y: 24
#4 x: 65 y: 79
#5 x: 32 y: 71
#6 x: 74 y: 62
genomestart 14
trait 1 1.000000 0.000000 0.000000 0.000000 0.000000 0.000000 0.000000 0.000000 trait 2 2.000000 0.000000 0.000000 0.000000 0.000000 0.000000 0.000000 0.000000 trait 3 3.000000 0.000000 0.000000 0.000000 0.000000 0.000000 0.000000 0.000000 trait 4 87559.000000 0.000000 0.000000 0.000000 0.000000 0.000000 48508.000000 17450.000000 node 1 4 1 3
node 2 2 1 1
node 3 2 1 1
node 4 2 1 1
node 5 1 1 1
node 6 1 1 1
node 7 3 1 1
node 8 3 1 1
node 9 1 1 1
node 10 4 1 1
node 11 4 1 1
node 12 1 1 1
node 13 3 0 2
node 14 1 0 2
node 15 2 0 2
node 92 1 0 0
node 121 1 0 0
node 183 1 0 0
node 238 1 0 0
node 293 1 0 0
node 409 2 0 0
node 471 1 0 0
node 524 1 0 0
node 617 1 0 0
node 634 1 0 0
node 652 1 0 0
node 701 1 0 0
node 762 1 0 0
node 840 1 0 0
node 853 1 0 0
node 988 1 0 0
node 1058 1 0 0
node 1073 1 0 0
gene 4 1 13 -423438 0 1 -423438 1
gene 1 2 13 -472583 0 2 -472583 0
gene 2 3 13 60288 0 3 60288 1
gene 1 4 13 561102 0 4 561102 0
gene 1 5 13 351525 0 5 351525 0
gene 2 6 13 668556 0 6 668556 0
gene 3 7 13 -94692 0 7 -94692 1
gene 4 8 13 387573 0 8 387573 1
gene 3 9 13 -709953 0 9 -709953 1
gene 3 10 13 -638979 0 10 -638979 1
gene 1 11 13 301908 0 11 301908 1
gene 2 12 13 -449388 0 12 -449388 1
gene 1 1 14 249546 0 13 249546 1
gene 2 2 14 617004 0 14 617004 1
gene 1 3 14 411069 0 15 411069 1
gene 3 4 14 800000 0 16 800000 1
gene 4 5 14 -286359 0 17 -286359 1
gene 4 6 14 -127893 0 18 -127893 1
gene 2 7 14 800000 0 19 800000 1
gene 3 8 14 356850 0 20 356850 0
gene 2 9 14 360879 0 21 360879 0
gene 1 10 14 535377 0 22 535377 1
gene 3 11 14 800000 0 23 800000 0
gene 2 12 14 314772 0 24 314772 1
gene 3 1 15 800000 0 25 800000 1
gene 4 2 15 -222135 0 26 -222135 1
gene 3 3 15 -361968 0 27 -361968 1
gene 4 4 15 -204306 0 28 -204306 1
gene 1 5 15 134271 0 29 134271 0
gene 1 6 15 800000 0 30 800000 1
gene 2 7 15 -580286 0 31 -580286 0
gene 1 8 15 423441 0 32 423441 1
gene 4 9 15 -212763 0 33 -212763 1
gene 2 10 15 -443738 0 34 -443738 0
gene 4 11 15 181962 0 35 181962 0
gene 1 12 15 -671531 0 36 -671531 0
gene 3 14 15 -58145 0 66 -58145 1
gene 3 14 13 800000 0 95 800000 1
gene 3 8 92 -800000 0 253 -800000 1
gene 3 92 14 -552900 0 254 -552900 1
gene 2 92 92 -393888 1 305 -393888 0
gene 1 4 121 -312882 0 333 -312882 0
gene 1 121 13 800000 0 334 800000 1
gene 1 5 183 -620282 0 512 -620282 1
gene 1 183 13 96537 0 513 96537 1
gene 1 2 238 -94494 0 693 -94494 0
gene 1 238 13 390444 0 694 390444 1
gene 1 13 13 798297 1 827 798297 1
gene 2 7 293 263877 0 869 263877 1
gene 2 293 15 261570 0 870 261570 1
gene 3 15 13 75105 0 1133 75105 1
gene 2 9 409 279954 0 1210 279954 1
gene 2 409 14 -733733 0 1211 -733733 1
gene 2 92 121 79488 0 1278 79488 0
gene 2 409 293 445701 0 1355 445701 1
gene 1 12 471 800000 0 1399 800000 0
gene 1 471 15 -299532 0 1400 -299532 1
gene 3 11 524 589116 0 1569 589116 1
gene 3 524 14 -95919 0 1570 -95919 1
gene 4 6 471 -213408 0 1663 -213408 1
gene 4 409 15 -45453 0 1765 -45453 0
gene 1 5 617 -461484 0 1859 -461484 1
gene 1 617 15 -233226 0 1860 -233226 1
gene 1 2 634 9570 0 1910 9570 1
gene 1 634 238 548442 0 1911 548442 1
gene 2 92 652 729477 0 1968 729477 1
gene 2 652 121 330180 0 1969 330180 1
gene 2 6 701 35814 0 2113 35814 1
gene 2 701 13 12048 0 2114 12048 1
gene 1 12 762 66879 0 2301 66879 1
gene 1 762 471 643062 0 2302 643062 1
gene 2 10 840 -222129 0 2532 -222129 1
gene 2 840 15 -92322 0 2533 -92322 1
gene 1 4 853 -296277 0 2569 -296277 1
gene 1 853 121 -356010 0 2570 -356010 1
gene 3 652 238 -216258 0 2755 -216258 1
gene 4 11 988 -80096 0 2970 -80096 1
gene 4 988 15 -267306 0 2971 -267306 1
gene 3 238 634 98084 1 3088 98084 1
gene 4 409 1058 1 0 3170 0 1
gene 4 1058 15 -45453 0 3171 0 1
gene 2 92 1073 1 1 3212 0 1
gene 2 1073 92 -393888 0 3213 0 1
genomeend 14


/* Organism #24 Fitness: 360.000000 Time: 0 */
/* Position #24*/
#1 x: 77 y: 33
#2 x: 54 y: 24
#3 x: 48 y: 30
#4 x: 67 y: 63
#5 x: 73 y: 85
#6 x: 75 y: 67
genomestart 24
trait 1 16780.000000 0.000000 0.000000 88582.000000 88737.000000 0.000000 0.000000 32087.000000 trait 2 2.000000 0.000000 0.000000 0.000000 0.000000 0.000000 0.000000 0.000000 trait 3 3.000000 0.000000 0.000000 0.000000 0.000000 0.000000 0.000000 0.000000 trait 4 0.000000 57040.000000 0.000000 57778.000000 13389.000000 0.000000 0.000000 0.000000 node 1 4 1 3
node 2 2 1 1
node 3 4 1 1
node 4 2 1 1
node 5 4 1 1
node 6 3 1 1
node 7 2 1 1
node 8 2 1 1
node 9 4 1 1
node 10 1 1 1
node 11 1 1 1
node 12 4 1 1
node 13 3 0 2
node 14 1 0 2
node 15 4 0 2
node 95 1 0 0
node 283 1 0 0
node 296 1 0 0
node 505 1 0 0
node 523 4 0 0
node 536 1 0 0
node 629 1 0 0
node 659 1 0 0
node 673 1 0 0
node 683 1 0 0
node 722 1 0 0
node 824 1 0 0
node 866 1 0 0
node 923 1 0 0
node 1010 1 0 0
gene 4 1 13 40512 0 1 40512 1
gene 4 2 13 -576477 0 2 -576477 1
gene 4 3 13 258561 0 3 258561 1
gene 1 4 13 -96000 0 4 -96000 1
gene 1 5 13 -55929 0 5 -55929 1
gene 4 6 13 -512298 0 6 -512298 0
gene 1 7 13 -105450 0 7 -105450 1
gene 3 8 13 -534660 0 8 -534660 1
gene 2 9 13 -77712 0 9 -77712 0
gene 2 10 13 15786 0 10 15786 0
gene 1 11 13 214002 0 11 214002 1
gene 4 12 13 169488 0 12 169488 1
gene 1 1 14 -228651 0 13 -228651 1
gene 1 2 14 245883 0 14 245883 1
gene 3 3 14 525345 0 15 525345 1
gene 4 4 14 -439170 0 16 -439170 1
gene 4 5 14 189441 0 17 189441 1
gene 1 6 14 -800000 0 18 -800000 1
gene 1 7 14 -478464 0 19 -478464 1
gene 2 8 14 47049 0 20 47049 1
gene 3 9 14 591621 0 21 591621 0
gene 1 10 14 -240669 0 22 -240669 0
gene 1 11 14 327570 0 23 327570 1
gene 4 12 14 -239217 0 24 -239217 0
gene 1 1 15 83355 0 25 83355 1
gene 2 2 15 -373227 0 26 -373227 1
gene 2 3 15 -357549 0 27 -357549 0
gene 3 4 15 -9444 0 28 -9444 1
gene 3 5 15 17595 0 29 17595 0
gene 1 6 15 54597 0 30 54597 1
gene 4 7 15 203148 0 31 203148 1
gene 2 8 15 -42474 0 32 -42474 1
gene 3 9 15 800000 0 33 800000 0
gene 1 10 15 142251 0 34 142251 1
gene 3 11 15 -147273 0 35 -147273 0
gene 1 12 15 13908 0 36 13908 1
gene 4 15 14 -198945 0 73 -198945 1
gene 3 11 95 -155886 0 260 -155886 1
gene 3 95 15 -393411 0 261 -393411 1
gene 3 15 13 532095 0 599 532095 1
gene 2 13 14 -724032 0 640 -724032 0
gene 4 3 95 241608 0 741 241608 1
gene 4 12 283 560343 0 841 560343 1
gene 4 283 14 100812 0 842 100812 0
gene 4 6 296 -34833 0 883 -34833 1
gene 4 296 13 -431007 0 884 -431007 1
gene 1 2 296 -440919 0 1225 -440919 1
gene 3 283 283 -799216 1 1313 -799216 1
gene 3 9 505 -373470 0 1500 -373470 1
gene 2 505 13 -115053 0 1501 -115053 1
gene 1 296 296 559737 1 1535 559737 1
gene 1 10 523 142359 0 1567 142359 1
gene 1 523 14 -661487 0 1568 -661487 1
gene 2 9 536 506126 0 1608 506126 1
gene 2 536 505 -544587 0 1609 -544587 0
gene 3 523 523 341100 1 1659 341100 0
gene 2 4 283 -26103 0 1763 -26103 1
gene 2 3 629 178680 0 1894 178680 1
gene 2 629 15 -60426 0 1895 -60426 1
gene 4 536 14 -177813 0 1940 -177813 1
gene 3 523 659 -196773 1 1984 -196773 1
gene 3 659 523 -259410 0 1985 -259410 1
gene 3 9 673 -242688 0 2027 -242688 1
gene 3 673 14 274473 0 2028 274473 1
gene 2 13 683 -26517 0 2061 -26517 1
gene 2 683 14 -55356 0 2062 -55356 1
gene 1 95 95 -429681 1 2116 -429681 1
gene 4 283 722 -182898 0 2174 -182898 1
gene 4 722 14 268827 0 2175 268827 1
gene 2 10 824 -393567 0 2475 -393567 1
gene 2 824 13 104175 0 2476 104175 1
gene 3 296 722 -259080 0 2512 -259080 1
gene 1 8 659 -162318 0 2556 -162318 1
gene 2 536 866 -62331 0 2604 -62331 1
gene 2 866 505 -98037 0 2605 -98037 1
gene 4 12 505 -52095 0 2740 -52095 1
gene 3 9 923 -262431 0 2782 -262431 1
gene 3 923 15 301577 0 2783 301577 1
gene 3 5 1010 -216792 0 3031 -216792 1
gene 3 1010 15 -46656 0 3032 -46656 1
gene 3 659 95 82525 0 3184 82525 1
gene 3 923 13 -58964 0 3220 -58964 1
genomeend 24


/* Organism #26 Fitness: 300.000000 Time: 0 */
/* Position #26*/
#1 x: 42 y: 33
#2 x: 56 y: 23
#3 x: 19 y: 29
#4 x: 29 y: 70
#5 x: 24 y: 79
#6 x: 37 y: 74
genomestart 26
trait 1 1.000000 0.000000 0.000000 0.000000 0.000000 0.000000 0.000000 0.000000 trait 2 2.000000 0.000000 0.000000 0.000000 0.000000 0.000000 0.000000 0.000000 trait 3 3.000000 0.000000 0.000000 0.000000 0.000000 0.000000 0.000000 0.000000 trait 4 73910.000000 58593.000000 0.000000 0.000000 0.000000 0.000000 0.000000 0.000000 node 1 4 1 3
node 2 2 1 1
node 3 4 1 1
node 4 2 1 1
node 5 4 1 1
node 6 3 1 1
node 7 2 1 1
node 8 1 1 1
node 9 4 1 1
node 10 1 1 1
node 11 1 1 1
node 12 4 1 1
node 13 3 0 2
node 14 1 0 2
node 15 4 0 2
node 71 1 0 0
node 289 1 0 0
node 317 1 0 0
node 368 1 0 0
node 381 3 0 0
node 394 1 0 0
node 405 1 0 0
node 439 1 0 0
node 640 1 0 0
node 671 1 0 0
node 680 1 0 0
node 924 1 0 0
node 1076 1 0 0
gene 4 1 13 161376 0 1 161376 1
gene 3 2 13 -294672 0 2 -294672 1
gene 2 3 13 -548046 0 3 -548046 1
gene 4 4 13 -668003 0 4 -668003 1
gene 2 5 13 -133749 0 5 -133749 1
gene 3 6 13 262047 0 6 262047 1
gene 1 7 13 -800000 0 7 -800000 1
gene 1 8 13 -314115 0 8 -314115 1
gene 1 9 13 581651 0 9 581651 1
gene 2 10 13 -111594 0 10 -111594 1
gene 3 11 13 -247053 0 11 -247053 1
gene 3 12 13 783771 0 12 783771 0
gene 1 1 14 -173148 0 13 -173148 1
gene 1 2 14 489753 0 14 489753 0
gene 1 3 14 -19524 0 15 -19524 0
gene 1 4 14 -60216 0 16 -60216 1
gene 1 5 14 800000 0 17 800000 1
gene 1 6 14 -502727 0 18 -502727 1
gene 1 7 14 726734 0 19 726734 1
gene 2 8 14 -794003 0 20 -794003 1
gene 2 9 14 -209796 0 21 -209796 1
gene 1 10 14 -376695 0 22 -376695 1
gene 3 11 14 800000 0 23 800000 0
gene 2 12 14 -245013 0 24 -245013 1
gene 3 1 15 306030 0 25 306030 1
gene 2 2 15 -136695 0 26 -136695 0
gene 4 3 15 -427692 0 27 -427692 0
gene 2 4 15 -757929 0 28 -757929 1
gene 2 5 15 367365 0 29 367365 1
gene 1 6 15 -105954 0 30 -105954 1
gene 4 7 15 -226533 0 31 -226533 1
gene 2 8 15 800000 0 32 800000 0
gene 2 9 15 48636 0 33 48636 1
gene 1 10 15 277851 0 34 277851 1
gene 3 11 15 -759414 0 35 -759414 0
gene 1 12 15 -272946 0 36 -272946 1
gene 4 3 71 -412851 0 201 -412851 0
gene 3 71 14 279141 0 202 279141 1
gene 1 13 13 51939 1 248 51939 1
gene 2 13 15 284088 0 413 284088 1
gene 4 10 71 -95874 0 454 -95874 1
gene 1 7 71 -73938 0 542 -73938 1
gene 4 8 71 -354212 0 717 -354212 1
gene 4 71 71 -193833 1 769 -193833 1
gene 4 3 289 571877 0 858 571877 0
gene 4 289 15 -630530 0 859 -630530 1
gene 3 289 14 -126600 0 897 -126600 1
gene 4 3 317 -94428 0 942 -94428 1
gene 4 317 289 38769 0 943 38769 1
gene 2 8 368 -388005 0 1081 -388005 1
gene 2 368 15 20928 0 1082 20928 1
gene 1 2 381 282396 0 1117 282396 1
gene 1 381 14 572856 0 1118 572856 1
gene 4 3 394 637455 0 1159 637455 0
gene 4 394 71 -27492 0 1160 -27492 1
gene 3 11 405 284331 0 1197 284331 1
gene 3 405 14 -69507 0 1198 -69507 0
gene 4 14 405 27564 1 1256 27564 1
gene 4 3 439 -77895 0 1305 -77895 1
gene 4 439 394 -266547 0 1306 -266547 1
gene 4 14 381 -60792 1 1807 -60792 1
gene 4 6 381 422526 0 1838 422526 0
gene 3 11 640 -174564 0 1930 -174564 1
gene 3 640 15 -279111 0 1931 -279111 1
gene 2 2 671 88680 0 2020 88680 1
gene 2 671 15 -124005 0 2021 -124005 1
gene 3 12 680 221280 0 2055 221280 1
gene 3 680 13 506997 0 2056 506997 1
gene 2 317 317 -259866 1 2557 -259866 1
gene 4 11 680 299196 0 2743 299196 1
gene 3 405 924 80056 0 2784 80056 1
gene 3 924 14 135324 0 2785 135324 1
gene 3 289 289 -52875 1 2988 -52875 1
gene 2 368 368 85402 1 3048 85402 1
gene 4 6 1076 1 0 3223 0 1
gene 4 1076 381 422526 0 3224 0 1
genomeend 26


/* Organism #42 Fitness: 480.000000 Time: 0 */
/* Position #42*/
#1 x: 18 y: 28
#2 x: 38 y: 15
#3 x: 52 y: 32
#4 x: 15 y: 79
#5 x: 36 y: 71
#6 x: 53 y: 64
genomestart 42
trait 1 1.000000 0.000000 0.000000 0.000000 0.000000 0.000000 0.000000 0.000000 trait 2 2.000000 0.000000 0.000000 0.000000 0.000000 0.000000 0.000000 0.000000 trait 3 3.000000 0.000000 0.000000 0.000000 0.000000 0.000000 0.000000 0.000000 trait 4 100000.000000 0.000000 0.000000 32381.000000 0.000000 0.000000 50975.000000 0.000000 node 1 4 1 3
node 2 2 1 1
node 3 2 1 1
node 4 2 1 1
node 5 1 1 1
node 6 1 1 1
node 7 3 1 1
node 8 1 1 1
node 9 1 1 1
node 10 4 1 1
node 11 4 1 1
node 12 1 1 1
node 13 3 0 2
node 14 1 0 2
node 15 2 0 2
node 92 1 0 0
node 121 1 0 0
node 183 1 0 0
node 238 1 0 0
node 293 1 0 0
node 409 2 0 0
node 471 1 0 0
node 524 1 0 0
node 617 1 0 0
node 634 1 0 0
node 652 1 0 0
node 701 1 0 0
node 737 1 0 0
node 839 1 0 0
node 868 1 0 0
node 899 1 0 0
node 933 1 0 0
node 1002 1 0 0
node 1020 1 0 0
node 1033 1 0 0
node 1083 1 0 0
gene 4 1 13 14064 0 1 14064 1
gene 1 2 13 6210 0 2 6210 0
gene 2 3 13 -255189 0 3 -255189 1
gene 1 4 13 -247080 0 4 -247080 0
gene 1 5 13 117156 0 5 117156 0
gene 2 6 13 -215441 0 6 -215441 0
gene 3 7 13 187677 0 7 187677 1
gene 4 8 13 -737714 0 8 -737714 1
gene 3 9 13 -151953 0 9 -151953 1
gene 3 10 13 -11448 0 10 -11448 1
gene 1 11 13 -20064 0 11 -20064 0
gene 2 12 13 69279 0 12 69279 1
gene 1 1 14 -689430 0 13 -689430 1
gene 2 2 14 229796 0 14 229796 1
gene 1 3 14 -158481 0 15 -158481 1
gene 3 4 14 244548 0 16 244548 1
gene 4 5 14 -26409 0 17 -26409 0
gene 4 6 14 -274302 0 18 -274302 1
gene 2 7 14 284499 0 19 284499 1
gene 3 8 14 461655 0 20 461655 0
gene 2 9 14 38499 0 21 38499 0
gene 1 10 14 561 0 22 561 1
gene 3 11 14 642552 0 23 642552 0
gene 2 12 14 319233 0 24 319233 1
gene 3 1 15 140007 0 25 140007 1
gene 4 2 15 -330564 0 26 -330564 1
gene 3 3 15 -731870 0 27 -731870 1
gene 4 4 15 -70794 0 28 -70794 1
gene 1 5 15 800000 0 29 800000 0
gene 1 6 15 618308 0 30 618308 1
gene 2 7 15 -59634 0 31 -59634 0
gene 1 8 15 -126026 0 32 -126026 1
gene 4 9 15 800000 0 33 800000 1
gene 2 10 15 -240021 0 34 -240021 1
gene 4 11 15 800000 0 35 800000 1
gene 1 12 15 -658404 0 36 -658404 0
gene 3 14 15 -528743 0 66 -528743 1
gene 3 14 13 -614151 0 95 -614151 0
gene 3 8 92 132804 0 253 132804 1
gene 3 92 14 543906 0 254 543906 0
gene 2 92 92 117321 1 305 117321 0
gene 1 4 121 -286974 0 333 -286974 1
gene 1 121 13 -254811 0 334 -254811 1
gene 1 5 183 -487232 0 512 -487232 1
gene 1 183 13 283722 0 513 283722 0
gene 1 2 238 -150795 0 693 -150795 0
gene 1 238 13 -584786 0 694 -584786 1
gene 1 13 13 -285576 1 827 -285576 0
gene 2 7 293 223167 0 869 223167 1
gene 2 293 15 78192 0 870 78192 0
gene 3 15 13 492216 0 1133 492216 1
gene 2 9 409 -88301 0 1210 -88301 1
gene 2 409 14 357570 0 1211 357570 1
gene 2 92 121 13051 0 1278 13051 0
gene 2 409 293 -113430 0 1355 -113430 1
gene 1 12 471 57916 0 1399 57916 1
gene 1 471 15 262179 0 1400 262179 1
gene 3 11 524 -440031 0 1569 -440031 0
gene 3 524 14 138858 0 1570 138858 1
gene 4 6 471 -143394 0 1663 -143394 1
gene 4 409 15 220734 0 1765 220734 1
gene 1 5 617 -387030 0 1859 -387030 1
gene 1 617 15 67293 0 1860 67293 1
gene 1 2 634 -708987 0 1910 -708987 1
gene 1 634 238 -454410 0 1911 -454410 1
gene 2 92 652 147753 0 1968 147753 1
gene 2 652 121 -366318 0 1969 -366318 1
gene 3 6 701 -27777 0 2113 -27777 1
gene 2 701 13 -291975 0 2114 -291975 1
gene 3 92 737 306085 0 2224 306085 1
gene 3 737 14 -12840 0 2225 -12840 1
gene 3 14 839 319590 0 2530 319590 1
gene 3 839 13 -333384 0 2531 -333384 1
gene 2 293 868 336619 0 2610 336619 1
gene 2 868 15 -72816 0 2611 -72816 1
gene 2 92 899 294124 1 2711 294124 1
gene 2 899 92 18 0 2712 18 1
gene 4 737 737 -563643 1 2766 -563643 1
gene 1 13 933 -252731 1 2810 -252731 1
gene 1 933 13 142308 0 2811 142308 1
gene 4 5 1002 -272597 0 3009 -272597 1
gene 4 1002 14 -175068 0 3010 -175068 1
gene 1 11 1020 -259034 0 3062 -259034 1
gene 1 1020 13 408822 0 3063 408822 1
gene 3 11 1033 -57845 0 3108 -57845 1
gene 3 1033 524 -180369 0 3109 -180369 1
gene 1 183 1083 1 0 3241 0 1
gene 1 1083 13 283722 0 3242 0 1
genomeend 42


/* Organism #44 Fitness: 380.000000 Time: 0 */
/* Position #44*/
#1 x: 32 y: 27
#2 x: 51 y: 16
#3 x: 41 y: 22
#4 x: 32 y: 63
#5 x: 75 y: 79
#6 x: 56 y: 85
genomestart 44
trait 1 100000.000000 0.000000 0.000000 0.000000 0.000000 0.000000 0.000000 0.000000 trait 2 0.000000 0.000000 0.000000 100000.000000 0.000000 0.000000 39143.000000 0.000000 trait 3 3.000000 0.000000 0.000000 0.000000 0.000000 0.000000 0.000000 0.000000 trait 4 4.000000 0.000000 0.000000 0.000000 0.000000 0.000000 0.000000 0.000000 node 1 1 1 3
node 2 2 1 1
node 3 4 1 1
node 4 4 1 1
node 5 1 1 1
node 6 4 1 1
node 7 3 1 1
node 8 2 1 1
node 9 3 1 1
node 10 4 1 1
node 11 4 1 1
node 12 1 1 1
node 13 1 0 2
node 14 2 0 2
node 15 4 0 2
node 24 1 0 0
node 188 3 0 0
node 222 1 0 0
node 272 1 0 0
node 301 1 0 0
node 380 1 0 0
node 393 1 0 0
node 453 2 0 0
node 469 1 0 0
node 557 1 0 0
node 729 1 0 0
node 875 1 0 0
node 927 1 0 0
node 1021 1 0 0
node 1084 1 0 0
gene 1 1 13 282828 0 1 282828 1
gene 2 2 13 -275835 0 2 -275835 1
gene 2 3 13 -382155 0 3 -382155 1
gene 4 4 13 139839 0 4 139839 0
gene 3 5 13 -96516 0 5 -96516 1
gene 1 6 13 -50382 0 6 -50382 1
gene 3 7 13 571712 0 7 571712 1
gene 1 8 13 110256 0 8 110256 0
gene 4 9 13 -391047 0 9 -391047 1
gene 2 10 13 -671369 0 10 -671369 1
gene 3 11 13 -236226 0 11 -236226 1
gene 4 12 13 -800000 0 12 -800000 1
gene 1 1 14 554271 0 13 554271 1
gene 1 2 14 -128400 0 14 -128400 1
gene 2 3 14 717626 0 15 717626 1
gene 2 4 14 96600 0 16 96600 1
gene 1 5 14 527511 0 17 527511 1
gene 2 6 14 275595 0 18 275595 0
gene 3 7 14 122949 0 19 122949 0
gene 3 8 14 37467 0 20 37467 1
gene 3 9 14 -488316 0 21 -488316 1
gene 2 10 14 81027 0 22 81027 1
gene 3 11 14 -154593 0 23 -154593 1
gene 2 12 14 235110 0 24 235110 1
gene 2 1 15 333348 0 25 333348 1
gene 3 2 15 240921 0 26 240921 1
gene 4 3 15 564030 0 27 564030 0
gene 1 4 15 -169479 0 28 -169479 0
gene 4 5 15 57867 0 29 57867 1
gene 2 6 15 -39006 0 30 -39006 1
gene 4 7 15 -24033 0 31 -24033 1
gene 2 8 15 556880 0 32 556880 1
gene 2 9 15 420126 0 33 420126 0
gene 2 10 15 106653 0 34 106653 1
gene 3 11 15 629352 0 35 629352 1
gene 2 12 15 -227832 0 36 -227832 1
gene 4 4 24 -225249 0 62 -225249 1
gene 4 24 13 -8973 0 63 -8973 1
gene 1 24 24 347181 1 127 347181 0
gene 3 15 13 -111510 0 293 -111510 1
gene 2 7 24 778205 0 408 778205 0
gene 3 7 188 157176 0 526 157176 1
gene 3 188 14 195192 0 527 195192 1
gene 2 9 222 -330575 0 645 -330575 0
gene 2 222 15 -598950 0 646 -598950 1
gene 3 3 272 -530858 0 798 -530858 1
gene 3 272 15 431676 0 799 431676 0
gene 2 3 24 702732 0 850 702732 1
gene 1 24 301 -72315 1 893 -72315 0
gene 1 301 24 -88137 0 894 -88137 1
gene 1 188 188 -209220 1 934 -209220 1
gene 3 4 188 348339 0 1080 348339 1
gene 2 6 380 -31680 0 1115 -31680 1
gene 2 380 14 755586 0 1116 755586 1
gene 1 4 393 -414492 0 1157 -414492 1
gene 1 393 15 -353324 0 1158 -353324 1
gene 1 15 380 511362 0 1196 511362 1
gene 2 12 188 119643 0 1302 119643 1
gene 2 9 453 -456081 0 1346 -456081 1
gene 2 453 222 -198744 0 1347 -198744 1
gene 1 24 469 -114546 1 1394 -114546 1
gene 1 469 301 203131 0 1395 203131 0
gene 3 222 24 -379440 0 1576 -379440 1
gene 4 3 188 166092 0 1616 166092 1
gene 3 272 557 530196 0 1666 530196 1
gene 1 557 15 -231003 0 1667 -231003 1
gene 1 6 272 -105582 0 1830 -105582 1
gene 4 12 380 -467220 0 1879 -467220 0
gene 1 469 729 -153471 0 2197 -153471 1
gene 1 729 301 -281156 0 2198 -281156 1
gene 2 14 301 -235878 0 2244 -235878 1
gene 1 188 380 200403 0 2284 200403 1
gene 1 8 875 -155118 0 2630 -155118 0
gene 1 875 13 -437358 0 2631 -437358 1
gene 4 12 927 -322088 0 2791 -322088 1
gene 4 927 380 248283 0 2792 248283 1
gene 2 393 380 329852 0 3014 329852 1
gene 2 7 1021 -57042 0 3066 -57042 1
gene 2 1021 24 606581 0 3067 606581 1
gene 1 8 1084 1 0 3243 0 1
gene 1 1084 875 -155118 0 3244 0 1
genomeend 44


/* Organism #46 Fitness: 400.000000 Time: 0 */
/* Position #46*/
#1 x: 25 y: 20
#2 x: 45 y: 32
#3 x: 48 y: 27
#4 x: 70 y: 77
#5 x: 33 y: 78
#6 x: 32 y: 82
genomestart 46
trait 1 1.000000 0.000000 0.000000 0.000000 0.000000 0.000000 0.000000 0.000000 trait 2 2.000000 55156.000000 0.000000 0.000000 42816.000000 0.000000 63577.000000 0.000000 trait 3 3.000000 0.000000 0.000000 0.000000 0.000000 0.000000 0.000000 0.000000 trait 4 73910.000000 58593.000000 0.000000 0.000000 0.000000 0.000000 0.000000 0.000000 node 1 3 1 3
node 2 2 1 1
node 3 4 1 1
node 4 2 1 1
node 5 4 1 1
node 6 3 1 1
node 7 2 1 1
node 8 1 1 1
node 9 4 1 1
node 10 1 1 1
node 11 1 1 1
node 12 4 1 1
node 13 3 0 2
node 14 1 0 2
node 15 4 0 2
node 71 1 0 0
node 289 1 0 0
node 317 1 0 0
node 368 1 0 0
node 381 3 0 0
node 394 1 0 0
node 405 1 0 0
node 439 1 0 0
node 640 1 0 0
node 671 1 0 0
node 680 1 0 0
node 765 1 0 0
node 869 1 0 0
node 901 1 0 0
node 918 1 0 0
node 1005 1 0 0
node 1036 1 0 0
node 1086 1 0 0
gene 4 1 13 -113457 0 1 -113457 1
gene 3 2 13 231 0 2 231 1
gene 2 3 13 402294 0 3 402294 1
gene 4 4 13 124857 0 4 124857 1
gene 2 5 13 260637 0 5 260637 1
gene 3 6 13 42087 0 6 42087 1
gene 1 7 13 -180552 0 7 -180552 1
gene 1 8 13 -539189 0 8 -539189 1
gene 1 9 13 -16428 0 9 -16428 1
gene 2 10 13 -800000 0 10 -800000 1
gene 3 11 13 -461601 0 11 -461601 1
gene 3 12 13 -389301 0 12 -389301 0
gene 1 1 14 374810 0 13 374810 1
gene 1 2 14 15048 0 14 15048 0
gene 3 3 14 -1656 0 15 -1656 0
gene 1 4 14 800000 0 16 800000 1
gene 1 5 14 182184 0 17 182184 1
gene 1 6 14 241225 0 18 241225 1
gene 1 7 14 61668 0 19 61668 1
gene 2 8 14 285549 0 20 285549 1
gene 2 9 14 -667958 0 21 -667958 1
gene 1 10 14 -497925 0 22 -497925 1
gene 3 11 14 -113649 0 23 -113649 0
gene 2 12 14 -248331 0 24 -248331 1
gene 3 1 15 2043 0 25 2043 1
gene 2 2 15 134217 0 26 134217 0
gene 4 3 15 275844 0 27 275844 0
gene 2 4 15 -110352 0 28 -110352 1
gene 2 5 15 127506 0 29 127506 1
gene 1 6 15 617025 0 30 617025 1
gene 4 7 15 -482016 0 31 -482016 1
gene 2 8 15 -157848 0 32 -157848 0
gene 2 9 15 617310 0 33 617310 1
gene 1 10 15 195885 0 34 195885 1
gene 3 11 15 455181 0 35 455181 0
gene 1 12 15 354177 0 36 354177 1
gene 4 3 71 67584 0 201 67584 0
gene 3 71 14 62022 0 202 62022 1
gene 1 13 13 -86778 1 248 -86778 1
gene 2 13 15 281886 0 413 281886 0
gene 4 10 71 494430 0 454 494430 1
gene 1 7 71 -620153 0 542 -620153 1
gene 4 8 71 245403 0 717 245403 1
gene 4 71 71 800000 1 769 800000 1
gene 4 3 289 30534 0 858 30534 0
gene 4 289 15 -226059 0 859 -226059 1
gene 3 289 14 387606 0 897 387606 0
gene 4 3 317 175671 0 942 175671 1
gene 4 317 289 34173 0 943 34173 0
gene 2 8 368 -228252 0 1081 -228252 1
gene 2 368 15 644565 0 1082 644565 1
gene 1 2 381 -130038 0 1117 -130038 1
gene 1 381 14 59751 0 1118 59751 1
gene 4 3 394 -156227 0 1159 -156227 0
gene 4 394 71 -269859 0 1160 -269859 1
gene 3 11 405 -570717 0 1197 -570717 0
gene 3 405 14 -245190 0 1198 -245190 1
gene 4 14 405 77622 1 1256 77622 0
gene 4 3 439 360333 0 1305 360333 1
gene 4 439 394 64128 0 1306 64128 1
gene 4 14 381 111096 1 1807 111096 1
gene 4 6 381 -328902 0 1838 -328902 1
gene 3 11 640 241050 0 1930 241050 1
gene 3 640 15 3255 0 1931 3255 1
gene 2 2 671 225525 0 2020 225525 1
gene 2 671 15 352173 0 2021 352173 1
gene 3 12 680 -800000 0 2055 -800000 1
gene 3 680 13 -800000 0 2056 -800000 1
gene 3 11 765 141451 0 2314 141451 1
gene 3 765 405 -210330 0 2315 -210330 0
gene 4 12 439 -266248 0 2384 -266248 1
gene 4 317 869 -394413 0 2615 -394413 1
gene 4 869 289 -26076 0 2616 -26076 1
gene 4 14 901 -392474 1 2715 -392474 1
gene 4 901 405 -354813 0 2716 -354813 1
gene 3 765 918 335323 0 2768 335323 1
gene 3 918 405 -637902 0 2769 -637902 0
gene 2 71 901 67001 0 2867 67001 1
gene 3 918 1005 120184 0 3018 120184 1
gene 3 1005 405 -110925 0 3019 -110925 1
gene 3 289 1036 202098 0 3115 202098 1
gene 3 1036 14 406941 0 3116 406941 1
gene 2 13 1086 1 0 3247 0 1
gene 2 1086 15 281886 0 3248 0 1
genomeend 46


/* Organism #54 Fitness: 380.000000 Time: 0 */
/* Position #54*/
#1 x: 54 y: 26
#2 x: 26 y: 24
#3 x: 33 y: 26
#4 x: 29 y: 77
#5 x: 32 y: 64
#6 x: 47 y: 65
genomestart 54
trait 1 1.000000 0.000000 0.000000 0.000000 0.000000 0.000000 0.000000 0.000000 trait 2 2.000000 0.000000 0.000000 0.000000 0.000000 0.000000 0.000000 0.000000 trait 3 3.000000 0.000000 0.000000 0.000000 0.000000 0.000000 0.000000 0.000000 trait 4 87559.000000 0.000000 0.000000 0.000000 0.000000 0.000000 48508.000000 17450.000000 node 1 4 1 3
node 2 2 1 1
node 3 2 1 1
node 4 2 1 1
node 5 1 1 1
node 6 1 1 1
node 7 3 1 1
node 8 1 1 1
node 9 1 1 1
node 10 4 1 1
node 11 4 1 1
node 12 1 1 1
node 13 3 0 2
node 14 1 0 2
node 15 2 0 2
node 92 1 0 0
node 121 1 0 0
node 183 1 0 0
node 238 1 0 0
node 293 1 0 0
node 409 2 0 0
node 471 1 0 0
node 524 1 0 0
node 617 1 0 0
node 634 1 0 0
node 652 1 0 0
node 701 1 0 0
node 737 1 0 0
node 839 1 0 0
node 868 1 0 0
node 995 1 0 0
node 1041 1 0 0
gene 4 1 13 -271275 0 1 -271275 1
gene 1 2 13 -50496 0 2 -50496 0
gene 2 3 13 371862 0 3 371862 1
gene 1 4 13 -695069 0 4 -695069 0
gene 1 5 13 -465972 0 5 -465972 0
gene 2 6 13 -800000 0 6 -800000 0
gene 3 7 13 -752438 0 7 -752438 1
gene 4 8 13 -432660 0 8 -432660 1
gene 3 9 13 208746 0 9 208746 1
gene 3 10 13 -363174 0 10 -363174 1
gene 1 11 13 23046 0 11 23046 1
gene 2 12 13 12963 0 12 12963 1
gene 1 1 14 216093 0 13 216093 1
gene 2 2 14 -285897 0 14 -285897 1
gene 1 3 14 85101 0 15 85101 1
gene 3 4 14 -343199 0 16 -343199 1
gene 4 5 14 365844 0 17 365844 1
gene 2 6 14 116886 0 18 116886 1
gene 2 7 14 -374412 0 19 -374412 1
gene 3 8 14 -262008 0 20 -262008 0
gene 2 9 14 -101301 0 21 -101301 0
gene 1 10 14 -99192 0 22 -99192 1
gene 3 11 14 -198975 0 23 -198975 0
gene 2 12 14 -19938 0 24 -19938 1
gene 3 1 15 301398 0 25 301398 1
gene 4 2 15 89817 0 26 89817 1
gene 3 3 15 -197921 0 27 -197921 1
gene 4 4 15 310296 0 28 310296 1
gene 1 5 15 -342717 0 29 -342717 0
gene 1 6 15 -378756 0 30 -378756 1
gene 2 7 15 -999 0 31 -999 0
gene 1 8 15 -338676 0 32 -338676 1
gene 4 9 15 226281 0 33 226281 1
gene 2 10 15 245592 0 34 245592 1
gene 4 11 15 2433 0 35 2433 1
gene 1 12 15 172605 0 36 172605 0
gene 3 14 15 120606 0 66 120606 1
gene 3 14 13 465867 0 95 465867 0
gene 3 8 92 122712 0 253 122712 1
gene 3 92 14 -357777 0 254 -357777 0
gene 2 92 92 800000 1 305 800000 1
gene 1 4 121 278244 0 333 278244 1
gene 1 121 13 196344 0 334 196344 1
gene 1 5 183 -666761 0 512 -666761 1
gene 1 183 13 800000 0 513 800000 1
gene 1 2 238 -116418 0 693 -116418 0
gene 1 238 13 29514 0 694 29514 1
gene 1 13 13 747169 1 827 747169 1
gene 2 7 293 190761 0 869 190761 1
gene 2 293 15 -800000 0 870 -800000 0
gene 3 15 13 748070 0 1133 748070 1
gene 2 9 409 94389 0 1210 94389 0
gene 2 409 14 110781 0 1211 110781 0
gene 2 92 121 -509774 0 1278 -509774 0
gene 2 409 293 443013 0 1355 443013 1
gene 1 12 471 696472 0 1399 696472 1
gene 1 471 15 -162567 0 1400 -162567 1
gene 3 11 524 347601 0 1569 347601 1
gene 3 524 14 800000 0 1570 800000 1
gene 4 6 471 -39702 0 1663 -39702 1
gene 4 409 15 294213 0 1765 294213 1
gene 1 5 617 245178 0 1859 245178 1
gene 1 617 15 800000 0 1860 800000 1
gene 1 2 634 -61512 0 1910 -61512 1
gene 1 634 238 681285 0 1911 681285 1
gene 2 92 652 -187437 0 1968 -187437 1
gene 2 652 121 93783 0 1969 93783 1
gene 2 6 701 -38049 0 2113 -38049 1
gene 2 701 13 -49248 0 2114 -49248 1
gene 3 92 737 4641 0 2224 4641 1
gene 3 737 14 -60426 0 2225 -60426 1
gene 3 14 839 18285 0 2530 18285 1
gene 3 839 13 -267225 0 2531 -267225 1
gene 2 293 868 117190 0 2610 117190 1
gene 2 868 15 -6822 0 2611 -6822 1
gene 4 11 238 -220582 0 2902 -220582 1
gene 2 11 701 -240847 0 2952 -240847 1
gene 2 9 995 502993 0 2994 502993 1
gene 2 995 409 -266373 0 2995 -266373 1
gene 2 409 1041 -156465 0 3129 -156465 1
gene 2 1041 14 -39141 0 3130 -39141 1
gene 3 471 409 -90762 0 3254 -90762 1
genomeend 54


/* Organism #62 Fitness: 300.000000 Time: 0 */
/* Position #62*/
#1 x: 51 y: 33
#2 x: 60 y: 16
#3 x: 24 y: 35
#4 x: 76 y: 67
#5 x: 60 y: 75
#6 x: 36 y: 74
genomestart 62
trait 1 16780.000000 0.000000 0.000000 88582.000000 88737.000000 0.000000 0.000000 32087.000000 trait 2 2.000000 0.000000 0.000000 0.000000 0.000000 0.000000 0.000000 0.000000 trait 3 3.000000 0.000000 0.000000 0.000000 0.000000 0.000000 0.000000 0.000000 trait 4 0.000000 57040.000000 0.000000 57778.000000 13389.000000 0.000000 0.000000 0.000000 node 1 4 1 3
node 2 2 1 1
node 3 4 1 1
node 4 2 1 1
node 5 4 1 1
node 6 3 1 1
node 7 2 1 1
node 8 2 1 1
node 9 4 1 1
node 10 1 1 1
node 11 1 1 1
node 12 4 1 1
node 13 3 0 2
node 14 1 0 2
node 15 4 0 2
node 95 1 0 0
node 283 1 0 0
node 296 1 0 0
node 505 1 0 0
node 523 1 0 0
node 536 1 0 0
node 629 1 0 0
node 659 1 0 0
node 673 1 0 0
node 683 1 0 0
node 722 1 0 0
node 824 1 0 0
node 866 1 0 0
node 937 1 0 0
node 1092 1 0 0
gene 4 1 13 -75303 0 1 -75303 1
gene 4 2 13 -108030 0 2 -108030 1
gene 4 3 13 -223722 0 3 -223722 1
gene 1 4 13 55677 0 4 55677 1
gene 1 5 13 -90138 0 5 -90138 1
gene 4 6 13 -43410 0 6 -43410 0
gene 1 7 13 -666558 0 7 -666558 1
gene 3 8 13 -210756 0 8 -210756 1
gene 2 9 13 36402 0 9 36402 0
gene 2 10 13 298497 0 10 298497 0
gene 1 11 13 236046 0 11 236046 1
gene 4 12 13 458487 0 12 458487 1
gene 1 1 14 -175884 0 13 -175884 1
gene 1 2 14 -105069 0 14 -105069 1
gene 3 3 14 112824 0 15 112824 1
gene 4 4 14 -503505 0 16 -503505 1
gene 4 5 14 -110361 0 17 -110361 1
gene 1 6 14 54465 0 18 54465 1
gene 1 7 14 -20148 0 19 -20148 1
gene 2 8 14 -676203 0 20 -676203 1
gene 3 9 14 -499338 0 21 -499338 0
gene 1 10 14 369345 0 22 369345 0
gene 1 11 14 -64089 0 23 -64089 1
gene 3 12 14 -483681 0 24 -483681 0
gene 1 1 15 -115551 0 25 -115551 1
gene 2 2 15 -217908 0 26 -217908 1
gene 2 3 15 -40182 0 27 -40182 0
gene 3 4 15 145218 0 28 145218 1
gene 3 5 15 -625095 0 29 -625095 1
gene 1 6 15 -554325 0 30 -554325 1
gene 4 7 15 -107127 0 31 -107127 1
gene 2 8 15 -286992 0 32 -286992 1
gene 3 9 15 800000 0 33 800000 1
gene 1 10 15 -574335 0 34 -574335 0
gene 3 11 15 170606 0 35 170606 0
gene 1 12 15 -81933 0 36 -81933 1
gene 4 15 14 212217 0 73 212217 1
gene 3 11 95 -88005 0 260 -88005 1
gene 3 95 15 -158715 0 261 -158715 1
gene 3 15 13 529902 0 599 529902 1
gene 2 13 14 -417021 0 640 -417021 0
gene 4 3 95 -500691 0 741 -500691 1
gene 4 12 283 -139857 0 841 -139857 1
gene 4 283 14 29232 0 842 29232 0
gene 4 6 296 -226179 0 883 -226179 1
gene 4 296 13 233763 0 884 233763 1
gene 1 2 296 -324072 0 1225 -324072 1
gene 3 283 283 138992 1 1313 138992 1
gene 2 9 505 595665 0 1500 595665 1
gene 2 505 13 -204495 0 1501 -204495 0
gene 1 296 296 130752 1 1535 130752 1
gene 1 10 523 -222860 0 1567 -222860 1
gene 1 523 14 -738111 0 1568 -738111 1
gene 2 9 536 542922 0 1608 542922 1
gene 2 536 505 -83484 0 1609 -83484 0
gene 3 523 523 261462 1 1659 261462 0
gene 2 4 283 439218 0 1763 439218 1
gene 2 3 629 228033 0 1894 228033 1
gene 2 629 15 -601458 0 1895 -601458 1
gene 4 536 14 -81804 0 1940 -81804 1
gene 3 523 659 -161973 1 1984 -161973 1
gene 3 659 523 227010 0 1985 227010 1
gene 3 9 673 280368 0 2027 280368 1
gene 3 673 14 -137100 0 2028 -137100 1
gene 2 13 683 187944 0 2061 187944 1
gene 2 683 14 482586 0 2062 482586 1
gene 1 95 95 393111 1 2116 393111 1
gene 4 283 722 -357288 0 2174 -357288 1
gene 4 722 14 -47520 0 2175 -47520 1
gene 2 10 824 289027 0 2475 289027 1
gene 2 824 13 25975 0 2476 25975 1
gene 3 296 722 81699 0 2512 81699 1
gene 1 8 659 -5943 0 2556 -5943 1
gene 1 536 866 -348693 0 2604 -348693 1
gene 2 866 505 91269 0 2605 91269 1
gene 4 12 505 -179863 0 2740 -179863 1
gene 1 10 937 110559 0 2823 110559 1
gene 1 937 15 -800000 0 2824 -800000 1
gene 4 505 505 24282 1 2951 24282 1
gene 4 5 95 298687 0 3087 298687 1
gene 2 505 1092 1 0 3262 0 1
gene 2 1092 13 -204495 0 3263 0 1
genomeend 62


/* Organism #64 Fitness: 300.000000 Time: 0 */
/* Position #64*/
#1 x: 73 y: 27
#2 x: 23 y: 23
#3 x: 57 y: 24
#4 x: 70 y: 62
#5 x: 24 y: 60
#6 x: 65 y: 63
genomestart 64
trait 1 1.000000 0.000000 0.000000 0.000000 0.000000 0.000000 0.000000 0.000000 trait 2 2.000000 0.000000 86530.000000 0.000000 0.000000 0.000000 40839.000000 0.000000 trait 3 3.000000 0.000000 0.000000 0.000000 0.000000 0.000000 0.000000 0.000000 trait 4 87559.000000 0.000000 0.000000 0.000000 0.000000 0.000000 48508.000000 17450.000000 node 1 4 1 3
node 2 2 1 1
node 3 2 1 1
node 4 2 1 1
node 5 1 1 1
node 6 1 1 1
node 7 3 1 1
node 8 1 1 1
node 9 1 1 1
node 10 4 1 1
node 11 4 1 1
node 12 1 1 1
node 13 3 0 2
node 14 1 0 2
node 15 2 0 2
node 92 1 0 0
node 121 1 0 0
node 183 1 0 0
node 238 1 0 0
node 293 1 0 0
node 409 2 0 0
node 471 1 0 0
node 524 1 0 0
node 617 1 0 0
node 634 1 0 0
node 652 1 0 0
node 701 1 0 0
node 737 4 0 0
node 851 1 0 0
node 917 1 0 0
node 1047 1 0 0
gene 4 1 13 222333 0 1 222333 1
gene 1 2 13 -153225 0 2 -153225 0
gene 2 3 13 -170424 0 3 -170424 1
gene 1 4 13 474900 0 4 474900 0
gene 1 5 13 120567 0 5 120567 0
gene 2 6 13 69969 0 6 69969 0
gene 3 7 13 -521234 0 7 -521234 1
gene 4 8 13 -670910 0 8 -670910 1
gene 3 9 13 -729666 0 9 -729666 1
gene 3 10 13 -682533 0 10 -682533 1
gene 1 11 13 617493 0 11 617493 1
gene 2 12 13 -61749 0 12 -61749 1
gene 1 1 14 137349 0 13 137349 1
gene 2 2 14 164151 0 14 164151 1
gene 1 3 14 -304146 0 15 -304146 1
gene 3 4 14 -103715 0 16 -103715 0
gene 4 5 14 -267378 0 17 -267378 1
gene 4 6 14 -2964 0 18 -2964 1
gene 2 7 14 -146598 0 19 -146598 1
gene 3 8 14 58138 0 20 58138 0
gene 2 9 14 -268971 0 21 -268971 0
gene 1 10 14 452739 0 22 452739 1
gene 3 11 14 663206 0 23 663206 0
gene 2 12 14 525360 0 24 525360 1
gene 3 1 15 -161259 0 25 -161259 1
gene 4 2 15 486528 0 26 486528 0
gene 3 3 15 -183222 0 27 -183222 1
gene 4 4 15 528036 0 28 528036 1
gene 1 5 15 -283482 0 29 -283482 0
gene 1 6 15 644441 0 30 644441 1
gene 2 7 15 97911 0 31 97911 0
gene 1 8 15 -800000 0 32 -800000 0
gene 4 9 15 480827 0 33 480827 1
gene 2 10 15 363840 0 34 363840 1
gene 4 11 15 733517 0 35 733517 1
gene 1 12 15 346347 0 36 346347 0
gene 3 14 15 -97494 0 66 -97494 1
gene 3 14 13 474605 0 95 474605 1
gene 3 8 92 -800000 0 253 -800000 1
gene 3 92 14 579465 0 254 579465 0
gene 2 92 92 518588 1 305 518588 1
gene 1 4 121 23184 0 333 23184 1
gene 1 121 13 742581 0 334 742581 1
gene 1 5 183 -459311 0 512 -459311 1
gene 1 183 13 -244791 0 513 -244791 1
gene 1 2 238 -221934 0 693 -221934 0
gene 1 238 13 -257463 0 694 -257463 1
gene 1 13 13 289213 1 827 289213 1
gene 2 7 293 -121575 0 869 -121575 1
gene 2 293 15 247188 0 870 247188 1
gene 3 15 13 60174 0 1133 60174 1
gene 2 9 409 -319316 0 1210 -319316 1
gene 2 409 14 7029 0 1211 7029 1
gene 2 92 121 -408431 0 1278 -408431 0
gene 2 409 293 -280017 0 1355 -280017 1
gene 1 12 471 497254 0 1399 497254 1
gene 1 471 15 -696273 0 1400 -696273 1
gene 3 11 524 -162228 0 1569 -162228 1
gene 3 524 14 -244158 0 1570 -244158 1
gene 4 6 471 -641637 0 1663 -641637 1
gene 4 409 15 287448 0 1765 287448 1
gene 1 5 617 -204534 0 1859 -204534 1
gene 1 617 15 196773 0 1860 196773 1
gene 1 2 634 -800000 0 1910 -800000 1
gene 1 634 238 -666141 0 1911 -666141 1
gene 2 92 652 -255939 0 1968 -255939 1
gene 2 652 121 -69714 0 1969 -69714 1
gene 2 6 701 -231627 0 2113 -231627 1
gene 2 701 13 178647 0 2114 178647 1
gene 3 92 737 -214655 0 2224 -214655 1
gene 3 737 14 -204249 0 2225 -204249 1
gene 2 121 617 -426208 0 2527 -426208 1
gene 4 2 851 -12897 0 2565 -12897 1
gene 4 851 15 75882 0 2566 75882 1
gene 3 15 183 212171 0 2710 212171 1
gene 1 8 917 -295796 0 2764 -295796 1
gene 1 917 15 -530804 0 2765 -530804 1
gene 2 15 15 -148475 1 2930 -148475 1
gene 4 5 121 -248934 0 3095 -248934 1
gene 3 4 1047 -255995 0 3145 -255995 1
gene 3 1047 14 91531 0 3146 91531 1
genomeend 64


