/* Organism #7 Fitness: 240.000000 Time: 0 */
/* Position #7*/
#1 x: 55 y: 34
#2 x: 75 y: 15
#3 x: 34 y: 37
#4 x: 43 y: 84
#5 x: 24 y: 65
#6 x: 64 y: 67
genomestart 7
trait 1 43007.000000 16300.000000 6994.000000 28041.000000 57524.000000 37112.000000 87908.000000 80535.000000 trait 2 0.000000 0.000000 100000.000000 95786.000000 51940.000000 0.000000 0.000000 62181.000000 trait 3 0.000000 0.000000 0.000000 51304.000000 0.000000 13538.000000 70969.000000 30146.000000 trait 4 4.000000 0.000000 0.000000 36940.000000 0.000000 0.000000 0.000000 0.000000 node 1 4 1 3
node 2 4 1 1
node 3 1 1 1
node 4 1 1 1
node 5 1 1 1
node 6 2 1 1
node 7 4 1 1
node 8 4 1 1
node 9 2 1 1
node 10 1 1 1
node 11 2 1 1
node 12 4 1 1
node 13 2 0 2
node 14 1 0 2
node 15 3 0 2
node 121 1 0 0
node 235 1 0 0
node 384 1 0 0
node 420 1 0 0
node 433 1 0 0
node 461 1 0 0
node 500 1 0 0
node 516 1 0 0
node 697 3 0 0
node 1018 1 0 0
node 1130 1 0 0
node 1323 3 0 0
node 1393 1 0 0
node 1479 1 0 0
node 1531 4 0 0
node 1683 1 0 0
node 1735 1 0 0
node 1875 1 0 0
node 2034 1 0 0
node 2142 1 0 0
node 2172 1 0 0
node 2206 1 0 0
node 2313 1 0 0
node 2332 1 0 0
node 2368 3 0 0
node 2491 1 0 0
node 2512 1 0 0
node 2530 1 0 0
node 2547 1 0 0
node 2692 1 0 0
node 2786 1 0 0
node 2915 1 0 0
node 3042 1 0 0
node 3079 1 0 0
node 3409 1 0 0
node 3542 1 0 0
node 3555 1 0 0
node 3590 1 0 0
node 3649 1 0 0
node 3668 1 0 0
node 3679 1 0 0
gene 2 1 13 -170253 0 1 -170253 1
gene 3 2 13 -492564 0 2 -492564 1
gene 2 3 13 -211371 0 3 -211371 1
gene 3 4 13 547157 0 4 547157 1
gene 2 5 13 461973 0 5 461973 0
gene 4 6 13 6777 0 6 6777 1
gene 3 7 13 5340 0 7 5340 1
gene 2 8 13 -78666 0 8 -78666 0
gene 3 9 13 21727 0 9 21727 1
gene 2 10 13 -197501 0 10 -197501 0
gene 2 11 13 -294867 0 11 -294867 1
gene 4 12 13 753038 0 12 753038 1
gene 2 1 14 345471 0 13 345471 1
gene 2 2 14 225290 0 14 225290 0
gene 4 3 14 -439035 0 15 -439035 1
gene 4 4 14 352175 0 16 352175 1
gene 4 5 14 587870 0 17 587870 1
gene 3 6 14 263742 0 18 263742 0
gene 2 7 14 -377169 0 19 -377169 1
gene 1 8 14 -96816 0 20 -96816 0
gene 3 9 14 -339381 0 21 -339381 1
gene 1 10 14 1350 0 22 1350 1
gene 1 11 14 -180309 0 23 -180309 1
gene 3 12 14 140724 0 24 140724 1
gene 3 1 15 -380145 0 25 -380145 1
gene 3 2 15 -269232 0 26 -269232 1
gene 3 3 15 423042 0 27 423042 0
gene 3 4 15 543603 0 28 543603 1
gene 3 5 15 298833 0 29 298833 1
gene 1 6 15 72322 0 30 72322 1
gene 3 7 15 714833 0 31 714833 1
gene 3 8 15 155136 0 32 155136 1
gene 3 9 15 -300498 0 33 -300498 1
gene 3 10 15 -272649 0 34 -272649 1
gene 2 11 15 -174156 0 35 -174156 1
gene 4 12 15 88491 0 36 88491 1
gene 4 15 15 39471 1 174 39471 1
gene 3 8 121 62109 0 329 62109 1
gene 3 121 15 -625098 0 330 -625098 1
gene 2 5 121 -18471 0 438 -18471 0
gene 2 7 121 -412911 0 483 -412911 0
gene 4 4 235 590802 0 666 590802 0
gene 4 235 14 548429 0 667 548429 1
gene 1 1 235 231930 0 753 231930 1
gene 3 9 235 445236 0 1108 445236 1
gene 3 10 384 -155706 0 1126 -155706 1
gene 3 384 15 -165867 0 1127 -165867 1
gene 2 14 14 -83397 1 1197 -83397 1
gene 3 7 420 151764 0 1239 151764 0
gene 3 420 15 667238 0 1240 667238 0
gene 3 2 433 147984 0 1284 147984 1
gene 3 433 13 235443 0 1285 235443 1
gene 4 3 461 511080 0 1352 511080 1
gene 4 461 14 -4512 0 1353 -4512 1
gene 4 15 500 -461018 1 1453 -461018 1
gene 4 500 15 87068 0 1454 87068 1
gene 1 8 516 -586398 0 1500 -586398 1
gene 1 516 14 -75468 0 1501 -75468 1
gene 1 384 121 127437 0 1548 127437 1
gene 2 8 461 269196 0 1965 269196 1
gene 3 3 697 -10242 0 2038 -10242 1
gene 3 697 15 -628029 0 2039 -628029 1
gene 2 1 500 395900 0 2133 395900 1
gene 1 3 433 6654 0 2628 6654 1
gene 1 516 516 -648791 1 2664 -648791 1
gene 3 8 1018 -71298 0 2997 -71298 1
gene 3 1018 121 266868 0 2998 266868 0
gene 3 15 433 -537708 0 3156 -537708 1
gene 1 10 1130 -528993 0 3329 -528993 1
gene 1 1130 14 -255201 0 3330 -255201 1
gene 3 500 697 616344 0 3371 616344 1
gene 2 3 516 -288051 0 3603 -288051 0
gene 2 9 1323 10077 0 3885 10077 0
gene 2 1323 14 154318 0 3886 154318 0
gene 2 121 420 -116382 0 3959 -116382 1
gene 2 8 1393 -647798 0 4093 -647798 1
gene 2 1393 13 -406626 0 4094 -406626 1
gene 1 11 1479 171402 0 4325 171402 1
gene 1 1479 14 190599 0 4326 190599 1
gene 4 12 1531 -633579 0 4477 -633579 1
gene 4 1531 15 -158049 0 4478 -158049 1
gene 3 1393 433 -146579 0 4734 -146579 1
gene 2 1323 1683 -800000 0 4950 -800000 1
gene 2 1683 14 357613 0 4951 357613 1
gene 3 6 1735 361542 0 5103 361542 1
gene 3 1735 14 -165354 0 5104 -165354 1
gene 1 5 516 -321699 0 5346 -321699 1
gene 1 516 433 -62988 0 5443 -62988 1
gene 3 2 1875 -339234 0 5505 -339234 1
gene 3 1875 433 680232 0 5506 680232 1
gene 1 1683 461 37311 0 5687 37311 1
gene 1 516 121 -667664 0 5877 -667664 1
gene 3 3 2034 -393750 0 5939 -393750 1
gene 3 2034 697 42048 0 5940 42048 1
gene 3 5 1479 544428 0 6157 544428 1
gene 3 7 2142 16362 0 6248 16362 1
gene 3 2142 420 457848 0 6249 457848 1
gene 3 420 2172 -40005 0 6332 -40005 1
gene 3 2172 15 800000 0 6333 800000 1
gene 2 1735 1735 283761 1 6388 283761 1
gene 2 8 2206 -180399 0 6436 -180399 1
gene 2 2206 1393 800000 0 6437 800000 1
gene 2 121 2313 -234189 0 6747 -234189 1
gene 2 2313 420 175539 0 6748 175539 1
gene 2 9 2332 -261087 0 6797 -261087 0
gene 2 2332 1323 -60021 0 6798 -60021 1
gene 4 1323 2034 219585 0 6848 219585 1
gene 2 7 2368 -717423 0 6897 -717423 1
gene 2 2368 121 -348891 0 6898 -348891 1
gene 2 384 1531 154152 0 7018 154152 1
gene 2 2142 1018 23202 0 7205 23202 1
gene 3 2206 2034 152199 0 7245 152199 1
gene 2 7 2491 320847 0 7283 320847 1
gene 2 2491 2368 -255477 0 7284 -255477 1
gene 2 5 2512 -201519 0 7337 -201519 1
gene 2 2512 13 -744159 0 7338 -744159 1
gene 2 10 2530 -235233 0 7387 -235233 1
gene 2 2530 13 -108081 0 7388 -108081 1
gene 3 9 2547 -62835 0 7440 -62835 0
gene 3 2547 13 34446 0 7441 34446 1
gene 2 2530 1479 -160791 0 7594 -160791 1
gene 1 1479 2692 152920 0 7856 152920 0
gene 1 2692 14 -166434 0 7857 -166434 1
gene 3 4 1130 -573354 0 7980 -573354 1
gene 4 3 2786 -92790 0 8132 -92790 1
gene 4 2786 14 412434 0 8133 412434 1
gene 3 384 384 564162 1 8429 564162 1
gene 2 3 2915 -290223 0 8516 -290223 1
gene 2 2915 516 -319176 0 8517 -319176 1
gene 4 433 433 -566046 1 8562 -566046 1
gene 2 2547 1479 359670 0 8709 359670 0
gene 3 2206 1683 187824 0 8777 187824 1
gene 2 5 3042 -153051 0 8890 -153051 1
gene 2 3042 121 -484077 0 8891 -484077 1
gene 1 1479 3079 278226 0 9004 278226 1
gene 1 3079 2692 -13890 0 9005 -13890 1
gene 4 516 2547 84069 0 9030 84069 0
gene 3 1875 2915 13263 0 9219 13263 1
gene 2 2 420 46866 0 9364 46866 1
gene 2 1735 1531 559937 0 9549 559937 1
gene 4 9 697 240612 0 9875 240612 1
gene 4 12 2786 -112434 0 9948 -112434 1
gene 2 2547 3409 417066 0 10007 417066 1
gene 2 3409 1479 -131955 0 10008 -131955 1
gene 2 2206 2206 438792 1 10238 438792 1
gene 3 1018 516 38845 0 10356 38845 1
gene 4 516 3542 -369230 0 10405 -369230 1
gene 4 3542 2547 190077 0 10406 190077 1
gene 2 9 3555 104161 0 10451 104161 1
gene 3 3555 2547 -188472 0 10452 -188472 1
gene 3 2206 2915 -313699 0 10490 -313699 1
gene 2 9 3590 -486014 0 10547 -486014 1
gene 2 3590 2332 247167 0 10548 247167 1
gene 1 1735 2692 139777 0 10681 139777 1
gene 2 1323 3649 -19127 0 10727 -19127 1
gene 2 3649 14 336967 0 10728 336967 1
gene 4 4 3668 1 0 10780 1 1
gene 4 3668 235 436281 0 10781 436281 1
gene 2 2 3679 -192467 0 10825 -192467 1
gene 2 3679 14 320585 0 10826 320585 1
gene 3 12 3409 387915 0 10865 387915 1
gene 2 7 1323 78069 0 10911 78069 1
genomeend 7


/* Organism #14 Fitness: 230.000000 Time: 0 */
/* Position #14*/
#1 x: 27 y: 17
#2 x: 36 y: 31
#3 x: 43 y: 37
#4 x: 58 y: 85
#5 x: 74 y: 62
#6 x: 41 y: 78
genomestart 14
trait 1 43007.000000 16300.000000 6994.000000 28041.000000 57524.000000 37112.000000 87908.000000 80535.000000 trait 2 0.000000 0.000000 100000.000000 95786.000000 51940.000000 0.000000 0.000000 62181.000000 trait 3 0.000000 0.000000 0.000000 51304.000000 0.000000 13538.000000 70969.000000 30146.000000 trait 4 4.000000 0.000000 0.000000 36940.000000 0.000000 0.000000 0.000000 0.000000 node 1 4 1 3
node 2 4 1 1
node 3 1 1 1
node 4 1 1 1
node 5 1 1 1
node 6 2 1 1
node 7 4 1 1
node 8 4 1 1
node 9 2 1 1
node 10 1 1 1
node 11 2 1 1
node 12 4 1 1
node 13 2 0 2
node 14 1 0 2
node 15 3 0 2
node 121 1 0 0
node 235 1 0 0
node 384 1 0 0
node 420 1 0 0
node 433 1 0 0
node 461 1 0 0
node 500 1 0 0
node 516 1 0 0
node 697 3 0 0
node 1018 1 0 0
node 1130 1 0 0
node 1323 3 0 0
node 1393 1 0 0
node 1479 1 0 0
node 1531 4 0 0
node 1683 1 0 0
node 1735 1 0 0
node 1875 1 0 0
node 2034 1 0 0
node 2142 1 0 0
node 2172 1 0 0
node 2206 1 0 0
node 2313 1 0 0
node 2332 1 0 0
node 2368 3 0 0
node 2491 1 0 0
node 2512 1 0 0
node 2530 1 0 0
node 2547 1 0 0
node 2692 1 0 0
node 2786 1 0 0
node 2915 1 0 0
node 3042 1 0 0
node 3079 1 0 0
node 3409 1 0 0
node 3542 1 0 0
node 3555 1 0 0
node 3590 1 0 0
gene 2 1 13 293298 0 1 293298 1
gene 3 2 13 -437142 0 2 -437142 1
gene 2 3 13 -550389 0 3 -550389 1
gene 3 4 13 581540 0 4 581540 1
gene 2 5 13 726324 0 5 726324 0
gene 4 6 13 -434166 0 6 -434166 1
gene 3 7 13 68817 0 7 68817 1
gene 2 8 13 -196746 0 8 -196746 0
gene 3 9 13 -391838 0 9 -391838 1
gene 2 10 13 -658697 0 10 -658697 0
gene 2 11 13 -407733 0 11 -407733 1
gene 4 12 13 800000 0 12 800000 1
gene 2 1 14 800000 0 13 800000 1
gene 2 2 14 158573 0 14 158573 1
gene 4 3 14 -528882 0 15 -528882 1
gene 4 4 14 -24841 0 16 -24841 1
gene 4 5 14 282833 0 17 282833 1
gene 3 6 14 -345195 0 18 -345195 0
gene 2 7 14 322122 0 19 322122 1
gene 1 8 14 -421911 0 20 -421911 0
gene 3 9 14 -463449 0 21 -463449 1
gene 1 10 14 -16620 0 22 -16620 1
gene 1 11 14 200997 0 23 200997 1
gene 3 12 14 371961 0 24 371961 1
gene 3 1 15 -146607 0 25 -146607 1
gene 3 2 15 246984 0 26 246984 1
gene 3 3 15 -158526 0 27 -158526 0
gene 3 4 15 210378 0 28 210378 1
gene 3 5 15 -474627 0 29 -474627 1
gene 1 6 15 -361904 0 30 -361904 1
gene 3 7 15 -17557 0 31 -17557 1
gene 3 8 15 405453 0 32 405453 1
gene 3 9 15 -576618 0 33 -576618 1
gene 3 10 15 598941 0 34 598941 1
gene 2 11 15 -382332 0 35 -382332 1
gene 4 12 15 23748 0 36 23748 1
gene 4 15 15 144348 1 174 144348 1
gene 3 8 121 594690 0 329 594690 1
gene 3 121 15 -427887 0 330 -427887 1
gene 2 5 121 278520 0 438 278520 0
gene 2 7 121 -768881 0 483 -768881 0
gene 4 4 235 312894 0 666 312894 1
gene 4 235 14 234401 0 667 234401 1
gene 1 1 235 -296268 0 753 -296268 1
gene 3 9 235 -106356 0 1108 -106356 1
gene 3 10 384 -35955 0 1126 -35955 1
gene 3 384 15 -154257 0 1127 -154257 1
gene 2 14 14 -183225 1 1197 -183225 1
gene 3 7 420 572790 0 1239 572790 0
gene 3 420 15 704573 0 1240 704573 0
gene 3 2 433 477252 0 1284 477252 1
gene 3 433 13 -305574 0 1285 -305574 1
gene 4 3 461 556971 0 1352 556971 1
gene 4 461 14 383676 0 1353 383676 1
gene 4 15 500 -130688 1 1453 -130688 1
gene 4 500 15 222545 0 1454 222545 1
gene 1 8 516 -652937 0 1500 -652937 1
gene 1 516 14 -258657 0 1501 -258657 1
gene 1 384 121 -563784 0 1548 -563784 1
gene 2 8 461 538893 0 1965 538893 1
gene 3 3 697 104631 0 2038 104631 1
gene 3 697 15 -28155 0 2039 -28155 1
gene 2 1 500 665567 0 2133 665567 1
gene 1 3 433 543501 0 2628 543501 1
gene 1 516 516 -800000 1 2664 -800000 1
gene 3 8 1018 549651 0 2997 549651 1
gene 3 1018 121 488700 0 2998 488700 0
gene 3 15 433 -126693 0 3156 -126693 1
gene 1 10 1130 -59673 0 3329 -59673 1
gene 1 1130 14 20502 0 3330 20502 1
gene 3 500 697 292278 0 3371 292278 1
gene 2 3 516 -712434 0 3603 -712434 0
gene 2 9 1323 349068 0 3885 349068 0
gene 2 1323 14 604198 0 3886 604198 1
gene 2 121 420 106605 0 3959 106605 1
gene 2 8 1393 -654524 0 4093 -654524 1
gene 2 1393 13 -800000 0 4094 -800000 1
gene 1 11 1479 676116 0 4325 676116 1
gene 1 1479 14 -423483 0 4326 -423483 1
gene 4 12 1531 -630647 0 4477 -630647 1
gene 4 1531 15 -106014 0 4478 -106014 1
gene 3 1393 433 800000 0 4734 800000 1
gene 2 1323 1683 -708338 0 4950 -708338 1
gene 2 1683 14 730444 0 4951 730444 1
gene 3 6 1735 273354 0 5103 273354 1
gene 3 1735 14 -485898 0 5104 -485898 1
gene 1 5 516 -80385 0 5346 -80385 1
gene 1 516 433 239514 0 5443 239514 1
gene 3 2 1875 -422280 0 5505 -422280 1
gene 3 1875 433 -101826 0 5506 -101826 1
gene 1 1683 461 -655821 0 5687 -655821 1
gene 1 516 121 -487784 0 5877 -487784 1
gene 3 3 2034 116466 0 5939 116466 1
gene 3 2034 697 -152154 0 5940 -152154 1
gene 3 5 1479 800000 0 6157 800000 1
gene 3 7 2142 297450 0 6248 297450 1
gene 3 2142 420 -24174 0 6249 -24174 1
gene 3 420 2172 421869 0 6332 421869 1
gene 3 2172 15 705929 0 6333 705929 1
gene 2 1735 1735 -612507 1 6388 -612507 1
gene 2 8 2206 -526782 0 6436 -526782 1
gene 2 2206 1393 609098 0 6437 609098 1
gene 2 121 2313 -800000 0 6747 -800000 1
gene 2 2313 420 89826 0 6748 89826 1
gene 2 9 2332 -51690 0 6797 -51690 0
gene 2 2332 1323 220350 0 6798 220350 1
gene 4 1323 2034 800000 0 6848 800000 1
gene 2 7 2368 -676508 0 6897 -676508 1
gene 2 2368 121 -800000 0 6898 -800000 1
gene 2 384 1531 590486 0 7018 590486 1
gene 2 2142 1018 571725 0 7205 571725 1
gene 3 2206 2034 -226203 0 7245 -226203 1
gene 2 7 2491 637049 0 7283 637049 1
gene 2 2491 2368 -41946 0 7284 -41946 1
gene 2 5 2512 -800000 0 7337 -800000 1
gene 2 2512 13 563430 0 7338 563430 1
gene 2 10 2530 312882 0 7387 312882 1
gene 2 2530 13 322986 0 7388 322986 1
gene 3 9 2547 45657 0 7440 45657 0
gene 3 2547 13 -319992 0 7441 -319992 1
gene 2 2530 1479 -25209 0 7594 -25209 1
gene 1 1479 2692 -218144 0 7856 -218144 0
gene 1 2692 14 136155 0 7857 136155 1
gene 3 4 1130 -600513 0 7980 -600513 1
gene 4 3 2786 289581 0 8132 289581 1
gene 4 2786 14 -7350 0 8133 -7350 1
gene 3 384 384 -305598 1 8429 -305598 1
gene 2 3 2915 111132 0 8516 111132 1
gene 2 2915 516 -160830 0 8517 -160830 1
gene 4 433 433 -261582 1 8562 -261582 1
gene 2 2547 1479 194685 0 8709 194685 0
gene 3 2206 1683 -144786 0 8777 -144786 1
gene 2 5 3042 -233658 0 8890 -233658 1
gene 2 3042 121 -313566 0 8891 -313566 1
gene 1 1479 3079 -174600 0 9004 -174600 1
gene 1 3079 2692 -223080 0 9005 -223080 1
gene 4 516 2547 35910 0 9030 35910 0
gene 3 1875 2915 -233193 0 9219 -233193 1
gene 2 2 420 47100 0 9364 47100 1
gene 2 1735 1531 800000 0 9549 800000 1
gene 4 9 697 155382 0 9875 155382 1
gene 4 12 2786 -105354 0 9948 -105354 1
gene 2 2547 3409 561402 0 10007 561402 1
gene 2 3409 1479 -252435 0 10008 -252435 1
gene 2 2206 2206 -159258 1 10238 -159258 1
gene 3 1018 516 800000 0 10356 800000 1
gene 4 516 3542 -67289 0 10405 -67289 1
gene 4 3542 2547 -167361 0 10406 -167361 1
gene 2 9 3555 224859 0 10451 224859 1
gene 3 3555 2547 -560652 0 10452 -560652 1
gene 3 2206 2915 -434101 0 10490 -434101 1
gene 2 9 3590 358737 0 10547 358737 1
gene 2 3590 2332 -800000 0 10548 -800000 1
gene 1 1735 2692 -382164 0 10681 -382164 1
genomeend 14


/* Organism #16 Fitness: 270.000000 Time: 0 */
/* Position #16*/
#1 x: 15 y: 27
#2 x: 36 y: 27
#3 x: 21 y: 30
#4 x: 77 y: 84
#5 x: 29 y: 60
#6 x: 44 y: 66
genomestart 16
trait 1 43007.000000 16300.000000 6994.000000 28041.000000 57524.000000 37112.000000 87908.000000 80535.000000 trait 2 30533.000000 24215.000000 70868.000000 0.000000 0.000000 0.000000 0.000000 18399.000000 trait 3 0.000000 83419.000000 0.000000 65858.000000 0.000000 0.000000 100000.000000 41343.000000 trait 4 26570.000000 0.000000 0.000000 0.000000 0.000000 76740.000000 100000.000000 100000.000000 node 1 4 1 3
node 2 4 1 1
node 3 1 1 1
node 4 1 1 1
node 5 1 1 1
node 6 2 1 1
node 7 4 1 1
node 8 4 1 1
node 9 2 1 1
node 10 1 1 1
node 11 2 1 1
node 12 4 1 1
node 13 2 0 2
node 14 1 0 2
node 15 3 0 2
node 121 1 0 0
node 235 1 0 0
node 384 1 0 0
node 420 1 0 0
node 433 1 0 0
node 461 1 0 0
node 500 1 0 0
node 516 1 0 0
node 697 3 0 0
node 1018 1 0 0
node 1130 1 0 0
node 1323 3 0 0
node 1393 1 0 0
node 1479 1 0 0
node 1531 3 0 0
node 1683 1 0 0
node 1735 1 0 0
node 1875 1 0 0
node 2034 1 0 0
node 2142 1 0 0
node 2172 1 0 0
node 2206 1 0 0
node 2313 1 0 0
node 2332 1 0 0
node 2368 4 0 0
node 2491 1 0 0
node 2512 1 0 0
node 2530 1 0 0
node 2547 1 0 0
node 2692 1 0 0
node 2786 1 0 0
node 2912 1 0 0
node 3009 1 0 0
node 3109 1 0 0
node 3157 1 0 0
node 3182 1 0 0
node 3270 1 0 0
node 3412 1 0 0
node 3599 1 0 0
node 3705 1 0 0
node 3728 1 0 0
gene 2 1 13 -800000 0 1 -800000 1
gene 3 2 13 -800000 0 2 -800000 1
gene 2 3 13 -216585 0 3 -216585 1
gene 3 4 13 -275484 0 4 -275484 1
gene 2 5 13 56532 0 5 56532 0
gene 4 6 13 755730 0 6 755730 1
gene 3 7 13 -316992 0 7 -316992 1
gene 2 8 13 64338 0 8 64338 0
gene 3 9 13 -731831 0 9 -731831 1
gene 2 10 13 265851 0 10 265851 0
gene 2 11 13 71121 0 11 71121 1
gene 4 12 13 429105 0 12 429105 1
gene 2 1 14 -96462 0 13 -96462 1
gene 2 2 14 -593541 0 14 -593541 1
gene 4 3 14 95259 0 15 95259 0
gene 4 4 14 591980 0 16 591980 0
gene 4 5 14 -213453 0 17 -213453 1
gene 3 6 14 387894 0 18 387894 0
gene 2 7 14 -111 0 19 -111 1
gene 3 8 14 584985 0 20 584985 0
gene 3 9 14 -800000 0 21 -800000 1
gene 1 10 14 428475 0 22 428475 0
gene 1 11 14 -227091 0 23 -227091 1
gene 4 12 14 -444444 0 24 -444444 1
gene 3 1 15 98174 0 25 98174 1
gene 3 2 15 30660 0 26 30660 1
gene 3 3 15 -109830 0 27 -109830 0
gene 3 4 15 288111 0 28 288111 1
gene 3 5 15 249014 0 29 249014 1
gene 1 6 15 -487953 0 30 -487953 1
gene 3 7 15 -200808 0 31 -200808 1
gene 3 8 15 526035 0 32 526035 1
gene 3 9 15 800000 0 33 800000 1
gene 3 10 15 800000 0 34 800000 0
gene 2 11 15 -57474 0 35 -57474 1
gene 4 12 15 257175 0 36 257175 0
gene 4 15 15 800000 1 174 800000 0
gene 3 8 121 800000 0 329 800000 0
gene 3 121 15 -367356 0 330 -367356 1
gene 2 5 121 -52065 0 438 -52065 1
gene 2 7 121 178944 0 483 178944 0
gene 4 4 235 -94059 0 666 -94059 1
gene 4 235 14 309603 0 667 309603 1
gene 1 1 235 246603 0 753 246603 1
gene 3 9 235 -445065 0 1108 -445065 1
gene 3 10 384 189897 0 1126 189897 1
gene 3 384 15 -270726 0 1127 -270726 1
gene 2 14 14 -326885 1 1197 -326885 1
gene 3 7 420 637491 0 1239 637491 0
gene 3 420 15 -514662 0 1240 -514662 0
gene 3 2 433 210315 0 1284 210315 1
gene 3 433 13 -229740 0 1285 -229740 1
gene 4 3 461 227532 0 1352 227532 1
gene 4 461 14 -74087 0 1353 -74087 1
gene 4 15 500 257946 1 1453 257946 1
gene 4 500 15 -158502 0 1454 -158502 0
gene 1 8 516 -105444 0 1500 -105444 1
gene 1 516 14 -157854 0 1501 -157854 1
gene 1 384 121 446838 0 1548 446838 1
gene 2 8 461 -544164 0 1965 -544164 1
gene 3 3 697 -286596 0 2038 -286596 0
gene 3 697 15 76962 0 2039 76962 1
gene 2 1 500 -750747 0 2133 -750747 1
gene 1 3 433 555279 0 2628 555279 1
gene 1 516 516 -121845 1 2664 -121845 0
gene 3 8 1018 -270555 0 2997 -270555 1
gene 3 1018 121 626045 0 2998 626045 0
gene 3 15 433 99327 0 3156 99327 1
gene 1 10 1130 -154899 0 3329 -154899 1
gene 1 1130 14 -253799 0 3330 -253799 1
gene 3 500 697 -193749 0 3371 -193749 1
gene 2 3 516 270069 0 3603 270069 1
gene 2 9 1323 294642 0 3885 294642 0
gene 2 1323 14 -668061 0 3886 -668061 0
gene 2 121 420 148587 0 3959 148587 1
gene 2 8 1393 -708933 0 4093 -708933 1
gene 2 1393 13 -240999 0 4094 -240999 1
gene 1 11 1479 563436 0 4325 563436 1
gene 1 1479 14 225866 0 4326 225866 1
gene 4 12 1531 549174 0 4477 549174 1
gene 4 1531 15 -726143 0 4478 -726143 1
gene 3 1393 433 582384 0 4734 582384 1
gene 2 1323 1683 413211 0 4950 413211 1
gene 2 1683 14 800000 0 4951 800000 1
gene 3 6 1735 583386 0 5103 583386 1
gene 3 1735 14 -155145 0 5104 -155145 0
gene 1 5 516 -500069 0 5346 -500069 1
gene 1 516 433 -365604 0 5443 -365604 1
gene 3 2 1875 10539 0 5505 10539 1
gene 3 1875 433 327735 0 5506 327735 1
gene 1 1683 461 -448701 0 5687 -448701 1
gene 1 516 121 107430 0 5877 107430 1
gene 3 3 2034 -492984 0 5939 -492984 1
gene 3 2034 697 166009 0 5940 166009 1
gene 3 5 1479 -155205 0 6157 -155205 1
gene 3 7 2142 -800000 0 6248 -800000 1
gene 3 2142 420 -71084 0 6249 -71084 1
gene 3 420 2172 502131 0 6332 502131 1
gene 3 2172 15 681114 0 6333 681114 1
gene 2 1735 1735 43922 1 6388 43922 1
gene 2 8 2206 430718 0 6436 430718 1
gene 2 2206 1393 378186 0 6437 378186 1
gene 2 121 2313 124809 0 6747 124809 1
gene 2 2313 420 36141 0 6748 36141 1
gene 2 9 2332 463929 0 6797 463929 1
gene 2 2332 1323 -153267 0 6798 -153267 1
gene 4 1323 2034 -266847 0 6848 -266847 1
gene 2 7 2368 -300063 0 6897 -300063 1
gene 2 2368 121 -800000 0 6898 -800000 1
gene 2 384 1531 407496 0 7018 407496 1
gene 2 2142 1018 -800000 0 7205 -800000 0
gene 3 2206 2034 -445676 0 7245 -445676 1
gene 2 7 2491 405993 0 7283 405993 1
gene 2 2491 2368 -82539 0 7284 -82539 1
gene 2 5 2512 -354073 0 7337 -354073 1
gene 2 2512 13 62796 0 7338 62796 1
gene 2 10 2530 302529 0 7387 302529 1
gene 2 2530 13 106035 0 7388 106035 1
gene 3 9 2547 -239826 0 7440 -239826 1
gene 3 2547 13 569577 0 7441 569577 1
gene 2 2530 1479 -469425 0 7594 -469425 1
gene 1 1479 2692 -78327 0 7856 -78327 1
gene 1 2692 14 -30369 0 7857 -30369 1
gene 3 4 1130 528534 0 7980 528534 1
gene 4 3 2786 282492 0 8132 282492 1
gene 4 2786 14 -299394 0 8133 -299394 1
gene 4 2547 1735 -98238 0 8311 -98238 1
gene 3 2692 461 267309 0 8358 267309 1
gene 4 500 2912 30429 0 8507 30429 1
gene 1 2912 15 -273099 0 8508 -273099 0
gene 1 2912 1130 135060 0 8750 135060 1
gene 2 2142 3009 157134 0 8799 157134 0
gene 2 3009 1018 688542 0 8800 688542 1
gene 3 2034 2034 293325 1 8851 293325 1
gene 3 3 3109 374919 0 9107 374919 1
gene 3 3109 697 -367770 0 9108 -367770 1
gene 1 2912 3157 350508 0 9248 350508 1
gene 1 3157 15 -42159 0 9249 -42159 1
gene 3 2530 121 193512 0 9284 193512 0
gene 1 516 3182 -70872 1 9328 -70872 1
gene 1 3182 516 265398 0 9329 265398 1
gene 1 2491 1531 -196911 0 9377 -196911 1
gene 3 2530 3270 -241260 0 9577 -241260 1
gene 3 3270 121 401403 0 9578 401403 1
gene 4 2512 2512 -325380 1 9707 -325380 1
gene 4 1683 1393 274914 0 9807 274914 1
gene 2 2142 3412 -175695 0 10015 -175695 1
gene 2 3412 3009 -222939 0 10016 -222939 1
gene 1 1 2034 27315 0 10265 27315 1
gene 1 3412 3412 -375604 1 10366 -375604 1
gene 2 500 2332 -632784 0 10431 -632784 1
gene 3 1735 3599 -70544 0 10574 -70544 0
gene 3 3599 14 254754 0 10575 254754 1
gene 3 1735 3705 1 0 10921 0 1
gene 3 3705 3599 -70544 0 10922 0 1
gene 1 10 3728 1 0 10984 0 1
gene 1 3728 14 428475 0 10985 0 1
genomeend 16


/* Organism #30 Fitness: 320.000000 Time: 0 */
/* Position #30*/
#1 x: 75 y: 40
#2 x: 22 y: 15
#3 x: 34 y: 39
#4 x: 76 y: 84
#5 x: 43 y: 83
#6 x: 37 y: 82
genomestart 30
trait 1 78708.000000 100000.000000 6994.000000 0.000000 57524.000000 100000.000000 87908.000000 100000.000000 trait 2 7350.000000 88783.000000 70868.000000 0.000000 0.000000 0.000000 54579.000000 18399.000000 trait 3 0.000000 0.000000 44883.000000 65858.000000 41337.000000 0.000000 100000.000000 41343.000000 trait 4 4.000000 0.000000 0.000000 36940.000000 0.000000 0.000000 0.000000 37957.000000 node 1 4 1 3
node 2 4 1 1
node 3 1 1 1
node 4 1 1 1
node 5 1 1 1
node 6 2 1 1
node 7 4 1 1
node 8 4 1 1
node 9 2 1 1
node 10 1 1 1
node 11 2 1 1
node 12 4 1 1
node 13 2 0 2
node 14 1 0 2
node 15 3 0 2
node 121 1 0 0
node 235 1 0 0
node 384 2 0 0
node 420 1 0 0
node 433 1 0 0
node 461 1 0 0
node 500 1 0 0
node 516 1 0 0
node 697 3 0 0
node 1018 1 0 0
node 1130 1 0 0
node 1323 3 0 0
node 1393 1 0 0
node 1479 1 0 0
node 1531 3 0 0
node 1683 1 0 0
node 1735 2 0 0
node 1875 1 0 0
node 2034 1 0 0
node 2142 1 0 0
node 2172 1 0 0
node 2206 1 0 0
node 2313 1 0 0
node 2332 1 0 0
node 2368 1 0 0
node 2491 1 0 0
node 2512 1 0 0
node 2530 1 0 0
node 2547 1 0 0
node 2692 1 0 0
node 2786 1 0 0
node 2912 1 0 0
node 3009 1 0 0
node 3108 1 0 0
node 3213 1 0 0
node 3249 1 0 0
node 3336 1 0 0
node 3356 1 0 0
node 3443 1 0 0
node 3469 1 0 0
node 3532 1 0 0
node 3658 1 0 0
node 3715 1 0 0
node 3733 1 0 0
gene 2 1 13 646611 0 1 646611 1
gene 3 2 13 299655 0 2 299655 1
gene 2 3 13 454497 0 3 454497 1
gene 3 4 13 -227760 0 4 -227760 1
gene 2 5 13 -380943 0 5 -380943 0
gene 4 6 13 -623874 0 6 -623874 1
gene 3 7 13 -455451 0 7 -455451 1
gene 2 8 13 473013 0 8 473013 0
gene 3 9 13 47919 0 9 47919 1
gene 2 10 13 -82542 0 10 -82542 1
gene 2 11 13 800000 0 11 800000 1
gene 4 12 13 425853 0 12 425853 1
gene 2 1 14 -179808 0 13 -179808 1
gene 2 2 14 482361 0 14 482361 1
gene 4 3 14 -356709 0 15 -356709 0
gene 4 4 14 3051 0 16 3051 1
gene 4 5 14 5151 0 17 5151 1
gene 3 6 14 527169 0 18 527169 0
gene 2 7 14 -800000 0 19 -800000 1
gene 1 8 14 -215466 0 20 -215466 0
gene 3 9 14 37101 0 21 37101 1
gene 1 10 14 761384 0 22 761384 0
gene 1 11 14 341376 0 23 341376 1
gene 4 12 14 -247452 0 24 -247452 1
gene 3 1 15 -79818 0 25 -79818 1
gene 3 2 15 267015 0 26 267015 1
gene 3 3 15 -283489 0 27 -283489 1
gene 3 4 15 -487761 0 28 -487761 1
gene 3 5 15 695751 0 29 695751 1
gene 1 6 15 66420 0 30 66420 1
gene 3 7 15 19170 0 31 19170 1
gene 3 8 15 182124 0 32 182124 1
gene 3 9 15 -526389 0 33 -526389 1
gene 3 10 15 -227175 0 34 -227175 0
gene 2 11 15 33663 0 35 33663 1
gene 4 12 15 162558 0 36 162558 0
gene 4 15 15 -321489 1 174 -321489 1
gene 3 8 121 -32049 0 329 -32049 0
gene 3 121 15 235347 0 330 235347 1
gene 2 5 121 -570972 0 438 -570972 1
gene 2 7 121 -123561 0 483 -123561 0
gene 4 4 235 744647 0 666 744647 1
gene 4 235 14 -41205 0 667 -41205 0
gene 1 1 235 -276039 0 753 -276039 1
gene 3 9 235 -52623 0 1108 -52623 1
gene 3 10 384 83919 0 1126 83919 1
gene 3 384 15 718001 0 1127 718001 1
gene 2 14 14 60459 1 1197 60459 1
gene 3 7 420 112521 0 1239 112521 0
gene 3 420 15 -325926 0 1240 -325926 0
gene 3 2 433 192369 0 1284 192369 1
gene 3 433 13 -25428 0 1285 -25428 1
gene 4 3 461 -800000 0 1352 -800000 1
gene 4 461 14 -70302 0 1353 -70302 1
gene 4 15 500 -454371 1 1453 -454371 1
gene 4 500 15 510402 0 1454 510402 0
gene 1 8 516 656393 0 1500 656393 1
gene 1 516 14 93987 0 1501 93987 0
gene 1 384 121 712320 0 1548 712320 1
gene 2 8 461 266184 0 1965 266184 1
gene 3 3 697 -493338 0 2038 -493338 1
gene 3 697 15 331625 0 2039 331625 0
gene 2 1 500 -257106 0 2133 -257106 1
gene 1 3 433 -199905 0 2628 -199905 1
gene 1 516 516 -257955 1 2664 -257955 1
gene 3 8 1018 359841 0 2997 359841 1
gene 3 1018 121 -375291 0 2998 -375291 0
gene 3 15 433 720263 0 3156 720263 1
gene 2 10 1130 118590 0 3329 118590 1
gene 1 1130 14 238608 0 3330 238608 1
gene 3 500 697 -186474 0 3371 -186474 1
gene 2 3 516 -317364 0 3603 -317364 1
gene 2 9 1323 668511 0 3885 668511 0
gene 2 1323 14 352686 0 3886 352686 1
gene 2 121 420 -548616 0 3959 -548616 1
gene 2 8 1393 37764 0 4093 37764 1
gene 2 1393 13 27642 0 4094 27642 0
gene 1 11 1479 -404631 0 4325 -404631 1
gene 1 1479 14 -98193 0 4326 -98193 1
gene 4 12 1531 36909 0 4477 36909 1
gene 4 1531 15 -62628 0 4478 -62628 1
gene 3 1393 433 -800000 0 4734 -800000 1
gene 2 1323 1683 629519 0 4950 629519 1
gene 2 1683 14 -267109 0 4951 -267109 1
gene 3 6 1735 -673938 0 5103 -673938 1
gene 3 1735 14 800000 0 5104 800000 1
gene 1 5 516 -542190 0 5346 -542190 1
gene 1 516 433 -159957 0 5443 -159957 1
gene 3 2 1875 616349 0 5505 616349 1
gene 3 1875 433 -201534 0 5506 -201534 1
gene 1 1683 461 -185865 0 5687 -185865 1
gene 1 516 121 60330 0 5877 60330 1
gene 3 3 2034 -209526 0 5939 -209526 1
gene 3 2034 697 -250629 0 5940 -250629 1
gene 3 5 1479 65325 0 6157 65325 1
gene 3 7 2142 -132954 0 6248 -132954 1
gene 3 2142 420 -215931 0 6249 -215931 1
gene 3 420 2172 -147024 0 6332 -147024 1
gene 3 2172 15 -245217 0 6333 -245217 1
gene 2 1735 1735 71073 1 6388 71073 1
gene 2 8 2206 -242559 0 6436 -242559 1
gene 1 2206 1393 76002 0 6437 76002 1
gene 2 121 2313 320061 0 6747 320061 1
gene 2 2313 420 450516 0 6748 450516 1
gene 2 9 2332 47634 0 6797 47634 0
gene 2 2332 1323 172377 0 6798 172377 1
gene 4 1323 2034 -670640 0 6848 -670640 1
gene 2 7 2368 32376 0 6897 32376 1
gene 2 2368 121 210591 0 6898 210591 1
gene 2 384 1531 83649 0 7018 83649 1
gene 2 2142 1018 -7161 0 7205 -7161 1
gene 3 2206 2034 528012 0 7245 528012 1
gene 2 7 2491 432837 0 7283 432837 1
gene 2 2491 2368 429405 0 7284 429405 1
gene 2 5 2512 62076 0 7337 62076 1
gene 2 2512 13 -800000 0 7338 -800000 0
gene 2 10 2530 110547 0 7387 110547 1
gene 2 2530 13 -268818 0 7388 -268818 1
gene 3 9 2547 380909 0 7440 380909 1
gene 3 2547 13 -92190 0 7441 -92190 1
gene 2 2530 1479 132426 0 7594 132426 0
gene 1 1479 2692 -13146 0 7856 -13146 1
gene 1 2692 14 -14415 0 7857 -14415 1
gene 3 4 1130 -13227 0 7980 -13227 1
gene 4 3 2786 -206553 0 8132 -206553 1
gene 4 2786 14 -67260 0 8133 -67260 0
gene 4 2547 1735 405693 0 8311 405693 1
gene 3 2692 461 -479325 0 8358 -479325 1
gene 4 500 2912 188076 0 8507 188076 1
gene 1 2912 15 -447681 0 8508 -447681 1
gene 1 2912 1130 -173427 0 8750 -173427 1
gene 2 2142 3009 -16368 0 8799 -16368 1
gene 2 3009 1018 438111 0 8800 438111 0
gene 3 2034 2034 -177117 1 8851 -177117 1
gene 2 2512 3108 -88644 0 9104 -88644 1
gene 2 3108 13 180876 0 9105 180876 1
gene 1 2491 235 -78531 0 9236 -78531 1
gene 2 9 3213 325773 0 9416 325773 1
gene 2 3213 2332 -474780 0 9417 -474780 1
gene 1 516 3249 -44733 0 9516 -44733 1
gene 1 3249 14 -36939 0 9517 -36939 1
gene 2 1393 3336 -249648 0 9780 -249648 1
gene 2 3336 13 6747 0 9781 6747 1
gene 2 2530 3356 103287 0 9835 103287 1
gene 2 3356 1479 264012 0 9836 264012 1
gene 3 2034 3443 -187203 1 10105 -187203 1
gene 3 3443 2034 -405030 0 10106 -405030 1
gene 3 697 3469 -47664 0 10184 -47664 1
gene 3 3469 15 693437 0 10185 693437 1
gene 3 3009 3009 490209 1 10235 490209 1
gene 2 3009 3532 -800000 0 10378 -800000 1
gene 2 3532 1018 -63504 0 10379 -63504 1
gene 1 10 3658 27405 0 10754 27405 1
gene 1 3658 14 800000 0 10755 800000 1
gene 2 1393 1323 39706 0 10793 39706 1
gene 4 2786 3715 1 0 10952 0 1
gene 4 3715 14 -67260 0 10953 0 1
gene 4 235 3733 1 0 10999 0 1
gene 4 3733 14 -41205 0 11000 0 1
genomeend 30


/* Organism #32 Fitness: 300.000000 Time: 0 */
/* Position #32*/
#1 x: 30 y: 33
#2 x: 84 y: 35
#3 x: 59 y: 30
#4 x: 23 y: 80
#5 x: 59 y: 61
#6 x: 73 y: 82
genomestart 32
trait 1 43007.000000 16300.000000 6994.000000 28041.000000 57524.000000 37112.000000 87908.000000 80535.000000 trait 2 0.000000 0.000000 100000.000000 95786.000000 51940.000000 0.000000 0.000000 62181.000000 trait 3 0.000000 0.000000 0.000000 51304.000000 0.000000 13538.000000 70969.000000 30146.000000 trait 4 4.000000 0.000000 0.000000 36940.000000 0.000000 0.000000 0.000000 0.000000 node 1 4 1 3
node 2 4 1 1
node 3 1 1 1
node 4 1 1 1
node 5 1 1 1
node 6 2 1 1
node 7 4 1 1
node 8 4 1 1
node 9 2 1 1
node 10 1 1 1
node 11 2 1 1
node 12 4 1 1
node 13 2 0 2
node 14 1 0 2
node 15 3 0 2
node 121 1 0 0
node 235 1 0 0
node 384 1 0 0
node 420 1 0 0
node 433 1 0 0
node 461 1 0 0
node 500 1 0 0
node 516 1 0 0
node 697 3 0 0
node 1018 1 0 0
node 1130 1 0 0
node 1323 3 0 0
node 1393 1 0 0
node 1479 1 0 0
node 1531 4 0 0
node 1683 1 0 0
node 1735 1 0 0
node 1875 1 0 0
node 2034 1 0 0
node 2142 1 0 0
node 2172 1 0 0
node 2206 1 0 0
node 2313 1 0 0
node 2332 1 0 0
node 2368 3 0 0
node 2491 1 0 0
node 2512 1 0 0
node 2530 1 0 0
node 2547 1 0 0
node 2692 1 0 0
node 2786 1 0 0
node 2915 1 0 0
node 3042 1 0 0
node 3079 1 0 0
node 3409 1 0 0
node 3542 1 0 0
node 3555 1 0 0
node 3590 1 0 0
node 3734 1 0 0
gene 2 1 13 118101 0 1 118101 1
gene 3 2 13 472386 0 2 472386 1
gene 2 3 13 -518571 0 3 -518571 1
gene 3 4 13 775871 0 4 775871 1
gene 2 5 13 -44814 0 5 -44814 0
gene 4 6 13 -98568 0 6 -98568 1
gene 3 7 13 426438 0 7 426438 1
gene 2 8 13 -70269 0 8 -70269 0
gene 3 9 13 -800000 0 9 -800000 1
gene 2 10 13 -160863 0 10 -160863 0
gene 2 11 13 -387975 0 11 -387975 1
gene 4 12 13 683303 0 12 683303 1
gene 2 1 14 -464997 0 13 -464997 1
gene 2 2 14 690290 0 14 690290 1
gene 4 3 14 -700110 0 15 -700110 1
gene 4 4 14 496367 0 16 496367 1
gene 4 5 14 419762 0 17 419762 1
gene 3 6 14 -241938 0 18 -241938 0
gene 2 7 14 328404 0 19 328404 1
gene 1 8 14 249627 0 20 249627 0
gene 3 9 14 -579537 0 21 -579537 1
gene 1 10 14 -77316 0 22 -77316 1
gene 1 11 14 301203 0 23 301203 1
gene 3 12 14 -424896 0 24 -424896 1
gene 3 1 15 154098 0 25 154098 1
gene 3 2 15 352311 0 26 352311 1
gene 3 3 15 227517 0 27 227517 0
gene 3 4 15 120798 0 28 120798 1
gene 3 5 15 -348963 0 29 -348963 1
gene 1 6 15 -123701 0 30 -123701 1
gene 3 7 15 132716 0 31 132716 1
gene 3 8 15 133527 0 32 133527 1
gene 3 9 15 344748 0 33 344748 1
gene 3 10 15 347913 0 34 347913 1
gene 2 11 15 -95241 0 35 -95241 1
gene 4 12 15 -235026 0 36 -235026 1
gene 4 15 15 361689 1 174 361689 1
gene 3 8 121 41085 0 329 41085 1
gene 3 121 15 -385008 0 330 -385008 1
gene 2 5 121 413841 0 438 413841 0
gene 2 7 121 -83166 0 483 -83166 0
gene 4 4 235 -162549 0 666 -162549 1
gene 4 235 14 780395 0 667 780395 1
gene 1 1 235 329928 0 753 329928 1
gene 3 9 235 -287661 0 1108 -287661 1
gene 3 10 384 186432 0 1126 186432 1
gene 3 384 15 -370554 0 1127 -370554 1
gene 2 14 14 -20103 1 1197 -20103 1
gene 3 7 420 201312 0 1239 201312 0
gene 3 420 15 330869 0 1240 330869 0
gene 3 2 433 -467565 0 1284 -467565 0
gene 3 433 13 -363141 0 1285 -363141 1
gene 4 3 461 -166632 0 1352 -166632 1
gene 4 461 14 259290 0 1353 259290 1
gene 4 15 500 -800000 1 1453 -800000 1
gene 4 500 15 -182532 0 1454 -182532 1
gene 1 8 516 -364941 0 1500 -364941 1
gene 1 516 14 -495432 0 1501 -495432 1
gene 1 384 121 -620106 0 1548 -620106 1
gene 2 8 461 429651 0 1965 429651 1
gene 3 3 697 15603 0 2038 15603 1
gene 3 697 15 -398457 0 2039 -398457 1
gene 2 1 500 514214 0 2133 514214 1
gene 1 3 433 277632 0 2628 277632 1
gene 1 516 516 -800000 1 2664 -800000 1
gene 3 8 1018 -134949 0 2997 -134949 1
gene 3 1018 121 -245901 0 2998 -245901 0
gene 3 15 433 -43893 0 3156 -43893 1
gene 1 10 1130 242898 0 3329 242898 1
gene 1 1130 14 465357 0 3330 465357 1
gene 3 500 697 41919 0 3371 41919 1
gene 2 3 516 -433890 0 3603 -433890 0
gene 2 9 1323 328941 0 3885 328941 0
gene 2 1323 14 800000 0 3886 800000 1
gene 2 121 420 -158037 0 3959 -158037 1
gene 2 8 1393 -240468 0 4093 -240468 1
gene 2 1393 13 -740096 0 4094 -740096 1
gene 1 11 1479 422151 0 4325 422151 1
gene 1 1479 14 -423873 0 4326 -423873 1
gene 4 12 1531 -282648 0 4477 -282648 1
gene 4 1531 15 221751 0 4478 221751 1
gene 3 1393 433 240343 0 4734 240343 1
gene 2 1323 1683 351108 0 4950 351108 1
gene 2 1683 14 105472 0 4951 105472 1
gene 3 6 1735 -255006 0 5103 -255006 1
gene 3 1735 14 -347778 0 5104 -347778 1
gene 1 5 516 72684 0 5346 72684 1
gene 1 516 433 -265653 0 5443 -265653 1
gene 3 2 1875 -40455 0 5505 -40455 1
gene 3 1875 433 182244 0 5506 182244 1
gene 1 1683 461 -168642 0 5687 -168642 1
gene 1 516 121 231477 0 5877 231477 1
gene 3 3 2034 59901 0 5939 59901 1
gene 3 2034 697 604974 0 5940 604974 1
gene 3 5 1479 800000 0 6157 800000 1
gene 3 7 2142 64419 0 6248 64419 1
gene 3 2142 420 18777 0 6249 18777 1
gene 3 420 2172 200187 0 6332 200187 1
gene 3 2172 15 532916 0 6333 532916 1
gene 2 1735 1735 -347940 1 6388 -347940 1
gene 2 8 2206 432147 0 6436 432147 1
gene 2 2206 1393 606899 0 6437 606899 1
gene 2 121 2313 -788907 0 6747 -788907 1
gene 2 2313 420 788298 0 6748 788298 1
gene 2 9 2332 -304953 0 6797 -304953 0
gene 2 2332 1323 296769 0 6798 296769 1
gene 4 1323 2034 752859 0 6848 752859 1
gene 2 7 2368 -457355 0 6897 -457355 1
gene 2 2368 121 240975 0 6898 240975 1
gene 2 384 1531 467472 0 7018 467472 1
gene 2 2142 1018 -59472 0 7205 -59472 1
gene 3 2206 2034 11103 0 7245 11103 1
gene 2 7 2491 504713 0 7283 504713 1
gene 2 2491 2368 -144765 0 7284 -144765 1
gene 2 5 2512 176817 0 7337 176817 1
gene 2 2512 13 -49038 0 7338 -49038 1
gene 2 10 2530 276183 0 7387 276183 1
gene 2 2530 13 55593 0 7388 55593 1
gene 3 9 2547 -172227 0 7440 -172227 0
gene 3 2547 13 -654096 0 7441 -654096 1
gene 2 2530 1479 -533712 0 7594 -533712 1
gene 1 1479 2692 -29252 0 7856 -29252 0
gene 1 2692 14 123045 0 7857 123045 1
gene 3 4 1130 -800000 0 7980 -800000 1
gene 4 3 2786 -98478 0 8132 -98478 1
gene 4 2786 14 -374121 0 8133 -374121 1
gene 3 384 384 -393729 1 8429 -393729 1
gene 2 3 2915 -313335 0 8516 -313335 1
gene 2 2915 516 -248937 0 8517 -248937 1
gene 4 433 433 -226044 1 8562 -226044 1
gene 2 2547 1479 353499 0 8709 353499 0
gene 3 2206 1683 159684 0 8777 159684 1
gene 2 5 3042 18813 0 8890 18813 1
gene 2 3042 121 -545901 0 8891 -545901 1
gene 1 1479 3079 -525294 0 9004 -525294 1
gene 1 3079 2692 88218 0 9005 88218 1
gene 4 516 2547 -303927 0 9030 -303927 0
gene 3 1875 2915 -293193 0 9219 -293193 1
gene 2 2 420 -290241 0 9364 -290241 1
gene 2 1735 1531 58335 0 9549 58335 1
gene 4 9 697 157344 0 9875 157344 1
gene 4 12 2786 200136 0 9948 200136 1
gene 2 2547 3409 77319 0 10007 77319 1
gene 2 3409 1479 6204 0 10008 6204 1
gene 2 2206 2206 335568 1 10238 335568 1
gene 3 1018 516 233908 0 10356 233908 1
gene 4 516 3542 1329 0 10405 1329 1
gene 4 3542 2547 -143568 0 10406 -143568 1
gene 2 9 3555 320352 0 10451 320352 1
gene 3 3555 2547 -79953 0 10452 -79953 1
gene 3 2206 2915 84816 0 10490 84816 1
gene 2 9 3590 42882 0 10547 42882 1
gene 2 3590 2332 -650964 0 10548 -650964 1
gene 1 1735 2692 -712473 0 10681 -712473 1
gene 3 2 3734 1 0 11002 0 1
gene 3 3734 433 -467565 0 11003 0 1
genomeend 32


/* Organism #60 Fitness: 280.000000 Time: 0 */
/* Position #60*/
#1 x: 18 y: 23
#2 x: 47 y: 17
#3 x: 68 y: 38
#4 x: 68 y: 61
#5 x: 77 y: 77
#6 x: 46 y: 63
genomestart 60
trait 1 43007.000000 16300.000000 6994.000000 28041.000000 57524.000000 37112.000000 87908.000000 80535.000000 trait 2 0.000000 0.000000 100000.000000 95786.000000 51940.000000 0.000000 0.000000 62181.000000 trait 3 0.000000 0.000000 0.000000 51304.000000 0.000000 13538.000000 70969.000000 30146.000000 trait 4 4.000000 0.000000 0.000000 36940.000000 0.000000 0.000000 0.000000 0.000000 node 1 4 1 3
node 2 4 1 1
node 3 1 1 1
node 4 1 1 1
node 5 1 1 1
node 6 2 1 1
node 7 4 1 1
node 8 4 1 1
node 9 2 1 1
node 10 1 1 1
node 11 2 1 1
node 12 4 1 1
node 13 2 0 2
node 14 1 0 2
node 15 3 0 2
node 121 1 0 0
node 235 1 0 0
node 384 1 0 0
node 420 1 0 0
node 433 1 0 0
node 461 1 0 0
node 500 1 0 0
node 516 1 0 0
node 697 3 0 0
node 1018 1 0 0
node 1130 1 0 0
node 1323 3 0 0
node 1393 1 0 0
node 1479 1 0 0
node 1531 4 0 0
node 1683 1 0 0
node 1735 1 0 0
node 1875 1 0 0
node 2034 1 0 0
node 2142 1 0 0
node 2172 1 0 0
node 2206 1 0 0
node 2313 1 0 0
node 2332 1 0 0
node 2368 3 0 0
node 2491 1 0 0
node 2512 1 0 0
node 2530 1 0 0
node 2547 1 0 0
node 2692 1 0 0
node 2786 1 0 0
node 2915 1 0 0
node 3042 1 0 0
node 3079 1 0 0
node 3409 1 0 0
node 3542 1 0 0
node 3555 1 0 0
node 3590 1 0 0
node 3649 1 0 0
node 3668 1 0 0
node 3679 1 0 0
gene 2 1 13 -42756 0 1 -42756 1
gene 3 2 13 206544 0 2 206544 1
gene 2 3 13 -421785 0 3 -421785 1
gene 3 4 13 582377 0 4 582377 1
gene 2 5 13 351570 0 5 351570 0
gene 4 6 13 -180168 0 6 -180168 1
gene 3 7 13 267588 0 7 267588 1
gene 2 8 13 -160887 0 8 -160887 0
gene 3 9 13 -304139 0 9 -304139 1
gene 2 10 13 76327 0 10 76327 0
gene 2 11 13 -59127 0 11 -59127 1
gene 4 12 13 623858 0 12 623858 1
gene 2 1 14 359628 0 13 359628 1
gene 2 2 14 156620 0 14 156620 0
gene 4 3 14 -364359 0 15 -364359 1
gene 4 4 14 800000 0 16 800000 1
gene 4 5 14 800000 0 17 800000 1
gene 3 6 14 17523 0 18 17523 0
gene 2 7 14 288939 0 19 288939 1
gene 1 8 14 -236427 0 20 -236427 0
gene 3 9 14 -590286 0 21 -590286 1
gene 1 10 14 88452 0 22 88452 1
gene 1 11 14 235533 0 23 235533 1
gene 3 12 14 199305 0 24 199305 1
gene 3 1 15 -440508 0 25 -440508 1
gene 3 2 15 194526 0 26 194526 1
gene 3 3 15 176061 0 27 176061 0
gene 3 4 15 475752 0 28 475752 1
gene 3 5 15 11976 0 29 11976 1
gene 1 6 15 -3812 0 30 -3812 1
gene 3 7 15 -217191 0 31 -217191 1
gene 3 8 15 1974 0 32 1974 1
gene 3 9 15 -43719 0 33 -43719 1
gene 3 10 15 -22191 0 34 -22191 1
gene 2 11 15 -24930 0 35 -24930 1
gene 4 12 15 -110343 0 36 -110343 1
gene 4 15 15 -351960 1 174 -351960 1
gene 3 8 121 -212223 0 329 -212223 1
gene 3 121 15 -429897 0 330 -429897 1
gene 2 5 121 -249594 0 438 -249594 0
gene 2 7 121 -800000 0 483 -800000 0
gene 4 4 235 674118 0 666 674118 0
gene 4 235 14 97031 0 667 97031 1
gene 1 1 235 123384 0 753 123384 1
gene 3 9 235 -290481 0 1108 -290481 1
gene 3 10 384 -29322 0 1126 -29322 1
gene 3 384 15 219387 0 1127 219387 1
gene 2 14 14 104796 1 1197 104796 1
gene 3 7 420 136554 0 1239 136554 0
gene 3 420 15 761693 0 1240 761693 0
gene 3 2 433 518073 0 1284 518073 1
gene 3 433 13 151287 0 1285 151287 1
gene 4 3 461 -193740 0 1352 -193740 1
gene 4 461 14 276099 0 1353 276099 1
gene 4 15 500 -589628 1 1453 -589628 1
gene 4 500 15 279143 0 1454 279143 1
gene 1 8 516 -33195 0 1500 -33195 1
gene 1 516 14 -326832 0 1501 -326832 1
gene 1 384 121 -34842 0 1548 -34842 1
gene 2 8 461 467967 0 1965 467967 1
gene 3 3 697 225906 0 2038 225906 1
gene 3 697 15 113943 0 2039 113943 1
gene 2 1 500 -168132 0 2133 -168132 1
gene 1 3 433 -10356 0 2628 -10356 1
gene 1 516 516 -778217 1 2664 -778217 1
gene 3 8 1018 119418 0 2997 119418 1
gene 3 1018 121 146766 0 2998 146766 0
gene 3 15 433 -334320 0 3156 -334320 1
gene 1 10 1130 -651963 0 3329 -651963 1
gene 1 1130 14 -48048 0 3330 -48048 1
gene 3 500 697 800000 0 3371 800000 1
gene 2 3 516 -159297 0 3603 -159297 0
gene 2 9 1323 -162219 0 3885 -162219 0
gene 2 1323 14 77977 0 3886 77977 0
gene 2 121 420 -248490 0 3959 -248490 1
gene 2 8 1393 -800000 0 4093 -800000 1
gene 2 1393 13 26745 0 4094 26745 1
gene 1 11 1479 70074 0 4325 70074 1
gene 1 1479 14 23001 0 4326 23001 1
gene 4 12 1531 -800000 0 4477 -800000 1
gene 4 1531 15 101976 0 4478 101976 1
gene 3 1393 433 -291773 0 4734 -291773 1
gene 2 1323 1683 -750416 0 4950 -750416 1
gene 2 1683 14 622627 0 4951 622627 1
gene 3 6 1735 -21180 0 5103 -21180 1
gene 3 1735 14 -86109 0 5104 -86109 1
gene 1 5 516 -368037 0 5346 -368037 1
gene 1 516 433 347061 0 5443 347061 1
gene 3 2 1875 -191811 0 5505 -191811 1
gene 3 1875 433 423390 0 5506 423390 1
gene 1 1683 461 119649 0 5687 119649 1
gene 1 516 121 -800000 0 5877 -800000 1
gene 3 3 2034 -443172 0 5939 -443172 1
gene 3 2034 697 86634 0 5940 86634 1
gene 3 5 1479 214059 0 6157 214059 1
gene 3 7 2142 134373 0 6248 134373 1
gene 3 2142 420 156330 0 6249 156330 1
gene 3 420 2172 157902 0 6332 157902 1
gene 3 2172 15 800000 0 6333 800000 1
gene 2 1735 1735 112599 1 6388 112599 1
gene 2 8 2206 -349137 0 6436 -349137 1
gene 2 2206 1393 704081 0 6437 704081 1
gene 2 121 2313 -305880 0 6747 -305880 1
gene 2 2313 420 129534 0 6748 129534 1
gene 2 9 2332 -126558 0 6797 -126558 0
gene 2 2332 1323 -39615 0 6798 -39615 1
gene 4 1323 2034 248193 0 6848 248193 1
gene 2 7 2368 -691191 0 6897 -691191 1
gene 2 2368 121 176655 0 6898 176655 1
gene 2 384 1531 326607 0 7018 326607 1
gene 2 2142 1018 13647 0 7205 13647 1
gene 3 2206 2034 204885 0 7245 204885 1
gene 2 7 2491 287349 0 7283 287349 1
gene 2 2491 2368 -208026 0 7284 -208026 1
gene 2 5 2512 245007 0 7337 245007 1
gene 2 2512 13 -230217 0 7338 -230217 1
gene 2 10 2530 96954 0 7387 96954 1
gene 2 2530 13 191958 0 7388 191958 1
gene 3 9 2547 -358227 0 7440 -358227 0
gene 3 2547 13 67578 0 7441 67578 1
gene 2 2530 1479 185988 0 7594 185988 1
gene 1 1479 2692 212277 0 7856 212277 0
gene 1 2692 14 113439 0 7857 113439 1
gene 3 4 1130 -580815 0 7980 -580815 1
gene 4 3 2786 131145 0 8132 131145 1
gene 4 2786 14 654033 0 8133 654033 1
gene 3 384 384 -206358 1 8429 -206358 1
gene 2 3 2915 -212430 0 8516 -212430 1
gene 2 2915 516 -390834 0 8517 -390834 1
gene 4 433 433 -448593 1 8562 -448593 1
gene 2 2547 1479 359670 0 8709 359670 0
gene 3 2206 1683 158028 0 8777 158028 1
gene 2 5 3042 319485 0 8890 319485 1
gene 2 3042 121 -419715 0 8891 -419715 1
gene 1 1479 3079 289956 0 9004 289956 1
gene 1 3079 2692 157353 0 9005 157353 1
gene 4 516 2547 -105783 0 9030 -105783 0
gene 3 1875 2915 -257592 0 9219 -257592 1
gene 2 2 420 300666 0 9364 300666 1
gene 2 1735 1531 669659 0 9549 669659 1
gene 4 9 697 153282 0 9875 153282 1
gene 4 12 2786 -263256 0 9948 -263256 1
gene 2 2547 3409 416328 0 10007 416328 1
gene 2 3409 1479 -429402 0 10008 -429402 1
gene 2 2206 2206 38019 1 10238 38019 1
gene 3 1018 516 38845 0 10356 38845 1
gene 4 516 3542 -95879 0 10405 -95879 1
gene 4 3542 2547 422013 0 10406 422013 1
gene 2 9 3555 194068 0 10451 194068 1
gene 3 3555 2547 79995 0 10452 79995 1
gene 3 2206 2915 -322246 0 10490 -322246 1
gene 2 9 3590 -562145 0 10547 -562145 1
gene 2 3590 2332 -491706 0 10548 -491706 1
gene 1 1735 2692 -81047 0 10681 -81047 1
gene 2 1323 3649 1 0 10727 1 1
gene 2 3649 14 70840 0 10728 70840 1
gene 4 4 3668 63172 0 10780 63172 1
gene 4 3668 235 478056 0 10781 478056 1
gene 2 2 3679 60298 0 10825 60298 1
gene 2 3679 14 603104 0 10826 603104 1
gene 3 12 3409 111591 0 10865 111591 1
gene 2 7 1323 -160947 0 10911 -160947 1
genomeend 60


/* Organism #62 Fitness: 240.000000 Time: 0 */
/* Position #62*/
#1 x: 60 y: 32
#2 x: 24 y: 40
#3 x: 72 y: 21
#4 x: 48 y: 82
#5 x: 54 y: 70
#6 x: 28 y: 74
genomestart 62
trait 1 43007.000000 16300.000000 6994.000000 28041.000000 57524.000000 37112.000000 87908.000000 80535.000000 trait 2 0.000000 0.000000 100000.000000 95786.000000 51940.000000 0.000000 0.000000 62181.000000 trait 3 0.000000 0.000000 0.000000 51304.000000 0.000000 13538.000000 70969.000000 30146.000000 trait 4 4.000000 0.000000 0.000000 36940.000000 0.000000 0.000000 0.000000 0.000000 node 1 4 1 3
node 2 4 1 1
node 3 1 1 1
node 4 1 1 1
node 5 1 1 1
node 6 2 1 1
node 7 4 1 1
node 8 4 1 1
node 9 2 1 1
node 10 1 1 1
node 11 2 1 1
node 12 4 1 1
node 13 2 0 2
node 14 1 0 2
node 15 3 0 2
node 121 1 0 0
node 235 1 0 0
node 384 1 0 0
node 420 1 0 0
node 433 1 0 0
node 461 1 0 0
node 500 1 0 0
node 516 1 0 0
node 697 3 0 0
node 1018 1 0 0
node 1130 1 0 0
node 1323 3 0 0
node 1393 1 0 0
node 1479 1 0 0
node 1531 4 0 0
node 1683 1 0 0
node 1735 1 0 0
node 1875 1 0 0
node 2034 1 0 0
node 2142 1 0 0
node 2172 1 0 0
node 2206 1 0 0
node 2313 1 0 0
node 2332 1 0 0
node 2368 3 0 0
node 2491 1 0 0
node 2512 1 0 0
node 2530 1 0 0
node 2547 1 0 0
node 2692 1 0 0
node 2786 1 0 0
node 2915 1 0 0
node 3042 1 0 0
node 3079 1 0 0
node 3409 1 0 0
node 3542 1 0 0
node 3555 1 0 0
node 3590 1 0 0
gene 2 1 13 625908 0 1 625908 1
gene 3 2 13 -276411 0 2 -276411 1
gene 2 3 13 -695907 0 3 -695907 1
gene 3 4 13 800000 0 4 800000 1
gene 2 5 13 108801 0 5 108801 0
gene 4 6 13 -652083 0 6 -652083 1
gene 3 7 13 177927 0 7 177927 1
gene 2 8 13 -473712 0 8 -473712 0
gene 3 9 13 -8343 0 9 -8343 1
gene 2 10 13 -349811 0 10 -349811 0
gene 2 11 13 -177324 0 11 -177324 1
gene 4 12 13 576515 0 12 576515 1
gene 2 1 14 800000 0 13 800000 1
gene 2 2 14 404702 0 14 404702 1
gene 4 3 14 -205281 0 15 -205281 1
gene 4 4 14 -117331 0 16 -117331 1
gene 4 5 14 348782 0 17 348782 1
gene 3 6 14 -285927 0 18 -285927 0
gene 2 7 14 646179 0 19 646179 1
gene 1 8 14 -648468 0 20 -648468 0
gene 3 9 14 -680838 0 21 -680838 1
gene 1 10 14 -117063 0 22 -117063 1
gene 1 11 14 -216966 0 23 -216966 1
gene 3 12 14 370068 0 24 370068 1
gene 3 1 15 -354150 0 25 -354150 1
gene 3 2 15 304947 0 26 304947 1
gene 3 3 15 62691 0 27 62691 0
gene 3 4 15 232977 0 28 232977 1
gene 3 5 15 -569271 0 29 -569271 1
gene 1 6 15 102582 0 30 102582 1
gene 3 7 15 183725 0 31 183725 1
gene 3 8 15 217089 0 32 217089 1
gene 3 9 15 288393 0 33 288393 1
gene 3 10 15 449241 0 34 449241 1
gene 2 11 15 -31311 0 35 -31311 1
gene 4 12 15 -163710 0 36 -163710 1
gene 4 15 15 12015 1 174 12015 1
gene 3 8 121 781470 0 329 781470 1
gene 3 121 15 -28779 0 330 -28779 1
gene 2 5 121 404859 0 438 404859 0
gene 2 7 121 -800000 0 483 -800000 0
gene 4 4 235 80832 0 666 80832 1
gene 4 235 14 346784 0 667 346784 1
gene 1 1 235 47574 0 753 47574 1
gene 3 9 235 -259188 0 1108 -259188 1
gene 3 10 384 512805 0 1126 512805 1
gene 3 384 15 272364 0 1127 272364 1
gene 2 14 14 -218694 1 1197 -218694 1
gene 3 7 420 -148923 0 1239 -148923 0
gene 3 420 15 604718 0 1240 604718 0
gene 3 2 433 366225 0 1284 366225 1
gene 3 433 13 -272682 0 1285 -272682 1
gene 4 3 461 -170259 0 1352 -170259 1
gene 4 461 14 362838 0 1353 362838 1
gene 4 15 500 -339662 1 1453 -339662 1
gene 4 500 15 -149440 0 1454 -149440 1
gene 1 8 516 -800000 0 1500 -800000 1
gene 1 516 14 -218307 0 1501 -218307 1
gene 1 384 121 -286365 0 1548 -286365 1
gene 2 8 461 269733 0 1965 269733 1
gene 3 3 697 355365 0 2038 355365 1
gene 3 697 15 -125754 0 2039 -125754 1
gene 2 1 500 322616 0 2133 322616 1
gene 1 3 433 435651 0 2628 435651 1
gene 1 516 516 -559157 1 2664 -559157 1
gene 3 8 1018 177546 0 2997 177546 1
gene 3 1018 121 446445 0 2998 446445 0
gene 3 15 433 -641796 0 3156 -641796 1
gene 1 10 1130 59907 0 3329 59907 1
gene 1 1130 14 -180753 0 3330 -180753 1
gene 3 500 697 524661 0 3371 524661 1
gene 2 3 516 246018 0 3603 246018 0
gene 2 9 1323 506238 0 3885 506238 0
gene 2 1323 14 338806 0 3886 338806 1
gene 2 121 420 167337 0 3959 167337 1
gene 2 8 1393 -566984 0 4093 -566984 1
gene 2 1393 13 -800000 0 4094 -800000 1
gene 1 11 1479 800000 0 4325 800000 1
gene 1 1479 14 -255291 0 4326 -255291 1
gene 4 12 1531 -577904 0 4477 -577904 1
gene 4 1531 15 82752 0 4478 82752 1
gene 3 1393 433 628030 0 4734 628030 1
gene 2 1323 1683 -738761 0 4950 -738761 1
gene 2 1683 14 673285 0 4951 673285 1
gene 3 6 1735 273867 0 5103 273867 1
gene 3 1735 14 -512553 0 5104 -512553 1
gene 1 5 516 45105 0 5346 45105 1
gene 1 516 433 -223170 0 5443 -223170 1
gene 3 2 1875 -152976 0 5505 -152976 1
gene 3 1875 433 -357153 0 5506 -357153 1
gene 1 1683 461 -673770 0 5687 -673770 1
gene 1 516 121 -374255 0 5877 -374255 1
gene 3 3 2034 -7551 0 5939 -7551 1
gene 3 2034 697 -9567 0 5940 -9567 1
gene 3 5 1479 791060 0 6157 791060 1
gene 3 7 2142 -161943 0 6248 -161943 1
gene 3 2142 420 -101595 0 6249 -101595 1
gene 3 420 2172 404721 0 6332 404721 1
gene 3 2172 15 785315 0 6333 785315 1
gene 2 1735 1735 -146025 1 6388 -146025 1
gene 2 8 2206 95973 0 6436 95973 1
gene 2 2206 1393 390134 0 6437 390134 1
gene 2 121 2313 -800000 0 6747 -800000 1
gene 2 2313 420 189345 0 6748 189345 1
gene 2 9 2332 -309546 0 6797 -309546 0
gene 2 2332 1323 152967 0 6798 152967 1
gene 4 1323 2034 152826 0 6848 152826 1
gene 2 7 2368 -344582 0 6897 -344582 1
gene 2 2368 121 -725069 0 6898 -725069 1
gene 2 384 1531 800000 0 7018 800000 1
gene 2 2142 1018 467406 0 7205 467406 1
gene 3 2206 2034 30372 0 7245 30372 1
gene 2 7 2491 800000 0 7283 800000 1
gene 2 2491 2368 -163599 0 7284 -163599 1
gene 2 5 2512 -788373 0 7337 -788373 1
gene 2 2512 13 278088 0 7338 278088 1
gene 2 10 2530 -74337 0 7387 -74337 1
gene 2 2530 13 301008 0 7388 301008 1
gene 3 9 2547 -188253 0 7440 -188253 0
gene 3 2547 13 -539166 0 7441 -539166 1
gene 2 2530 1479 -30084 0 7594 -30084 1
gene 1 1479 2692 206019 0 7856 206019 0
gene 1 2692 14 -192717 0 7857 -192717 1
gene 3 4 1130 -649632 0 7980 -649632 1
gene 4 3 2786 131625 0 8132 131625 1
gene 4 2786 14 -194655 0 8133 -194655 1
gene 3 384 384 -425814 1 8429 -425814 1
gene 2 3 2915 17409 0 8516 17409 1
gene 2 2915 516 -226401 0 8517 -226401 1
gene 4 433 433 -386949 1 8562 -386949 1
gene 2 2547 1479 668820 0 8709 668820 0
gene 3 2206 1683 -239655 0 8777 -239655 1
gene 2 5 3042 -525354 0 8890 -525354 1
gene 2 3042 121 -439143 0 8891 -439143 1
gene 1 1479 3079 116973 0 9004 116973 1
gene 1 3079 2692 20739 0 9005 20739 1
gene 4 516 2547 35910 0 9030 35910 0
gene 3 1875 2915 39507 0 9219 39507 1
gene 2 2 420 301611 0 9364 301611 1
gene 2 1735 1531 737513 0 9549 737513 1
gene 4 9 697 287886 0 9875 287886 1
gene 4 12 2786 -37449 0 9948 -37449 1
gene 2 2547 3409 355848 0 10007 355848 1
gene 2 3409 1479 -441105 0 10008 -441105 1
gene 2 2206 2206 257874 1 10238 257874 1
gene 3 1018 516 274651 0 10356 274651 1
gene 4 516 3542 191866 0 10405 191866 1
gene 4 3542 2547 173667 0 10406 173667 1
gene 2 9 3555 81501 0 10451 81501 1
gene 3 3555 2547 -273276 0 10452 -273276 1
gene 3 2206 2915 -459718 0 10490 -459718 1
gene 2 9 3590 255843 0 10547 255843 1
gene 2 3590 2332 -513080 0 10548 -513080 1
gene 1 1735 2692 -356406 0 10681 -356406 1
genomeend 62


/* Organism #70 Fitness: 260.000000 Time: 0 */
/* Position #70*/
#1 x: 37 y: 32
#2 x: 49 y: 26
#3 x: 70 y: 31
#4 x: 15 y: 68
#5 x: 77 y: 66
#6 x: 27 y: 66
genomestart 70
trait 1 71503.000000 52572.000000 0.000000 48265.000000 0.000000 0.000000 100000.000000 393.000000 trait 2 2.000000 0.000000 0.000000 0.000000 0.000000 0.000000 0.000000 0.000000 trait 3 0.000000 0.000000 0.000000 51304.000000 0.000000 13538.000000 70969.000000 30146.000000 trait 4 4.000000 0.000000 0.000000 36940.000000 0.000000 0.000000 100000.000000 100000.000000 node 1 4 1 3
node 2 4 1 1
node 3 1 1 1
node 4 1 1 1
node 5 1 1 1
node 6 2 1 1
node 7 4 1 1
node 8 4 1 1
node 9 2 1 1
node 10 1 1 1
node 11 2 1 1
node 12 4 1 1
node 13 2 0 2
node 14 1 0 2
node 15 3 0 2
node 121 1 0 0
node 235 1 0 0
node 384 1 0 0
node 420 1 0 0
node 433 1 0 0
node 461 1 0 0
node 500 1 0 0
node 516 1 0 0
node 697 1 0 0
node 1018 1 0 0
node 1130 1 0 0
node 1323 3 0 0
node 1393 1 0 0
node 1479 1 0 0
node 1531 2 0 0
node 1683 1 0 0
node 1735 1 0 0
node 1875 1 0 0
node 1975 1 0 0
node 2022 1 0 0
node 2179 1 0 0
node 2295 1 0 0
node 2730 1 0 0
node 2767 1 0 0
node 2826 1 0 0
node 2977 1 0 0
node 3105 1 0 0
node 3118 1 0 0
node 3448 1 0 0
node 3550 1 0 0
node 3575 1 0 0
gene 2 1 13 -136962 0 1 -136962 1
gene 3 2 13 448290 0 2 448290 1
gene 2 3 13 265008 0 3 265008 1
gene 3 4 13 -398016 0 4 -398016 1
gene 2 5 13 -183618 0 5 -183618 1
gene 4 6 13 -247305 0 6 -247305 0
gene 3 7 13 -588815 0 7 -588815 1
gene 2 8 13 -800000 0 8 -800000 0
gene 3 9 13 -261126 0 9 -261126 1
gene 2 10 13 -40092 0 10 -40092 1
gene 2 11 13 153051 0 11 153051 1
gene 4 12 13 -80877 0 12 -80877 1
gene 2 1 14 -246648 0 13 -246648 1
gene 2 2 14 -800000 0 14 -800000 1
gene 4 3 14 -278517 0 15 -278517 1
gene 4 4 14 -48606 0 16 -48606 0
gene 4 5 14 102825 0 17 102825 1
gene 3 6 14 9186 0 18 9186 0
gene 2 7 14 -183699 0 19 -183699 1
gene 1 8 14 800000 0 20 800000 0
gene 3 9 14 -238779 0 21 -238779 1
gene 1 10 14 -540579 0 22 -540579 1
gene 1 11 14 135987 0 23 135987 0
gene 4 12 14 -507697 0 24 -507697 0
gene 3 1 15 -312159 0 25 -312159 1
gene 3 2 15 -774287 0 26 -774287 1
gene 3 3 15 182775 0 27 182775 0
gene 3 4 15 84366 0 28 84366 1
gene 3 5 15 -800000 0 29 -800000 1
gene 1 6 15 139464 0 30 139464 0
gene 3 7 15 -555294 0 31 -555294 0
gene 3 8 15 92424 0 32 92424 1
gene 3 9 15 -341439 0 33 -341439 1
gene 3 10 15 -49905 0 34 -49905 0
gene 2 11 15 -304803 0 35 -304803 1
gene 4 12 15 126435 0 36 126435 0
gene 4 15 15 -92366 1 174 -92366 0
gene 3 8 121 -800000 0 329 -800000 0
gene 3 121 15 122346 0 330 122346 1
gene 2 5 121 -58944 0 438 -58944 1
gene 2 7 121 344331 0 483 344331 1
gene 4 4 235 -66645 0 666 -66645 1
gene 4 235 14 -23238 0 667 -23238 1
gene 1 1 235 -244095 0 753 -244095 1
gene 1 9 235 -765411 0 1108 -765411 1
gene 3 10 384 64770 0 1126 64770 0
gene 3 384 15 215079 0 1127 215079 0
gene 2 14 14 -471069 1 1197 -471069 0
gene 3 7 420 -97374 0 1239 -97374 1
gene 3 420 15 -407498 0 1240 -407498 1
gene 3 2 433 -357423 0 1284 -357423 0
gene 3 433 13 30645 0 1285 30645 1
gene 4 3 461 325632 0 1352 325632 1
gene 4 461 14 -377805 0 1353 -377805 1
gene 4 15 500 543876 1 1453 543876 0
gene 4 500 15 -800000 0 1454 -800000 0
gene 1 8 516 56679 0 1500 56679 1
gene 1 516 14 -202002 0 1501 -202002 1
gene 1 384 121 171356 0 1548 171356 1
gene 2 8 461 -511218 0 1965 -511218 1
gene 3 3 697 -120231 0 2038 -120231 0
gene 2 697 15 -800000 0 2039 -800000 1
gene 2 1 500 545613 0 2133 545613 1
gene 1 3 433 113082 0 2628 113082 1
gene 1 516 516 -741177 1 2664 -741177 1
gene 3 8 1018 -262248 0 2997 -262248 0
gene 3 1018 121 -615237 0 2998 -615237 0
gene 3 15 433 2736 0 3156 2736 1
gene 1 10 1130 714873 0 3329 714873 1
gene 1 1130 14 429138 0 3330 429138 0
gene 3 500 697 213375 0 3371 213375 1
gene 2 3 516 -342708 0 3603 -342708 1
gene 2 9 1323 -273357 0 3885 -273357 1
gene 2 1323 14 303009 0 3886 303009 0
gene 2 121 420 230115 0 3959 230115 1
gene 2 8 1393 -135225 0 4093 -135225 1
gene 2 1393 13 -96270 0 4094 -96270 1
gene 1 11 1479 -393612 0 4325 -393612 1
gene 1 1479 14 128028 0 4326 128028 1
gene 4 12 1531 -405117 0 4477 -405117 1
gene 4 1531 15 -100158 0 4478 -100158 0
gene 3 1393 433 -117693 0 4734 -117693 1
gene 2 1323 1683 313356 0 4950 313356 1
gene 2 1683 14 -445326 0 4951 -445326 1
gene 3 6 1735 -89199 0 5103 -89199 1
gene 3 1735 14 -1092 0 5104 -1092 0
gene 1 5 516 491589 0 5346 491589 1
gene 1 516 433 515628 0 5443 515628 1
gene 3 2 1875 279927 0 5505 279927 1
gene 3 1875 433 193326 0 5506 193326 1
gene 1 1683 461 -240270 0 5687 -240270 1
gene 1 6 1975 -155076 0 5780 -155076 1
gene 1 1975 15 -17271 0 5781 -17271 1
gene 4 1531 2022 -377133 0 5905 -377133 1
gene 4 2022 15 220488 0 5906 220488 1
gene 3 121 1875 64038 0 5987 64038 1
gene 1 1683 1393 6225 0 6232 6225 1
gene 4 500 2179 -203775 0 6351 -203775 1
gene 4 2179 15 -199566 0 6352 -199566 0
gene 3 12 2179 -150363 0 6539 -150363 1
gene 1 1975 1975 -228684 1 6578 -228684 1
gene 2 14 2295 -449771 1 6699 -449771 1
gene 2 2295 14 440430 0 6700 440430 1
gene 4 4 433 69276 0 7064 69276 1
gene 3 12 235 -46341 0 7098 -46341 1
gene 1 384 384 147987 1 7242 147987 1
gene 2 500 500 -12234 1 7740 -12234 1
gene 3 8 2730 394083 0 7969 394083 1
gene 3 2730 1018 32880 0 7970 32880 1
gene 2 2730 516 4026 0 8040 4026 1
gene 4 6 2767 34044 0 8075 34044 1
gene 4 2767 13 619140 0 8076 619140 1
gene 3 13 15 -167133 1 8122 -167133 1
gene 4 12 2826 18213 0 8243 18213 1
gene 4 2826 14 226809 0 8244 226809 1
gene 3 384 1975 148305 0 8469 148305 1
gene 3 3 2977 -266307 0 8686 -266307 1
gene 3 2977 697 248874 0 8687 248874 1
gene 1 1130 3105 42282 0 9092 42282 1
gene 1 3105 14 -87303 0 9093 -87303 1
gene 4 15 3118 226950 1 9132 226950 1
gene 4 3118 500 28305 0 9133 28305 1
gene 4 3118 2295 -248481 0 9282 -248481 1
gene 3 10 121 132978 0 9403 132978 1
gene 4 500 2767 220641 0 9643 220641 1
gene 1 2179 420 -288009 0 9783 -288009 1
gene 2 2295 384 -679155 0 9889 -679155 1
gene 3 1531 516 192543 0 10059 192543 1
gene 3 10 3448 100392 0 10120 100392 1
gene 3 3448 384 -254529 0 10121 -254529 1
gene 4 2179 3550 -221874 0 10428 -221874 1
gene 4 3550 15 -171117 0 10429 -171117 1
gene 2 4 1531 -275448 0 10469 -275448 1
gene 1 11 3575 -9770 0 10508 -9770 1
gene 1 3575 14 188304 0 10509 188304 1
gene 3 461 461 151297 1 10553 151297 1
gene 3 433 461 305256 0 10610 305256 1
gene 3 1479 2826 15035 0 10954 15035 1
genomeend 70


/* Organism #72 Fitness: 260.000000 Time: 0 */
/* Position #72*/
#1 x: 83 y: 20
#2 x: 74 y: 28
#3 x: 63 y: 40
#4 x: 81 y: 60
#5 x: 25 y: 76
#6 x: 31 y: 62
genomestart 72
trait 1 78708.000000 100000.000000 6994.000000 0.000000 57524.000000 100000.000000 87908.000000 100000.000000 trait 2 30533.000000 24215.000000 70868.000000 0.000000 0.000000 0.000000 0.000000 18399.000000 trait 3 0.000000 0.000000 44883.000000 65858.000000 41337.000000 0.000000 100000.000000 41343.000000 trait 4 4.000000 0.000000 66536.000000 36940.000000 0.000000 23474.000000 0.000000 37957.000000 node 1 4 1 3
node 2 4 1 1
node 3 1 1 1
node 4 1 1 1
node 5 1 1 1
node 6 2 1 1
node 7 4 1 1
node 8 4 1 1
node 9 2 1 1
node 10 1 1 1
node 11 2 1 1
node 12 4 1 1
node 13 2 0 2
node 14 1 0 2
node 15 3 0 2
node 121 1 0 0
node 235 1 0 0
node 384 2 0 0
node 420 1 0 0
node 433 1 0 0
node 461 1 0 0
node 500 1 0 0
node 516 1 0 0
node 697 3 0 0
node 1018 1 0 0
node 1130 1 0 0
node 1323 3 0 0
node 1393 1 0 0
node 1479 1 0 0
node 1531 3 0 0
node 1683 1 0 0
node 1735 1 0 0
node 1875 1 0 0
node 2034 1 0 0
node 2142 1 0 0
node 2172 1 0 0
node 2206 1 0 0
node 2313 1 0 0
node 2332 1 0 0
node 2368 1 0 0
node 2491 1 0 0
node 2512 1 0 0
node 2530 1 0 0
node 2547 1 0 0
node 2692 1 0 0
node 2786 1 0 0
node 2912 1 0 0
node 3009 1 0 0
node 3108 1 0 0
node 3213 1 0 0
node 3249 1 0 0
node 3336 1 0 0
node 3356 1 0 0
node 3443 1 0 0
node 3469 1 0 0
node 3532 1 0 0
gene 2 1 13 19734 0 1 19734 1
gene 3 2 13 88515 0 2 88515 1
gene 2 3 13 37881 0 3 37881 1
gene 3 4 13 33327 0 4 33327 1
gene 2 5 13 -323301 0 5 -323301 0
gene 4 6 13 438258 0 6 438258 1
gene 3 7 13 253026 0 7 253026 1
gene 2 8 13 74976 0 8 74976 0
gene 3 9 13 485967 0 9 485967 1
gene 2 10 13 -149304 0 10 -149304 1
gene 2 11 13 53646 0 11 53646 1
gene 4 12 13 196521 0 12 196521 1
gene 2 1 14 133002 0 13 133002 1
gene 2 2 14 256722 0 14 256722 1
gene 4 3 14 74337 0 15 74337 0
gene 4 4 14 56637 0 16 56637 1
gene 4 5 14 -15048 0 17 -15048 1
gene 3 6 14 634923 0 18 634923 0
gene 2 7 14 -355959 0 19 -355959 1
gene 1 8 14 -69519 0 20 -69519 0
gene 3 9 14 800000 0 21 800000 1
gene 1 10 14 -66564 0 22 -66564 1
gene 1 11 14 411009 0 23 411009 1
gene 4 12 14 -400506 0 24 -400506 1
gene 3 1 15 213234 0 25 213234 1
gene 3 2 15 -462315 0 26 -462315 1
gene 3 3 15 -203121 0 27 -203121 1
gene 3 4 15 -354501 0 28 -354501 1
gene 3 5 15 -255525 0 29 -255525 1
gene 1 6 15 -129018 0 30 -129018 1
gene 3 7 15 378755 0 31 378755 1
gene 3 8 15 -281277 0 32 -281277 1
gene 3 9 15 -435024 0 33 -435024 1
gene 3 10 15 93162 0 34 93162 0
gene 2 11 15 -261924 0 35 -261924 1
gene 4 12 15 245973 0 36 245973 0
gene 4 15 15 177669 1 174 177669 1
gene 3 8 121 -128874 0 329 -128874 0
gene 3 121 15 -88314 0 330 -88314 1
gene 2 5 121 147882 0 438 147882 1
gene 2 7 121 -500703 0 483 -500703 0
gene 4 4 235 800000 0 666 800000 1
gene 4 235 14 322239 0 667 322239 1
gene 1 1 235 77604 0 753 77604 1
gene 3 9 235 -203334 0 1108 -203334 1
gene 3 10 384 -250686 0 1126 -250686 1
gene 3 384 15 342128 0 1127 342128 1
gene 2 14 14 130053 1 1197 130053 1
gene 3 7 420 -233268 0 1239 -233268 0
gene 3 420 15 111387 0 1240 111387 0
gene 3 2 433 269676 0 1284 269676 1
gene 3 433 13 18918 0 1285 18918 1
gene 4 3 461 -14151 0 1352 -14151 1
gene 4 461 14 -724452 0 1353 -724452 1
gene 4 15 500 -708213 1 1453 -708213 1
gene 4 500 15 -162249 0 1454 -162249 0
gene 1 8 516 800000 0 1500 800000 1
gene 1 516 14 -213543 0 1501 -213543 0
gene 1 384 121 -331668 0 1548 -331668 1
gene 2 8 461 502545 0 1965 502545 1
gene 3 3 697 126159 0 2038 126159 1
gene 3 697 15 -150504 0 2039 -150504 0
gene 2 1 500 21765 0 2133 21765 1
gene 1 3 433 -43122 0 2628 -43122 1
gene 1 516 516 -800000 1 2664 -800000 1
gene 3 8 1018 58181 0 2997 58181 1
gene 3 1018 121 -290760 0 2998 -290760 0
gene 3 15 433 -396324 0 3156 -396324 1
gene 2 10 1130 -266082 0 3329 -266082 1
gene 1 1130 14 -2769 0 3330 -2769 1
gene 3 500 697 -752367 0 3371 -752367 1
gene 2 3 516 -75675 0 3603 -75675 1
gene 2 9 1323 26025 0 3885 26025 0
gene 2 1323 14 -128130 0 3886 -128130 1
gene 2 121 420 -800000 0 3959 -800000 1
gene 2 8 1393 -168891 0 4093 -168891 1
gene 2 1393 13 -20388 0 4094 -20388 0
gene 1 11 1479 -276083 0 4325 -276083 1
gene 1 1479 14 320655 0 4326 320655 1
gene 4 12 1531 329304 0 4477 329304 1
gene 4 1531 15 94338 0 4478 94338 1
gene 3 1393 433 -705608 0 4734 -705608 1
gene 2 1323 1683 -81819 0 4950 -81819 1
gene 2 1683 14 158088 0 4951 158088 1
gene 3 6 1735 221265 0 5103 221265 1
gene 3 1735 14 585695 0 5104 585695 1
gene 1 5 516 -129435 0 5346 -129435 1
gene 1 516 433 776688 0 5443 776688 1
gene 3 2 1875 31425 0 5505 31425 1
gene 3 1875 433 -440553 0 5506 -440553 1
gene 1 1683 461 545019 0 5687 545019 1
gene 1 516 121 143316 0 5877 143316 1
gene 3 3 2034 -460170 0 5939 -460170 1
gene 3 2034 697 171855 0 5940 171855 1
gene 3 5 1479 -729581 0 6157 -729581 1
gene 3 7 2142 -475860 0 6248 -475860 1
gene 3 2142 420 200946 0 6249 200946 1
gene 3 420 2172 -800000 0 6332 -800000 1
gene 3 2172 15 -41430 0 6333 -41430 1
gene 2 1735 1735 -90024 1 6388 -90024 1
gene 2 8 2206 107775 0 6436 107775 1
gene 1 2206 1393 18681 0 6437 18681 1
gene 2 121 2313 152373 0 6747 152373 1
gene 2 2313 420 -130647 0 6748 -130647 1
gene 2 9 2332 -399399 0 6797 -399399 0
gene 2 2332 1323 55677 0 6798 55677 1
gene 4 1323 2034 -369707 0 6848 -369707 1
gene 2 7 2368 143826 0 6897 143826 1
gene 2 2368 121 800000 0 6898 800000 1
gene 2 384 1531 -308058 0 7018 -308058 1
gene 2 2142 1018 417806 0 7205 417806 1
gene 3 2206 2034 179865 0 7245 179865 1
gene 2 7 2491 331506 0 7283 331506 1
gene 2 2491 2368 254919 0 7284 254919 1
gene 2 5 2512 -175590 0 7337 -175590 1
gene 2 2512 13 -526580 0 7338 -526580 0
gene 2 10 2530 498864 0 7387 498864 1
gene 2 2530 13 268857 0 7388 268857 1
gene 3 9 2547 136661 0 7440 136661 1
gene 3 2547 13 43095 0 7441 43095 1
gene 2 2530 1479 -156678 0 7594 -156678 0
gene 1 1479 2692 -378027 0 7856 -378027 1
gene 1 2692 14 277872 0 7857 277872 1
gene 3 4 1130 376974 0 7980 376974 1
gene 4 3 2786 -163245 0 8132 -163245 1
gene 4 2786 14 126423 0 8133 126423 1
gene 4 2547 1735 256407 0 8311 256407 1
gene 3 2692 461 134022 0 8358 134022 1
gene 4 500 2912 -594957 0 8507 -594957 1
gene 1 2912 15 -564819 0 8508 -564819 1
gene 1 2912 1130 -266427 0 8750 -266427 1
gene 2 2142 3009 -43218 0 8799 -43218 1
gene 2 3009 1018 117987 0 8800 117987 0
gene 3 2034 2034 -95262 1 8851 -95262 1
gene 2 2512 3108 116265 0 9104 116265 1
gene 2 3108 13 -435930 0 9105 -435930 1
gene 1 2491 235 87405 0 9236 87405 1
gene 2 9 3213 -366396 0 9416 -366396 1
gene 2 3213 2332 -678609 0 9417 -678609 1
gene 1 516 3249 -273603 0 9516 -273603 1
gene 1 3249 14 -800000 0 9517 -800000 1
gene 2 1393 3336 -392589 0 9780 -392589 1
gene 2 3336 13 218973 0 9781 218973 1
gene 2 2530 3356 205284 0 9835 205284 1
gene 2 3356 1479 -189861 0 9836 -189861 1
gene 3 2034 3443 -457881 1 10105 -457881 1
gene 3 3443 2034 156411 0 10106 156411 1
gene 3 697 3469 165970 0 10184 165970 1
gene 3 3469 15 -291549 0 10185 -291549 1
gene 3 3009 3009 386439 1 10235 386439 1
gene 2 3009 3532 -681762 0 10378 -681762 1
gene 2 3532 1018 282546 0 10379 282546 1
gene 3 3108 2142 -292301 0 10666 -292301 1
gene 4 2313 3336 73542 0 10820 73542 1
genomeend 72


/* Organism #78 Fitness: 240.000000 Time: 0 */
/* Position #78*/
#1 x: 23 y: 33
#2 x: 58 y: 34
#3 x: 50 y: 35
#4 x: 82 y: 61
#5 x: 80 y: 81
#6 x: 36 y: 85
genomestart 78
trait 1 43007.000000 16300.000000 6994.000000 28041.000000 57524.000000 37112.000000 87908.000000 80535.000000 trait 2 0.000000 43855.000000 0.000000 95786.000000 51940.000000 72099.000000 50358.000000 23911.000000 trait 3 0.000000 0.000000 0.000000 51304.000000 0.000000 13538.000000 70969.000000 30146.000000 trait 4 4.000000 0.000000 0.000000 36940.000000 0.000000 0.000000 43316.000000 37957.000000 node 1 4 1 3
node 2 4 1 1
node 3 1 1 1
node 4 1 1 1
node 5 1 1 1
node 6 2 1 1
node 7 4 1 1
node 8 4 1 1
node 9 2 1 1
node 10 1 1 1
node 11 2 1 1
node 12 4 1 1
node 13 2 0 2
node 14 1 0 2
node 15 3 0 2
node 121 1 0 0
node 235 1 0 0
node 384 1 0 0
node 420 1 0 0
node 433 1 0 0
node 461 1 0 0
node 500 1 0 0
node 516 1 0 0
node 697 3 0 0
node 1018 1 0 0
node 1130 1 0 0
node 1323 3 0 0
node 1393 1 0 0
node 1479 1 0 0
node 1531 4 0 0
node 1683 1 0 0
node 1735 1 0 0
node 1875 1 0 0
node 2034 1 0 0
node 2142 1 0 0
node 2172 1 0 0
node 2206 1 0 0
node 2313 1 0 0
node 2332 1 0 0
node 2368 3 0 0
node 2491 1 0 0
node 2512 1 0 0
node 2530 1 0 0
node 2547 1 0 0
node 2692 1 0 0
node 2786 1 0 0
node 2915 1 0 0
node 3042 1 0 0
node 3079 1 0 0
node 3409 1 0 0
node 3527 1 0 0
node 3557 1 0 0
node 3610 1 0 0
node 3642 1 0 0
gene 2 1 13 -273006 0 1 -273006 1
gene 3 2 13 338747 0 2 338747 1
gene 2 3 13 390531 0 3 390531 0
gene 3 4 13 163095 0 4 163095 1
gene 2 5 13 -446241 0 5 -446241 0
gene 4 6 13 -55455 0 6 -55455 1
gene 3 7 13 -250863 0 7 -250863 1
gene 2 8 13 349479 0 8 349479 0
gene 3 9 13 247335 0 9 247335 1
gene 2 10 13 -93108 0 10 -93108 0
gene 2 11 13 -762174 0 11 -762174 1
gene 4 12 13 23991 0 12 23991 1
gene 2 1 14 312186 0 13 312186 1
gene 2 2 14 -328932 0 14 -328932 1
gene 4 3 14 294252 0 15 294252 1
gene 4 4 14 -215886 0 16 -215886 1
gene 4 5 14 -234735 0 17 -234735 1
gene 3 6 14 800000 0 18 800000 0
gene 2 7 14 800000 0 19 800000 1
gene 1 8 14 -124383 0 20 -124383 0
gene 3 9 14 228873 0 21 228873 1
gene 1 10 14 443772 0 22 443772 1
gene 1 11 14 -561740 0 23 -561740 1
gene 3 12 14 3828 0 24 3828 1
gene 3 1 15 160560 0 25 160560 1
gene 3 2 15 -2145 0 26 -2145 1
gene 3 3 15 -100002 0 27 -100002 0
gene 3 4 15 -121305 0 28 -121305 1
gene 3 5 15 -358800 0 29 -358800 1
gene 1 6 15 570567 0 30 570567 1
gene 3 7 15 550385 0 31 550385 1
gene 3 8 15 527457 0 32 527457 1
gene 3 9 15 -42744 0 33 -42744 1
gene 3 10 15 9882 0 34 9882 1
gene 2 11 15 -82587 0 35 -82587 1
gene 4 12 15 -304167 0 36 -304167 1
gene 4 15 15 188667 1 174 188667 1
gene 3 8 121 95748 0 329 95748 1
gene 3 121 15 43842 0 330 43842 1
gene 2 5 121 62237 0 438 62237 0
gene 2 7 121 79950 0 483 79950 0
gene 4 4 235 104124 0 666 104124 1
gene 4 235 14 136338 0 667 136338 1
gene 1 1 235 -180861 0 753 -180861 1
gene 3 9 235 109443 0 1108 109443 1
gene 3 10 384 316131 0 1126 316131 1
gene 3 384 15 -416670 0 1127 -416670 1
gene 2 14 14 463314 1 1197 463314 1
gene 3 7 420 -572777 0 1239 -572777 0
gene 3 420 15 509883 0 1240 509883 0
gene 3 2 433 240759 0 1284 240759 1
gene 3 433 13 -554565 0 1285 -554565 1
gene 4 3 461 85542 0 1352 85542 1
gene 4 461 14 45234 0 1353 45234 1
gene 4 15 500 -669075 1 1453 -669075 1
gene 4 500 15 -41634 0 1454 -41634 1
gene 1 8 516 -412086 0 1500 -412086 1
gene 1 516 14 -24675 0 1501 -24675 1
gene 1 384 121 -286119 0 1548 -286119 1
gene 2 8 461 551460 0 1965 551460 1
gene 3 3 697 -627540 0 2038 -627540 1
gene 3 697 15 -12936 0 2039 -12936 1
gene 2 1 500 -423960 0 2133 -423960 1
gene 1 3 433 -352020 0 2628 -352020 1
gene 1 516 516 -247899 1 2664 -247899 1
gene 3 8 1018 -190980 0 2997 -190980 1
gene 3 1018 121 247944 0 2998 247944 0
gene 3 15 433 -35940 0 3156 -35940 0
gene 1 10 1130 291600 0 3329 291600 1
gene 1 1130 14 800000 0 3330 800000 1
gene 3 500 697 -141156 0 3371 -141156 1
gene 2 3 516 148131 0 3603 148131 0
gene 2 9 1323 -88176 0 3885 -88176 0
gene 2 1323 14 -260733 0 3886 -260733 1
gene 2 121 420 -65766 0 3959 -65766 1
gene 2 8 1393 747129 0 4093 747129 1
gene 2 1393 13 242559 0 4094 242559 1
gene 1 11 1479 -175254 0 4325 -175254 1
gene 1 1479 14 -24603 0 4326 -24603 1
gene 4 12 1531 218028 0 4477 218028 1
gene 4 1531 15 112725 0 4478 112725 1
gene 3 1393 433 -384518 0 4734 -384518 1
gene 2 1323 1683 -516273 0 4950 -516273 1
gene 2 1683 14 247002 0 4951 247002 1
gene 3 6 1735 -446709 0 5103 -446709 1
gene 3 1735 14 -58698 0 5104 -58698 1
gene 1 5 516 -356307 0 5346 -356307 1
gene 1 516 433 -80289 0 5443 -80289 1
gene 3 2 1875 -353538 0 5505 -353538 1
gene 3 1875 433 -272841 0 5506 -272841 1
gene 1 1683 461 -800000 0 5687 -800000 1
gene 1 516 121 -217809 0 5877 -217809 1
gene 3 3 2034 353547 0 5939 353547 1
gene 3 2034 697 -112359 0 5940 -112359 1
gene 3 5 1479 220878 0 6157 220878 1
gene 3 7 2142 -479115 0 6248 -479115 1
gene 3 2142 420 -434775 0 6249 -434775 1
gene 3 420 2172 -109650 0 6332 -109650 1
gene 3 2172 15 -261822 0 6333 -261822 1
gene 2 1735 1735 -34461 1 6388 -34461 1
gene 2 8 2206 -100524 0 6436 -100524 1
gene 2 2206 1393 205542 0 6437 205542 1
gene 2 121 2313 -154866 0 6747 -154866 1
gene 2 2313 420 45813 0 6748 45813 1
gene 2 9 2332 -397940 0 6797 -397940 1
gene 2 2332 1323 -727374 0 6798 -727374 1
gene 4 1323 2034 -228639 0 6848 -228639 1
gene 2 7 2368 292308 0 6897 292308 0
gene 2 2368 121 -38604 0 6898 -38604 1
gene 2 384 1531 -404607 0 7018 -404607 0
gene 2 2142 1018 -370647 0 7205 -370647 1
gene 3 2206 2034 -215703 0 7245 -215703 1
gene 2 7 2491 246678 0 7283 246678 1
gene 2 2491 2368 437142 0 7284 437142 1
gene 2 5 2512 -593745 0 7337 -593745 1
gene 2 2512 13 450972 0 7338 450972 1
gene 2 10 2530 570537 0 7387 570537 1
gene 2 2530 13 -800000 0 7388 -800000 1
gene 3 9 2547 165219 0 7440 165219 1
gene 3 2547 13 -153096 0 7441 -153096 1
gene 2 2530 1479 15363 0 7594 15363 1
gene 1 1479 2692 4818 0 7856 4818 0
gene 1 2692 14 -289611 0 7857 -289611 1
gene 3 4 1130 228168 0 7980 228168 1
gene 4 3 2786 -199869 0 8132 -199869 1
gene 4 2786 14 433200 0 8133 433200 1
gene 3 384 384 231360 1 8429 231360 1
gene 2 3 2915 -40704 0 8516 -40704 1
gene 2 2915 516 295404 0 8517 295404 1
gene 4 433 433 -525018 1 8562 -525018 1
gene 2 2547 1479 -626001 0 8709 -626001 0
gene 3 2206 1683 99528 0 8777 99528 1
gene 2 5 3042 140856 0 8890 140856 1
gene 2 3042 121 208971 0 8891 208971 1
gene 1 1479 3079 -3816 0 9004 -3816 1
gene 1 3079 2692 111954 0 9005 111954 1
gene 4 516 2547 -413655 0 9030 -413655 1
gene 3 1875 2915 -398835 0 9219 -398835 1
gene 2 2 420 -22563 0 9364 -22563 1
gene 2 1735 1531 -148065 0 9549 -148065 1
gene 4 9 697 -175626 0 9875 -175626 1
gene 4 12 2786 94785 0 9948 94785 1
gene 2 2547 3409 28260 0 10007 28260 1
gene 2 3409 1479 154089 0 10008 154089 1
gene 2 8 500 336180 0 10064 336180 1
gene 2 3 3527 12126 0 10362 12126 1
gene 2 3527 13 -800000 0 10363 -800000 1
gene 3 500 500 -339369 1 10410 -339369 1
gene 2 384 3557 277746 0 10455 277746 1
gene 2 3557 1531 -800000 0 10456 -800000 1
gene 1 2491 1018 -219609 0 10493 -219609 1
gene 2 7 3610 146697 0 10603 146697 1
gene 2 3610 2368 -292008 0 10604 -292008 1
gene 1 2142 2142 216036 1 10644 216036 1
gene 3 15 3642 317583 0 10707 317583 1
gene 3 3642 433 46668 0 10708 46668 1
gene 3 2313 15 -409366 0 10762 -409366 1
genomeend 78


