/* Organism #2 Fitness: 340.000000 Time: 0 */
/* Position #2*/
#1 x: 60 y: 25
#2 x: 70 y: 39
#3 x: 27 y: 35
#4 x: 58 y: 60
#5 x: 33 y: 67
#6 x: 57 y: 60
genomestart 2
trait 1 43007.000000 16300.000000 6994.000000 28041.000000 57524.000000 37112.000000 87908.000000 80535.000000 trait 2 30533.000000 24215.000000 70868.000000 0.000000 0.000000 0.000000 0.000000 18399.000000 trait 3 0.000000 0.000000 44883.000000 65858.000000 41337.000000 0.000000 100000.000000 41343.000000 trait 4 4.000000 0.000000 0.000000 36940.000000 0.000000 0.000000 43316.000000 37957.000000 node 1 4 1 3
node 2 4 1 1
node 3 1 1 1
node 4 1 1 1
node 5 1 1 1
node 6 2 1 1
node 7 4 1 1
node 8 4 1 1
node 9 2 1 1
node 10 1 1 1
node 11 2 1 1
node 12 4 1 1
node 13 2 0 2
node 14 1 0 2
node 15 3 0 2
node 121 1 0 0
node 235 1 0 0
node 384 1 0 0
node 420 1 0 0
node 433 1 0 0
node 461 1 0 0
node 500 1 0 0
node 516 1 0 0
node 697 3 0 0
node 1018 1 0 0
node 1130 1 0 0
node 1323 3 0 0
node 1393 1 0 0
node 1479 1 0 0
node 1531 3 0 0
node 1683 1 0 0
node 1735 1 0 0
node 1875 1 0 0
node 2034 1 0 0
node 2142 1 0 0
node 2172 1 0 0
node 2206 1 0 0
node 2313 1 0 0
node 2332 1 0 0
node 2368 1 0 0
node 2491 1 0 0
node 2512 1 0 0
node 2530 1 0 0
node 2547 1 0 0
node 2692 1 0 0
node 2786 1 0 0
node 2912 1 0 0
node 3009 1 0 0
node 3108 1 0 0
node 3213 1 0 0
node 3249 1 0 0
node 3354 1 0 0
node 3389 1 0 0
node 3428 1 0 0
gene 2 1 13 -230190 0 1 -230190 1
gene 3 2 13 -551582 0 2 -551582 1
gene 2 3 13 -172695 0 3 -172695 1
gene 3 4 13 607668 0 4 607668 1
gene 2 5 13 243159 0 5 243159 0
gene 4 6 13 74796 0 6 74796 1
gene 3 7 13 -226611 0 7 -226611 1
gene 2 8 13 367854 0 8 367854 0
gene 3 9 13 -379935 0 9 -379935 1
gene 2 10 13 43269 0 10 43269 0
gene 2 11 13 692576 0 11 692576 1
gene 4 12 13 -149277 0 12 -149277 1
gene 2 1 14 241695 0 13 241695 1
gene 2 2 14 432198 0 14 432198 1
gene 4 3 14 -242499 0 15 -242499 0
gene 4 4 14 -291843 0 16 -291843 0
gene 4 5 14 192075 0 17 192075 1
gene 3 6 14 -79074 0 18 -79074 0
gene 2 7 14 -156114 0 19 -156114 1
gene 1 8 14 194481 0 20 194481 0
gene 3 9 14 -185112 0 21 -185112 1
gene 1 10 14 184515 0 22 184515 1
gene 1 11 14 237060 0 23 237060 1
gene 4 12 14 67779 0 24 67779 1
gene 3 1 15 197436 0 25 197436 1
gene 3 2 15 518106 0 26 518106 1
gene 3 3 15 -251160 0 27 -251160 0
gene 3 4 15 408147 0 28 408147 1
gene 3 5 15 -332118 0 29 -332118 1
gene 1 6 15 173931 0 30 173931 1
gene 3 7 15 207081 0 31 207081 1
gene 3 8 15 -105711 0 32 -105711 1
gene 3 9 15 -437496 0 33 -437496 1
gene 3 10 15 196827 0 34 196827 0
gene 2 11 15 650705 0 35 650705 1
gene 4 12 15 375093 0 36 375093 0
gene 4 15 15 129207 1 174 129207 0
gene 3 8 121 438672 0 329 438672 0
gene 3 121 15 143043 0 330 143043 1
gene 2 5 121 241119 0 438 241119 1
gene 2 7 121 -146352 0 483 -146352 0
gene 4 4 235 -161745 0 666 -161745 1
gene 4 235 14 -29085 0 667 -29085 1
gene 1 1 235 167931 0 753 167931 1
gene 3 9 235 -10776 0 1108 -10776 1
gene 3 10 384 58158 0 1126 58158 1
gene 3 384 15 105513 0 1127 105513 1
gene 2 14 14 -221169 1 1197 -221169 1
gene 3 7 420 38724 0 1239 38724 0
gene 3 420 15 456291 0 1240 456291 0
gene 3 2 433 94041 0 1284 94041 1
gene 3 433 13 232350 0 1285 232350 1
gene 4 3 461 -610050 0 1352 -610050 1
gene 4 461 14 -9924 0 1353 -9924 1
gene 4 15 500 17874 1 1453 17874 1
gene 4 500 15 184125 0 1454 184125 0
gene 1 8 516 -409485 0 1500 -409485 1
gene 1 516 14 -14532 0 1501 -14532 0
gene 1 384 121 273198 0 1548 273198 1
gene 2 8 461 331884 0 1965 331884 1
gene 3 3 697 392928 0 2038 392928 1
gene 3 697 15 172056 0 2039 172056 1
gene 2 1 500 108204 0 2133 108204 1
gene 1 3 433 100038 0 2628 100038 1
gene 1 516 516 -125199 1 2664 -125199 1
gene 3 8 1018 758525 0 2997 758525 1
gene 3 1018 121 385004 0 2998 385004 0
gene 3 15 433 222873 0 3156 222873 1
gene 1 10 1130 -344796 0 3329 -344796 1
gene 1 1130 14 208755 0 3330 208755 1
gene 3 500 697 386961 0 3371 386961 1
gene 2 3 516 184647 0 3603 184647 1
gene 2 9 1323 173568 0 3885 173568 0
gene 2 1323 14 227094 0 3886 227094 0
gene 2 121 420 -749061 0 3959 -749061 1
gene 2 8 1393 407574 0 4093 407574 1
gene 2 1393 13 -48582 0 4094 -48582 1
gene 1 11 1479 94359 0 4325 94359 1
gene 1 1479 14 464604 0 4326 464604 1
gene 4 12 1531 127797 0 4477 127797 1
gene 4 1531 15 -46584 0 4478 -46584 1
gene 3 1393 433 -359775 0 4734 -359775 1
gene 2 1323 1683 -229482 0 4950 -229482 1
gene 2 1683 14 -466686 0 4951 -466686 1
gene 3 6 1735 -33885 0 5103 -33885 1
gene 3 1735 14 295884 0 5104 295884 1
gene 1 5 516 36399 0 5346 36399 0
gene 1 516 433 354744 0 5443 354744 1
gene 3 2 1875 76467 0 5505 76467 1
gene 3 1875 433 71259 0 5506 71259 1
gene 1 1683 461 -400074 0 5687 -400074 0
gene 1 516 121 32454 0 5877 32454 1
gene 3 3 2034 8034 0 5939 8034 1
gene 3 2034 697 -170715 0 5940 -170715 1
gene 3 5 1479 -365085 0 6157 -365085 1
gene 3 7 2142 -226569 0 6248 -226569 1
gene 3 2142 420 536265 0 6249 536265 1
gene 3 420 2172 -800000 0 6332 -800000 1
gene 3 2172 15 31920 0 6333 31920 1
gene 2 1735 1735 24747 1 6388 24747 1
gene 2 8 2206 220437 0 6436 220437 1
gene 2 2206 1393 55317 0 6437 55317 1
gene 2 121 2313 328746 0 6747 328746 1
gene 2 2313 420 -644595 0 6748 -644595 1
gene 2 9 2332 -624261 0 6797 -624261 0
gene 2 2332 1323 140808 0 6798 140808 1
gene 4 1323 2034 -196965 0 6848 -196965 1
gene 2 7 2368 -776001 0 6897 -776001 1
gene 2 2368 121 -542871 0 6898 -542871 1
gene 2 384 1531 -248505 0 7018 -248505 1
gene 2 2142 1018 -76539 0 7205 -76539 0
gene 3 2206 2034 71220 0 7245 71220 1
gene 2 7 2491 142596 0 7283 142596 1
gene 2 2491 2368 -486462 0 7284 -486462 1
gene 2 5 2512 130410 0 7337 130410 1
gene 2 2512 13 333024 0 7338 333024 0
gene 2 10 2530 -650997 0 7387 -650997 1
gene 2 2530 13 36213 0 7388 36213 1
gene 3 9 2547 -19467 0 7440 -19467 1
gene 3 2547 13 -141834 0 7441 -141834 1
gene 2 2530 1479 56133 0 7594 56133 1
gene 1 1479 2692 62193 0 7856 62193 1
gene 1 2692 14 426795 0 7857 426795 1
gene 3 4 1130 6426 0 7980 6426 1
gene 4 3 2786 -54429 0 8132 -54429 1
gene 4 2786 14 176952 0 8133 176952 1
gene 4 2547 1735 -304446 0 8311 -304446 1
gene 3 2692 461 342954 0 8358 342954 1
gene 4 500 2912 -89610 0 8507 -89610 1
gene 1 2912 15 -90078 0 8508 -90078 1
gene 1 2912 1130 176637 0 8750 176637 1
gene 2 2142 3009 32721 0 8799 32721 1
gene 2 3009 1018 703800 0 8800 703800 1
gene 3 2034 2034 265191 1 8851 265191 1
gene 2 2512 3108 253257 0 9104 253257 1
gene 2 3108 13 -237462 0 9105 -237462 1
gene 1 2491 235 -52641 0 9236 -52641 1
gene 2 9 3213 -148311 0 9416 -148311 0
gene 2 3213 2332 52584 0 9417 52584 1
gene 1 516 3249 -254013 0 9516 -254013 1
gene 1 3249 14 26580 0 9517 26580 1
gene 4 3 1393 -319222 0 9617 -319222 1
gene 2 3108 2912 -191235 0 9658 -191235 1
gene 1 1683 3354 1 0 9826 0 1
gene 1 3354 461 -400074 0 9827 0 1
gene 2 1479 2206 -31181 0 9862 -31181 1
gene 1 2206 2206 22778 1 9903 22778 1
gene 1 5 3389 1 0 9946 0 1
gene 1 3389 516 36399 0 9947 0 1
gene 4 2 2786 27279 0 10005 27279 1
gene 2 9 3428 1 0 10062 0 1
gene 2 3428 3213 -148311 0 10063 0 1
genomeend 2


/* Organism #6 Fitness: 430.000000 Time: 0 */
/* Position #6*/
#1 x: 76 y: 17
#2 x: 58 y: 18
#3 x: 65 y: 38
#4 x: 66 y: 81
#5 x: 68 y: 62
#6 x: 31 y: 70
genomestart 6
trait 1 43007.000000 16300.000000 6994.000000 28041.000000 57524.000000 37112.000000 87908.000000 80535.000000 trait 2 0.000000 43855.000000 0.000000 95786.000000 51940.000000 72099.000000 50358.000000 23911.000000 trait 3 0.000000 0.000000 0.000000 51304.000000 0.000000 13538.000000 70969.000000 30146.000000 trait 4 4.000000 0.000000 0.000000 36940.000000 0.000000 0.000000 43316.000000 37957.000000 node 1 4 1 3
node 2 4 1 1
node 3 1 1 1
node 4 1 1 1
node 5 1 1 1
node 6 2 1 1
node 7 4 1 1
node 8 4 1 1
node 9 2 1 1
node 10 1 1 1
node 11 2 1 1
node 12 4 1 1
node 13 2 0 2
node 14 1 0 2
node 15 3 0 2
node 121 1 0 0
node 235 1 0 0
node 384 1 0 0
node 420 1 0 0
node 433 1 0 0
node 461 1 0 0
node 500 1 0 0
node 516 1 0 0
node 697 3 0 0
node 1018 1 0 0
node 1130 1 0 0
node 1323 3 0 0
node 1393 1 0 0
node 1479 1 0 0
node 1531 4 0 0
node 1683 1 0 0
node 1735 1 0 0
node 1875 1 0 0
node 2034 1 0 0
node 2142 1 0 0
node 2172 1 0 0
node 2206 1 0 0
node 2313 1 0 0
node 2332 1 0 0
node 2368 3 0 0
node 2491 1 0 0
node 2512 1 0 0
node 2530 1 0 0
node 2547 1 0 0
node 2692 1 0 0
node 2786 1 0 0
node 2915 1 0 0
node 3042 1 0 0
node 3079 1 0 0
node 3409 1 0 0
gene 2 1 13 -540588 0 1 -540588 1
gene 3 2 13 249846 0 2 249846 1
gene 2 3 13 -1746 0 3 -1746 1
gene 3 4 13 103761 0 4 103761 1
gene 2 5 13 -613236 0 5 -613236 0
gene 4 6 13 -54654 0 6 -54654 1
gene 3 7 13 800000 0 7 800000 1
gene 2 8 13 144600 0 8 144600 0
gene 3 9 13 -477056 0 9 -477056 1
gene 2 10 13 -239753 0 10 -239753 0
gene 2 11 13 -311928 0 11 -311928 1
gene 4 12 13 669377 0 12 669377 1
gene 2 1 14 40926 0 13 40926 1
gene 2 2 14 624686 0 14 624686 1
gene 4 3 14 -192036 0 15 -192036 1
gene 4 4 14 800000 0 16 800000 1
gene 4 5 14 489549 0 17 489549 1
gene 3 6 14 -199230 0 18 -199230 0
gene 2 7 14 277950 0 19 277950 1
gene 1 8 14 413394 0 20 413394 0
gene 3 9 14 -9363 0 21 -9363 1
gene 1 10 14 68088 0 22 68088 1
gene 1 11 14 -201387 0 23 -201387 1
gene 3 12 14 397806 0 24 397806 1
gene 3 1 15 -202398 0 25 -202398 1
gene 3 2 15 -156378 0 26 -156378 1
gene 3 3 15 -475322 0 27 -475322 0
gene 3 4 15 418209 0 28 418209 1
gene 3 5 15 -7296 0 29 -7296 1
gene 1 6 15 -569639 0 30 -569639 1
gene 3 7 15 798536 0 31 798536 1
gene 3 8 15 437703 0 32 437703 1
gene 3 9 15 -418947 0 33 -418947 1
gene 3 10 15 131526 0 34 131526 1
gene 2 11 15 -800000 0 35 -800000 1
gene 4 12 15 -384969 0 36 -384969 1
gene 4 15 15 -157014 1 174 -157014 1
gene 3 8 121 407352 0 329 407352 1
gene 3 121 15 1464 0 330 1464 1
gene 2 5 121 -492553 0 438 -492553 0
gene 2 7 121 -254199 0 483 -254199 0
gene 4 4 235 -312342 0 666 -312342 1
gene 4 235 14 458522 0 667 458522 1
gene 1 1 235 181791 0 753 181791 1
gene 3 9 235 339450 0 1108 339450 1
gene 3 10 384 310876 0 1126 310876 1
gene 3 384 15 -258066 0 1127 -258066 1
gene 2 14 14 -71772 1 1197 -71772 1
gene 3 7 420 -233865 0 1239 -233865 0
gene 3 420 15 408009 0 1240 408009 0
gene 3 2 433 -732149 0 1284 -732149 1
gene 3 433 13 701763 0 1285 701763 1
gene 4 3 461 205458 0 1352 205458 1
gene 4 461 14 -38232 0 1353 -38232 1
gene 4 15 500 -800000 1 1453 -800000 1
gene 4 500 15 374285 0 1454 374285 1
gene 1 8 516 63954 0 1500 63954 1
gene 1 516 14 -12582 0 1501 -12582 1
gene 1 384 121 85482 0 1548 85482 1
gene 2 8 461 229866 0 1965 229866 1
gene 3 3 697 168393 0 2038 168393 1
gene 3 697 15 -186819 0 2039 -186819 1
gene 2 1 500 656903 0 2133 656903 1
gene 1 3 433 153789 0 2628 153789 1
gene 1 516 516 -478353 1 2664 -478353 1
gene 3 8 1018 -190701 0 2997 -190701 1
gene 3 1018 121 208032 0 2998 208032 0
gene 3 15 433 -33702 0 3156 -33702 1
gene 1 10 1130 -327402 0 3329 -327402 1
gene 1 1130 14 -40287 0 3330 -40287 1
gene 3 500 697 280893 0 3371 280893 1
gene 2 3 516 172850 0 3603 172850 0
gene 2 9 1323 -136194 0 3885 -136194 0
gene 2 1323 14 -419372 0 3886 -419372 1
gene 2 121 420 562922 0 3959 562922 1
gene 2 8 1393 -426516 0 4093 -426516 1
gene 2 1393 13 -800000 0 4094 -800000 1
gene 1 11 1479 -160026 0 4325 -160026 1
gene 1 1479 14 -454887 0 4326 -454887 1
gene 4 12 1531 37674 0 4477 37674 1
gene 4 1531 15 -444345 0 4478 -444345 1
gene 3 1393 433 -726050 0 4734 -726050 1
gene 2 1323 1683 -700830 0 4950 -700830 1
gene 2 1683 14 -291434 0 4951 -291434 1
gene 3 6 1735 186975 0 5103 186975 1
gene 3 1735 14 118080 0 5104 118080 1
gene 1 5 516 392163 0 5346 392163 1
gene 1 516 433 -147771 0 5443 -147771 1
gene 3 2 1875 -190632 0 5505 -190632 1
gene 3 1875 433 -118473 0 5506 -118473 1
gene 1 1683 461 -310404 0 5687 -310404 1
gene 1 516 121 -655433 0 5877 -655433 1
gene 3 3 2034 286419 0 5939 286419 1
gene 3 2034 697 411669 0 5940 411669 1
gene 3 5 1479 129228 0 6157 129228 1
gene 3 7 2142 101301 0 6248 101301 1
gene 3 2142 420 284106 0 6249 284106 1
gene 3 420 2172 -16455 0 6332 -16455 1
gene 3 2172 15 228999 0 6333 228999 1
gene 2 1735 1735 371094 1 6388 371094 1
gene 2 8 2206 -310629 0 6436 -310629 1
gene 2 2206 1393 216255 0 6437 216255 1
gene 2 121 2313 -659328 0 6747 -659328 1
gene 2 2313 420 349398 0 6748 349398 1
gene 2 9 2332 -482469 0 6797 -482469 1
gene 2 2332 1323 -417513 0 6798 -417513 1
gene 4 1323 2034 80490 0 6848 80490 1
gene 2 7 2368 -361110 0 6897 -361110 1
gene 2 2368 121 261084 0 6898 261084 1
gene 2 384 1531 121350 0 7018 121350 1
gene 2 2142 1018 348653 0 7205 348653 1
gene 3 2206 2034 -12498 0 7245 -12498 1
gene 2 7 2491 74557 0 7283 74557 1
gene 2 2491 2368 54546 0 7284 54546 1
gene 2 5 2512 -411333 0 7337 -411333 1
gene 2 2512 13 -79194 0 7338 -79194 1
gene 2 10 2530 718634 0 7387 718634 1
gene 2 2530 13 -450615 0 7388 -450615 1
gene 3 9 2547 73806 0 7440 73806 1
gene 3 2547 13 -243081 0 7441 -243081 1
gene 2 2530 1479 -176847 0 7594 -176847 1
gene 1 1479 2692 -800000 0 7856 -800000 0
gene 1 2692 14 233763 0 7857 233763 1
gene 3 4 1130 91191 0 7980 91191 1
gene 4 3 2786 -310974 0 8132 -310974 1
gene 4 2786 14 -29568 0 8133 -29568 1
gene 3 384 384 402978 1 8429 402978 1
gene 2 3 2915 -75360 0 8516 -75360 1
gene 2 2915 516 -41541 0 8517 -41541 1
gene 4 433 433 -262062 1 8562 -262062 1
gene 2 2547 1479 229818 0 8709 229818 0
gene 3 2206 1683 -340269 0 8777 -340269 1
gene 2 5 3042 -231351 0 8890 -231351 1
gene 2 3042 121 206787 0 8891 206787 1
gene 1 1479 3079 -91992 0 9004 -91992 1
gene 1 3079 2692 198081 0 9005 198081 1
gene 4 516 2547 -55236 0 9030 -55236 1
gene 3 1875 2915 373848 0 9219 373848 1
gene 2 2 420 -280245 0 9364 -280245 1
gene 2 1735 1531 231927 0 9549 231927 1
gene 4 9 697 -91707 0 9875 -91707 1
gene 4 12 2786 -9807 0 9948 -9807 1
gene 2 2547 3409 1 0 10007 0 1
gene 2 3409 1479 229818 0 10008 0 1
gene 2 8 500 -93314 0 10064 -93314 1
genomeend 6


/* Organism #14 Fitness: 240.000000 Time: 0 */
/* Position #14*/
#1 x: 76 y: 16
#2 x: 35 y: 33
#3 x: 81 y: 33
#4 x: 32 y: 80
#5 x: 51 y: 79
#6 x: 65 y: 61
genomestart 14
trait 1 43007.000000 16300.000000 6994.000000 28041.000000 57524.000000 37112.000000 87908.000000 80535.000000 trait 2 30533.000000 24215.000000 70868.000000 0.000000 0.000000 0.000000 0.000000 18399.000000 trait 3 0.000000 0.000000 44883.000000 65858.000000 41337.000000 0.000000 100000.000000 41343.000000 trait 4 4.000000 0.000000 0.000000 36940.000000 0.000000 0.000000 43316.000000 37957.000000 node 1 4 1 3
node 2 4 1 1
node 3 1 1 1
node 4 1 1 1
node 5 1 1 1
node 6 2 1 1
node 7 4 1 1
node 8 4 1 1
node 9 2 1 1
node 10 1 1 1
node 11 2 1 1
node 12 4 1 1
node 13 2 0 2
node 14 1 0 2
node 15 3 0 2
node 121 1 0 0
node 235 1 0 0
node 384 1 0 0
node 420 1 0 0
node 433 1 0 0
node 461 1 0 0
node 500 1 0 0
node 516 1 0 0
node 697 3 0 0
node 1018 1 0 0
node 1130 1 0 0
node 1323 3 0 0
node 1393 1 0 0
node 1479 1 0 0
node 1531 3 0 0
node 1683 1 0 0
node 1735 1 0 0
node 1875 1 0 0
node 2034 1 0 0
node 2142 1 0 0
node 2172 1 0 0
node 2206 1 0 0
node 2313 1 0 0
node 2332 1 0 0
node 2368 1 0 0
node 2491 1 0 0
node 2512 1 0 0
node 2530 1 0 0
node 2547 1 0 0
node 2692 1 0 0
node 2786 1 0 0
node 2912 1 0 0
node 3009 1 0 0
node 3108 1 0 0
node 3213 1 0 0
node 3249 1 0 0
node 3354 1 0 0
node 3382 1 0 0
node 3394 1 0 0
node 3433 1 0 0
gene 2 1 13 -286866 0 1 -286866 1
gene 3 2 13 -224552 0 2 -224552 1
gene 2 3 13 -393441 0 3 -393441 1
gene 3 4 13 530045 0 4 530045 1
gene 2 5 13 385113 0 5 385113 0
gene 4 6 13 151887 0 6 151887 1
gene 3 7 13 -282039 0 7 -282039 1
gene 2 8 13 632820 0 8 632820 0
gene 3 9 13 -28098 0 9 -28098 1
gene 2 10 13 -362370 0 10 -362370 0
gene 2 11 13 504026 0 11 504026 1
gene 4 12 13 -349119 0 12 -349119 1
gene 2 1 14 -265869 0 13 -265869 1
gene 2 2 14 538350 0 14 538350 1
gene 4 3 14 -83211 0 15 -83211 0
gene 4 4 14 -249741 0 16 -249741 0
gene 4 5 14 9795 0 17 9795 1
gene 3 6 14 -510459 0 18 -510459 0
gene 2 7 14 -179835 0 19 -179835 1
gene 1 8 14 656190 0 20 656190 0
gene 3 9 14 179766 0 21 179766 1
gene 1 10 14 367158 0 22 367158 1
gene 1 11 14 -298293 0 23 -298293 1
gene 4 12 14 -168819 0 24 -168819 1
gene 3 1 15 -88176 0 25 -88176 1
gene 3 2 15 -76578 0 26 -76578 1
gene 3 3 15 141234 0 27 141234 0
gene 3 4 15 210900 0 28 210900 1
gene 3 5 15 -267654 0 29 -267654 1
gene 1 6 15 170463 0 30 170463 1
gene 3 7 15 482283 0 31 482283 1
gene 3 8 15 110448 0 32 110448 1
gene 3 9 15 335220 0 33 335220 1
gene 3 10 15 325950 0 34 325950 0
gene 2 11 15 605753 0 35 605753 1
gene 4 12 15 197217 0 36 197217 0
gene 4 15 15 122304 1 174 122304 0
gene 3 8 121 127485 0 329 127485 0
gene 3 121 15 -104487 0 330 -104487 1
gene 2 5 121 70434 0 438 70434 1
gene 2 7 121 -451836 0 483 -451836 0
gene 4 4 235 -170031 0 666 -170031 1
gene 4 235 14 67263 0 667 67263 1
gene 1 1 235 232425 0 753 232425 1
gene 3 9 235 -49011 0 1108 -49011 1
gene 3 10 384 549249 0 1126 549249 1
gene 3 384 15 -288321 0 1127 -288321 1
gene 2 14 14 -539307 1 1197 -539307 1
gene 3 7 420 -121545 0 1239 -121545 0
gene 3 420 15 458553 0 1240 458553 0
gene 3 2 433 13338 0 1284 13338 1
gene 3 433 13 470634 0 1285 470634 1
gene 4 3 461 -548364 0 1352 -548364 1
gene 4 461 14 -58908 0 1353 -58908 1
gene 4 15 500 -97173 1 1453 -97173 1
gene 4 500 15 115701 0 1454 115701 0
gene 1 8 516 -239526 0 1500 -239526 1
gene 1 516 14 17307 0 1501 17307 0
gene 1 384 121 -230769 0 1548 -230769 1
gene 2 8 461 568878 0 1965 568878 1
gene 3 3 697 347235 0 2038 347235 1
gene 3 697 15 -13836 0 2039 -13836 1
gene 2 1 500 354348 0 2133 354348 1
gene 1 3 433 98694 0 2628 98694 1
gene 1 516 516 -190332 1 2664 -190332 1
gene 3 8 1018 739484 0 2997 739484 1
gene 3 1018 121 309950 0 2998 309950 0
gene 3 15 433 190566 0 3156 190566 1
gene 1 10 1130 -288078 0 3329 -288078 1
gene 1 1130 14 270024 0 3330 270024 1
gene 3 500 697 148644 0 3371 148644 1
gene 2 3 516 186105 0 3603 186105 1
gene 2 9 1323 225480 0 3885 225480 0
gene 2 1323 14 138303 0 3886 138303 0
gene 2 121 420 -800000 0 3959 -800000 1
gene 2 8 1393 217668 0 4093 217668 0
gene 2 1393 13 336315 0 4094 336315 1
gene 1 11 1479 191505 0 4325 191505 1
gene 1 1479 14 546516 0 4326 546516 1
gene 4 12 1531 435729 0 4477 435729 1
gene 4 1531 15 -53448 0 4478 -53448 1
gene 3 1393 433 -367263 0 4734 -367263 0
gene 2 1323 1683 93753 0 4950 93753 1
gene 2 1683 14 336987 0 4951 336987 1
gene 3 6 1735 17196 0 5103 17196 1
gene 3 1735 14 360465 0 5104 360465 1
gene 1 5 516 -159318 0 5346 -159318 1
gene 1 516 433 554343 0 5443 554343 1
gene 3 2 1875 -27006 0 5505 -27006 1
gene 3 1875 433 -303528 0 5506 -303528 1
gene 1 1683 461 -689634 0 5687 -689634 0
gene 1 516 121 -294951 0 5877 -294951 1
gene 3 3 2034 -269775 0 5939 -269775 1
gene 3 2034 697 -278511 0 5940 -278511 1
gene 3 5 1479 -27819 0 6157 -27819 1
gene 3 7 2142 -33084 0 6248 -33084 1
gene 3 2142 420 498786 0 6249 498786 1
gene 3 420 2172 -800000 0 6332 -800000 1
gene 3 2172 15 237930 0 6333 237930 1
gene 2 1735 1735 178014 1 6388 178014 1
gene 2 8 2206 251652 0 6436 251652 1
gene 2 2206 1393 68754 0 6437 68754 1
gene 2 121 2313 73599 0 6747 73599 1
gene 2 2313 420 -84066 0 6748 -84066 1
gene 2 9 2332 -517905 0 6797 -517905 0
gene 2 2332 1323 -379710 0 6798 -379710 1
gene 4 1323 2034 -84984 0 6848 -84984 1
gene 2 7 2368 -544326 0 6897 -544326 1
gene 2 2368 121 -392811 0 6898 -392811 1
gene 2 384 1531 203307 0 7018 203307 1
gene 2 2142 1018 125103 0 7205 125103 0
gene 3 2206 2034 110919 0 7245 110919 1
gene 2 7 2491 -458514 0 7283 -458514 1
gene 2 2491 2368 -126591 0 7284 -126591 1
gene 2 5 2512 567012 0 7337 567012 1
gene 2 2512 13 139428 0 7338 139428 0
gene 2 10 2530 -478995 0 7387 -478995 1
gene 2 2530 13 -51276 0 7388 -51276 1
gene 3 9 2547 131844 0 7440 131844 1
gene 3 2547 13 -162150 0 7441 -162150 1
gene 2 2530 1479 -52542 0 7594 -52542 1
gene 1 1479 2692 -32304 0 7856 -32304 1
gene 1 2692 14 340800 0 7857 340800 1
gene 3 4 1130 -12132 0 7980 -12132 1
gene 4 3 2786 -235629 0 8132 -235629 1
gene 4 2786 14 287886 0 8133 287886 1
gene 4 2547 1735 -279 0 8311 -279 1
gene 3 2692 461 461241 0 8358 461241 1
gene 4 500 2912 28335 0 8507 28335 1
gene 1 2912 15 -190347 0 8508 -190347 1
gene 1 2912 1130 69 0 8750 69 1
gene 2 2142 3009 236979 0 8799 236979 1
gene 2 3009 1018 602817 0 8800 602817 1
gene 3 2034 2034 500988 1 8851 500988 1
gene 2 2512 3108 91272 0 9104 91272 1
gene 2 3108 13 392229 0 9105 392229 1
gene 1 2491 235 -89853 0 9236 -89853 1
gene 2 9 3213 89472 0 9416 89472 1
gene 2 3213 2332 67293 0 9417 67293 1
gene 1 516 3249 26967 0 9516 26967 1
gene 1 3249 14 -146823 0 9517 -146823 1
gene 4 3 1393 -335752 0 9617 -335752 0
gene 2 3108 2912 -62733 0 9658 -62733 1
gene 1 1683 3354 -549980 0 9826 -549980 1
gene 1 3354 461 -267576 0 9827 -267576 1
gene 4 3 3382 29722 0 9926 29722 1
gene 4 3382 1393 -432349 0 9927 -432349 1
gene 2 8 3394 -97226 0 9960 -97226 1
gene 2 3394 1393 465423 0 9961 465423 1
gene 3 1393 3433 1 0 10074 0 1
gene 3 3433 433 -367263 0 10075 0 1
genomeend 14


/* Organism #15 Fitness: 260.000000 Time: 0 */
/* Position #15*/
#1 x: 76 y: 16
#2 x: 35 y: 33
#3 x: 81 y: 33
#4 x: 32 y: 80
#5 x: 51 y: 79
#6 x: 65 y: 61
genomestart 15
trait 1 22756.000000 0.000000 33653.000000 31142.000000 25781.000000 9278.000000 71977.000000 52132.000000 trait 2 7634.000000 6053.000000 17717.000000 0.000000 20896.000000 0.000000 19006.000000 11523.000000 trait 3 0.000000 20854.000000 20227.000000 42116.000000 0.000000 10153.000000 78226.000000 37136.000000 trait 4 4352.000000 0.000000 2860.000000 52007.000000 0.000000 0.000000 61551.000000 68978.000000 node 1 4 1 3
node 2 4 1 1
node 3 3 1 1
node 4 1 1 1
node 5 1 1 1
node 6 2 1 1
node 7 4 1 1
node 8 4 1 1
node 9 2 1 1
node 10 1 1 1
node 11 2 1 1
node 12 4 1 1
node 13 2 0 2
node 14 1 0 2
node 15 3 0 2
node 121 1 0 0
node 235 1 0 0
node 384 1 0 0
node 420 1 0 0
node 433 2 0 0
node 461 1 0 0
node 500 1 0 0
node 516 1 0 0
node 697 1 0 0
node 1018 2 0 0
node 1130 1 0 0
node 1323 3 0 0
node 1393 1 0 0
node 1479 1 0 0
node 1531 3 0 0
node 1683 1 0 0
node 1735 1 0 0
node 1875 1 0 0
node 1975 1 0 0
node 2022 1 0 0
node 2179 1 0 0
node 2295 1 0 0
node 2730 1 0 0
node 2767 1 0 0
node 2826 1 0 0
node 2977 1 0 0
node 3105 1 0 0
node 3118 1 0 0
node 3434 1 0 0
gene 2 1 13 114984 0 1 114984 1
gene 3 2 13 362025 0 2 362025 1
gene 2 3 13 502209 0 3 502209 1
gene 3 4 13 672431 0 4 672431 1
gene 2 5 13 133953 0 5 133953 0
gene 4 6 13 -283272 0 6 -283272 0
gene 3 7 13 -152964 0 7 -152964 1
gene 2 8 13 -800000 0 8 -800000 0
gene 3 9 13 321474 0 9 321474 1
gene 2 10 13 634473 0 10 634473 0
gene 2 11 13 593861 0 11 593861 0
gene 4 12 13 -40148 0 12 -40148 1
gene 4 1 14 216357 0 13 216357 1
gene 2 2 14 543939 0 14 543939 0
gene 4 3 14 -471012 0 15 -471012 1
gene 4 4 14 -233433 0 16 -233433 0
gene 4 5 14 250011 0 17 250011 1
gene 3 6 14 90909 0 18 90909 0
gene 2 7 14 -180867 0 19 -180867 1
gene 1 8 14 -89907 0 20 -89907 0
gene 3 9 14 83154 0 21 83154 1
gene 1 10 14 232194 0 22 232194 0
gene 1 11 14 -198576 0 23 -198576 0
gene 4 12 14 -8122 0 24 -8122 0
gene 3 1 15 -539889 0 25 -539889 1
gene 3 2 15 224334 0 26 224334 1
gene 3 3 15 -197343 0 27 -197343 0
gene 3 4 15 267075 0 28 267075 1
gene 4 5 15 -315741 0 29 -315741 1
gene 1 6 15 -800000 0 30 -800000 0
gene 3 7 15 1161 0 31 1161 0
gene 3 8 15 -84867 0 32 -84867 1
gene 3 9 15 -800000 0 33 -800000 1
gene 3 10 15 39915 0 34 39915 0
gene 2 11 15 54657 0 35 54657 1
gene 4 12 15 222237 0 36 222237 0
gene 4 15 15 -141267 1 174 -141267 0
gene 3 8 121 288264 0 329 288264 0
gene 3 121 15 110436 0 330 110436 1
gene 2 5 121 158523 0 438 158523 1
gene 2 7 121 -190386 0 483 -190386 0
gene 4 4 235 311535 0 666 311535 1
gene 4 235 14 -686693 0 667 -686693 1
gene 1 1 235 270567 0 753 270567 1
gene 3 9 235 133542 0 1108 133542 1
gene 3 10 384 403563 0 1126 403563 1
gene 3 384 15 -76377 0 1127 -76377 0
gene 2 14 14 178155 1 1197 178155 0
gene 3 7 420 -800000 0 1239 -800000 0
gene 3 420 15 -800000 0 1240 -800000 1
gene 3 2 433 -249 0 1284 -249 1
gene 3 433 13 -276963 0 1285 -276963 1
gene 4 3 461 -592299 0 1352 -592299 1
gene 4 461 14 476268 0 1353 476268 1
gene 4 15 500 -71223 1 1453 -71223 0
gene 4 500 15 -344801 0 1454 -344801 0
gene 1 8 516 345390 0 1500 345390 1
gene 1 516 14 634556 0 1501 634556 1
gene 1 384 121 594446 0 1548 594446 0
gene 2 8 461 263756 0 1965 263756 1
gene 3 3 697 -120576 0 2038 -120576 0
gene 3 697 15 783020 0 2039 783020 1
gene 2 1 500 -206394 0 2133 -206394 1
gene 1 3 433 -139053 0 2628 -139053 1
gene 1 516 516 -51132 1 2664 -51132 1
gene 3 8 1018 -285435 0 2997 -285435 0
gene 3 1018 121 656906 0 2998 656906 0
gene 3 15 433 148842 0 3156 148842 1
gene 1 10 1130 -425424 0 3329 -425424 1
gene 1 1130 14 420591 0 3330 420591 0
gene 3 500 697 2958 0 3371 2958 1
gene 2 3 516 -123372 0 3603 -123372 1
gene 2 9 1323 44034 0 3885 44034 0
gene 2 1323 14 447804 0 3886 447804 0
gene 2 121 420 -560927 0 3959 -560927 1
gene 2 8 1393 -277419 0 4093 -277419 1
gene 2 1393 13 443745 0 4094 443745 0
gene 1 11 1479 121674 0 4325 121674 1
gene 1 1479 14 100098 0 4326 100098 0
gene 4 12 1531 258846 0 4477 258846 0
gene 4 1531 15 -79965 0 4478 -79965 0
gene 3 1393 433 -4251 0 4734 -4251 1
gene 2 1323 1683 81108 0 4950 81108 1
gene 2 1683 14 -51662 0 4951 -51662 1
gene 3 6 1735 363669 0 5103 363669 1
gene 3 1735 14 -155430 0 5104 -155430 0
gene 1 5 516 163134 0 5346 163134 1
gene 1 516 433 -65103 0 5443 -65103 1
gene 3 2 1875 -240843 0 5505 -240843 1
gene 3 1875 433 769981 0 5506 769981 1
gene 1 1683 461 337449 0 5687 337449 1
gene 1 6 1975 -152961 0 5780 -152961 1
gene 1 1975 15 -283179 0 5781 -283179 1
gene 4 1531 2022 35586 0 5905 35586 1
gene 4 2022 15 -212874 0 5906 -212874 1
gene 3 121 1875 84978 0 5987 84978 1
gene 1 1683 1393 109203 0 6232 109203 1
gene 4 500 2179 176739 0 6351 176739 1
gene 4 2179 15 -141642 0 6352 -141642 1
gene 3 12 2179 164274 0 6539 164274 1
gene 1 1975 1975 450618 1 6578 450618 1
gene 2 14 2295 167517 1 6699 167517 1
gene 2 2295 14 399987 0 6700 399987 1
gene 4 4 433 26925 0 7064 26925 1
gene 3 12 235 144102 0 7098 144102 1
gene 1 384 384 800000 1 7242 800000 1
gene 2 500 500 116712 1 7740 116712 1
gene 3 8 2730 158349 0 7969 158349 1
gene 3 2730 1018 250206 0 7970 250206 1
gene 2 2730 516 -18873 0 8040 -18873 1
gene 4 6 2767 -311697 0 8075 -311697 1
gene 4 2767 13 -392061 0 8076 -392061 1
gene 3 13 15 2040 1 8122 2040 1
gene 4 12 2826 -107112 0 8243 -107112 1
gene 4 2826 14 44532 0 8244 44532 1
gene 3 384 1975 -429122 0 8469 -429122 1
gene 3 3 2977 -25895 0 8686 -25895 1
gene 3 2977 697 127275 0 8687 127275 1
gene 1 1130 3105 -572082 0 9092 -572082 1
gene 1 3105 14 214989 0 9093 214989 1
gene 4 15 3118 343857 1 9132 343857 1
gene 4 3118 500 181200 0 9133 181200 1
gene 4 3118 2295 -558126 0 9282 -558126 1
gene 3 10 121 644051 0 9403 644051 1
gene 4 500 2767 67263 0 9643 67263 1
gene 2 3 235 53972 0 9855 53972 1
gene 4 2 1323 -19690 0 9974 -19690 1
gene 4 12 3434 1 0 10076 0 1
gene 4 3434 1531 258846 0 10077 0 1
genomeend 15


/* Organism #16 Fitness: 320.000000 Time: 0 */
/* Position #16*/
#1 x: 60 y: 33
#2 x: 82 y: 23
#3 x: 42 y: 39
#4 x: 54 y: 74
#5 x: 38 y: 73
#6 x: 43 y: 66
genomestart 16
trait 1 22756.000000 0.000000 33653.000000 31142.000000 25781.000000 9278.000000 71977.000000 52132.000000 trait 2 7634.000000 6053.000000 17717.000000 0.000000 20896.000000 0.000000 19006.000000 11523.000000 trait 3 0.000000 20854.000000 20227.000000 42116.000000 0.000000 10153.000000 78226.000000 37136.000000 trait 4 4352.000000 0.000000 2860.000000 52007.000000 0.000000 0.000000 61551.000000 68978.000000 node 1 4 1 3
node 2 4 1 1
node 3 3 1 1
node 4 1 1 1
node 5 1 1 1
node 6 2 1 1
node 7 4 1 1
node 8 4 1 1
node 9 2 1 1
node 10 1 1 1
node 11 2 1 1
node 12 4 1 1
node 13 2 0 2
node 14 1 0 2
node 15 3 0 2
node 121 1 0 0
node 235 1 0 0
node 384 1 0 0
node 420 1 0 0
node 433 2 0 0
node 461 1 0 0
node 500 1 0 0
node 516 1 0 0
node 697 1 0 0
node 1018 2 0 0
node 1130 1 0 0
node 1323 3 0 0
node 1393 1 0 0
node 1479 1 0 0
node 1531 3 0 0
node 1683 1 0 0
node 1735 1 0 0
node 1875 1 0 0
node 1975 1 0 0
node 2022 1 0 0
node 2179 1 0 0
node 2295 1 0 0
node 2730 1 0 0
node 2767 1 0 0
node 2826 1 0 0
node 2977 1 0 0
node 3105 1 0 0
node 3118 1 0 0
gene 2 1 13 114984 0 1 114984 1
gene 3 2 13 331998 0 2 331998 1
gene 2 3 13 474126 0 3 474126 1
gene 3 4 13 625325 0 4 625325 1
gene 2 5 13 132585 0 5 132585 0
gene 4 6 13 -371397 0 6 -371397 0
gene 3 7 13 -399156 0 7 -399156 1
gene 2 8 13 -608534 0 8 -608534 0
gene 3 9 13 55563 0 9 55563 1
gene 2 10 13 764811 0 10 764811 0
gene 2 11 13 238263 0 11 238263 0
gene 4 12 13 112411 0 12 112411 1
gene 4 1 14 -297 0 13 -297 1
gene 2 2 14 514833 0 14 514833 0
gene 4 3 14 -441168 0 15 -441168 1
gene 4 4 14 -179943 0 16 -179943 0
gene 4 5 14 -24477 0 17 -24477 1
gene 3 6 14 72336 0 18 72336 0
gene 2 7 14 -470196 0 19 -470196 1
gene 1 8 14 -164610 0 20 -164610 0
gene 3 9 14 -98070 0 21 -98070 1
gene 1 10 14 412077 0 22 412077 0
gene 1 11 14 -491622 0 23 -491622 0
gene 4 12 14 -148818 0 24 -148818 0
gene 3 1 15 -722010 0 25 -722010 1
gene 3 2 15 351915 0 26 351915 1
gene 3 3 15 -335835 0 27 -335835 0
gene 3 4 15 267075 0 28 267075 1
gene 4 5 15 -287820 0 29 -287820 1
gene 1 6 15 -800000 0 30 -800000 0
gene 3 7 15 -47547 0 31 -47547 0
gene 3 8 15 -84867 0 32 -84867 1
gene 3 9 15 -709406 0 33 -709406 1
gene 3 10 15 174723 0 34 174723 0
gene 2 11 15 205026 0 35 205026 1
gene 4 12 15 176349 0 36 176349 0
gene 4 15 15 -277305 1 174 -277305 0
gene 3 8 121 412422 0 329 412422 0
gene 3 121 15 359856 0 330 359856 1
gene 2 5 121 158523 0 438 158523 1
gene 2 7 121 105591 0 483 105591 0
gene 4 4 235 -228459 0 666 -228459 1
gene 4 235 14 -533156 0 667 -533156 1
gene 1 1 235 395247 0 753 395247 1
gene 3 9 235 -16161 0 1108 -16161 1
gene 3 10 384 -21681 0 1126 -21681 1
gene 3 384 15 98742 0 1127 98742 0
gene 2 14 14 179658 1 1197 179658 0
gene 3 7 420 -800000 0 1239 -800000 0
gene 3 420 15 -800000 0 1240 -800000 1
gene 3 2 433 86301 0 1284 86301 1
gene 3 433 13 -354648 0 1285 -354648 1
gene 4 3 461 -643959 0 1352 -643959 1
gene 4 461 14 636390 0 1353 636390 1
gene 4 15 500 -136719 1 1453 -136719 0
gene 4 500 15 -275813 0 1454 -275813 0
gene 1 8 516 181365 0 1500 181365 1
gene 1 516 14 692093 0 1501 692093 1
gene 1 384 121 594446 0 1548 594446 0
gene 2 8 461 90761 0 1965 90761 1
gene 3 3 697 -316869 0 2038 -316869 0
gene 3 697 15 586961 0 2039 586961 1
gene 2 1 500 -210336 0 2133 -210336 1
gene 1 3 433 155256 0 2628 155256 1
gene 1 516 516 191859 1 2664 191859 1
gene 3 8 1018 -316224 0 2997 -316224 0
gene 3 1018 121 632687 0 2998 632687 0
gene 3 15 433 375291 0 3156 375291 1
gene 1 10 1130 -306036 0 3329 -306036 1
gene 1 1130 14 420591 0 3330 420591 0
gene 3 500 697 -246561 0 3371 -246561 1
gene 2 3 516 -32721 0 3603 -32721 1
gene 2 9 1323 19752 0 3885 19752 0
gene 2 1323 14 -42174 0 3886 -42174 0
gene 2 121 420 -800000 0 3959 -800000 1
gene 2 8 1393 -228627 0 4093 -228627 1
gene 2 1393 13 389667 0 4094 389667 0
gene 1 11 1479 -176616 0 4325 -176616 1
gene 1 1479 14 -68880 0 4326 -68880 0
gene 4 12 1531 254379 0 4477 254379 1
gene 4 1531 15 58650 0 4478 58650 0
gene 3 1393 433 -4551 0 4734 -4551 1
gene 2 1323 1683 125310 0 4950 125310 1
gene 2 1683 14 -325463 0 4951 -325463 1
gene 3 6 1735 84249 0 5103 84249 1
gene 3 1735 14 -157434 0 5104 -157434 0
gene 1 5 516 -20844 0 5346 -20844 1
gene 1 516 433 226002 0 5443 226002 1
gene 3 2 1875 -312693 0 5505 -312693 1
gene 3 1875 433 798895 0 5506 798895 1
gene 1 1683 461 -140688 0 5687 -140688 1
gene 1 6 1975 48951 0 5780 48951 1
gene 1 1975 15 -33186 0 5781 -33186 1
gene 4 1531 2022 28296 0 5905 28296 1
gene 4 2022 15 -212874 0 5906 -212874 1
gene 3 121 1875 78633 0 5987 78633 1
gene 1 1683 1393 161727 0 6232 161727 1
gene 4 500 2179 313404 0 6351 313404 1
gene 4 2179 15 -423498 0 6352 -423498 1
gene 3 12 2179 259755 0 6539 259755 1
gene 1 1975 1975 183240 1 6578 183240 1
gene 2 14 2295 20355 1 6699 20355 1
gene 2 2295 14 163113 0 6700 163113 1
gene 4 4 433 -9198 0 7064 -9198 1
gene 3 12 235 19458 0 7098 19458 1
gene 1 384 384 609329 1 7242 609329 1
gene 2 500 500 116712 1 7740 116712 1
gene 3 8 2730 315750 0 7969 315750 1
gene 3 2730 1018 33375 0 7970 33375 1
gene 2 2730 516 -18054 0 8040 -18054 1
gene 4 6 2767 -232470 0 8075 -232470 1
gene 4 2767 13 -200760 0 8076 -200760 1
gene 3 13 15 284214 1 8122 284214 1
gene 4 12 2826 177834 0 8243 177834 1
gene 4 2826 14 -288888 0 8244 -288888 1
gene 3 384 1975 -429122 0 8469 -429122 1
gene 3 3 2977 -116052 0 8686 -116052 1
gene 3 2977 697 -142911 0 8687 -142911 1
gene 1 1130 3105 -572082 0 9092 -572082 1
gene 1 3105 14 82092 0 9093 82092 1
gene 4 15 3118 213372 1 9132 213372 1
gene 4 3118 500 74955 0 9133 74955 1
gene 4 3118 2295 -558126 0 9282 -558126 1
gene 3 10 121 37368 0 9403 37368 1
gene 4 500 2767 309984 0 9643 309984 1
gene 2 3 235 -107617 0 9855 -107617 1
gene 4 2 1323 -191893 0 9974 -191893 1
genomeend 16


/* Organism #22 Fitness: 280.000000 Time: 0 */
/* Position #22*/
#1 x: 68 y: 25
#2 x: 46 y: 23
#3 x: 72 y: 23
#4 x: 81 y: 78
#5 x: 41 y: 65
#6 x: 16 y: 63
genomestart 22
trait 1 71503.000000 52572.000000 0.000000 48265.000000 0.000000 0.000000 100000.000000 393.000000 trait 2 2.000000 0.000000 0.000000 0.000000 0.000000 0.000000 0.000000 0.000000 trait 3 0.000000 0.000000 0.000000 51304.000000 0.000000 13538.000000 70969.000000 30146.000000 trait 4 88267.000000 0.000000 0.000000 73381.000000 0.000000 28166.000000 100000.000000 100000.000000 node 1 4 1 3
node 2 4 1 1
node 3 1 1 1
node 4 1 1 1
node 5 1 1 1
node 6 2 1 1
node 7 4 1 1
node 8 4 1 1
node 9 2 1 1
node 10 1 1 1
node 11 2 1 1
node 12 4 1 1
node 13 2 0 2
node 14 1 0 2
node 15 3 0 2
node 121 1 0 0
node 235 1 0 0
node 384 1 0 0
node 420 1 0 0
node 433 1 0 0
node 461 1 0 0
node 500 1 0 0
node 516 1 0 0
node 697 1 0 0
node 1018 1 0 0
node 1130 1 0 0
node 1323 3 0 0
node 1393 1 0 0
node 1479 1 0 0
node 1531 4 0 0
node 1683 1 0 0
node 1735 1 0 0
node 1875 1 0 0
node 1975 1 0 0
node 2022 1 0 0
node 2179 1 0 0
node 2295 1 0 0
node 2730 1 0 0
node 2767 1 0 0
node 2826 1 0 0
node 2977 1 0 0
node 3105 1 0 0
node 3118 1 0 0
gene 2 1 13 304419 0 1 304419 1
gene 3 2 13 416532 0 2 416532 1
gene 2 3 13 89130 0 3 89130 1
gene 3 4 13 -49587 0 4 -49587 1
gene 2 5 13 113424 0 5 113424 1
gene 4 6 13 -800000 0 6 -800000 0
gene 3 7 13 15396 0 7 15396 1
gene 2 8 13 367959 0 8 367959 0
gene 3 9 13 600084 0 9 600084 1
gene 2 10 13 -6702 0 10 -6702 1
gene 2 11 13 -800000 0 11 -800000 1
gene 4 12 13 177516 0 12 177516 1
gene 2 1 14 12384 0 13 12384 1
gene 2 2 14 -392754 0 14 -392754 1
gene 4 3 14 -756413 0 15 -756413 1
gene 4 4 14 -800000 0 16 -800000 0
gene 4 5 14 -42420 0 17 -42420 1
gene 3 6 14 410904 0 18 410904 0
gene 2 7 14 -257613 0 19 -257613 1
gene 1 8 14 176643 0 20 176643 0
gene 3 9 14 -130860 0 21 -130860 1
gene 1 10 14 -573449 0 22 -573449 1
gene 1 11 14 -137409 0 23 -137409 1
gene 4 12 14 -407085 0 24 -407085 0
gene 3 1 15 428127 0 25 428127 1
gene 3 2 15 423168 0 26 423168 1
gene 3 3 15 439266 0 27 439266 0
gene 3 4 15 335090 0 28 335090 1
gene 3 5 15 -197535 0 29 -197535 1
gene 1 6 15 -357635 0 30 -357635 0
gene 3 7 15 -674847 0 31 -674847 0
gene 3 8 15 -105429 0 32 -105429 1
gene 3 9 15 -212031 0 33 -212031 1
gene 3 10 15 800000 0 34 800000 0
gene 2 11 15 -514509 0 35 -514509 1
gene 4 12 15 24459 0 36 24459 0
gene 4 15 15 -800000 1 174 -800000 0
gene 3 8 121 489903 0 329 489903 0
gene 3 121 15 800000 0 330 800000 1
gene 2 5 121 -38511 0 438 -38511 1
gene 2 7 121 -193857 0 483 -193857 1
gene 4 4 235 -379722 0 666 -379722 1
gene 4 235 14 287853 0 667 287853 1
gene 1 1 235 -3720 0 753 -3720 1
gene 1 9 235 105021 0 1108 105021 1
gene 3 10 384 543827 0 1126 543827 1
gene 3 384 15 -11901 0 1127 -11901 0
gene 2 14 14 727563 1 1197 727563 0
gene 3 7 420 -330978 0 1239 -330978 1
gene 3 420 15 693648 0 1240 693648 1
gene 3 2 433 -629468 0 1284 -629468 0
gene 3 433 13 -800000 0 1285 -800000 1
gene 4 3 461 -216042 0 1352 -216042 1
gene 4 461 14 -307839 0 1353 -307839 1
gene 4 15 500 -700074 1 1453 -700074 0
gene 4 500 15 249672 0 1454 249672 0
gene 1 8 516 471180 0 1500 471180 1
gene 1 516 14 -277236 0 1501 -277236 1
gene 1 384 121 440745 0 1548 440745 1
gene 2 8 461 306986 0 1965 306986 1
gene 3 3 697 -321750 0 2038 -321750 0
gene 2 697 15 44016 0 2039 44016 1
gene 2 1 500 211116 0 2133 211116 1
gene 1 3 433 -664220 0 2628 -664220 1
gene 1 516 516 -77067 1 2664 -77067 1
gene 3 8 1018 188037 0 2997 188037 0
gene 3 1018 121 800000 0 2998 800000 0
gene 3 15 433 288735 0 3156 288735 1
gene 1 10 1130 406113 0 3329 406113 1
gene 1 1130 14 -295689 0 3330 -295689 0
gene 3 500 697 -163350 0 3371 -163350 1
gene 2 3 516 232791 0 3603 232791 1
gene 2 9 1323 284142 0 3885 284142 1
gene 2 1323 14 -392922 0 3886 -392922 0
gene 2 121 420 -5163 0 3959 -5163 1
gene 2 8 1393 -402705 0 4093 -402705 1
gene 2 1393 13 15696 0 4094 15696 1
gene 1 11 1479 633321 0 4325 633321 1
gene 1 1479 14 -321942 0 4326 -321942 1
gene 4 12 1531 -129822 0 4477 -129822 1
gene 4 1531 15 399062 0 4478 399062 0
gene 3 1393 433 -800000 0 4734 -800000 1
gene 2 1323 1683 799836 0 4950 799836 1
gene 2 1683 14 81829 0 4951 81829 1
gene 3 6 1735 135762 0 5103 135762 1
gene 3 1735 14 -555870 0 5104 -555870 0
gene 1 5 516 585399 0 5346 585399 1
gene 1 516 433 245844 0 5443 245844 1
gene 3 2 1875 216597 0 5505 216597 1
gene 3 1875 433 -408713 0 5506 -408713 1
gene 1 1683 461 719846 0 5687 719846 1
gene 1 6 1975 122211 0 5780 122211 1
gene 1 1975 15 -203571 0 5781 -203571 1
gene 4 1531 2022 -800000 0 5905 -800000 1
gene 4 2022 15 -66255 0 5906 -66255 1
gene 3 121 1875 17082 0 5987 17082 1
gene 1 1683 1393 -103362 0 6232 -103362 1
gene 4 500 2179 -88641 0 6351 -88641 1
gene 4 2179 15 202818 0 6352 202818 1
gene 3 12 2179 58521 0 6539 58521 1
gene 1 1975 1975 64470 1 6578 64470 1
gene 2 14 2295 -221022 1 6699 -221022 1
gene 2 2295 14 370566 0 6700 370566 1
gene 4 4 433 287175 0 7064 287175 1
gene 3 12 235 187695 0 7098 187695 1
gene 1 384 384 800000 1 7242 800000 1
gene 2 500 500 239433 1 7740 239433 1
gene 3 8 2730 -335472 0 7969 -335472 1
gene 3 2730 1018 -460527 0 7970 -460527 1
gene 2 2730 516 11961 0 8040 11961 1
gene 4 6 2767 -8241 0 8075 -8241 1
gene 4 2767 13 13776 0 8076 13776 1
gene 3 13 15 -241869 1 8122 -241869 1
gene 4 12 2826 230241 0 8243 230241 1
gene 4 2826 14 -448089 0 8244 -448089 1
gene 3 384 1975 -793580 0 8469 -793580 1
gene 3 3 2977 412206 0 8686 412206 1
gene 3 2977 697 171954 0 8687 171954 1
gene 1 1130 3105 87360 0 9092 87360 1
gene 1 3105 14 -127221 0 9093 -127221 1
gene 4 15 3118 306555 1 9132 306555 1
gene 4 3118 500 600921 0 9133 600921 1
gene 4 3118 2295 -119052 0 9282 -119052 1
gene 3 10 121 -200964 0 9403 -200964 1
gene 4 500 2767 81864 0 9643 81864 1
gene 2 1393 1130 25085 0 10080 25085 1
genomeend 22


/* Organism #24 Fitness: 250.000000 Time: 0 */
/* Position #24*/
#1 x: 54 y: 20
#2 x: 54 y: 34
#3 x: 48 y: 30
#4 x: 20 y: 72
#5 x: 53 y: 65
#6 x: 47 y: 74
genomestart 24
trait 1 43007.000000 16300.000000 6994.000000 28041.000000 57524.000000 37112.000000 87908.000000 80535.000000 trait 2 0.000000 43855.000000 0.000000 95786.000000 51940.000000 72099.000000 50358.000000 23911.000000 trait 3 0.000000 0.000000 0.000000 51304.000000 0.000000 13538.000000 70969.000000 30146.000000 trait 4 4.000000 0.000000 0.000000 36940.000000 0.000000 0.000000 43316.000000 37957.000000 node 1 4 1 3
node 2 4 1 1
node 3 1 1 1
node 4 1 1 1
node 5 1 1 1
node 6 2 1 1
node 7 4 1 1
node 8 4 1 1
node 9 2 1 1
node 10 1 1 1
node 11 2 1 1
node 12 4 1 1
node 13 2 0 2
node 14 1 0 2
node 15 3 0 2
node 121 1 0 0
node 235 1 0 0
node 384 1 0 0
node 420 1 0 0
node 433 1 0 0
node 461 1 0 0
node 500 1 0 0
node 516 1 0 0
node 697 3 0 0
node 1018 1 0 0
node 1130 1 0 0
node 1323 3 0 0
node 1393 1 0 0
node 1479 1 0 0
node 1531 4 0 0
node 1683 1 0 0
node 1735 1 0 0
node 1875 1 0 0
node 2034 1 0 0
node 2142 1 0 0
node 2172 1 0 0
node 2206 1 0 0
node 2313 1 0 0
node 2332 1 0 0
node 2368 3 0 0
node 2491 1 0 0
node 2512 1 0 0
node 2530 1 0 0
node 2547 1 0 0
node 2692 1 0 0
node 2786 1 0 0
node 2915 1 0 0
node 3042 1 0 0
node 3079 2 0 0
node 3361 1 0 0
node 3392 1 0 0
gene 2 1 13 -343473 0 1 -343473 1
gene 3 2 13 -374976 0 2 -374976 1
gene 2 3 13 800000 0 3 800000 1
gene 3 4 13 70872 0 4 70872 1
gene 2 5 13 -414447 0 5 -414447 0
gene 4 6 13 253248 0 6 253248 1
gene 3 7 13 262716 0 7 262716 1
gene 2 8 13 21609 0 8 21609 0
gene 3 9 13 -343406 0 9 -343406 1
gene 2 10 13 -411476 0 10 -411476 0
gene 2 11 13 -156015 0 11 -156015 1
gene 4 12 13 478088 0 12 478088 1
gene 2 1 14 720797 0 13 720797 1
gene 2 2 14 345275 0 14 345275 1
gene 4 3 14 -541545 0 15 -541545 1
gene 4 4 14 556737 0 16 556737 1
gene 4 5 14 -16167 0 17 -16167 1
gene 3 6 14 -153378 0 18 -153378 0
gene 2 7 14 -294822 0 19 -294822 1
gene 1 8 14 555279 0 20 555279 0
gene 3 9 14 -668037 0 21 -668037 1
gene 1 10 14 154401 0 22 154401 1
gene 1 11 14 52083 0 23 52083 1
gene 3 12 14 195480 0 24 195480 1
gene 3 1 15 -103611 0 25 -103611 1
gene 3 2 15 -87831 0 26 -87831 1
gene 3 3 15 -800000 0 27 -800000 0
gene 3 4 15 -227667 0 28 -227667 1
gene 3 5 15 270639 0 29 270639 1
gene 1 6 15 -800000 0 30 -800000 1
gene 3 7 15 599996 0 31 599996 1
gene 3 8 15 -188685 0 32 -188685 1
gene 3 9 15 -797856 0 33 -797856 1
gene 3 10 15 -45813 0 34 -45813 1
gene 2 11 15 -800000 0 35 -800000 1
gene 4 12 15 643971 0 36 643971 1
gene 4 15 15 363390 1 174 363390 1
gene 3 8 121 -93000 0 329 -93000 1
gene 3 121 15 15747 0 330 15747 1
gene 2 5 121 -93172 0 438 -93172 0
gene 2 7 121 -120621 0 483 -120621 0
gene 4 4 235 -117852 0 666 -117852 1
gene 4 235 14 580502 0 667 580502 1
gene 1 1 235 -448803 0 753 -448803 1
gene 3 9 235 -700791 0 1108 -700791 1
gene 3 10 384 764926 0 1126 764926 1
gene 3 384 15 -457263 0 1127 -457263 1
gene 2 14 14 85386 1 1197 85386 1
gene 3 7 420 -404907 0 1239 -404907 0
gene 3 420 15 47187 0 1240 47187 0
gene 3 2 433 -570317 0 1284 -570317 1
gene 3 433 13 556589 0 1285 556589 1
gene 4 3 461 -33615 0 1352 -33615 1
gene 4 461 14 173256 0 1353 173256 1
gene 4 15 500 378117 1 1453 378117 1
gene 4 500 15 639071 0 1454 639071 1
gene 1 8 516 800000 0 1500 800000 1
gene 1 516 14 306246 0 1501 306246 1
gene 1 384 121 -123963 0 1548 -123963 1
gene 2 8 461 64741 0 1965 64741 1
gene 3 3 697 -596148 0 2038 -596148 1
gene 3 697 15 427872 0 2039 427872 1
gene 2 1 500 789845 0 2133 789845 1
gene 1 3 433 392778 0 2628 392778 1
gene 1 516 516 -208953 1 2664 -208953 1
gene 3 8 1018 487014 0 2997 487014 1
gene 3 1018 121 147699 0 2998 147699 0
gene 3 15 433 481497 0 3156 481497 1
gene 1 10 1130 -193590 0 3329 -193590 1
gene 1 1130 14 315762 0 3330 315762 1
gene 3 500 697 -81057 0 3371 -81057 1
gene 2 3 516 227108 0 3603 227108 0
gene 2 9 1323 -503754 0 3885 -503754 0
gene 2 1323 14 -612236 0 3886 -612236 1
gene 2 121 420 800000 0 3959 800000 1
gene 2 8 1393 -152313 0 4093 -152313 1
gene 2 1393 13 -225168 0 4094 -225168 1
gene 1 11 1479 797942 0 4325 797942 1
gene 1 1479 14 -154566 0 4326 -154566 0
gene 4 12 1531 40887 0 4477 40887 1
gene 4 1531 15 -65751 0 4478 -65751 1
gene 3 1393 433 -800000 0 4734 -800000 1
gene 2 1323 1683 -800000 0 4950 -800000 1
gene 2 1683 14 -232520 0 4951 -232520 1
gene 3 6 1735 51036 0 5103 51036 1
gene 3 1735 14 183048 0 5104 183048 1
gene 1 5 516 217935 0 5346 217935 1
gene 1 516 433 547683 0 5443 547683 1
gene 3 2 1875 -800000 0 5505 -800000 1
gene 3 1875 433 -472701 0 5506 -472701 1
gene 1 1683 461 -599448 0 5687 -599448 1
gene 1 516 121 -312290 0 5877 -312290 1
gene 3 3 2034 364722 0 5939 364722 1
gene 3 2034 697 605780 0 5940 605780 1
gene 3 5 1479 -800000 0 6157 -800000 1
gene 3 7 2142 -73446 0 6248 -73446 1
gene 3 2142 420 -2454 0 6249 -2454 1
gene 3 420 2172 -126273 0 6332 -126273 1
gene 3 2172 15 71319 0 6333 71319 1
gene 2 1735 1735 237861 1 6388 237861 1
gene 2 8 2206 -243339 0 6436 -243339 1
gene 2 2206 1393 -497793 0 6437 -497793 1
gene 2 121 2313 -648531 0 6747 -648531 1
gene 2 2313 420 127299 0 6748 127299 1
gene 2 9 2332 -525338 0 6797 -525338 1
gene 2 2332 1323 -662172 0 6798 -662172 1
gene 4 1323 2034 -112425 0 6848 -112425 1
gene 2 7 2368 -321882 0 6897 -321882 1
gene 2 2368 121 522267 0 6898 522267 1
gene 2 384 1531 800000 0 7018 800000 1
gene 2 2142 1018 -156652 0 7205 -156652 1
gene 3 2206 2034 -108378 0 7245 -108378 1
gene 2 7 2491 -500336 0 7283 -500336 1
gene 2 2491 2368 -340739 0 7284 -340739 1
gene 2 5 2512 -166848 0 7337 -166848 1
gene 2 2512 13 79008 0 7338 79008 1
gene 2 10 2530 -138447 0 7387 -138447 1
gene 2 2530 13 -263349 0 7388 -263349 1
gene 3 9 2547 -40917 0 7440 -40917 1
gene 3 2547 13 -5310 0 7441 -5310 1
gene 2 2530 1479 -245727 0 7594 -245727 1
gene 1 1479 2692 140817 0 7856 140817 0
gene 1 2692 14 -96948 0 7857 -96948 1
gene 3 4 1130 68871 0 7980 68871 1
gene 4 3 2786 7365 0 8132 7365 1
gene 4 2786 14 -123480 0 8133 -123480 1
gene 3 384 384 180894 1 8429 180894 1
gene 2 3 2915 515787 0 8516 515787 1
gene 2 2915 516 -473322 0 8517 -473322 1
gene 4 433 433 -202674 1 8562 -202674 1
gene 2 2547 1479 70965 0 8709 70965 0
gene 3 2206 1683 -103707 0 8777 -103707 1
gene 2 5 3042 7215 0 8890 7215 1
gene 2 3042 121 20517 0 8891 20517 1
gene 1 1479 3079 -191496 0 9004 -191496 1
gene 1 3079 2692 800000 0 9005 800000 1
gene 4 516 2547 -34110 0 9030 -34110 1
gene 3 1875 2915 -223893 0 9219 -223893 1
gene 2 2 420 -753291 0 9364 -753291 1
gene 2 1735 1531 -222558 0 9549 -222558 1
gene 1 1479 3361 318457 0 9860 318457 1
gene 1 3361 14 -90285 0 9861 -90285 1
gene 2 2547 3392 252088 0 9955 252088 1
gene 2 3392 1479 -195552 0 9956 -195552 1
genomeend 24


/* Organism #34 Fitness: 370.000000 Time: 0 */
/* Position #34*/
#1 x: 74 y: 23
#2 x: 57 y: 16
#3 x: 80 y: 35
#4 x: 32 y: 64
#5 x: 17 y: 64
#6 x: 54 y: 68
genomestart 34
trait 1 43007.000000 16300.000000 6994.000000 28041.000000 57524.000000 37112.000000 87908.000000 80535.000000 trait 2 30533.000000 0.000000 70868.000000 0.000000 0.000000 95828.000000 0.000000 78455.000000 trait 3 0.000000 0.000000 44883.000000 65858.000000 41337.000000 0.000000 100000.000000 41343.000000 trait 4 4.000000 0.000000 0.000000 36940.000000 0.000000 0.000000 43316.000000 37957.000000 node 1 4 1 3
node 2 4 1 1
node 3 1 1 1
node 4 1 1 1
node 5 1 1 1
node 6 2 1 1
node 7 4 1 1
node 8 4 1 1
node 9 2 1 1
node 10 1 1 1
node 11 2 1 1
node 12 4 1 1
node 13 2 0 2
node 14 1 0 2
node 15 3 0 2
node 121 1 0 0
node 235 1 0 0
node 384 1 0 0
node 420 1 0 0
node 433 1 0 0
node 461 1 0 0
node 500 1 0 0
node 516 1 0 0
node 697 3 0 0
node 1018 1 0 0
node 1130 1 0 0
node 1323 3 0 0
node 1393 3 0 0
node 1479 1 0 0
node 1531 3 0 0
node 1683 1 0 0
node 1735 1 0 0
node 1875 1 0 0
node 2034 1 0 0
node 2142 1 0 0
node 2172 1 0 0
node 2206 1 0 0
node 2313 1 0 0
node 2332 1 0 0
node 2368 1 0 0
node 2491 1 0 0
node 2512 1 0 0
node 2530 1 0 0
node 2547 1 0 0
node 2692 1 0 0
node 2786 1 0 0
node 2912 1 0 0
node 3009 1 0 0
node 3108 1 0 0
node 3213 1 0 0
node 3249 1 0 0
gene 2 1 13 -90774 0 1 -90774 1
gene 3 2 13 -90410 0 2 -90410 1
gene 2 3 13 -4125 0 3 -4125 1
gene 3 4 13 741254 0 4 741254 1
gene 2 5 13 40989 0 5 40989 0
gene 4 6 13 -142332 0 6 -142332 1
gene 3 7 13 559194 0 7 559194 1
gene 2 8 13 -19215 0 8 -19215 0
gene 3 9 13 216195 0 9 216195 1
gene 2 10 13 92688 0 10 92688 0
gene 2 11 13 800000 0 11 800000 1
gene 4 12 13 54738 0 12 54738 1
gene 2 1 14 499254 0 13 499254 1
gene 2 2 14 35298 0 14 35298 1
gene 4 3 14 -746301 0 15 -746301 0
gene 4 4 14 -270744 0 16 -270744 0
gene 4 5 14 770043 0 17 770043 1
gene 3 6 14 537225 0 18 537225 0
gene 2 7 14 -444306 0 19 -444306 1
gene 1 8 14 91263 0 20 91263 0
gene 3 9 14 -360813 0 21 -360813 1
gene 1 10 14 344511 0 22 344511 1
gene 1 11 14 693603 0 23 693603 1
gene 4 12 14 636843 0 24 636843 1
gene 3 1 15 -619983 0 25 -619983 1
gene 3 2 15 -25986 0 26 -25986 1
gene 3 3 15 -308397 0 27 -308397 0
gene 3 4 15 683757 0 28 683757 1
gene 3 5 15 -221154 0 29 -221154 1
gene 1 6 15 -61629 0 30 -61629 1
gene 3 7 15 400980 0 31 400980 1
gene 3 8 15 -44607 0 32 -44607 1
gene 3 9 15 -477597 0 33 -477597 1
gene 3 10 15 -342594 0 34 -342594 0
gene 2 11 15 -216123 0 35 -216123 1
gene 4 12 15 -268050 0 36 -268050 0
gene 4 15 15 114900 1 174 114900 0
gene 3 8 121 560337 0 329 560337 0
gene 3 121 15 25332 0 330 25332 1
gene 2 5 121 510129 0 438 510129 1
gene 2 7 121 151251 0 483 151251 0
gene 4 4 235 23697 0 666 23697 1
gene 4 235 14 270705 0 667 270705 1
gene 1 1 235 -194331 0 753 -194331 1
gene 3 9 235 -206655 0 1108 -206655 1
gene 3 10 384 29478 0 1126 29478 1
gene 3 384 15 329679 0 1127 329679 1
gene 2 14 14 -68667 1 1197 -68667 1
gene 3 7 420 -432426 0 1239 -432426 0
gene 3 420 15 -32502 0 1240 -32502 0
gene 3 2 433 -317592 0 1284 -317592 1
gene 3 433 13 -551364 0 1285 -551364 1
gene 4 3 461 -640343 0 1352 -640343 1
gene 4 461 14 -421761 0 1353 -421761 1
gene 4 15 500 -177120 1 1453 -177120 1
gene 4 500 15 -157806 0 1454 -157806 0
gene 1 8 516 -367473 0 1500 -367473 1
gene 1 516 14 476490 0 1501 476490 0
gene 1 384 121 -108921 0 1548 -108921 1
gene 2 8 461 439233 0 1965 439233 1
gene 3 3 697 76557 0 2038 76557 1
gene 3 697 15 206181 0 2039 206181 1
gene 2 1 500 -211875 0 2133 -211875 1
gene 1 3 433 165501 0 2628 165501 1
gene 1 516 516 331632 1 2664 331632 1
gene 3 8 1018 107496 0 2997 107496 1
gene 3 1018 121 577115 0 2998 577115 0
gene 3 15 433 -64389 0 3156 -64389 1
gene 1 10 1130 141861 0 3329 141861 1
gene 1 1130 14 39666 0 3330 39666 1
gene 3 500 697 125226 0 3371 125226 1
gene 2 3 516 -220062 0 3603 -220062 1
gene 2 9 1323 -184689 0 3885 -184689 0
gene 2 1323 14 677922 0 3886 677922 0
gene 2 121 420 -727256 0 3959 -727256 1
gene 2 8 1393 -184293 0 4093 -184293 1
gene 2 1393 13 -167190 0 4094 -167190 1
gene 1 11 1479 -56991 0 4325 -56991 1
gene 1 1479 14 103185 0 4326 103185 1
gene 4 12 1531 232965 0 4477 232965 1
gene 4 1531 15 -46353 0 4478 -46353 1
gene 3 1393 433 -441861 0 4734 -441861 1
gene 2 1323 1683 31281 0 4950 31281 1
gene 2 1683 14 16458 0 4951 16458 1
gene 3 6 1735 74580 0 5103 74580 1
gene 3 1735 14 157839 0 5104 157839 1
gene 1 5 516 -339219 0 5346 -339219 1
gene 1 516 433 494208 0 5443 494208 1
gene 3 2 1875 -304059 0 5505 -304059 1
gene 3 1875 433 249891 0 5506 249891 1
gene 1 1683 461 -199674 0 5687 -199674 1
gene 1 516 121 -116145 0 5877 -116145 1
gene 3 3 2034 37047 0 5939 37047 1
gene 3 2034 697 -597387 0 5940 -597387 1
gene 3 5 1479 -442854 0 6157 -442854 1
gene 3 7 2142 16047 0 6248 16047 1
gene 3 2142 420 392658 0 6249 392658 1
gene 3 420 2172 -318491 0 6332 -318491 1
gene 3 2172 15 245256 0 6333 245256 1
gene 2 1735 1735 75852 1 6388 75852 1
gene 2 8 2206 68604 0 6436 68604 1
gene 2 2206 1393 368715 0 6437 368715 1
gene 2 121 2313 691623 0 6747 691623 1
gene 2 2313 420 -271371 0 6748 -271371 1
gene 2 9 2332 15597 0 6797 15597 0
gene 2 2332 1323 -97257 0 6798 -97257 1
gene 4 1323 2034 -655101 0 6848 -655101 1
gene 2 7 2368 -33834 0 6897 -33834 1
gene 2 2368 121 -552522 0 6898 -552522 1
gene 2 384 1531 274395 0 7018 274395 1
gene 2 2142 1018 -707664 0 7205 -707664 0
gene 3 2206 2034 -260112 0 7245 -260112 1
gene 2 7 2491 362187 0 7283 362187 1
gene 2 2491 2368 347808 0 7284 347808 1
gene 2 5 2512 -159387 0 7337 -159387 1
gene 2 2512 13 672957 0 7338 672957 0
gene 2 10 2530 119367 0 7387 119367 1
gene 2 2530 13 -401493 0 7388 -401493 1
gene 3 9 2547 -140898 0 7440 -140898 1
gene 3 2547 13 -156270 0 7441 -156270 1
gene 2 2530 1479 148146 0 7594 148146 1
gene 1 1479 2692 39579 0 7856 39579 1
gene 1 2692 14 -160974 0 7857 -160974 1
gene 3 4 1130 -197214 0 7980 -197214 1
gene 4 3 2786 371094 0 8132 371094 1
gene 4 2786 14 152769 0 8133 152769 1
gene 4 2547 1735 -191340 0 8311 -191340 1
gene 3 2692 461 192768 0 8358 192768 1
gene 4 500 2912 -346554 0 8507 -346554 1
gene 1 2912 15 74649 0 8508 74649 1
gene 1 2912 1130 -85191 0 8750 -85191 1
gene 2 2142 3009 295227 0 8799 295227 1
gene 2 3009 1018 91881 0 8800 91881 1
gene 3 2034 2034 265191 1 8851 265191 1
gene 2 2512 3108 476796 0 9104 476796 1
gene 2 3108 13 -441720 0 9105 -441720 1
gene 1 2491 235 69621 0 9236 69621 1
gene 2 9 3213 403812 0 9416 403812 1
gene 2 3213 2332 -182688 0 9417 -182688 1
gene 1 516 3249 -133470 0 9516 -133470 1
gene 1 3249 14 -6189 0 9517 -6189 1
gene 4 3 1393 -282303 0 9617 -282303 1
gene 2 3108 2912 105828 0 9658 105828 1
gene 3 1 1531 51117 0 9877 51117 1
genomeend 34


/* Organism #44 Fitness: 230.000000 Time: 0 */
/* Position #44*/
#1 x: 73 y: 38
#2 x: 64 y: 16
#3 x: 17 y: 23
#4 x: 33 y: 70
#5 x: 68 y: 77
#6 x: 31 y: 82
genomestart 44
trait 1 9255.000000 0.000000 1748.000000 2627.000000 62622.000000 9278.000000 71977.000000 20330.000000 trait 2 7634.000000 6053.000000 17717.000000 0.000000 20896.000000 0.000000 19006.000000 11523.000000 trait 3 0.000000 20854.000000 20227.000000 42116.000000 0.000000 10153.000000 78226.000000 37136.000000 trait 4 4352.000000 0.000000 2860.000000 52007.000000 0.000000 0.000000 61551.000000 68978.000000 node 1 4 1 3
node 2 4 1 1
node 3 3 1 1
node 4 1 1 1
node 5 1 1 1
node 6 2 1 1
node 7 4 1 1
node 8 4 1 1
node 9 2 1 1
node 10 1 1 1
node 11 2 1 1
node 12 4 1 1
node 13 2 0 2
node 14 1 0 2
node 15 3 0 2
node 121 1 0 0
node 235 1 0 0
node 384 1 0 0
node 420 1 0 0
node 433 2 0 0
node 461 1 0 0
node 500 1 0 0
node 516 1 0 0
node 697 1 0 0
node 1018 2 0 0
node 1130 1 0 0
node 1323 3 0 0
node 1393 1 0 0
node 1479 1 0 0
node 1531 3 0 0
node 1683 1 0 0
node 1735 1 0 0
node 1875 1 0 0
node 1975 1 0 0
node 2022 1 0 0
node 2179 1 0 0
node 2295 1 0 0
node 2730 1 0 0
node 2767 1 0 0
node 2826 1 0 0
node 2977 1 0 0
node 3105 1 0 0
node 3118 1 0 0
gene 2 1 13 -437385 0 1 -437385 1
gene 3 2 13 650052 0 2 650052 1
gene 2 3 13 716082 0 3 716082 1
gene 3 4 13 241959 0 4 241959 1
gene 2 5 13 800000 0 5 800000 0
gene 4 6 13 1728 0 6 1728 0
gene 3 7 13 -800000 0 7 -800000 1
gene 2 8 13 -800000 0 8 -800000 0
gene 3 9 13 629454 0 9 629454 1
gene 2 10 13 800000 0 10 800000 0
gene 2 11 13 352289 0 11 352289 0
gene 4 12 13 214528 0 12 214528 1
gene 4 1 14 309420 0 13 309420 1
gene 2 2 14 66243 0 14 66243 0
gene 4 3 14 -366858 0 15 -366858 1
gene 4 4 14 -759486 0 16 -759486 0
gene 4 5 14 -151896 0 17 -151896 1
gene 3 6 14 219885 0 18 219885 0
gene 2 7 14 31245 0 19 31245 1
gene 1 8 14 476205 0 20 476205 0
gene 3 9 14 84225 0 21 84225 1
gene 1 10 14 148569 0 22 148569 0
gene 1 11 14 250788 0 23 250788 0
gene 4 12 14 -123784 0 24 -123784 0
gene 3 1 15 -434976 0 25 -434976 1
gene 3 2 15 201378 0 26 201378 1
gene 3 3 15 128991 0 27 128991 0
gene 3 4 15 455502 0 28 455502 1
gene 4 5 15 -343377 0 29 -343377 1
gene 1 6 15 376701 0 30 376701 0
gene 3 7 15 -368334 0 31 -368334 0
gene 3 8 15 160008 0 32 160008 1
gene 3 9 15 -100023 0 33 -100023 1
gene 3 10 15 51912 0 34 51912 0
gene 2 11 15 -211932 0 35 -211932 1
gene 4 12 15 525984 0 36 525984 0
gene 4 15 15 -3267 1 174 -3267 0
gene 3 8 121 -221880 0 329 -221880 0
gene 3 121 15 -297852 0 330 -297852 1
gene 2 5 121 735147 0 438 735147 1
gene 2 7 121 99972 0 483 99972 0
gene 4 4 235 417543 0 666 417543 1
gene 4 235 14 -590045 0 667 -590045 1
gene 1 1 235 348105 0 753 348105 1
gene 3 9 235 187728 0 1108 187728 1
gene 3 10 384 647979 0 1126 647979 1
gene 3 384 15 7998 0 1127 7998 0
gene 2 14 14 -222645 1 1197 -222645 0
gene 3 7 420 -792476 0 1239 -792476 0
gene 3 420 15 -590219 0 1240 -590219 1
gene 3 2 433 402468 0 1284 402468 1
gene 3 433 13 -231933 0 1285 -231933 1
gene 4 3 461 -72414 0 1352 -72414 1
gene 4 461 14 155451 0 1353 155451 1
gene 4 15 500 30846 1 1453 30846 0
gene 4 500 15 -244718 0 1454 -244718 0
gene 1 8 516 658635 0 1500 658635 1
gene 1 516 14 22512 0 1501 22512 1
gene 1 384 121 688910 0 1548 688910 0
gene 2 8 461 371123 0 1965 371123 1
gene 3 3 697 427404 0 2038 427404 0
gene 3 697 15 800000 0 2039 800000 1
gene 2 1 500 398322 0 2133 398322 1
gene 1 3 433 265179 0 2628 265179 1
gene 1 516 516 233052 1 2664 233052 1
gene 3 8 1018 107295 0 2997 107295 0
gene 3 1018 121 800000 0 2998 800000 0
gene 3 15 433 194790 0 3156 194790 1
gene 1 10 1130 -112272 0 3329 -112272 1
gene 1 1130 14 321588 0 3330 321588 0
gene 3 500 697 -27045 0 3371 -27045 1
gene 2 3 516 -66378 0 3603 -66378 1
gene 2 9 1323 98274 0 3885 98274 0
gene 2 1323 14 -237321 0 3886 -237321 0
gene 2 121 420 -328829 0 3959 -328829 1
gene 2 8 1393 -173382 0 4093 -173382 1
gene 2 1393 13 -33525 0 4094 -33525 0
gene 1 11 1479 234228 0 4325 234228 1
gene 1 1479 14 117813 0 4326 117813 0
gene 4 12 1531 -72273 0 4477 -72273 1
gene 4 1531 15 -398676 0 4478 -398676 0
gene 3 1393 433 214191 0 4734 214191 1
gene 2 1323 1683 -46413 0 4950 -46413 1
gene 2 1683 14 -130967 0 4951 -130967 1
gene 3 6 1735 -60141 0 5103 -60141 1
gene 3 1735 14 62997 0 5104 62997 0
gene 1 5 516 -12231 0 5346 -12231 1
gene 1 516 433 -92199 0 5443 -92199 1
gene 3 2 1875 35994 0 5505 35994 1
gene 3 1875 433 305691 0 5506 305691 1
gene 1 1683 461 -268077 0 5687 -268077 1
gene 1 6 1975 -95502 0 5780 -95502 1
gene 1 1975 15 -344094 0 5781 -344094 1
gene 4 1531 2022 -14802 0 5905 -14802 1
gene 4 2022 15 180357 0 5906 180357 1
gene 3 121 1875 170787 0 5987 170787 1
gene 1 1683 1393 78744 0 6232 78744 1
gene 4 500 2179 -111915 0 6351 -111915 1
gene 4 2179 15 373308 0 6352 373308 1
gene 3 12 2179 -35475 0 6539 -35475 1
gene 1 1975 1975 206184 1 6578 206184 1
gene 2 14 2295 147792 1 6699 147792 1
gene 2 2295 14 64320 0 6700 64320 1
gene 4 4 433 512730 0 7064 512730 1
gene 3 12 235 83826 0 7098 83826 1
gene 1 384 384 754877 1 7242 754877 1
gene 2 500 500 -123822 1 7740 -123822 1
gene 3 8 2730 197217 0 7969 197217 1
gene 3 2730 1018 343557 0 7970 343557 1
gene 2 2730 516 146481 0 8040 146481 1
gene 4 6 2767 365253 0 8075 365253 1
gene 4 2767 13 -73014 0 8076 -73014 1
gene 3 13 15 -159273 1 8122 -159273 1
gene 4 12 2826 -492291 0 8243 -492291 1
gene 4 2826 14 -117741 0 8244 -117741 1
gene 3 384 1975 -800000 0 8469 -800000 1
gene 3 3 2977 95818 0 8686 95818 1
gene 3 2977 697 -237570 0 8687 -237570 1
gene 1 1130 3105 3528 0 9092 3528 1
gene 1 3105 14 -152427 0 9093 -152427 1
gene 4 15 3118 253194 1 9132 253194 1
gene 4 3118 500 424188 0 9133 424188 1
gene 4 3118 2295 327093 0 9282 327093 1
gene 3 10 121 126696 0 9403 126696 1
gene 4 500 2767 -327078 0 9643 -327078 1
gene 2 3 235 -1648 0 9855 -1648 1
gene 4 2 1323 215937 0 9974 215937 1
genomeend 44


/* Organism #50 Fitness: 260.000000 Time: 0 */
/* Position #50*/
#1 x: 81 y: 40
#2 x: 45 y: 24
#3 x: 29 y: 35
#4 x: 44 y: 70
#5 x: 79 y: 66
#6 x: 52 y: 61
genomestart 50
trait 1 43007.000000 16300.000000 6994.000000 28041.000000 57524.000000 37112.000000 87908.000000 80535.000000 trait 2 30533.000000 24215.000000 70868.000000 0.000000 0.000000 0.000000 0.000000 18399.000000 trait 3 0.000000 0.000000 44883.000000 65858.000000 41337.000000 0.000000 100000.000000 41343.000000 trait 4 4.000000 0.000000 0.000000 36940.000000 0.000000 0.000000 0.000000 37957.000000 node 1 4 1 3
node 2 4 1 1
node 3 1 1 1
node 4 1 1 1
node 5 1 1 1
node 6 2 1 1
node 7 4 1 1
node 8 4 1 1
node 9 2 1 1
node 10 1 1 1
node 11 2 1 1
node 12 4 1 1
node 13 2 0 2
node 14 1 0 2
node 15 3 0 2
node 121 1 0 0
node 235 1 0 0
node 384 2 0 0
node 420 1 0 0
node 433 1 0 0
node 461 1 0 0
node 500 1 0 0
node 516 1 0 0
node 697 3 0 0
node 1018 1 0 0
node 1130 1 0 0
node 1323 3 0 0
node 1393 1 0 0
node 1479 1 0 0
node 1531 3 0 0
node 1683 1 0 0
node 1735 1 0 0
node 1875 1 0 0
node 2034 1 0 0
node 2142 1 0 0
node 2172 1 0 0
node 2206 1 0 0
node 2313 1 0 0
node 2332 1 0 0
node 2368 1 0 0
node 2491 1 0 0
node 2512 1 0 0
node 2530 1 0 0
node 2547 1 0 0
node 2692 1 0 0
node 2786 1 0 0
node 2912 1 0 0
node 3009 1 0 0
node 3108 1 0 0
node 3213 1 0 0
node 3249 1 0 0
node 3336 1 0 0
node 3356 1 0 0
node 3443 1 0 0
gene 2 1 13 -140973 0 1 -140973 1
gene 3 2 13 105435 0 2 105435 1
gene 2 3 13 -448122 0 3 -448122 1
gene 3 4 13 -153045 0 4 -153045 1
gene 2 5 13 744104 0 5 744104 0
gene 4 6 13 -746418 0 6 -746418 1
gene 3 7 13 800000 0 7 800000 1
gene 2 8 13 -13089 0 8 -13089 0
gene 3 9 13 -152133 0 9 -152133 1
gene 2 10 13 -281109 0 10 -281109 0
gene 2 11 13 -45276 0 11 -45276 1
gene 4 12 13 -310920 0 12 -310920 1
gene 2 1 14 -609132 0 13 -609132 1
gene 2 2 14 86715 0 14 86715 1
gene 4 3 14 436701 0 15 436701 0
gene 4 4 14 -12300 0 16 -12300 0
gene 4 5 14 -153042 0 17 -153042 1
gene 3 6 14 -3366 0 18 -3366 0
gene 2 7 14 630398 0 19 630398 1
gene 1 8 14 -281916 0 20 -281916 0
gene 3 9 14 210576 0 21 210576 1
gene 1 10 14 647889 0 22 647889 1
gene 1 11 14 753380 0 23 753380 1
gene 4 12 14 -106977 0 24 -106977 1
gene 3 1 15 198150 0 25 198150 1
gene 3 2 15 -217104 0 26 -217104 1
gene 3 3 15 554318 0 27 554318 0
gene 3 4 15 160410 0 28 160410 1
gene 3 5 15 684786 0 29 684786 1
gene 1 6 15 10926 0 30 10926 1
gene 3 7 15 287019 0 31 287019 1
gene 3 8 15 11286 0 32 11286 1
gene 3 9 15 106299 0 33 106299 1
gene 3 10 15 335553 0 34 335553 0
gene 2 11 15 -380955 0 35 -380955 1
gene 4 12 15 800000 0 36 800000 0
gene 4 15 15 170781 1 174 170781 0
gene 3 8 121 -252486 0 329 -252486 0
gene 3 121 15 -296355 0 330 -296355 1
gene 2 5 121 -224121 0 438 -224121 1
gene 2 7 121 -323748 0 483 -323748 0
gene 4 4 235 244035 0 666 244035 1
gene 4 235 14 373968 0 667 373968 1
gene 1 1 235 -78066 0 753 -78066 1
gene 3 9 235 -34104 0 1108 -34104 1
gene 3 10 384 95616 0 1126 95616 1
gene 3 384 15 605427 0 1127 605427 1
gene 2 14 14 135558 1 1197 135558 1
gene 3 7 420 168741 0 1239 168741 0
gene 3 420 15 100848 0 1240 100848 0
gene 3 2 433 -488553 0 1284 -488553 1
gene 3 433 13 -408 0 1285 -408 1
gene 4 3 461 -404546 0 1352 -404546 1
gene 4 461 14 -286959 0 1353 -286959 1
gene 4 15 500 -643566 1 1453 -643566 1
gene 4 500 15 499455 0 1454 499455 0
gene 1 8 516 662946 0 1500 662946 1
gene 1 516 14 -43989 0 1501 -43989 0
gene 1 384 121 -81924 0 1548 -81924 1
gene 2 8 461 -45732 0 1965 -45732 1
gene 3 3 697 560646 0 2038 560646 1
gene 3 697 15 800000 0 2039 800000 1
gene 2 1 500 -190674 0 2133 -190674 1
gene 1 3 433 77058 0 2628 77058 1
gene 1 516 516 -443805 1 2664 -443805 1
gene 3 8 1018 800000 0 2997 800000 1
gene 3 1018 121 751355 0 2998 751355 0
gene 3 15 433 473418 0 3156 473418 1
gene 1 10 1130 285843 0 3329 285843 1
gene 1 1130 14 -16977 0 3330 -16977 1
gene 3 500 697 659907 0 3371 659907 1
gene 2 3 516 122874 0 3603 122874 1
gene 2 9 1323 -171507 0 3885 -171507 0
gene 2 1323 14 257547 0 3886 257547 0
gene 2 121 420 -357003 0 3959 -357003 1
gene 2 8 1393 208587 0 4093 208587 1
gene 2 1393 13 -152412 0 4094 -152412 0
gene 1 11 1479 -198318 0 4325 -198318 1
gene 1 1479 14 -294840 0 4326 -294840 1
gene 4 12 1531 32139 0 4477 32139 1
gene 4 1531 15 222696 0 4478 222696 1
gene 3 1393 433 -597708 0 4734 -597708 1
gene 2 1323 1683 538448 0 4950 538448 1
gene 2 1683 14 735696 0 4951 735696 1
gene 3 6 1735 -91713 0 5103 -91713 1
gene 3 1735 14 800000 0 5104 800000 1
gene 1 5 516 -540 0 5346 -540 1
gene 1 516 433 -110256 0 5443 -110256 1
gene 3 2 1875 800000 0 5505 800000 1
gene 3 1875 433 -302310 0 5506 -302310 1
gene 1 1683 461 -800000 0 5687 -800000 1
gene 1 516 121 -103089 0 5877 -103089 1
gene 3 3 2034 450171 0 5939 450171 1
gene 3 2034 697 494031 0 5940 494031 1
gene 3 5 1479 190623 0 6157 190623 1
gene 3 7 2142 -717932 0 6248 -717932 1
gene 3 2142 420 109674 0 6249 109674 1
gene 3 420 2172 -390198 0 6332 -390198 1
gene 3 2172 15 -350151 0 6333 -350151 1
gene 2 1735 1735 -800000 1 6388 -800000 1
gene 2 8 2206 -415848 0 6436 -415848 1
gene 2 2206 1393 202842 0 6437 202842 1
gene 2 121 2313 -194055 0 6747 -194055 1
gene 2 2313 420 110538 0 6748 110538 1
gene 2 9 2332 -219582 0 6797 -219582 0
gene 2 2332 1323 252648 0 6798 252648 1
gene 4 1323 2034 -161727 0 6848 -161727 1
gene 2 7 2368 -203549 0 6897 -203549 1
gene 2 2368 121 179796 0 6898 179796 1
gene 2 384 1531 141357 0 7018 141357 1
gene 2 2142 1018 -111147 0 7205 -111147 0
gene 3 2206 2034 -121740 0 7245 -121740 1
gene 2 7 2491 -249708 0 7283 -249708 1
gene 2 2491 2368 206349 0 7284 206349 1
gene 2 5 2512 167193 0 7337 167193 1
gene 2 2512 13 514890 0 7338 514890 0
gene 2 10 2530 -602747 0 7387 -602747 1
gene 2 2530 13 149952 0 7388 149952 1
gene 3 9 2547 405819 0 7440 405819 1
gene 3 2547 13 -173250 0 7441 -173250 1
gene 2 2530 1479 -295287 0 7594 -295287 0
gene 1 1479 2692 -158283 0 7856 -158283 1
gene 1 2692 14 26409 0 7857 26409 1
gene 3 4 1130 369390 0 7980 369390 1
gene 4 3 2786 188229 0 8132 188229 1
gene 4 2786 14 142341 0 8133 142341 1
gene 4 2547 1735 -60600 0 8311 -60600 1
gene 3 2692 461 -253029 0 8358 -253029 1
gene 4 500 2912 197637 0 8507 197637 1
gene 1 2912 15 314445 0 8508 314445 1
gene 1 2912 1130 -71871 0 8750 -71871 1
gene 2 2142 3009 183039 0 8799 183039 1
gene 2 3009 1018 -60492 0 8800 -60492 1
gene 3 2034 2034 213552 1 8851 213552 0
gene 2 2512 3108 -195432 0 9104 -195432 1
gene 2 3108 13 -118914 0 9105 -118914 1
gene 1 2491 235 -325884 0 9236 -325884 1
gene 2 9 3213 12978 0 9416 12978 1
gene 2 3213 2332 46413 0 9417 46413 1
gene 1 516 3249 -148476 0 9516 -148476 1
gene 1 3249 14 -327105 0 9517 -327105 1
gene 2 1393 3336 151803 0 9780 151803 1
gene 2 3336 13 12597 0 9781 12597 1
gene 2 2530 3356 -94269 0 9835 -94269 1
gene 2 3356 1479 -65622 0 9836 -65622 1
gene 3 2034 3443 1 1 10105 0 1
gene 3 3443 2034 213552 0 10106 0 1
genomeend 50


/* Organism #69 Fitness: 230.000000 Time: 0 */
/* Position #69*/
#1 x: 33 y: 35
#2 x: 57 y: 17
#3 x: 70 y: 15
#4 x: 75 y: 82
#5 x: 61 y: 64
#6 x: 23 y: 83
genomestart 69
trait 1 43007.000000 16300.000000 6994.000000 28041.000000 57524.000000 37112.000000 87908.000000 80535.000000 trait 2 0.000000 43855.000000 0.000000 95786.000000 51940.000000 72099.000000 50358.000000 23911.000000 trait 3 0.000000 0.000000 0.000000 51304.000000 67143.000000 13538.000000 70969.000000 30146.000000 trait 4 4.000000 0.000000 0.000000 36940.000000 0.000000 0.000000 43316.000000 37957.000000 node 1 4 1 3
node 2 4 1 1
node 3 1 1 1
node 4 1 1 1
node 5 1 1 1
node 6 2 1 1
node 7 4 1 1
node 8 4 1 1
node 9 2 1 1
node 10 1 1 1
node 11 2 1 1
node 12 4 1 1
node 13 2 0 2
node 14 1 0 2
node 15 3 0 2
node 121 1 0 0
node 235 1 0 0
node 384 1 0 0
node 420 1 0 0
node 433 1 0 0
node 461 1 0 0
node 500 1 0 0
node 516 1 0 0
node 697 3 0 0
node 1018 1 0 0
node 1130 1 0 0
node 1323 3 0 0
node 1393 1 0 0
node 1479 1 0 0
node 1531 4 0 0
node 1683 1 0 0
node 1735 1 0 0
node 1875 1 0 0
node 2034 1 0 0
node 2142 1 0 0
node 2172 1 0 0
node 2206 1 0 0
node 2313 1 0 0
node 2332 1 0 0
node 2368 3 0 0
node 2491 1 0 0
node 2512 1 0 0
node 2530 1 0 0
node 2547 1 0 0
node 2692 1 0 0
node 2786 1 0 0
node 2915 1 0 0
node 3042 1 0 0
node 3079 1 0 0
node 3409 1 0 0
gene 2 1 13 -800000 0 1 -800000 1
gene 3 2 13 546912 0 2 546912 1
gene 2 3 13 -96276 0 3 -96276 1
gene 3 4 13 103761 0 4 103761 1
gene 2 5 13 -222114 0 5 -222114 0
gene 4 6 13 150678 0 6 150678 1
gene 3 7 13 783668 0 7 783668 1
gene 2 8 13 121488 0 8 121488 0
gene 3 9 13 -428000 0 9 -428000 1
gene 2 10 13 -242837 0 10 -242837 0
gene 2 11 13 -166965 0 11 -166965 1
gene 4 12 13 669377 0 12 669377 1
gene 2 1 14 25911 0 13 25911 1
gene 2 2 14 694700 0 14 694700 1
gene 4 3 14 -265716 0 15 -265716 1
gene 4 4 14 800000 0 16 800000 1
gene 4 5 14 260283 0 17 260283 1
gene 3 6 14 50907 0 18 50907 0
gene 2 7 14 303060 0 19 303060 1
gene 1 8 14 639153 0 20 639153 0
gene 3 9 14 32391 0 21 32391 1
gene 1 10 14 46434 0 22 46434 1
gene 1 11 14 -338904 0 23 -338904 1
gene 3 12 14 581625 0 24 581625 1
gene 3 1 15 -272508 0 25 -272508 1
gene 3 2 15 -264051 0 26 -264051 1
gene 3 3 15 180003 0 27 180003 0
gene 3 4 15 361611 0 28 361611 1
gene 3 5 15 -151038 0 29 -151038 1
gene 1 6 15 -196401 0 30 -196401 1
gene 3 7 15 639014 0 31 639014 1
gene 3 8 15 586572 0 32 586572 1
gene 3 9 15 -206877 0 33 -206877 1
gene 3 10 15 36327 0 34 36327 1
gene 2 11 15 36246 0 35 36246 1
gene 4 12 15 -586050 0 36 -586050 1
gene 4 15 15 -235461 1 174 -235461 1
gene 3 8 121 633363 0 329 633363 1
gene 3 121 15 15645 0 330 15645 1
gene 2 5 121 -748885 0 438 -748885 0
gene 2 7 121 -145980 0 483 -145980 0
gene 4 4 235 -273336 0 666 -273336 1
gene 4 235 14 636770 0 667 636770 1
gene 1 1 235 -96396 0 753 -96396 1
gene 3 9 235 232824 0 1108 232824 1
gene 3 10 384 -255621 0 1126 -255621 1
gene 3 384 15 15624 0 1127 15624 1
gene 2 14 14 -13602 1 1197 -13602 1
gene 3 7 420 9147 0 1239 9147 0
gene 3 420 15 458649 0 1240 458649 0
gene 3 2 433 -800000 0 1284 -800000 1
gene 3 433 13 737790 0 1285 737790 1
gene 4 3 461 206589 0 1352 206589 1
gene 4 461 14 -329208 0 1353 -329208 1
gene 4 15 500 -789809 1 1453 -789809 1
gene 4 500 15 667232 0 1454 667232 1
gene 1 8 516 191241 0 1500 191241 1
gene 1 516 14 286677 0 1501 286677 1
gene 1 384 121 84222 0 1548 84222 1
gene 2 8 461 -143703 0 1965 -143703 1
gene 3 3 697 185667 0 2038 185667 1
gene 3 697 15 -186819 0 2039 -186819 1
gene 2 1 500 622448 0 2133 622448 1
gene 1 3 433 129576 0 2628 129576 1
gene 1 516 516 -478353 1 2664 -478353 1
gene 3 8 1018 183129 0 2997 183129 1
gene 3 1018 121 312441 0 2998 312441 0
gene 3 15 433 -270261 0 3156 -270261 1
gene 1 10 1130 -327402 0 3329 -327402 1
gene 1 1130 14 103887 0 3330 103887 1
gene 3 500 697 38649 0 3371 38649 1
gene 2 3 516 -122251 0 3603 -122251 0
gene 2 9 1323 -46581 0 3885 -46581 0
gene 2 1323 14 -265592 0 3886 -265592 1
gene 2 121 420 -25398 0 3959 -25398 1
gene 2 8 1393 -426516 0 4093 -426516 1
gene 2 1393 13 -766775 0 4094 -766775 1
gene 1 11 1479 178632 0 4325 178632 1
gene 1 1479 14 -547218 0 4326 -547218 1
gene 4 12 1531 37674 0 4477 37674 1
gene 4 1531 15 208851 0 4478 208851 1
gene 3 1393 433 -455888 0 4734 -455888 1
gene 2 1323 1683 -800000 0 4950 -800000 1
gene 2 1683 14 -74705 0 4951 -74705 1
gene 3 6 1735 -112083 0 5103 -112083 1
gene 3 1735 14 75546 0 5104 75546 1
gene 1 5 516 152319 0 5346 152319 1
gene 1 516 433 61851 0 5443 61851 1
gene 3 2 1875 -94038 0 5505 -94038 1
gene 3 1875 433 -182214 0 5506 -182214 1
gene 1 1683 461 -467118 0 5687 -467118 1
gene 1 516 121 -277695 0 5877 -277695 1
gene 3 3 2034 120720 0 5939 120720 1
gene 3 2034 697 707328 0 5940 707328 1
gene 3 5 1479 195327 0 6157 195327 1
gene 3 7 2142 -133368 0 6248 -133368 1
gene 3 2142 420 257979 0 6249 257979 1
gene 3 420 2172 89412 0 6332 89412 1
gene 3 2172 15 6954 0 6333 6954 1
gene 2 1735 1735 505920 1 6388 505920 1
gene 2 8 2206 -109788 0 6436 -109788 1
gene 2 2206 1393 11016 0 6437 11016 1
gene 2 121 2313 -504537 0 6747 -504537 1
gene 2 2313 420 457257 0 6748 457257 1
gene 2 9 2332 -657159 0 6797 -657159 1
gene 2 2332 1323 -115740 0 6798 -115740 1
gene 4 1323 2034 80361 0 6848 80361 1
gene 2 7 2368 -307965 0 6897 -307965 1
gene 2 2368 121 93675 0 6898 93675 1
gene 2 384 1531 121350 0 7018 121350 1
gene 2 2142 1018 500981 0 7205 500981 1
gene 3 2206 2034 -191616 0 7245 -191616 1
gene 2 7 2491 341668 0 7283 341668 1
gene 2 2491 2368 -125388 0 7284 -125388 1
gene 2 5 2512 -411333 0 7337 -411333 1
gene 2 2512 13 188553 0 7338 188553 1
gene 2 10 2530 165273 0 7387 165273 1
gene 2 2530 13 19389 0 7388 19389 1
gene 3 9 2547 92466 0 7440 92466 1
gene 3 2547 13 -18273 0 7441 -18273 1
gene 2 2530 1479 7653 0 7594 7653 1
gene 1 1479 2692 -598430 0 7856 -598430 0
gene 1 2692 14 248511 0 7857 248511 1
gene 3 4 1130 -177321 0 7980 -177321 1
gene 4 3 2786 -157944 0 8132 -157944 1
gene 4 2786 14 -29568 0 8133 -29568 1
gene 3 384 384 690018 1 8429 690018 1
gene 2 3 2915 -140535 0 8516 -140535 1
gene 2 2915 516 -41541 0 8517 -41541 1
gene 4 433 433 -41634 1 8562 -41634 1
gene 2 2547 1479 360285 0 8709 360285 0
gene 3 2206 1683 -547863 0 8777 -547863 1
gene 2 5 3042 -65970 0 8890 -65970 1
gene 2 3042 121 232980 0 8891 232980 1
gene 1 1479 3079 119874 0 9004 119874 1
gene 1 3079 2692 -35946 0 9005 -35946 1
gene 4 516 2547 -338985 0 9030 -338985 1
gene 3 1875 2915 170823 0 9219 170823 1
gene 2 2 420 -534756 0 9364 -534756 1
gene 2 1735 1531 383559 0 9549 383559 1
gene 4 9 697 -288612 0 9875 -288612 1
gene 4 12 2786 -5457 0 9948 -5457 1
gene 2 2547 3409 -269984 0 10007 -269984 1
gene 2 3409 1479 447063 0 10008 447063 1
genomeend 69


/* Organism #78 Fitness: 280.000000 Time: 0 */
/* Position #78*/
#1 x: 22 y: 21
#2 x: 47 y: 29
#3 x: 70 y: 37
#4 x: 69 y: 60
#5 x: 83 y: 64
#6 x: 77 y: 74
genomestart 78
trait 1 71503.000000 16300.000000 3497.000000 14020.000000 51562.000000 18556.000000 43954.000000 40267.000000 trait 2 15267.000000 12107.000000 35434.000000 0.000000 41793.000000 0.000000 38012.000000 23046.000000 trait 3 0.000000 41709.000000 40455.000000 32929.000000 0.000000 6769.000000 85484.000000 44127.000000 trait 4 8701.000000 0.000000 5720.000000 67075.000000 0.000000 0.000000 23102.000000 37957.000000 node 1 4 1 3
node 2 4 1 1
node 3 1 1 1
node 4 1 1 1
node 5 1 1 1
node 6 2 1 1
node 7 4 1 1
node 8 4 1 1
node 9 2 1 1
node 10 1 1 1
node 11 2 1 1
node 12 4 1 1
node 13 2 0 2
node 14 1 0 2
node 15 3 0 2
node 121 1 0 0
node 235 1 0 0
node 384 1 0 0
node 420 1 0 0
node 433 2 0 0
node 461 1 0 0
node 500 1 0 0
node 516 1 0 0
node 697 1 0 0
node 1018 2 0 0
node 1130 1 0 0
node 1323 3 0 0
node 1393 1 0 0
node 1479 1 0 0
node 1531 3 0 0
node 1732 1 0 0
node 1844 1 0 0
node 2023 1 0 0
node 2035 1 0 0
node 2054 1 0 0
node 2076 1 0 0
node 2174 1 0 0
node 2292 1 0 0
node 2306 1 0 0
node 2374 1 0 0
node 2502 1 0 0
node 2593 1 0 0
node 2610 1 0 0
node 2865 1 0 0
node 3031 1 0 0
node 3067 1 0 0
node 3150 1 0 0
node 3216 1 0 0
node 3290 1 0 0
gene 2 1 13 -740319 0 1 -740319 1
gene 3 2 13 55734 0 2 55734 1
gene 2 3 13 111849 0 3 111849 1
gene 3 4 13 756770 0 4 756770 1
gene 2 5 13 382286 0 5 382286 0
gene 4 6 13 -285285 0 6 -285285 1
gene 3 7 13 -330312 0 7 -330312 1
gene 2 8 13 471054 0 8 471054 0
gene 3 9 13 -39816 0 9 -39816 1
gene 2 10 13 430437 0 10 430437 0
gene 2 11 13 -161436 0 11 -161436 0
gene 4 12 13 -586385 0 12 -586385 1
gene 4 1 14 -667562 0 13 -667562 1
gene 2 2 14 800000 0 14 800000 0
gene 4 3 14 -173694 0 15 -173694 1
gene 4 4 14 -39834 0 16 -39834 0
gene 4 5 14 70755 0 17 70755 1
gene 3 6 14 257184 0 18 257184 0
gene 2 7 14 464436 0 19 464436 1
gene 1 8 14 -35901 0 20 -35901 0
gene 3 9 14 -107505 0 21 -107505 1
gene 1 10 14 -37614 0 22 -37614 0
gene 1 11 14 -59331 0 23 -59331 0
gene 4 12 14 -356679 0 24 -356679 1
gene 3 1 15 -799538 0 25 -799538 1
gene 3 2 15 -130719 0 26 -130719 1
gene 3 3 15 -619920 0 27 -619920 0
gene 3 4 15 460641 0 28 460641 1
gene 4 5 15 69318 0 29 69318 1
gene 1 6 15 -56019 0 30 -56019 1
gene 3 7 15 49914 0 31 49914 0
gene 3 8 15 800000 0 32 800000 1
gene 3 9 15 -683312 0 33 -683312 1
gene 3 10 15 800000 0 34 800000 0
gene 2 11 15 227556 0 35 227556 1
gene 4 12 15 -35871 0 36 -35871 0
gene 4 15 15 -10962 1 174 -10962 0
gene 3 8 121 589020 0 329 589020 0
gene 3 121 15 -703632 0 330 -703632 1
gene 2 5 121 800000 0 438 800000 1
gene 2 7 121 -196821 0 483 -196821 0
gene 4 4 235 472785 0 666 472785 1
gene 4 235 14 -526142 0 667 -526142 1
gene 1 1 235 294288 0 753 294288 1
gene 3 9 235 -319965 0 1108 -319965 1
gene 3 10 384 243822 0 1126 243822 1
gene 3 384 15 469220 0 1127 469220 0
gene 2 14 14 -523662 1 1197 -523662 0
gene 3 7 420 67861 0 1239 67861 0
gene 3 420 15 -228279 0 1240 -228279 0
gene 3 2 433 339147 0 1284 339147 1
gene 3 433 13 64476 0 1285 64476 1
gene 4 3 461 -88617 0 1352 -88617 1
gene 4 461 14 324554 0 1353 324554 0
gene 4 15 500 -437688 1 1453 -437688 1
gene 4 500 15 -633536 0 1454 -633536 0
gene 1 8 516 -114297 0 1500 -114297 1
gene 1 516 14 207878 0 1501 207878 1
gene 1 384 121 380006 0 1548 380006 0
gene 2 8 461 369144 0 1965 369144 1
gene 3 3 697 -3669 0 2038 -3669 0
gene 3 697 15 800000 0 2039 800000 1
gene 2 1 500 -800000 0 2133 -800000 1
gene 1 3 433 676053 0 2628 676053 1
gene 1 516 516 -115848 1 2664 -115848 1
gene 3 8 1018 -351609 0 2997 -351609 0
gene 3 1018 121 224808 0 2998 224808 0
gene 3 15 433 38385 0 3156 38385 1
gene 1 10 1130 469875 0 3329 469875 1
gene 1 1130 14 413052 0 3330 413052 1
gene 3 500 697 362904 0 3371 362904 1
gene 2 3 516 608193 0 3603 608193 1
gene 2 9 1323 800000 0 3885 800000 0
gene 2 1323 14 -150114 0 3886 -150114 0
gene 2 121 420 540450 0 3959 540450 1
gene 2 8 1393 471471 0 4093 471471 1
gene 2 1393 13 -328758 0 4094 -328758 0
gene 1 11 1479 452565 0 4325 452565 1
gene 1 1479 14 660416 0 4326 660416 0
gene 4 12 1531 50094 0 4477 50094 1
gene 4 1531 15 25224 0 4478 25224 1
gene 2 1323 420 -111006 0 4676 -111006 0
gene 3 500 1479 -28155 0 4897 -28155 1
gene 4 461 461 643134 1 4980 643134 1
gene 2 121 1732 -368841 0 5095 -368841 1
gene 1 1732 420 396540 0 5096 396540 1
gene 1 384 500 -163854 0 5133 -163854 1
gene 2 15 14 510708 0 5180 510708 0
gene 4 6 1130 165498 0 5368 165498 1
gene 3 10 1844 21852 0 5409 21852 1
gene 3 1844 384 -50085 0 5410 -50085 1
gene 2 2 2023 579525 0 5908 579525 1
gene 1 2023 14 683289 0 5909 683289 1
gene 2 1393 2035 152883 0 5942 152883 1
gene 2 2035 13 -474414 0 5943 -474414 1
gene 4 461 2054 32916 0 5995 32916 1
gene 4 2054 14 67998 0 5996 67998 1
gene 4 461 2076 470316 0 6055 470316 1
gene 4 2076 2054 502091 0 6056 502091 0
gene 2 11 2174 -445113 0 6336 -445113 1
gene 2 2174 13 218241 0 6337 218241 1
gene 2 1393 2292 -78627 0 6690 -78627 1
gene 2 2292 2035 709548 0 6691 709548 1
gene 4 12 2306 44169 0 6730 44169 1
gene 4 2306 13 287526 0 6731 287526 1
gene 2 15 2374 263190 0 6914 263190 1
gene 2 2374 14 800000 0 6915 800000 1
gene 4 500 2502 -685277 0 7309 -685277 1
gene 4 2502 15 -234792 0 7310 -234792 1
gene 4 15 461 250683 0 7483 250683 1
gene 3 433 433 178353 1 7529 178353 1
gene 1 384 2593 -224880 0 7577 -224880 1
gene 1 2593 121 800000 0 7578 800000 1
gene 2 14 2610 355473 1 7624 355473 1
gene 2 2610 14 -202485 0 7625 -202485 1
gene 4 1844 2306 636111 0 7943 636111 1
gene 1 420 1531 -306327 0 8141 -306327 1
gene 4 1130 2502 279702 0 8221 279702 1
gene 2 1323 2865 376809 0 8359 376809 1
gene 2 2865 420 -103845 0 8360 -103845 1
gene 4 420 2054 -153513 0 8445 -153513 1
gene 1 13 1844 -458496 1 8573 -458496 1
gene 3 2865 2865 -257265 1 8606 -257265 1
gene 3 6 420 -247290 0 8646 -247290 1
gene 4 1844 697 536141 0 8772 536141 1
gene 4 235 235 -107973 1 8813 -107973 1
gene 3 8 3031 -235671 0 8863 -235671 1
gene 3 3031 1018 36849 0 8864 36849 1
gene 4 2 461 240873 0 8903 240873 1
gene 4 1479 3067 415782 0 8963 415782 1
gene 4 3067 14 291564 0 8964 291564 1
gene 1 384 3150 -36888 0 9228 -36888 1
gene 1 3150 121 416751 0 9229 416751 1
gene 4 9 1479 248792 0 9321 248792 1
gene 2 1393 461 -407064 0 9371 -407064 1
gene 3 3 3216 217980 0 9423 217980 1
gene 3 3216 697 583454 0 9424 583454 1
gene 1 13 235 44448 0 9562 44448 1
gene 4 2076 3290 776481 0 9639 776481 1
gene 4 3290 2054 -547587 0 9640 -547587 1
gene 4 3031 2023 326124 0 9866 326124 1
gene 1 500 13 -346675 0 9904 -346675 1
genomeend 78


