/* Organism #0 Fitness: 240.000000 Time: 0 */
/* Position #0*/
#1 x: 44 y: 18
#2 x: 19 y: 22
#3 x: 56 y: 36
#4 x: 50 y: 84
#5 x: 60 y: 68
#6 x: 41 y: 74
genomestart 0
trait 1 71503.000000 52572.000000 0.000000 48265.000000 0.000000 0.000000 100000.000000 393.000000 trait 2 2.000000 0.000000 0.000000 0.000000 0.000000 0.000000 0.000000 0.000000 trait 3 0.000000 0.000000 0.000000 51304.000000 0.000000 13538.000000 70969.000000 30146.000000 trait 4 4.000000 0.000000 0.000000 36940.000000 0.000000 0.000000 100000.000000 100000.000000 node 1 4 1 3
node 2 4 1 1
node 3 1 1 1
node 4 1 1 1
node 5 1 1 1
node 6 2 1 1
node 7 4 1 1
node 8 4 1 1
node 9 2 1 1
node 10 1 1 1
node 11 2 1 1
node 12 4 1 1
node 13 2 0 2
node 14 1 0 2
node 15 3 0 2
node 121 1 0 0
node 235 1 0 0
node 384 1 0 0
node 420 1 0 0
node 433 1 0 0
node 461 1 0 0
node 500 1 0 0
node 516 1 0 0
node 697 1 0 0
node 1018 1 0 0
node 1130 1 0 0
node 1323 3 0 0
node 1393 1 0 0
node 1479 1 0 0
node 1531 2 0 0
node 1683 1 0 0
node 1735 1 0 0
node 1875 1 0 0
node 1975 1 0 0
node 2022 1 0 0
node 2179 1 0 0
node 2295 1 0 0
node 2730 1 0 0
node 2767 1 0 0
node 2826 1 0 0
node 2977 1 0 0
node 3105 1 0 0
node 3118 1 0 0
node 3448 1 0 0
gene 2 1 13 -32766 0 1 -32766 1
gene 3 2 13 325044 0 2 325044 1
gene 2 3 13 188490 0 3 188490 1
gene 3 4 13 106359 0 4 106359 1
gene 2 5 13 -54471 0 5 -54471 1
gene 4 6 13 18711 0 6 18711 0
gene 3 7 13 131346 0 7 131346 1
gene 2 8 13 -98409 0 8 -98409 0
gene 3 9 13 293316 0 9 293316 1
gene 2 10 13 524141 0 10 524141 1
gene 2 11 13 -756617 0 11 -756617 1
gene 4 12 13 -718211 0 12 -718211 1
gene 2 1 14 -27882 0 13 -27882 1
gene 2 2 14 -295587 0 14 -295587 1
gene 4 3 14 -723483 0 15 -723483 1
gene 4 4 14 -328617 0 16 -328617 0
gene 4 5 14 -290724 0 17 -290724 1
gene 3 6 14 354632 0 18 354632 0
gene 2 7 14 343158 0 19 343158 1
gene 1 8 14 57282 0 20 57282 0
gene 3 9 14 -59094 0 21 -59094 1
gene 1 10 14 -800000 0 22 -800000 1
gene 1 11 14 173952 0 23 173952 1
gene 4 12 14 -10087 0 24 -10087 0
gene 3 1 15 639431 0 25 639431 1
gene 3 2 15 -333030 0 26 -333030 1
gene 3 3 15 486351 0 27 486351 0
gene 3 4 15 227754 0 28 227754 1
gene 3 5 15 -234762 0 29 -234762 1
gene 1 6 15 -676439 0 30 -676439 0
gene 3 7 15 -129795 0 31 -129795 0
gene 3 8 15 355806 0 32 355806 1
gene 3 9 15 -146121 0 33 -146121 1
gene 3 10 15 12531 0 34 12531 0
gene 2 11 15 -122094 0 35 -122094 1
gene 4 12 15 589806 0 36 589806 0
gene 4 15 15 -800000 1 174 -800000 0
gene 3 8 121 -466701 0 329 -466701 0
gene 3 121 15 214566 0 330 214566 1
gene 2 5 121 584273 0 438 584273 1
gene 2 7 121 -683598 0 483 -683598 1
gene 4 4 235 -40350 0 666 -40350 1
gene 4 235 14 68163 0 667 68163 1
gene 1 1 235 198552 0 753 198552 1
gene 1 9 235 711675 0 1108 711675 1
gene 3 10 384 800000 0 1126 800000 0
gene 3 384 15 -396060 0 1127 -396060 0
gene 2 14 14 118680 1 1197 118680 0
gene 3 7 420 268437 0 1239 268437 1
gene 3 420 15 -518222 0 1240 -518222 1
gene 3 2 433 16665 0 1284 16665 0
gene 3 433 13 -313268 0 1285 -313268 1
gene 4 3 461 -289860 0 1352 -289860 1
gene 4 461 14 29805 0 1353 29805 1
gene 4 15 500 -327588 1 1453 -327588 0
gene 4 500 15 -696641 0 1454 -696641 0
gene 1 8 516 252207 0 1500 252207 1
gene 1 516 14 369825 0 1501 369825 1
gene 1 384 121 749445 0 1548 749445 1
gene 2 8 461 85907 0 1965 85907 1
gene 3 3 697 453390 0 2038 453390 0
gene 2 697 15 -351402 0 2039 -351402 1
gene 2 1 500 36087 0 2133 36087 1
gene 1 3 433 -800000 0 2628 -800000 1
gene 1 516 516 -255849 1 2664 -255849 1
gene 3 8 1018 202959 0 2997 202959 0
gene 3 1018 121 518304 0 2998 518304 0
gene 3 15 433 140025 0 3156 140025 1
gene 1 10 1130 -159477 0 3329 -159477 1
gene 1 1130 14 207057 0 3330 207057 0
gene 3 500 697 224733 0 3371 224733 1
gene 2 3 516 750012 0 3603 750012 1
gene 2 9 1323 -571500 0 3885 -571500 1
gene 2 1323 14 393504 0 3886 393504 0
gene 2 121 420 -399350 0 3959 -399350 1
gene 2 8 1393 397908 0 4093 397908 1
gene 2 1393 13 433320 0 4094 433320 1
gene 1 11 1479 -17949 0 4325 -17949 1
gene 1 1479 14 -10917 0 4326 -10917 1
gene 4 12 1531 732902 0 4477 732902 1
gene 4 1531 15 512526 0 4478 512526 0
gene 3 1393 433 -800000 0 4734 -800000 1
gene 2 1323 1683 -578337 0 4950 -578337 1
gene 2 1683 14 -474785 0 4951 -474785 1
gene 3 6 1735 520788 0 5103 520788 1
gene 3 1735 14 227985 0 5104 227985 0
gene 1 5 516 474483 0 5346 474483 1
gene 1 516 433 267756 0 5443 267756 1
gene 3 2 1875 -310479 0 5505 -310479 1
gene 3 1875 433 679285 0 5506 679285 1
gene 1 1683 461 594849 0 5687 594849 1
gene 1 6 1975 428370 0 5780 428370 1
gene 1 1975 15 -525387 0 5781 -525387 1
gene 4 1531 2022 395688 0 5905 395688 1
gene 4 2022 15 -684543 0 5906 -684543 1
gene 3 121 1875 205077 0 5987 205077 1
gene 1 1683 1393 677154 0 6232 677154 1
gene 4 500 2179 -285114 0 6351 -285114 1
gene 4 2179 15 -35487 0 6352 -35487 1
gene 3 12 2179 -345825 0 6539 -345825 1
gene 1 1975 1975 295979 1 6578 295979 1
gene 2 14 2295 -184053 1 6699 -184053 1
gene 2 2295 14 -64254 0 6700 -64254 1
gene 4 4 433 109260 0 7064 109260 1
gene 3 12 235 -116409 0 7098 -116409 1
gene 1 384 384 -244161 1 7242 -244161 1
gene 2 500 500 135918 1 7740 135918 1
gene 3 8 2730 230055 0 7969 230055 1
gene 3 2730 1018 646368 0 7970 646368 1
gene 2 2730 516 -9351 0 8040 -9351 1
gene 4 6 2767 -396090 0 8075 -396090 1
gene 4 2767 13 139749 0 8076 139749 1
gene 3 13 15 -185976 1 8122 -185976 1
gene 4 12 2826 -196500 0 8243 -196500 1
gene 4 2826 14 51141 0 8244 51141 1
gene 3 384 1975 -103260 0 8469 -103260 1
gene 3 3 2977 -537 0 8686 -537 1
gene 3 2977 697 274548 0 8687 274548 1
gene 1 1130 3105 -398124 0 9092 -398124 1
gene 1 3105 14 -233505 0 9093 -233505 1
gene 4 15 3118 66264 1 9132 66264 1
gene 4 3118 500 -190602 0 9133 -190602 1
gene 4 3118 2295 -387150 0 9282 -387150 1
gene 3 10 121 800000 0 9403 800000 1
gene 4 500 2767 -54291 0 9643 -54291 1
gene 1 2179 420 47524 0 9783 47524 1
gene 2 2295 384 35062 0 9889 35062 1
gene 3 1531 516 9273 0 10059 9273 1
gene 3 10 3448 1 0 10120 0 1
gene 3 3448 384 800000 0 10121 0 1
gene 3 697 433 48795 0 10168 48795 1
genomeend 0


/* Organism #2 Fitness: 350.000000 Time: 0 */
/* Position #2*/
#1 x: 83 y: 30
#2 x: 53 y: 22
#3 x: 24 y: 29
#4 x: 53 y: 82
#5 x: 35 y: 69
#6 x: 51 y: 84
genomestart 2
trait 1 43007.000000 16300.000000 6994.000000 28041.000000 57524.000000 37112.000000 87908.000000 80535.000000 trait 2 30533.000000 24215.000000 70868.000000 0.000000 0.000000 0.000000 0.000000 18399.000000 trait 3 0.000000 83419.000000 0.000000 65858.000000 0.000000 0.000000 100000.000000 41343.000000 trait 4 26570.000000 0.000000 0.000000 0.000000 0.000000 76740.000000 100000.000000 100000.000000 node 1 4 1 3
node 2 4 1 1
node 3 1 1 1
node 4 1 1 1
node 5 1 1 1
node 6 2 1 1
node 7 4 1 1
node 8 4 1 1
node 9 2 1 1
node 10 1 1 1
node 11 2 1 1
node 12 4 1 1
node 13 2 0 2
node 14 1 0 2
node 15 3 0 2
node 121 1 0 0
node 235 1 0 0
node 384 1 0 0
node 420 1 0 0
node 433 1 0 0
node 461 1 0 0
node 500 1 0 0
node 516 1 0 0
node 697 3 0 0
node 1018 1 0 0
node 1130 1 0 0
node 1323 3 0 0
node 1393 1 0 0
node 1479 1 0 0
node 1531 3 0 0
node 1683 1 0 0
node 1735 1 0 0
node 1875 1 0 0
node 2034 1 0 0
node 2142 1 0 0
node 2172 1 0 0
node 2206 1 0 0
node 2313 1 0 0
node 2332 1 0 0
node 2368 4 0 0
node 2491 1 0 0
node 2512 1 0 0
node 2530 1 0 0
node 2547 1 0 0
node 2692 1 0 0
node 2786 1 0 0
node 2912 1 0 0
node 3009 1 0 0
node 3109 1 0 0
node 3157 1 0 0
node 3182 1 0 0
node 3270 1 0 0
node 3412 1 0 0
gene 2 1 13 -591117 0 1 -591117 1
gene 3 2 13 -503808 0 2 -503808 1
gene 2 3 13 -295080 0 3 -295080 1
gene 3 4 13 -800000 0 4 -800000 1
gene 2 5 13 -9174 0 5 -9174 0
gene 4 6 13 163029 0 6 163029 1
gene 3 7 13 773787 0 7 773787 1
gene 2 8 13 -703326 0 8 -703326 0
gene 3 9 13 -592578 0 9 -592578 1
gene 2 10 13 441879 0 10 441879 0
gene 2 11 13 433176 0 11 433176 1
gene 4 12 13 800000 0 12 800000 1
gene 2 1 14 535626 0 13 535626 1
gene 2 2 14 -318777 0 14 -318777 1
gene 4 3 14 -421173 0 15 -421173 0
gene 4 4 14 800000 0 16 800000 0
gene 4 5 14 557025 0 17 557025 1
gene 3 6 14 366698 0 18 366698 0
gene 2 7 14 794382 0 19 794382 1
gene 1 8 14 399294 0 20 399294 0
gene 3 9 14 -340923 0 21 -340923 1
gene 1 10 14 220431 0 22 220431 1
gene 1 11 14 565541 0 23 565541 1
gene 4 12 14 21366 0 24 21366 1
gene 3 1 15 799226 0 25 799226 1
gene 3 2 15 -488391 0 26 -488391 1
gene 3 3 15 -77502 0 27 -77502 0
gene 3 4 15 767486 0 28 767486 1
gene 3 5 15 649007 0 29 649007 1
gene 1 6 15 -262473 0 30 -262473 1
gene 3 7 15 28533 0 31 28533 1
gene 3 8 15 102414 0 32 102414 1
gene 3 9 15 689178 0 33 689178 1
gene 3 10 15 -6357 0 34 -6357 0
gene 2 11 15 336780 0 35 336780 1
gene 4 12 15 -436794 0 36 -436794 0
gene 4 15 15 800000 1 174 800000 0
gene 3 8 121 790655 0 329 790655 0
gene 3 121 15 -479718 0 330 -479718 1
gene 2 5 121 57411 0 438 57411 1
gene 2 7 121 -215292 0 483 -215292 0
gene 4 4 235 218463 0 666 218463 1
gene 4 235 14 647847 0 667 647847 1
gene 1 1 235 416763 0 753 416763 1
gene 3 9 235 219273 0 1108 219273 1
gene 3 10 384 67677 0 1126 67677 1
gene 3 384 15 150468 0 1127 150468 1
gene 2 14 14 -800000 1 1197 -800000 1
gene 3 7 420 222456 0 1239 222456 0
gene 3 420 15 233220 0 1240 233220 0
gene 3 2 433 44277 0 1284 44277 1
gene 3 433 13 -89160 0 1285 -89160 1
gene 4 3 461 -257937 0 1352 -257937 1
gene 4 461 14 -558206 0 1353 -558206 1
gene 4 15 500 153000 1 1453 153000 1
gene 4 500 15 595569 0 1454 595569 0
gene 1 8 516 -564231 0 1500 -564231 1
gene 1 516 14 -533886 0 1501 -533886 1
gene 1 384 121 455445 0 1548 455445 1
gene 2 8 461 -118509 0 1965 -118509 1
gene 3 3 697 576374 0 2038 576374 0
gene 3 697 15 182397 0 2039 182397 1
gene 2 1 500 -329688 0 2133 -329688 1
gene 1 3 433 107538 0 2628 107538 1
gene 1 516 516 -53958 1 2664 -53958 0
gene 3 8 1018 -167622 0 2997 -167622 1
gene 3 1018 121 625652 0 2998 625652 0
gene 3 15 433 -74070 0 3156 -74070 1
gene 1 10 1130 -414335 0 3329 -414335 1
gene 1 1130 14 -800000 0 3330 -800000 1
gene 3 500 697 -91320 0 3371 -91320 1
gene 2 3 516 -388404 0 3603 -388404 1
gene 2 9 1323 -421905 0 3885 -421905 0
gene 2 1323 14 -128325 0 3886 -128325 0
gene 2 121 420 -800000 0 3959 -800000 1
gene 2 8 1393 -256710 0 4093 -256710 1
gene 2 1393 13 -598914 0 4094 -598914 1
gene 1 11 1479 349983 0 4325 349983 1
gene 1 1479 14 237404 0 4326 237404 1
gene 4 12 1531 506448 0 4477 506448 1
gene 4 1531 15 -717834 0 4478 -717834 1
gene 3 1393 433 -153696 0 4734 -153696 1
gene 2 1323 1683 258318 0 4950 258318 1
gene 2 1683 14 276806 0 4951 276806 1
gene 3 6 1735 -82029 0 5103 -82029 1
gene 3 1735 14 -290481 0 5104 -290481 1
gene 1 5 516 -486162 0 5346 -486162 1
gene 1 516 433 218547 0 5443 218547 1
gene 3 2 1875 222552 0 5505 222552 1
gene 3 1875 433 -244929 0 5506 -244929 1
gene 1 1683 461 -356628 0 5687 -356628 1
gene 1 516 121 -136098 0 5877 -136098 1
gene 3 3 2034 45723 0 5939 45723 1
gene 3 2034 697 -718577 0 5940 -718577 1
gene 3 5 1479 16437 0 6157 16437 1
gene 3 7 2142 -105585 0 6248 -105585 1
gene 3 2142 420 -800000 0 6249 -800000 1
gene 3 420 2172 295980 0 6332 295980 1
gene 3 2172 15 25974 0 6333 25974 1
gene 2 1735 1735 587504 1 6388 587504 1
gene 2 8 2206 586632 0 6436 586632 1
gene 2 2206 1393 691665 0 6437 691665 1
gene 2 121 2313 693143 0 6747 693143 1
gene 2 2313 420 -304752 0 6748 -304752 1
gene 2 9 2332 258324 0 6797 258324 1
gene 2 2332 1323 25374 0 6798 25374 1
gene 4 1323 2034 -258174 0 6848 -258174 1
gene 2 7 2368 -496929 0 6897 -496929 1
gene 2 2368 121 -406755 0 6898 -406755 1
gene 2 384 1531 -577551 0 7018 -577551 1
gene 2 2142 1018 -574638 0 7205 -574638 0
gene 3 2206 2034 -155076 0 7245 -155076 1
gene 2 7 2491 260301 0 7283 260301 1
gene 2 2491 2368 -800000 0 7284 -800000 1
gene 2 5 2512 60818 0 7337 60818 1
gene 2 2512 13 -455655 0 7338 -455655 1
gene 2 10 2530 -759405 0 7387 -759405 1
gene 2 2530 13 -487259 0 7388 -487259 1
gene 3 9 2547 598629 0 7440 598629 1
gene 3 2547 13 248607 0 7441 248607 1
gene 2 2530 1479 -707822 0 7594 -707822 1
gene 1 1479 2692 -59463 0 7856 -59463 1
gene 1 2692 14 -144063 0 7857 -144063 1
gene 3 4 1130 -183390 0 7980 -183390 1
gene 4 3 2786 -469488 0 8132 -469488 1
gene 4 2786 14 113094 0 8133 113094 1
gene 4 2547 1735 58113 0 8311 58113 1
gene 3 2692 461 120021 0 8358 120021 1
gene 4 500 2912 -86538 0 8507 -86538 1
gene 1 2912 15 -39201 0 8508 -39201 0
gene 1 2912 1130 -202824 0 8750 -202824 1
gene 2 2142 3009 229692 0 8799 229692 0
gene 2 3009 1018 -90606 0 8800 -90606 1
gene 3 2034 2034 63189 1 8851 63189 1
gene 3 3 3109 502338 0 9107 502338 1
gene 3 3109 697 -34698 0 9108 -34698 1
gene 1 2912 3157 64581 0 9248 64581 1
gene 1 3157 15 171147 0 9249 171147 1
gene 3 2530 121 160257 0 9284 160257 0
gene 1 516 3182 -108309 1 9328 -108309 1
gene 1 3182 516 -10509 0 9329 -10509 1
gene 1 2491 1531 517313 0 9377 517313 1
gene 3 2530 3270 514722 0 9577 514722 1
gene 3 3270 121 -14883 0 9578 -14883 1
gene 4 2512 2512 72630 1 9707 72630 1
gene 4 1683 1393 -130722 0 9807 -130722 1
gene 2 2142 3412 40452 0 10015 40452 1
gene 2 3412 3009 141624 0 10016 141624 1
genomeend 2


/* Organism #6 Fitness: 210.000000 Time: 0 */
/* Position #6*/
#1 x: 55 y: 26
#2 x: 30 y: 16
#3 x: 47 y: 32
#4 x: 84 y: 84
#5 x: 44 y: 79
#6 x: 35 y: 64
genomestart 6
trait 1 71503.000000 52572.000000 0.000000 48265.000000 0.000000 0.000000 100000.000000 393.000000 trait 2 0.000000 0.000000 0.000000 0.000000 0.000000 0.000000 17319.000000 0.000000 trait 3 21593.000000 0.000000 100000.000000 100000.000000 87543.000000 13538.000000 32393.000000 78834.000000 trait 4 100000.000000 19256.000000 0.000000 100000.000000 19327.000000 74834.000000 35631.000000 100000.000000 node 1 4 1 3
node 2 4 1 1
node 3 1 1 1
node 4 1 1 1
node 5 1 1 1
node 6 2 1 1
node 7 4 1 1
node 8 4 1 1
node 9 2 1 1
node 10 1 1 1
node 11 2 1 1
node 12 4 1 1
node 13 2 0 2
node 14 1 0 2
node 15 3 0 2
node 121 1 0 0
node 235 1 0 0
node 384 1 0 0
node 420 1 0 0
node 433 1 0 0
node 461 1 0 0
node 500 1 0 0
node 516 1 0 0
node 697 1 0 0
node 1018 2 0 0
node 1130 1 0 0
node 1323 3 0 0
node 1393 1 0 0
node 1479 1 0 0
node 1531 4 0 0
node 1683 1 0 0
node 1735 1 0 0
node 1875 1 0 0
node 1975 1 0 0
node 2022 1 0 0
node 2179 1 0 0
node 2295 1 0 0
node 2730 1 0 0
node 2767 1 0 0
node 2826 1 0 0
node 2977 1 0 0
node 3362 1 0 0
node 3398 1 0 0
gene 2 1 13 -37107 0 1 -37107 1
gene 3 2 13 -79047 0 2 -79047 1
gene 2 3 13 -73821 0 3 -73821 1
gene 3 4 13 -661161 0 4 -661161 1
gene 2 5 13 -710232 0 5 -710232 1
gene 4 6 13 527285 0 6 527285 0
gene 3 7 13 -650061 0 7 -650061 1
gene 2 8 13 -125814 0 8 -125814 0
gene 3 9 13 739977 0 9 739977 1
gene 2 10 13 -24147 0 10 -24147 1
gene 2 11 13 431586 0 11 431586 1
gene 4 12 13 643952 0 12 643952 1
gene 2 1 14 100182 0 13 100182 1
gene 2 2 14 634293 0 14 634293 1
gene 4 3 14 692472 0 15 692472 1
gene 4 4 14 191268 0 16 191268 0
gene 4 5 14 -286377 0 17 -286377 1
gene 3 6 14 -100593 0 18 -100593 0
gene 2 7 14 -795270 0 19 -795270 1
gene 1 8 14 156387 0 20 156387 0
gene 3 9 14 303315 0 21 303315 1
gene 1 10 14 -765203 0 22 -765203 1
gene 1 11 14 201108 0 23 201108 1
gene 4 12 14 136878 0 24 136878 0
gene 3 1 15 149244 0 25 149244 1
gene 3 2 15 -37110 0 26 -37110 1
gene 3 3 15 428757 0 27 428757 0
gene 3 4 15 172668 0 28 172668 1
gene 3 5 15 800000 0 29 800000 1
gene 1 6 15 617292 0 30 617292 0
gene 3 7 15 -399552 0 31 -399552 0
gene 3 8 15 508650 0 32 508650 1
gene 3 9 15 526631 0 33 526631 1
gene 3 10 15 223992 0 34 223992 0
gene 2 11 15 -111267 0 35 -111267 1
gene 4 12 15 193707 0 36 193707 0
gene 4 15 15 81078 1 174 81078 0
gene 3 8 121 -444405 0 329 -444405 0
gene 3 121 15 91308 0 330 91308 1
gene 2 5 121 378627 0 438 378627 1
gene 2 7 121 397887 0 483 397887 1
gene 4 4 235 526419 0 666 526419 1
gene 4 235 14 437366 0 667 437366 1
gene 1 1 235 -562245 0 753 -562245 1
gene 1 9 235 572601 0 1108 572601 1
gene 3 10 384 -322704 0 1126 -322704 1
gene 3 384 15 372777 0 1127 372777 0
gene 2 14 14 -264585 1 1197 -264585 0
gene 3 7 420 -325716 0 1239 -325716 1
gene 3 420 15 -457857 0 1240 -457857 1
gene 3 2 433 -368148 0 1284 -368148 0
gene 3 433 13 134424 0 1285 134424 1
gene 4 3 461 37191 0 1352 37191 1
gene 4 461 14 -496365 0 1353 -496365 1
gene 4 15 500 -56514 1 1453 -56514 1
gene 4 500 15 17814 0 1454 17814 0
gene 1 8 516 -794876 0 1500 -794876 1
gene 1 516 14 -13437 0 1501 -13437 1
gene 1 384 121 133866 0 1548 133866 1
gene 2 8 461 -225750 0 1965 -225750 1
gene 3 3 697 -90270 0 2038 -90270 0
gene 2 697 15 48369 0 2039 48369 1
gene 2 1 500 371465 0 2133 371465 1
gene 1 3 433 -109322 0 2628 -109322 1
gene 1 516 516 702233 1 2664 702233 1
gene 3 8 1018 -69216 0 2997 -69216 0
gene 3 1018 121 740652 0 2998 740652 0
gene 3 15 433 613689 0 3156 613689 1
gene 1 10 1130 -621180 0 3329 -621180 1
gene 1 1130 14 468174 0 3330 468174 1
gene 3 500 697 -60279 0 3371 -60279 1
gene 2 3 516 -208443 0 3603 -208443 0
gene 2 9 1323 398952 0 3885 398952 1
gene 2 1323 14 92990 0 3886 92990 0
gene 2 121 420 -146688 0 3959 -146688 1
gene 2 8 1393 313587 0 4093 313587 1
gene 2 1393 13 -540579 0 4094 -540579 1
gene 1 11 1479 -286170 0 4325 -286170 1
gene 1 1479 14 -74497 0 4326 -74497 1
gene 4 12 1531 -295737 0 4477 -295737 1
gene 4 1531 15 -442740 0 4478 -442740 0
gene 3 1393 433 -698211 0 4734 -698211 1
gene 2 1323 1683 800000 0 4950 800000 1
gene 2 1683 14 242259 0 4951 242259 1
gene 3 6 1735 800000 0 5103 800000 1
gene 3 1735 14 -350352 0 5104 -350352 0
gene 1 5 516 194034 0 5346 194034 1
gene 1 516 433 325965 0 5443 325965 1
gene 3 2 1875 -213351 0 5505 -213351 0
gene 3 1875 433 -220644 0 5506 -220644 1
gene 1 1683 461 416439 0 5687 416439 1
gene 1 6 1975 800000 0 5780 800000 1
gene 1 1975 15 -489189 0 5781 -489189 1
gene 4 1531 2022 -416514 0 5905 -416514 1
gene 4 2022 15 -63027 0 5906 -63027 1
gene 3 121 1875 -104280 0 5987 -104280 1
gene 1 1683 1393 388032 0 6232 388032 1
gene 4 500 2179 -327129 0 6351 -327129 1
gene 4 2179 15 -178341 0 6352 -178341 1
gene 3 12 2179 553329 0 6539 553329 1
gene 1 1975 1975 481110 1 6578 481110 1
gene 2 14 2295 -168147 1 6699 -168147 1
gene 2 2295 14 304014 0 6700 304014 1
gene 4 4 433 297252 0 7064 297252 1
gene 3 12 235 -33048 0 7098 -33048 1
gene 1 384 384 82743 1 7242 82743 1
gene 2 500 500 -337002 1 7740 -337002 1
gene 3 8 2730 -547893 0 7969 -547893 1
gene 3 2730 1018 232164 0 7970 232164 1
gene 2 2730 516 -234444 0 8040 -234444 1
gene 4 6 2767 -4692 0 8075 -4692 1
gene 4 2767 13 -134478 0 8076 -134478 1
gene 3 13 15 -14457 1 8122 -14457 1
gene 4 12 2826 110982 0 8243 110982 1
gene 4 2826 14 -100314 0 8244 -100314 1
gene 3 384 1975 167079 0 8469 167079 1
gene 3 3 2977 114339 0 8686 114339 1
gene 3 2977 697 -26358 0 8687 -26358 1
gene 2 1479 1683 -33786 0 9102 -33786 1
gene 2 2179 2179 158994 1 9183 158994 1
gene 3 1531 1531 -230067 1 9535 -230067 1
gene 2 3 3362 -17402 0 9863 -17402 1
gene 2 3362 516 472791 0 9864 472791 1
gene 3 2 3398 -314726 0 9975 -314726 1
gene 3 3398 1875 -84459 0 9976 -84459 1
gene 3 2179 2767 -116329 0 10025 -116329 1
genomeend 6


/* Organism #8 Fitness: 220.000000 Time: 0 */
/* Position #8*/
#1 x: 30 y: 27
#2 x: 82 y: 35
#3 x: 41 y: 30
#4 x: 30 y: 70
#5 x: 81 y: 72
#6 x: 30 y: 66
genomestart 8
trait 1 71503.000000 52572.000000 0.000000 48265.000000 0.000000 0.000000 100000.000000 393.000000 trait 2 2.000000 0.000000 0.000000 0.000000 0.000000 0.000000 0.000000 0.000000 trait 3 0.000000 0.000000 0.000000 51304.000000 0.000000 13538.000000 70969.000000 30146.000000 trait 4 88267.000000 0.000000 0.000000 73381.000000 0.000000 28166.000000 100000.000000 100000.000000 node 1 4 1 3
node 2 4 1 1
node 3 1 1 1
node 4 1 1 1
node 5 1 1 1
node 6 2 1 1
node 7 4 1 1
node 8 4 1 1
node 9 2 1 1
node 10 1 1 1
node 11 2 1 1
node 12 4 1 1
node 13 2 0 2
node 14 1 0 2
node 15 3 0 2
node 121 1 0 0
node 235 1 0 0
node 384 1 0 0
node 420 1 0 0
node 433 1 0 0
node 461 1 0 0
node 500 1 0 0
node 516 1 0 0
node 697 1 0 0
node 1018 1 0 0
node 1130 1 0 0
node 1323 3 0 0
node 1393 1 0 0
node 1479 1 0 0
node 1531 4 0 0
node 1683 1 0 0
node 1735 1 0 0
node 1875 1 0 0
node 1975 1 0 0
node 2022 1 0 0
node 2179 1 0 0
node 2295 1 0 0
node 2730 2 0 0
node 2767 1 0 0
node 2826 1 0 0
node 2977 1 0 0
node 3105 1 0 0
node 3118 1 0 0
gene 2 1 13 444060 0 1 444060 1
gene 3 2 13 470175 0 2 470175 1
gene 2 3 13 141546 0 3 141546 1
gene 3 4 13 -201327 0 4 -201327 1
gene 2 5 13 215403 0 5 215403 1
gene 4 6 13 -782846 0 6 -782846 0
gene 3 7 13 244113 0 7 244113 1
gene 2 8 13 284469 0 8 284469 0
gene 3 9 13 710985 0 9 710985 1
gene 2 10 13 -5094 0 10 -5094 1
gene 2 11 13 -800000 0 11 -800000 1
gene 4 12 13 -48825 0 12 -48825 1
gene 2 1 14 -195210 0 13 -195210 1
gene 2 2 14 -205188 0 14 -205188 1
gene 4 3 14 -771320 0 15 -771320 1
gene 4 4 14 -800000 0 16 -800000 0
gene 4 5 14 220407 0 17 220407 1
gene 3 6 14 473172 0 18 473172 0
gene 2 7 14 -23343 0 19 -23343 1
gene 1 8 14 -19455 0 20 -19455 0
gene 3 9 14 -215379 0 21 -215379 1
gene 1 10 14 -331217 0 22 -331217 1
gene 1 11 14 -24684 0 23 -24684 1
gene 4 12 14 -664320 0 24 -664320 0
gene 3 1 15 675462 0 25 675462 1
gene 3 2 15 532116 0 26 532116 1
gene 3 3 15 191304 0 27 191304 0
gene 3 4 15 458033 0 28 458033 1
gene 3 5 15 -151143 0 29 -151143 1
gene 1 6 15 -376919 0 30 -376919 0
gene 3 7 15 -384903 0 31 -384903 0
gene 3 8 15 -78678 0 32 -78678 1
gene 3 9 15 41649 0 33 41649 1
gene 3 10 15 800000 0 34 800000 0
gene 2 11 15 -226797 0 35 -226797 1
gene 4 12 15 -227619 0 36 -227619 0
gene 4 15 15 -731990 1 174 -731990 0
gene 3 8 121 429504 0 329 429504 0
gene 3 121 15 574388 0 330 574388 1
gene 2 5 121 19920 0 438 19920 1
gene 2 7 121 -78579 0 483 -78579 1
gene 4 4 235 -534633 0 666 -534633 1
gene 4 235 14 109719 0 667 109719 1
gene 1 1 235 -178599 0 753 -178599 1
gene 1 9 235 36738 0 1108 36738 1
gene 3 10 384 800000 0 1126 800000 1
gene 3 384 15 262965 0 1127 262965 0
gene 2 14 14 675981 1 1197 675981 0
gene 3 7 420 -270954 0 1239 -270954 1
gene 3 420 15 789483 0 1240 789483 1
gene 3 2 433 -421796 0 1284 -421796 0
gene 3 433 13 -662687 0 1285 -662687 1
gene 4 3 461 25239 0 1352 25239 1
gene 4 461 14 -525330 0 1353 -525330 1
gene 4 15 500 -640917 1 1453 -640917 0
gene 4 500 15 356607 0 1454 356607 0
gene 1 8 516 384417 0 1500 384417 1
gene 1 516 14 -204798 0 1501 -204798 1
gene 1 384 121 441822 0 1548 441822 1
gene 2 8 461 177965 0 1965 177965 1
gene 3 3 697 -234819 0 2038 -234819 0
gene 2 697 15 -81087 0 2039 -81087 1
gene 2 1 500 445896 0 2133 445896 1
gene 1 3 433 -393584 0 2628 -393584 1
gene 1 516 516 -247362 1 2664 -247362 1
gene 3 8 1018 122217 0 2997 122217 0
gene 3 1018 121 800000 0 2998 800000 0
gene 3 15 433 312723 0 3156 312723 1
gene 1 10 1130 389466 0 3329 389466 1
gene 1 1130 14 -529797 0 3330 -529797 0
gene 3 500 697 -96156 0 3371 -96156 1
gene 2 3 516 394251 0 3603 394251 1
gene 2 9 1323 433347 0 3885 433347 1
gene 2 1323 14 -671010 0 3886 -671010 0
gene 2 121 420 -42054 0 3959 -42054 1
gene 2 8 1393 -319407 0 4093 -319407 1
gene 2 1393 13 -90075 0 4094 -90075 1
gene 1 11 1479 653307 0 4325 653307 1
gene 1 1479 14 -367911 0 4326 -367911 1
gene 4 12 1531 -279246 0 4477 -279246 1
gene 4 1531 15 651035 0 4478 651035 0
gene 3 1393 433 -720797 0 4734 -720797 1
gene 2 1323 1683 754101 0 4950 754101 1
gene 2 1683 14 -45671 0 4951 -45671 1
gene 3 6 1735 77550 0 5103 77550 1
gene 3 1735 14 -719895 0 5104 -719895 0
gene 1 5 516 800000 0 5346 800000 1
gene 1 516 433 271143 0 5443 271143 1
gene 3 2 1875 358341 0 5505 358341 1
gene 3 1875 433 -401102 0 5506 -401102 1
gene 1 1683 461 650303 0 5687 650303 1
gene 1 6 1975 146829 0 5780 146829 1
gene 1 1975 15 66069 0 5781 66069 1
gene 4 1531 2022 -800000 0 5905 -800000 1
gene 4 2022 15 15261 0 5906 15261 1
gene 3 121 1875 177348 0 5987 177348 1
gene 1 1683 1393 109599 0 6232 109599 1
gene 4 500 2179 -371019 0 6351 -371019 1
gene 4 2179 15 130116 0 6352 130116 1
gene 3 12 2179 -176079 0 6539 -176079 1
gene 1 1975 1975 -150999 1 6578 -150999 1
gene 2 14 2295 -221022 1 6699 -221022 1
gene 2 2295 14 663501 0 6700 663501 1
gene 4 4 433 287175 0 7064 287175 1
gene 3 12 235 -290373 0 7098 -290373 1
gene 1 384 384 -116622 1 7242 -116622 1
gene 2 500 500 206844 1 7740 206844 1
gene 3 8 2730 181332 0 7969 181332 1
gene 3 2730 1018 -414273 0 7970 -414273 1
gene 2 2730 516 11961 0 8040 11961 1
gene 4 6 2767 -181884 0 8075 -181884 1
gene 4 2767 13 13776 0 8076 13776 1
gene 3 13 15 -174000 1 8122 -174000 1
gene 4 12 2826 192249 0 8243 192249 1
gene 4 2826 14 -678039 0 8244 -678039 1
gene 3 384 1975 -193812 0 8469 -193812 1
gene 3 3 2977 282291 0 8686 282291 1
gene 3 2977 697 7932 0 8687 7932 1
gene 1 1130 3105 179028 0 9092 179028 1
gene 1 3105 14 -127221 0 9093 -127221 1
gene 4 15 3118 -236895 1 9132 -236895 1
gene 4 3118 500 58995 0 9133 58995 1
gene 4 3118 2295 -283482 0 9282 -283482 1
gene 3 10 121 -200964 0 9403 -200964 1
gene 4 500 2767 -149145 0 9643 -149145 1
gene 2 1393 1130 25085 0 10080 25085 1
gene 3 2295 1975 -40821 0 10171 -40821 1
genomeend 8


/* Organism #24 Fitness: 240.000000 Time: 0 */
/* Position #24*/
#1 x: 61 y: 36
#2 x: 65 y: 15
#3 x: 21 y: 20
#4 x: 57 y: 78
#5 x: 82 y: 69
#6 x: 26 y: 79
genomestart 24
trait 1 43007.000000 16300.000000 6994.000000 28041.000000 57524.000000 37112.000000 87908.000000 80535.000000 trait 2 30533.000000 24215.000000 70868.000000 0.000000 0.000000 0.000000 0.000000 18399.000000 trait 3 0.000000 0.000000 44883.000000 65858.000000 41337.000000 0.000000 100000.000000 41343.000000 trait 4 4.000000 0.000000 0.000000 36940.000000 0.000000 0.000000 0.000000 37957.000000 node 1 4 1 3
node 2 4 1 1
node 3 1 1 1
node 4 1 1 1
node 5 1 1 1
node 6 2 1 1
node 7 4 1 1
node 8 4 1 1
node 9 2 1 1
node 10 1 1 1
node 11 2 1 1
node 12 4 1 1
node 13 2 0 2
node 14 1 0 2
node 15 3 0 2
node 121 1 0 0
node 235 1 0 0
node 384 2 0 0
node 420 1 0 0
node 433 1 0 0
node 461 1 0 0
node 500 1 0 0
node 516 1 0 0
node 697 3 0 0
node 1018 1 0 0
node 1130 1 0 0
node 1323 3 0 0
node 1393 1 0 0
node 1479 1 0 0
node 1531 3 0 0
node 1683 1 0 0
node 1735 1 0 0
node 1875 1 0 0
node 2034 1 0 0
node 2142 1 0 0
node 2172 1 0 0
node 2206 1 0 0
node 2313 1 0 0
node 2332 1 0 0
node 2368 1 0 0
node 2491 1 0 0
node 2512 1 0 0
node 2530 1 0 0
node 2547 1 0 0
node 2692 1 0 0
node 2786 1 0 0
node 2912 1 0 0
node 3009 1 0 0
node 3108 1 0 0
node 3213 1 0 0
node 3249 1 0 0
node 3336 1 0 0
node 3356 1 0 0
node 3471 1 0 0
gene 2 1 13 -113067 0 1 -113067 1
gene 3 2 13 -289539 0 2 -289539 1
gene 2 3 13 -345234 0 3 -345234 1
gene 3 4 13 138543 0 4 138543 1
gene 2 5 13 420440 0 5 420440 0
gene 4 6 13 80964 0 6 80964 1
gene 3 7 13 800000 0 7 800000 1
gene 2 8 13 -459477 0 8 -459477 0
gene 3 9 13 -36081 0 9 -36081 1
gene 2 10 13 -303 0 10 -303 0
gene 2 11 13 80742 0 11 80742 1
gene 4 12 13 -242796 0 12 -242796 1
gene 2 1 14 -742011 0 13 -742011 1
gene 2 2 14 227955 0 14 227955 1
gene 4 3 14 410580 0 15 410580 0
gene 4 4 14 280914 0 16 280914 0
gene 4 5 14 217593 0 17 217593 1
gene 3 6 14 -190812 0 18 -190812 0
gene 2 7 14 581873 0 19 581873 1
gene 1 8 14 -514128 0 20 -514128 0
gene 3 9 14 -27099 0 21 -27099 1
gene 1 10 14 647889 0 22 647889 1
gene 1 11 14 750176 0 23 750176 1
gene 4 12 14 296250 0 24 296250 1
gene 3 1 15 -173550 0 25 -173550 1
gene 3 2 15 57816 0 26 57816 1
gene 3 3 15 -210495 0 27 -210495 0
gene 3 4 15 -96306 0 28 -96306 1
gene 3 5 15 621963 0 29 621963 1
gene 1 6 15 165222 0 30 165222 1
gene 3 7 15 37833 0 31 37833 1
gene 3 8 15 293871 0 32 293871 1
gene 3 9 15 475142 0 33 475142 1
gene 3 10 15 85530 0 34 85530 0
gene 2 11 15 -338901 0 35 -338901 1
gene 4 12 15 575945 0 36 575945 0
gene 4 15 15 142530 1 174 142530 0
gene 3 8 121 -424767 0 329 -424767 0
gene 3 121 15 -395370 0 330 -395370 1
gene 2 5 121 -628080 0 438 -628080 1
gene 2 7 121 -206577 0 483 -206577 0
gene 4 4 235 -286539 0 666 -286539 1
gene 4 235 14 373968 0 667 373968 1
gene 1 1 235 451995 0 753 451995 1
gene 3 9 235 134973 0 1108 134973 1
gene 3 10 384 -513213 0 1126 -513213 1
gene 3 384 15 327258 0 1127 327258 1
gene 2 14 14 241677 1 1197 241677 1
gene 3 7 420 462018 0 1239 462018 0
gene 3 420 15 516837 0 1240 516837 0
gene 3 2 433 -731451 0 1284 -731451 1
gene 3 433 13 59277 0 1285 59277 1
gene 4 3 461 -178826 0 1352 -178826 1
gene 4 461 14 -207309 0 1353 -207309 1
gene 4 15 500 -350529 1 1453 -350529 1
gene 4 500 15 382242 0 1454 382242 0
gene 1 8 516 549618 0 1500 549618 1
gene 1 516 14 82893 0 1501 82893 0
gene 1 384 121 -122247 0 1548 -122247 1
gene 2 8 461 -195831 0 1965 -195831 1
gene 3 3 697 800000 0 2038 800000 1
gene 3 697 15 800000 0 2039 800000 1
gene 2 1 500 -465813 0 2133 -465813 1
gene 1 3 433 -202638 0 2628 -202638 1
gene 1 516 516 -181629 1 2664 -181629 1
gene 3 8 1018 800000 0 2997 800000 1
gene 3 1018 121 764837 0 2998 764837 0
gene 3 15 433 -219825 0 3156 -219825 1
gene 1 10 1130 326991 0 3329 326991 1
gene 1 1130 14 -240783 0 3330 -240783 1
gene 3 500 697 800000 0 3371 800000 1
gene 2 3 516 56418 0 3603 56418 1
gene 2 9 1323 37803 0 3885 37803 0
gene 2 1323 14 28311 0 3886 28311 0
gene 2 121 420 85479 0 3959 85479 1
gene 2 8 1393 47361 0 4093 47361 1
gene 2 1393 13 -377340 0 4094 -377340 0
gene 1 11 1479 52242 0 4325 52242 1
gene 1 1479 14 -30651 0 4326 -30651 1
gene 4 12 1531 284079 0 4477 284079 1
gene 4 1531 15 -235173 0 4478 -235173 1
gene 3 1393 433 -664137 0 4734 -664137 1
gene 2 1323 1683 424613 0 4950 424613 1
gene 2 1683 14 638856 0 4951 638856 1
gene 3 6 1735 98337 0 5103 98337 1
gene 3 1735 14 695111 0 5104 695111 1
gene 1 5 516 -175659 0 5346 -175659 1
gene 1 516 433 -271650 0 5443 -271650 1
gene 3 2 1875 730745 0 5505 730745 1
gene 3 1875 433 64827 0 5506 64827 1
gene 1 1683 461 -471863 0 5687 -471863 1
gene 1 516 121 -120696 0 5877 -120696 1
gene 3 3 2034 189663 0 5939 189663 1
gene 3 2034 697 -639 0 5940 -639 1
gene 3 5 1479 88326 0 6157 88326 1
gene 3 7 2142 -784598 0 6248 -784598 1
gene 3 2142 420 -265143 0 6249 -265143 0
gene 3 420 2172 -22320 0 6332 -22320 1
gene 3 2172 15 -426366 0 6333 -426366 1
gene 2 1735 1735 -548369 1 6388 -548369 1
gene 2 8 2206 -404574 0 6436 -404574 1
gene 2 2206 1393 318426 0 6437 318426 1
gene 2 121 2313 -424236 0 6747 -424236 1
gene 2 2313 420 300774 0 6748 300774 1
gene 2 9 2332 -219582 0 6797 -219582 0
gene 2 2332 1323 -4890 0 6798 -4890 1
gene 4 1323 2034 -299568 0 6848 -299568 1
gene 2 7 2368 -436727 0 6897 -436727 1
gene 2 2368 121 62559 0 6898 62559 1
gene 2 384 1531 -593220 0 7018 -593220 1
gene 2 2142 1018 -67017 0 7205 -67017 0
gene 3 2206 2034 292806 0 7245 292806 1
gene 2 7 2491 139932 0 7283 139932 1
gene 2 2491 2368 170553 0 7284 170553 1
gene 2 5 2512 78477 0 7337 78477 1
gene 2 2512 13 496848 0 7338 496848 0
gene 2 10 2530 -800000 0 7387 -800000 1
gene 2 2530 13 356085 0 7388 356085 1
gene 3 9 2547 175965 0 7440 175965 1
gene 3 2547 13 -334815 0 7441 -334815 1
gene 2 2530 1479 -257052 0 7594 -257052 0
gene 1 1479 2692 -17340 0 7856 -17340 1
gene 1 2692 14 219651 0 7857 219651 1
gene 3 4 1130 -112830 0 7980 -112830 1
gene 4 3 2786 -281139 0 8132 -281139 1
gene 4 2786 14 -162798 0 8133 -162798 1
gene 4 2547 1735 -219030 0 8311 -219030 1
gene 3 2692 461 -235224 0 8358 -235224 1
gene 4 500 2912 -300255 0 8507 -300255 1
gene 1 2912 15 94032 0 8508 94032 1
gene 1 2912 1130 -259656 0 8750 -259656 1
gene 2 2142 3009 -573926 0 8799 -573926 1
gene 2 3009 1018 199425 0 8800 199425 1
gene 3 2034 2034 -286833 1 8851 -286833 1
gene 2 2512 3108 305523 0 9104 305523 1
gene 2 3108 13 224439 0 9105 224439 1
gene 1 2491 235 -174879 0 9236 -174879 1
gene 2 9 3213 81279 0 9416 81279 1
gene 2 3213 2332 66732 0 9417 66732 1
gene 1 516 3249 318504 0 9516 318504 1
gene 1 3249 14 113733 0 9517 113733 1
gene 2 1393 3336 106389 0 9780 106389 1
gene 2 3336 13 248166 0 9781 248166 1
gene 2 2530 3356 600412 0 9835 600412 1
gene 2 3356 1479 6840 0 9836 6840 1
gene 1 2 1323 10568 0 10107 10568 1
gene 3 2142 697 64900 0 10149 64900 1
gene 3 2142 3471 1 0 10188 0 1
gene 3 3471 420 -265143 0 10189 0 1
genomeend 24


/* Organism #30 Fitness: 260.000000 Time: 0 */
/* Position #30*/
#1 x: 31 y: 21
#2 x: 23 y: 15
#3 x: 47 y: 27
#4 x: 58 y: 85
#5 x: 34 y: 63
#6 x: 54 y: 66
genomestart 30
trait 1 96513.000000 100000.000000 0.000000 48265.000000 0.000000 0.000000 100000.000000 393.000000 trait 2 2.000000 0.000000 0.000000 0.000000 0.000000 0.000000 0.000000 0.000000 trait 3 0.000000 0.000000 0.000000 51304.000000 0.000000 13538.000000 70969.000000 30146.000000 trait 4 4.000000 0.000000 0.000000 36940.000000 0.000000 0.000000 100000.000000 100000.000000 node 1 4 1 3
node 2 4 1 1
node 3 1 1 1
node 4 1 1 1
node 5 1 1 1
node 6 2 1 1
node 7 4 1 1
node 8 4 1 1
node 9 2 1 1
node 10 1 1 1
node 11 2 1 1
node 12 4 1 1
node 13 2 0 2
node 14 1 0 2
node 15 3 0 2
node 121 1 0 0
node 235 1 0 0
node 384 1 0 0
node 420 1 0 0
node 433 1 0 0
node 461 1 0 0
node 500 1 0 0
node 516 1 0 0
node 697 1 0 0
node 1018 1 0 0
node 1130 1 0 0
node 1323 3 0 0
node 1393 1 0 0
node 1479 1 0 0
node 1531 4 0 0
node 1683 1 0 0
node 1735 1 0 0
node 1875 1 0 0
node 1975 1 0 0
node 2022 1 0 0
node 2179 1 0 0
node 2295 1 0 0
node 2730 1 0 0
node 2767 1 0 0
node 2826 1 0 0
node 2977 1 0 0
node 3203 1 0 0
node 3406 1 0 0
node 3457 1 0 0
gene 2 1 13 10245 0 1 10245 1
gene 3 2 13 -486402 0 2 -486402 1
gene 2 3 13 -240789 0 3 -240789 1
gene 3 4 13 -416445 0 4 -416445 1
gene 2 5 13 -495900 0 5 -495900 1
gene 4 6 13 581906 0 6 581906 0
gene 3 7 13 231033 0 7 231033 1
gene 2 8 13 108264 0 8 108264 0
gene 3 9 13 714213 0 9 714213 1
gene 2 10 13 673761 0 10 673761 1
gene 2 11 13 337021 0 11 337021 1
gene 4 12 13 14996 0 12 14996 1
gene 2 1 14 -453159 0 13 -453159 1
gene 2 2 14 -7212 0 14 -7212 1
gene 4 3 14 293091 0 15 293091 1
gene 4 4 14 -284598 0 16 -284598 0
gene 4 5 14 573387 0 17 573387 1
gene 3 6 14 409524 0 18 409524 0
gene 2 7 14 138195 0 19 138195 1
gene 1 8 14 219195 0 20 219195 0
gene 3 9 14 12522 0 21 12522 1
gene 1 10 14 -419901 0 22 -419901 1
gene 1 11 14 -768182 0 23 -768182 1
gene 4 12 14 -709685 0 24 -709685 0
gene 3 1 15 800000 0 25 800000 1
gene 3 2 15 -183132 0 26 -183132 1
gene 3 3 15 -52479 0 27 -52479 0
gene 3 4 15 -212736 0 28 -212736 1
gene 3 5 15 144948 0 29 144948 1
gene 1 6 15 -274029 0 30 -274029 0
gene 3 7 15 -288201 0 31 -288201 0
gene 3 8 15 -749931 0 32 -749931 1
gene 3 9 15 412440 0 33 412440 1
gene 3 10 15 32859 0 34 32859 0
gene 2 11 15 -202089 0 35 -202089 1
gene 4 12 15 -204684 0 36 -204684 0
gene 4 15 15 132960 1 174 132960 0
gene 3 8 121 654351 0 329 654351 0
gene 3 121 15 -672777 0 330 -672777 1
gene 2 5 121 770507 0 438 770507 1
gene 2 7 121 -403208 0 483 -403208 1
gene 4 4 235 176256 0 666 176256 1
gene 4 235 14 -371829 0 667 -371829 1
gene 1 1 235 233400 0 753 233400 1
gene 1 9 235 -800000 0 1108 -800000 1
gene 3 10 384 342389 0 1126 342389 1
gene 3 384 15 -122118 0 1127 -122118 0
gene 2 14 14 -407784 1 1197 -407784 0
gene 3 7 420 44346 0 1239 44346 1
gene 3 420 15 -51639 0 1240 -51639 1
gene 3 2 433 49479 0 1284 49479 0
gene 3 433 13 800000 0 1285 800000 1
gene 4 3 461 -127605 0 1352 -127605 1
gene 4 461 14 -34669 0 1353 -34669 1
gene 4 15 500 -187253 1 1453 -187253 1
gene 4 500 15 -42171 0 1454 -42171 0
gene 1 8 516 -34161 0 1500 -34161 1
gene 1 516 14 -228162 0 1501 -228162 1
gene 1 384 121 -298662 0 1548 -298662 1
gene 2 8 461 336693 0 1965 336693 1
gene 3 3 697 257412 0 2038 257412 0
gene 2 697 15 -148497 0 2039 -148497 1
gene 2 1 500 224739 0 2133 224739 1
gene 1 3 433 -37188 0 2628 -37188 1
gene 1 516 516 -741122 1 2664 -741122 1
gene 3 8 1018 -800000 0 2997 -800000 0
gene 3 1018 121 -333021 0 2998 -333021 0
gene 3 15 433 309471 0 3156 309471 1
gene 1 10 1130 800000 0 3329 800000 1
gene 1 1130 14 -371376 0 3330 -371376 1
gene 3 500 697 142653 0 3371 142653 0
gene 2 3 516 -659525 0 3603 -659525 1
gene 2 9 1323 -369846 0 3885 -369846 1
gene 2 1323 14 -800000 0 3886 -800000 0
gene 4 121 420 -228648 0 3959 -228648 1
gene 2 8 1393 120315 0 4093 120315 1
gene 2 1393 13 -448374 0 4094 -448374 1
gene 1 11 1479 182370 0 4325 182370 1
gene 1 1479 14 -65868 0 4326 -65868 1
gene 4 12 1531 53442 0 4477 53442 1
gene 4 1531 15 800000 0 4478 800000 0
gene 3 1393 433 494532 0 4734 494532 1
gene 2 1323 1683 -500279 0 4950 -500279 1
gene 2 1683 14 -559092 0 4951 -559092 1
gene 3 6 1735 -55578 0 5103 -55578 1
gene 3 1735 14 49227 0 5104 49227 0
gene 1 5 516 338477 0 5346 338477 1
gene 1 516 433 800000 0 5443 800000 1
gene 3 2 1875 -395570 0 5505 -395570 1
gene 3 1875 433 -59427 0 5506 -59427 1
gene 1 1683 461 10890 0 5687 10890 1
gene 1 6 1975 9870 0 5780 9870 1
gene 1 1975 15 134301 0 5781 134301 1
gene 4 1531 2022 230268 0 5905 230268 1
gene 4 2022 15 466578 0 5906 466578 1
gene 3 121 1875 -138756 0 5987 -138756 1
gene 1 1683 1393 -447332 0 6232 -447332 1
gene 4 500 2179 405873 0 6351 405873 1
gene 4 2179 15 185088 0 6352 185088 1
gene 3 12 2179 -170112 0 6539 -170112 1
gene 1 1975 1975 313305 1 6578 313305 1
gene 2 14 2295 -287484 1 6699 -287484 1
gene 2 2295 14 -2961 0 6700 -2961 1
gene 4 4 433 603932 0 7064 603932 1
gene 3 12 235 193809 0 7098 193809 1
gene 1 384 384 120432 1 7242 120432 1
gene 2 500 500 -207450 1 7740 -207450 1
gene 3 8 2730 -61551 0 7969 -61551 1
gene 3 2730 1018 178179 0 7970 178179 1
gene 2 2730 516 -384504 0 8040 -384504 1
gene 4 6 2767 -13179 0 8075 -13179 1
gene 4 2767 13 -218364 0 8076 -218364 1
gene 3 13 15 466362 1 8122 466362 1
gene 4 12 2826 -50517 0 8243 -50517 1
gene 4 2826 14 -800000 0 8244 -800000 1
gene 3 384 1975 -83283 0 8469 -83283 1
gene 3 3 2977 251109 0 8686 251109 1
gene 3 2977 697 134223 0 8687 134223 0
gene 2 2179 2179 281250 1 9153 281250 1
gene 3 2977 3203 38115 0 9390 38115 1
gene 3 3203 697 -226116 0 9391 -226116 1
gene 1 697 697 158996 1 9937 158996 0
gene 1 697 3406 142866 1 9998 142866 1
gene 1 3406 697 -313540 0 9999 -313540 1
gene 3 500 3457 1 0 10151 0 1
gene 3 3457 697 142653 0 10152 0 1
gene 1 1018 1130 23627 0 10194 23627 1
genomeend 30


/* Organism #42 Fitness: 350.000000 Time: 0 */
/* Position #42*/
#1 x: 58 y: 25
#2 x: 50 y: 21
#3 x: 38 y: 31
#4 x: 59 y: 61
#5 x: 59 y: 81
#6 x: 77 y: 66
genomestart 42
trait 1 43007.000000 16300.000000 6994.000000 28041.000000 57524.000000 37112.000000 87908.000000 80535.000000 trait 2 30533.000000 24215.000000 70868.000000 0.000000 0.000000 0.000000 0.000000 18399.000000 trait 3 0.000000 0.000000 44883.000000 65858.000000 41337.000000 0.000000 100000.000000 41343.000000 trait 4 4.000000 0.000000 0.000000 36940.000000 0.000000 0.000000 0.000000 37957.000000 node 1 4 1 3
node 2 4 1 1
node 3 1 1 1
node 4 1 1 1
node 5 1 1 1
node 6 2 1 1
node 7 4 1 1
node 8 4 1 1
node 9 2 1 1
node 10 1 1 1
node 11 2 1 1
node 12 4 1 1
node 13 2 0 2
node 14 1 0 2
node 15 3 0 2
node 121 1 0 0
node 235 1 0 0
node 384 2 0 0
node 420 1 0 0
node 433 1 0 0
node 461 1 0 0
node 500 1 0 0
node 516 1 0 0
node 697 3 0 0
node 1018 1 0 0
node 1130 1 0 0
node 1323 3 0 0
node 1393 1 0 0
node 1479 1 0 0
node 1531 3 0 0
node 1683 1 0 0
node 1735 1 0 0
node 1875 1 0 0
node 2034 1 0 0
node 2142 1 0 0
node 2172 1 0 0
node 2206 1 0 0
node 2313 1 0 0
node 2332 1 0 0
node 2368 1 0 0
node 2491 1 0 0
node 2512 1 0 0
node 2530 1 0 0
node 2547 1 0 0
node 2692 1 0 0
node 2786 1 0 0
node 2912 1 0 0
node 3009 1 0 0
node 3108 1 0 0
node 3213 1 0 0
node 3249 1 0 0
node 3336 1 0 0
node 3356 1 0 0
node 3463 1 0 0
node 3476 1 0 0
gene 2 1 13 54486 0 1 54486 1
gene 3 2 13 -273513 0 2 -273513 1
gene 2 3 13 -310176 0 3 -310176 1
gene 3 4 13 -133437 0 4 -133437 1
gene 2 5 13 680015 0 5 680015 0
gene 4 6 13 -178167 0 6 -178167 1
gene 3 7 13 800000 0 7 800000 1
gene 2 8 13 254127 0 8 254127 0
gene 3 9 13 -166911 0 9 -166911 1
gene 2 10 13 42186 0 10 42186 0
gene 2 11 13 376551 0 11 376551 1
gene 4 12 13 -242796 0 12 -242796 1
gene 2 1 14 -800000 0 13 -800000 1
gene 2 2 14 227955 0 14 227955 1
gene 4 3 14 654894 0 15 654894 0
gene 4 4 14 280914 0 16 280914 0
gene 4 5 14 13323 0 17 13323 1
gene 3 6 14 -32739 0 18 -32739 0
gene 2 7 14 468275 0 19 468275 1
gene 1 8 14 -691704 0 20 -691704 0
gene 3 9 14 150945 0 21 150945 1
gene 1 10 14 -3120 0 22 -3120 1
gene 1 11 14 -130617 0 23 -130617 1
gene 4 12 14 74511 0 24 74511 1
gene 3 1 15 -173550 0 25 -173550 1
gene 3 2 15 -183144 0 26 -183144 1
gene 3 3 15 -218820 0 27 -218820 0
gene 3 4 15 -155058 0 28 -155058 1
gene 3 5 15 800000 0 29 800000 1
gene 1 6 15 -82980 0 30 -82980 1
gene 3 7 15 -93057 0 31 -93057 1
gene 3 8 15 275625 0 32 275625 0
gene 3 9 15 475142 0 33 475142 1
gene 3 10 15 202734 0 34 202734 0
gene 2 11 15 -119382 0 35 -119382 1
gene 4 12 15 735962 0 36 735962 0
gene 4 15 15 142530 1 174 142530 0
gene 3 8 121 -106638 0 329 -106638 0
gene 3 121 15 267624 0 330 267624 1
gene 2 5 121 -800000 0 438 -800000 1
gene 2 7 121 -73191 0 483 -73191 0
gene 4 4 235 -275727 0 666 -275727 1
gene 4 235 14 591393 0 667 591393 1
gene 1 1 235 245145 0 753 245145 1
gene 3 9 235 341199 0 1108 341199 1
gene 3 10 384 -295014 0 1126 -295014 1
gene 3 384 15 270993 0 1127 270993 1
gene 2 14 14 166935 1 1197 166935 1
gene 3 7 420 600234 0 1239 600234 0
gene 3 420 15 516837 0 1240 516837 0
gene 3 2 433 -715791 0 1284 -715791 1
gene 3 433 13 -8505 0 1285 -8505 1
gene 4 3 461 39061 0 1352 39061 1
gene 4 461 14 31224 0 1353 31224 1
gene 4 15 500 -392319 1 1453 -392319 1
gene 4 500 15 175665 0 1454 175665 0
gene 1 8 516 476346 0 1500 476346 1
gene 1 516 14 -56757 0 1501 -56757 0
gene 1 384 121 -42384 0 1548 -42384 1
gene 2 8 461 -308193 0 1965 -308193 1
gene 3 3 697 532700 0 2038 532700 1
gene 3 697 15 521615 0 2039 521615 1
gene 2 1 500 -476664 0 2133 -476664 1
gene 1 3 433 40884 0 2628 40884 1
gene 1 516 516 -181629 1 2664 -181629 1
gene 3 8 1018 552572 0 2997 552572 1
gene 3 1018 121 800000 0 2998 800000 0
gene 3 15 433 7662 0 3156 7662 1
gene 1 10 1130 -157179 0 3329 -157179 1
gene 1 1130 14 243786 0 3330 243786 1
gene 3 500 697 244257 0 3371 244257 1
gene 2 3 516 97902 0 3603 97902 1
gene 2 9 1323 8172 0 3885 8172 0
gene 2 1323 14 -193161 0 3886 -193161 0
gene 2 121 420 89235 0 3959 89235 1
gene 2 8 1393 227280 0 4093 227280 1
gene 2 1393 13 -173688 0 4094 -173688 0
gene 1 11 1479 -193371 0 4325 -193371 1
gene 1 1479 14 -247089 0 4326 -247089 1
gene 4 12 1531 -196383 0 4477 -196383 1
gene 4 1531 15 -473250 0 4478 -473250 1
gene 3 1393 433 -742545 0 4734 -742545 1
gene 2 1323 1683 -67857 0 4950 -67857 1
gene 2 1683 14 17877 0 4951 17877 1
gene 3 6 1735 -82089 0 5103 -82089 1
gene 3 1735 14 99402 0 5104 99402 1
gene 1 5 516 -474516 0 5346 -474516 1
gene 1 516 433 232137 0 5443 232137 1
gene 3 2 1875 -250281 0 5505 -250281 1
gene 3 1875 433 47634 0 5506 47634 1
gene 1 1683 461 -305264 0 5687 -305264 1
gene 1 516 121 -330393 0 5877 -330393 1
gene 3 3 2034 82983 0 5939 82983 1
gene 3 2034 697 227493 0 5940 227493 1
gene 3 5 1479 -97755 0 6157 -97755 1
gene 3 7 2142 -637190 0 6248 -637190 1
gene 3 2142 420 -265143 0 6249 -265143 1
gene 3 420 2172 107463 0 6332 107463 1
gene 3 2172 15 -464193 0 6333 -464193 1
gene 2 1735 1735 -240114 1 6388 -240114 1
gene 2 8 2206 -121104 0 6436 -121104 1
gene 2 2206 1393 526965 0 6437 526965 1
gene 2 121 2313 -275241 0 6747 -275241 1
gene 2 2313 420 284265 0 6748 284265 1
gene 2 9 2332 50916 0 6797 50916 0
gene 2 2332 1323 78090 0 6798 78090 1
gene 4 1323 2034 -199503 0 6848 -199503 1
gene 2 7 2368 -228002 0 6897 -228002 1
gene 2 2368 121 -51294 0 6898 -51294 1
gene 2 384 1531 -739380 0 7018 -739380 0
gene 2 2142 1018 -177471 0 7205 -177471 0
gene 3 2206 2034 302994 0 7245 302994 1
gene 2 7 2491 -261834 0 7283 -261834 1
gene 2 2491 2368 -48243 0 7284 -48243 1
gene 2 5 2512 204390 0 7337 204390 1
gene 2 2512 13 224328 0 7338 224328 0
gene 2 10 2530 -48504 0 7387 -48504 1
gene 2 2530 13 415698 0 7388 415698 1
gene 3 9 2547 175965 0 7440 175965 1
gene 3 2547 13 289332 0 7441 289332 1
gene 2 2530 1479 75492 0 7594 75492 0
gene 1 1479 2692 -315273 0 7856 -315273 1
gene 1 2692 14 403860 0 7857 403860 1
gene 3 4 1130 -65895 0 7980 -65895 1
gene 4 3 2786 -388950 0 8132 -388950 1
gene 4 2786 14 -272571 0 8133 -272571 1
gene 4 2547 1735 -219030 0 8311 -219030 1
gene 3 2692 461 -42288 0 8358 -42288 1
gene 4 500 2912 -44397 0 8507 -44397 1
gene 1 2912 15 214218 0 8508 214218 1
gene 1 2912 1130 -168606 0 8750 -168606 1
gene 2 2142 3009 -451814 0 8799 -451814 1
gene 2 3009 1018 119310 0 8800 119310 1
gene 3 2034 2034 -381534 1 8851 -381534 1
gene 2 2512 3108 146682 0 9104 146682 1
gene 2 3108 13 251964 0 9105 251964 1
gene 1 2491 235 -13179 0 9236 -13179 1
gene 2 9 3213 174870 0 9416 174870 1
gene 2 3213 2332 -225882 0 9417 -225882 1
gene 1 516 3249 339909 0 9516 339909 1
gene 1 3249 14 113733 0 9517 113733 1
gene 2 1393 3336 372492 0 9780 372492 1
gene 2 3336 13 -72189 0 9781 -72189 1
gene 2 2530 3356 373273 0 9835 373273 1
gene 2 3356 1479 93546 0 9836 93546 1
gene 2 384 3463 1 0 10166 0 1
gene 2 3463 1531 -739380 0 10167 0 1
gene 3 8 3476 1 0 10201 0 1
gene 3 3476 15 275625 0 10202 0 1
genomeend 42


/* Organism #54 Fitness: 220.000000 Time: 0 */
/* Position #54*/
#1 x: 21 y: 39
#2 x: 43 y: 31
#3 x: 24 y: 38
#4 x: 22 y: 74
#5 x: 61 y: 68
#6 x: 37 y: 74
genomestart 54
trait 1 71503.000000 52572.000000 0.000000 48265.000000 0.000000 0.000000 100000.000000 393.000000 trait 2 0.000000 0.000000 0.000000 0.000000 0.000000 0.000000 17319.000000 0.000000 trait 3 0.000000 0.000000 97785.000000 100000.000000 7504.000000 13538.000000 40566.000000 6371.000000 trait 4 100000.000000 19256.000000 0.000000 100000.000000 19327.000000 74834.000000 35631.000000 100000.000000 node 1 4 1 3
node 2 4 1 1
node 3 1 1 1
node 4 1 1 1
node 5 1 1 1
node 6 2 1 1
node 7 4 1 1
node 8 4 1 1
node 9 2 1 1
node 10 1 1 1
node 11 2 1 1
node 12 4 1 1
node 13 2 0 2
node 14 1 0 2
node 15 3 0 2
node 121 1 0 0
node 235 1 0 0
node 384 1 0 0
node 420 1 0 0
node 433 1 0 0
node 461 1 0 0
node 500 1 0 0
node 516 1 0 0
node 697 1 0 0
node 1018 2 0 0
node 1130 1 0 0
node 1323 3 0 0
node 1393 1 0 0
node 1479 1 0 0
node 1531 4 0 0
node 1683 1 0 0
node 1735 1 0 0
node 1875 1 0 0
node 1975 1 0 0
node 2022 1 0 0
node 2179 1 0 0
node 2295 1 0 0
node 2730 1 0 0
node 2767 1 0 0
node 2826 1 0 0
node 2977 1 0 0
node 3362 1 0 0
node 3424 1 0 0
gene 2 1 13 424953 0 1 424953 1
gene 3 2 13 191424 0 2 191424 1
gene 2 3 13 -171702 0 3 -171702 1
gene 3 4 13 -122448 0 4 -122448 1
gene 2 5 13 -18180 0 5 -18180 1
gene 4 6 13 -138918 0 6 -138918 0
gene 3 7 13 230568 0 7 230568 1
gene 2 8 13 -177852 0 8 -177852 0
gene 3 9 13 420306 0 9 420306 1
gene 2 10 13 239619 0 10 239619 1
gene 2 11 13 475127 0 11 475127 1
gene 4 12 13 800000 0 12 800000 1
gene 2 1 14 142641 0 13 142641 1
gene 2 2 14 21711 0 14 21711 1
gene 4 3 14 -205518 0 15 -205518 1
gene 4 4 14 111945 0 16 111945 0
gene 4 5 14 311123 0 17 311123 1
gene 3 6 14 38769 0 18 38769 0
gene 2 7 14 346566 0 19 346566 1
gene 1 8 14 -95913 0 20 -95913 0
gene 3 9 14 276798 0 21 276798 1
gene 1 10 14 -282789 0 22 -282789 1
gene 1 11 14 185943 0 23 185943 1
gene 4 12 14 -423336 0 24 -423336 0
gene 3 1 15 69309 0 25 69309 1
gene 3 2 15 -437754 0 26 -437754 1
gene 3 3 15 575276 0 27 575276 0
gene 3 4 15 409416 0 28 409416 0
gene 3 5 15 757283 0 29 757283 1
gene 1 6 15 -291327 0 30 -291327 0
gene 3 7 15 -40041 0 31 -40041 0
gene 3 8 15 -237612 0 32 -237612 1
gene 3 9 15 724997 0 33 724997 1
gene 3 10 15 198078 0 34 198078 0
gene 2 11 15 -550584 0 35 -550584 1
gene 4 12 15 141045 0 36 141045 0
gene 4 15 15 -237195 1 174 -237195 0
gene 3 8 121 -531585 0 329 -531585 0
gene 3 121 15 -32400 0 330 -32400 1
gene 2 5 121 451698 0 438 451698 1
gene 2 7 121 -262746 0 483 -262746 1
gene 4 4 235 786419 0 666 786419 1
gene 4 235 14 320970 0 667 320970 1
gene 1 1 235 162726 0 753 162726 1
gene 1 9 235 184362 0 1108 184362 1
gene 3 10 384 8460 0 1126 8460 1
gene 3 384 15 179430 0 1127 179430 0
gene 2 14 14 357624 1 1197 357624 0
gene 3 7 420 -156219 0 1239 -156219 1
gene 3 420 15 454437 0 1240 454437 1
gene 3 2 433 350919 0 1284 350919 0
gene 3 433 13 571794 0 1285 571794 1
gene 4 3 461 163665 0 1352 163665 1
gene 4 461 14 -296958 0 1353 -296958 1
gene 4 15 500 445302 1 1453 445302 1
gene 4 500 15 195270 0 1454 195270 0
gene 1 8 516 -800000 0 1500 -800000 1
gene 1 516 14 60648 0 1501 60648 1
gene 1 384 121 23205 0 1548 23205 1
gene 2 8 461 -536442 0 1965 -536442 1
gene 3 3 697 153381 0 2038 153381 0
gene 2 697 15 -457113 0 2039 -457113 1
gene 2 1 500 150243 0 2133 150243 1
gene 1 3 433 240501 0 2628 240501 1
gene 1 516 516 106275 1 2664 106275 1
gene 3 8 1018 29784 0 2997 29784 0
gene 3 1018 121 434082 0 2998 434082 0
gene 3 15 433 -348549 0 3156 -348549 1
gene 1 10 1130 129618 0 3329 129618 1
gene 1 1130 14 262818 0 3330 262818 1
gene 3 500 697 177249 0 3371 177249 1
gene 2 3 516 118959 0 3603 118959 0
gene 2 9 1323 51165 0 3885 51165 1
gene 2 1323 14 351371 0 3886 351371 0
gene 2 121 420 164202 0 3959 164202 1
gene 2 8 1393 -213804 0 4093 -213804 1
gene 2 1393 13 264324 0 4094 264324 1
gene 1 11 1479 -168711 0 4325 -168711 1
gene 1 1479 14 -112441 0 4326 -112441 1
gene 4 12 1531 -244152 0 4477 -244152 1
gene 4 1531 15 164280 0 4478 164280 0
gene 3 1393 433 -122916 0 4734 -122916 1
gene 2 1323 1683 506363 0 4950 506363 1
gene 2 1683 14 596706 0 4951 596706 1
gene 3 6 1735 -116760 0 5103 -116760 1
gene 3 1735 14 148563 0 5104 148563 0
gene 1 5 516 624534 0 5346 624534 1
gene 1 516 433 -719325 0 5443 -719325 1
gene 3 2 1875 -174420 0 5505 -174420 1
gene 3 1875 433 525425 0 5506 525425 1
gene 1 1683 461 -38343 0 5687 -38343 1
gene 1 6 1975 -287868 0 5780 -287868 1
gene 1 1975 15 133026 0 5781 133026 1
gene 4 1531 2022 -419145 0 5905 -419145 1
gene 4 2022 15 -209214 0 5906 -209214 1
gene 3 121 1875 -497442 0 5987 -497442 1
gene 1 1683 1393 -513774 0 6232 -513774 1
gene 4 500 2179 -50142 0 6351 -50142 1
gene 4 2179 15 -95295 0 6352 -95295 1
gene 3 12 2179 275319 0 6539 275319 1
gene 1 1975 1975 279420 1 6578 279420 1
gene 2 14 2295 -10170 1 6699 -10170 1
gene 2 2295 14 -800000 0 6700 -800000 1
gene 4 4 433 795546 0 7064 795546 1
gene 3 12 235 301140 0 7098 301140 1
gene 1 384 384 412056 1 7242 412056 1
gene 2 500 500 573249 1 7740 573249 1
gene 3 8 2730 -209001 0 7969 -209001 1
gene 3 2730 1018 208698 0 7970 208698 1
gene 2 2730 516 800000 0 8040 800000 1
gene 4 6 2767 719625 0 8075 719625 1
gene 4 2767 13 244464 0 8076 244464 1
gene 3 13 15 -356217 1 8122 -356217 1
gene 4 12 2826 168072 0 8243 168072 1
gene 4 2826 14 -318438 0 8244 -318438 1
gene 3 384 1975 273114 0 8469 273114 1
gene 3 3 2977 -423690 0 8686 -423690 1
gene 3 2977 697 14442 0 8687 14442 1
gene 2 1479 1683 55443 0 9102 55443 1
gene 2 2179 2179 130704 1 9183 130704 1
gene 3 1531 1531 -99606 1 9535 -99606 1
gene 2 3 3362 148374 0 9863 148374 1
gene 2 3362 516 -40167 0 9864 -40167 1
gene 3 4 3424 511060 0 10051 511060 1
gene 3 3424 15 -561486 0 10052 -561486 1
gene 1 1479 1975 -280659 0 10083 -280659 1
genomeend 54


/* Organism #62 Fitness: 320.000000 Time: 0 */
/* Position #62*/
#1 x: 25 y: 26
#2 x: 47 y: 39
#3 x: 63 y: 22
#4 x: 31 y: 81
#5 x: 71 y: 81
#6 x: 39 y: 80
genomestart 62
trait 1 43007.000000 16300.000000 6994.000000 28041.000000 57524.000000 37112.000000 87908.000000 80535.000000 trait 2 0.000000 43855.000000 0.000000 95786.000000 51940.000000 72099.000000 50358.000000 23911.000000 trait 3 0.000000 0.000000 0.000000 51304.000000 0.000000 13538.000000 70969.000000 30146.000000 trait 4 4.000000 0.000000 0.000000 36940.000000 0.000000 0.000000 43316.000000 37957.000000 node 1 4 1 3
node 2 4 1 1
node 3 1 1 1
node 4 1 1 1
node 5 1 1 1
node 6 2 1 1
node 7 4 1 1
node 8 4 1 1
node 9 2 1 1
node 10 1 1 1
node 11 2 1 1
node 12 4 1 1
node 13 2 0 2
node 14 1 0 2
node 15 3 0 2
node 121 1 0 0
node 235 1 0 0
node 384 1 0 0
node 420 1 0 0
node 433 1 0 0
node 461 1 0 0
node 500 1 0 0
node 516 1 0 0
node 697 3 0 0
node 1018 1 0 0
node 1130 1 0 0
node 1323 3 0 0
node 1393 1 0 0
node 1479 1 0 0
node 1531 4 0 0
node 1683 1 0 0
node 1735 1 0 0
node 1875 1 0 0
node 2034 1 0 0
node 2142 1 0 0
node 2172 1 0 0
node 2206 1 0 0
node 2313 1 0 0
node 2332 1 0 0
node 2368 3 0 0
node 2491 1 0 0
node 2512 1 0 0
node 2530 1 0 0
node 2547 1 0 0
node 2692 1 0 0
node 2786 1 0 0
node 2915 1 0 0
node 3042 1 0 0
node 3079 2 0 0
node 3374 1 0 0
node 3427 1 0 0
gene 2 1 13 -120861 0 1 -120861 1
gene 3 2 13 -18864 0 2 -18864 1
gene 2 3 13 49734 0 3 49734 1
gene 3 4 13 311637 0 4 311637 1
gene 2 5 13 -485280 0 5 -485280 0
gene 4 6 13 -207663 0 6 -207663 1
gene 3 7 13 389058 0 7 389058 1
gene 2 8 13 172329 0 8 172329 0
gene 3 9 13 -302570 0 9 -302570 1
gene 2 10 13 -800000 0 10 -800000 0
gene 2 11 13 -748695 0 11 -748695 1
gene 4 12 13 -118470 0 12 -118470 1
gene 2 1 14 -286998 0 13 -286998 1
gene 2 2 14 425348 0 14 425348 1
gene 4 3 14 36747 0 15 36747 1
gene 4 4 14 269997 0 16 269997 1
gene 4 5 14 -115188 0 17 -115188 1
gene 3 6 14 -23415 0 18 -23415 0
gene 2 7 14 165495 0 19 165495 1
gene 1 8 14 506952 0 20 506952 0
gene 3 9 14 -304638 0 21 -304638 1
gene 1 10 14 -63495 0 22 -63495 1
gene 1 11 14 -196974 0 23 -196974 1
gene 3 12 14 361284 0 24 361284 1
gene 3 1 15 139905 0 25 139905 1
gene 3 2 15 -30666 0 26 -30666 0
gene 3 3 15 -596267 0 27 -596267 0
gene 3 4 15 -104898 0 28 -104898 1
gene 3 5 15 203655 0 29 203655 1
gene 1 6 15 -575780 0 30 -575780 1
gene 3 7 15 630914 0 31 630914 1
gene 3 8 15 -284625 0 32 -284625 1
gene 3 9 15 -335115 0 33 -335115 1
gene 3 10 15 286728 0 34 286728 1
gene 2 11 15 -800000 0 35 -800000 1
gene 4 12 15 -141549 0 36 -141549 1
gene 4 15 15 775392 1 174 775392 1
gene 3 8 121 -48051 0 329 -48051 1
gene 3 121 15 -12921 0 330 -12921 1
gene 2 5 121 -359098 0 438 -359098 0
gene 2 7 121 13716 0 483 13716 0
gene 4 4 235 -647675 0 666 -647675 1
gene 4 235 14 800000 0 667 800000 1
gene 1 1 235 -800000 0 753 -800000 1
gene 3 9 235 267081 0 1108 267081 1
gene 3 10 384 440605 0 1126 440605 1
gene 3 384 15 -326010 0 1127 -326010 1
gene 2 14 14 302133 1 1197 302133 1
gene 3 7 420 -241824 0 1239 -241824 0
gene 3 420 15 368919 0 1240 368919 0
gene 3 2 433 -800000 0 1284 -800000 1
gene 3 433 13 666279 0 1285 666279 1
gene 4 3 461 -133104 0 1352 -133104 1
gene 4 461 14 -484110 0 1353 -484110 1
gene 4 15 500 50415 1 1453 50415 1
gene 4 500 15 731879 0 1454 731879 1
gene 1 8 516 640938 0 1500 640938 1
gene 1 516 14 179397 0 1501 179397 1
gene 1 384 121 -39480 0 1548 -39480 1
gene 2 8 461 -222191 0 1965 -222191 1
gene 3 3 697 -377424 0 2038 -377424 1
gene 3 697 15 264303 0 2039 264303 1
gene 2 1 500 214262 0 2133 214262 1
gene 1 3 433 262293 0 2628 262293 1
gene 1 516 516 -256545 1 2664 -256545 1
gene 3 8 1018 402186 0 2997 402186 1
gene 3 1018 121 79416 0 2998 79416 0
gene 3 15 433 349947 0 3156 349947 1
gene 1 10 1130 115815 0 3329 115815 1
gene 1 1130 14 101919 0 3330 101919 1
gene 3 500 697 37050 0 3371 37050 1
gene 2 3 516 -17202 0 3603 -17202 0
gene 2 9 1323 200640 0 3885 200640 0
gene 2 1323 14 -574619 0 3886 -574619 1
gene 2 121 420 478187 0 3959 478187 1
gene 2 8 1393 -226242 0 4093 -226242 1
gene 2 1393 13 -800000 0 4094 -800000 1
gene 1 11 1479 800000 0 4325 800000 1
gene 1 1479 14 640278 0 4326 640278 1
gene 4 12 1531 -497898 0 4477 -497898 1
gene 4 1531 15 287592 0 4478 287592 1
gene 3 1393 433 -800000 0 4734 -800000 1
gene 2 1323 1683 -489432 0 4950 -489432 1
gene 2 1683 14 -293195 0 4951 -293195 1
gene 3 6 1735 544707 0 5103 544707 1
gene 3 1735 14 -27870 0 5104 -27870 1
gene 1 5 516 550896 0 5346 550896 1
gene 1 516 433 -166116 0 5443 -166116 1
gene 3 2 1875 -800000 0 5505 -800000 1
gene 3 1875 433 -184575 0 5506 -184575 1
gene 1 1683 461 -407922 0 5687 -407922 1
gene 1 516 121 -264092 0 5877 -264092 1
gene 3 3 2034 140928 0 5939 140928 1
gene 3 2034 697 346182 0 5940 346182 1
gene 3 5 1479 -526782 0 6157 -526782 1
gene 3 7 2142 -5934 0 6248 -5934 1
gene 3 2142 420 -245868 0 6249 -245868 1
gene 3 420 2172 -5619 0 6332 -5619 1
gene 3 2172 15 185790 0 6333 185790 1
gene 2 1735 1735 60612 1 6388 60612 1
gene 2 8 2206 -615780 0 6436 -615780 1
gene 2 2206 1393 52302 0 6437 52302 1
gene 2 121 2313 -310590 0 6747 -310590 1
gene 2 2313 420 -126873 0 6748 -126873 1
gene 2 9 2332 110475 0 6797 110475 1
gene 2 2332 1323 -299793 0 6798 -299793 1
gene 4 1323 2034 232719 0 6848 232719 1
gene 2 7 2368 -719274 0 6897 -719274 1
gene 2 2368 121 561564 0 6898 561564 1
gene 2 384 1531 -35574 0 7018 -35574 1
gene 2 2142 1018 -86284 0 7205 -86284 1
gene 3 2206 2034 44400 0 7245 44400 1
gene 2 7 2491 -534995 0 7283 -534995 1
gene 2 2491 2368 121666 0 7284 121666 1
gene 2 5 2512 -232266 0 7337 -232266 1
gene 2 2512 13 -15717 0 7338 -15717 1
gene 2 10 2530 33222 0 7387 33222 1
gene 2 2530 13 340608 0 7388 340608 1
gene 3 9 2547 63972 0 7440 63972 1
gene 3 2547 13 -462876 0 7441 -462876 1
gene 2 2530 1479 103317 0 7594 103317 1
gene 1 1479 2692 359868 0 7856 359868 0
gene 1 2692 14 -111801 0 7857 -111801 1
gene 3 4 1130 -7626 0 7980 -7626 1
gene 4 3 2786 27870 0 8132 27870 1
gene 4 2786 14 48672 0 8133 48672 1
gene 3 384 384 -253701 1 8429 -253701 1
gene 2 3 2915 -469434 0 8516 -469434 1
gene 2 2915 516 -280755 0 8517 -280755 1
gene 4 433 433 -263010 1 8562 -263010 1
gene 2 2547 1479 -206931 0 8709 -206931 1
gene 3 2206 1683 278115 0 8777 278115 1
gene 2 5 3042 -56538 0 8890 -56538 1
gene 2 3042 121 -200556 0 8891 -200556 0
gene 1 1479 3079 -601383 0 9004 -601383 1
gene 1 3079 2692 800000 0 9005 800000 1
gene 4 516 2547 117339 0 9030 117339 1
gene 3 1875 2915 -156393 0 9219 -156393 1
gene 2 2 420 -676203 0 9364 -676203 1
gene 2 1735 1531 -237471 0 9549 -237471 1
gene 3 8 235 -203580 0 9859 -203580 1
gene 2 3042 3374 132888 0 9899 132888 1
gene 2 3374 121 -450906 0 9900 -450906 1
gene 1 2034 2786 92249 0 10004 92249 1
gene 3 2 3427 263716 0 10060 263716 1
gene 3 3427 15 293646 0 10061 293646 1
genomeend 62


/* Organism #63 Fitness: 280.000000 Time: 0 */
/* Position #63*/
#1 x: 25 y: 26
#2 x: 47 y: 39
#3 x: 63 y: 22
#4 x: 31 y: 81
#5 x: 71 y: 81
#6 x: 39 y: 80
genomestart 63
trait 1 19747.000000 88699.000000 0.000000 100000.000000 57524.000000 37112.000000 84759.000000 100000.000000 trait 2 2.000000 0.000000 0.000000 63677.000000 0.000000 0.000000 0.000000 0.000000 trait 3 0.000000 0.000000 0.000000 51304.000000 0.000000 13538.000000 70969.000000 30146.000000 trait 4 21476.000000 86360.000000 0.000000 7706.000000 0.000000 13521.000000 43316.000000 66023.000000 node 1 4 1 3
node 2 4 1 1
node 3 1 1 1
node 4 1 1 1
node 5 1 1 1
node 6 2 1 1
node 7 4 1 1
node 8 4 1 1
node 9 2 1 1
node 10 1 1 1
node 11 2 1 1
node 12 4 1 1
node 13 2 0 2
node 14 1 0 2
node 15 3 0 2
node 121 1 0 0
node 235 1 0 0
node 384 1 0 0
node 420 1 0 0
node 433 1 0 0
node 461 1 0 0
node 500 1 0 0
node 516 1 0 0
node 697 3 0 0
node 1018 1 0 0
node 1130 1 0 0
node 1323 3 0 0
node 1393 1 0 0
node 1479 1 0 0
node 1531 4 0 0
node 1683 1 0 0
node 1735 1 0 0
node 1875 3 0 0
node 2034 2 0 0
node 2142 1 0 0
node 2172 1 0 0
node 2206 1 0 0
node 2313 2 0 0
node 2332 1 0 0
node 2368 1 0 0
node 2412 1 0 0
node 2430 1 0 0
node 2481 1 0 0
node 2494 1 0 0
node 2768 1 0 0
node 2783 1 0 0
node 2799 1 0 0
node 2880 1 0 0
node 3142 1 0 0
node 3225 1 0 0
node 3236 1 0 0
node 3340 1 0 0
node 3377 1 0 0
node 3449 1 0 0
gene 2 1 13 -197121 0 1 -197121 1
gene 3 2 13 186780 0 2 186780 1
gene 2 3 13 -73755 0 3 -73755 1
gene 3 4 13 51903 0 4 51903 1
gene 2 5 13 185739 0 5 185739 1
gene 4 6 13 365841 0 6 365841 1
gene 3 7 13 83805 0 7 83805 1
gene 2 8 13 -68964 0 8 -68964 0
gene 3 9 13 -255983 0 9 -255983 1
gene 2 10 13 379059 0 10 379059 0
gene 2 11 13 -400449 0 11 -400449 0
gene 4 12 13 -356463 0 12 -356463 1
gene 2 1 14 118815 0 13 118815 1
gene 2 2 14 328026 0 14 328026 1
gene 4 3 14 -793782 0 15 -793782 1
gene 4 4 14 378807 0 16 378807 0
gene 4 5 14 -549084 0 17 -549084 1
gene 3 6 14 380751 0 18 380751 0
gene 2 7 14 -274776 0 19 -274776 1
gene 1 8 14 -239886 0 20 -239886 0
gene 3 9 14 -558372 0 21 -558372 1
gene 1 10 14 182250 0 22 182250 1
gene 1 11 14 206985 0 23 206985 1
gene 4 12 14 390537 0 24 390537 0
gene 3 1 15 289194 0 25 289194 1
gene 3 2 15 -33561 0 26 -33561 1
gene 3 3 15 -703413 0 27 -703413 0
gene 3 4 15 265548 0 28 265548 1
gene 3 5 15 622373 0 29 622373 1
gene 1 6 15 -14667 0 30 -14667 1
gene 3 7 15 -73934 0 31 -73934 0
gene 3 8 15 -96156 0 32 -96156 0
gene 3 9 15 204264 0 33 204264 0
gene 3 10 15 -178578 0 34 -178578 0
gene 2 11 15 550205 0 35 550205 1
gene 4 12 15 755724 0 36 755724 0
gene 4 15 15 -406872 1 174 -406872 0
gene 3 8 121 -387630 0 329 -387630 0
gene 3 121 15 478725 0 330 478725 1
gene 2 5 121 -302754 0 438 -302754 1
gene 2 7 121 345438 0 483 345438 0
gene 4 4 235 124419 0 666 124419 1
gene 4 235 14 -192732 0 667 -192732 0
gene 1 1 235 191085 0 753 191085 1
gene 1 9 235 116511 0 1108 116511 1
gene 3 10 384 -107913 0 1126 -107913 1
gene 3 384 15 -170862 0 1127 -170862 0
gene 2 14 14 -520206 1 1197 -520206 0
gene 3 7 420 485805 0 1239 485805 0
gene 3 420 15 460362 0 1240 460362 0
gene 3 2 433 -566750 0 1284 -566750 0
gene 3 433 13 -391641 0 1285 -391641 1
gene 4 3 461 467562 0 1352 467562 1
gene 4 461 14 372657 0 1353 372657 1
gene 4 15 500 142620 1 1453 142620 1
gene 4 500 15 147927 0 1454 147927 1
gene 1 8 516 -653006 0 1500 -653006 1
gene 1 516 14 -224109 0 1501 -224109 1
gene 1 384 121 -93753 0 1548 -93753 1
gene 2 8 461 -217005 0 1965 -217005 1
gene 3 3 697 -125994 0 2038 -125994 0
gene 3 697 15 580368 0 2039 580368 1
gene 2 1 500 -285534 0 2133 -285534 1
gene 1 3 433 -418038 0 2628 -418038 1
gene 1 516 516 -556010 1 2664 -556010 1
gene 3 8 1018 610713 0 2997 610713 1
gene 3 1018 121 -35181 0 2998 -35181 0
gene 3 15 433 800000 0 3156 800000 1
gene 1 10 1130 -93879 0 3329 -93879 1
gene 1 1130 14 -660465 0 3330 -660465 1
gene 3 500 697 27693 0 3371 27693 1
gene 2 3 516 -751242 0 3603 -751242 1
gene 2 9 1323 -240495 0 3885 -240495 0
gene 2 1323 14 157989 0 3886 157989 0
gene 2 121 420 -109038 0 3959 -109038 0
gene 2 8 1393 485112 0 4093 485112 0
gene 2 1393 13 -488694 0 4094 -488694 1
gene 1 11 1479 361695 0 4325 361695 1
gene 1 1479 14 75597 0 4326 75597 1
gene 4 12 1531 800000 0 4477 800000 1
gene 4 1531 15 246984 0 4478 246984 1
gene 3 1393 433 165804 0 4734 165804 1
gene 2 1323 1683 642743 0 4950 642743 1
gene 2 1683 14 219677 0 4951 219677 1
gene 3 6 1735 9108 0 5103 9108 1
gene 3 1735 14 384816 0 5104 384816 1
gene 1 5 516 -369684 0 5346 -369684 1
gene 1 516 433 -677354 0 5443 -677354 1
gene 3 2 1875 -485751 0 5505 -485751 1
gene 3 1875 433 -364119 0 5506 -364119 1
gene 1 1683 461 106050 0 5687 106050 1
gene 1 516 121 311247 0 5877 311247 1
gene 3 3 2034 475530 0 5939 475530 0
gene 3 2034 697 -359409 0 5940 -359409 1
gene 3 5 1479 -15609 0 6157 -15609 1
gene 3 7 2142 -568452 0 6248 -568452 1
gene 3 2142 420 -800000 0 6249 -800000 1
gene 3 420 2172 -640185 0 6332 -640185 1
gene 3 2172 15 -658092 0 6333 -658092 1
gene 2 1735 1735 -694077 1 6388 -694077 1
gene 2 8 2206 -800000 0 6436 -800000 0
gene 2 2206 1393 87678 0 6437 87678 1
gene 2 121 2313 641330 0 6747 641330 0
gene 2 2313 420 51111 0 6748 51111 1
gene 2 9 2332 -431613 0 6797 -431613 1
gene 2 2332 1323 -554223 0 6798 -554223 1
gene 4 1323 2034 517473 0 6848 517473 1
gene 2 7 2368 727446 0 6897 727446 1
gene 2 2368 121 -100416 0 6898 -100416 1
gene 3 8 2412 70098 0 7028 70098 0
gene 3 2412 15 -86478 0 7029 -86478 1
gene 2 8 2430 52326 0 7088 52326 1
gene 2 2430 2206 -334043 0 7089 -334043 1
gene 2 121 2481 147420 0 7252 147420 0
gene 2 2481 2313 -259635 0 7253 -259635 1
gene 3 9 2494 44940 0 7292 44940 1
gene 3 2494 15 -305451 0 7293 -305451 1
gene 2 1479 384 -315132 0 7389 -315132 1
gene 2 121 2142 -34392 0 7445 -34392 1
gene 2 6 433 -132696 0 7711 -132696 1
gene 2 14 2768 -289479 1 8077 -289479 1
gene 2 2768 14 -141828 0 8078 -141828 1
gene 2 10 2783 -230145 0 8123 -230145 1
gene 2 2783 13 -219027 0 8124 -219027 1
gene 2 11 2799 -248160 0 8166 -248160 1
gene 2 2799 13 169086 0 8167 169086 1
gene 4 12 2880 262281 0 8396 262281 1
gene 4 2880 14 207612 0 8397 207612 1
gene 2 500 235 -594990 0 8692 -594990 1
gene 2 2332 2783 -258096 0 8834 -258096 1
gene 4 9 1393 -166635 0 8909 -166635 1
gene 2 1 384 206415 0 8970 206415 1
gene 4 235 3142 -296970 0 9204 -296970 1
gene 4 3142 14 -144183 0 9205 -144183 0
gene 3 11 2172 -148674 0 9230 -148674 1
gene 2 121 3225 -543924 0 9445 -543924 1
gene 2 3225 2481 -149304 0 9446 -149304 1
gene 4 3142 3236 -307161 0 9483 -307161 1
gene 4 3236 14 412767 0 9484 412767 1
gene 1 11 3236 -257137 0 9528 -257137 1
gene 3 8 3340 178050 0 9791 178050 1
gene 3 3340 2412 -557559 0 9792 -557559 1
gene 3 3 3377 -39306 0 9914 -39306 1
gene 3 3377 2034 -138591 0 9915 -138591 0
gene 2 2880 2880 -161904 1 9954 -161904 1
gene 3 1018 1683 -71883 0 10013 -71883 1
gene 3 3377 3449 -288665 0 10123 -288665 1
gene 3 3449 2034 57159 0 10124 57159 1
genomeend 63


/* Organism #70 Fitness: 370.000000 Time: 0 */
/* Position #70*/
#1 x: 78 y: 33
#2 x: 80 y: 23
#3 x: 32 y: 30
#4 x: 17 y: 80
#5 x: 26 y: 79
#6 x: 82 y: 74
genomestart 70
trait 1 43007.000000 16300.000000 6994.000000 28041.000000 57524.000000 37112.000000 87908.000000 80535.000000 trait 2 30533.000000 24215.000000 70868.000000 0.000000 0.000000 0.000000 0.000000 18399.000000 trait 3 0.000000 0.000000 44883.000000 65858.000000 41337.000000 0.000000 100000.000000 41343.000000 trait 4 4.000000 0.000000 0.000000 36940.000000 0.000000 0.000000 0.000000 37957.000000 node 1 4 1 3
node 2 4 1 1
node 3 1 1 1
node 4 1 1 1
node 5 1 1 1
node 6 2 1 1
node 7 4 1 1
node 8 4 1 1
node 9 2 1 1
node 10 1 1 1
node 11 2 1 1
node 12 4 1 1
node 13 2 0 2
node 14 1 0 2
node 15 3 0 2
node 121 1 0 0
node 235 1 0 0
node 384 2 0 0
node 420 1 0 0
node 433 1 0 0
node 461 1 0 0
node 500 1 0 0
node 516 1 0 0
node 697 3 0 0
node 1018 1 0 0
node 1130 1 0 0
node 1323 3 0 0
node 1393 1 0 0
node 1479 1 0 0
node 1531 3 0 0
node 1683 1 0 0
node 1735 1 0 0
node 1875 1 0 0
node 2034 1 0 0
node 2142 1 0 0
node 2172 1 0 0
node 2206 1 0 0
node 2313 1 0 0
node 2332 1 0 0
node 2368 1 0 0
node 2491 1 0 0
node 2512 1 0 0
node 2530 1 0 0
node 2547 1 0 0
node 2692 1 0 0
node 2786 1 0 0
node 2912 1 0 0
node 3009 1 0 0
node 3108 1 0 0
node 3213 1 0 0
node 3249 1 0 0
node 3336 1 0 0
node 3356 1 0 0
node 3443 1 0 0
gene 2 1 13 -466317 0 1 -466317 1
gene 3 2 13 -62637 0 2 -62637 1
gene 2 3 13 77556 0 3 77556 1
gene 3 4 13 -26844 0 4 -26844 1
gene 2 5 13 601598 0 5 601598 0
gene 4 6 13 -8436 0 6 -8436 1
gene 3 7 13 681419 0 7 681419 1
gene 2 8 13 -2940 0 8 -2940 0
gene 3 9 13 228453 0 9 228453 1
gene 2 10 13 -424707 0 10 -424707 0
gene 2 11 13 272844 0 11 272844 1
gene 4 12 13 -154389 0 12 -154389 1
gene 2 1 14 -27687 0 13 -27687 1
gene 2 2 14 186189 0 14 186189 1
gene 4 3 14 195036 0 15 195036 0
gene 4 4 14 -246591 0 16 -246591 0
gene 4 5 14 78693 0 17 78693 1
gene 3 6 14 271164 0 18 271164 0
gene 2 7 14 50352 0 19 50352 1
gene 1 8 14 -481398 0 20 -481398 0
gene 3 9 14 89604 0 21 89604 1
gene 1 10 14 800000 0 22 800000 1
gene 1 11 14 444974 0 23 444974 1
gene 4 12 14 -85107 0 24 -85107 1
gene 3 1 15 280749 0 25 280749 1
gene 3 2 15 -68622 0 26 -68622 1
gene 3 3 15 730220 0 27 730220 0
gene 3 4 15 -134136 0 28 -134136 1
gene 3 5 15 389139 0 29 389139 1
gene 1 6 15 19140 0 30 19140 1
gene 3 7 15 249060 0 31 249060 1
gene 3 8 15 -137094 0 32 -137094 1
gene 3 9 15 439845 0 33 439845 1
gene 3 10 15 708774 0 34 708774 0
gene 2 11 15 11463 0 35 11463 1
gene 4 12 15 800000 0 36 800000 0
gene 4 15 15 292998 1 174 292998 0
gene 3 8 121 -216498 0 329 -216498 0
gene 3 121 15 51258 0 330 51258 1
gene 2 5 121 -95316 0 438 -95316 1
gene 2 7 121 -685527 0 483 -685527 0
gene 4 4 235 572232 0 666 572232 1
gene 4 235 14 -157701 0 667 -157701 1
gene 1 1 235 -153315 0 753 -153315 1
gene 3 9 235 -430230 0 1108 -430230 1
gene 3 10 384 536316 0 1126 536316 1
gene 3 384 15 569745 0 1127 569745 1
gene 2 14 14 -138690 1 1197 -138690 1
gene 3 7 420 -11592 0 1239 -11592 0
gene 3 420 15 -53640 0 1240 -53640 0
gene 3 2 433 -75996 0 1284 -75996 1
gene 3 433 13 291084 0 1285 291084 1
gene 4 3 461 -365147 0 1352 -365147 1
gene 4 461 14 -468804 0 1353 -468804 1
gene 4 15 500 -567135 1 1453 -567135 1
gene 4 500 15 215073 0 1454 215073 0
gene 1 8 516 660746 0 1500 660746 1
gene 1 516 14 310866 0 1501 310866 0
gene 1 384 121 130971 0 1548 130971 1
gene 2 8 461 -131205 0 1965 -131205 1
gene 3 3 697 800000 0 2038 800000 1
gene 3 697 15 455315 0 2039 455315 1
gene 2 1 500 60471 0 2133 60471 1
gene 1 3 433 -43725 0 2628 -43725 1
gene 1 516 516 -261885 1 2664 -261885 1
gene 3 8 1018 800000 0 2997 800000 1
gene 3 1018 121 717221 0 2998 717221 0
gene 3 15 433 103932 0 3156 103932 1
gene 2 10 1130 79281 0 3329 79281 1
gene 1 1130 14 -67902 0 3330 -67902 1
gene 3 500 697 308499 0 3371 308499 1
gene 2 3 516 103176 0 3603 103176 1
gene 2 9 1323 -345549 0 3885 -345549 0
gene 2 1323 14 421431 0 3886 421431 0
gene 2 121 420 -257259 0 3959 -257259 1
gene 2 8 1393 506133 0 4093 506133 1
gene 2 1393 13 182871 0 4094 182871 0
gene 1 11 1479 -352146 0 4325 -352146 1
gene 1 1479 14 -443427 0 4326 -443427 1
gene 4 12 1531 114843 0 4477 114843 1
gene 4 1531 15 110622 0 4478 110622 1
gene 3 1393 433 -737295 0 4734 -737295 1
gene 2 1323 1683 635459 0 4950 635459 1
gene 2 1683 14 518909 0 4951 518909 1
gene 3 6 1735 -353394 0 5103 -353394 1
gene 3 1735 14 319670 0 5104 319670 1
gene 1 5 516 -213825 0 5346 -213825 1
gene 1 516 433 44010 0 5443 44010 1
gene 3 2 1875 800000 0 5505 800000 1
gene 3 1875 433 -481110 0 5506 -481110 1
gene 1 1683 461 -689039 0 5687 -689039 1
gene 1 516 121 -297876 0 5877 -297876 1
gene 3 3 2034 800000 0 5939 800000 1
gene 3 2034 697 147624 0 5940 147624 1
gene 3 5 1479 458835 0 6157 458835 1
gene 3 7 2142 -589181 0 6248 -589181 1
gene 3 2142 420 443400 0 6249 443400 1
gene 3 420 2172 -694698 0 6332 -694698 1
gene 3 2172 15 -259356 0 6333 -259356 1
gene 2 1735 1735 -800000 1 6388 -800000 1
gene 2 8 2206 -800000 0 6436 -800000 1
gene 2 2206 1393 405993 0 6437 405993 1
gene 2 121 2313 -216099 0 6747 -216099 1
gene 2 2313 420 -159909 0 6748 -159909 1
gene 2 9 2332 -388449 0 6797 -388449 0
gene 2 2332 1323 568104 0 6798 568104 1
gene 4 1323 2034 48162 0 6848 48162 1
gene 2 7 2368 214537 0 6897 214537 1
gene 2 2368 121 283698 0 6898 283698 1
gene 2 384 1531 -167634 0 7018 -167634 1
gene 2 2142 1018 -203868 0 7205 -203868 0
gene 3 2206 2034 -1629 0 7245 -1629 1
gene 2 7 2491 -759132 0 7283 -759132 1
gene 2 2491 2368 166416 0 7284 166416 1
gene 2 5 2512 139251 0 7337 139251 1
gene 2 2512 13 467952 0 7338 467952 0
gene 2 10 2530 -800000 0 7387 -800000 1
gene 2 2530 13 264084 0 7388 264084 1
gene 3 9 2547 475287 0 7440 475287 1
gene 3 2547 13 -253392 0 7441 -253392 1
gene 2 2530 1479 120417 0 7594 120417 0
gene 1 1479 2692 -103338 0 7856 -103338 1
gene 1 2692 14 21468 0 7857 21468 1
gene 3 4 1130 -389505 0 7980 -389505 1
gene 4 3 2786 465129 0 8132 465129 1
gene 4 2786 14 600630 0 8133 600630 1
gene 4 2547 1735 -108516 0 8311 -108516 1
gene 3 2692 461 -31320 0 8358 -31320 1
gene 4 500 2912 -257262 0 8507 -257262 1
gene 1 2912 15 62880 0 8508 62880 1
gene 1 2912 1130 -134271 0 8750 -134271 1
gene 2 2142 3009 155286 0 8799 155286 1
gene 2 3009 1018 -74727 0 8800 -74727 1
gene 3 2034 2034 -211539 1 8851 -211539 0
gene 2 2512 3108 -270318 0 9104 -270318 1
gene 2 3108 13 -134538 0 9105 -134538 1
gene 1 2491 235 -519777 0 9236 -519777 1
gene 2 9 3213 -148614 0 9416 -148614 1
gene 2 3213 2332 25983 0 9417 25983 1
gene 1 516 3249 4023 0 9516 4023 1
gene 1 3249 14 -364221 0 9517 -364221 1
gene 2 1393 3336 -6576 0 9780 -6576 1
gene 2 3336 13 -174651 0 9781 -174651 1
gene 2 2530 3356 -542142 0 9835 -542142 1
gene 2 3356 1479 -234462 0 9836 -234462 1
gene 3 2034 3443 285772 1 10105 285772 1
gene 3 3443 2034 413511 0 10106 413511 1
genomeend 70


