/* Organism #16 Fitness: 170.000000 Time: 0 */
/* Position #16*/
#1 x: 65 y: 21
#2 x: 33 y: 39
#3 x: 21 y: 18
#4 x: 72 y: 60
#5 x: 57 y: 76
#6 x: 50 y: 85
genomestart 16
node 1 2 1 3
node 2 4 1 1
node 3 1 1 1
node 4 4 1 1
node 5 4 1 1
node 6 2 1 1
node 7 3 1 1
node 8 2 1 1
node 9 2 1 1
node 10 2 1 1
node 11 4 1 1
node 12 1 1 1
node 13 1 0 2
node 14 1 0 2
node 15 4 0 2
gene 1 1 13 -284475 0 1 -284475 1
gene 4 2 13 -241881 0 2 -241881 1
gene 2 3 13 -419466 0 3 -419466 1
gene 2 4 13 323720 0 4 323720 1
gene 2 5 13 238449 0 5 238449 1
gene 1 6 13 -18933 0 6 -18933 1
gene 3 7 13 -170035 0 7 -170035 1
gene 2 8 13 296523 0 8 296523 1
gene 2 9 13 -548145 0 9 -548145 1
gene 2 10 13 -145953 0 10 -145953 1
gene 2 11 13 64545 0 11 64545 1
gene 1 12 13 800000 0 12 800000 1
gene 1 1 14 219186 0 13 219186 1
gene 2 2 14 -251181 0 14 -251181 1
gene 1 3 14 -241161 0 15 -241161 1
gene 4 4 14 -69102 0 16 -69102 1
gene 3 5 14 -264718 0 17 -264718 1
gene 1 6 14 10881 0 18 10881 1
gene 2 7 14 412965 0 19 412965 1
gene 4 8 14 571874 0 20 571874 1
gene 1 9 14 133926 0 21 133926 1
gene 3 10 14 -146865 0 22 -146865 1
gene 3 11 14 -101472 0 23 -101472 1
gene 3 12 14 -11914 0 24 -11914 1
gene 1 1 15 309942 0 25 309942 1
gene 3 2 15 -260412 0 26 -260412 1
gene 2 3 15 -800000 0 27 -800000 1
gene 2 4 15 94608 0 28 94608 1
gene 4 5 15 16002 0 29 16002 1
gene 2 6 15 279993 0 30 279993 1
gene 1 7 15 196485 0 31 196485 1
gene 3 8 15 257007 0 32 257007 1
gene 2 9 15 -409647 0 33 -409647 1
gene 2 10 15 -241248 0 34 -241248 1
gene 1 11 15 490137 0 35 490137 1
gene 2 12 15 -528153 0 36 -528153 1
gene 2 13 15 -289911 0 137 -289911 1
gene 4 13 13 -571767 1 179 -571767 1
gene 2 14 15 120198 0 223 120198 1
genomeend 16


/* Organism #17 Fitness: 170.000000 Time: 0 */
/* Position #17*/
#1 x: 65 y: 21
#2 x: 33 y: 39
#3 x: 21 y: 18
#4 x: 72 y: 60
#5 x: 57 y: 76
#6 x: 50 y: 85
genomestart 17
node 1 2 1 3
node 2 4 1 1
node 3 1 1 1
node 4 4 1 1
node 5 4 1 1
node 6 2 1 1
node 7 3 1 1
node 8 2 1 1
node 9 2 1 1
node 10 2 1 1
node 11 4 1 1
node 12 1 1 1
node 13 1 0 2
node 14 1 0 2
node 15 4 0 2
gene 1 1 13 -149433 0 1 -149433 1
gene 4 2 13 45639 0 2 45639 1
gene 2 3 13 -295692 0 3 -295692 1
gene 2 4 13 124043 0 4 124043 1
gene 2 5 13 164342 0 5 164342 1
gene 1 6 13 139407 0 6 139407 1
gene 3 7 13 -170035 0 7 -170035 1
gene 2 8 13 -79389 0 8 -79389 1
gene 2 9 13 -249333 0 9 -249333 1
gene 2 10 13 -98703 0 10 -98703 1
gene 2 11 13 -108741 0 11 -108741 1
gene 1 12 13 643097 0 12 643097 1
gene 1 1 14 53922 0 13 53922 1
gene 2 2 14 -276924 0 14 -276924 1
gene 1 3 14 -189552 0 15 -189552 1
gene 4 4 14 -306666 0 16 -306666 1
gene 3 5 14 -468829 0 17 -468829 1
gene 1 6 14 -35643 0 18 -35643 1
gene 2 7 14 252759 0 19 252759 1
gene 4 8 14 593624 0 20 593624 1
gene 1 9 14 213354 0 21 213354 1
gene 3 10 14 -59340 0 22 -59340 1
gene 3 11 14 -101472 0 23 -101472 1
gene 3 12 14 -6736 0 24 -6736 1
gene 1 1 15 240846 0 25 240846 1
gene 3 2 15 -16938 0 26 -16938 1
gene 2 3 15 -800000 0 27 -800000 1
gene 2 4 15 107421 0 28 107421 1
gene 4 5 15 96186 0 29 96186 1
gene 2 6 15 117116 0 30 117116 1
gene 1 7 15 257577 0 31 257577 1
gene 3 8 15 508848 0 32 508848 1
gene 2 9 15 -164892 0 33 -164892 1
gene 2 10 15 150444 0 34 150444 1
gene 1 11 15 490137 0 35 490137 1
gene 2 12 15 -320376 0 36 -320376 1
gene 2 13 15 -295695 0 137 -295695 1
gene 4 13 13 -477876 1 179 -477876 1
gene 2 14 15 -60951 0 223 -60951 1
genomeend 17


/* Organism #31 Fitness: 130.000000 Time: 0 */
/* Position #31*/
#1 x: 69 y: 34
#2 x: 26 y: 26
#3 x: 18 y: 27
#4 x: 54 y: 85
#5 x: 80 y: 80
#6 x: 19 y: 70
genomestart 31
node 1 3 1 3
node 2 3 1 1
node 3 1 1 1
node 4 4 1 1
node 5 4 1 1
node 6 2 1 1
node 7 3 1 1
node 8 4 1 1
node 9 3 1 1
node 10 1 1 1
node 11 4 1 1
node 12 2 1 1
node 13 4 0 2
node 14 3 0 2
node 15 2 0 2
gene 1 1 13 -105963 0 1 -105963 1
gene 1 2 13 78627 0 2 78627 1
gene 3 3 13 106881 0 3 106881 1
gene 3 4 13 248229 0 4 248229 1
gene 2 5 13 -153468 0 5 -153468 1
gene 1 6 13 254553 0 6 254553 1
gene 3 7 13 -109233 0 7 -109233 1
gene 2 8 13 344931 0 8 344931 1
gene 3 9 13 -734658 0 9 -734658 1
gene 2 10 13 -800000 0 10 -800000 1
gene 1 11 13 741957 0 11 741957 1
gene 3 12 13 -171276 0 12 -171276 1
gene 1 1 14 -624015 0 13 -624015 1
gene 3 2 14 514257 0 14 514257 1
gene 1 3 14 -157020 0 15 -157020 1
gene 1 4 14 326931 0 16 326931 1
gene 3 5 14 236124 0 17 236124 1
gene 1 6 14 132636 0 18 132636 1
gene 4 7 14 -33978 0 19 -33978 1
gene 1 8 14 -127800 0 20 -127800 1
gene 3 9 14 34086 0 21 34086 1
gene 4 10 14 -348945 0 22 -348945 1
gene 2 11 14 -216231 0 23 -216231 1
gene 3 12 14 397755 0 24 397755 1
gene 1 1 15 -136005 0 25 -136005 1
gene 3 2 15 -800000 0 26 -800000 1
gene 3 3 15 -434015 0 27 -434015 1
gene 4 4 15 -428484 0 28 -428484 1
gene 3 5 15 -170958 0 29 -170958 1
gene 4 6 15 -524937 0 30 -524937 1
gene 1 7 15 -123504 0 31 -123504 1
gene 4 8 15 -436659 0 32 -436659 1
gene 1 9 15 174054 0 33 174054 1
gene 4 10 15 -266394 0 34 -266394 1
gene 1 11 15 -128586 0 35 -128586 1
gene 4 12 15 -51207 0 36 -51207 1
gene 4 14 15 326217 0 207 326217 1
genomeend 31


/* Organism #33 Fitness: 300.000000 Time: 0 */
/* Position #33*/
#1 x: 47 y: 23
#2 x: 24 y: 37
#3 x: 20 y: 15
#4 x: 68 y: 76
#5 x: 19 y: 65
#6 x: 80 y: 80
genomestart 33
node 1 3 1 3
node 2 4 1 1
node 3 1 1 1
node 4 4 1 1
node 5 4 1 1
node 6 4 1 1
node 7 3 1 1
node 8 2 1 1
node 9 2 1 1
node 10 2 1 1
node 11 4 1 1
node 12 4 1 1
node 13 2 0 2
node 14 1 0 2
node 15 4 0 2
gene 2 1 13 556107 0 1 556107 1
gene 4 2 13 109029 0 2 109029 1
gene 3 3 13 78117 0 3 78117 1
gene 3 4 13 -165339 0 4 -165339 1
gene 2 5 13 229617 0 5 229617 1
gene 1 6 13 -800000 0 6 -800000 1
gene 4 7 13 -577914 0 7 -577914 1
gene 1 8 13 -451176 0 8 -451176 1
gene 3 9 13 -283128 0 9 -283128 1
gene 3 10 13 800000 0 10 800000 1
gene 2 11 13 351651 0 11 351651 1
gene 1 12 13 -339765 0 12 -339765 1
gene 1 1 14 409620 0 13 409620 1
gene 3 2 14 -455931 0 14 -455931 1
gene 1 3 14 158781 0 15 158781 1
gene 3 4 14 287076 0 16 287076 1
gene 1 5 14 -532164 0 17 -532164 1
gene 1 6 14 583332 0 18 583332 1
gene 1 7 14 954 0 19 954 1
gene 4 8 14 590783 0 20 590783 1
gene 2 9 14 627705 0 21 627705 1
gene 3 10 14 -371961 0 22 -371961 1
gene 4 11 14 378159 0 23 378159 1
gene 3 12 14 -578280 0 24 -578280 1
gene 1 1 15 179394 0 25 179394 1
gene 3 2 15 330639 0 26 330639 1
gene 1 3 15 -150687 0 27 -150687 1
gene 2 4 15 -11724 0 28 -11724 1
gene 1 5 15 300491 0 29 300491 1
gene 4 6 15 528723 0 30 528723 1
gene 2 7 15 -288612 0 31 -288612 1
gene 3 8 15 96474 0 32 96474 1
gene 1 9 15 303150 0 33 303150 1
gene 2 10 15 286413 0 34 286413 1
gene 1 11 15 -88587 0 35 -88587 1
gene 1 12 15 -673284 0 36 -673284 1
genomeend 33


/* Organism #37 Fitness: 140.000000 Time: 0 */
/* Position #37*/
#1 x: 42 y: 30
#2 x: 54 y: 34
#3 x: 23 y: 35
#4 x: 29 y: 73
#5 x: 81 y: 77
#6 x: 67 y: 64
genomestart 37
node 1 4 1 3
node 2 2 1 1
node 3 1 1 1
node 4 2 1 1
node 5 3 1 1
node 6 1 1 1
node 7 3 1 1
node 8 2 1 1
node 9 2 1 1
node 10 4 1 1
node 11 4 1 1
node 12 4 1 1
node 13 4 0 2
node 14 2 0 2
node 15 3 0 2
gene 2 1 13 252285 0 1 252285 1
gene 2 2 13 -488007 0 2 -488007 1
gene 4 3 13 645671 0 3 645671 1
gene 1 4 13 -7737 0 4 -7737 1
gene 4 5 13 33261 0 5 33261 1
gene 2 6 13 780356 0 6 780356 1
gene 1 7 13 -333789 0 7 -333789 1
gene 1 8 13 20394 0 8 20394 1
gene 1 9 13 24651 0 9 24651 1
gene 3 10 13 -800000 0 10 -800000 1
gene 1 11 13 447233 0 11 447233 1
gene 3 12 13 -124911 0 12 -124911 1
gene 4 1 14 -304379 0 13 -304379 1
gene 4 2 14 371280 0 14 371280 1
gene 2 3 14 -270717 0 15 -270717 1
gene 1 4 14 -800000 0 16 -800000 1
gene 4 5 14 114261 0 17 114261 1
gene 1 6 14 -165903 0 18 -165903 1
gene 2 7 14 436092 0 19 436092 1
gene 1 8 14 -142023 0 20 -142023 1
gene 3 9 14 -99306 0 21 -99306 1
gene 4 10 14 -204801 0 22 -204801 1
gene 3 11 14 -53277 0 23 -53277 1
gene 4 12 14 382995 0 24 382995 1
gene 2 1 15 572556 0 25 572556 1
gene 1 2 15 -301809 0 26 -301809 1
gene 1 3 15 569571 0 27 569571 1
gene 1 4 15 693650 0 28 693650 1
gene 1 5 15 -238374 0 29 -238374 1
gene 3 6 15 -341166 0 30 -341166 1
gene 4 7 15 -382836 0 31 -382836 1
gene 1 8 15 -320937 0 32 -320937 1
gene 1 9 15 -166455 0 33 -166455 1
gene 2 10 15 254370 0 34 254370 1
gene 1 11 15 472635 0 35 472635 1
gene 2 12 15 477306 0 36 477306 1
gene 3 15 13 152133 0 116 152133 1
gene 4 15 14 -90627 0 216 -90627 1
gene 3 14 13 -41152 0 236 -41152 1
genomeend 37


/* Organism #48 Fitness: 380.000000 Time: 0 */
/* Position #48*/
#1 x: 68 y: 19
#2 x: 85 y: 27
#3 x: 49 y: 20
#4 x: 77 y: 85
#5 x: 33 y: 75
#6 x: 46 y: 74
genomestart 48
node 1 2 1 3
node 2 4 1 1
node 3 1 1 1
node 4 4 1 1
node 5 4 1 1
node 6 2 1 1
node 7 3 1 1
node 8 2 1 1
node 9 2 1 1
node 10 2 1 1
node 11 4 1 1
node 12 1 1 1
node 13 1 0 2
node 14 1 0 2
node 15 4 0 2
gene 1 1 13 406625 0 1 406625 1
gene 4 2 13 615816 0 2 615816 1
gene 2 3 13 800000 0 3 800000 1
gene 2 4 13 383627 0 4 383627 1
gene 2 5 13 160400 0 5 160400 1
gene 1 6 13 -184788 0 6 -184788 1
gene 3 7 13 -54790 0 7 -54790 1
gene 2 8 13 -242010 0 8 -242010 1
gene 2 9 13 -424254 0 9 -424254 1
gene 2 10 13 -530754 0 10 -530754 1
gene 2 11 13 -162165 0 11 -162165 1
gene 1 12 13 -135357 0 12 -135357 1
gene 1 1 14 -294138 0 13 -294138 1
gene 2 2 14 -112011 0 14 -112011 1
gene 1 3 14 -261015 0 15 -261015 1
gene 4 4 14 -627216 0 16 -627216 1
gene 3 5 14 -662311 0 17 -662311 1
gene 1 6 14 358206 0 18 358206 1
gene 2 7 14 104067 0 19 104067 1
gene 4 8 14 800000 0 20 800000 1
gene 1 9 14 324386 0 21 324386 1
gene 3 10 14 44430 0 22 44430 1
gene 3 11 14 -198735 0 23 -198735 1
gene 3 12 14 195440 0 24 195440 1
gene 1 1 15 -118525 0 25 -118525 1
gene 3 2 15 -664806 0 26 -664806 1
gene 2 3 15 -399932 0 27 -399932 1
gene 2 4 15 800000 0 28 800000 1
gene 4 5 15 -234693 0 29 -234693 1
gene 2 6 15 422645 0 30 422645 1
gene 1 7 15 310560 0 31 310560 1
gene 3 8 15 195711 0 32 195711 1
gene 2 9 15 -119946 0 33 -119946 1
gene 2 10 15 -148233 0 34 -148233 1
gene 1 11 15 112263 0 35 112263 1
gene 2 12 15 -201216 0 36 -201216 1
gene 2 13 15 -624756 0 137 -624756 1
gene 4 13 13 401490 1 179 401490 1
genomeend 48


/* Organism #49 Fitness: 380.000000 Time: 0 */
/* Position #49*/
#1 x: 68 y: 19
#2 x: 85 y: 27
#3 x: 49 y: 20
#4 x: 77 y: 85
#5 x: 33 y: 75
#6 x: 46 y: 74
genomestart 49
node 1 4 1 3
node 2 4 1 1
node 3 1 1 1
node 4 2 1 1
node 5 3 1 1
node 6 1 1 1
node 7 3 1 1
node 8 1 1 1
node 9 1 1 1
node 10 3 1 1
node 11 2 1 1
node 12 4 1 1
node 13 2 0 2
node 14 1 0 2
node 15 3 0 2
node 26 1 0 0
gene 3 1 13 565338 0 1 565338 1
gene 3 2 13 182289 0 2 182289 1
gene 2 3 13 171660 0 3 171660 1
gene 3 4 13 800000 0 4 800000 1
gene 2 5 13 -55884 0 5 -55884 1
gene 3 6 13 -673100 0 6 -673100 1
gene 3 7 13 -293577 0 7 -293577 1
gene 3 8 13 -562854 0 8 -562854 1
gene 1 9 13 -626217 0 9 -626217 1
gene 1 10 13 633827 0 10 633827 1
gene 1 11 13 163710 0 11 163710 1
gene 2 12 13 248019 0 12 248019 1
gene 1 1 14 800000 0 13 800000 1
gene 3 2 14 -348096 0 14 -348096 1
gene 4 3 14 -600987 0 15 -600987 1
gene 1 4 14 477894 0 16 477894 1
gene 2 5 14 -217943 0 17 -217943 1
gene 3 6 14 -357267 0 18 -357267 0
gene 3 7 14 800000 0 19 800000 1
gene 1 8 14 -659060 0 20 -659060 1
gene 1 9 14 321471 0 21 321471 1
gene 3 10 14 467535 0 22 467535 1
gene 1 11 14 -261702 0 23 -261702 1
gene 3 12 14 -129537 0 24 -129537 1
gene 2 1 15 -171243 0 25 -171243 1
gene 1 2 15 -22020 0 26 -22020 1
gene 1 3 15 -349521 0 27 -349521 1
gene 4 4 15 -299289 0 28 -299289 1
gene 2 5 15 534009 0 29 534009 1
gene 2 6 15 156180 0 30 156180 1
gene 2 7 15 -163449 0 31 -163449 1
gene 1 8 15 -800000 0 32 -800000 1
gene 1 9 15 153435 0 33 153435 1
gene 2 10 15 -800000 0 34 -800000 1
gene 1 11 15 -148653 0 35 -148653 1
gene 3 12 15 102387 0 36 102387 1
gene 1 15 14 -38343 0 103 -38343 1
gene 1 13 14 204822 0 126 204822 1
gene 3 6 26 31354 0 205 31354 1
gene 3 26 14 -260382 0 206 -260382 1
gene 2 26 26 33479 1 237 33479 1
genomeend 49


/* Organism #54 Fitness: 160.000000 Time: 0 */
/* Position #54*/
#1 x: 73 y: 22
#2 x: 32 y: 19
#3 x: 63 y: 29
#4 x: 56 y: 78
#5 x: 77 y: 80
#6 x: 58 y: 71
genomestart 54
node 1 4 1 3
node 2 4 1 1
node 3 1 1 1
node 4 3 1 1
node 5 3 1 1
node 6 1 1 1
node 7 3 1 1
node 8 1 1 1
node 9 1 1 1
node 10 3 1 1
node 11 2 1 1
node 12 4 1 1
node 13 2 0 2
node 14 3 0 2
node 15 3 0 2
gene 3 1 13 -277644 0 1 -277644 1
gene 3 2 13 800000 0 2 800000 1
gene 2 3 13 800000 0 3 800000 1
gene 3 4 13 351534 0 4 351534 1
gene 2 5 13 -219078 0 5 -219078 1
gene 3 6 13 -422697 0 6 -422697 1
gene 3 7 13 -800000 0 7 -800000 1
gene 3 8 13 -713483 0 8 -713483 1
gene 1 9 13 -180563 0 9 -180563 1
gene 1 10 13 666311 0 10 666311 1
gene 1 11 13 240657 0 11 240657 1
gene 2 12 13 389928 0 12 389928 1
gene 1 1 14 469718 0 13 469718 1
gene 3 2 14 -442722 0 14 -442722 1
gene 4 3 14 22569 0 15 22569 1
gene 1 4 14 800000 0 16 800000 1
gene 2 5 14 42879 0 17 42879 1
gene 3 6 14 -292401 0 18 -292401 1
gene 3 7 14 139875 0 19 139875 1
gene 1 8 14 264621 0 20 264621 1
gene 1 9 14 310182 0 21 310182 1
gene 3 10 14 -443859 0 22 -443859 1
gene 1 11 14 -494622 0 23 -494622 1
gene 3 12 14 232488 0 24 232488 1
gene 2 1 15 164865 0 25 164865 1
gene 1 2 15 496124 0 26 496124 1
gene 1 3 15 375342 0 27 375342 1
gene 4 4 15 -800000 0 28 -800000 1
gene 2 5 15 54048 0 29 54048 1
gene 2 6 15 -509586 0 30 -509586 1
gene 2 7 15 87945 0 31 87945 1
gene 1 8 15 149535 0 32 149535 1
gene 1 9 15 -250581 0 33 -250581 1
gene 2 10 15 -122004 0 34 -122004 1
gene 1 11 15 -43752 0 35 -43752 1
gene 3 12 15 -682949 0 36 -682949 1
gene 1 15 14 76845 0 103 76845 1
gene 1 13 14 197106 0 126 197106 1
genomeend 54


/* Organism #60 Fitness: 130.000000 Time: 0 */
/* Position #60*/
#1 x: 64 y: 32
#2 x: 60 y: 36
#3 x: 64 y: 34
#4 x: 72 y: 67
#5 x: 41 y: 62
#6 x: 62 y: 79
genomestart 60
node 1 3 1 3
node 2 4 1 1
node 3 1 1 1
node 4 4 1 1
node 5 3 1 1
node 6 1 1 1
node 7 3 1 1
node 8 3 1 1
node 9 1 1 1
node 10 3 1 1
node 11 3 1 1
node 12 4 1 1
node 13 1 0 2
node 14 1 0 2
node 15 3 0 2
gene 3 1 13 -525702 0 1 -525702 1
gene 3 2 13 161933 0 2 161933 1
gene 2 3 13 201627 0 3 201627 1
gene 3 4 13 199197 0 4 199197 1
gene 2 5 13 141921 0 5 141921 1
gene 3 6 13 -800000 0 6 -800000 1
gene 3 7 13 93483 0 7 93483 1
gene 3 8 13 15309 0 8 15309 1
gene 1 9 13 209625 0 9 209625 1
gene 1 10 13 29135 0 10 29135 1
gene 1 11 13 -386622 0 11 -386622 1
gene 2 12 13 -574298 0 12 -574298 1
gene 1 1 14 4065 0 13 4065 1
gene 3 2 14 203096 0 14 203096 1
gene 4 3 14 -253113 0 15 -253113 1
gene 1 4 14 -700701 0 16 -700701 1
gene 2 5 14 -159349 0 17 -159349 1
gene 3 6 14 -800000 0 18 -800000 1
gene 3 7 14 561372 0 19 561372 1
gene 1 8 14 -199121 0 20 -199121 1
gene 1 9 14 -310215 0 21 -310215 1
gene 3 10 14 678972 0 22 678972 1
gene 2 11 14 480051 0 23 480051 1
gene 3 12 14 96609 0 24 96609 1
gene 2 1 15 -617814 0 25 -617814 1
gene 1 2 15 534726 0 26 534726 1
gene 1 3 15 -78186 0 27 -78186 1
gene 4 4 15 165792 0 28 165792 1
gene 2 5 15 -458649 0 29 -458649 1
gene 2 6 15 362640 0 30 362640 1
gene 2 7 15 279993 0 31 279993 1
gene 1 8 15 225012 0 32 225012 1
gene 1 9 15 166044 0 33 166044 1
gene 2 10 15 216612 0 34 216612 1
gene 1 11 15 405171 0 35 405171 1
gene 3 12 15 484194 0 36 484194 1
gene 1 14 13 -9354 0 218 -9354 1
genomeend 60


/* Organism #81 Fitness: 190.000000 Time: 0 */
/* Position #81*/
#1 x: 82 y: 18
#2 x: 36 y: 24
#3 x: 65 y: 20
#4 x: 75 y: 68
#5 x: 38 y: 79
#6 x: 37 y: 73
genomestart 81
node 1 1 1 3
node 2 2 1 1
node 3 2 1 1
node 4 3 1 1
node 5 1 1 1
node 6 3 1 1
node 7 3 1 1
node 8 2 1 1
node 9 4 1 1
node 10 1 1 1
node 11 1 1 1
node 12 3 1 1
node 13 4 0 2
node 14 3 0 2
node 15 1 0 2
gene 1 1 13 -87006 0 1 -87006 1
gene 1 2 13 179298 0 2 179298 1
gene 1 3 13 282087 0 3 282087 1
gene 3 4 13 31983 0 4 31983 1
gene 3 5 13 -216951 0 5 -216951 1
gene 1 6 13 8457 0 6 8457 1
gene 3 7 13 350403 0 7 350403 1
gene 4 8 13 -96303 0 8 -96303 1
gene 2 9 13 500598 0 9 500598 1
gene 3 10 13 120620 0 10 120620 1
gene 1 11 13 72285 0 11 72285 1
gene 2 12 13 790341 0 12 790341 1
gene 4 1 14 -576888 0 13 -576888 1
gene 1 2 14 129969 0 14 129969 1
gene 4 3 14 156546 0 15 156546 1
gene 1 4 14 -736590 0 16 -736590 1
gene 4 5 14 387054 0 17 387054 1
gene 1 6 14 -18936 0 18 -18936 1
gene 4 7 14 104622 0 19 104622 1
gene 2 8 14 47619 0 20 47619 1
gene 3 9 14 -7551 0 21 -7551 1
gene 2 10 14 -40416 0 22 -40416 1
gene 2 11 14 172365 0 23 172365 1
gene 3 12 14 -422694 0 24 -422694 1
gene 1 1 15 -778335 0 25 -778335 1
gene 1 2 15 -291957 0 26 -291957 1
gene 4 3 15 -274542 0 27 -274542 1
gene 1 4 15 141132 0 28 141132 1
gene 4 5 15 -2523 0 29 -2523 1
gene 3 6 15 351819 0 30 351819 1
gene 1 7 15 68070 0 31 68070 1
gene 4 8 15 -800000 0 32 -800000 1
gene 2 9 15 52893 0 33 52893 1
gene 4 10 15 463257 0 34 463257 1
gene 1 11 15 29055 0 35 29055 1
gene 2 12 15 94332 0 36 94332 1
gene 2 14 15 -90315 0 54 -90315 1
gene 3 14 13 -406794 0 96 -406794 1
genomeend 81


/* Organism #128 Fitness: 240.000000 Time: 0 */
/* Position #128*/
#1 x: 41 y: 36
#2 x: 66 y: 20
#3 x: 34 y: 15
#4 x: 55 y: 74
#5 x: 30 y: 68
#6 x: 20 y: 64
genomestart 128
node 1 3 1 3
node 2 4 1 1
node 3 1 1 1
node 4 4 1 1
node 5 4 1 1
node 6 2 1 1
node 7 3 1 1
node 8 2 1 1
node 9 2 1 1
node 10 2 1 1
node 11 4 1 1
node 12 1 1 1
node 13 2 0 2
node 14 1 0 2
node 15 4 0 2
gene 1 1 13 -648666 0 1 -648666 1
gene 4 2 13 -620400 0 2 -620400 1
gene 2 3 13 305976 0 3 305976 1
gene 2 4 13 272193 0 4 272193 1
gene 2 5 13 114009 0 5 114009 1
gene 1 6 13 -44166 0 6 -44166 1
gene 3 7 13 -175713 0 7 -175713 1
gene 2 8 13 200502 0 8 200502 1
gene 2 9 13 70089 0 9 70089 1
gene 2 10 13 -54132 0 10 -54132 1
gene 4 11 13 427815 0 11 427815 1
gene 1 12 13 -384819 0 12 -384819 1
gene 1 1 14 295059 0 13 295059 1
gene 2 2 14 422183 0 14 422183 1
gene 1 3 14 324822 0 15 324822 1
gene 4 4 14 205782 0 16 205782 1
gene 3 5 14 275871 0 17 275871 1
gene 1 6 14 304581 0 18 304581 1
gene 2 7 14 -197172 0 19 -197172 1
gene 4 8 14 -41809 0 20 -41809 1
gene 1 9 14 696 0 21 696 1
gene 3 10 14 -429675 0 22 -429675 1
gene 3 11 14 800000 0 23 800000 1
gene 3 12 14 705300 0 24 705300 1
gene 1 1 15 212357 0 25 212357 1
gene 3 2 15 298344 0 26 298344 1
gene 2 3 15 27456 0 27 27456 1
gene 2 4 15 325773 0 28 325773 1
gene 4 5 15 -207357 0 29 -207357 1
gene 2 6 15 -60750 0 30 -60750 1
gene 1 7 15 52410 0 31 52410 1
gene 3 8 15 -81540 0 32 -81540 1
gene 2 9 15 -420888 0 33 -420888 1
gene 2 10 15 -168660 0 34 -168660 1
gene 1 11 15 647220 0 35 647220 1
gene 2 12 15 93042 0 36 93042 1
gene 3 15 13 274698 0 209 274698 1
genomeend 128


/* Organism #129 Fitness: 180.000000 Time: 0 */
/* Position #129*/
#1 x: 41 y: 36
#2 x: 66 y: 20
#3 x: 34 y: 15
#4 x: 55 y: 74
#5 x: 30 y: 68
#6 x: 20 y: 64
genomestart 129
node 1 3 1 3
node 2 4 1 1
node 3 1 1 1
node 4 4 1 1
node 5 4 1 1
node 6 2 1 1
node 7 3 1 1
node 8 2 1 1
node 9 2 1 1
node 10 2 1 1
node 11 4 1 1
node 12 1 1 1
node 13 2 0 2
node 14 1 0 2
node 15 4 0 2
gene 1 1 13 -243708 0 1 -243708 1
gene 4 2 13 -18834 0 2 -18834 1
gene 2 3 13 527763 0 3 527763 1
gene 2 4 13 -67696 0 4 -67696 1
gene 2 5 13 -385419 0 5 -385419 1
gene 1 6 13 -11313 0 6 -11313 1
gene 3 7 13 -535278 0 7 -535278 1
gene 2 8 13 445311 0 8 445311 1
gene 2 9 13 252642 0 9 252642 1
gene 2 10 13 -136167 0 10 -136167 1
gene 4 11 13 439605 0 11 439605 1
gene 1 12 13 -52251 0 12 -52251 1
gene 1 1 14 800000 0 13 800000 1
gene 2 2 14 572948 0 14 572948 1
gene 1 3 14 201663 0 15 201663 1
gene 4 4 14 27201 0 16 27201 1
gene 3 5 14 243600 0 17 243600 1
gene 1 6 14 111495 0 18 111495 1
gene 2 7 14 217806 0 19 217806 1
gene 4 8 14 146753 0 20 146753 1
gene 1 9 14 -146076 0 21 -146076 1
gene 3 10 14 -154032 0 22 -154032 1
gene 3 11 14 371493 0 23 371493 1
gene 3 12 14 800000 0 24 800000 1
gene 1 1 15 328241 0 25 328241 1
gene 3 2 15 446796 0 26 446796 1
gene 2 3 15 101322 0 27 101322 1
gene 2 4 15 -118734 0 28 -118734 1
gene 4 5 15 -201165 0 29 -201165 1
gene 2 6 15 -300075 0 30 -300075 1
gene 1 7 15 -100650 0 31 -100650 1
gene 3 8 15 210441 0 32 210441 1
gene 2 9 15 144987 0 33 144987 1
gene 2 10 15 47856 0 34 47856 1
gene 1 11 15 505734 0 35 505734 1
gene 2 12 15 -156645 0 36 -156645 1
gene 3 15 13 -51405 0 209 -51405 1
genomeend 129


/* Organism #139 Fitness: 140.000000 Time: 0 */
/* Position #139*/
#1 x: 67 y: 38
#2 x: 57 y: 17
#3 x: 76 y: 15
#4 x: 33 y: 73
#5 x: 28 y: 69
#6 x: 47 y: 84
genomestart 139
node 1 3 1 3
node 2 4 1 1
node 3 1 1 1
node 4 4 1 1
node 5 3 1 1
node 6 1 1 1
node 7 3 1 1
node 8 1 1 1
node 9 1 1 1
node 10 3 1 1
node 11 3 1 1
node 12 4 1 1
node 13 1 0 2
node 14 1 0 2
node 15 3 0 2
gene 3 1 13 -515175 0 1 -515175 1
gene 3 2 13 -141976 0 2 -141976 1
gene 2 3 13 38850 0 3 38850 1
gene 3 4 13 308475 0 4 308475 1
gene 2 5 13 -113697 0 5 -113697 1
gene 3 6 13 -40053 0 6 -40053 1
gene 3 7 13 229041 0 7 229041 1
gene 3 8 13 -9996 0 8 -9996 1
gene 1 9 13 -36015 0 9 -36015 1
gene 1 10 13 8727 0 10 8727 1
gene 1 11 13 139713 0 11 139713 1
gene 2 12 13 -776132 0 12 -776132 1
gene 1 1 14 342777 0 13 342777 1
gene 3 2 14 47363 0 14 47363 1
gene 4 3 14 -419529 0 15 -419529 1
gene 1 4 14 -665880 0 16 -665880 1
gene 2 5 14 -453745 0 17 -453745 1
gene 3 6 14 -597707 0 18 -597707 1
gene 3 7 14 291090 0 19 291090 1
gene 1 8 14 -542417 0 20 -542417 1
gene 1 9 14 -432138 0 21 -432138 1
gene 3 10 14 149892 0 22 149892 1
gene 2 11 14 -19731 0 23 -19731 1
gene 3 12 14 275850 0 24 275850 1
gene 2 1 15 84591 0 25 84591 1
gene 1 2 15 378699 0 26 378699 1
gene 1 3 15 -444165 0 27 -444165 1
gene 4 4 15 -277149 0 28 -277149 1
gene 2 5 15 377802 0 29 377802 1
gene 2 6 15 79050 0 30 79050 1
gene 2 7 15 -356202 0 31 -356202 1
gene 1 8 15 105606 0 32 105606 1
gene 1 9 15 371904 0 33 371904 1
gene 2 10 15 90594 0 34 90594 1
gene 1 11 15 369093 0 35 369093 1
gene 3 12 15 601518 0 36 601518 1
gene 1 14 13 -292953 0 218 -292953 1
genomeend 139


