/* Organism #0 Fitness: 360.000000 Time: 0 */
/* Position #0*/
#1 x: 34 y: 17
#2 x: 76 y: 26
#3 x: 64 y: 31
#4 x: 51 y: 69
#5 x: 57 y: 67
#6 x: 44 y: 74
genomestart 0
trait 1 1.000000 0.000000 0.000000 0.000000 0.000000 0.000000 0.000000 0.000000 trait 2 60633.000000 0.000000 0.000000 0.000000 0.000000 0.000000 41404.000000 0.000000 trait 3 3.000000 0.000000 0.000000 0.000000 0.000000 0.000000 0.000000 0.000000 trait 4 4.000000 0.000000 0.000000 0.000000 0.000000 0.000000 0.000000 0.000000 node 1 4 1 3
node 2 2 1 1
node 3 4 1 1
node 4 2 1 1
node 5 4 1 1
node 6 3 1 1
node 7 2 1 1
node 8 1 1 1
node 9 4 1 1
node 10 1 1 1
node 11 1 1 1
node 12 1 1 1
node 13 3 0 2
node 14 1 0 2
node 15 4 0 2
node 71 1 0 0
node 289 1 0 0
node 317 1 0 0
node 368 1 0 0
node 381 1 0 0
node 394 1 0 0
node 473 1 0 0
node 490 1 0 0
node 568 1 0 0
node 647 1 0 0
node 686 1 0 0
node 704 1 0 0
node 760 1 0 0
node 834 1 0 0
node 877 1 0 0
node 886 1 0 0
node 948 1 0 0
node 996 1 0 0
node 1018 1 0 0
node 1030 1 0 0
node 1107 1 0 0
node 1283 1 0 0
node 1318 1 0 0
node 1334 1 0 0
node 1348 1 0 0
node 1396 1 0 0
node 1501 1 0 0
node 1585 1 0 0
node 1597 1 0 0
node 1640 1 0 0
node 1671 1 0 0
node 1694 1 0 0
node 1716 1 0 0
node 1793 1 0 0
gene 4 1 13 797949 0 1 797949 1
gene 3 2 13 -714924 0 2 -714924 1
gene 2 3 13 -684212 0 3 -684212 0
gene 4 4 13 205816 0 4 205816 1
gene 2 5 13 349620 0 5 349620 0
gene 3 6 13 133983 0 6 133983 0
gene 1 7 13 -33648 0 7 -33648 0
gene 1 8 13 -603117 0 8 -603117 1
gene 1 9 13 -665546 0 9 -665546 0
gene 2 10 13 -124005 0 10 -124005 1
gene 3 11 13 427959 0 11 427959 1
gene 3 12 13 97605 0 12 97605 1
gene 1 1 14 -86649 0 13 -86649 1
gene 1 2 14 31152 0 14 31152 0
gene 3 3 14 -537302 0 15 -537302 0
gene 1 4 14 286152 0 16 286152 0
gene 1 5 14 698343 0 17 698343 1
gene 1 6 14 224157 0 18 224157 1
gene 1 7 14 193797 0 19 193797 1
gene 2 8 14 -208287 0 20 -208287 1
gene 2 9 14 125431 0 21 125431 0
gene 1 10 14 -149625 0 22 -149625 0
gene 3 11 14 141672 0 23 141672 1
gene 2 12 14 28608 0 24 28608 0
gene 3 1 15 -376824 0 25 -376824 1
gene 2 2 15 -562002 0 26 -562002 1
gene 4 3 15 -355977 0 27 -355977 0
gene 2 4 15 -800000 0 28 -800000 0
gene 2 5 15 -303717 0 29 -303717 1
gene 1 6 15 -216951 0 30 -216951 1
gene 4 7 15 32808 0 31 32808 0
gene 2 8 15 458493 0 32 458493 0
gene 2 9 15 349587 0 33 349587 1
gene 1 10 15 -552291 0 34 -552291 1
gene 3 11 15 -126192 0 35 -126192 0
gene 1 12 15 514014 0 36 514014 1
gene 4 3 71 -189606 0 201 -189606 0
gene 3 71 14 -55992 0 202 -55992 0
gene 1 13 13 174879 1 248 174879 1
gene 2 13 15 -800000 0 413 -800000 1
gene 4 10 71 632003 0 454 632003 1
gene 1 7 71 225363 0 542 225363 0
gene 4 8 71 446921 0 717 446921 0
gene 4 71 71 567843 1 769 567843 0
gene 4 3 289 -293661 0 858 -293661 0
gene 4 289 15 -406890 0 859 -406890 0
gene 3 289 14 800000 0 897 800000 1
gene 4 3 317 -167145 0 942 -167145 0
gene 4 317 289 141684 0 943 141684 1
gene 2 8 368 -258279 0 1081 -258279 0
gene 2 368 15 -708264 0 1082 -708264 1
gene 1 2 381 32997 0 1117 32997 1
gene 2 381 14 730316 0 1118 730316 1
gene 4 3 394 -341454 0 1159 -341454 0
gene 4 394 71 -145365 0 1160 -145365 1
gene 4 1 394 124434 0 1362 124434 1
gene 2 3 473 -362670 0 1405 -362670 1
gene 2 473 13 -198843 0 1406 -198843 1
gene 1 10 490 -721416 0 1456 -721416 1
gene 1 490 14 366651 0 1457 366651 1
gene 3 13 289 103026 0 1591 103026 1
gene 4 71 568 -756053 1 1699 -756053 1
gene 4 568 71 -800000 0 1700 -800000 0
gene 3 568 15 -35799 0 1754 -35799 1
gene 3 289 394 419394 0 1809 419394 0
gene 4 568 647 133998 0 1948 133998 1
gene 4 647 71 284523 0 1949 284523 1
gene 1 7 686 -29175 0 2069 -29175 1
gene 1 686 71 -179868 0 2070 -179868 1
gene 3 71 704 510594 0 2122 510594 1
gene 3 704 14 283254 0 2123 283254 1
gene 3 289 760 -45 0 2296 -45 1
gene 3 760 394 385788 0 2297 385788 1
gene 4 368 394 -736803 0 2326 -736803 1
gene 2 10 289 104820 0 2376 104820 1
gene 4 3 834 -105447 0 2518 -105447 1
gene 4 834 317 2430 0 2519 2430 1
gene 2 12 877 -530178 0 2634 -530178 1
gene 2 877 14 515622 0 2635 515622 1
gene 2 4 886 -800000 0 2665 -800000 1
gene 2 886 15 -134418 0 2666 -134418 1
gene 2 5 948 -277410 0 2855 -277410 0
gene 2 948 13 442689 0 2856 442689 0
gene 2 877 877 18150 1 2903 18150 1
gene 1 7 996 434637 0 2996 434637 1
gene 1 996 13 -32874 0 2997 -32874 1
gene 3 7 1018 330843 0 3054 330843 1
gene 4 1018 15 -103515 0 3055 -103515 1
gene 1 4 1030 332853 0 3100 332853 1
gene 1 1030 14 -146772 0 3101 -146772 1
gene 3 568 568 334061 1 3154 334061 1
gene 2 5 1107 -214800 0 3308 -214800 1
gene 2 1107 948 783546 0 3309 783546 1
gene 4 686 686 -409038 1 3352 -409038 0
gene 3 996 490 -77973 0 3408 -77973 1
gene 3 996 996 -34602 1 3624 -34602 1
gene 3 381 381 -427656 1 3767 -427656 1
gene 4 3 1283 -393600 0 3832 -393600 0
gene 4 1283 394 379857 0 3833 379857 1
gene 2 8 1318 289398 0 3932 289398 1
gene 2 1318 368 153432 0 3933 153432 1
gene 4 3 1334 715857 0 3987 715857 0
gene 4 1334 1283 20562 0 3988 20562 1
gene 3 6 1348 23013 0 4030 23013 1
gene 3 1348 13 -800000 0 4031 -800000 1
gene 3 11 1396 625337 0 4170 625337 1
gene 3 1396 15 21123 0 4171 21123 1
gene 2 948 1501 -268632 0 4488 -268632 1
gene 2 1501 13 -342510 0 4489 -342510 1
gene 4 8 1585 -77763 0 4719 -77763 1
gene 4 1585 71 211440 0 4720 211440 1
gene 4 686 1597 1 1 4760 1 1
gene 4 1597 686 -212154 0 4761 -212154 1
gene 4 289 1640 -266589 0 4886 -266589 1
gene 4 1640 15 169725 0 4887 169725 1
gene 4 3 1671 1 0 4986 0 0
gene 4 1671 1334 715857 0 4987 0 1
gene 1 9 1694 1 0 5048 0 1
gene 1 1694 13 -665546 0 5049 0 1
gene 4 3 1716 1 0 5109 0 1
gene 4 1716 1671 1 0 5110 0 1
gene 1 2 1671 -864 0 5165 -864 1
gene 2 5 289 43547 0 5214 43547 1
gene 4 1283 1396 -67169 0 5267 -67169 1
gene 2 9 1793 1 0 5330 0 1
gene 2 1793 14 125431 0 5331 0 1
genomeend 0


/* Organism #14 Fitness: 420.000000 Time: 0 */
/* Position #14*/
#1 x: 74 y: 38
#2 x: 38 y: 31
#3 x: 15 y: 18
#4 x: 47 y: 85
#5 x: 46 y: 85
#6 x: 73 y: 75
genomestart 14
trait 1 1.000000 0.000000 0.000000 0.000000 0.000000 0.000000 0.000000 0.000000 trait 2 2.000000 0.000000 0.000000 0.000000 0.000000 0.000000 0.000000 0.000000 trait 3 0.000000 0.000000 0.000000 0.000000 0.000000 47596.000000 66499.000000 0.000000 trait 4 4.000000 0.000000 0.000000 0.000000 0.000000 0.000000 0.000000 0.000000 node 1 4 1 3
node 2 2 1 1
node 3 4 1 1
node 4 2 1 1
node 5 4 1 1
node 6 3 1 1
node 7 2 1 1
node 8 1 1 1
node 9 4 1 1
node 10 1 1 1
node 11 1 1 1
node 12 4 1 1
node 13 3 0 2
node 14 1 0 2
node 15 4 0 2
node 71 1 0 0
node 289 1 0 0
node 317 1 0 0
node 368 1 0 0
node 381 1 0 0
node 394 1 0 0
node 473 1 0 0
node 490 1 0 0
node 568 1 0 0
node 647 1 0 0
node 686 1 0 0
node 704 1 0 0
node 760 1 0 0
node 834 1 0 0
node 877 1 0 0
node 886 1 0 0
node 948 1 0 0
node 996 1 0 0
node 1018 1 0 0
node 1030 1 0 0
node 1107 1 0 0
node 1188 1 0 0
node 1240 1 0 0
node 1316 1 0 0
node 1373 1 0 0
node 1445 1 0 0
node 1459 1 0 0
node 1474 1 0 0
node 1504 1 0 0
node 1625 1 0 0
node 1675 1 0 0
node 1700 1 0 0
node 1720 1 0 0
gene 4 1 13 -113745 0 1 -113745 1
gene 3 2 13 54363 0 2 54363 1
gene 2 3 13 60681 0 3 60681 0
gene 4 4 13 -510941 0 4 -510941 1
gene 2 5 13 -268779 0 5 -268779 0
gene 3 6 13 -800000 0 6 -800000 1
gene 1 7 13 -86145 0 7 -86145 0
gene 1 8 13 -195903 0 8 -195903 1
gene 1 9 13 -346200 0 9 -346200 1
gene 2 10 13 -284526 0 10 -284526 1
gene 3 11 13 309201 0 11 309201 1
gene 3 12 13 800000 0 12 800000 1
gene 1 1 14 150912 0 13 150912 1
gene 1 2 14 27267 0 14 27267 0
gene 3 3 14 485547 0 15 485547 0
gene 1 4 14 283905 0 16 283905 0
gene 1 5 14 398796 0 17 398796 1
gene 1 6 14 -159345 0 18 -159345 1
gene 1 7 14 -568875 0 19 -568875 1
gene 2 8 14 -13689 0 20 -13689 1
gene 2 9 14 263253 0 21 263253 0
gene 1 10 14 248771 0 22 248771 0
gene 3 11 14 -20559 0 23 -20559 1
gene 2 12 14 -44886 0 24 -44886 0
gene 3 1 15 -79284 0 25 -79284 1
gene 2 2 15 116307 0 26 116307 1
gene 4 3 15 551757 0 27 551757 0
gene 2 4 15 -271449 0 28 -271449 0
gene 2 5 15 -207504 0 29 -207504 0
gene 1 6 15 -180069 0 30 -180069 1
gene 4 7 15 -800000 0 31 -800000 0
gene 2 8 15 -800000 0 32 -800000 0
gene 2 9 15 655287 0 33 655287 1
gene 1 10 15 -321246 0 34 -321246 1
gene 3 11 15 216534 0 35 216534 1
gene 1 12 15 34461 0 36 34461 0
gene 4 3 71 -299775 0 201 -299775 0
gene 3 71 14 -258612 0 202 -258612 0
gene 1 13 13 -737177 1 248 -737177 1
gene 2 13 15 149007 0 413 149007 1
gene 4 10 71 -665481 0 454 -665481 1
gene 2 7 71 -291180 0 542 -291180 0
gene 4 8 71 -680736 0 717 -680736 1
gene 4 71 71 -88134 1 769 -88134 0
gene 4 3 289 -584640 0 858 -584640 0
gene 4 289 15 200124 0 859 200124 1
gene 3 289 14 369174 0 897 369174 0
gene 4 3 317 -18843 0 942 -18843 0
gene 4 317 289 539142 0 943 539142 1
gene 2 8 368 -152832 0 1081 -152832 1
gene 2 368 15 479052 0 1082 479052 1
gene 1 2 381 -127350 0 1117 -127350 1
gene 2 381 14 606752 0 1118 606752 1
gene 4 3 394 -171777 0 1159 -171777 1
gene 4 394 71 -500010 0 1160 -500010 1
gene 4 1 394 -198861 0 1362 -198861 1
gene 2 3 473 -105315 0 1405 -105315 1
gene 2 473 13 195732 0 1406 195732 1
gene 1 10 490 30618 0 1456 30618 0
gene 1 490 14 177417 0 1457 177417 1
gene 3 13 289 547149 0 1591 547149 1
gene 4 71 568 483153 1 1699 483153 1
gene 4 568 71 461733 0 1700 461733 0
gene 3 568 15 -731951 0 1754 -731951 1
gene 3 289 394 -800000 0 1809 -800000 0
gene 4 568 647 -800000 0 1948 -800000 1
gene 4 647 71 37146 0 1949 37146 1
gene 1 7 686 -501588 0 2069 -501588 1
gene 1 686 71 -449820 0 2070 -449820 1
gene 1 71 704 -225246 0 2122 -225246 0
gene 3 704 14 -62063 0 2123 -62063 1
gene 3 289 760 -368940 0 2296 -368940 1
gene 3 760 394 -411105 0 2297 -411105 1
gene 4 368 394 86043 0 2326 86043 1
gene 2 10 289 139693 0 2376 139693 1
gene 4 3 834 169848 0 2518 169848 1
gene 4 834 317 696774 0 2519 696774 0
gene 2 12 877 295485 0 2634 295485 1
gene 2 877 14 -52863 0 2635 -52863 1
gene 2 4 886 409470 0 2665 409470 1
gene 2 886 15 -398271 0 2666 -398271 1
gene 2 5 948 -420900 0 2855 -420900 0
gene 2 948 13 82689 0 2856 82689 1
gene 2 877 877 -757388 1 2903 -757388 1
gene 1 7 996 -75228 0 2996 -75228 1
gene 1 996 13 -232929 0 2997 -232929 1
gene 3 7 1018 484474 0 3054 484474 1
gene 4 1018 15 -421032 0 3055 -421032 1
gene 1 4 1030 -4122 0 3100 -4122 1
gene 1 1030 14 -325692 0 3101 -325692 1
gene 3 568 568 -800000 1 3154 -800000 0
gene 2 5 1107 -435492 0 3308 -435492 1
gene 2 1107 948 -499887 0 3309 -499887 1
gene 4 686 686 336513 1 3352 336513 1
gene 3 996 490 -657576 0 3408 -657576 1
gene 2 9 1188 566514 0 3558 566514 0
gene 2 1188 14 783039 0 3559 783039 1
gene 4 381 71 578946 0 3665 578946 0
gene 1 10 1240 -107988 0 3707 -107988 1
gene 1 1240 490 189141 0 3708 189141 1
gene 3 1107 1030 -222444 0 3763 -222444 1
gene 2 9 1316 499983 0 3922 499983 0
gene 2 1316 1188 -83781 0 3923 -83781 1
gene 1 12 1373 155715 0 4116 155715 1
gene 1 1373 15 -26619 0 4117 -26619 1
gene 1 3 1316 42876 0 4180 42876 1
gene 4 834 1445 152730 0 4313 152730 1
gene 4 1445 317 68874 0 4314 68874 1
gene 4 381 1459 -147767 0 4355 -147767 1
gene 4 1459 71 -233847 0 4356 -233847 1
gene 3 289 1474 -502563 0 4406 -502563 1
gene 3 1474 14 -157815 0 4407 -157815 1
gene 2 394 1373 192043 0 4457 192043 1
gene 2 5 1504 -238140 0 4497 -238140 0
gene 2 1504 15 -274077 0 4498 -274077 1
gene 4 1504 886 -237548 0 4750 -237548 1
gene 2 9 1625 -473351 0 4838 -473351 1
gene 2 1625 1316 286653 0 4839 286653 1
gene 4 1 1625 67423 0 4968 67423 1
gene 3 568 1675 134104 1 4996 134104 1
gene 3 1675 568 -620640 0 4997 -620640 1
gene 2 5 1700 282075 0 5071 282075 1
gene 2 1700 1504 551067 0 5072 551067 1
gene 3 71 1720 95604 0 5118 95604 1
gene 3 1720 704 125157 0 5119 125157 1
gene 4 1316 647 -78717 0 5344 -78717 1
genomeend 14


/* Organism #24 Fitness: 300.000000 Time: 0 */
/* Position #24*/
#1 x: 72 y: 37
#2 x: 39 y: 32
#3 x: 71 y: 39
#4 x: 77 y: 76
#5 x: 48 y: 76
#6 x: 27 y: 75
genomestart 24
trait 1 1.000000 0.000000 0.000000 0.000000 0.000000 0.000000 0.000000 0.000000 trait 2 2.000000 0.000000 0.000000 0.000000 0.000000 0.000000 0.000000 0.000000 trait 3 3.000000 0.000000 0.000000 0.000000 0.000000 0.000000 0.000000 0.000000 trait 4 4.000000 0.000000 0.000000 0.000000 0.000000 0.000000 0.000000 0.000000 node 1 4 1 3
node 2 2 1 1
node 3 4 1 1
node 4 2 1 1
node 5 4 1 1
node 6 3 1 1
node 7 2 1 1
node 8 1 1 1
node 9 4 1 1
node 10 1 1 1
node 11 1 1 1
node 12 4 1 1
node 13 3 0 2
node 14 1 0 2
node 15 4 0 2
node 71 1 0 0
node 289 1 0 0
node 317 1 0 0
node 368 1 0 0
node 381 1 0 0
node 394 1 0 0
node 473 1 0 0
node 490 1 0 0
node 568 1 0 0
node 647 1 0 0
node 686 1 0 0
node 704 1 0 0
node 760 1 0 0
node 834 1 0 0
node 877 1 0 0
node 886 1 0 0
node 948 1 0 0
node 996 1 0 0
node 1018 1 0 0
node 1030 1 0 0
node 1107 1 0 0
node 1188 1 0 0
node 1240 1 0 0
node 1316 1 0 0
node 1373 1 0 0
node 1445 1 0 0
node 1459 1 0 0
node 1474 1 0 0
node 1504 1 0 0
node 1656 1 0 0
node 1801 1 0 0
gene 4 1 13 539790 0 1 539790 1
gene 3 2 13 -275925 0 2 -275925 1
gene 2 3 13 136044 0 3 136044 0
gene 4 4 13 -540029 0 4 -540029 1
gene 2 5 13 333504 0 5 333504 0
gene 3 6 13 -470331 0 6 -470331 1
gene 1 7 13 -76227 0 7 -76227 0
gene 1 8 13 -118230 0 8 -118230 1
gene 1 9 13 -197259 0 9 -197259 1
gene 2 10 13 -507417 0 10 -507417 1
gene 3 11 13 386382 0 11 386382 1
gene 3 12 13 800000 0 12 800000 1
gene 1 1 14 -327084 0 13 -327084 1
gene 1 2 14 -549875 0 14 -549875 0
gene 3 3 14 448746 0 15 448746 0
gene 1 4 14 -170172 0 16 -170172 0
gene 1 5 14 239667 0 17 239667 1
gene 1 6 14 -336192 0 18 -336192 1
gene 1 7 14 -534129 0 19 -534129 1
gene 2 8 14 -143862 0 20 -143862 1
gene 2 9 14 550083 0 21 550083 0
gene 1 10 14 -95694 0 22 -95694 0
gene 3 11 14 346938 0 23 346938 1
gene 2 12 14 -208062 0 24 -208062 0
gene 3 1 15 506666 0 25 506666 1
gene 2 2 15 321609 0 26 321609 1
gene 4 3 15 -348552 0 27 -348552 0
gene 2 4 15 -434439 0 28 -434439 0
gene 2 5 15 102759 0 29 102759 0
gene 1 6 15 42105 0 30 42105 0
gene 4 7 15 -253482 0 31 -253482 0
gene 2 8 15 -480396 0 32 -480396 0
gene 2 9 15 68898 0 33 68898 1
gene 1 10 15 124791 0 34 124791 1
gene 3 11 15 -313314 0 35 -313314 1
gene 1 12 15 451125 0 36 451125 0
gene 4 3 71 -453096 0 201 -453096 0
gene 3 71 14 347835 0 202 347835 0
gene 1 13 13 -800000 1 248 -800000 1
gene 2 13 15 206208 0 413 206208 1
gene 4 10 71 -260658 0 454 -260658 1
gene 2 7 71 -800000 0 542 -800000 0
gene 4 8 71 -755070 0 717 -755070 1
gene 4 71 71 -202857 1 769 -202857 0
gene 4 3 289 39495 0 858 39495 0
gene 4 289 15 -159456 0 859 -159456 1
gene 2 289 14 -72813 0 897 -72813 0
gene 4 3 317 -189198 0 942 -189198 0
gene 4 317 289 500699 0 943 500699 1
gene 2 8 368 480801 0 1081 480801 1
gene 2 368 15 291201 0 1082 291201 1
gene 1 2 381 -516648 0 1117 -516648 1
gene 2 381 14 332168 0 1118 332168 1
gene 4 3 394 -479639 0 1159 -479639 1
gene 4 394 71 237192 0 1160 237192 1
gene 4 1 394 -337050 0 1362 -337050 1
gene 2 3 473 225273 0 1405 225273 1
gene 2 473 13 613601 0 1406 613601 1
gene 1 10 490 261471 0 1456 261471 0
gene 1 490 14 40125 0 1457 40125 1
gene 3 13 289 569736 0 1591 569736 0
gene 4 71 568 426666 1 1699 426666 1
gene 4 568 71 800000 0 1700 800000 0
gene 3 568 15 -609623 0 1754 -609623 1
gene 3 289 394 163083 0 1809 163083 0
gene 4 568 647 -549294 0 1948 -549294 1
gene 4 647 71 -159666 0 1949 -159666 1
gene 1 7 686 -640970 0 2069 -640970 1
gene 1 686 71 -800000 0 2070 -800000 1
gene 3 71 704 -685359 0 2122 -685359 1
gene 3 704 14 -189845 0 2123 -189845 1
gene 3 289 760 103821 0 2296 103821 1
gene 3 760 394 40818 0 2297 40818 1
gene 4 368 394 330435 0 2326 330435 1
gene 2 10 289 709640 0 2376 709640 1
gene 4 3 834 180474 0 2518 180474 1
gene 4 834 317 317961 0 2519 317961 0
gene 2 12 877 292593 0 2634 292593 1
gene 2 877 14 288483 0 2635 288483 1
gene 2 4 886 124269 0 2665 124269 1
gene 2 886 15 -149970 0 2666 -149970 1
gene 2 5 948 339948 0 2855 339948 0
gene 2 948 13 -268695 0 2856 -268695 1
gene 2 877 877 -223358 1 2903 -223358 1
gene 1 7 996 -609624 0 2996 -609624 1
gene 1 996 13 -196467 0 2997 -196467 1
gene 3 7 1018 -356097 0 3054 -356097 1
gene 4 1018 15 267237 0 3055 267237 1
gene 1 4 1030 -197961 0 3100 -197961 1
gene 1 1030 14 87987 0 3101 87987 1
gene 3 568 568 151551 1 3154 151551 1
gene 2 5 1107 584310 0 3308 584310 1
gene 2 1107 948 145176 0 3309 145176 1
gene 4 686 686 264033 1 3352 264033 1
gene 3 996 490 -212961 0 3408 -212961 1
gene 2 9 1188 -11232 0 3558 -11232 0
gene 2 1188 14 -199797 0 3559 -199797 1
gene 4 381 71 -165183 0 3665 -165183 0
gene 1 10 1240 262665 0 3707 262665 1
gene 1 1240 490 345612 0 3708 345612 1
gene 3 1107 1030 194958 0 3763 194958 1
gene 2 9 1316 -222324 0 3922 -222324 1
gene 2 1316 1188 -89817 0 3923 -89817 1
gene 1 12 1373 322623 0 4116 322623 1
gene 1 1373 15 -164970 0 4117 -164970 1
gene 1 3 1316 -279099 0 4180 -279099 1
gene 4 834 1445 464800 0 4313 464800 1
gene 4 1445 317 518931 0 4314 518931 1
gene 4 381 1459 -224868 0 4355 -224868 1
gene 4 1459 71 -145410 0 4356 -145410 1
gene 3 289 1474 -197187 0 4406 -197187 1
gene 3 1474 14 -733853 0 4407 -733853 1
gene 2 394 1373 271209 0 4457 271209 1
gene 2 5 1504 -18699 0 4497 -18699 1
gene 2 1504 15 149433 0 4498 149433 1
gene 1 368 368 106723 1 4857 106723 1
gene 3 368 760 70690 0 4894 70690 1
gene 3 13 1656 -111146 0 4939 -111146 1
gene 3 1656 289 -10110 0 4940 -10110 1
gene 4 704 1030 -183102 0 5148 -183102 1
gene 1 6 1801 1 0 5357 0 1
gene 1 1801 15 42105 0 5358 0 1
genomeend 24


/* Organism #25 Fitness: 300.000000 Time: 0 */
/* Position #25*/
#1 x: 72 y: 37
#2 x: 39 y: 32
#3 x: 71 y: 39
#4 x: 77 y: 76
#5 x: 48 y: 76
#6 x: 27 y: 75
genomestart 25
trait 1 1.000000 0.000000 0.000000 0.000000 0.000000 0.000000 0.000000 0.000000 trait 2 2.000000 0.000000 0.000000 0.000000 0.000000 0.000000 0.000000 0.000000 trait 3 3.000000 0.000000 0.000000 0.000000 0.000000 0.000000 0.000000 0.000000 trait 4 4.000000 0.000000 0.000000 0.000000 0.000000 0.000000 0.000000 0.000000 node 1 4 1 3
node 2 2 1 1
node 3 4 1 1
node 4 2 1 1
node 5 4 1 1
node 6 3 1 1
node 7 2 1 1
node 8 1 1 1
node 9 4 1 1
node 10 1 1 1
node 11 1 1 1
node 12 4 1 1
node 13 3 0 2
node 14 1 0 2
node 15 4 0 2
node 71 1 0 0
node 289 1 0 0
node 317 1 0 0
node 368 1 0 0
node 381 1 0 0
node 394 1 0 0
node 473 1 0 0
node 490 1 0 0
node 568 1 0 0
node 647 1 0 0
node 686 1 0 0
node 704 1 0 0
node 760 1 0 0
node 834 1 0 0
node 877 1 0 0
node 886 1 0 0
node 948 1 0 0
node 996 1 0 0
node 1018 1 0 0
node 1030 1 0 0
node 1107 1 0 0
node 1188 1 0 0
node 1240 1 0 0
node 1316 1 0 0
node 1373 1 0 0
node 1445 1 0 0
node 1459 1 0 0
node 1474 1 0 0
node 1504 1 0 0
node 1656 1 0 0
node 1797 1 0 0
gene 4 1 13 539790 0 1 539790 1
gene 3 2 13 -275925 0 2 -275925 1
gene 2 3 13 136044 0 3 136044 0
gene 4 4 13 -540029 0 4 -540029 1
gene 2 5 13 333504 0 5 333504 0
gene 3 6 13 -470331 0 6 -470331 1
gene 1 7 13 -76227 0 7 -76227 0
gene 1 8 13 -118230 0 8 -118230 1
gene 1 9 13 -197259 0 9 -197259 1
gene 2 10 13 -507417 0 10 -507417 1
gene 3 11 13 386382 0 11 386382 1
gene 3 12 13 800000 0 12 800000 1
gene 1 1 14 -327084 0 13 -327084 1
gene 1 2 14 -549875 0 14 -549875 0
gene 3 3 14 448746 0 15 448746 0
gene 1 4 14 -170172 0 16 -170172 0
gene 1 5 14 239667 0 17 239667 1
gene 1 6 14 -336192 0 18 -336192 1
gene 1 7 14 -534129 0 19 -534129 1
gene 2 8 14 -143862 0 20 -143862 1
gene 2 9 14 550083 0 21 550083 0
gene 1 10 14 -95694 0 22 -95694 0
gene 3 11 14 346938 0 23 346938 1
gene 2 12 14 -208062 0 24 -208062 0
gene 3 1 15 506666 0 25 506666 1
gene 2 2 15 321609 0 26 321609 1
gene 4 3 15 -348552 0 27 -348552 0
gene 2 4 15 -434439 0 28 -434439 0
gene 2 5 15 102759 0 29 102759 0
gene 1 6 15 42105 0 30 42105 1
gene 4 7 15 -253482 0 31 -253482 0
gene 2 8 15 -480396 0 32 -480396 0
gene 2 9 15 68898 0 33 68898 1
gene 1 10 15 124791 0 34 124791 1
gene 3 11 15 -313314 0 35 -313314 1
gene 1 12 15 451125 0 36 451125 0
gene 4 3 71 -453096 0 201 -453096 0
gene 3 71 14 347835 0 202 347835 0
gene 1 13 13 -800000 1 248 -800000 1
gene 2 13 15 206208 0 413 206208 1
gene 4 10 71 -260658 0 454 -260658 1
gene 2 7 71 -800000 0 542 -800000 0
gene 4 8 71 -755070 0 717 -755070 1
gene 4 71 71 -202857 1 769 -202857 0
gene 4 3 289 39495 0 858 39495 0
gene 4 289 15 -159456 0 859 -159456 1
gene 2 289 14 -72813 0 897 -72813 0
gene 4 3 317 -189198 0 942 -189198 0
gene 4 317 289 500699 0 943 500699 1
gene 2 8 368 480801 0 1081 480801 1
gene 2 368 15 291201 0 1082 291201 1
gene 1 2 381 -516648 0 1117 -516648 1
gene 2 381 14 332168 0 1118 332168 1
gene 4 3 394 -479639 0 1159 -479639 1
gene 4 394 71 237192 0 1160 237192 1
gene 4 1 394 -337050 0 1362 -337050 1
gene 2 3 473 225273 0 1405 225273 1
gene 2 473 13 613601 0 1406 613601 1
gene 1 10 490 261471 0 1456 261471 0
gene 1 490 14 40125 0 1457 40125 0
gene 3 13 289 569736 0 1591 569736 0
gene 4 71 568 426666 1 1699 426666 1
gene 4 568 71 800000 0 1700 800000 0
gene 3 568 15 -609623 0 1754 -609623 1
gene 3 289 394 163083 0 1809 163083 0
gene 4 568 647 -549294 0 1948 -549294 1
gene 4 647 71 -159666 0 1949 -159666 1
gene 1 7 686 -640970 0 2069 -640970 1
gene 1 686 71 -800000 0 2070 -800000 1
gene 3 71 704 -685359 0 2122 -685359 1
gene 3 704 14 -189845 0 2123 -189845 1
gene 3 289 760 103821 0 2296 103821 1
gene 3 760 394 40818 0 2297 40818 1
gene 4 368 394 330435 0 2326 330435 1
gene 2 10 289 709640 0 2376 709640 1
gene 4 3 834 180474 0 2518 180474 1
gene 4 834 317 317961 0 2519 317961 0
gene 2 12 877 292593 0 2634 292593 1
gene 2 877 14 288483 0 2635 288483 1
gene 2 4 886 124269 0 2665 124269 1
gene 2 886 15 -149970 0 2666 -149970 1
gene 2 5 948 339948 0 2855 339948 0
gene 2 948 13 -268695 0 2856 -268695 1
gene 2 877 877 -223358 1 2903 -223358 1
gene 1 7 996 -609624 0 2996 -609624 1
gene 1 996 13 -196467 0 2997 -196467 1
gene 3 7 1018 -356097 0 3054 -356097 1
gene 4 1018 15 267237 0 3055 267237 1
gene 1 4 1030 -197961 0 3100 -197961 1
gene 1 1030 14 87987 0 3101 87987 1
gene 3 568 568 151551 1 3154 151551 1
gene 2 5 1107 584310 0 3308 584310 1
gene 2 1107 948 145176 0 3309 145176 1
gene 4 686 686 264033 1 3352 264033 1
gene 3 996 490 -212961 0 3408 -212961 1
gene 2 9 1188 -11232 0 3558 -11232 0
gene 2 1188 14 -199797 0 3559 -199797 1
gene 4 381 71 -165183 0 3665 -165183 0
gene 1 10 1240 262665 0 3707 262665 1
gene 1 1240 490 345612 0 3708 345612 1
gene 3 1107 1030 194958 0 3763 194958 1
gene 2 9 1316 -222324 0 3922 -222324 1
gene 2 1316 1188 -89817 0 3923 -89817 1
gene 1 12 1373 322623 0 4116 322623 1
gene 1 1373 15 -164970 0 4117 -164970 1
gene 1 3 1316 -279099 0 4180 -279099 1
gene 4 834 1445 464800 0 4313 464800 1
gene 4 1445 317 518931 0 4314 518931 1
gene 4 381 1459 -224868 0 4355 -224868 1
gene 4 1459 71 -145410 0 4356 -145410 1
gene 3 289 1474 -197187 0 4406 -197187 1
gene 3 1474 14 -733853 0 4407 -733853 1
gene 2 394 1373 271209 0 4457 271209 1
gene 2 5 1504 -18699 0 4497 -18699 1
gene 2 1504 15 149433 0 4498 149433 1
gene 1 368 368 106723 1 4857 106723 1
gene 3 368 760 70690 0 4894 70690 1
gene 3 13 1656 -111146 0 4939 -111146 1
gene 3 1656 289 -10110 0 4940 -10110 1
gene 4 704 1030 -183102 0 5148 -183102 1
gene 1 490 1797 1 0 5347 0 1
gene 1 1797 14 40125 0 5348 0 1
genomeend 25


/* Organism #42 Fitness: 300.000000 Time: 0 */
/* Position #42*/
#1 x: 17 y: 20
#2 x: 22 y: 32
#3 x: 79 y: 20
#4 x: 47 y: 66
#5 x: 60 y: 83
#6 x: 19 y: 79
genomestart 42
trait 1 1.000000 0.000000 0.000000 0.000000 0.000000 0.000000 0.000000 0.000000 trait 2 60633.000000 0.000000 0.000000 0.000000 0.000000 0.000000 41404.000000 0.000000 trait 3 3.000000 0.000000 0.000000 0.000000 0.000000 0.000000 0.000000 0.000000 trait 4 4.000000 0.000000 0.000000 0.000000 0.000000 0.000000 0.000000 0.000000 node 1 4 1 3
node 2 2 1 1
node 3 4 1 1
node 4 2 1 1
node 5 4 1 1
node 6 3 1 1
node 7 2 1 1
node 8 1 1 1
node 9 4 1 1
node 10 1 1 1
node 11 1 1 1
node 12 1 1 1
node 13 3 0 2
node 14 1 0 2
node 15 4 0 2
node 71 1 0 0
node 289 2 0 0
node 317 1 0 0
node 368 1 0 0
node 381 1 0 0
node 394 1 0 0
node 473 1 0 0
node 490 1 0 0
node 568 1 0 0
node 647 1 0 0
node 686 1 0 0
node 704 1 0 0
node 760 1 0 0
node 834 1 0 0
node 877 1 0 0
node 886 1 0 0
node 948 1 0 0
node 996 1 0 0
node 1018 1 0 0
node 1030 1 0 0
node 1107 1 0 0
node 1283 1 0 0
node 1318 1 0 0
node 1334 1 0 0
node 1348 1 0 0
node 1396 1 0 0
node 1501 1 0 0
node 1585 1 0 0
node 1597 1 0 0
node 1640 1 0 0
node 1671 1 0 0
node 1694 1 0 0
node 1716 1 0 0
gene 4 1 13 520131 0 1 520131 1
gene 3 2 13 -757839 0 2 -757839 1
gene 2 3 13 -800000 0 3 -800000 0
gene 4 4 13 61543 0 4 61543 1
gene 2 5 13 464994 0 5 464994 0
gene 3 6 13 -136773 0 6 -136773 0
gene 1 7 13 -308328 0 7 -308328 0
gene 1 8 13 -800000 0 8 -800000 1
gene 1 9 13 -800000 0 9 -800000 0
gene 2 10 13 39360 0 10 39360 1
gene 3 11 13 212733 0 11 212733 1
gene 3 12 13 -117360 0 12 -117360 1
gene 1 1 14 -223218 0 13 -223218 1
gene 1 2 14 207555 0 14 207555 0
gene 3 3 14 -702842 0 15 -702842 0
gene 1 4 14 82122 0 16 82122 0
gene 1 5 14 756483 0 17 756483 1
gene 1 6 14 370728 0 18 370728 1
gene 1 7 14 125061 0 19 125061 1
gene 2 8 14 -201357 0 20 -201357 1
gene 2 9 14 59188 0 21 59188 1
gene 1 10 14 -307977 0 22 -307977 0
gene 3 11 14 411477 0 23 411477 1
gene 2 12 14 219483 0 24 219483 0
gene 3 1 15 -348825 0 25 -348825 1
gene 2 2 15 -306429 0 26 -306429 1
gene 4 3 15 -289635 0 27 -289635 0
gene 2 4 15 -800000 0 28 -800000 0
gene 2 5 15 -5709 0 29 -5709 1
gene 1 6 15 -326919 0 30 -326919 1
gene 4 7 15 217962 0 31 217962 0
gene 2 8 15 287529 0 32 287529 0
gene 2 9 15 78990 0 33 78990 1
gene 1 10 15 -736344 0 34 -736344 1
gene 3 11 15 -406611 0 35 -406611 0
gene 1 12 15 468453 0 36 468453 1
gene 4 3 71 -455295 0 201 -455295 0
gene 3 71 14 209835 0 202 209835 0
gene 1 13 13 1977 1 248 1977 1
gene 2 13 15 -800000 0 413 -800000 1
gene 4 10 71 374744 0 454 374744 1
gene 1 7 71 424248 0 542 424248 0
gene 4 8 71 598583 0 717 598583 0
gene 4 71 71 785859 1 769 785859 0
gene 4 3 289 -476475 0 858 -476475 0
gene 4 289 15 -355773 0 859 -355773 0
gene 3 289 14 800000 0 897 800000 1
gene 4 3 317 46995 0 942 46995 0
gene 4 317 289 -147027 0 943 -147027 1
gene 2 8 368 -60975 0 1081 -60975 0
gene 2 368 15 -771465 0 1082 -771465 1
gene 1 2 381 -77154 0 1117 -77154 1
gene 2 381 14 800000 0 1118 800000 1
gene 4 3 394 -202845 0 1159 -202845 0
gene 4 394 71 -132768 0 1160 -132768 1
gene 4 1 394 117153 0 1362 117153 1
gene 2 3 473 -583962 0 1405 -583962 1
gene 2 473 13 -211590 0 1406 -211590 1
gene 1 10 490 -427608 0 1456 -427608 1
gene 1 490 14 628386 0 1457 628386 1
gene 3 13 289 40587 0 1591 40587 1
gene 4 71 568 -752333 1 1699 -752333 1
gene 4 568 71 -800000 0 1700 -800000 0
gene 3 568 15 -97596 0 1754 -97596 1
gene 3 289 394 682332 0 1809 682332 0
gene 4 568 647 192087 0 1948 192087 1
gene 4 647 71 213804 0 1949 213804 1
gene 1 7 686 -209553 0 2069 -209553 1
gene 1 686 71 -406875 0 2070 -406875 1
gene 3 71 704 724869 0 2122 724869 1
gene 3 704 14 41859 0 2123 41859 1
gene 3 289 760 -252279 0 2296 -252279 1
gene 3 760 394 617655 0 2297 617655 1
gene 4 368 394 -800000 0 2326 -800000 1
gene 2 10 289 44799 0 2376 44799 1
gene 4 3 834 155349 0 2518 155349 1
gene 4 834 317 -269466 0 2519 -269466 1
gene 2 12 877 -543027 0 2634 -543027 1
gene 2 877 14 369711 0 2635 369711 1
gene 2 4 886 -739367 0 2665 -739367 1
gene 2 886 15 157083 0 2666 157083 1
gene 2 5 948 -381549 0 2855 -381549 0
gene 2 948 13 309213 0 2856 309213 0
gene 2 877 877 98325 1 2903 98325 1
gene 1 7 996 502686 0 2996 502686 1
gene 1 996 13 -77661 0 2997 -77661 1
gene 3 7 1018 528285 0 3054 528285 1
gene 4 1018 15 66426 0 3055 66426 1
gene 1 4 1030 159639 0 3100 159639 1
gene 1 1030 14 -289323 0 3101 -289323 1
gene 3 568 568 498929 1 3154 498929 1
gene 2 5 1107 -209790 0 3308 -209790 1
gene 2 1107 948 615633 0 3309 615633 1
gene 4 686 686 -180306 1 3352 -180306 0
gene 3 996 490 87417 0 3408 87417 1
gene 3 996 996 -225864 1 3624 -225864 1
gene 3 381 381 -657180 1 3767 -657180 1
gene 4 3 1283 -682440 0 3832 -682440 0
gene 4 1283 394 261033 0 3833 261033 1
gene 2 8 1318 184971 0 3932 184971 1
gene 2 1318 368 55656 0 3933 55656 1
gene 4 3 1334 715857 0 3987 715857 0
gene 4 1334 1283 20562 0 3988 20562 1
gene 3 6 1348 -80640 0 4030 -80640 1
gene 3 1348 13 -800000 0 4031 -800000 1
gene 3 11 1396 330407 0 4170 330407 1
gene 3 1396 15 152631 0 4171 152631 1
gene 2 948 1501 -504495 0 4488 -504495 1
gene 2 1501 13 -537591 0 4489 -537591 1
gene 4 8 1585 -77763 0 4719 -77763 1
gene 4 1585 71 -29859 0 4720 -29859 1
gene 4 686 1597 50497 1 4760 50497 1
gene 4 1597 686 -299346 0 4761 -299346 1
gene 4 289 1640 -195699 0 4886 -195699 1
gene 4 1640 15 243099 0 4887 243099 1
gene 4 3 1671 -166041 0 4986 -166041 0
gene 4 1671 1334 800000 0 4987 800000 1
gene 1 9 1694 101434 0 5048 101434 1
gene 1 1694 13 -148425 0 5049 -148425 1
gene 4 3 1716 212323 0 5109 212323 1
gene 4 1716 1671 1 0 5110 1 1
gene 1 2 1671 187017 0 5165 187017 1
gene 2 5 289 254528 0 5214 254528 1
gene 4 8 1283 74409 0 5373 74409 1
genomeend 42


/* Organism #44 Fitness: 320.000000 Time: 0 */
/* Position #44*/
#1 x: 43 y: 30
#2 x: 55 y: 29
#3 x: 50 y: 18
#4 x: 43 y: 77
#5 x: 40 y: 64
#6 x: 33 y: 82
genomestart 44
trait 1 25765.000000 13636.000000 0.000000 0.000000 93822.000000 42585.000000 0.000000 0.000000 trait 2 2.000000 0.000000 0.000000 0.000000 0.000000 0.000000 58270.000000 0.000000 trait 3 3.000000 0.000000 0.000000 0.000000 0.000000 0.000000 0.000000 0.000000 trait 4 100000.000000 0.000000 0.000000 0.000000 0.000000 0.000000 0.000000 17450.000000 node 1 4 1 3
node 2 2 1 1
node 3 2 1 1
node 4 2 1 1
node 5 1 1 1
node 6 1 1 1
node 7 3 1 1
node 8 1 1 1
node 9 1 1 1
node 10 4 1 1
node 11 4 1 1
node 12 1 1 1
node 13 3 0 2
node 14 1 0 2
node 15 1 0 2
node 92 1 0 0
node 121 1 0 0
node 183 1 0 0
node 238 1 0 0
node 293 1 0 0
node 409 2 0 0
node 471 1 0 0
node 524 1 0 0
node 617 1 0 0
node 634 1 0 0
node 652 1 0 0
node 701 1 0 0
node 737 1 0 0
node 839 1 0 0
node 868 1 0 0
node 995 1 0 0
node 1041 1 0 0
node 1113 1 0 0
node 1132 1 0 0
node 1182 1 0 0
node 1200 1 0 0
node 1270 1 0 0
node 1308 1 0 0
node 1343 1 0 0
node 1621 1 0 0
node 1702 1 0 0
node 1721 1 0 0
gene 4 1 13 354795 0 1 354795 1
gene 1 2 13 800000 0 2 800000 0
gene 2 3 13 -25560 0 3 -25560 1
gene 1 4 13 587093 0 4 587093 0
gene 1 5 13 172251 0 5 172251 0
gene 2 6 13 -170733 0 6 -170733 0
gene 3 7 13 -240195 0 7 -240195 1
gene 4 8 13 -460401 0 8 -460401 1
gene 3 9 13 -5469 0 9 -5469 1
gene 3 10 13 -350346 0 10 -350346 1
gene 1 11 13 264012 0 11 264012 1
gene 2 12 13 800000 0 12 800000 1
gene 1 1 14 -269442 0 13 -269442 1
gene 2 2 14 119376 0 14 119376 1
gene 1 3 14 -244278 0 15 -244278 1
gene 3 4 14 -440261 0 16 -440261 1
gene 4 5 14 -561663 0 17 -561663 1
gene 2 6 14 34836 0 18 34836 0
gene 2 7 14 -628494 0 19 -628494 0
gene 3 8 14 -800000 0 20 -800000 0
gene 2 9 14 -162513 0 21 -162513 0
gene 1 10 14 -189822 0 22 -189822 1
gene 3 11 14 113355 0 23 113355 0
gene 2 12 14 -459957 0 24 -459957 1
gene 3 1 15 79449 0 25 79449 1
gene 4 2 15 800000 0 26 800000 1
gene 3 3 15 530457 0 27 530457 0
gene 4 4 15 150357 0 28 150357 1
gene 3 5 15 12174 0 29 12174 0
gene 1 6 15 338664 0 30 338664 1
gene 2 7 15 324417 0 31 324417 0
gene 3 8 15 -36723 0 32 -36723 1
gene 4 9 15 -727632 0 33 -727632 1
gene 2 10 15 -66342 0 34 -66342 1
gene 4 11 15 234381 0 35 234381 0
gene 1 12 15 85710 0 36 85710 0
gene 3 14 15 396621 0 66 396621 1
gene 3 14 13 -303525 0 95 -303525 0
gene 3 8 92 -253671 0 253 -253671 1
gene 3 92 14 -663402 0 254 -663402 0
gene 2 92 92 432912 1 305 432912 1
gene 1 4 121 -800000 0 333 -800000 1
gene 1 121 13 113472 0 334 113472 1
gene 1 5 183 -600723 0 512 -600723 1
gene 1 183 13 466554 0 513 466554 1
gene 1 2 238 -91797 0 693 -91797 0
gene 3 238 13 -612098 0 694 -612098 1
gene 1 13 13 -219012 1 827 -219012 1
gene 2 7 293 -800000 0 869 -800000 1
gene 2 293 15 -9435 0 870 -9435 0
gene 3 15 13 -261288 0 1133 -261288 1
gene 2 9 409 -133245 0 1210 -133245 0
gene 2 409 14 -170859 0 1211 -170859 0
gene 2 92 121 -722256 0 1278 -722256 0
gene 2 409 293 78417 0 1355 78417 0
gene 1 12 471 498909 0 1399 498909 1
gene 1 471 15 -168228 0 1400 -168228 1
gene 3 11 524 -800000 0 1569 -800000 1
gene 3 524 14 -51357 0 1570 -51357 1
gene 4 6 471 -229236 0 1663 -229236 1
gene 4 409 15 -800000 0 1765 -800000 1
gene 1 5 617 335442 0 1859 335442 1
gene 1 617 15 -124383 0 1860 -124383 1
gene 1 2 634 136524 0 1910 136524 1
gene 1 634 238 -431463 0 1911 -431463 1
gene 2 92 652 451310 0 1968 451310 1
gene 2 652 121 519105 0 1969 519105 0
gene 2 6 701 221961 0 2113 221961 1
gene 2 701 13 -276510 0 2114 -276510 1
gene 3 92 737 288138 0 2224 288138 1
gene 3 737 14 -116790 0 2225 -116790 0
gene 3 14 839 -259581 0 2530 -259581 1
gene 3 839 13 256503 0 2531 256503 1
gene 2 293 868 138930 0 2610 138930 0
gene 2 868 15 204108 0 2611 204108 1
gene 4 11 238 291336 0 2902 291336 1
gene 2 11 701 64872 0 2952 64872 1
gene 2 9 995 13041 0 2994 13041 1
gene 2 995 409 156903 0 2995 156903 0
gene 2 409 1041 482607 0 3129 482607 1
gene 2 1041 14 9762 0 3130 9762 1
gene 3 471 409 -76725 0 3254 -76725 1
gene 4 701 1041 514119 0 3304 514119 0
gene 2 6 1113 -63978 0 3327 -63978 1
gene 2 1113 14 380100 0 3328 380100 1
gene 2 7 1132 -495699 0 3387 -495699 1
gene 2 1132 14 -24123 0 3388 -24123 1
gene 4 11 1182 -254592 0 3539 -254592 1
gene 4 1182 15 -30189 0 3540 -30189 1
gene 4 995 1200 146472 0 3594 146472 1
gene 2 1200 409 -280842 0 3595 -280842 1
gene 2 409 1270 -23364 0 3798 -23364 1
gene 2 1270 293 457191 0 3799 457191 1
gene 2 839 652 262302 0 3852 262302 1
gene 3 737 1308 -183882 0 3900 -183882 1
gene 3 1308 14 729368 0 3901 729368 1
gene 2 652 1343 -211356 0 4019 -211356 1
gene 2 1343 121 -45198 0 4020 -45198 1
gene 2 471 1113 561717 0 4193 561717 1
gene 2 92 1270 109830 0 4479 109830 1
gene 3 3 1621 -22494 0 4829 -22494 1
gene 3 1621 15 -459198 0 4830 -459198 1
gene 1 92 1041 -153567 0 5027 -153567 1
gene 4 701 1702 24823 0 5076 24823 1
gene 4 1702 1041 168870 0 5077 168870 1
gene 2 293 1721 131344 0 5120 131344 1
gene 2 1721 868 42675 0 5121 42675 1
gene 4 2 839 450442 0 5223 450442 1
genomeend 44


/* Organism #48 Fitness: 480.000000 Time: 0 */
/* Position #48*/
#1 x: 57 y: 37
#2 x: 32 y: 29
#3 x: 38 y: 15
#4 x: 48 y: 75
#5 x: 19 y: 85
#6 x: 27 y: 68
genomestart 48
trait 1 1.000000 0.000000 0.000000 0.000000 0.000000 0.000000 0.000000 0.000000 trait 2 2.000000 0.000000 0.000000 0.000000 0.000000 0.000000 0.000000 0.000000 trait 3 0.000000 0.000000 0.000000 0.000000 0.000000 47596.000000 66499.000000 0.000000 trait 4 4.000000 0.000000 0.000000 0.000000 0.000000 0.000000 0.000000 0.000000 node 1 4 1 3
node 2 2 1 1
node 3 4 1 1
node 4 2 1 1
node 5 4 1 1
node 6 3 1 1
node 7 2 1 1
node 8 1 1 1
node 9 4 1 1
node 10 1 1 1
node 11 1 1 1
node 12 4 1 1
node 13 3 0 2
node 14 1 0 2
node 15 4 0 2
node 71 1 0 0
node 289 1 0 0
node 317 1 0 0
node 368 1 0 0
node 381 1 0 0
node 394 1 0 0
node 473 1 0 0
node 490 1 0 0
node 568 1 0 0
node 647 1 0 0
node 686 1 0 0
node 704 1 0 0
node 760 1 0 0
node 834 1 0 0
node 877 1 0 0
node 886 1 0 0
node 948 1 0 0
node 996 1 0 0
node 1018 1 0 0
node 1030 1 0 0
node 1107 1 0 0
node 1188 1 0 0
node 1240 1 0 0
node 1316 1 0 0
node 1373 1 0 0
node 1445 1 0 0
node 1459 1 0 0
node 1474 1 0 0
node 1504 1 0 0
node 1625 1 0 0
node 1675 1 0 0
node 1700 1 0 0
node 1720 1 0 0
node 1801 1 0 0
gene 4 1 13 314064 0 1 314064 1
gene 3 2 13 -409044 0 2 -409044 1
gene 2 3 13 145356 0 3 145356 0
gene 4 4 13 -479735 0 4 -479735 1
gene 2 5 13 -521496 0 5 -521496 0
gene 3 6 13 -800000 0 6 -800000 1
gene 1 7 13 157002 0 7 157002 0
gene 1 8 13 258243 0 8 258243 1
gene 1 9 13 -346023 0 9 -346023 1
gene 2 10 13 -752979 0 10 -752979 1
gene 3 11 13 40488 0 11 40488 1
gene 3 12 13 679697 0 12 679697 1
gene 1 1 14 -109878 0 13 -109878 1
gene 1 2 14 -180720 0 14 -180720 0
gene 3 3 14 166998 0 15 166998 0
gene 1 4 14 296538 0 16 296538 0
gene 1 5 14 187173 0 17 187173 1
gene 1 6 14 -92886 0 18 -92886 1
gene 1 7 14 -648243 0 19 -648243 1
gene 2 8 14 79662 0 20 79662 1
gene 2 9 14 -265560 0 21 -265560 0
gene 1 10 14 52505 0 22 52505 0
gene 3 11 14 -139098 0 23 -139098 1
gene 2 12 14 37494 0 24 37494 0
gene 3 1 15 -127986 0 25 -127986 1
gene 2 2 15 347454 0 26 347454 1
gene 4 3 15 570333 0 27 570333 0
gene 2 4 15 100155 0 28 100155 0
gene 2 5 15 295440 0 29 295440 0
gene 1 6 15 -248682 0 30 -248682 0
gene 4 7 15 -800000 0 31 -800000 0
gene 2 8 15 -800000 0 32 -800000 0
gene 2 9 15 446349 0 33 446349 1
gene 1 10 15 118887 0 34 118887 1
gene 3 11 15 372798 0 35 372798 1
gene 1 12 15 79425 0 36 79425 0
gene 4 3 71 137733 0 201 137733 0
gene 3 71 14 -376197 0 202 -376197 0
gene 1 13 13 -585923 1 248 -585923 1
gene 2 13 15 -14028 0 413 -14028 1
gene 4 10 71 -277167 0 454 -277167 1
gene 2 7 71 -133119 0 542 -133119 0
gene 4 8 71 -800000 0 717 -800000 1
gene 4 71 71 -158004 1 769 -158004 0
gene 4 3 289 -608277 0 858 -608277 0
gene 4 289 15 119766 0 859 119766 1
gene 3 289 14 113889 0 897 113889 0
gene 4 3 317 -290850 0 942 -290850 0
gene 4 317 289 573360 0 943 573360 1
gene 2 8 368 111117 0 1081 111117 1
gene 2 368 15 281616 0 1082 281616 1
gene 1 2 381 -67569 0 1117 -67569 1
gene 2 381 14 260213 0 1118 260213 1
gene 4 3 394 172092 0 1159 172092 1
gene 4 394 71 -204300 0 1160 -204300 1
gene 4 1 394 -45300 0 1362 -45300 1
gene 2 3 473 -123129 0 1405 -123129 1
gene 2 473 13 456849 0 1406 456849 1
gene 1 10 490 -276237 0 1456 -276237 0
gene 1 490 14 -134916 0 1457 -134916 1
gene 3 13 289 594393 0 1591 594393 1
gene 4 71 568 665559 1 1699 665559 1
gene 4 568 71 288870 0 1700 288870 0
gene 3 568 15 -725870 0 1754 -725870 1
gene 3 289 394 -491636 0 1809 -491636 0
gene 4 568 647 -537638 0 1948 -537638 1
gene 4 647 71 203208 0 1949 203208 1
gene 1 7 686 -786837 0 2069 -786837 1
gene 1 686 71 -239304 0 2070 -239304 1
gene 3 71 704 -196452 0 2122 -196452 0
gene 3 704 14 322528 0 2123 322528 1
gene 3 289 760 25617 0 2296 25617 1
gene 3 760 394 -280746 0 2297 -280746 1
gene 4 368 394 -51012 0 2326 -51012 1
gene 2 10 289 193882 0 2376 193882 1
gene 4 3 834 -161661 0 2518 -161661 1
gene 4 834 317 556227 0 2519 556227 0
gene 2 12 877 106632 0 2634 106632 1
gene 2 877 14 269451 0 2635 269451 1
gene 2 4 886 309939 0 2665 309939 1
gene 2 886 15 -664344 0 2666 -664344 1
gene 2 5 948 -582507 0 2855 -582507 0
gene 2 948 13 -39519 0 2856 -39519 1
gene 2 877 877 -580490 1 2903 -580490 1
gene 1 7 996 -78543 0 2996 -78543 1
gene 1 996 13 -221166 0 2997 -221166 1
gene 3 7 1018 800000 0 3054 800000 1
gene 4 1018 15 -365829 0 3055 -365829 1
gene 1 4 1030 83844 0 3100 83844 1
gene 1 1030 14 -463650 0 3101 -463650 1
gene 3 568 568 -630657 1 3154 -630657 0
gene 2 5 1107 -366627 0 3308 -366627 1
gene 2 1107 948 -615537 0 3309 -615537 1
gene 4 686 686 587172 1 3352 587172 1
gene 3 996 490 -392457 0 3408 -392457 1
gene 2 9 1188 240948 0 3558 240948 0
gene 2 1188 14 638412 0 3559 638412 1
gene 4 381 71 800000 0 3665 800000 0
gene 1 10 1240 -214068 0 3707 -214068 1
gene 1 1240 490 -144186 0 3708 -144186 1
gene 3 1107 1030 191139 0 3763 191139 1
gene 2 9 1316 508884 0 3922 508884 0
gene 2 1316 1188 -96540 0 3923 -96540 1
gene 1 12 1373 -16005 0 4116 -16005 1
gene 1 1373 15 86031 0 4117 86031 1
gene 1 3 1316 11451 0 4180 11451 1
gene 4 834 1445 62337 0 4313 62337 1
gene 4 1445 317 246912 0 4314 246912 1
gene 4 381 1459 -178058 0 4355 -178058 1
gene 4 1459 71 -130575 0 4356 -130575 1
gene 3 289 1474 -362754 0 4406 -362754 1
gene 3 1474 14 -167064 0 4407 -167064 1
gene 2 394 1373 192043 0 4457 192043 1
gene 2 5 1504 9801 0 4497 9801 0
gene 2 1504 15 -99225 0 4498 -99225 1
gene 4 1504 886 -68883 0 4750 -68883 1
gene 2 9 1625 -473351 0 4838 -473351 1
gene 2 1625 1316 201099 0 4839 201099 1
gene 4 1 1625 78160 0 4968 78160 1
gene 3 568 1675 129199 1 4996 129199 1
gene 3 1675 568 -782073 0 4997 -782073 1
gene 2 5 1700 392881 0 5071 392881 1
gene 2 1700 1504 -61293 0 5072 -61293 1
gene 3 71 1720 82767 0 5118 82767 1
gene 3 1720 704 310074 0 5119 310074 1
gene 1 6 1801 1 0 5357 0 1
gene 1 1801 15 -248682 0 5358 0 1
genomeend 48


/* Organism #50 Fitness: 340.000000 Time: 0 */
/* Position #50*/
#1 x: 31 y: 26
#2 x: 45 y: 17
#3 x: 71 y: 34
#4 x: 62 y: 80
#5 x: 32 y: 66
#6 x: 67 y: 78
genomestart 50
trait 1 1.000000 0.000000 0.000000 0.000000 0.000000 0.000000 0.000000 0.000000 trait 2 2.000000 0.000000 0.000000 0.000000 0.000000 0.000000 0.000000 0.000000 trait 3 38502.000000 30972.000000 94806.000000 0.000000 0.000000 0.000000 0.000000 0.000000 trait 4 4.000000 0.000000 0.000000 61331.000000 0.000000 0.000000 0.000000 0.000000 node 1 4 1 3
node 2 2 1 1
node 3 4 1 1
node 4 2 1 1
node 5 4 1 1
node 6 3 1 1
node 7 2 1 1
node 8 1 1 1
node 9 4 1 1
node 10 1 1 1
node 11 1 1 1
node 12 4 1 1
node 13 3 0 2
node 14 1 0 2
node 15 4 0 2
node 71 1 0 0
node 289 1 0 0
node 317 1 0 0
node 368 1 0 0
node 381 1 0 0
node 394 1 0 0
node 473 1 0 0
node 490 1 0 0
node 568 1 0 0
node 647 1 0 0
node 686 1 0 0
node 704 1 0 0
node 760 1 0 0
node 834 1 0 0
node 877 1 0 0
node 886 1 0 0
node 948 1 0 0
node 996 1 0 0
node 1018 1 0 0
node 1030 1 0 0
node 1107 1 0 0
node 1188 1 0 0
node 1240 1 0 0
node 1316 1 0 0
node 1373 1 0 0
node 1445 1 0 0
node 1459 1 0 0
node 1474 1 0 0
node 1504 1 0 0
node 1625 1 0 0
node 1675 1 0 0
node 1700 1 0 0
gene 4 1 13 -217239 0 1 -217239 1
gene 3 2 13 274989 0 2 274989 1
gene 2 3 13 568875 0 3 568875 0
gene 4 4 13 -134784 0 4 -134784 1
gene 2 5 13 -439650 0 5 -439650 0
gene 3 6 13 -110616 0 6 -110616 1
gene 1 7 13 205545 0 7 205545 0
gene 1 8 13 565491 0 8 565491 1
gene 1 9 13 -386730 0 9 -386730 1
gene 2 10 13 187053 0 10 187053 1
gene 3 11 13 178302 0 11 178302 1
gene 3 12 13 603648 0 12 603648 1
gene 1 1 14 -585570 0 13 -585570 1
gene 1 2 14 -292722 0 14 -292722 0
gene 3 3 14 387588 0 15 387588 0
gene 1 4 14 686430 0 16 686430 0
gene 1 5 14 356097 0 17 356097 1
gene 1 6 14 155166 0 18 155166 1
gene 1 7 14 532677 0 19 532677 1
gene 2 8 14 90177 0 20 90177 1
gene 2 9 14 58830 0 21 58830 0
gene 1 10 14 373859 0 22 373859 0
gene 3 11 14 107106 0 23 107106 1
gene 2 12 14 61662 0 24 61662 0
gene 3 1 15 -7449 0 25 -7449 1
gene 2 2 15 295800 0 26 295800 1
gene 4 3 15 329715 0 27 329715 0
gene 2 4 15 -99366 0 28 -99366 0
gene 2 5 15 447897 0 29 447897 0
gene 1 6 15 85356 0 30 85356 1
gene 4 7 15 -734048 0 31 -734048 0
gene 2 8 15 -684429 0 32 -684429 0
gene 2 9 15 448209 0 33 448209 1
gene 1 10 15 309168 0 34 309168 1
gene 3 11 15 -83745 0 35 -83745 1
gene 1 12 15 229647 0 36 229647 0
gene 4 3 71 -454293 0 201 -454293 0
gene 3 71 14 -39495 0 202 -39495 0
gene 1 13 13 -85809 1 248 -85809 1
gene 2 13 15 -312651 0 413 -312651 1
gene 4 10 71 -177498 0 454 -177498 1
gene 2 7 71 -267597 0 542 -267597 0
gene 4 8 71 107982 0 717 107982 1
gene 4 71 71 -673584 1 769 -673584 0
gene 4 3 289 -173364 0 858 -173364 0
gene 4 289 15 -144657 0 859 -144657 1
gene 3 289 14 -148218 0 897 -148218 0
gene 4 3 317 -684660 0 942 -684660 0
gene 4 317 289 676800 0 943 676800 1
gene 2 8 368 -800000 0 1081 -800000 1
gene 2 368 15 340797 0 1082 340797 1
gene 1 2 381 -787193 0 1117 -787193 1
gene 2 381 14 445565 0 1118 445565 1
gene 4 3 394 59673 0 1159 59673 1
gene 4 394 71 -176739 0 1160 -176739 1
gene 4 1 394 594378 0 1362 594378 1
gene 2 3 473 -559800 0 1405 -559800 1
gene 2 473 13 800000 0 1406 800000 1
gene 1 10 490 -88542 0 1456 -88542 0
gene 1 490 14 87411 0 1457 87411 1
gene 3 13 289 312870 0 1591 312870 1
gene 4 71 568 800000 1 1699 800000 1
gene 4 568 71 411396 0 1700 411396 0
gene 3 568 15 62517 0 1754 62517 1
gene 3 289 394 63033 0 1809 63033 0
gene 4 568 647 -534933 0 1948 -534933 1
gene 4 647 71 113139 0 1949 113139 1
gene 1 7 686 -259227 0 2069 -259227 1
gene 1 686 71 -123495 0 2070 -123495 1
gene 3 71 704 221994 0 2122 221994 1
gene 3 704 14 -558104 0 2123 -558104 1
gene 3 289 760 -560697 0 2296 -560697 1
gene 3 760 394 -181635 0 2297 -181635 1
gene 4 368 394 119256 0 2326 119256 1
gene 2 10 289 470824 0 2376 470824 1
gene 4 3 834 -108810 0 2518 -108810 1
gene 4 834 317 190623 0 2519 190623 0
gene 2 12 877 -213519 0 2634 -213519 1
gene 2 877 14 135216 0 2635 135216 1
gene 2 4 886 -152658 0 2665 -152658 1
gene 2 886 15 159876 0 2666 159876 1
gene 2 5 948 257763 0 2855 257763 0
gene 2 948 13 -27798 0 2856 -27798 1
gene 2 877 877 -800000 1 2903 -800000 1
gene 1 7 996 -109902 0 2996 -109902 1
gene 1 996 13 292023 0 2997 292023 1
gene 3 7 1018 508144 0 3054 508144 1
gene 4 1018 15 141798 0 3055 141798 1
gene 1 4 1030 -248613 0 3100 -248613 1
gene 1 1030 14 -516945 0 3101 -516945 1
gene 3 568 568 -91605 1 3154 -91605 0
gene 2 5 1107 23601 0 3308 23601 1
gene 2 1107 948 470190 0 3309 470190 1
gene 4 686 686 -22893 1 3352 -22893 1
gene 3 996 490 285162 0 3408 285162 1
gene 2 9 1188 518330 0 3558 518330 0
gene 2 1188 14 689691 0 3559 689691 1
gene 4 381 71 335112 0 3665 335112 0
gene 1 10 1240 253173 0 3707 253173 1
gene 1 1240 490 132261 0 3708 132261 1
gene 3 1107 1030 -261786 0 3763 -261786 1
gene 2 9 1316 -144738 0 3922 -144738 0
gene 2 1316 1188 205833 0 3923 205833 1
gene 1 12 1373 86817 0 4116 86817 1
gene 1 1373 15 -165201 0 4117 -165201 1
gene 1 3 1316 -409581 0 4180 -409581 1
gene 4 834 1445 -457971 0 4313 -457971 1
gene 4 1445 317 -247218 0 4314 -247218 1
gene 4 381 1459 -169995 0 4355 -169995 1
gene 4 1459 71 427686 0 4356 427686 1
gene 3 289 1474 -116433 0 4406 -116433 1
gene 3 1474 14 -800000 0 4407 -800000 1
gene 2 394 1373 69189 0 4457 69189 1
gene 2 5 1504 435105 0 4497 435105 0
gene 2 1504 15 -4251 0 4498 -4251 1
gene 4 1504 886 82728 0 4750 82728 1
gene 2 9 1625 126373 0 4838 126373 1
gene 2 1625 1316 451179 0 4839 451179 1
gene 4 1 1625 -155555 0 4968 -155555 1
gene 3 568 1675 482020 1 4996 482020 1
gene 3 1675 568 -329478 0 4997 -329478 1
gene 2 5 1700 1 0 5071 1 1
gene 2 1700 1504 526023 0 5072 526023 1
gene 1 1675 71 24354 0 5376 24354 1
genomeend 50


/* Organism #64 Fitness: 360.000000 Time: 0 */
/* Position #64*/
#1 x: 69 y: 40
#2 x: 72 y: 23
#3 x: 63 y: 25
#4 x: 68 y: 78
#5 x: 42 y: 82
#6 x: 40 y: 80
genomestart 64
trait 1 1.000000 0.000000 0.000000 0.000000 0.000000 0.000000 0.000000 0.000000 trait 2 51558.000000 0.000000 0.000000 18452.000000 78989.000000 0.000000 41404.000000 0.000000 trait 3 3.000000 0.000000 0.000000 0.000000 0.000000 0.000000 0.000000 0.000000 trait 4 4.000000 0.000000 0.000000 0.000000 0.000000 0.000000 0.000000 0.000000 node 1 4 1 3
node 2 2 1 1
node 3 4 1 1
node 4 2 1 1
node 5 4 1 1
node 6 3 1 1
node 7 2 1 1
node 8 1 1 1
node 9 4 1 1
node 10 1 1 1
node 11 1 1 1
node 12 1 1 1
node 13 3 0 2
node 14 1 0 2
node 15 4 0 2
node 71 1 0 0
node 289 1 0 0
node 317 1 0 0
node 368 1 0 0
node 381 1 0 0
node 394 1 0 0
node 473 1 0 0
node 490 1 0 0
node 568 1 0 0
node 647 4 0 0
node 686 1 0 0
node 704 1 0 0
node 760 1 0 0
node 834 1 0 0
node 877 1 0 0
node 886 1 0 0
node 948 1 0 0
node 996 1 0 0
node 1018 1 0 0
node 1030 1 0 0
node 1107 1 0 0
node 1283 1 0 0
node 1318 1 0 0
node 1334 1 0 0
node 1348 1 0 0
node 1396 1 0 0
node 1501 1 0 0
node 1604 1 0 0
node 1711 1 0 0
gene 4 1 13 -207444 0 1 -207444 1
gene 3 2 13 426093 0 2 426093 1
gene 2 3 13 -157130 0 3 -157130 0
gene 4 4 13 -265650 0 4 -265650 1
gene 2 5 13 337142 0 5 337142 0
gene 3 6 13 -218166 0 6 -218166 0
gene 4 7 13 351150 0 7 351150 0
gene 1 8 13 -187440 0 8 -187440 1
gene 1 9 13 213162 0 9 213162 1
gene 2 10 13 -800000 0 10 -800000 1
gene 3 11 13 199752 0 11 199752 1
gene 3 12 13 139119 0 12 139119 1
gene 1 1 14 -670097 0 13 -670097 1
gene 1 2 14 -280830 0 14 -280830 0
gene 3 3 14 241857 0 15 241857 0
gene 1 4 14 -282807 0 16 -282807 0
gene 1 5 14 -209832 0 17 -209832 1
gene 1 6 14 -661355 0 18 -661355 1
gene 1 7 14 -296730 0 19 -296730 1
gene 2 8 14 -232710 0 20 -232710 1
gene 2 9 14 -299678 0 21 -299678 1
gene 1 10 14 35637 0 22 35637 0
gene 3 11 14 13533 0 23 13533 1
gene 2 12 14 -141846 0 24 -141846 0
gene 3 1 15 -698955 0 25 -698955 1
gene 2 2 15 221595 0 26 221595 1
gene 4 3 15 -698072 0 27 -698072 0
gene 2 4 15 297408 0 28 297408 0
gene 2 5 15 -348594 0 29 -348594 1
gene 1 6 15 -612380 0 30 -612380 1
gene 4 7 15 -189051 0 31 -189051 0
gene 2 8 15 230085 0 32 230085 0
gene 2 9 15 233478 0 33 233478 1
gene 1 10 15 -141873 0 34 -141873 1
gene 3 11 15 40293 0 35 40293 0
gene 1 12 15 -44424 0 36 -44424 1
gene 4 3 71 -129171 0 201 -129171 0
gene 3 71 14 -545217 0 202 -545217 0
gene 1 13 13 -518279 1 248 -518279 1
gene 2 13 15 -232632 0 413 -232632 1
gene 4 10 71 780302 0 454 780302 1
gene 1 7 71 564069 0 542 564069 0
gene 4 8 71 -11475 0 717 -11475 1
gene 4 71 71 67806 1 769 67806 0
gene 4 3 289 -520577 0 858 -520577 0
gene 4 289 15 430017 0 859 430017 1
gene 3 289 14 -526749 0 897 -526749 1
gene 4 3 317 636726 0 942 636726 0
gene 4 317 289 599277 0 943 599277 1
gene 2 8 368 594708 0 1081 594708 0
gene 2 368 15 225015 0 1082 225015 1
gene 1 2 381 -228300 0 1117 -228300 1
gene 2 381 14 -20751 0 1118 -20751 1
gene 4 3 394 556646 0 1159 556646 0
gene 4 394 71 -399882 0 1160 -399882 1
gene 4 1 394 341802 0 1362 341802 1
gene 2 3 473 317184 0 1405 317184 1
gene 2 473 13 -236511 0 1406 -236511 1
gene 1 10 490 -343338 0 1456 -343338 1
gene 1 490 14 -330273 0 1457 -330273 1
gene 3 13 289 224400 0 1591 224400 1
gene 4 71 568 -800000 1 1699 -800000 1
gene 4 568 71 -452576 0 1700 -452576 0
gene 3 568 15 149532 0 1754 149532 1
gene 3 289 394 -13260 0 1809 -13260 0
gene 4 568 647 -224033 0 1948 -224033 0
gene 4 647 71 -291789 0 1949 -291789 1
gene 1 7 686 674286 0 2069 674286 1
gene 1 686 71 84702 0 2070 84702 1
gene 3 71 704 53310 0 2122 53310 1
gene 3 704 14 270798 0 2123 270798 1
gene 3 289 760 527250 0 2296 527250 1
gene 3 760 394 620793 0 2297 620793 1
gene 4 368 394 -434070 0 2326 -434070 1
gene 2 10 289 -497850 0 2376 -497850 1
gene 4 3 834 49188 0 2518 49188 1
gene 4 834 317 481551 0 2519 481551 1
gene 2 12 877 -111774 0 2634 -111774 1
gene 2 877 14 140550 0 2635 140550 1
gene 2 4 886 -351957 0 2665 -351957 1
gene 2 886 15 12453 0 2666 12453 1
gene 2 5 948 -198438 0 2855 -198438 0
gene 2 948 13 800000 0 2856 800000 0
gene 2 877 877 -123246 1 2903 -123246 1
gene 4 7 996 674580 0 2996 674580 1
gene 1 996 13 304503 0 2997 304503 1
gene 3 7 1018 -107154 0 3054 -107154 1
gene 4 1018 15 -156690 0 3055 -156690 1
gene 1 4 1030 -442275 0 3100 -442275 1
gene 1 1030 14 -16299 0 3101 -16299 1
gene 3 568 568 -354999 1 3154 -354999 1
gene 2 5 1107 -343839 0 3308 -343839 1
gene 2 1107 948 161958 0 3309 161958 1
gene 4 686 686 -147459 1 3352 -147459 1
gene 3 996 490 292338 0 3408 292338 1
gene 3 996 996 81060 1 3624 81060 1
gene 3 381 381 -192309 1 3767 -192309 1
gene 4 3 1283 79779 0 3832 79779 0
gene 4 1283 394 161070 0 3833 161070 1
gene 2 8 1318 -288182 0 3932 -288182 1
gene 2 1318 368 762380 0 3933 762380 1
gene 4 3 1334 -28161 0 3987 -28161 1
gene 4 1334 1283 16530 0 3988 16530 1
gene 3 6 1348 68724 0 4030 68724 1
gene 3 1348 13 161535 0 4031 161535 1
gene 3 11 1396 62064 0 4170 62064 1
gene 3 1396 15 330513 0 4171 330513 1
gene 2 948 1501 121773 0 4488 121773 0
gene 2 1501 13 181620 0 4489 181620 1
gene 2 948 1604 140467 0 4780 140467 1
gene 2 1604 1501 -60627 0 4781 -60627 1
gene 4 490 317 -439356 0 4926 -439356 1
gene 4 568 1711 -35249 0 5097 -35249 1
gene 4 1711 647 378900 0 5098 378900 1
gene 2 1501 1501 64893 1 5285 64893 1
genomeend 64


/* Organism #72 Fitness: 360.000000 Time: 0 */
/* Position #72*/
#1 x: 39 y: 19
#2 x: 34 y: 20
#3 x: 50 y: 31
#4 x: 39 y: 68
#5 x: 32 y: 81
#6 x: 76 y: 74
genomestart 72
trait 1 100000.000000 0.000000 0.000000 0.000000 0.000000 0.000000 0.000000 0.000000 trait 2 0.000000 0.000000 0.000000 100000.000000 0.000000 0.000000 39143.000000 0.000000 trait 3 21555.000000 0.000000 74217.000000 0.000000 72769.000000 0.000000 0.000000 0.000000 trait 4 4.000000 0.000000 0.000000 0.000000 63702.000000 0.000000 0.000000 0.000000 node 1 1 1 3
node 2 2 1 1
node 3 4 1 1
node 4 4 1 1
node 5 1 1 1
node 6 4 1 1
node 7 3 1 1
node 8 3 1 1
node 9 3 1 1
node 10 4 1 1
node 11 4 1 1
node 12 1 1 1
node 13 1 0 2
node 14 2 0 2
node 15 4 0 2
node 24 1 0 0
node 188 3 0 0
node 222 1 0 0
node 272 1 0 0
node 301 1 0 0
node 380 1 0 0
node 393 1 0 0
node 453 2 0 0
node 469 1 0 0
node 557 1 0 0
node 729 1 0 0
node 875 1 0 0
node 927 1 0 0
node 1021 1 0 0
node 1084 1 0 0
node 1116 1 0 0
node 1234 1 0 0
node 1295 1 0 0
node 1374 1 0 0
node 1496 1 0 0
node 1522 1 0 0
node 1622 1 0 0
node 1737 1 0 0
node 1790 1 0 0
gene 1 1 13 -533624 0 1 -533624 1
gene 2 2 13 -32301 0 2 -32301 1
gene 2 3 13 -265116 0 3 -265116 1
gene 4 4 13 627888 0 4 627888 0
gene 3 5 13 -486245 0 5 -486245 1
gene 1 6 13 -800000 0 6 -800000 1
gene 3 7 13 131178 0 7 131178 1
gene 1 8 13 128253 0 8 128253 0
gene 4 9 13 244752 0 9 244752 1
gene 2 10 13 212832 0 10 212832 1
gene 3 11 13 102744 0 11 102744 1
gene 4 12 13 -383571 0 12 -383571 1
gene 1 1 14 -10521 0 13 -10521 1
gene 1 2 14 187395 0 14 187395 1
gene 2 3 14 -109551 0 15 -109551 1
gene 2 4 14 800000 0 16 800000 1
gene 1 5 14 -108183 0 17 -108183 1
gene 2 6 14 -326622 0 18 -326622 0
gene 3 7 14 -313014 0 19 -313014 0
gene 3 8 14 172008 0 20 172008 1
gene 3 9 14 115413 0 21 115413 1
gene 2 10 14 336231 0 22 336231 1
gene 3 11 14 365451 0 23 365451 1
gene 2 12 14 665427 0 24 665427 1
gene 2 1 15 560108 0 25 560108 1
gene 3 2 15 138354 0 26 138354 1
gene 4 3 15 153597 0 27 153597 0
gene 1 4 15 -192873 0 28 -192873 0
gene 4 5 15 745790 0 29 745790 1
gene 2 6 15 800000 0 30 800000 1
gene 4 7 15 308571 0 31 308571 1
gene 2 8 15 96831 0 32 96831 1
gene 2 9 15 24600 0 33 24600 0
gene 2 10 15 -237483 0 34 -237483 1
gene 3 11 15 -287322 0 35 -287322 1
gene 2 12 15 -442365 0 36 -442365 0
gene 4 4 24 -293976 0 62 -293976 1
gene 4 24 13 -256809 0 63 -256809 1
gene 1 24 24 226617 1 127 226617 0
gene 3 15 13 429501 0 293 429501 1
gene 2 7 24 455175 0 408 455175 0
gene 3 7 188 368385 0 526 368385 1
gene 3 188 14 385020 0 527 385020 1
gene 2 9 222 -511548 0 645 -511548 0
gene 2 222 15 273873 0 646 273873 1
gene 3 3 272 -535508 0 798 -535508 0
gene 3 272 15 -373242 0 799 -373242 0
gene 2 3 24 138873 0 850 138873 1
gene 1 24 301 -403218 1 893 -403218 0
gene 1 301 24 751992 0 894 751992 0
gene 1 188 188 -193107 1 934 -193107 1
gene 3 4 188 261375 0 1080 261375 1
gene 2 6 380 -219762 0 1115 -219762 1
gene 2 380 14 158259 0 1116 158259 1
gene 1 4 393 189339 0 1157 189339 1
gene 1 393 15 -371763 0 1158 -371763 1
gene 1 15 380 -219615 0 1196 -219615 1
gene 2 12 188 290073 0 1302 290073 0
gene 2 9 453 -800000 0 1346 -800000 1
gene 2 453 222 109365 0 1347 109365 1
gene 1 24 469 -176796 1 1394 -176796 1
gene 1 469 301 -172077 0 1395 -172077 0
gene 3 222 24 -324036 0 1576 -324036 1
gene 4 3 188 800000 0 1616 800000 1
gene 3 272 557 515715 0 1666 515715 1
gene 1 557 15 382200 0 1667 382200 0
gene 1 6 272 529053 0 1830 529053 1
gene 4 12 380 -162360 0 1879 -162360 0
gene 1 469 729 613569 0 2197 613569 1
gene 1 729 301 79701 0 2198 79701 1
gene 2 14 301 800000 0 2244 800000 1
gene 1 188 380 -445128 0 2284 -445128 1
gene 1 8 875 263601 0 2630 263601 0
gene 1 875 13 393549 0 2631 393549 1
gene 4 12 927 239793 0 2791 239793 1
gene 4 927 380 -106335 0 2792 -106335 1
gene 2 393 380 -233217 0 3014 -233217 1
gene 2 7 1021 -174249 0 3066 -174249 1
gene 2 1021 24 -695472 0 3067 -695472 1
gene 1 8 1084 -359136 0 3243 -359136 0
gene 1 1084 875 142134 0 3244 142134 0
gene 4 188 927 261459 0 3297 261459 1
gene 1 1084 1116 160563 0 3335 160563 1
gene 1 1116 875 -331539 0 3336 -331539 0
gene 1 222 469 -692022 0 3394 -692022 1
gene 1 8 1234 -326340 0 3693 -326340 0
gene 1 1234 1084 73650 0 3694 73650 1
gene 1 301 1295 228363 0 3863 228363 1
gene 1 1295 24 -437730 0 3864 -437730 1
gene 1 2 393 -109476 0 3943 -109476 1
gene 4 1084 1084 95121 1 4053 95121 1
gene 3 1295 1084 174411 0 4076 174411 1
gene 1 1116 1374 -296091 0 4119 -296091 1
gene 1 1374 875 197046 0 4120 197046 1
gene 2 272 1084 -572193 0 4218 -572193 1
gene 2 12 1496 36885 0 4474 36885 1
gene 2 1496 15 -480297 0 4475 -480297 1
gene 1 557 1522 7779 0 4546 7779 1
gene 1 1522 15 64137 0 4547 64137 1
gene 3 1116 1021 -59265 0 4657 -59265 1
gene 3 9 380 -62313 0 4725 -62313 1
gene 2 12 1622 653884 0 4831 653884 1
gene 2 1622 188 -321990 0 4832 -321990 1
gene 4 453 453 -343896 1 4965 -343896 1
gene 3 3 1737 -82283 0 5163 -82283 1
gene 3 1737 272 132027 0 5164 132027 1
gene 4 222 729 -76844 0 5192 -76844 1
gene 1 8 1790 -171209 0 5323 -171209 1
gene 1 1790 1234 -477045 0 5324 -477045 1
genomeend 72


/* Organism #78 Fitness: 320.000000 Time: 0 */
/* Position #78*/
#1 x: 27 y: 40
#2 x: 73 y: 30
#3 x: 82 y: 31
#4 x: 28 y: 85
#5 x: 73 y: 75
#6 x: 38 y: 83
genomestart 78
trait 1 100000.000000 0.000000 0.000000 0.000000 0.000000 0.000000 0.000000 0.000000 trait 2 0.000000 0.000000 0.000000 100000.000000 0.000000 0.000000 39143.000000 0.000000 trait 3 21555.000000 0.000000 74217.000000 0.000000 72769.000000 0.000000 0.000000 0.000000 trait 4 4.000000 0.000000 0.000000 0.000000 63702.000000 0.000000 0.000000 0.000000 node 1 1 1 3
node 2 2 1 1
node 3 4 1 1
node 4 4 1 1
node 5 1 1 1
node 6 4 1 1
node 7 3 1 1
node 8 3 1 1
node 9 3 1 1
node 10 4 1 1
node 11 4 1 1
node 12 1 1 1
node 13 1 0 2
node 14 2 0 2
node 15 4 0 2
node 24 1 0 0
node 188 3 0 0
node 222 1 0 0
node 272 1 0 0
node 301 1 0 0
node 380 1 0 0
node 393 1 0 0
node 453 2 0 0
node 469 1 0 0
node 557 1 0 0
node 729 1 0 0
node 875 1 0 0
node 927 1 0 0
node 1021 1 0 0
node 1084 1 0 0
node 1116 1 0 0
node 1234 1 0 0
node 1295 1 0 0
node 1374 1 0 0
node 1496 1 0 0
node 1522 1 0 0
node 1622 1 0 0
node 1737 1 0 0
gene 1 1 13 138264 0 1 138264 1
gene 2 2 13 -236991 0 2 -236991 1
gene 2 3 13 76299 0 3 76299 1
gene 4 4 13 -27075 0 4 -27075 0
gene 3 5 13 -69006 0 5 -69006 1
gene 1 6 13 -800000 0 6 -800000 1
gene 3 7 13 -92562 0 7 -92562 1
gene 1 8 13 80760 0 8 80760 0
gene 4 9 13 451326 0 9 451326 1
gene 2 10 13 -800000 0 10 -800000 1
gene 3 11 13 219501 0 11 219501 1
gene 4 12 13 215211 0 12 215211 1
gene 1 1 14 -560487 0 13 -560487 1
gene 1 2 14 -86625 0 14 -86625 1
gene 2 3 14 -373572 0 15 -373572 1
gene 2 4 14 -179973 0 16 -179973 1
gene 1 5 14 200730 0 17 200730 1
gene 2 6 14 -378891 0 18 -378891 0
gene 3 7 14 -536232 0 19 -536232 0
gene 3 8 14 90459 0 20 90459 1
gene 3 9 14 -225369 0 21 -225369 1
gene 2 10 14 -38865 0 22 -38865 1
gene 3 11 14 -369951 0 23 -369951 1
gene 2 12 14 582891 0 24 582891 1
gene 2 1 15 628814 0 25 628814 1
gene 3 2 15 233895 0 26 233895 1
gene 4 3 15 279879 0 27 279879 0
gene 1 4 15 -44130 0 28 -44130 0
gene 4 5 15 800000 0 29 800000 1
gene 2 6 15 409236 0 30 409236 1
gene 4 7 15 -249465 0 31 -249465 1
gene 2 8 15 -191763 0 32 -191763 1
gene 2 9 15 112050 0 33 112050 0
gene 2 10 15 -33918 0 34 -33918 1
gene 3 11 15 -800000 0 35 -800000 1
gene 2 12 15 -210357 0 36 -210357 0
gene 4 4 24 -539984 0 62 -539984 1
gene 4 24 13 -277703 0 63 -277703 1
gene 1 24 24 -30813 1 127 -30813 0
gene 3 15 13 46905 0 293 46905 1
gene 2 7 24 477297 0 408 477297 0
gene 3 7 188 364059 0 526 364059 1
gene 3 188 14 -122109 0 527 -122109 1
gene 2 9 222 -601512 0 645 -601512 0
gene 2 222 15 -246996 0 646 -246996 1
gene 3 3 272 -800000 0 798 -800000 0
gene 3 272 15 -283110 0 799 -283110 0
gene 2 3 24 726579 0 850 726579 1
gene 1 24 301 -708027 1 893 -708027 0
gene 1 301 24 66018 0 894 66018 0
gene 1 188 188 -47139 1 934 -47139 1
gene 3 4 188 -324030 0 1080 -324030 1
gene 2 6 380 -26715 0 1115 -26715 1
gene 2 380 14 -144660 0 1116 -144660 1
gene 1 4 393 -20982 0 1157 -20982 1
gene 1 393 15 -444858 0 1158 -444858 1
gene 1 15 380 115302 0 1196 115302 1
gene 2 12 188 463731 0 1302 463731 0
gene 2 9 453 -97314 0 1346 -97314 1
gene 2 453 222 190606 0 1347 190606 1
gene 1 24 469 -135792 1 1394 -135792 1
gene 1 469 301 121815 0 1395 121815 0
gene 3 222 24 -253935 0 1576 -253935 1
gene 4 3 188 594792 0 1616 594792 1
gene 3 272 557 673326 0 1666 673326 1
gene 1 557 15 142449 0 1667 142449 0
gene 1 6 272 564333 0 1830 564333 1
gene 4 12 380 45990 0 1879 45990 0
gene 1 469 729 645855 0 2197 645855 1
gene 1 729 301 107871 0 2198 107871 1
gene 2 14 301 256887 0 2244 256887 1
gene 1 188 380 -237441 0 2284 -237441 1
gene 1 8 875 185331 0 2630 185331 0
gene 1 875 13 673116 0 2631 673116 1
gene 4 12 927 163995 0 2791 163995 1
gene 4 927 380 -135321 0 2792 -135321 1
gene 2 393 380 14487 0 3014 14487 1
gene 2 7 1021 232371 0 3066 232371 1
gene 2 1021 24 -508311 0 3067 -508311 1
gene 1 8 1084 -392784 0 3243 -392784 0
gene 1 1084 875 283938 0 3244 283938 0
gene 4 188 927 -123006 0 3297 -123006 1
gene 1 1084 1116 -372447 0 3335 -372447 1
gene 1 1116 875 99624 0 3336 99624 0
gene 1 222 469 222567 0 3394 222567 1
gene 1 8 1234 -288501 0 3693 -288501 1
gene 1 1234 1084 121005 0 3694 121005 1
gene 1 301 1295 51153 0 3863 51153 1
gene 1 1295 24 -611724 0 3864 -611724 1
gene 1 2 393 -9375 0 3943 -9375 1
gene 4 1084 1084 -216903 1 4053 -216903 1
gene 3 1295 1084 519297 0 4076 519297 1
gene 1 1116 1374 -297648 0 4119 -297648 1
gene 1 1374 875 -210351 0 4120 -210351 1
gene 2 272 1084 -39708 0 4218 -39708 1
gene 2 12 1496 409326 0 4474 409326 1
gene 2 1496 15 -324177 0 4475 -324177 1
gene 1 557 1522 73962 0 4546 73962 1
gene 1 1522 15 246240 0 4547 246240 1
gene 3 1116 1021 440143 0 4657 440143 1
gene 3 9 380 192381 0 4725 192381 1
gene 2 12 1622 296590 0 4831 296590 1
gene 2 1622 188 120372 0 4832 120372 1
gene 4 453 453 -800000 1 4965 -800000 1
gene 3 3 1737 161233 0 5163 161233 1
gene 3 1737 272 -221958 0 5164 -221958 1
gene 4 222 729 568528 0 5192 568528 1
genomeend 78


