/* Organism #0 Fitness: 200.000000 Time: 0 */
/* Position #0*/
#1 x: 63 y: 21
#2 x: 28 y: 18
#3 x: 57 y: 16
#4 x: 59 y: 70
#5 x: 72 y: 77
#6 x: 20 y: 76
genomestart 0
trait 1 43007.000000 16300.000000 6994.000000 28041.000000 57524.000000 37112.000000 87908.000000 80535.000000 trait 2 53934.000000 43855.000000 93604.000000 100000.000000 47120.000000 72099.000000 50358.000000 78174.000000 trait 3 0.000000 0.000000 0.000000 51304.000000 0.000000 13538.000000 70969.000000 30146.000000 trait 4 4.000000 0.000000 0.000000 36940.000000 0.000000 0.000000 43316.000000 37957.000000 node 1 4 1 3
node 2 4 1 1
node 3 1 1 1
node 4 1 1 1
node 5 1 1 1
node 6 2 1 1
node 7 4 1 1
node 8 4 1 1
node 9 2 1 1
node 10 1 1 1
node 11 2 1 1
node 12 4 1 1
node 13 2 0 2
node 14 1 0 2
node 15 3 0 2
node 121 1 0 0
node 235 1 0 0
node 384 1 0 0
node 420 1 0 0
node 433 1 0 0
node 461 1 0 0
node 500 1 0 0
node 516 1 0 0
node 697 3 0 0
node 1018 1 0 0
node 1130 1 0 0
node 1323 3 0 0
node 1393 1 0 0
node 1479 1 0 0
node 1531 4 0 0
node 1683 1 0 0
node 1735 1 0 0
node 1875 1 0 0
node 2034 1 0 0
node 2142 1 0 0
node 2172 1 0 0
node 2206 1 0 0
node 2313 2 0 0
node 2332 1 0 0
node 2368 3 0 0
node 2491 1 0 0
node 2512 1 0 0
node 2530 1 0 0
node 2547 1 0 0
node 2692 1 0 0
node 2786 1 0 0
node 2915 3 0 0
node 3042 3 0 0
node 3079 1 0 0
node 3409 1 0 0
node 3511 1 0 0
node 3548 1 0 0
node 3653 1 0 0
node 3813 1 0 0
node 3930 1 0 0
gene 2 1 13 65718 0 1 65718 1
gene 3 2 13 226413 0 2 226413 1
gene 2 3 13 -800000 0 3 -800000 1
gene 3 4 13 336048 0 4 336048 1
gene 2 5 13 176580 0 5 176580 0
gene 4 6 13 293916 0 6 293916 1
gene 3 7 13 -152490 0 7 -152490 1
gene 2 8 13 -16998 0 8 -16998 0
gene 3 9 13 -222270 0 9 -222270 1
gene 2 10 13 269832 0 10 269832 0
gene 2 11 13 800000 0 11 800000 1
gene 4 12 13 130896 0 12 130896 1
gene 2 1 14 32907 0 13 32907 1
gene 2 2 14 -13413 0 14 -13413 1
gene 4 3 14 343158 0 15 343158 1
gene 4 4 14 545688 0 16 545688 1
gene 4 5 14 -251883 0 17 -251883 1
gene 3 6 14 4302 0 18 4302 0
gene 2 7 14 -431967 0 19 -431967 1
gene 1 8 14 -391464 0 20 -391464 0
gene 3 9 14 -227268 0 21 -227268 1
gene 1 10 14 -359685 0 22 -359685 1
gene 1 11 14 -183873 0 23 -183873 1
gene 3 12 14 -213876 0 24 -213876 1
gene 3 1 15 424287 0 25 424287 1
gene 3 2 15 484419 0 26 484419 1
gene 3 3 15 350772 0 27 350772 0
gene 3 4 15 800000 0 28 800000 1
gene 3 5 15 -320379 0 29 -320379 1
gene 1 6 15 667466 0 30 667466 1
gene 3 7 15 1452 0 31 1452 1
gene 3 8 15 229482 0 32 229482 1
gene 3 9 15 800000 0 33 800000 1
gene 3 10 15 -394599 0 34 -394599 1
gene 2 11 15 41244 0 35 41244 1
gene 4 12 15 -23448 0 36 -23448 1
gene 4 15 15 -40116 1 174 -40116 1
gene 3 8 121 75153 0 329 75153 1
gene 3 121 15 -594092 0 330 -594092 1
gene 2 5 121 -599259 0 438 -599259 0
gene 2 7 121 143934 0 483 143934 0
gene 4 4 235 -27093 0 666 -27093 1
gene 4 235 14 -780042 0 667 -780042 1
gene 1 1 235 135771 0 753 135771 1
gene 3 9 235 -88743 0 1108 -88743 1
gene 3 10 384 -654006 0 1126 -654006 1
gene 3 384 15 154074 0 1127 154074 1
gene 2 14 14 89196 1 1197 89196 1
gene 3 7 420 110163 0 1239 110163 0
gene 3 420 15 -213855 0 1240 -213855 0
gene 3 2 433 691587 0 1284 691587 1
gene 3 433 13 680571 0 1285 680571 1
gene 4 3 461 -38448 0 1352 -38448 0
gene 4 461 14 672096 0 1353 672096 1
gene 4 15 500 -800000 1 1453 -800000 1
gene 4 500 15 -375750 0 1454 -375750 1
gene 1 8 516 -91617 0 1500 -91617 1
gene 1 516 14 180108 0 1501 180108 1
gene 1 384 121 800000 0 1548 800000 1
gene 2 8 461 230955 0 1965 230955 1
gene 3 3 697 -476997 0 2038 -476997 1
gene 3 697 15 -443262 0 2039 -443262 1
gene 2 1 500 552797 0 2133 552797 1
gene 1 3 433 800000 0 2628 800000 1
gene 1 516 516 -313266 1 2664 -313266 1
gene 3 8 1018 254868 0 2997 254868 1
gene 3 1018 121 -614445 0 2998 -614445 0
gene 3 15 433 -665565 0 3156 -665565 1
gene 1 10 1130 -511598 0 3329 -511598 1
gene 1 1130 14 -579021 0 3330 -579021 1
gene 3 500 697 57675 0 3371 57675 1
gene 2 3 516 -800000 0 3603 -800000 0
gene 2 9 1323 -800000 0 3885 -800000 0
gene 2 1323 14 96564 0 3886 96564 1
gene 2 121 420 -481290 0 3959 -481290 1
gene 2 8 1393 497682 0 4093 497682 1
gene 2 1393 13 -276015 0 4094 -276015 1
gene 1 11 1479 -800000 0 4325 -800000 1
gene 1 1479 14 -647919 0 4326 -647919 1
gene 4 12 1531 759 0 4477 759 1
gene 4 1531 15 -458687 0 4478 -458687 1
gene 3 1393 433 559968 0 4734 559968 1
gene 2 1323 1683 -345756 0 4950 -345756 1
gene 2 1683 14 27024 0 4951 27024 1
gene 3 6 1735 66624 0 5103 66624 1
gene 3 1735 14 -242463 0 5104 -242463 1
gene 1 5 516 324972 0 5346 324972 1
gene 1 516 433 -487212 0 5443 -487212 1
gene 3 2 1875 303870 0 5505 303870 1
gene 3 1875 433 -800000 0 5506 -800000 1
gene 1 1683 461 -800000 0 5687 -800000 1
gene 1 516 121 295497 0 5877 295497 1
gene 3 3 2034 -438078 0 5939 -438078 1
gene 3 2034 697 3867 0 5940 3867 1
gene 3 5 1479 -800000 0 6157 -800000 1
gene 3 7 2142 -128118 0 6248 -128118 1
gene 3 2142 420 -800000 0 6249 -800000 1
gene 3 420 2172 -584274 0 6332 -584274 1
gene 3 2172 15 584901 0 6333 584901 1
gene 2 1735 1735 -800000 1 6388 -800000 1
gene 2 8 2206 -225447 0 6436 -225447 1
gene 2 2206 1393 -295169 0 6437 -295169 1
gene 2 121 2313 248820 0 6747 248820 1
gene 2 2313 420 40062 0 6748 40062 1
gene 2 9 2332 -800000 0 6797 -800000 1
gene 2 2332 1323 572841 0 6798 572841 0
gene 4 1323 2034 -382851 0 6848 -382851 1
gene 2 7 2368 -369696 0 6897 -369696 1
gene 2 2368 121 163725 0 6898 163725 1
gene 2 384 1531 -536409 0 7018 -536409 1
gene 2 2142 1018 194187 0 7205 194187 1
gene 3 2206 2034 -335541 0 7245 -335541 1
gene 2 7 2491 268215 0 7283 268215 1
gene 2 2491 2368 -334230 0 7284 -334230 1
gene 2 5 2512 780264 0 7337 780264 1
gene 2 2512 13 -41130 0 7338 -41130 0
gene 2 10 2530 -734327 0 7387 -734327 1
gene 2 2530 13 -800000 0 7388 -800000 1
gene 3 9 2547 64893 0 7440 64893 1
gene 3 2547 13 -720366 0 7441 -720366 1
gene 2 2530 1479 -43467 0 7594 -43467 1
gene 1 1479 2692 274965 0 7856 274965 0
gene 1 2692 14 -141690 0 7857 -141690 1
gene 3 4 1130 339357 0 7980 339357 1
gene 4 3 2786 -231396 0 8132 -231396 1
gene 4 2786 14 -129522 0 8133 -129522 1
gene 3 384 384 241518 1 8429 241518 1
gene 2 3 2915 50334 0 8516 50334 1
gene 2 2915 516 599571 0 8517 599571 1
gene 4 433 433 -190455 1 8562 -190455 1
gene 2 2547 1479 31545 0 8709 31545 0
gene 3 2206 1683 223494 0 8777 223494 0
gene 2 5 3042 -39243 0 8890 -39243 1
gene 2 3042 121 -386598 0 8891 -386598 1
gene 1 1479 3079 -75330 0 9004 -75330 1
gene 1 3079 2692 25770 0 9005 25770 1
gene 4 516 2547 -51387 0 9030 -51387 1
gene 3 1875 2915 283716 0 9219 283716 1
gene 2 2 420 33705 0 9364 33705 1
gene 2 1735 1531 648225 0 9549 648225 1
gene 4 9 697 -291153 0 9875 -291153 1
gene 4 12 2786 -332385 0 9948 -332385 1
gene 2 2547 3409 578196 0 10007 578196 1
gene 2 3409 1479 -729075 0 10008 -729075 1
gene 2 8 500 23415 0 10064 23415 1
gene 3 2206 3511 288465 0 10310 288465 1
gene 3 3511 1683 406434 0 10311 406434 1
gene 2 2332 3548 -18588 0 10423 -18588 1
gene 2 3548 1323 -142629 0 10424 -142629 0
gene 2 3548 3653 -147378 0 10741 -147378 1
gene 2 3653 1323 219852 0 10742 219852 1
gene 4 1393 3042 -419218 0 10907 -419218 1
gene 4 3 3813 184533 0 11225 184533 1
gene 4 3813 461 -14961 0 11226 -14961 1
gene 2 11 697 24029 0 11389 24029 1
gene 3 121 13 67729 0 11432 67729 1
gene 3 1531 1130 29521 0 11488 29521 1
gene 1 2547 2142 -47067 0 11526 -47067 1
gene 2 2512 3930 1 0 11578 0 1
gene 2 3930 13 -41130 0 11579 0 1
gene 4 1018 1018 -6104 1 11633 -6104 1
genomeend 0


/* Organism #8 Fitness: 300.000000 Time: 0 */
/* Position #8*/
#1 x: 38 y: 30
#2 x: 84 y: 33
#3 x: 34 y: 34
#4 x: 36 y: 65
#5 x: 42 y: 85
#6 x: 77 y: 77
genomestart 8
trait 1 78708.000000 100000.000000 6994.000000 0.000000 57524.000000 100000.000000 87908.000000 100000.000000 trait 2 7350.000000 88783.000000 70868.000000 0.000000 0.000000 0.000000 54579.000000 18399.000000 trait 3 0.000000 0.000000 44883.000000 65858.000000 41337.000000 0.000000 100000.000000 41343.000000 trait 4 0.000000 0.000000 59018.000000 36940.000000 14830.000000 0.000000 0.000000 37957.000000 node 1 4 1 3
node 2 4 1 1
node 3 1 1 1
node 4 1 1 1
node 5 1 1 1
node 6 2 1 1
node 7 4 1 1
node 8 4 1 1
node 9 2 1 1
node 10 1 1 1
node 11 2 1 1
node 12 4 1 1
node 13 2 0 2
node 14 4 0 2
node 15 3 0 2
node 121 1 0 0
node 235 1 0 0
node 384 2 0 0
node 420 1 0 0
node 433 1 0 0
node 461 1 0 0
node 500 1 0 0
node 516 1 0 0
node 697 3 0 0
node 1018 1 0 0
node 1130 1 0 0
node 1323 3 0 0
node 1393 1 0 0
node 1479 1 0 0
node 1531 3 0 0
node 1683 1 0 0
node 1735 2 0 0
node 1875 1 0 0
node 2034 1 0 0
node 2142 1 0 0
node 2172 1 0 0
node 2206 1 0 0
node 2313 1 0 0
node 2332 1 0 0
node 2368 1 0 0
node 2491 1 0 0
node 2512 1 0 0
node 2530 1 0 0
node 2547 1 0 0
node 2692 1 0 0
node 2786 1 0 0
node 2912 1 0 0
node 3009 1 0 0
node 3108 1 0 0
node 3213 1 0 0
node 3249 1 0 0
node 3336 1 0 0
node 3356 1 0 0
node 3443 1 0 0
node 3469 1 0 0
node 3532 1 0 0
node 3658 1 0 0
node 3715 1 0 0
node 3733 1 0 0
node 3775 1 0 0
node 3831 1 0 0
node 3909 1 0 0
node 3920 1 0 0
node 3949 1 0 0
gene 2 1 13 521280 0 1 521280 1
gene 3 2 13 31500 0 2 31500 1
gene 2 3 13 -120342 0 3 -120342 0
gene 3 4 13 -464898 0 4 -464898 1
gene 2 5 13 -607517 0 5 -607517 0
gene 4 6 13 -390144 0 6 -390144 1
gene 3 7 13 -498309 0 7 -498309 1
gene 2 8 13 -800000 0 8 -800000 0
gene 3 9 13 -161055 0 9 -161055 1
gene 2 10 13 39936 0 10 39936 1
gene 2 11 13 -28524 0 11 -28524 1
gene 4 12 13 -151683 0 12 -151683 1
gene 2 1 14 -800000 0 13 -800000 1
gene 2 2 14 -344028 0 14 -344028 1
gene 4 3 14 153033 0 15 153033 0
gene 4 4 14 289521 0 16 289521 1
gene 4 5 14 800000 0 17 800000 1
gene 3 6 14 -359355 0 18 -359355 0
gene 2 7 14 -519003 0 19 -519003 1
gene 1 8 14 304347 0 20 304347 0
gene 3 9 14 176529 0 21 176529 1
gene 1 10 14 237180 0 22 237180 0
gene 1 11 14 33558 0 23 33558 1
gene 4 12 14 -227769 0 24 -227769 1
gene 3 1 15 126621 0 25 126621 1
gene 3 2 15 7056 0 26 7056 1
gene 3 3 15 161109 0 27 161109 1
gene 3 4 15 -702027 0 28 -702027 1
gene 3 5 15 266136 0 29 266136 1
gene 1 6 15 263802 0 30 263802 1
gene 3 7 15 -58638 0 31 -58638 0
gene 3 8 15 247311 0 32 247311 1
gene 3 9 15 -84345 0 33 -84345 1
gene 3 10 15 111027 0 34 111027 0
gene 2 11 15 606414 0 35 606414 1
gene 4 12 15 203244 0 36 203244 0
gene 4 15 15 -70377 1 174 -70377 0
gene 3 8 121 549324 0 329 549324 0
gene 3 121 15 361644 0 330 361644 1
gene 2 5 121 196533 0 438 196533 1
gene 2 7 121 515100 0 483 515100 0
gene 4 4 235 800000 0 666 800000 1
gene 4 235 14 641738 0 667 641738 0
gene 1 1 235 -76125 0 753 -76125 1
gene 3 9 235 -135477 0 1108 -135477 1
gene 3 10 384 -90045 0 1126 -90045 1
gene 3 384 15 130857 0 1127 130857 1
gene 2 14 14 339798 1 1197 339798 1
gene 3 7 420 -387966 0 1239 -387966 0
gene 3 420 15 -143844 0 1240 -143844 0
gene 3 2 433 -2010 0 1284 -2010 1
gene 3 433 13 -334668 0 1285 -334668 1
gene 4 3 461 -676227 0 1352 -676227 1
gene 4 461 14 -497646 0 1353 -497646 1
gene 4 15 500 -70503 1 1453 -70503 1
gene 4 500 15 475995 0 1454 475995 0
gene 1 8 516 23640 0 1500 23640 1
gene 1 516 14 -99822 0 1501 -99822 0
gene 1 384 121 20427 0 1548 20427 1
gene 2 8 461 -175455 0 1965 -175455 1
gene 3 3 697 -29586 0 2038 -29586 1
gene 3 697 15 685391 0 2039 685391 0
gene 2 1 500 -18804 0 2133 -18804 1
gene 1 3 433 -364620 0 2628 -364620 1
gene 1 516 516 29703 1 2664 29703 1
gene 3 8 1018 455937 0 2997 455937 1
gene 3 1018 121 -800000 0 2998 -800000 0
gene 3 15 433 -362715 0 3156 -362715 0
gene 2 10 1130 271302 0 3329 271302 1
gene 1 1130 14 477225 0 3330 477225 1
gene 3 500 697 -374733 0 3371 -374733 1
gene 2 3 516 450525 0 3603 450525 1
gene 2 9 1323 287448 0 3885 287448 0
gene 2 1323 14 -524757 0 3886 -524757 1
gene 2 121 420 -383103 0 3959 -383103 1
gene 2 8 1393 -205242 0 4093 -205242 1
gene 2 1393 13 465315 0 4094 465315 0
gene 1 11 1479 16554 0 4325 16554 1
gene 1 1479 14 151749 0 4326 151749 1
gene 4 12 1531 260799 0 4477 260799 1
gene 4 1531 15 217575 0 4478 217575 1
gene 3 1393 433 -526539 0 4734 -526539 1
gene 2 1323 1683 358659 0 4950 358659 1
gene 2 1683 14 -690207 0 4951 -690207 1
gene 3 6 1735 -800000 0 5103 -800000 1
gene 3 1735 14 728588 0 5104 728588 1
gene 1 5 516 257121 0 5346 257121 1
gene 1 516 433 -28734 0 5443 -28734 1
gene 3 2 1875 -16351 0 5505 -16351 1
gene 3 1875 433 -635576 0 5506 -635576 1
gene 1 1683 461 -255882 0 5687 -255882 1
gene 1 516 121 44964 0 5877 44964 1
gene 3 3 2034 -106728 0 5939 -106728 1
gene 3 2034 697 -298281 0 5940 -298281 1
gene 3 5 1479 -244062 0 6157 -244062 1
gene 3 7 2142 285 0 6248 285 1
gene 3 2142 420 373431 0 6249 373431 1
gene 3 420 2172 37599 0 6332 37599 1
gene 3 2172 15 -6075 0 6333 -6075 1
gene 2 1735 1735 590685 1 6388 590685 1
gene 2 8 2206 672201 0 6436 672201 1
gene 1 2206 1393 310533 0 6437 310533 1
gene 2 121 2313 264630 0 6747 264630 1
gene 2 2313 420 450120 0 6748 450120 1
gene 2 9 2332 -101922 0 6797 -101922 0
gene 2 2332 1323 -426438 0 6798 -426438 1
gene 4 1323 2034 -587252 0 6848 -587252 1
gene 2 7 2368 -266916 0 6897 -266916 1
gene 2 2368 121 641061 0 6898 641061 1
gene 2 384 1531 634032 0 7018 634032 1
gene 2 2142 1018 -800000 0 7205 -800000 0
gene 3 2206 2034 540729 0 7245 540729 1
gene 2 7 2491 -321417 0 7283 -321417 1
gene 2 2491 2368 800000 0 7284 800000 1
gene 2 5 2512 -168993 0 7337 -168993 1
gene 2 2512 13 -650954 0 7338 -650954 0
gene 2 10 2530 800000 0 7387 800000 1
gene 2 2530 13 -114177 0 7388 -114177 1
gene 3 9 2547 -559731 0 7440 -559731 1
gene 3 2547 13 -418056 0 7441 -418056 1
gene 2 2530 1479 521568 0 7594 521568 0
gene 1 1479 2692 37857 0 7856 37857 1
gene 1 2692 14 -99294 0 7857 -99294 1
gene 3 4 1130 -333699 0 7980 -333699 1
gene 4 3 2786 -216456 0 8132 -216456 1
gene 4 2786 14 -206067 0 8133 -206067 0
gene 4 2547 1735 170256 0 8311 170256 1
gene 3 2692 461 -562901 0 8358 -562901 1
gene 4 500 2912 -644511 0 8507 -644511 1
gene 1 2912 15 -446427 0 8508 -446427 1
gene 1 2912 1130 361941 0 8750 361941 1
gene 2 2142 3009 -367497 0 8799 -367497 1
gene 2 3009 1018 -17535 0 8800 -17535 0
gene 3 2034 2034 -22329 1 8851 -22329 1
gene 2 2512 3108 -800000 0 9104 -800000 1
gene 2 3108 13 632981 0 9105 632981 1
gene 1 2491 235 295947 0 9236 295947 1
gene 2 9 3213 -25191 0 9416 -25191 1
gene 2 3213 2332 725319 0 9417 725319 1
gene 1 516 3249 -800000 0 9516 -800000 1
gene 1 3249 14 44301 0 9517 44301 1
gene 2 1393 3336 292449 0 9780 292449 1
gene 2 3336 13 320004 0 9781 320004 1
gene 2 2530 3356 232236 0 9835 232236 1
gene 2 3356 1479 597396 0 9836 597396 1
gene 3 2034 3443 42954 1 10105 42954 1
gene 3 3443 2034 -18387 0 10106 -18387 1
gene 3 697 3469 588824 0 10184 588824 1
gene 3 3469 15 581859 0 10185 581859 1
gene 3 3009 3009 300453 1 10235 300453 1
gene 2 3009 3532 -157518 0 10378 -157518 1
gene 2 3532 1018 -46173 0 10379 -46173 1
gene 1 10 3658 -220341 0 10754 -220341 1
gene 1 3658 14 89997 0 10755 89997 1
gene 2 1393 1323 -292872 0 10793 -292872 1
gene 4 2786 3715 240948 0 10952 240948 1
gene 4 3715 14 270978 0 10953 270978 1
gene 4 235 3733 142815 0 10999 142815 1
gene 4 3733 14 -282906 0 11000 -282906 1
gene 3 7 3775 334299 0 11121 334299 1
gene 3 3775 15 286596 0 11122 286596 1
gene 2 3 3831 261309 0 11273 261309 1
gene 2 3831 13 -330792 0 11274 -330792 1
gene 4 5 461 -281328 0 11419 -281328 1
gene 4 15 3909 1 1 11517 1 1
gene 4 3909 15 52722 0 11518 52722 1
gene 3 15 3920 -42678 0 11546 -42678 1
gene 3 3920 433 -572901 0 11547 -572901 1
gene 2 2142 3949 1 0 11642 0 1
gene 2 3949 1018 -800000 0 11643 0 1
genomeend 8


/* Organism #23 Fitness: 200.000000 Time: 0 */
/* Position #23*/
#1 x: 47 y: 28
#2 x: 66 y: 21
#3 x: 76 y: 21
#4 x: 23 y: 70
#5 x: 57 y: 80
#6 x: 60 y: 69
genomestart 23
trait 1 78708.000000 100000.000000 6994.000000 0.000000 57524.000000 100000.000000 87908.000000 100000.000000 trait 2 7350.000000 88783.000000 70868.000000 0.000000 0.000000 0.000000 54579.000000 18399.000000 trait 3 0.000000 0.000000 44883.000000 65858.000000 41337.000000 0.000000 100000.000000 41343.000000 trait 4 4.000000 0.000000 0.000000 36940.000000 0.000000 0.000000 0.000000 37957.000000 node 1 4 1 3
node 2 4 1 1
node 3 1 1 1
node 4 1 1 1
node 5 1 1 1
node 6 2 1 1
node 7 4 1 1
node 8 4 1 1
node 9 2 1 1
node 10 1 1 1
node 11 2 1 1
node 12 4 1 1
node 13 2 0 2
node 14 1 0 2
node 15 3 0 2
node 121 1 0 0
node 235 1 0 0
node 384 2 0 0
node 420 1 0 0
node 433 1 0 0
node 461 1 0 0
node 500 1 0 0
node 516 1 0 0
node 697 3 0 0
node 1018 1 0 0
node 1130 1 0 0
node 1323 3 0 0
node 1393 1 0 0
node 1479 1 0 0
node 1531 3 0 0
node 1683 1 0 0
node 1735 2 0 0
node 1875 1 0 0
node 2034 1 0 0
node 2142 1 0 0
node 2172 1 0 0
node 2206 1 0 0
node 2313 1 0 0
node 2332 1 0 0
node 2368 1 0 0
node 2491 1 0 0
node 2512 1 0 0
node 2530 1 0 0
node 2547 1 0 0
node 2692 1 0 0
node 2786 1 0 0
node 2912 1 0 0
node 3009 1 0 0
node 3108 1 0 0
node 3213 1 0 0
node 3249 1 0 0
node 3336 1 0 0
node 3356 1 0 0
node 3443 1 0 0
node 3469 1 0 0
node 3532 1 0 0
node 3658 1 0 0
node 3715 1 0 0
node 3733 1 0 0
node 3775 1 0 0
node 3942 1 0 0
gene 2 1 13 260379 0 1 260379 1
gene 3 2 13 72126 0 2 72126 1
gene 2 3 13 414669 0 3 414669 1
gene 3 4 13 203901 0 4 203901 1
gene 2 5 13 -617232 0 5 -617232 0
gene 4 6 13 445932 0 6 445932 1
gene 3 7 13 499170 0 7 499170 1
gene 2 8 13 -4422 0 8 -4422 0
gene 3 9 13 -136305 0 9 -136305 1
gene 2 10 13 -607773 0 10 -607773 1
gene 2 11 13 -48462 0 11 -48462 1
gene 4 12 13 -38202 0 12 -38202 1
gene 2 1 14 59238 0 13 59238 1
gene 2 2 14 108897 0 14 108897 1
gene 4 3 14 204378 0 15 204378 0
gene 4 4 14 81057 0 16 81057 1
gene 4 5 14 181389 0 17 181389 1
gene 3 6 14 -154068 0 18 -154068 0
gene 2 7 14 161586 0 19 161586 1
gene 1 8 14 -154854 0 20 -154854 0
gene 3 9 14 -279414 0 21 -279414 1
gene 1 10 14 265860 0 22 265860 0
gene 1 11 14 -359352 0 23 -359352 1
gene 4 12 14 25011 0 24 25011 1
gene 3 1 15 348054 0 25 348054 1
gene 3 2 15 28425 0 26 28425 1
gene 3 3 15 -228036 0 27 -228036 1
gene 3 4 15 -158181 0 28 -158181 1
gene 3 5 15 -12123 0 29 -12123 1
gene 1 6 15 188754 0 30 188754 1
gene 3 7 15 116601 0 31 116601 0
gene 3 8 15 800000 0 32 800000 1
gene 3 9 15 -512492 0 33 -512492 1
gene 3 10 15 -99969 0 34 -99969 0
gene 2 11 15 -288663 0 35 -288663 1
gene 4 12 15 -181845 0 36 -181845 0
gene 4 15 15 331284 1 174 331284 1
gene 3 8 121 -108852 0 329 -108852 0
gene 3 121 15 -281709 0 330 -281709 1
gene 2 5 121 -201612 0 438 -201612 1
gene 2 7 121 397848 0 483 397848 0
gene 4 4 235 800000 0 666 800000 1
gene 4 235 14 119070 0 667 119070 0
gene 1 1 235 -790844 0 753 -790844 1
gene 3 9 235 -89547 0 1108 -89547 1
gene 3 10 384 -79425 0 1126 -79425 1
gene 3 384 15 -11784 0 1127 -11784 1
gene 2 14 14 -210168 1 1197 -210168 1
gene 3 7 420 -800000 0 1239 -800000 0
gene 3 420 15 -286383 0 1240 -286383 0
gene 3 2 433 -48582 0 1284 -48582 1
gene 3 433 13 567114 0 1285 567114 1
gene 4 3 461 -575055 0 1352 -575055 1
gene 4 461 14 -363609 0 1353 -363609 1
gene 4 15 500 70626 1 1453 70626 1
gene 4 500 15 602406 0 1454 602406 0
gene 1 8 516 -37884 0 1500 -37884 1
gene 1 516 14 -30993 0 1501 -30993 0
gene 1 384 121 185289 0 1548 185289 1
gene 2 8 461 547434 0 1965 547434 1
gene 3 3 697 114159 0 2038 114159 1
gene 3 697 15 63201 0 2039 63201 0
gene 1 1 500 -764694 0 2133 -764694 1
gene 1 3 433 -60483 0 2628 -60483 1
gene 1 516 516 -103266 1 2664 -103266 1
gene 3 8 1018 773718 0 2997 773718 1
gene 3 1018 121 -416259 0 2998 -416259 0
gene 3 15 433 -800000 0 3156 -800000 1
gene 2 10 1130 558228 0 3329 558228 1
gene 1 1130 14 700014 0 3330 700014 1
gene 3 500 697 23838 0 3371 23838 1
gene 2 3 516 107463 0 3603 107463 1
gene 2 9 1323 -312876 0 3885 -312876 0
gene 2 1323 14 201828 0 3886 201828 1
gene 2 121 420 -75822 0 3959 -75822 1
gene 2 8 1393 61701 0 4093 61701 1
gene 2 1393 13 -223755 0 4094 -223755 0
gene 1 11 1479 385371 0 4325 385371 1
gene 1 1479 14 -260511 0 4326 -260511 1
gene 4 12 1531 -273636 0 4477 -273636 1
gene 4 1531 15 -321660 0 4478 -321660 1
gene 3 1393 433 -648912 0 4734 -648912 1
gene 2 1323 1683 582639 0 4950 582639 1
gene 2 1683 14 -66981 0 4951 -66981 1
gene 3 6 1735 -226980 0 5103 -226980 1
gene 3 1735 14 22671 0 5104 22671 1
gene 1 5 516 398865 0 5346 398865 1
gene 1 516 433 286014 0 5443 286014 1
gene 3 2 1875 -156363 0 5505 -156363 1
gene 3 1875 433 226980 0 5506 226980 1
gene 1 1683 461 42081 0 5687 42081 1
gene 1 516 121 -437547 0 5877 -437547 1
gene 3 3 2034 -362574 0 5939 -362574 1
gene 3 2034 697 -54888 0 5940 -54888 1
gene 3 5 1479 -354954 0 6157 -354954 1
gene 3 7 2142 -57483 0 6248 -57483 1
gene 3 2142 420 -133698 0 6249 -133698 1
gene 3 420 2172 -800000 0 6332 -800000 1
gene 3 2172 15 -224964 0 6333 -224964 1
gene 2 1735 1735 405477 1 6388 405477 1
gene 2 8 2206 -277812 0 6436 -277812 1
gene 1 2206 1393 138705 0 6437 138705 1
gene 2 121 2313 -246207 0 6747 -246207 1
gene 2 2313 420 -234045 0 6748 -234045 0
gene 2 9 2332 627699 0 6797 627699 0
gene 2 2332 1323 -138516 0 6798 -138516 1
gene 4 1323 2034 2562 0 6848 2562 1
gene 2 7 2368 46578 0 6897 46578 1
gene 2 2368 121 112284 0 6898 112284 1
gene 2 384 1531 -87759 0 7018 -87759 1
gene 2 2142 1018 258192 0 7205 258192 1
gene 3 2206 2034 604527 0 7245 604527 1
gene 2 7 2491 448197 0 7283 448197 1
gene 2 2491 2368 -4068 0 7284 -4068 1
gene 2 5 2512 241707 0 7337 241707 1
gene 2 2512 13 -268727 0 7338 -268727 0
gene 2 10 2530 800000 0 7387 800000 1
gene 2 2530 13 242523 0 7388 242523 1
gene 3 9 2547 -17928 0 7440 -17928 1
gene 3 2547 13 117981 0 7441 117981 1
gene 2 2530 1479 422775 0 7594 422775 0
gene 1 1479 2692 -226587 0 7856 -226587 1
gene 1 2692 14 -441603 0 7857 -441603 1
gene 3 4 1130 741789 0 7980 741789 1
gene 4 3 2786 -705312 0 8132 -705312 1
gene 4 2786 14 -507453 0 8133 -507453 0
gene 4 2547 1735 -103257 0 8311 -103257 1
gene 3 2692 461 -110874 0 8358 -110874 1
gene 4 500 2912 -283320 0 8507 -283320 1
gene 1 2912 15 -266424 0 8508 -266424 1
gene 1 2912 1130 79707 0 8750 79707 1
gene 2 2142 3009 431724 0 8799 431724 1
gene 2 3009 1018 311853 0 8800 311853 0
gene 3 2034 2034 38022 1 8851 38022 1
gene 2 2512 3108 -129777 0 9104 -129777 1
gene 2 3108 13 -279627 0 9105 -279627 1
gene 1 2491 235 287202 0 9236 287202 1
gene 2 9 3213 271581 0 9416 271581 1
gene 2 3213 2332 324099 0 9417 324099 1
gene 1 516 3249 -22149 0 9516 -22149 1
gene 1 3249 14 -800000 0 9517 -800000 1
gene 2 1393 3336 38076 0 9780 38076 1
gene 2 3336 13 -800000 0 9781 -800000 1
gene 2 2530 3356 11886 0 9835 11886 1
gene 2 3356 1479 -382170 0 9836 -382170 1
gene 3 2034 3443 -156081 1 10105 -156081 1
gene 3 3443 2034 -11031 0 10106 -11031 1
gene 3 697 3469 -129459 0 10184 -129459 1
gene 3 3469 15 -391356 0 10185 -391356 1
gene 3 3009 3009 139725 1 10235 139725 1
gene 2 3009 3532 -800000 0 10378 -800000 1
gene 2 3532 1018 -121245 0 10379 -121245 1
gene 1 10 3658 194178 0 10754 194178 1
gene 1 3658 14 -72189 0 10755 -72189 1
gene 2 1393 1323 97288 0 10793 97288 1
gene 4 2786 3715 -317390 0 10952 -317390 1
gene 4 3715 14 345321 0 10953 345321 1
gene 4 235 3733 696373 0 10999 696373 1
gene 4 3733 14 -119661 0 11000 -119661 1
gene 3 7 3775 -54269 0 11121 -54269 1
gene 3 3775 15 -54984 0 11122 -54984 1
gene 2 461 384 128970 0 11374 128970 1
gene 1 1683 1683 -11184 1 11412 -11184 1
gene 2 2547 3658 -96258 0 11572 -96258 1
gene 2 2313 3942 1 0 11609 0 1
gene 2 3942 420 -234045 0 11610 0 1
genomeend 23


/* Organism #24 Fitness: 220.000000 Time: 0 */
/* Position #24*/
#1 x: 38 y: 37
#2 x: 82 y: 34
#3 x: 47 y: 19
#4 x: 51 y: 78
#5 x: 65 y: 69
#6 x: 49 y: 63
genomestart 24
trait 1 78708.000000 100000.000000 6994.000000 0.000000 57524.000000 100000.000000 87908.000000 100000.000000 trait 2 7350.000000 88783.000000 70868.000000 0.000000 0.000000 0.000000 54579.000000 18399.000000 trait 3 0.000000 0.000000 44883.000000 65858.000000 41337.000000 0.000000 100000.000000 41343.000000 trait 4 4.000000 0.000000 0.000000 36940.000000 0.000000 0.000000 0.000000 37957.000000 node 1 4 1 3
node 2 4 1 1
node 3 1 1 1
node 4 1 1 1
node 5 1 1 1
node 6 2 1 1
node 7 4 1 1
node 8 4 1 1
node 9 2 1 1
node 10 1 1 1
node 11 2 1 1
node 12 4 1 1
node 13 2 0 2
node 14 1 0 2
node 15 3 0 2
node 121 1 0 0
node 235 1 0 0
node 384 2 0 0
node 420 1 0 0
node 433 1 0 0
node 461 1 0 0
node 500 1 0 0
node 516 1 0 0
node 697 3 0 0
node 1018 1 0 0
node 1130 1 0 0
node 1323 3 0 0
node 1393 1 0 0
node 1479 1 0 0
node 1531 3 0 0
node 1683 1 0 0
node 1735 2 0 0
node 1875 1 0 0
node 2034 1 0 0
node 2142 1 0 0
node 2172 1 0 0
node 2206 1 0 0
node 2313 1 0 0
node 2332 1 0 0
node 2368 1 0 0
node 2491 1 0 0
node 2512 1 0 0
node 2530 1 0 0
node 2547 1 0 0
node 2692 1 0 0
node 2786 1 0 0
node 2912 1 0 0
node 3009 1 0 0
node 3108 1 0 0
node 3213 1 0 0
node 3249 1 0 0
node 3336 1 0 0
node 3356 1 0 0
node 3443 1 0 0
node 3469 1 0 0
node 3532 1 0 0
node 3658 1 0 0
node 3715 1 0 0
node 3733 1 0 0
node 3775 1 0 0
node 3942 1 0 0
gene 2 1 13 260379 0 1 260379 1
gene 3 2 13 72126 0 2 72126 1
gene 2 3 13 414669 0 3 414669 1
gene 3 4 13 203901 0 4 203901 1
gene 2 5 13 -617232 0 5 -617232 0
gene 4 6 13 445932 0 6 445932 1
gene 3 7 13 499170 0 7 499170 1
gene 2 8 13 -4422 0 8 -4422 0
gene 3 9 13 -136305 0 9 -136305 1
gene 2 10 13 -607773 0 10 -607773 1
gene 2 11 13 -48462 0 11 -48462 1
gene 4 12 13 -38202 0 12 -38202 1
gene 2 1 14 59238 0 13 59238 1
gene 2 2 14 108897 0 14 108897 1
gene 4 3 14 204378 0 15 204378 0
gene 4 4 14 81057 0 16 81057 1
gene 4 5 14 181389 0 17 181389 1
gene 3 6 14 -154068 0 18 -154068 0
gene 2 7 14 161586 0 19 161586 1
gene 1 8 14 -154854 0 20 -154854 0
gene 3 9 14 -279414 0 21 -279414 1
gene 1 10 14 265860 0 22 265860 0
gene 1 11 14 -359352 0 23 -359352 1
gene 4 12 14 25011 0 24 25011 1
gene 3 1 15 348054 0 25 348054 1
gene 3 2 15 28425 0 26 28425 1
gene 3 3 15 -228036 0 27 -228036 1
gene 3 4 15 -158181 0 28 -158181 1
gene 3 5 15 -12123 0 29 -12123 1
gene 1 6 15 188754 0 30 188754 1
gene 3 7 15 116601 0 31 116601 0
gene 3 8 15 800000 0 32 800000 1
gene 3 9 15 -512492 0 33 -512492 1
gene 3 10 15 -99969 0 34 -99969 0
gene 2 11 15 -288663 0 35 -288663 1
gene 4 12 15 -181845 0 36 -181845 0
gene 4 15 15 331284 1 174 331284 1
gene 3 8 121 -108852 0 329 -108852 0
gene 3 121 15 -281709 0 330 -281709 1
gene 2 5 121 -201612 0 438 -201612 1
gene 2 7 121 397848 0 483 397848 0
gene 4 4 235 800000 0 666 800000 1
gene 4 235 14 119070 0 667 119070 0
gene 1 1 235 -790844 0 753 -790844 1
gene 3 9 235 -89547 0 1108 -89547 1
gene 3 10 384 -79425 0 1126 -79425 1
gene 3 384 15 -11784 0 1127 -11784 1
gene 2 14 14 -210168 1 1197 -210168 1
gene 3 7 420 -800000 0 1239 -800000 0
gene 3 420 15 -286383 0 1240 -286383 0
gene 3 2 433 -48582 0 1284 -48582 1
gene 3 433 13 567114 0 1285 567114 1
gene 4 3 461 -575055 0 1352 -575055 1
gene 4 461 14 -363609 0 1353 -363609 1
gene 4 15 500 70626 1 1453 70626 1
gene 4 500 15 602406 0 1454 602406 0
gene 1 8 516 -37884 0 1500 -37884 1
gene 1 516 14 -30993 0 1501 -30993 0
gene 1 384 121 185289 0 1548 185289 1
gene 2 8 461 547434 0 1965 547434 1
gene 3 3 697 114159 0 2038 114159 1
gene 3 697 15 63201 0 2039 63201 0
gene 2 1 500 -764694 0 2133 -764694 1
gene 1 3 433 -60483 0 2628 -60483 1
gene 1 516 516 -103266 1 2664 -103266 1
gene 3 8 1018 773718 0 2997 773718 1
gene 3 1018 121 -416259 0 2998 -416259 0
gene 3 15 433 -800000 0 3156 -800000 1
gene 2 10 1130 558228 0 3329 558228 1
gene 1 1130 14 700014 0 3330 700014 1
gene 3 500 697 23838 0 3371 23838 1
gene 2 3 516 107463 0 3603 107463 1
gene 2 9 1323 -312876 0 3885 -312876 0
gene 2 1323 14 201828 0 3886 201828 1
gene 2 121 420 -75822 0 3959 -75822 1
gene 2 8 1393 61701 0 4093 61701 1
gene 2 1393 13 -223755 0 4094 -223755 0
gene 1 11 1479 385371 0 4325 385371 1
gene 1 1479 14 -260511 0 4326 -260511 1
gene 4 12 1531 -273636 0 4477 -273636 1
gene 4 1531 15 -321660 0 4478 -321660 1
gene 3 1393 433 -648912 0 4734 -648912 1
gene 2 1323 1683 582639 0 4950 582639 1
gene 2 1683 14 -66981 0 4951 -66981 1
gene 3 6 1735 -226980 0 5103 -226980 1
gene 3 1735 14 22671 0 5104 22671 1
gene 1 5 516 398865 0 5346 398865 1
gene 1 516 433 286014 0 5443 286014 1
gene 3 2 1875 -156363 0 5505 -156363 1
gene 3 1875 433 226980 0 5506 226980 1
gene 1 1683 461 42081 0 5687 42081 1
gene 1 516 121 -437547 0 5877 -437547 1
gene 3 3 2034 -362574 0 5939 -362574 1
gene 3 2034 697 -54888 0 5940 -54888 1
gene 3 5 1479 -354954 0 6157 -354954 1
gene 3 7 2142 -57483 0 6248 -57483 1
gene 3 2142 420 -133698 0 6249 -133698 1
gene 3 420 2172 -800000 0 6332 -800000 1
gene 3 2172 15 -224964 0 6333 -224964 1
gene 2 1735 1735 405477 1 6388 405477 1
gene 2 8 2206 -277812 0 6436 -277812 1
gene 1 2206 1393 138705 0 6437 138705 1
gene 2 121 2313 -246207 0 6747 -246207 1
gene 2 2313 420 -234045 0 6748 -234045 0
gene 2 9 2332 627699 0 6797 627699 0
gene 2 2332 1323 -138516 0 6798 -138516 1
gene 4 1323 2034 2562 0 6848 2562 1
gene 2 7 2368 46578 0 6897 46578 1
gene 2 2368 121 112284 0 6898 112284 1
gene 2 384 1531 -87759 0 7018 -87759 1
gene 2 2142 1018 258192 0 7205 258192 1
gene 3 2206 2034 604527 0 7245 604527 1
gene 2 7 2491 448197 0 7283 448197 1
gene 2 2491 2368 -4068 0 7284 -4068 1
gene 2 5 2512 241707 0 7337 241707 1
gene 2 2512 13 -268727 0 7338 -268727 0
gene 2 10 2530 800000 0 7387 800000 1
gene 2 2530 13 242523 0 7388 242523 1
gene 3 9 2547 -17928 0 7440 -17928 1
gene 3 2547 13 117981 0 7441 117981 1
gene 2 2530 1479 422775 0 7594 422775 0
gene 1 1479 2692 -226587 0 7856 -226587 1
gene 1 2692 14 -441603 0 7857 -441603 1
gene 3 4 1130 741789 0 7980 741789 1
gene 4 3 2786 -705312 0 8132 -705312 1
gene 4 2786 14 -507453 0 8133 -507453 0
gene 4 2547 1735 -103257 0 8311 -103257 1
gene 3 2692 461 -110874 0 8358 -110874 1
gene 4 500 2912 -283320 0 8507 -283320 1
gene 1 2912 15 -266424 0 8508 -266424 1
gene 1 2912 1130 79707 0 8750 79707 1
gene 2 2142 3009 431724 0 8799 431724 1
gene 2 3009 1018 311853 0 8800 311853 0
gene 3 2034 2034 38022 1 8851 38022 1
gene 2 2512 3108 -129777 0 9104 -129777 1
gene 2 3108 13 -279627 0 9105 -279627 1
gene 1 2491 235 287202 0 9236 287202 1
gene 2 9 3213 271581 0 9416 271581 1
gene 2 3213 2332 324099 0 9417 324099 1
gene 1 516 3249 -22149 0 9516 -22149 1
gene 1 3249 14 -800000 0 9517 -800000 1
gene 2 1393 3336 38076 0 9780 38076 1
gene 2 3336 13 -800000 0 9781 -800000 1
gene 2 2530 3356 11886 0 9835 11886 1
gene 2 3356 1479 -382170 0 9836 -382170 1
gene 3 2034 3443 -156081 1 10105 -156081 1
gene 3 3443 2034 -11031 0 10106 -11031 1
gene 3 697 3469 -129459 0 10184 -129459 1
gene 3 3469 15 -391356 0 10185 -391356 1
gene 3 3009 3009 139725 1 10235 139725 1
gene 2 3009 3532 -800000 0 10378 -800000 1
gene 2 3532 1018 -121245 0 10379 -121245 1
gene 1 10 3658 194178 0 10754 194178 1
gene 1 3658 14 -72189 0 10755 -72189 1
gene 2 1393 1323 97288 0 10793 97288 1
gene 4 2786 3715 -317390 0 10952 -317390 1
gene 4 3715 14 345321 0 10953 345321 1
gene 4 235 3733 696373 0 10999 696373 1
gene 4 3733 14 -119661 0 11000 -119661 1
gene 3 7 3775 -54269 0 11121 -54269 1
gene 3 3775 15 -54984 0 11122 -54984 1
gene 2 461 384 128970 0 11374 128970 1
gene 1 1683 1683 -11184 1 11412 -11184 1
gene 2 2547 3658 -96258 0 11572 -96258 1
gene 2 2313 3942 1 0 11609 0 1
gene 2 3942 420 -234045 0 11610 0 1
genomeend 24


/* Organism #38 Fitness: 210.000000 Time: 0 */
/* Position #38*/
#1 x: 35 y: 22
#2 x: 32 y: 21
#3 x: 35 y: 31
#4 x: 63 y: 75
#5 x: 40 y: 76
#6 x: 54 y: 78
genomestart 38
trait 1 43007.000000 16300.000000 6994.000000 28041.000000 57524.000000 37112.000000 87908.000000 80535.000000 trait 2 30533.000000 24215.000000 70868.000000 0.000000 0.000000 0.000000 0.000000 18399.000000 trait 3 0.000000 83419.000000 0.000000 65858.000000 0.000000 0.000000 100000.000000 41343.000000 trait 4 26570.000000 0.000000 0.000000 0.000000 0.000000 76740.000000 82548.000000 42425.000000 node 1 4 1 3
node 2 4 1 1
node 3 1 1 1
node 4 1 1 1
node 5 1 1 1
node 6 2 1 1
node 7 4 1 1
node 8 4 1 1
node 9 2 1 1
node 10 1 1 1
node 11 2 1 1
node 12 4 1 1
node 13 2 0 2
node 14 1 0 2
node 15 3 0 2
node 121 1 0 0
node 235 1 0 0
node 384 1 0 0
node 420 1 0 0
node 433 1 0 0
node 461 1 0 0
node 500 1 0 0
node 516 1 0 0
node 697 3 0 0
node 1018 1 0 0
node 1130 1 0 0
node 1323 3 0 0
node 1393 1 0 0
node 1479 1 0 0
node 1531 3 0 0
node 1683 1 0 0
node 1735 1 0 0
node 1875 1 0 0
node 2034 1 0 0
node 2142 4 0 0
node 2172 1 0 0
node 2206 1 0 0
node 2313 1 0 0
node 2332 1 0 0
node 2368 4 0 0
node 2491 1 0 0
node 2512 1 0 0
node 2530 1 0 0
node 2547 1 0 0
node 2692 1 0 0
node 2786 1 0 0
node 2912 1 0 0
node 3009 1 0 0
node 3109 1 0 0
node 3157 1 0 0
node 3182 1 0 0
node 3270 1 0 0
node 3412 1 0 0
node 3599 3 0 0
node 3689 1 0 0
node 3780 1 0 0
node 3804 1 0 0
node 3853 1 0 0
node 3957 1 0 0
gene 2 1 13 83151 0 1 83151 1
gene 3 2 13 -677384 0 2 -677384 1
gene 2 3 13 151266 0 3 151266 1
gene 3 4 13 -261111 0 4 -261111 0
gene 2 5 13 -478794 0 5 -478794 0
gene 4 6 13 -357030 0 6 -357030 1
gene 3 7 13 240129 0 7 240129 1
gene 2 8 13 -267138 0 8 -267138 0
gene 3 9 13 -111417 0 9 -111417 1
gene 2 10 13 -800000 0 10 -800000 0
gene 2 11 13 611975 0 11 611975 0
gene 4 12 13 -311913 0 12 -311913 1
gene 2 1 14 -232638 0 13 -232638 1
gene 2 2 14 -117165 0 14 -117165 1
gene 4 3 14 800000 0 15 800000 0
gene 4 4 14 -158055 0 16 -158055 0
gene 4 5 14 -316644 0 17 -316644 1
gene 3 6 14 -162678 0 18 -162678 0
gene 2 7 14 298512 0 19 298512 1
gene 1 8 14 737856 0 20 737856 0
gene 3 9 14 -171269 0 21 -171269 1
gene 1 10 14 -45453 0 22 -45453 0
gene 1 11 14 -278100 0 23 -278100 1
gene 4 12 14 -97086 0 24 -97086 1
gene 3 1 15 212157 0 25 212157 1
gene 3 2 15 -712671 0 26 -712671 1
gene 3 3 15 506454 0 27 506454 0
gene 3 4 15 546482 0 28 546482 1
gene 3 5 15 -553101 0 29 -553101 1
gene 1 6 15 208413 0 30 208413 1
gene 3 7 15 791259 0 31 791259 1
gene 3 8 15 800000 0 32 800000 1
gene 3 9 15 -100083 0 33 -100083 1
gene 3 10 15 -59107 0 34 -59107 0
gene 2 11 15 -196362 0 35 -196362 1
gene 4 12 15 234960 0 36 234960 0
gene 4 15 15 173835 1 174 173835 0
gene 3 8 121 531159 0 329 531159 0
gene 3 121 15 187929 0 330 187929 1
gene 2 5 121 -270924 0 438 -270924 0
gene 2 7 121 258840 0 483 258840 0
gene 4 4 235 385493 0 666 385493 1
gene 4 235 14 -508860 0 667 -508860 1
gene 1 1 235 94677 0 753 94677 1
gene 3 9 235 208499 0 1108 208499 1
gene 3 10 384 -540672 0 1126 -540672 1
gene 3 384 15 523563 0 1127 523563 1
gene 2 14 14 -117384 1 1197 -117384 1
gene 3 7 420 800000 0 1239 800000 0
gene 3 420 15 -273441 0 1240 -273441 0
gene 3 2 433 -431145 0 1284 -431145 1
gene 3 433 13 314373 0 1285 314373 1
gene 4 3 461 -101877 0 1352 -101877 1
gene 4 461 14 224766 0 1353 224766 1
gene 4 15 500 -633539 1 1453 -633539 1
gene 4 500 15 383541 0 1454 383541 0
gene 1 8 516 99492 0 1500 99492 1
gene 1 516 14 256374 0 1501 256374 1
gene 1 384 121 308094 0 1548 308094 1
gene 2 8 461 106755 0 1965 106755 1
gene 3 3 697 294546 0 2038 294546 0
gene 3 697 15 -197595 0 2039 -197595 1
gene 2 1 500 -375474 0 2133 -375474 1
gene 1 3 433 -541029 0 2628 -541029 1
gene 1 516 516 -181659 1 2664 -181659 0
gene 3 8 1018 8382 0 2997 8382 1
gene 3 1018 121 -194847 0 2998 -194847 0
gene 3 15 433 -84684 0 3156 -84684 1
gene 1 10 1130 380207 0 3329 380207 1
gene 1 1130 14 74892 0 3330 74892 1
gene 3 500 697 -236763 0 3371 -236763 1
gene 2 3 516 -127266 0 3603 -127266 1
gene 2 9 1323 -625341 0 3885 -625341 0
gene 2 1323 14 -167793 0 3886 -167793 0
gene 2 121 420 29268 0 3959 29268 1
gene 2 8 1393 57471 0 4093 57471 1
gene 2 1393 13 800000 0 4094 800000 1
gene 1 11 1479 265914 0 4325 265914 1
gene 1 1479 14 -566291 0 4326 -566291 1
gene 4 12 1531 -10374 0 4477 -10374 1
gene 4 1531 15 99171 0 4478 99171 1
gene 3 1393 433 35463 0 4734 35463 1
gene 2 1323 1683 54921 0 4950 54921 1
gene 2 1683 14 273681 0 4951 273681 1
gene 3 6 1735 438642 0 5103 438642 1
gene 3 1735 14 -197127 0 5104 -197127 0
gene 1 5 516 -72765 0 5346 -72765 1
gene 1 516 433 -130221 0 5443 -130221 1
gene 3 2 1875 193523 0 5505 193523 1
gene 3 1875 433 503778 0 5506 503778 1
gene 1 1683 461 -24078 0 5687 -24078 1
gene 1 516 121 665309 0 5877 665309 1
gene 3 3 2034 761481 0 5939 761481 1
gene 3 2034 697 523427 0 5940 523427 1
gene 3 5 1479 -205122 0 6157 -205122 1
gene 3 7 2142 -467277 0 6248 -467277 1
gene 3 2142 420 -800000 0 6249 -800000 1
gene 3 420 2172 504735 0 6332 504735 1
gene 3 2172 15 572721 0 6333 572721 1
gene 2 1735 1735 -38127 1 6388 -38127 1
gene 2 8 2206 629369 0 6436 629369 1
gene 2 2206 1393 678719 0 6437 678719 1
gene 2 121 2313 -95619 0 6747 -95619 1
gene 2 2313 420 -242394 0 6748 -242394 1
gene 2 9 2332 319883 0 6797 319883 1
gene 2 2332 1323 -245595 0 6798 -245595 1
gene 4 1323 2034 747186 0 6848 747186 1
gene 2 7 2368 -702002 0 6897 -702002 1
gene 2 2368 121 316665 0 6898 316665 1
gene 2 384 1531 -35871 0 7018 -35871 1
gene 2 2142 1018 -58989 0 7205 -58989 0
gene 3 2206 2034 -299880 0 7245 -299880 1
gene 2 7 2491 33402 0 7283 33402 0
gene 2 2491 2368 -198704 0 7284 -198704 1
gene 2 5 2512 630297 0 7337 630297 1
gene 2 2512 13 -708272 0 7338 -708272 1
gene 2 10 2530 -668103 0 7387 -668103 1
gene 2 2530 13 407538 0 7388 407538 1
gene 3 9 2547 -377433 0 7440 -377433 1
gene 3 2547 13 437561 0 7441 437561 1
gene 2 2530 1479 778812 0 7594 778812 1
gene 1 1479 2692 123421 0 7856 123421 1
gene 1 2692 14 621510 0 7857 621510 1
gene 3 4 1130 610713 0 7980 610713 1
gene 4 3 2786 59010 0 8132 59010 1
gene 4 2786 14 -69615 0 8133 -69615 1
gene 4 2547 1735 86853 0 8311 86853 1
gene 3 2692 461 761187 0 8358 761187 1
gene 4 500 2912 94188 0 8507 94188 1
gene 1 2912 15 -159846 0 8508 -159846 0
gene 1 2912 1130 221277 0 8750 221277 1
gene 2 2142 3009 -254598 0 8799 -254598 0
gene 2 3009 1018 214647 0 8800 214647 1
gene 3 2034 2034 42681 1 8851 42681 1
gene 3 3 3109 109452 0 9107 109452 1
gene 3 3109 697 -95334 0 9108 -95334 1
gene 1 2912 3157 68142 0 9248 68142 1
gene 1 3157 15 202341 0 9249 202341 1
gene 3 2530 121 329349 0 9284 329349 0
gene 1 516 3182 -100656 1 9328 -100656 1
gene 1 3182 516 -629049 0 9329 -629049 1
gene 1 2491 1531 -39597 0 9377 -39597 1
gene 3 2530 3270 -175887 0 9577 -175887 1
gene 3 3270 121 -164028 0 9578 -164028 1
gene 4 2512 2512 -157623 1 9707 -157623 1
gene 4 1683 1393 548534 0 9807 548534 1
gene 2 2142 3412 323934 0 10015 323934 1
gene 2 3412 3009 195849 0 10016 195849 1
gene 1 1 2034 171723 0 10265 171723 1
gene 1 3412 3412 -377320 1 10366 -377320 1
gene 2 500 2332 219855 0 10431 219855 1
gene 3 1735 3599 110445 0 10574 110445 1
gene 3 3599 14 -593154 0 10575 -593154 1
gene 2 5 3689 -204498 0 10856 -204498 1
gene 2 3689 121 297771 0 10857 297771 1
gene 4 6 697 158016 0 10959 158016 1
gene 1 10 3780 160470 0 11133 160470 1
gene 1 3780 14 -290514 0 11134 -290514 1
gene 2 7 3804 -118482 0 11201 -118482 1
gene 2 3804 2491 -82581 0 11202 -82581 1
gene 2 11 3853 325660 0 11335 325660 1
gene 2 3853 13 270600 0 11336 270600 1
gene 2 1479 1735 -526959 0 11428 -526959 1
gene 3 4 3957 1 0 11664 0 1
gene 3 3957 13 -261111 0 11665 0 1
genomeend 38


/* Organism #40 Fitness: 240.000000 Time: 0 */
/* Position #40*/
#1 x: 35 y: 32
#2 x: 42 y: 28
#3 x: 16 y: 34
#4 x: 23 y: 83
#5 x: 17 y: 72
#6 x: 16 y: 68
genomestart 40
trait 1 43007.000000 16300.000000 6994.000000 28041.000000 57524.000000 37112.000000 87908.000000 80535.000000 trait 2 49209.000000 59812.000000 19254.000000 89259.000000 0.000000 0.000000 50358.000000 23911.000000 trait 3 0.000000 0.000000 0.000000 51304.000000 0.000000 13538.000000 70969.000000 30146.000000 trait 4 4.000000 0.000000 0.000000 36940.000000 0.000000 0.000000 43316.000000 37957.000000 node 1 4 1 3
node 2 4 1 1
node 3 1 1 1
node 4 1 1 1
node 5 1 1 1
node 6 2 1 1
node 7 4 1 1
node 8 4 1 1
node 9 2 1 1
node 10 1 1 1
node 11 2 1 1
node 12 4 1 1
node 13 2 0 2
node 14 1 0 2
node 15 3 0 2
node 121 1 0 0
node 235 1 0 0
node 384 1 0 0
node 420 1 0 0
node 433 1 0 0
node 461 1 0 0
node 500 1 0 0
node 516 1 0 0
node 697 3 0 0
node 1018 1 0 0
node 1130 1 0 0
node 1323 3 0 0
node 1393 1 0 0
node 1479 1 0 0
node 1531 4 0 0
node 1683 1 0 0
node 1735 2 0 0
node 1875 1 0 0
node 2034 1 0 0
node 2142 1 0 0
node 2172 1 0 0
node 2206 1 0 0
node 2313 1 0 0
node 2332 1 0 0
node 2368 3 0 0
node 2491 1 0 0
node 2512 1 0 0
node 2530 1 0 0
node 2547 1 0 0
node 2692 1 0 0
node 2786 1 0 0
node 2915 1 0 0
node 3042 1 0 0
node 3079 1 0 0
node 3409 1 0 0
node 3527 1 0 0
node 3557 1 0 0
node 3610 1 0 0
node 3642 1 0 0
node 3829 1 0 0
node 3902 1 0 0
node 3931 1 0 0
gene 2 1 13 -2676 0 1 -2676 1
gene 3 2 13 -290496 0 2 -290496 1
gene 2 3 13 150921 0 3 150921 0
gene 3 4 13 145545 0 4 145545 1
gene 2 5 13 -46476 0 5 -46476 0
gene 4 6 13 -381729 0 6 -381729 1
gene 3 7 13 167037 0 7 167037 1
gene 2 8 13 -533715 0 8 -533715 0
gene 3 9 13 582822 0 9 582822 1
gene 2 10 13 79632 0 10 79632 0
gene 2 11 13 -484878 0 11 -484878 1
gene 4 12 13 -231099 0 12 -231099 1
gene 2 1 14 307833 0 13 307833 1
gene 2 2 14 -548534 0 14 -548534 1
gene 4 3 14 356928 0 15 356928 1
gene 4 4 14 -670520 0 16 -670520 1
gene 4 5 14 800000 0 17 800000 1
gene 3 6 14 320562 0 18 320562 0
gene 2 7 14 256232 0 19 256232 1
gene 1 8 14 47079 0 20 47079 0
gene 3 9 14 -285258 0 21 -285258 1
gene 1 10 14 -210174 0 22 -210174 1
gene 1 11 14 100797 0 23 100797 1
gene 3 12 14 85788 0 24 85788 1
gene 3 1 15 -406098 0 25 -406098 1
gene 3 2 15 353835 0 26 353835 1
gene 3 3 15 354048 0 27 354048 0
gene 3 4 15 342594 0 28 342594 1
gene 3 5 15 -428784 0 29 -428784 1
gene 1 6 15 97791 0 30 97791 1
gene 3 7 15 242790 0 31 242790 1
gene 3 8 15 152118 0 32 152118 1
gene 3 9 15 577548 0 33 577548 1
gene 3 10 15 -533948 0 34 -533948 1
gene 2 11 15 -513966 0 35 -513966 1
gene 4 12 15 -718970 0 36 -718970 1
gene 4 15 15 -46551 1 174 -46551 1
gene 3 8 121 -781844 0 329 -781844 1
gene 3 121 15 -368868 0 330 -368868 1
gene 2 5 121 -439854 0 438 -439854 0
gene 2 7 121 -247785 0 483 -247785 0
gene 4 4 235 581865 0 666 581865 1
gene 4 235 14 -401991 0 667 -401991 1
gene 1 1 235 85674 0 753 85674 1
gene 3 9 235 -146526 0 1108 -146526 1
gene 3 10 384 -609278 0 1126 -609278 1
gene 3 384 15 754725 0 1127 754725 1
gene 2 14 14 219039 1 1197 219039 1
gene 3 7 420 79347 0 1239 79347 0
gene 3 420 15 742913 0 1240 742913 0
gene 3 2 433 96654 0 1284 96654 1
gene 3 433 13 -71508 0 1285 -71508 1
gene 4 3 461 -60576 0 1352 -60576 1
gene 4 461 14 -771099 0 1353 -771099 1
gene 4 15 500 -558093 1 1453 -558093 1
gene 4 500 15 -76887 0 1454 -76887 1
gene 1 8 516 -249513 0 1500 -249513 1
gene 1 516 14 -319941 0 1501 -319941 1
gene 1 384 121 -703560 0 1548 -703560 0
gene 2 8 461 214908 0 1965 214908 1
gene 3 3 697 84966 0 2038 84966 1
gene 3 697 15 -204897 0 2039 -204897 1
gene 2 1 500 580211 0 2133 580211 1
gene 1 3 433 -437706 0 2628 -437706 1
gene 1 516 516 616128 1 2664 616128 1
gene 3 8 1018 260127 0 2997 260127 1
gene 3 1018 121 14358 0 2998 14358 0
gene 3 15 433 615084 0 3156 615084 0
gene 1 10 1130 15036 0 3329 15036 1
gene 1 1130 14 284169 0 3330 284169 1
gene 3 500 697 -46398 0 3371 -46398 1
gene 2 3 516 -343581 0 3603 -343581 0
gene 2 9 1323 -24498 0 3885 -24498 0
gene 2 1323 14 -59859 0 3886 -59859 0
gene 2 121 420 -61353 0 3959 -61353 1
gene 2 8 1393 245781 0 4093 245781 1
gene 2 1393 13 -388134 0 4094 -388134 1
gene 1 11 1479 225564 0 4325 225564 0
gene 1 1479 14 -608607 0 4326 -608607 1
gene 4 12 1531 -196698 0 4477 -196698 1
gene 4 1531 15 367014 0 4478 367014 1
gene 3 1393 433 583596 0 4734 583596 1
gene 2 1323 1683 536919 0 4950 536919 1
gene 2 1683 14 431433 0 4951 431433 1
gene 3 6 1735 -130980 0 5103 -130980 1
gene 3 1735 14 -58023 0 5104 -58023 1
gene 1 5 516 -800000 0 5346 -800000 1
gene 1 516 433 444303 0 5443 444303 1
gene 3 2 1875 -154008 0 5505 -154008 1
gene 3 1875 433 283485 0 5506 283485 1
gene 1 1683 461 -800000 0 5687 -800000 1
gene 1 516 121 -800000 0 5877 -800000 1
gene 3 3 2034 252339 0 5939 252339 1
gene 3 2034 697 597513 0 5940 597513 1
gene 3 5 1479 -684219 0 6157 -684219 1
gene 3 7 2142 343410 0 6248 343410 1
gene 3 2142 420 -364590 0 6249 -364590 1
gene 3 420 2172 -800000 0 6332 -800000 1
gene 3 2172 15 -559569 0 6333 -559569 1
gene 2 1735 1735 -728270 1 6388 -728270 1
gene 2 8 2206 299154 0 6436 299154 1
gene 2 2206 1393 -441411 0 6437 -441411 1
gene 2 121 2313 -800000 0 6747 -800000 1
gene 2 2313 420 -589122 0 6748 -589122 1
gene 2 9 2332 336765 0 6797 336765 1
gene 2 2332 1323 431460 0 6798 431460 1
gene 4 1323 2034 -203742 0 6848 -203742 1
gene 2 7 2368 -174645 0 6897 -174645 0
gene 2 2368 121 577392 0 6898 577392 1
gene 2 384 1531 502989 0 7018 502989 0
gene 2 2142 1018 -283602 0 7205 -283602 1
gene 3 2206 2034 -444519 0 7245 -444519 1
gene 2 7 2491 -496646 0 7283 -496646 1
gene 2 2491 2368 -142275 0 7284 -142275 1
gene 2 5 2512 -338505 0 7337 -338505 1
gene 2 2512 13 605862 0 7338 605862 1
gene 2 10 2530 47151 0 7387 47151 1
gene 2 2530 13 -457884 0 7388 -457884 1
gene 3 9 2547 -434475 0 7440 -434475 1
gene 3 2547 13 499149 0 7441 499149 1
gene 2 2530 1479 -99678 0 7594 -99678 1
gene 1 1479 2692 279987 0 7856 279987 0
gene 1 2692 14 273309 0 7857 273309 1
gene 3 4 1130 -738093 0 7980 -738093 1
gene 4 3 2786 -517902 0 8132 -517902 1
gene 4 2786 14 84201 0 8133 84201 1
gene 3 384 384 -360618 1 8429 -360618 1
gene 2 3 2915 462573 0 8516 462573 1
gene 2 2915 516 -199992 0 8517 -199992 1
gene 4 433 433 19083 1 8562 19083 1
gene 2 2547 1479 568551 0 8709 568551 0
gene 3 2206 1683 -187629 0 8777 -187629 1
gene 2 5 3042 -600528 0 8890 -600528 1
gene 2 3042 121 -390861 0 8891 -390861 1
gene 1 1479 3079 127116 0 9004 127116 1
gene 1 3079 2692 243048 0 9005 243048 1
gene 4 516 2547 -588624 0 9030 -588624 1
gene 3 1875 2915 740457 0 9219 740457 1
gene 2 2 420 -291035 0 9364 -291035 1
gene 2 1735 1531 234840 0 9549 234840 1
gene 4 9 697 -239520 0 9875 -239520 1
gene 4 12 2786 -101445 0 9948 -101445 1
gene 2 2547 3409 800000 0 10007 800000 1
gene 2 3409 1479 -290118 0 10008 -290118 1
gene 2 8 500 -409962 0 10064 -409962 1
gene 2 3 3527 70563 0 10362 70563 1
gene 2 3527 13 43626 0 10363 43626 1
gene 3 500 500 68139 1 10410 68139 1
gene 2 384 3557 -214593 0 10455 -214593 1
gene 2 3557 1531 -766533 0 10456 -766533 1
gene 1 2491 1018 -452088 0 10493 -452088 1
gene 2 7 3610 322755 0 10603 322755 1
gene 2 3610 2368 -355113 0 10604 -355113 1
gene 1 2142 2142 -226608 1 10644 -226608 1
gene 3 15 3642 208008 0 10707 208008 1
gene 3 3642 433 73167 0 10708 73167 1
gene 3 2313 15 -172005 0 10762 -172005 1
gene 2 2332 1875 800000 0 11004 800000 1
gene 1 11 3829 -197174 0 11269 -197174 1
gene 1 3829 1479 217641 0 11270 217641 1
gene 4 1531 3642 -4524 0 11366 -4524 1
gene 3 420 1683 -60881 0 11446 -60881 1
gene 2 1323 3902 51274 0 11497 51274 1
gene 2 3902 14 108609 0 11498 108609 1
gene 1 384 3931 1 0 11580 0 1
gene 1 3931 121 -703560 0 11581 0 1
gene 4 2786 1531 -82376 0 11668 -82376 1
genomeend 40


/* Organism #44 Fitness: 240.000000 Time: 0 */
/* Position #44*/
#1 x: 35 y: 32
#2 x: 41 y: 35
#3 x: 54 y: 16
#4 x: 34 y: 74
#5 x: 59 y: 60
#6 x: 71 y: 82
genomestart 44
trait 1 43007.000000 16300.000000 6994.000000 28041.000000 57524.000000 37112.000000 87908.000000 80535.000000 trait 2 0.000000 0.000000 100000.000000 95786.000000 51940.000000 0.000000 0.000000 62181.000000 trait 3 0.000000 0.000000 0.000000 51304.000000 0.000000 13538.000000 70969.000000 30146.000000 trait 4 4.000000 0.000000 79338.000000 27432.000000 0.000000 0.000000 61142.000000 0.000000 node 1 4 1 3
node 2 4 1 1
node 3 1 1 1
node 4 1 1 1
node 5 1 1 1
node 6 2 1 1
node 7 4 1 1
node 8 4 1 1
node 9 2 1 1
node 10 1 1 1
node 11 2 1 1
node 12 4 1 1
node 13 2 0 2
node 14 1 0 2
node 15 3 0 2
node 121 1 0 0
node 235 1 0 0
node 384 1 0 0
node 420 1 0 0
node 433 1 0 0
node 461 1 0 0
node 500 1 0 0
node 516 1 0 0
node 697 3 0 0
node 1018 1 0 0
node 1130 1 0 0
node 1323 3 0 0
node 1393 1 0 0
node 1479 1 0 0
node 1531 4 0 0
node 1683 1 0 0
node 1735 1 0 0
node 1875 1 0 0
node 2034 1 0 0
node 2142 1 0 0
node 2172 1 0 0
node 2206 1 0 0
node 2313 1 0 0
node 2332 1 0 0
node 2368 3 0 0
node 2491 1 0 0
node 2512 1 0 0
node 2530 1 0 0
node 2547 1 0 0
node 2692 1 0 0
node 2786 1 0 0
node 2915 4 0 0
node 3042 1 0 0
node 3079 1 0 0
node 3409 1 0 0
node 3542 1 0 0
node 3555 1 0 0
node 3590 1 0 0
node 3734 1 0 0
node 3877 1 0 0
node 3907 1 0 0
gene 2 1 13 -196368 0 1 -196368 1
gene 3 2 13 330041 0 2 330041 1
gene 2 3 13 -800000 0 3 -800000 1
gene 3 4 13 -219957 0 4 -219957 1
gene 2 5 13 -137097 0 5 -137097 0
gene 4 6 13 248412 0 6 248412 1
gene 3 7 13 463535 0 7 463535 1
gene 2 8 13 -180309 0 8 -180309 0
gene 3 9 13 -423407 0 9 -423407 1
gene 2 10 13 63720 0 10 63720 0
gene 2 11 13 373275 0 11 373275 1
gene 4 12 13 -198936 0 12 -198936 1
gene 2 1 14 598122 0 13 598122 1
gene 2 2 14 693413 0 14 693413 1
gene 4 3 14 -179877 0 15 -179877 1
gene 4 4 14 45231 0 16 45231 1
gene 4 5 14 187284 0 17 187284 1
gene 3 6 14 135588 0 18 135588 0
gene 2 7 14 29136 0 19 29136 1
gene 1 8 14 532755 0 20 532755 0
gene 3 9 14 800000 0 21 800000 1
gene 1 10 14 135036 0 22 135036 1
gene 1 11 14 221310 0 23 221310 1
gene 3 12 14 219798 0 24 219798 1
gene 3 1 15 90588 0 25 90588 1
gene 3 2 15 218223 0 26 218223 1
gene 3 3 15 480117 0 27 480117 0
gene 3 4 15 326466 0 28 326466 1
gene 3 5 15 646634 0 29 646634 1
gene 1 6 15 475069 0 30 475069 1
gene 3 7 15 -228801 0 31 -228801 1
gene 3 8 15 236691 0 32 236691 1
gene 3 9 15 -482013 0 33 -482013 1
gene 3 10 15 767409 0 34 767409 1
gene 2 11 15 -585195 0 35 -585195 1
gene 4 12 15 -100587 0 36 -100587 0
gene 4 15 15 384621 1 174 384621 1
gene 3 8 121 -82800 0 329 -82800 1
gene 3 121 15 -89103 0 330 -89103 1
gene 2 5 121 223041 0 438 223041 0
gene 2 7 121 -29625 0 483 -29625 0
gene 4 4 235 668487 0 666 668487 1
gene 4 235 14 557820 0 667 557820 1
gene 1 1 235 -678302 0 753 -678302 1
gene 3 9 235 -456867 0 1108 -456867 1
gene 3 10 384 140484 0 1126 140484 1
gene 3 384 15 295191 0 1127 295191 1
gene 2 14 14 -283812 1 1197 -283812 1
gene 3 7 420 -556194 0 1239 -556194 0
gene 3 420 15 109680 0 1240 109680 0
gene 3 2 433 -678507 0 1284 -678507 0
gene 3 433 13 276522 0 1285 276522 1
gene 4 3 461 150288 0 1352 150288 1
gene 4 461 14 236280 0 1353 236280 1
gene 4 15 500 -384066 1 1453 -384066 1
gene 4 500 15 27828 0 1454 27828 1
gene 1 8 516 -27405 0 1500 -27405 1
gene 1 516 14 -174150 0 1501 -174150 1
gene 1 384 121 -84951 0 1548 -84951 1
gene 2 8 461 -362718 0 1965 -362718 1
gene 3 3 697 -376095 0 2038 -376095 1
gene 3 697 15 396726 0 2039 396726 1
gene 2 1 500 -58288 0 2133 -58288 1
gene 1 3 433 -183357 0 2628 -183357 1
gene 1 516 516 -474896 1 2664 -474896 1
gene 3 8 1018 -266427 0 2997 -266427 1
gene 3 1018 121 -800000 0 2998 -800000 0
gene 3 15 433 -800000 0 3156 -800000 1
gene 1 10 1130 286452 0 3329 286452 1
gene 1 1130 14 48753 0 3330 48753 1
gene 3 500 697 601683 0 3371 601683 1
gene 2 3 516 89829 0 3603 89829 0
gene 2 9 1323 248937 0 3885 248937 0
gene 2 1323 14 53157 0 3886 53157 1
gene 2 121 420 386484 0 3959 386484 1
gene 2 8 1393 438972 0 4093 438972 1
gene 2 1393 13 -662513 0 4094 -662513 1
gene 1 11 1479 -295704 0 4325 -295704 1
gene 1 1479 14 183444 0 4326 183444 1
gene 1 12 1531 -163728 0 4477 -163728 1
gene 4 1531 15 -260652 0 4478 -260652 1
gene 3 1393 433 43407 0 4734 43407 1
gene 2 1323 1683 -691230 0 4950 -691230 1
gene 2 1683 14 -479546 0 4951 -479546 1
gene 3 6 1735 -181761 0 5103 -181761 1
gene 3 1735 14 395820 0 5104 395820 1
gene 1 5 516 103620 0 5346 103620 1
gene 1 516 433 -498165 0 5443 -498165 1
gene 3 2 1875 -522531 0 5505 -522531 1
gene 3 1875 433 -96264 0 5506 -96264 0
gene 1 1683 461 60597 0 5687 60597 1
gene 1 516 121 177666 0 5877 177666 1
gene 3 3 2034 262200 0 5939 262200 1
gene 3 2034 697 81183 0 5940 81183 1
gene 3 5 1479 242730 0 6157 242730 1
gene 3 7 2142 -174492 0 6248 -174492 1
gene 3 2142 420 -142071 0 6249 -142071 1
gene 3 420 2172 394269 0 6332 394269 1
gene 3 2172 15 524324 0 6333 524324 1
gene 2 1735 1735 -550781 1 6388 -550781 1
gene 2 8 2206 800000 0 6436 800000 1
gene 2 2206 1393 528257 0 6437 528257 1
gene 2 121 2313 8550 0 6747 8550 1
gene 2 2313 420 33783 0 6748 33783 1
gene 2 9 2332 -292020 0 6797 -292020 0
gene 2 2332 1323 40839 0 6798 40839 1
gene 4 1323 2034 187677 0 6848 187677 1
gene 2 7 2368 -237609 0 6897 -237609 1
gene 2 2368 121 335370 0 6898 335370 1
gene 2 384 1531 636449 0 7018 636449 1
gene 2 2142 1018 298041 0 7205 298041 1
gene 3 2206 2034 -387855 0 7245 -387855 1
gene 2 7 2491 510578 0 7283 510578 1
gene 2 2491 2368 134760 0 7284 134760 1
gene 2 5 2512 -129048 0 7337 -129048 1
gene 2 2512 13 -383151 0 7338 -383151 1
gene 2 10 2530 800000 0 7387 800000 1
gene 2 2530 13 -49614 0 7388 -49614 1
gene 3 9 2547 -249225 0 7440 -249225 0
gene 3 2547 13 62206 0 7441 62206 1
gene 2 2530 1479 463272 0 7594 463272 1
gene 1 1479 2692 -93363 0 7856 -93363 0
gene 1 2692 14 -447747 0 7857 -447747 1
gene 3 4 1130 221913 0 7980 221913 1
gene 4 3 2786 -196884 0 8132 -196884 1
gene 4 2786 14 -253872 0 8133 -253872 1
gene 3 384 384 -163194 1 8429 -163194 1
gene 2 3 2915 -351405 0 8516 -351405 1
gene 2 2915 516 50283 0 8517 50283 1
gene 4 433 433 -237267 1 8562 -237267 1
gene 2 2547 1479 3933 0 8709 3933 0
gene 3 2206 1683 -221769 0 8777 -221769 1
gene 2 5 3042 677340 0 8890 677340 1
gene 2 3042 121 -540779 0 8891 -540779 1
gene 1 1479 3079 -7728 0 9004 -7728 1
gene 1 3079 2692 63147 0 9005 63147 1
gene 4 516 2547 91893 0 9030 91893 0
gene 3 1875 2915 280794 0 9219 280794 1
gene 2 2 420 245334 0 9364 245334 1
gene 2 1735 1531 62088 0 9549 62088 1
gene 4 9 697 4767 0 9875 4767 1
gene 4 12 2786 616325 0 9948 616325 1
gene 2 2547 3409 212280 0 10007 212280 1
gene 2 3409 1479 -587928 0 10008 -587928 1
gene 2 2206 2206 587496 1 10238 587496 1
gene 3 1018 516 325303 0 10356 325303 1
gene 4 516 3542 209715 0 10405 209715 1
gene 4 3542 2547 106554 0 10406 106554 1
gene 2 9 3555 -294522 0 10451 -294522 1
gene 3 3555 2547 -70746 0 10452 -70746 1
gene 3 2206 2915 -70977 0 10490 -70977 1
gene 2 9 3590 140016 0 10547 140016 1
gene 2 3590 2332 -123591 0 10548 -123591 1
gene 1 1735 2692 -643361 0 10681 -643361 1
gene 3 2 3734 450067 0 11002 450067 1
gene 3 3734 433 -363234 0 11003 -363234 1
gene 4 12 3877 -109295 0 11410 -109295 1
gene 4 3877 15 -65340 0 11411 -65340 1
gene 3 1875 3907 -20051 0 11512 -20051 1
gene 3 3907 433 -519198 0 11513 -519198 1
gene 4 1531 2172 44092 0 11674 44092 1
genomeend 44


/* Organism #62 Fitness: 270.000000 Time: 0 */
/* Position #62*/
#1 x: 55 y: 17
#2 x: 64 y: 17
#3 x: 84 y: 20
#4 x: 80 y: 78
#5 x: 28 y: 64
#6 x: 65 y: 60
genomestart 62
trait 1 43007.000000 16300.000000 6994.000000 28041.000000 57524.000000 37112.000000 87908.000000 80535.000000 trait 2 0.000000 43855.000000 80776.000000 57306.000000 51940.000000 72099.000000 71226.000000 23911.000000 trait 3 0.000000 0.000000 0.000000 51304.000000 0.000000 13538.000000 70969.000000 30146.000000 trait 4 4.000000 0.000000 0.000000 36940.000000 0.000000 0.000000 43316.000000 37957.000000 node 1 4 1 3
node 2 4 1 1
node 3 1 1 1
node 4 1 1 1
node 5 1 1 1
node 6 2 1 1
node 7 4 1 1
node 8 4 1 1
node 9 2 1 1
node 10 1 1 1
node 11 2 1 1
node 12 4 1 1
node 13 2 0 2
node 14 1 0 2
node 15 3 0 2
node 121 1 0 0
node 235 1 0 0
node 384 1 0 0
node 420 1 0 0
node 433 1 0 0
node 461 1 0 0
node 500 1 0 0
node 516 1 0 0
node 697 3 0 0
node 1018 1 0 0
node 1130 1 0 0
node 1323 3 0 0
node 1393 1 0 0
node 1479 1 0 0
node 1531 4 0 0
node 1683 1 0 0
node 1735 1 0 0
node 1875 1 0 0
node 2034 1 0 0
node 2142 1 0 0
node 2172 1 0 0
node 2206 1 0 0
node 2313 1 0 0
node 2332 1 0 0
node 2368 3 0 0
node 2491 1 0 0
node 2512 1 0 0
node 2530 1 0 0
node 2547 1 0 0
node 2692 1 0 0
node 2786 1 0 0
node 2915 1 0 0
node 3042 1 0 0
node 3079 1 0 0
node 3409 1 0 0
node 3527 1 0 0
node 3557 1 0 0
node 3610 1 0 0
node 3642 1 0 0
node 3932 1 0 0
gene 2 1 13 -256323 0 1 -256323 1
gene 3 2 13 -173187 0 2 -173187 1
gene 2 3 13 -39522 0 3 -39522 0
gene 3 4 13 418725 0 4 418725 1
gene 2 5 13 -318837 0 5 -318837 0
gene 4 6 13 -349461 0 6 -349461 1
gene 3 7 13 215151 0 7 215151 1
gene 2 8 13 -387401 0 8 -387401 0
gene 3 9 13 202596 0 9 202596 1
gene 2 10 13 68667 0 10 68667 0
gene 2 11 13 187383 0 11 187383 1
gene 4 12 13 89058 0 12 89058 1
gene 2 1 14 -275655 0 13 -275655 1
gene 2 2 14 213354 0 14 213354 1
gene 4 3 14 442326 0 15 442326 1
gene 4 4 14 45126 0 16 45126 1
gene 4 5 14 99162 0 17 99162 1
gene 3 6 14 128994 0 18 128994 0
gene 2 7 14 176229 0 19 176229 1
gene 1 8 14 -66072 0 20 -66072 0
gene 3 9 14 137868 0 21 137868 1
gene 1 10 14 261099 0 22 261099 1
gene 1 11 14 -285864 0 23 -285864 1
gene 3 12 14 326469 0 24 326469 1
gene 3 1 15 -800000 0 25 -800000 1
gene 3 2 15 -571146 0 26 -571146 1
gene 3 3 15 31395 0 27 31395 0
gene 3 4 15 377040 0 28 377040 1
gene 3 5 15 -34173 0 29 -34173 1
gene 1 6 15 -169545 0 30 -169545 1
gene 3 7 15 73365 0 31 73365 1
gene 3 8 15 -116772 0 32 -116772 1
gene 3 9 15 -29514 0 33 -29514 1
gene 3 10 15 179991 0 34 179991 1
gene 2 11 15 -97866 0 35 -97866 1
gene 4 12 15 -30405 0 36 -30405 1
gene 4 15 15 -800000 1 174 -800000 1
gene 3 8 121 -329598 0 329 -329598 1
gene 3 121 15 170787 0 330 170787 1
gene 2 5 121 265959 0 438 265959 0
gene 2 7 121 239235 0 483 239235 0
gene 4 4 235 47403 0 666 47403 1
gene 4 235 14 37185 0 667 37185 1
gene 1 1 235 70407 0 753 70407 1
gene 3 9 235 455003 0 1108 455003 1
gene 3 10 384 631752 0 1126 631752 1
gene 3 384 15 -349314 0 1127 -349314 1
gene 2 14 14 -790511 1 1197 -790511 1
gene 3 7 420 409167 0 1239 409167 0
gene 3 420 15 430851 0 1240 430851 0
gene 3 2 433 440487 0 1284 440487 1
gene 3 433 13 -168126 0 1285 -168126 1
gene 4 3 461 -184569 0 1352 -184569 1
gene 4 461 14 -13389 0 1353 -13389 1
gene 4 15 500 263433 1 1453 263433 1
gene 4 500 15 -191280 0 1454 -191280 1
gene 1 8 516 198396 0 1500 198396 1
gene 1 516 14 -200883 0 1501 -200883 1
gene 1 384 121 572667 0 1548 572667 1
gene 2 8 461 289431 0 1965 289431 1
gene 3 3 697 -118233 0 2038 -118233 1
gene 3 697 15 -367659 0 2039 -367659 1
gene 2 1 500 353253 0 2133 353253 1
gene 1 3 433 345876 0 2628 345876 1
gene 1 516 516 256239 1 2664 256239 1
gene 3 8 1018 321243 0 2997 321243 1
gene 3 1018 121 -176718 0 2998 -176718 0
gene 3 15 433 -175263 0 3156 -175263 0
gene 1 10 1130 -132186 0 3329 -132186 1
gene 1 1130 14 -762765 0 3330 -762765 1
gene 3 500 697 -268050 0 3371 -268050 1
gene 2 3 516 -572763 0 3603 -572763 0
gene 2 9 1323 143847 0 3885 143847 0
gene 2 1323 14 407751 0 3886 407751 1
gene 2 121 420 526191 0 3959 526191 1
gene 2 8 1393 192930 0 4093 192930 1
gene 2 1393 13 362832 0 4094 362832 1
gene 1 11 1479 368676 0 4325 368676 1
gene 1 1479 14 200181 0 4326 200181 1
gene 4 12 1531 474198 0 4477 474198 0
gene 4 1531 15 153522 0 4478 153522 1
gene 3 1393 433 -656766 0 4734 -656766 1
gene 2 1323 1683 -370554 0 4950 -370554 1
gene 2 1683 14 800000 0 4951 800000 1
gene 3 6 1735 -97938 0 5103 -97938 1
gene 3 1735 14 247368 0 5104 247368 1
gene 1 5 516 -113646 0 5346 -113646 1
gene 1 516 433 416184 0 5443 416184 1
gene 3 2 1875 -318795 0 5505 -318795 1
gene 3 1875 433 249570 0 5506 249570 1
gene 1 1683 461 -501978 0 5687 -501978 1
gene 1 516 121 -6702 0 5877 -6702 1
gene 3 3 2034 435207 0 5939 435207 1
gene 3 2034 697 231486 0 5940 231486 1
gene 3 5 1479 -221142 0 6157 -221142 1
gene 3 7 2142 451401 0 6248 451401 1
gene 3 2142 420 17355 0 6249 17355 1
gene 3 420 2172 200571 0 6332 200571 1
gene 3 2172 15 305283 0 6333 305283 1
gene 2 1735 1735 -275292 1 6388 -275292 1
gene 2 8 2206 -146277 0 6436 -146277 1
gene 2 2206 1393 220617 0 6437 220617 1
gene 2 121 2313 245700 0 6747 245700 1
gene 2 2313 420 -247500 0 6748 -247500 1
gene 2 9 2332 50097 0 6797 50097 1
gene 2 2332 1323 800000 0 6798 800000 1
gene 4 1323 2034 29541 0 6848 29541 1
gene 2 7 2368 403449 0 6897 403449 0
gene 2 2368 121 744369 0 6898 744369 1
gene 2 384 1531 -648453 0 7018 -648453 0
gene 2 2142 1018 -564924 0 7205 -564924 1
gene 3 2206 2034 -602019 0 7245 -602019 1
gene 2 7 2491 -65469 0 7283 -65469 1
gene 2 2491 2368 206037 0 7284 206037 1
gene 2 5 2512 -480033 0 7337 -480033 1
gene 2 2512 13 -110778 0 7338 -110778 1
gene 2 10 2530 -188262 0 7387 -188262 1
gene 2 2530 13 231987 0 7388 231987 1
gene 3 9 2547 -541863 0 7440 -541863 1
gene 3 2547 13 -268842 0 7441 -268842 1
gene 2 2530 1479 -116868 0 7594 -116868 1
gene 1 1479 2692 256962 0 7856 256962 0
gene 1 2692 14 445995 0 7857 445995 1
gene 3 4 1130 -161475 0 7980 -161475 1
gene 4 3 2786 290580 0 8132 290580 1
gene 4 2786 14 703140 0 8133 703140 1
gene 3 384 384 64671 1 8429 64671 1
gene 2 3 2915 492600 0 8516 492600 1
gene 2 2915 516 32463 0 8517 32463 1
gene 4 433 433 -353685 1 8562 -353685 1
gene 2 2547 1479 579 0 8709 579 0
gene 3 2206 1683 -235623 0 8777 -235623 1
gene 2 5 3042 364578 0 8890 364578 1
gene 2 3042 121 -89448 0 8891 -89448 1
gene 1 1479 3079 -337491 0 9004 -337491 1
gene 1 3079 2692 642270 0 9005 642270 1
gene 4 516 2547 -125583 0 9030 -125583 1
gene 3 1875 2915 -168582 0 9219 -168582 1
gene 2 2 420 41946 0 9364 41946 1
gene 2 1735 1531 -127884 0 9549 -127884 1
gene 4 9 697 -102147 0 9875 -102147 1
gene 4 12 2786 289671 0 9948 289671 1
gene 2 2547 3409 -123933 0 10007 -123933 1
gene 2 3409 1479 -57786 0 10008 -57786 1
gene 2 8 500 123432 0 10064 123432 1
gene 2 3 3527 35031 0 10362 35031 1
gene 2 3527 13 -108246 0 10363 -108246 1
gene 3 500 500 -191184 1 10410 -191184 1
gene 2 384 3557 -27651 0 10455 -27651 1
gene 2 3557 1531 -55017 0 10456 -55017 1
gene 1 2491 1018 267411 0 10493 267411 1
gene 2 7 3610 154294 0 10603 154294 1
gene 2 3610 2368 97305 0 10604 97305 1
gene 1 2142 2142 -440301 1 10644 -440301 1
gene 3 15 3642 103134 0 10707 103134 1
gene 3 3642 433 -316233 0 10708 -316233 1
gene 3 2313 15 -321546 0 10762 -321546 1
gene 2 2332 1875 94953 0 11004 94953 1
gene 4 384 2034 82341 0 11224 82341 1
gene 4 11 2368 -290478 0 11462 -290478 1
gene 4 12 3932 6615 0 11582 6615 1
gene 4 3932 1531 313101 0 11583 313101 1
genomeend 62


/* Organism #70 Fitness: 240.000000 Time: 0 */
/* Position #70*/
#1 x: 34 y: 22
#2 x: 81 y: 38
#3 x: 41 y: 31
#4 x: 58 y: 82
#5 x: 59 y: 67
#6 x: 58 y: 84
genomestart 70
trait 1 43007.000000 16300.000000 6994.000000 28041.000000 57524.000000 37112.000000 87908.000000 80535.000000 trait 2 53691.000000 0.000000 100000.000000 95786.000000 51940.000000 19852.000000 0.000000 62181.000000 trait 3 0.000000 0.000000 0.000000 51304.000000 0.000000 13538.000000 70969.000000 30146.000000 trait 4 4.000000 0.000000 79338.000000 27432.000000 0.000000 0.000000 61142.000000 0.000000 node 1 4 1 3
node 2 4 1 1
node 3 1 1 1
node 4 1 1 1
node 5 1 1 1
node 6 2 1 1
node 7 4 1 1
node 8 4 1 1
node 9 2 1 1
node 10 1 1 1
node 11 2 1 1
node 12 4 1 1
node 13 2 0 2
node 14 1 0 2
node 15 3 0 2
node 121 1 0 0
node 235 1 0 0
node 384 1 0 0
node 420 1 0 0
node 433 1 0 0
node 461 1 0 0
node 500 1 0 0
node 516 1 0 0
node 697 3 0 0
node 1018 1 0 0
node 1130 1 0 0
node 1323 3 0 0
node 1393 1 0 0
node 1479 1 0 0
node 1531 4 0 0
node 1683 1 0 0
node 1735 1 0 0
node 1875 1 0 0
node 2034 1 0 0
node 2142 1 0 0
node 2172 1 0 0
node 2206 1 0 0
node 2313 3 0 0
node 2332 1 0 0
node 2368 3 0 0
node 2491 1 0 0
node 2512 1 0 0
node 2530 1 0 0
node 2547 1 0 0
node 2692 1 0 0
node 2786 1 0 0
node 2915 1 0 0
node 3042 1 0 0
node 3079 1 0 0
node 3409 1 0 0
node 3542 1 0 0
node 3555 1 0 0
node 3590 1 0 0
node 3734 1 0 0
node 3876 1 0 0
gene 2 1 13 -562815 0 1 -562815 1
gene 3 2 13 352161 0 2 352161 1
gene 2 3 13 -800000 0 3 -800000 1
gene 3 4 13 154248 0 4 154248 1
gene 2 5 13 299280 0 5 299280 0
gene 4 6 13 -319203 0 6 -319203 1
gene 3 7 13 -223383 0 7 -223383 1
gene 2 8 13 -320748 0 8 -320748 0
gene 3 9 13 -535061 0 9 -535061 1
gene 2 10 13 134766 0 10 134766 0
gene 2 11 13 800000 0 11 800000 1
gene 4 12 13 800000 0 12 800000 1
gene 2 1 14 -584313 0 13 -584313 1
gene 2 2 14 247038 0 14 247038 1
gene 4 3 14 -35613 0 15 -35613 1
gene 4 4 14 684809 0 16 684809 1
gene 4 5 14 -257475 0 17 -257475 1
gene 3 6 14 -459978 0 18 -459978 0
gene 2 7 14 227127 0 19 227127 1
gene 1 8 14 -292641 0 20 -292641 0
gene 3 9 14 653001 0 21 653001 1
gene 1 10 14 -198423 0 22 -198423 1
gene 1 11 14 -351540 0 23 -351540 1
gene 3 12 14 158349 0 24 158349 1
gene 3 1 15 -150684 0 25 -150684 1
gene 3 2 15 -109803 0 26 -109803 1
gene 3 3 15 -35280 0 27 -35280 0
gene 3 4 15 451332 0 28 451332 1
gene 3 5 15 -145194 0 29 -145194 1
gene 1 6 15 -54390 0 30 -54390 1
gene 3 7 15 438962 0 31 438962 1
gene 3 8 15 236430 0 32 236430 1
gene 3 9 15 319707 0 33 319707 1
gene 3 10 15 3918 0 34 3918 1
gene 2 11 15 529659 0 35 529659 1
gene 4 12 15 69963 0 36 69963 1
gene 4 15 15 44538 1 174 44538 1
gene 3 8 121 -73731 0 329 -73731 1
gene 3 121 15 282546 0 330 282546 1
gene 2 5 121 -143115 0 438 -143115 0
gene 2 7 121 -192807 0 483 -192807 0
gene 4 4 235 750375 0 666 750375 1
gene 4 235 14 187995 0 667 187995 1
gene 1 1 235 149118 0 753 149118 1
gene 3 9 235 -161319 0 1108 -161319 1
gene 3 10 384 -389397 0 1126 -389397 1
gene 3 384 15 330588 0 1127 330588 1
gene 2 14 14 19530 1 1197 19530 1
gene 3 7 420 -800000 0 1239 -800000 0
gene 3 420 15 -83286 0 1240 -83286 0
gene 3 2 433 -129774 0 1284 -129774 0
gene 3 433 13 276957 0 1285 276957 1
gene 4 3 461 -174027 0 1352 -174027 1
gene 4 461 14 -261921 0 1353 -261921 1
gene 4 15 500 50568 1 1453 50568 1
gene 4 500 15 52980 0 1454 52980 1
gene 1 8 516 -495942 0 1500 -495942 1
gene 1 516 14 562182 0 1501 562182 1
gene 1 384 121 -256290 0 1548 -256290 1
gene 2 8 461 110910 0 1965 110910 1
gene 3 3 697 343404 0 2038 343404 1
gene 3 697 15 -143424 0 2039 -143424 1
gene 2 1 500 484062 0 2133 484062 1
gene 1 3 433 29532 0 2628 29532 1
gene 1 516 516 -502265 1 2664 -502265 1
gene 3 8 1018 -78480 0 2997 -78480 1
gene 3 1018 121 -196923 0 2998 -196923 0
gene 3 15 433 25833 0 3156 25833 1
gene 1 10 1130 539967 0 3329 539967 1
gene 1 1130 14 -191469 0 3330 -191469 1
gene 3 500 697 -361740 0 3371 -361740 1
gene 2 3 516 70266 0 3603 70266 0
gene 2 9 1323 -285966 0 3885 -285966 0
gene 2 1323 14 286502 0 3886 286502 0
gene 2 121 420 15534 0 3959 15534 1
gene 2 8 1393 -52362 0 4093 -52362 1
gene 2 1393 13 27456 0 4094 27456 1
gene 1 11 1479 41844 0 4325 41844 1
gene 1 1479 14 -252663 0 4326 -252663 1
gene 1 12 1531 714165 0 4477 714165 1
gene 4 1531 15 303348 0 4478 303348 1
gene 3 1393 433 -578598 0 4734 -578598 1
gene 2 1323 1683 -140295 0 4950 -140295 1
gene 2 1683 14 429240 0 4951 429240 1
gene 3 6 1735 -144540 0 5103 -144540 1
gene 3 1735 14 412143 0 5104 412143 1
gene 1 5 516 -160818 0 5346 -160818 1
gene 1 516 433 -144411 0 5443 -144411 1
gene 3 2 1875 948 0 5505 948 1
gene 3 1875 433 100053 0 5506 100053 1
gene 1 1683 461 -746664 0 5687 -746664 1
gene 1 516 121 287310 0 5877 287310 1
gene 3 3 2034 -68670 0 5939 -68670 1
gene 3 2034 697 403254 0 5940 403254 1
gene 3 5 1479 204708 0 6157 204708 1
gene 3 7 2142 -36942 0 6248 -36942 1
gene 3 2142 420 125691 0 6249 125691 1
gene 3 420 2172 547170 0 6332 547170 1
gene 3 2172 15 -277419 0 6333 -277419 1
gene 2 1735 1735 -590436 1 6388 -590436 1
gene 2 8 2206 -88110 0 6436 -88110 1
gene 2 2206 1393 -42189 0 6437 -42189 1
gene 2 121 2313 -395778 0 6747 -395778 1
gene 2 2313 420 -10440 0 6748 -10440 1
gene 2 9 2332 -12048 0 6797 -12048 0
gene 2 2332 1323 -279105 0 6798 -279105 1
gene 4 1323 2034 -5265 0 6848 -5265 1
gene 2 7 2368 -413195 0 6897 -413195 1
gene 2 2368 121 271467 0 6898 271467 1
gene 2 384 1531 569712 0 7018 569712 1
gene 2 2142 1018 -125256 0 7205 -125256 1
gene 3 2206 2034 -120411 0 7245 -120411 1
gene 2 7 2491 388835 0 7283 388835 1
gene 2 2491 2368 510639 0 7284 510639 1
gene 2 5 2512 616068 0 7337 616068 1
gene 2 2512 13 -261231 0 7338 -261231 1
gene 2 10 2530 7707 0 7387 7707 1
gene 2 2530 13 -168177 0 7388 -168177 1
gene 3 9 2547 -391989 0 7440 -391989 0
gene 3 2547 13 89739 0 7441 89739 1
gene 2 2530 1479 -249990 0 7594 -249990 1
gene 1 1479 2692 -244992 0 7856 -244992 0
gene 1 2692 14 230835 0 7857 230835 1
gene 3 4 1130 11412 0 7980 11412 1
gene 4 3 2786 642516 0 8132 642516 1
gene 4 2786 14 265032 0 8133 265032 1
gene 3 384 384 594110 1 8429 594110 1
gene 2 3 2915 -497568 0 8516 -497568 1
gene 2 2915 516 -181686 0 8517 -181686 1
gene 4 433 433 246891 1 8562 246891 1
gene 2 2547 1479 -172512 0 8709 -172512 0
gene 3 2206 1683 -73092 0 8777 -73092 1
gene 2 5 3042 424047 0 8890 424047 1
gene 2 3042 121 34929 0 8891 34929 1
gene 1 1479 3079 135534 0 9004 135534 1
gene 1 3079 2692 158700 0 9005 158700 1
gene 4 516 2547 -75552 0 9030 -75552 0
gene 3 1875 2915 -148674 0 9219 -148674 1
gene 2 2 420 -44793 0 9364 -44793 1
gene 2 1735 1531 -58089 0 9549 -58089 1
gene 4 9 697 -236553 0 9875 -236553 1
gene 4 12 2786 180924 0 9948 180924 1
gene 2 2547 3409 -89109 0 10007 -89109 1
gene 2 3409 1479 -303540 0 10008 -303540 1
gene 2 2206 2206 -340392 1 10238 -340392 1
gene 3 1018 516 -119367 0 10356 -119367 1
gene 4 516 3542 151476 0 10405 151476 1
gene 4 3542 2547 433398 0 10406 433398 1
gene 2 9 3555 -67182 0 10451 -67182 1
gene 3 3555 2547 -84054 0 10452 -84054 1
gene 3 2206 2915 -276915 0 10490 -276915 1
gene 2 9 3590 -14439 0 10547 -14439 1
gene 2 3590 2332 -616185 0 10548 -616185 1
gene 1 1735 2692 -127506 0 10681 -127506 1
gene 3 2 3734 301312 0 11002 301312 1
gene 3 3734 433 -346379 0 11003 -346379 1
gene 4 121 433 -251882 0 11371 -251882 1
gene 2 1323 3876 398536 0 11408 398536 1
gene 2 3876 14 88209 0 11409 88209 1
genomeend 70


/* Organism #72 Fitness: 250.000000 Time: 0 */
/* Position #72*/
#1 x: 59 y: 33
#2 x: 23 y: 25
#3 x: 75 y: 31
#4 x: 25 y: 82
#5 x: 48 y: 81
#6 x: 40 y: 65
genomestart 72
trait 1 43007.000000 16300.000000 6994.000000 28041.000000 57524.000000 37112.000000 87908.000000 80535.000000 trait 2 0.000000 43855.000000 40388.000000 76546.000000 51940.000000 72099.000000 60792.000000 23911.000000 trait 3 0.000000 0.000000 0.000000 75652.000000 0.000000 13538.000000 35484.000000 30146.000000 trait 4 4.000000 0.000000 0.000000 36940.000000 0.000000 0.000000 43316.000000 37957.000000 node 1 4 1 3
node 2 4 1 1
node 3 1 1 1
node 4 1 1 1
node 5 1 1 1
node 6 2 1 1
node 7 4 1 1
node 8 4 1 1
node 9 2 1 1
node 10 1 1 1
node 11 2 1 1
node 12 4 1 1
node 13 2 0 2
node 14 1 0 2
node 15 3 0 2
node 121 1 0 0
node 235 1 0 0
node 384 1 0 0
node 420 1 0 0
node 433 1 0 0
node 461 1 0 0
node 500 1 0 0
node 516 1 0 0
node 697 3 0 0
node 1018 1 0 0
node 1130 1 0 0
node 1323 3 0 0
node 1393 1 0 0
node 1479 1 0 0
node 1531 4 0 0
node 1683 1 0 0
node 1735 1 0 0
node 1875 1 0 0
node 2034 1 0 0
node 2142 1 0 0
node 2172 1 0 0
node 2206 1 0 0
node 2313 1 0 0
node 2332 1 0 0
node 2368 3 0 0
node 2491 1 0 0
node 2512 1 0 0
node 2530 1 0 0
node 2547 1 0 0
node 2692 1 0 0
node 2786 1 0 0
node 2915 1 0 0
node 3042 1 0 0
node 3079 1 0 0
node 3409 1 0 0
node 3527 1 0 0
node 3557 1 0 0
node 3610 1 0 0
node 3642 1 0 0
node 3932 1 0 0
gene 2 1 13 -695859 0 1 -695859 1
gene 3 2 13 -288876 0 2 -288876 1
gene 2 3 13 -174981 0 3 -174981 0
gene 3 4 13 114003 0 4 114003 1
gene 2 5 13 -701136 0 5 -701136 0
gene 4 6 13 -118107 0 6 -118107 1
gene 3 7 13 -143976 0 7 -143976 1
gene 2 8 13 -270657 0 8 -270657 0
gene 3 9 13 -492003 0 9 -492003 1
gene 2 10 13 141417 0 10 141417 0
gene 2 11 13 179247 0 11 179247 1
gene 4 12 13 -517350 0 12 -517350 1
gene 2 1 14 -29016 0 13 -29016 1
gene 2 2 14 -262857 0 14 -262857 1
gene 4 3 14 196440 0 15 196440 1
gene 4 4 14 147894 0 16 147894 1
gene 4 5 14 -379812 0 17 -379812 1
gene 3 6 14 152199 0 18 152199 0
gene 2 7 14 27150 0 19 27150 1
gene 1 8 14 7695 0 20 7695 0
gene 3 9 14 -30945 0 21 -30945 1
gene 1 10 14 54114 0 22 54114 0
gene 1 11 14 20694 0 23 20694 1
gene 3 12 14 326469 0 24 326469 1
gene 3 1 15 -702806 0 25 -702806 1
gene 3 2 15 -441867 0 26 -441867 1
gene 3 3 15 71994 0 27 71994 0
gene 3 4 15 290025 0 28 290025 1
gene 3 5 15 238626 0 29 238626 1
gene 1 6 15 40728 0 30 40728 1
gene 3 7 15 179256 0 31 179256 1
gene 3 8 15 -34794 0 32 -34794 1
gene 3 9 15 124620 0 33 124620 1
gene 3 10 15 -610602 0 34 -610602 1
gene 2 11 15 125658 0 35 125658 0
gene 4 12 15 -777477 0 36 -777477 1
gene 4 15 15 -687846 1 174 -687846 1
gene 3 8 121 -277281 0 329 -277281 1
gene 3 121 15 258486 0 330 258486 1
gene 2 5 121 23034 0 438 23034 0
gene 2 7 121 207282 0 483 207282 0
gene 4 4 235 168210 0 666 168210 1
gene 4 235 14 -194652 0 667 -194652 1
gene 1 1 235 -8400 0 753 -8400 1
gene 3 9 235 527534 0 1108 527534 1
gene 3 10 384 -15354 0 1126 -15354 1
gene 3 384 15 -204078 0 1127 -204078 1
gene 2 14 14 -800000 1 1197 -800000 1
gene 3 7 420 169095 0 1239 169095 0
gene 3 420 15 430851 0 1240 430851 0
gene 3 2 433 259137 0 1284 259137 0
gene 3 433 13 9852 0 1285 9852 1
gene 4 3 461 280095 0 1352 280095 1
gene 4 461 14 -293973 0 1353 -293973 1
gene 4 15 500 370530 1 1453 370530 1
gene 4 500 15 509259 0 1454 509259 1
gene 1 8 516 -58089 0 1500 -58089 1
gene 1 516 14 -494277 0 1501 -494277 1
gene 1 384 121 369228 0 1548 369228 1
gene 2 8 461 26949 0 1965 26949 1
gene 3 3 697 800000 0 2038 800000 1
gene 3 697 15 142932 0 2039 142932 1
gene 2 1 500 -199539 0 2133 -199539 1
gene 1 3 433 455679 0 2628 455679 1
gene 1 516 516 513354 1 2664 513354 1
gene 3 8 1018 -77259 0 2997 -77259 1
gene 3 1018 121 380547 0 2998 380547 0
gene 3 15 433 -294420 0 3156 -294420 0
gene 1 10 1130 538520 0 3329 538520 1
gene 1 1130 14 -725187 0 3330 -725187 1
gene 3 500 697 -215109 0 3371 -215109 1
gene 2 3 516 -149205 0 3603 -149205 0
gene 2 9 1323 127875 0 3885 127875 0
gene 2 1323 14 272061 0 3886 272061 1
gene 2 121 420 -119127 0 3959 -119127 1
gene 2 8 1393 379764 0 4093 379764 1
gene 2 1393 13 110424 0 4094 110424 1
gene 1 11 1479 342090 0 4325 342090 1
gene 1 1479 14 32061 0 4326 32061 1
gene 4 12 1531 -305535 0 4477 -305535 0
gene 4 1531 15 -377814 0 4478 -377814 1
gene 3 1393 433 -418053 0 4734 -418053 1
gene 2 1323 1683 -255726 0 4950 -255726 1
gene 2 1683 14 800000 0 4951 800000 1
gene 3 6 1735 -243291 0 5103 -243291 0
gene 3 1735 14 -212208 0 5104 -212208 1
gene 1 5 516 -594735 0 5346 -594735 1
gene 1 516 433 205470 0 5443 205470 1
gene 3 2 1875 -338994 0 5505 -338994 1
gene 3 1875 433 48186 0 5506 48186 1
gene 1 1683 461 -131112 0 5687 -131112 1
gene 1 516 121 -358682 0 5877 -358682 1
gene 3 3 2034 435207 0 5939 435207 1
gene 3 2034 697 -439455 0 5940 -439455 1
gene 3 5 1479 -344406 0 6157 -344406 1
gene 3 7 2142 174696 0 6248 174696 1
gene 3 2142 420 -88500 0 6249 -88500 1
gene 3 420 2172 200571 0 6332 200571 1
gene 3 2172 15 -69597 0 6333 -69597 1
gene 2 1735 1735 -178911 1 6388 -178911 1
gene 2 8 2206 -146277 0 6436 -146277 1
gene 2 2206 1393 -208293 0 6437 -208293 1
gene 2 121 2313 -226773 0 6747 -226773 1
gene 2 2313 420 -19305 0 6748 -19305 1
gene 2 9 2332 -99714 0 6797 -99714 1
gene 2 2332 1323 -800000 0 6798 -800000 0
gene 4 1323 2034 121011 0 6848 121011 1
gene 2 7 2368 403449 0 6897 403449 0
gene 2 2368 121 459123 0 6898 459123 1
gene 2 384 1531 307365 0 7018 307365 0
gene 2 2142 1018 -198894 0 7205 -198894 1
gene 3 2206 2034 -526059 0 7245 -526059 1
gene 2 7 2491 -175866 0 7283 -175866 0
gene 2 2491 2368 -67206 0 7284 -67206 1
gene 2 5 2512 -522741 0 7337 -522741 1
gene 2 2512 13 -205539 0 7338 -205539 1
gene 2 10 2530 97353 0 7387 97353 1
gene 2 2530 13 -112461 0 7388 -112461 1
gene 3 9 2547 516132 0 7440 516132 1
gene 3 2547 13 -51738 0 7441 -51738 1
gene 2 2530 1479 -324891 0 7594 -324891 1
gene 1 1479 2692 -94602 0 7856 -94602 0
gene 1 2692 14 226269 0 7857 226269 1
gene 3 4 1130 -126609 0 7980 -126609 1
gene 4 3 2786 -800000 0 8132 -800000 1
gene 4 2786 14 263736 0 8133 263736 1
gene 3 384 384 273570 1 8429 273570 1
gene 2 3 2915 343206 0 8516 343206 1
gene 2 2915 516 -66072 0 8517 -66072 1
gene 4 433 433 -389016 1 8562 -389016 1
gene 2 2547 1479 -137868 0 8709 -137868 0
gene 3 2206 1683 428466 0 8777 428466 0
gene 2 5 3042 -77718 0 8890 -77718 1
gene 2 3042 121 68304 0 8891 68304 1
gene 1 1479 3079 -337491 0 9004 -337491 1
gene 1 3079 2692 -800000 0 9005 -800000 1
gene 4 516 2547 99555 0 9030 99555 1
gene 3 1875 2915 82488 0 9219 82488 1
gene 2 2 420 278739 0 9364 278739 1
gene 2 1735 1531 -19860 0 9549 -19860 1
gene 4 9 697 -220698 0 9875 -220698 1
gene 4 12 2786 564755 0 9948 564755 1
gene 2 2547 3409 -216162 0 10007 -216162 1
gene 2 3409 1479 -57786 0 10008 -57786 1
gene 2 8 500 128892 0 10064 128892 1
gene 2 3 3527 -117525 0 10362 -117525 1
gene 2 3527 13 497970 0 10363 497970 1
gene 3 500 500 26994 1 10410 26994 1
gene 2 384 3557 -85137 0 10455 -85137 1
gene 2 3557 1531 186192 0 10456 186192 1
gene 1 2491 1018 267411 0 10493 267411 1
gene 2 7 3610 -58271 0 10603 -58271 1
gene 2 3610 2368 249459 0 10604 249459 1
gene 1 2142 2142 -244782 1 10644 -244782 1
gene 3 15 3642 -586619 0 10707 -586619 1
gene 3 3642 433 -316233 0 10708 -316233 1
gene 3 2313 15 -75744 0 10762 -75744 1
gene 2 2332 1875 94953 0 11004 94953 1
gene 4 384 2034 -82590 0 11224 -82590 1
gene 4 11 2368 -303312 0 11462 -303312 1
gene 4 12 3932 1 0 11582 0 1
gene 4 3932 1531 474198 0 11583 0 1
gene 4 4 2368 -47235 0 11656 -47235 1
genomeend 72


/* Organism #74 Fitness: 310.000000 Time: 0 */
/* Position #74*/
#1 x: 43 y: 35
#2 x: 60 y: 32
#3 x: 27 y: 16
#4 x: 41 y: 84
#5 x: 69 y: 78
#6 x: 85 y: 74
genomestart 74
trait 1 43007.000000 16300.000000 6994.000000 28041.000000 57524.000000 37112.000000 87908.000000 80535.000000 trait 2 49209.000000 59812.000000 19254.000000 89259.000000 0.000000 0.000000 50358.000000 23911.000000 trait 3 0.000000 0.000000 0.000000 51304.000000 0.000000 13538.000000 70969.000000 30146.000000 trait 4 4.000000 0.000000 0.000000 36940.000000 0.000000 0.000000 43316.000000 37957.000000 node 1 4 1 3
node 2 4 1 1
node 3 1 1 1
node 4 1 1 1
node 5 1 1 1
node 6 2 1 1
node 7 4 1 1
node 8 4 1 1
node 9 2 1 1
node 10 1 1 1
node 11 2 1 1
node 12 4 1 1
node 13 2 0 2
node 14 1 0 2
node 15 3 0 2
node 121 1 0 0
node 235 1 0 0
node 384 1 0 0
node 420 1 0 0
node 433 1 0 0
node 461 1 0 0
node 500 1 0 0
node 516 1 0 0
node 697 3 0 0
node 1018 1 0 0
node 1130 1 0 0
node 1323 3 0 0
node 1393 1 0 0
node 1479 1 0 0
node 1531 4 0 0
node 1683 1 0 0
node 1735 2 0 0
node 1875 1 0 0
node 2034 1 0 0
node 2142 1 0 0
node 2172 1 0 0
node 2206 1 0 0
node 2313 1 0 0
node 2332 1 0 0
node 2368 3 0 0
node 2491 1 0 0
node 2512 1 0 0
node 2530 1 0 0
node 2547 1 0 0
node 2692 1 0 0
node 2786 1 0 0
node 2915 1 0 0
node 3042 1 0 0
node 3079 1 0 0
node 3409 1 0 0
node 3527 1 0 0
node 3557 1 0 0
node 3610 1 0 0
node 3642 1 0 0
node 3829 1 0 0
node 3902 1 0 0
node 3931 1 0 0
gene 2 1 13 -10929 0 1 -10929 1
gene 3 2 13 -344265 0 2 -344265 1
gene 2 3 13 445821 0 3 445821 0
gene 3 4 13 377220 0 4 377220 1
gene 2 5 13 -312117 0 5 -312117 0
gene 4 6 13 -579807 0 6 -579807 1
gene 3 7 13 36663 0 7 36663 1
gene 2 8 13 -373800 0 8 -373800 0
gene 3 9 13 744762 0 9 744762 1
gene 2 10 13 276447 0 10 276447 0
gene 2 11 13 -703104 0 11 -703104 1
gene 4 12 13 -23238 0 12 -23238 1
gene 2 1 14 465027 0 13 465027 1
gene 2 2 14 -800000 0 14 -800000 1
gene 4 3 14 458238 0 15 458238 1
gene 4 4 14 -383273 0 16 -383273 1
gene 4 5 14 653141 0 17 653141 1
gene 3 6 14 127197 0 18 127197 0
gene 2 7 14 230516 0 19 230516 1
gene 1 8 14 -43632 0 20 -43632 0
gene 3 9 14 -125604 0 21 -125604 1
gene 1 10 14 -33369 0 22 -33369 1
gene 1 11 14 223896 0 23 223896 1
gene 3 12 14 -206733 0 24 -206733 1
gene 3 1 15 -184002 0 25 -184002 1
gene 3 2 15 360927 0 26 360927 1
gene 3 3 15 459963 0 27 459963 0
gene 3 4 15 621894 0 28 621894 1
gene 3 5 15 -380940 0 29 -380940 1
gene 1 6 15 55422 0 30 55422 1
gene 3 7 15 90936 0 31 90936 1
gene 3 8 15 355824 0 32 355824 1
gene 3 9 15 437352 0 33 437352 1
gene 3 10 15 -302075 0 34 -302075 1
gene 2 11 15 -800000 0 35 -800000 1
gene 4 12 15 -800000 0 36 -800000 1
gene 4 15 15 -100683 1 174 -100683 1
gene 3 8 121 -580931 0 329 -580931 1
gene 3 121 15 -396009 0 330 -396009 1
gene 2 5 121 -639096 0 438 -639096 0
gene 2 7 121 -526185 0 483 -526185 0
gene 4 4 235 482607 0 666 482607 1
gene 4 235 14 -394032 0 667 -394032 1
gene 1 1 235 226017 0 753 226017 1
gene 3 9 235 108840 0 1108 108840 1
gene 3 10 384 -527084 0 1126 -527084 1
gene 3 384 15 800000 0 1127 800000 1
gene 2 14 14 254352 1 1197 254352 1
gene 3 7 420 315684 0 1239 315684 0
gene 3 420 15 688355 0 1240 688355 0
gene 3 2 433 390204 0 1284 390204 1
gene 3 433 13 -198759 0 1285 -198759 1
gene 4 3 461 -327876 0 1352 -327876 1
gene 4 461 14 -514749 0 1353 -514749 1
gene 4 15 500 -370419 1 1453 -370419 1
gene 4 500 15 -179721 0 1454 -179721 1
gene 1 8 516 -433683 0 1500 -433683 1
gene 1 516 14 -395844 0 1501 -395844 1
gene 1 384 121 -800000 0 1548 -800000 0
gene 2 8 461 -9399 0 1965 -9399 1
gene 3 3 697 -1395 0 2038 -1395 1
gene 3 697 15 -380514 0 2039 -380514 1
gene 2 1 500 735476 0 2133 735476 1
gene 1 3 433 -392250 0 2628 -392250 1
gene 1 516 516 508629 1 2664 508629 1
gene 3 8 1018 8238 0 2997 8238 1
gene 3 1018 121 247239 0 2998 247239 0
gene 3 15 433 800000 0 3156 800000 0
gene 1 10 1130 200739 0 3329 200739 1
gene 1 1130 14 401058 0 3330 401058 1
gene 3 500 697 -22113 0 3371 -22113 1
gene 2 3 516 -220662 0 3603 -220662 0
gene 2 9 1323 -317835 0 3885 -317835 0
gene 2 1323 14 -161718 0 3886 -161718 0
gene 2 121 420 -156231 0 3959 -156231 1
gene 2 8 1393 166041 0 4093 166041 1
gene 2 1393 13 -272652 0 4094 -272652 1
gene 1 11 1479 239454 0 4325 239454 0
gene 1 1479 14 -394608 0 4326 -394608 1
gene 4 12 1531 -53796 0 4477 -53796 1
gene 4 1531 15 574860 0 4478 574860 1
gene 3 1393 433 665433 0 4734 665433 1
gene 2 1323 1683 440349 0 4950 440349 1
gene 2 1683 14 273450 0 4951 273450 1
gene 3 6 1735 -367749 0 5103 -367749 1
gene 3 1735 14 -591 0 5104 -591 1
gene 1 5 516 -800000 0 5346 -800000 1
gene 1 516 433 302493 0 5443 302493 1
gene 3 2 1875 141639 0 5505 141639 1
gene 3 1875 433 377313 0 5506 377313 1
gene 1 1683 461 -800000 0 5687 -800000 1
gene 1 516 121 -800000 0 5877 -800000 1
gene 3 3 2034 495216 0 5939 495216 1
gene 3 2034 697 760086 0 5940 760086 1
gene 3 5 1479 -484590 0 6157 -484590 1
gene 3 7 2142 400113 0 6248 400113 1
gene 3 2142 420 -580683 0 6249 -580683 1
gene 3 420 2172 -800000 0 6332 -800000 1
gene 3 2172 15 -800000 0 6333 -800000 1
gene 2 1735 1735 -781619 1 6388 -781619 1
gene 2 8 2206 393687 0 6436 393687 1
gene 2 2206 1393 -665121 0 6437 -665121 1
gene 2 121 2313 -800000 0 6747 -800000 1
gene 2 2313 420 -710907 0 6748 -710907 1
gene 2 9 2332 428598 0 6797 428598 1
gene 2 2332 1323 284808 0 6798 284808 1
gene 4 1323 2034 -214680 0 6848 -214680 1
gene 2 7 2368 -235392 0 6897 -235392 0
gene 2 2368 121 299838 0 6898 299838 1
gene 2 384 1531 779940 0 7018 779940 0
gene 2 2142 1018 -553818 0 7205 -553818 1
gene 3 2206 2034 -300735 0 7245 -300735 1
gene 2 7 2491 -575456 0 7283 -575456 1
gene 2 2491 2368 -128934 0 7284 -128934 1
gene 2 5 2512 -444894 0 7337 -444894 1
gene 2 2512 13 516144 0 7338 516144 1
gene 2 10 2530 9633 0 7387 9633 1
gene 2 2530 13 -550860 0 7388 -550860 1
gene 3 9 2547 -207678 0 7440 -207678 1
gene 3 2547 13 757896 0 7441 757896 1
gene 2 2530 1479 -28164 0 7594 -28164 1
gene 1 1479 2692 524169 0 7856 524169 0
gene 1 2692 14 94830 0 7857 94830 1
gene 3 4 1130 -800000 0 7980 -800000 1
gene 4 3 2786 -682767 0 8132 -682767 1
gene 4 2786 14 151275 0 8133 151275 1
gene 3 384 384 -176370 1 8429 -176370 1
gene 2 3 2915 583410 0 8516 583410 1
gene 2 2915 516 -397173 0 8517 -397173 1
gene 4 433 433 92796 1 8562 92796 1
gene 2 2547 1479 626367 0 8709 626367 0
gene 3 2206 1683 42846 0 8777 42846 1
gene 2 5 3042 -800000 0 8890 -800000 1
gene 2 3042 121 -390861 0 8891 -390861 1
gene 1 1479 3079 3216 0 9004 3216 1
gene 1 3079 2692 -128739 0 9005 -128739 1
gene 4 516 2547 -588624 0 9030 -588624 1
gene 3 1875 2915 473217 0 9219 473217 1
gene 2 2 420 -290864 0 9364 -290864 1
gene 2 1735 1531 324594 0 9549 324594 1
gene 4 9 697 -513579 0 9875 -513579 1
gene 4 12 2786 -78027 0 9948 -78027 1
gene 2 2547 3409 -215793 0 10007 -215793 1
gene 2 3409 1479 -369891 0 10008 -369891 1
gene 2 8 500 -409962 0 10064 -409962 1
gene 2 3 3527 159315 0 10362 159315 1
gene 2 3527 13 84897 0 10363 84897 1
gene 3 500 500 68139 1 10410 68139 1
gene 2 384 3557 -93642 0 10455 -93642 1
gene 2 3557 1531 -201639 0 10456 -201639 1
gene 1 2491 1018 8247 0 10493 8247 1
gene 2 7 3610 322755 0 10603 322755 1
gene 2 3610 2368 -64779 0 10604 -64779 1
gene 1 2142 2142 -120369 1 10644 -120369 1
gene 3 15 3642 208008 0 10707 208008 1
gene 3 3642 433 73167 0 10708 73167 1
gene 3 2313 15 4353 0 10762 4353 1
gene 2 2332 1875 509705 0 11004 509705 1
gene 1 11 3829 -47261 0 11269 -47261 1
gene 1 3829 1479 335601 0 11270 335601 1
gene 4 1531 3642 -7239 0 11366 -7239 1
gene 3 420 1683 -60881 0 11446 -60881 1
gene 2 1323 3902 -230504 0 11497 -230504 1
gene 2 3902 14 202677 0 11498 202677 1
gene 1 384 3931 -258557 0 11580 -258557 1
gene 1 3931 121 -703560 0 11581 -703560 1
genomeend 74


