/* Organism #2 Fitness: 260.000000 Time: 0 */
/* Position #2*/
#1 x: 82 y: 27
#2 x: 29 y: 18
#3 x: 23 y: 26
#4 x: 66 y: 83
#5 x: 27 y: 69
#6 x: 44 y: 77
genomestart 2
trait 1 0.000000 0.000000 100000.000000 54452.000000 0.000000 76959.000000 0.000000 0.000000 trait 2 51558.000000 0.000000 0.000000 0.000000 78989.000000 0.000000 84160.000000 0.000000 trait 3 3.000000 0.000000 0.000000 0.000000 0.000000 0.000000 0.000000 0.000000 trait 4 4.000000 31394.000000 71462.000000 0.000000 0.000000 0.000000 0.000000 76528.000000 node 1 4 1 3
node 2 2 1 1
node 3 2 1 1
node 4 2 1 1
node 5 4 1 1
node 6 3 1 1
node 7 4 1 1
node 8 1 1 1
node 9 4 1 1
node 10 1 1 1
node 11 1 1 1
node 12 1 1 1
node 13 3 0 2
node 14 1 0 2
node 15 4 0 2
node 71 1 0 0
node 289 2 0 0
node 317 1 0 0
node 368 3 0 0
node 381 4 0 0
node 394 1 0 0
node 473 1 0 0
node 490 1 0 0
node 568 1 0 0
node 647 4 0 0
node 686 1 0 0
node 704 4 0 0
node 760 1 0 0
node 834 1 0 0
node 877 1 0 0
node 886 1 0 0
node 948 1 0 0
node 996 1 0 0
node 1018 1 0 0
node 1030 1 0 0
node 1107 1 0 0
node 1283 1 0 0
node 1318 3 0 0
node 1334 1 0 0
node 1348 1 0 0
node 1396 1 0 0
node 1501 1 0 0
node 1604 1 0 0
node 1683 1 0 0
node 1699 1 0 0
node 1811 1 0 0
node 1862 1 0 0
node 1886 1 0 0
node 1902 1 0 0
node 2048 1 0 0
node 2063 1 0 0
node 2095 1 0 0
node 2127 1 0 0
node 2202 1 0 0
node 2218 1 0 0
node 2385 1 0 0
node 2400 1 0 0
node 2432 1 0 0
node 2639 1 0 0
node 2716 1 0 0
node 2854 1 0 0
node 2901 1 0 0
gene 4 1 13 -322944 0 1 -322944 1
gene 3 2 13 201132 0 2 201132 0
gene 2 3 13 -654002 0 3 -654002 0
gene 4 4 13 -692832 0 4 -692832 1
gene 2 5 13 -213402 0 5 -213402 0
gene 3 6 13 -100944 0 6 -100944 0
gene 1 7 13 -800000 0 7 -800000 0
gene 1 8 13 55464 0 8 55464 0
gene 1 9 13 -218568 0 9 -218568 1
gene 2 10 13 -558851 0 10 -558851 0
gene 3 11 13 -604611 0 11 -604611 1
gene 3 12 13 -140913 0 12 -140913 0
gene 1 1 14 -59202 0 13 -59202 1
gene 1 2 14 530862 0 14 530862 0
gene 3 3 14 98739 0 15 98739 0
gene 1 4 14 197247 0 16 197247 0
gene 1 5 14 -255798 0 17 -255798 1
gene 1 6 14 -208287 0 18 -208287 1
gene 1 7 14 -358767 0 19 -358767 1
gene 2 8 14 -566592 0 20 -566592 1
gene 2 9 14 -542595 0 21 -542595 1
gene 1 10 14 -502817 0 22 -502817 0
gene 3 11 14 -66276 0 23 -66276 1
gene 2 12 14 -662385 0 24 -662385 0
gene 3 1 15 32904 0 25 32904 1
gene 2 2 15 -92541 0 26 -92541 1
gene 4 3 15 -800000 0 27 -800000 0
gene 2 4 15 -526835 0 28 -526835 0
gene 2 5 15 -403671 0 29 -403671 1
gene 1 6 15 571074 0 30 571074 1
gene 4 7 15 147984 0 31 147984 0
gene 2 8 15 710060 0 32 710060 0
gene 2 9 15 635193 0 33 635193 0
gene 1 10 15 -164091 0 34 -164091 1
gene 3 11 15 800000 0 35 800000 0
gene 1 12 15 -567113 0 36 -567113 1
gene 4 3 71 162381 0 201 162381 0
gene 3 71 14 593879 0 202 593879 0
gene 1 13 13 -156750 1 248 -156750 1
gene 2 13 15 -153930 0 413 -153930 1
gene 4 10 71 -197190 0 454 -197190 1
gene 1 7 71 -368772 0 542 -368772 0
gene 4 8 71 550215 0 717 550215 1
gene 4 71 71 -52242 1 769 -52242 0
gene 4 3 289 464685 0 858 464685 0
gene 4 289 15 -614237 0 859 -614237 1
gene 2 289 14 47949 0 897 47949 1
gene 4 3 317 611898 0 942 611898 0
gene 4 317 289 800000 0 943 800000 1
gene 2 8 368 -486560 0 1081 -486560 0
gene 2 368 15 28386 0 1082 28386 0
gene 2 2 381 -50137 0 1117 -50137 1
gene 2 381 14 111096 0 1118 111096 1
gene 4 3 394 48981 0 1159 48981 0
gene 4 394 71 -172869 0 1160 -172869 1
gene 4 1 394 354452 0 1362 354452 1
gene 2 3 473 -37257 0 1405 -37257 1
gene 2 473 13 10602 0 1406 10602 1
gene 1 10 490 -800000 0 1456 -800000 1
gene 1 490 14 -326820 0 1457 -326820 1
gene 3 13 289 -775140 0 1591 -775140 1
gene 4 71 568 562494 1 1699 562494 0
gene 4 568 71 -756303 0 1700 -756303 0
gene 3 568 15 310496 0 1754 310496 1
gene 3 289 394 -800000 0 1809 -800000 0
gene 4 568 647 -211899 0 1948 -211899 1
gene 4 647 71 -175674 0 1949 -175674 0
gene 1 7 686 -581427 0 2069 -581427 1
gene 1 686 71 -256200 0 2070 -256200 0
gene 3 71 704 -800000 0 2122 -800000 1
gene 3 704 14 -114954 0 2123 -114954 1
gene 3 289 760 -27444 0 2296 -27444 1
gene 3 760 394 -775992 0 2297 -775992 1
gene 4 368 394 -91404 0 2326 -91404 0
gene 2 10 289 -361626 0 2376 -361626 1
gene 4 3 834 -675926 0 2518 -675926 1
gene 4 834 317 -240402 0 2519 -240402 1
gene 2 12 877 -44910 0 2634 -44910 0
gene 2 877 14 -92595 0 2635 -92595 1
gene 2 4 886 -312906 0 2665 -312906 1
gene 2 886 15 46356 0 2666 46356 0
gene 2 5 948 800000 0 2855 800000 0
gene 2 948 13 -576636 0 2856 -576636 0
gene 2 877 877 -299183 1 2903 -299183 1
gene 4 7 996 -560037 0 2996 -560037 1
gene 1 996 13 31437 0 2997 31437 1
gene 3 7 1018 77202 0 3054 77202 1
gene 4 1018 15 125676 0 3055 125676 1
gene 1 4 1030 -111462 0 3100 -111462 1
gene 1 1030 14 22902 0 3101 22902 1
gene 3 568 568 -576570 1 3154 -576570 1
gene 2 5 1107 -537852 0 3308 -537852 1
gene 2 1107 948 320982 0 3309 320982 1
gene 4 686 686 747095 1 3352 747095 1
gene 3 996 490 596973 0 3408 596973 1
gene 3 996 996 -433194 1 3624 -433194 0
gene 3 381 381 472980 1 3767 472980 1
gene 4 3 1283 -587322 0 3832 -587322 0
gene 4 1283 394 -37404 0 3833 -37404 1
gene 2 8 1318 -73227 0 3932 -73227 1
gene 2 1318 368 -498024 0 3933 -498024 1
gene 4 3 1334 449718 0 3987 449718 1
gene 4 1334 1283 150063 0 3988 150063 1
gene 3 6 1348 -520224 0 4030 -520224 1
gene 3 1348 13 -150111 0 4031 -150111 0
gene 3 11 1396 156654 0 4170 156654 1
gene 3 1396 15 755655 0 4171 755655 1
gene 2 948 1501 653406 0 4488 653406 0
gene 2 1501 13 800000 0 4489 800000 1
gene 2 948 1604 -21654 0 4780 -21654 1
gene 2 1604 1501 -366147 0 4781 -366147 1
gene 4 490 317 111492 0 4926 111492 0
gene 3 996 1683 -258741 1 5017 -258741 1
gene 3 1683 996 332394 0 5018 332394 1
gene 2 368 1699 -800000 0 5067 -800000 1
gene 2 1699 15 -651870 0 5068 -651870 0
gene 4 8 1396 -114540 0 5249 -114540 1
gene 2 886 1811 38616 0 5389 38616 1
gene 2 1811 15 -38667 0 5390 -38667 1
gene 3 12 1862 2591 0 5541 2591 1
gene 3 1862 13 -3372 0 5542 -3372 1
gene 3 2 1862 -64596 0 5583 -64596 1
gene 4 490 1886 -800000 0 5624 -800000 0
gene 4 1886 317 -186066 0 5625 -186066 1
gene 4 368 1902 205254 0 5673 205254 1
gene 4 1902 394 -364152 0 5674 -364152 1
gene 3 1501 686 45381 0 5725 45381 1
gene 2 10 2048 -11523 0 6086 -11523 1
gene 2 2048 13 99891 0 6087 99891 1
gene 2 12 2063 -82497 0 6128 -82497 1
gene 2 2063 877 88191 0 6129 88191 0
gene 1 473 14 100938 0 6174 100938 0
gene 2 1699 2095 -541740 0 6227 -541740 1
gene 2 2095 15 -218529 0 6228 -218529 1
gene 4 7 886 -160836 0 6279 -160836 1
gene 4 647 2127 247929 0 6325 247929 1
gene 4 2127 71 165558 0 6326 165558 1
gene 3 2 2202 -54009 0 6535 -54009 1
gene 3 2202 13 259281 0 6536 259281 1
gene 2 2063 2218 -76830 0 6583 -76830 1
gene 2 2218 877 -442152 0 6584 -442152 1
gene 4 1811 1396 -89358 0 6829 -89358 1
gene 3 1348 2385 -461640 0 7077 -461640 1
gene 3 2385 13 189306 0 7078 189306 1
gene 1 686 2400 -492633 0 7118 -492633 1
gene 1 2400 71 -87993 0 7119 -87993 1
gene 2 9 2432 -513219 0 7209 -513219 1
gene 2 2432 15 -106575 0 7210 -106575 1
gene 3 1318 2400 -65019 0 7258 -65019 1
gene 3 1699 2202 -515331 0 7477 -515331 1
gene 2 1107 14 -15999 0 7705 -15999 1
gene 1 8 2639 279747 0 7820 279747 1
gene 1 2639 13 18984 0 7821 18984 1
gene 1 473 2716 -1460 0 8036 -1460 1
gene 1 2716 14 -272268 0 8037 -272268 1
gene 3 2432 760 -286438 0 8258 -286438 1
gene 3 2639 1699 -161578 0 8394 -161578 1
gene 4 71 2854 1 1 8452 1 1
gene 4 2854 568 231768 0 8453 231768 1
gene 4 490 2901 1 0 8607 0 1
gene 4 2901 1886 -800000 0 8608 0 1
genomeend 2


/* Organism #6 Fitness: 260.000000 Time: 0 */
/* Position #6*/
#1 x: 49 y: 34
#2 x: 68 y: 33
#3 x: 32 y: 34
#4 x: 79 y: 66
#5 x: 65 y: 82
#6 x: 71 y: 69
genomestart 6
trait 1 86382.000000 35089.000000 4782.000000 0.000000 32470.000000 46984.000000 0.000000 57037.000000 trait 2 0.000000 0.000000 81232.000000 0.000000 0.000000 8331.000000 0.000000 0.000000 trait 3 3.000000 0.000000 0.000000 0.000000 0.000000 0.000000 0.000000 95617.000000 trait 4 100000.000000 0.000000 51490.000000 100000.000000 0.000000 0.000000 0.000000 15655.000000 node 1 4 1 3
node 2 2 1 1
node 3 4 1 1
node 4 3 1 1
node 5 4 1 1
node 6 3 1 1
node 7 2 1 1
node 8 1 1 1
node 9 4 1 1
node 10 1 1 1
node 11 1 1 1
node 12 4 1 1
node 13 3 0 2
node 14 1 0 2
node 15 4 0 2
node 71 1 0 0
node 289 1 0 0
node 317 1 0 0
node 368 1 0 0
node 381 1 0 0
node 394 1 0 0
node 473 1 0 0
node 490 1 0 0
node 568 1 0 0
node 647 1 0 0
node 686 1 0 0
node 704 1 0 0
node 760 1 0 0
node 834 1 0 0
node 877 1 0 0
node 886 1 0 0
node 948 1 0 0
node 996 1 0 0
node 1018 1 0 0
node 1030 1 0 0
node 1107 1 0 0
node 1283 1 0 0
node 1318 1 0 0
node 1334 1 0 0
node 1348 1 0 0
node 1397 1 0 0
node 1437 1 0 0
node 1483 1 0 0
node 1576 1 0 0
node 1610 1 0 0
node 1682 3 0 0
node 1718 1 0 0
node 1791 1 0 0
node 1807 1 0 0
node 1852 1 0 0
node 1926 1 0 0
node 2076 1 0 0
node 2273 1 0 0
node 2350 1 0 0
node 2365 1 0 0
node 2627 1 0 0
node 2665 1 0 0
node 2869 1 0 0
node 2922 1 0 0
node 2938 1 0 0
gene 4 1 13 -347628 0 1 -347628 1
gene 3 2 13 -37056 0 2 -37056 1
gene 2 3 13 -45420 0 3 -45420 0
gene 2 4 13 619731 0 4 619731 1
gene 2 5 13 153720 0 5 153720 0
gene 3 6 13 596253 0 6 596253 0
gene 1 7 13 -370937 0 7 -370937 0
gene 1 8 13 -352523 0 8 -352523 1
gene 1 9 13 72780 0 9 72780 0
gene 2 10 13 -153204 0 10 -153204 1
gene 3 11 13 13617 0 11 13617 1
gene 3 12 13 -320778 0 12 -320778 1
gene 2 1 14 47529 0 13 47529 1
gene 1 2 14 38748 0 14 38748 0
gene 3 3 14 -386766 0 15 -386766 0
gene 1 4 14 -240402 0 16 -240402 0
gene 1 5 14 -78432 0 17 -78432 1
gene 1 6 14 -87351 0 18 -87351 1
gene 1 7 14 -93039 0 19 -93039 1
gene 2 8 14 800000 0 20 800000 0
gene 2 9 14 160584 0 21 160584 1
gene 1 10 14 367191 0 22 367191 0
gene 3 11 14 800000 0 23 800000 1
gene 2 12 14 -303681 0 24 -303681 0
gene 3 1 15 -78042 0 25 -78042 1
gene 2 2 15 -314889 0 26 -314889 1
gene 4 3 15 691887 0 27 691887 0
gene 2 4 15 -538500 0 28 -538500 0
gene 2 5 15 363771 0 29 363771 1
gene 1 6 15 -1641 0 30 -1641 0
gene 4 7 15 363777 0 31 363777 0
gene 2 8 15 -385602 0 32 -385602 0
gene 2 9 15 118491 0 33 118491 0
gene 1 10 15 -595038 0 34 -595038 1
gene 3 11 15 -663024 0 35 -663024 0
gene 1 12 15 800000 0 36 800000 1
gene 4 3 71 567546 0 201 567546 0
gene 3 71 14 631179 0 202 631179 0
gene 1 13 13 -122418 1 248 -122418 1
gene 2 13 15 -240372 0 413 -240372 1
gene 4 10 71 -380661 0 454 -380661 1
gene 1 7 71 -209082 0 542 -209082 0
gene 4 8 71 -676758 0 717 -676758 1
gene 4 71 71 381858 1 769 381858 0
gene 4 3 289 93148 0 858 93148 0
gene 4 289 15 -800000 0 859 -800000 1
gene 3 289 14 -27279 0 897 -27279 1
gene 4 3 317 -392403 0 942 -392403 0
gene 4 317 289 -21522 0 943 -21522 1
gene 2 8 368 -627794 0 1081 -627794 0
gene 2 368 15 -332658 0 1082 -332658 1
gene 1 2 381 -204144 0 1117 -204144 1
gene 2 381 14 -80814 0 1118 -80814 1
gene 4 3 394 800000 0 1159 800000 0
gene 4 394 71 396543 0 1160 396543 1
gene 4 1 394 -569610 0 1362 -569610 1
gene 2 3 473 -627365 0 1405 -627365 0
gene 2 473 13 -189486 0 1406 -189486 1
gene 4 10 490 -85218 0 1456 -85218 0
gene 1 490 14 -516669 0 1457 -516669 1
gene 3 13 289 -299085 0 1591 -299085 1
gene 4 71 568 312714 1 1699 312714 1
gene 4 568 71 -745661 0 1700 -745661 0
gene 3 568 15 156744 0 1754 156744 0
gene 1 289 394 -438006 0 1809 -438006 0
gene 4 568 647 -197631 0 1948 -197631 1
gene 4 647 71 353427 0 1949 353427 1
gene 1 7 686 -329967 0 2069 -329967 1
gene 1 686 71 -247389 0 2070 -247389 1
gene 3 71 704 245060 0 2122 245060 1
gene 3 704 14 534807 0 2123 534807 1
gene 3 289 760 -409121 0 2296 -409121 1
gene 3 760 394 21405 0 2297 21405 1
gene 4 368 394 57030 0 2326 57030 1
gene 2 10 289 -326154 0 2376 -326154 1
gene 4 3 834 335784 0 2518 335784 1
gene 4 834 317 125862 0 2519 125862 1
gene 2 12 877 415413 0 2634 415413 1
gene 2 877 14 -63240 0 2635 -63240 1
gene 2 4 886 79101 0 2665 79101 1
gene 1 886 15 -314502 0 2666 -314502 1
gene 2 5 948 50847 0 2855 50847 0
gene 2 948 13 -592968 0 2856 -592968 1
gene 2 877 877 -110763 1 2903 -110763 0
gene 1 7 996 -135486 0 2996 -135486 1
gene 1 996 13 488598 0 2997 488598 0
gene 3 7 1018 -254061 0 3054 -254061 1
gene 4 1018 15 752127 0 3055 752127 0
gene 1 4 1030 231066 0 3100 231066 1
gene 1 1030 14 242298 0 3101 242298 1
gene 3 568 568 -146016 1 3154 -146016 1
gene 2 5 1107 -130782 0 3308 -130782 1
gene 2 1107 948 800000 0 3309 800000 0
gene 4 686 686 -592935 1 3352 -592935 0
gene 3 996 490 -269742 0 3408 -269742 0
gene 3 996 996 389487 1 3624 389487 1
gene 3 381 381 388155 1 3767 388155 1
gene 4 3 1283 464730 0 3832 464730 0
gene 4 1283 394 537722 0 3833 537722 1
gene 2 8 1318 371103 0 3932 371103 1
gene 2 1318 368 -203646 0 3933 -203646 1
gene 4 3 1334 -168339 0 3987 -168339 1
gene 4 1334 1283 -367665 0 3988 -367665 1
gene 3 6 1348 -44280 0 4030 -44280 1
gene 3 1348 13 -155166 0 4031 -155166 1
gene 3 568 1397 -473298 0 4173 -473298 1
gene 3 1397 15 -122688 0 4174 -122688 1
gene 1 13 760 601112 0 4248 601112 1
gene 4 686 1437 -115422 1 4291 -115422 0
gene 4 1437 686 -429846 0 4292 -429846 1
gene 1 10 1483 -762063 0 4430 -762063 1
gene 1 1483 490 484546 0 4431 484546 1
gene 1 394 490 -408450 0 4472 -408450 1
gene 2 8 1576 -294261 0 4695 -294261 1
gene 2 1576 14 -161442 0 4696 -161442 0
gene 1 368 368 -800000 1 4745 -800000 1
gene 3 11 1610 -230250 0 4795 -230250 1
gene 3 1610 15 -52131 0 4796 -52131 1
gene 3 8 686 171099 0 4917 171099 0
gene 4 686 1682 187458 1 5012 187458 1
gene 4 1682 1437 -3681 0 5013 -3681 1
gene 2 3 1718 -472623 0 5114 -472623 1
gene 2 1718 473 280476 0 5115 280476 1
gene 2 1107 1791 652947 0 5326 652947 1
gene 2 1791 948 151668 0 5327 151668 1
gene 4 1018 1807 -464784 0 5371 -464784 1
gene 4 1807 15 -28746 0 5372 -28746 1
gene 2 1483 473 13005 0 5452 13005 1
gene 1 996 1852 -62607 0 5508 -62607 1
gene 1 1852 13 -426876 0 5509 -426876 1
gene 2 686 1791 -76401 0 5560 -76401 1
gene 1 9 1926 -226041 0 5738 -226041 1
gene 1 1926 13 -216069 0 5739 -216069 1
gene 2 1576 834 206958 0 5783 206958 1
gene 4 1397 1018 435867 0 5960 435867 1
gene 3 1030 1030 -23397 1 6082 -23397 1
gene 2 877 2076 491412 1 6168 491412 1
gene 2 2076 877 -62076 0 6169 -62076 1
gene 1 1283 289 212913 0 6426 212913 1
gene 1 1283 317 -224625 0 6534 -224625 1
gene 1 1318 289 88794 0 6582 88794 1
gene 3 5 886 94929 0 6705 94929 1
gene 1 6 2273 -36585 0 6744 -36585 1
gene 1 2273 15 253485 0 6745 253485 1
gene 4 948 2076 -349488 0 6805 -349488 1
gene 2 9 2350 227535 0 6975 227535 1
gene 2 2350 15 -4449 0 6976 -4449 1
gene 2 1576 2365 -73932 0 7020 -73932 1
gene 2 2365 14 103398 0 7021 103398 1
gene 3 834 834 -259863 1 7070 -259863 1
gene 1 368 1318 -63600 1 7395 -63600 1
gene 2 647 394 16524 0 7443 16524 0
gene 2 14 1318 -206731 1 7583 -206731 1
gene 2 1852 473 9945 0 7625 9945 1
gene 4 394 394 18516 1 7732 18516 1
gene 3 996 2627 35841 0 7783 35841 1
gene 3 2627 490 -305523 0 7784 -305523 0
gene 4 877 996 481738 0 7836 481738 1
gene 3 8 2665 142551 0 7884 142551 1
gene 3 2665 686 -70257 0 7885 -70257 1
gene 2 1 473 130010 0 8148 130010 1
gene 2 381 2665 -68452 0 8253 -68452 1
gene 1 1791 1334 -25938 0 8284 -25938 1
gene 3 2627 2869 1 0 8509 0 1
gene 3 2869 490 -305523 0 8510 0 1
gene 4 996 1334 -32558 0 8557 -32558 1
gene 4 5 704 -73447 0 8620 -73447 0
gene 2 647 2922 1 0 8675 0 1
gene 2 2922 394 16524 0 8676 0 1
gene 4 5 2938 1 0 8727 0 1
gene 4 2938 704 -73447 0 8728 0 1
genomeend 6


/* Organism #10 Fitness: 360.000000 Time: 0 */
/* Position #10*/
#1 x: 70 y: 15
#2 x: 33 y: 35
#3 x: 69 y: 35
#4 x: 68 y: 85
#5 x: 80 y: 76
#6 x: 34 y: 82
genomestart 10
trait 1 1.000000 0.000000 0.000000 96609.000000 29703.000000 0.000000 50877.000000 0.000000 trait 2 51558.000000 0.000000 0.000000 18452.000000 78989.000000 0.000000 41404.000000 0.000000 trait 3 45646.000000 0.000000 14259.000000 0.000000 0.000000 82468.000000 0.000000 0.000000 trait 4 0.000000 31394.000000 71462.000000 0.000000 0.000000 0.000000 0.000000 76528.000000 node 1 4 1 3
node 2 2 1 1
node 3 4 1 1
node 4 2 1 1
node 5 4 1 1
node 6 3 1 1
node 7 2 1 1
node 8 1 1 1
node 9 4 1 1
node 10 1 1 1
node 11 1 1 1
node 12 1 1 1
node 13 3 0 2
node 14 1 0 2
node 15 4 0 2
node 71 1 0 0
node 289 1 0 0
node 317 1 0 0
node 368 3 0 0
node 381 1 0 0
node 394 1 0 0
node 473 1 0 0
node 490 1 0 0
node 568 1 0 0
node 647 4 0 0
node 686 1 0 0
node 704 1 0 0
node 760 1 0 0
node 834 1 0 0
node 877 1 0 0
node 886 1 0 0
node 948 1 0 0
node 996 1 0 0
node 1018 1 0 0
node 1030 4 0 0
node 1107 1 0 0
node 1283 1 0 0
node 1318 1 0 0
node 1334 1 0 0
node 1348 1 0 0
node 1396 1 0 0
node 1501 1 0 0
node 1604 1 0 0
node 1683 1 0 0
node 1699 1 0 0
node 1811 1 0 0
node 1862 3 0 0
node 1886 1 0 0
node 1902 1 0 0
node 2048 1 0 0
node 2063 1 0 0
node 2095 1 0 0
node 2127 1 0 0
node 2183 1 0 0
node 2301 1 0 0
node 2314 1 0 0
node 2344 1 0 0
node 2378 1 0 0
node 2559 1 0 0
node 2638 1 0 0
node 2802 1 0 0
gene 4 1 13 250575 0 1 250575 1
gene 3 2 13 -684480 0 2 -684480 1
gene 2 3 13 15912 0 3 15912 0
gene 4 4 13 800000 0 4 800000 1
gene 2 5 13 -483905 0 5 -483905 0
gene 3 6 13 684419 0 6 684419 0
gene 1 7 13 -800000 0 7 -800000 0
gene 1 8 13 -643628 0 8 -643628 1
gene 1 9 13 151110 0 9 151110 0
gene 2 10 13 277254 0 10 277254 0
gene 3 11 13 115944 0 11 115944 1
gene 3 12 13 3970 0 12 3970 0
gene 1 1 14 115704 0 13 115704 1
gene 1 2 14 -800000 0 14 -800000 0
gene 3 3 14 704072 0 15 704072 0
gene 1 4 14 -526631 0 16 -526631 0
gene 1 5 14 -167508 0 17 -167508 1
gene 1 6 14 302025 0 18 302025 1
gene 1 7 14 -800000 0 19 -800000 1
gene 2 8 14 -692099 0 20 -692099 1
gene 2 9 14 -198834 0 21 -198834 1
gene 1 10 14 800000 0 22 800000 0
gene 3 11 14 554552 0 23 554552 1
gene 3 12 14 -246003 0 24 -246003 0
gene 3 1 15 247746 0 25 247746 1
gene 2 2 15 -515624 0 26 -515624 1
gene 4 3 15 580001 0 27 580001 0
gene 2 4 15 -664331 0 28 -664331 0
gene 2 5 15 775169 0 29 775169 1
gene 1 6 15 272613 0 30 272613 1
gene 4 7 15 250878 0 31 250878 0
gene 2 8 15 -520095 0 32 -520095 0
gene 2 9 15 -136331 0 33 -136331 1
gene 1 10 15 287457 0 34 287457 1
gene 3 11 15 108867 0 35 108867 0
gene 1 12 15 116036 0 36 116036 1
gene 4 3 71 504029 0 201 504029 0
gene 3 71 14 -21555 0 202 -21555 0
gene 1 13 13 -709649 1 248 -709649 1
gene 2 13 15 -518393 0 413 -518393 1
gene 4 10 71 291189 0 454 291189 1
gene 1 7 71 -174771 0 542 -174771 0
gene 4 8 71 800000 0 717 800000 1
gene 4 71 71 -434630 1 769 -434630 0
gene 4 3 289 421372 0 858 421372 0
gene 4 289 15 -134472 0 859 -134472 1
gene 2 289 14 800000 0 897 800000 1
gene 2 3 317 -393030 0 942 -393030 0
gene 4 317 289 -800000 0 943 -800000 1
gene 2 8 368 -767421 0 1081 -767421 0
gene 2 368 15 -232014 0 1082 -232014 0
gene 1 2 381 -800000 0 1117 -800000 1
gene 2 381 14 566712 0 1118 566712 1
gene 4 3 394 -330117 0 1159 -330117 0
gene 4 394 71 343107 0 1160 343107 1
gene 4 1 394 -576110 0 1362 -576110 1
gene 2 3 473 489855 0 1405 489855 1
gene 2 473 13 246942 0 1406 246942 1
gene 1 10 490 248919 0 1456 248919 1
gene 1 490 14 246834 0 1457 246834 1
gene 3 13 289 -544565 0 1591 -544565 1
gene 4 71 568 135579 1 1699 135579 1
gene 4 568 71 -402831 0 1700 -402831 0
gene 3 568 15 196887 0 1754 196887 1
gene 3 289 394 440487 0 1809 440487 0
gene 4 568 647 -302865 0 1948 -302865 1
gene 1 647 71 268767 0 1949 268767 0
gene 1 7 686 102471 0 2069 102471 1
gene 1 686 71 777444 0 2070 777444 1
gene 3 71 704 -800000 0 2122 -800000 1
gene 3 704 14 293196 0 2123 293196 1
gene 3 289 760 472020 0 2296 472020 1
gene 3 760 394 590316 0 2297 590316 1
gene 4 368 394 -145110 0 2326 -145110 0
gene 4 10 289 -699932 0 2376 -699932 1
gene 4 3 834 -100794 0 2518 -100794 1
gene 4 834 317 800000 0 2519 800000 1
gene 2 12 877 453471 0 2634 453471 0
gene 2 877 14 -718071 0 2635 -718071 1
gene 2 4 886 373248 0 2665 373248 1
gene 2 886 15 -800000 0 2666 -800000 0
gene 2 5 948 -190644 0 2855 -190644 0
gene 2 948 13 4803 0 2856 4803 0
gene 2 877 877 292410 1 2903 292410 1
gene 4 7 996 -55629 0 2996 -55629 1
gene 1 996 13 103230 0 2997 103230 1
gene 3 7 1018 800000 0 3054 800000 1
gene 4 1018 15 72567 0 3055 72567 1
gene 1 4 1030 -308783 0 3100 -308783 1
gene 1 1030 14 -221562 0 3101 -221562 1
gene 3 568 568 -97686 1 3154 -97686 1
gene 2 5 1107 -424374 0 3308 -424374 1
gene 2 1107 948 -138462 0 3309 -138462 1
gene 4 686 686 -616085 1 3352 -616085 1
gene 3 996 490 189633 0 3408 189633 1
gene 3 996 996 -200043 1 3624 -200043 0
gene 3 381 381 -391341 1 3767 -391341 1
gene 4 3 1283 129525 0 3832 129525 0
gene 4 1283 394 -455295 0 3833 -455295 1
gene 2 8 1318 364302 0 3932 364302 1
gene 2 1318 368 -132894 0 3933 -132894 1
gene 4 3 1334 305304 0 3987 305304 1
gene 4 1334 1283 -13563 0 3988 -13563 1
gene 3 6 1348 -218154 0 4030 -218154 1
gene 3 1348 13 -397005 0 4031 -397005 1
gene 3 11 1396 189210 0 4170 189210 1
gene 3 1396 15 88629 0 4171 88629 1
gene 2 948 1501 511841 0 4488 511841 0
gene 2 1501 13 -187938 0 4489 -187938 0
gene 2 948 1604 -696488 0 4780 -696488 1
gene 2 1604 1501 30459 0 4781 30459 1
gene 4 490 317 800000 0 4926 800000 0
gene 3 996 1683 -628689 1 5017 -628689 1
gene 3 1683 996 705459 0 5018 705459 1
gene 2 368 1699 632193 0 5067 632193 0
gene 2 1699 15 276705 0 5068 276705 0
gene 4 8 1396 364826 0 5249 364826 1
gene 2 886 1811 152091 0 5389 152091 1
gene 2 1811 15 -517625 0 5390 -517625 1
gene 3 12 1862 -126042 0 5541 -126042 1
gene 3 1862 13 -25113 0 5542 -25113 0
gene 3 2 1862 1161 0 5583 1161 1
gene 4 490 1886 560238 0 5624 560238 1
gene 4 1886 317 -800000 0 5625 -800000 1
gene 4 368 1902 -450162 0 5673 -450162 1
gene 4 1902 394 -686856 0 5674 -686856 1
gene 3 1501 686 21560 0 5725 21560 1
gene 2 10 2048 -250572 0 6086 -250572 1
gene 2 2048 13 -327957 0 6087 -327957 1
gene 2 12 2063 502944 0 6128 502944 1
gene 2 2063 877 -318414 0 6129 -318414 1
gene 1 473 14 -23238 0 6174 -23238 1
gene 2 1699 2095 150351 0 6227 150351 0
gene 2 2095 15 593460 0 6228 593460 1
gene 4 7 886 -61662 0 6279 -61662 0
gene 4 647 2127 -56517 0 6325 -56517 1
gene 4 2127 71 -470562 0 6326 -470562 1
gene 4 7 2183 -396111 0 6481 -396111 1
gene 4 2183 886 127347 0 6482 127347 1
gene 1 1902 71 298938 0 6516 298938 1
gene 3 368 647 -176148 0 6641 -176148 1
gene 4 1018 13 251478 0 6771 251478 0
gene 4 1018 2301 -430263 0 6820 -430263 1
gene 4 2301 13 -294717 0 6821 -294717 1
gene 3 1862 2314 210960 0 6863 210960 0
gene 3 2314 13 -14694 0 6864 -14694 1
gene 3 834 834 226053 1 6903 226053 1
gene 3 1862 2344 280044 0 6955 280044 1
gene 3 2344 2314 -74076 0 6956 -74076 1
gene 2 1699 2378 191130 0 7055 191130 1
gene 2 2378 2095 97533 0 7056 97533 1
gene 2 1862 948 275250 0 7293 275250 1
gene 1 9 2559 29985 0 7568 29985 1
gene 1 2559 13 -93471 0 7569 -93471 1
gene 2 1683 1683 -322044 1 7702 -322044 1
gene 2 1501 2638 356715 0 7818 356715 1
gene 2 2638 13 -218154 0 7819 -218154 1
gene 1 4 1283 25101 0 7857 25101 1
gene 1 1886 1886 243033 1 8013 243033 1
gene 1 1683 13 367077 0 8213 367077 1
gene 2 368 2802 487470 0 8314 487470 1
gene 2 2802 1699 351780 0 8315 351780 1
gene 4 1107 15 129559 0 8513 129559 1
gene 4 1283 2048 266255 0 8625 266255 1
genomeend 10


/* Organism #12 Fitness: 300.000000 Time: 0 */
/* Position #12*/
#1 x: 25 y: 16
#2 x: 22 y: 23
#3 x: 79 y: 27
#4 x: 17 y: 81
#5 x: 77 y: 82
#6 x: 65 y: 71
genomestart 12
trait 1 100000.000000 0.000000 0.000000 0.000000 0.000000 0.000000 0.000000 0.000000 trait 2 52534.000000 91990.000000 0.000000 100000.000000 0.000000 0.000000 0.000000 0.000000 trait 3 21555.000000 0.000000 74217.000000 0.000000 72769.000000 0.000000 0.000000 0.000000 trait 4 4.000000 0.000000 0.000000 0.000000 0.000000 0.000000 0.000000 0.000000 node 1 1 1 3
node 2 2 1 1
node 3 4 1 1
node 4 4 1 1
node 5 1 1 1
node 6 4 1 1
node 7 3 1 1
node 8 3 1 1
node 9 3 1 1
node 10 4 1 1
node 11 4 1 1
node 12 1 1 1
node 13 1 0 2
node 14 2 0 2
node 15 4 0 2
node 24 1 0 0
node 188 3 0 0
node 222 1 0 0
node 272 1 0 0
node 301 1 0 0
node 380 1 0 0
node 393 1 0 0
node 453 4 0 0
node 469 1 0 0
node 557 1 0 0
node 729 1 0 0
node 875 1 0 0
node 927 1 0 0
node 1021 1 0 0
node 1084 1 0 0
node 1116 1 0 0
node 1234 1 0 0
node 1295 1 0 0
node 1374 1 0 0
node 1496 3 0 0
node 1522 1 0 0
node 1622 1 0 0
node 1712 1 0 0
node 1847 1 0 0
node 1890 1 0 0
node 2011 1 0 0
node 2035 1 0 0
node 2119 1 0 0
node 2161 1 0 0
node 2179 1 0 0
node 2221 1 0 0
node 2376 1 0 0
node 2427 1 0 0
node 2463 1 0 0
node 2579 1 0 0
node 2776 1 0 0
node 2942 1 0 0
gene 1 1 13 -800000 0 1 -800000 1
gene 2 2 13 -641813 0 2 -641813 1
gene 2 3 13 -660057 0 3 -660057 1
gene 4 4 13 -244094 0 4 -244094 0
gene 3 5 13 -243720 0 5 -243720 1
gene 1 6 13 5472 0 6 5472 1
gene 3 7 13 32136 0 7 32136 1
gene 1 8 13 296034 0 8 296034 0
gene 4 9 13 304089 0 9 304089 1
gene 2 10 13 -292715 0 10 -292715 1
gene 3 11 13 -681531 0 11 -681531 1
gene 4 12 13 -515218 0 12 -515218 1
gene 1 1 14 -444740 0 13 -444740 1
gene 1 2 14 -86193 0 14 -86193 1
gene 2 3 14 359811 0 15 359811 1
gene 2 4 14 -267561 0 16 -267561 1
gene 1 5 14 244152 0 17 244152 1
gene 2 6 14 207705 0 18 207705 0
gene 3 7 14 -397397 0 19 -397397 0
gene 3 8 14 -101316 0 20 -101316 1
gene 3 9 14 740382 0 21 740382 0
gene 2 10 14 -234714 0 22 -234714 1
gene 3 11 14 -800000 0 23 -800000 1
gene 2 12 14 212046 0 24 212046 1
gene 2 1 15 380226 0 25 380226 1
gene 3 2 15 498513 0 26 498513 1
gene 4 3 15 395613 0 27 395613 0
gene 1 4 15 -800000 0 28 -800000 0
gene 4 5 15 298211 0 29 298211 0
gene 3 6 15 -487911 0 30 -487911 1
gene 4 7 15 800000 0 31 800000 0
gene 2 8 15 -2058 0 32 -2058 0
gene 2 9 15 27786 0 33 27786 0
gene 2 10 15 -377457 0 34 -377457 1
gene 3 11 15 726 0 35 726 1
gene 2 12 15 473676 0 36 473676 0
gene 4 4 24 -428877 0 62 -428877 1
gene 4 24 13 63648 0 63 63648 1
gene 1 24 24 -483834 1 127 -483834 0
gene 3 15 13 666066 0 293 666066 1
gene 2 7 24 296289 0 408 296289 0
gene 3 7 188 -668603 0 526 -668603 1
gene 3 188 14 57051 0 527 57051 1
gene 2 9 222 92799 0 645 92799 0
gene 2 222 15 -87726 0 646 -87726 1
gene 3 3 272 197070 0 798 197070 1
gene 3 272 15 264861 0 799 264861 0
gene 2 3 24 511989 0 850 511989 1
gene 1 24 301 -288476 1 893 -288476 0
gene 1 301 24 653874 0 894 653874 0
gene 1 188 188 -194346 1 934 -194346 1
gene 3 4 188 -710301 0 1080 -710301 1
gene 2 6 380 385233 0 1115 385233 1
gene 2 380 14 -800000 0 1116 -800000 1
gene 1 4 393 325029 0 1157 325029 1
gene 1 393 15 656148 0 1158 656148 1
gene 1 15 380 -606791 0 1196 -606791 1
gene 2 12 188 1818 0 1302 1818 0
gene 2 9 453 -72264 0 1346 -72264 1
gene 2 453 222 461891 0 1347 461891 1
gene 1 24 469 375258 1 1394 375258 0
gene 1 469 301 193857 0 1395 193857 0
gene 3 222 24 222645 0 1576 222645 1
gene 4 3 188 -163080 0 1616 -163080 1
gene 3 272 557 202152 0 1666 202152 1
gene 1 557 15 -169298 0 1667 -169298 0
gene 1 6 272 -57657 0 1830 -57657 0
gene 4 12 380 -572870 0 1879 -572870 0
gene 1 469 729 308255 0 2197 308255 1
gene 1 729 301 800000 0 2198 800000 1
gene 2 14 301 340905 0 2244 340905 1
gene 1 188 380 -297653 0 2284 -297653 1
gene 3 8 875 -279354 0 2630 -279354 0
gene 1 875 13 -39618 0 2631 -39618 1
gene 4 12 927 28956 0 2791 28956 1
gene 4 927 380 -571997 0 2792 -571997 1
gene 2 393 380 -380289 0 3014 -380289 1
gene 2 7 1021 551885 0 3066 551885 1
gene 2 1021 24 -800000 0 3067 -800000 1
gene 1 8 1084 -270231 0 3243 -270231 0
gene 1 1084 875 800000 0 3244 800000 0
gene 4 188 927 483600 0 3297 483600 0
gene 1 1084 1116 -800000 0 3335 -800000 1
gene 1 1116 875 -755166 0 3336 -755166 0
gene 1 222 469 77466 0 3394 77466 1
gene 1 8 1234 -743969 0 3693 -743969 1
gene 1 1234 1084 -730724 0 3694 -730724 1
gene 1 301 1295 185340 0 3863 185340 0
gene 4 1295 24 -150006 0 3864 -150006 1
gene 1 2 393 -117670 0 3943 -117670 1
gene 4 1084 1084 -235266 1 4053 -235266 1
gene 3 1295 1084 -376782 0 4076 -376782 1
gene 1 1116 1374 739712 0 4119 739712 1
gene 1 1374 875 -22626 0 4120 -22626 0
gene 2 272 1084 -253521 0 4218 -253521 1
gene 2 12 1496 -419322 0 4474 -419322 1
gene 2 1496 15 240080 0 4475 240080 1
gene 1 557 1522 282531 0 4546 282531 1
gene 1 1522 15 -70173 0 4547 -70173 1
gene 3 1116 1021 491556 0 4657 491556 1
gene 3 9 380 -800000 0 4725 -800000 1
gene 2 12 1622 303429 0 4831 303429 0
gene 2 1622 188 556914 0 4832 556914 1
gene 4 453 453 -153654 1 4965 -153654 0
gene 2 8 1712 229827 0 5099 229827 1
gene 2 1712 15 -397143 0 5100 -397143 0
gene 1 6 1847 -228498 0 5495 -228498 1
gene 1 1847 272 -79824 0 5496 -79824 1
gene 3 9 1890 600236 0 5636 600236 0
gene 3 1890 14 -121317 0 5637 -121317 1
gene 4 1116 13 354321 0 5838 354321 1
gene 1 9 1712 541170 0 5937 541170 1
gene 1 24 2011 -294615 1 5985 -294615 0
gene 1 2011 469 -172341 0 5986 -172341 1
gene 2 1712 2035 -285720 0 6047 -285720 0
gene 2 2035 15 10896 0 6048 10896 1
gene 3 927 1084 47733 0 6090 47733 1
gene 4 1847 453 389292 0 6145 389292 1
gene 2 1712 2119 -189861 0 6302 -189861 1
gene 2 2119 2035 278286 0 6303 278286 1
gene 3 9 2161 -349914 0 6421 -349914 1
gene 3 2161 1890 272229 0 6422 272229 1
gene 4 453 2179 174552 1 6471 174552 1
gene 4 2179 453 186291 0 6472 186291 1
gene 4 7 2221 -261291 0 6590 -261291 1
gene 4 2221 15 307566 0 6591 307566 1
gene 4 188 2376 132327 0 7051 132327 1
gene 4 2376 927 116139 0 7052 116139 1
gene 2 12 2427 222567 0 7189 222567 1
gene 2 2427 1622 -40908 0 7190 -40908 1
gene 1 301 2463 -90480 0 7287 -90480 1
gene 1 2463 1295 206049 0 7288 206049 1
gene 4 2376 1295 8754 0 7338 8754 1
gene 1 24 2579 100413 1 7643 100413 1
gene 1 2579 2011 245601 0 7644 245601 1
gene 2 1712 2427 399374 0 7894 399374 1
gene 1 2579 2579 73824 1 7942 73824 1
gene 2 927 2179 -101433 0 8185 -101433 1
gene 1 1374 2776 -143793 0 8226 -143793 1
gene 1 2776 875 -181791 0 8227 -181791 1
gene 1 1295 13 166740 0 8387 166740 1
gene 1 1021 1021 13613 1 8517 13613 1
gene 2 2161 1622 71016 0 8679 71016 1
gene 4 5 2942 1 0 8735 0 1
gene 4 2942 15 298211 0 8736 0 1
genomeend 12


/* Organism #18 Fitness: 340.000000 Time: 0 */
/* Position #18*/
#1 x: 67 y: 20
#2 x: 83 y: 26
#3 x: 36 y: 32
#4 x: 63 y: 62
#5 x: 85 y: 74
#6 x: 18 y: 63
genomestart 18
trait 1 100000.000000 0.000000 0.000000 0.000000 0.000000 0.000000 0.000000 0.000000 trait 2 52534.000000 91990.000000 0.000000 100000.000000 0.000000 0.000000 0.000000 0.000000 trait 3 21555.000000 0.000000 74217.000000 0.000000 72769.000000 0.000000 0.000000 0.000000 trait 4 4.000000 0.000000 0.000000 0.000000 99879.000000 0.000000 0.000000 0.000000 node 1 1 1 3
node 2 2 1 1
node 3 4 1 1
node 4 4 1 1
node 5 1 1 1
node 6 4 1 1
node 7 3 1 1
node 8 3 1 1
node 9 3 1 1
node 10 4 1 1
node 11 4 1 1
node 12 1 1 1
node 13 1 0 2
node 14 2 0 2
node 15 4 0 2
node 24 1 0 0
node 188 3 0 0
node 222 1 0 0
node 272 1 0 0
node 301 1 0 0
node 380 1 0 0
node 393 1 0 0
node 453 4 0 0
node 469 1 0 0
node 557 1 0 0
node 729 1 0 0
node 875 1 0 0
node 927 1 0 0
node 1021 1 0 0
node 1084 1 0 0
node 1116 1 0 0
node 1234 1 0 0
node 1295 1 0 0
node 1374 1 0 0
node 1496 1 0 0
node 1522 1 0 0
node 1622 1 0 0
node 1712 1 0 0
node 1847 1 0 0
node 1890 1 0 0
node 2011 4 0 0
node 2035 1 0 0
node 2119 1 0 0
node 2161 1 0 0
node 2179 1 0 0
node 2221 1 0 0
node 2408 1 0 0
node 2438 1 0 0
node 2454 1 0 0
node 2489 1 0 0
node 2572 1 0 0
node 2678 1 0 0
node 2825 1 0 0
node 2909 1 0 0
node 2927 1 0 0
node 2944 1 0 0
gene 1 1 13 12219 0 1 12219 1
gene 2 2 13 296913 0 2 296913 1
gene 2 3 13 251697 0 3 251697 1
gene 4 4 13 -573 0 4 -573 0
gene 3 5 13 272076 0 5 272076 1
gene 1 6 13 -253833 0 6 -253833 1
gene 3 7 13 -147279 0 7 -147279 1
gene 1 8 13 278895 0 8 278895 0
gene 4 9 13 182340 0 9 182340 1
gene 2 10 13 -442635 0 10 -442635 1
gene 3 11 13 362610 0 11 362610 1
gene 4 12 13 -108888 0 12 -108888 1
gene 1 1 14 -77964 0 13 -77964 1
gene 1 2 14 -413103 0 14 -413103 1
gene 2 3 14 -358260 0 15 -358260 1
gene 2 4 14 -534093 0 16 -534093 1
gene 1 5 14 262467 0 17 262467 1
gene 2 6 14 185439 0 18 185439 0
gene 3 7 14 247602 0 19 247602 0
gene 3 8 14 -575259 0 20 -575259 1
gene 3 9 14 -558360 0 21 -558360 0
gene 2 10 14 12726 0 22 12726 1
gene 3 11 14 -149181 0 23 -149181 1
gene 2 12 14 215355 0 24 215355 1
gene 2 1 15 -129492 0 25 -129492 1
gene 3 2 15 -790251 0 26 -790251 1
gene 4 3 15 -800000 0 27 -800000 0
gene 1 4 15 -75345 0 28 -75345 0
gene 4 5 15 296955 0 29 296955 1
gene 2 6 15 337614 0 30 337614 1
gene 4 7 15 30390 0 31 30390 0
gene 2 8 15 33585 0 32 33585 0
gene 2 9 15 341535 0 33 341535 0
gene 3 10 15 245541 0 34 245541 1
gene 3 11 15 -800000 0 35 -800000 1
gene 2 12 15 -239478 0 36 -239478 0
gene 4 4 24 -101838 0 62 -101838 1
gene 4 24 13 332271 0 63 332271 1
gene 1 24 24 205800 1 127 205800 0
gene 3 15 13 -152361 0 293 -152361 1
gene 2 7 24 8190 0 408 8190 0
gene 3 7 188 185919 0 526 185919 0
gene 3 188 14 50811 0 527 50811 0
gene 2 9 222 -85491 0 645 -85491 0
gene 2 222 15 -244215 0 646 -244215 1
gene 3 3 272 -175311 0 798 -175311 1
gene 3 272 15 3879 0 799 3879 0
gene 2 3 24 190584 0 850 190584 1
gene 1 24 301 -167256 1 893 -167256 0
gene 1 301 24 393282 0 894 393282 0
gene 1 188 188 23484 1 934 23484 0
gene 3 4 188 -198312 0 1080 -198312 1
gene 2 6 380 451106 0 1115 451106 1
gene 2 380 14 669789 0 1116 669789 1
gene 1 4 393 -86646 0 1157 -86646 1
gene 1 393 15 -160365 0 1158 -160365 0
gene 1 15 380 -128381 0 1196 -128381 1
gene 2 12 188 -272610 0 1302 -272610 0
gene 2 9 453 128205 0 1346 128205 1
gene 2 453 222 800000 0 1347 800000 1
gene 1 24 469 592334 1 1394 592334 0
gene 1 469 301 -180975 0 1395 -180975 0
gene 3 222 24 -520125 0 1576 -520125 1
gene 4 3 188 89382 0 1616 89382 1
gene 3 272 557 341658 0 1666 341658 1
gene 3 557 15 93234 0 1667 93234 0
gene 1 6 272 482661 0 1830 482661 0
gene 4 12 380 -261678 0 1879 -261678 0
gene 1 469 729 -282090 0 2197 -282090 1
gene 1 729 301 20337 0 2198 20337 0
gene 2 14 301 375678 0 2244 375678 1
gene 1 188 380 -697584 0 2284 -697584 1
gene 3 8 875 -594507 0 2630 -594507 0
gene 1 875 13 667547 0 2631 667547 1
gene 4 12 927 -800000 0 2791 -800000 1
gene 4 927 380 299289 0 2792 299289 1
gene 2 393 380 -371655 0 3014 -371655 1
gene 2 7 1021 286830 0 3066 286830 1
gene 2 1021 24 800000 0 3067 800000 1
gene 1 8 1084 -294549 0 3243 -294549 0
gene 1 1084 875 57342 0 3244 57342 0
gene 4 188 927 -26934 0 3297 -26934 1
gene 1 1084 1116 -755577 0 3335 -755577 1
gene 1 1116 875 44040 0 3336 44040 0
gene 1 222 469 -294123 0 3394 -294123 0
gene 1 8 1234 413802 0 3693 413802 1
gene 1 1234 1084 3633 0 3694 3633 1
gene 1 301 1295 120420 0 3863 120420 1
gene 1 1295 24 80829 0 3864 80829 1
gene 1 2 393 212883 0 3943 212883 1
gene 4 1084 1084 -234606 1 4053 -234606 1
gene 3 1295 1084 1413 0 4076 1413 1
gene 1 1116 1374 182163 0 4119 182163 1
gene 1 1374 875 18273 0 4120 18273 1
gene 2 272 1084 22491 0 4218 22491 1
gene 2 12 1496 -112062 0 4474 -112062 1
gene 2 1496 15 161103 0 4475 161103 1
gene 1 557 1522 235989 0 4546 235989 1
gene 1 1522 15 -318291 0 4547 -318291 1
gene 3 1116 1021 -185145 0 4657 -185145 1
gene 3 9 380 800000 0 4725 800000 1
gene 2 12 1622 -344640 0 4831 -344640 0
gene 2 1622 188 219312 0 4832 219312 1
gene 4 453 453 292044 1 4965 292044 0
gene 2 8 1712 31146 0 5099 31146 1
gene 2 1712 15 114846 0 5100 114846 0
gene 1 6 1847 -27738 0 5495 -27738 1
gene 1 1847 272 278982 0 5496 278982 1
gene 3 9 1890 -800000 0 5636 -800000 0
gene 3 1890 14 -800000 0 5637 -800000 1
gene 2 1116 13 -170616 0 5838 -170616 1
gene 1 9 1712 -657308 0 5937 -657308 0
gene 1 24 2011 47823 1 5985 47823 1
gene 1 2011 469 19107 0 5986 19107 1
gene 2 1712 2035 636435 0 6047 636435 0
gene 2 2035 15 800000 0 6048 800000 1
gene 3 927 1084 -216345 0 6090 -216345 1
gene 4 1847 453 33081 0 6145 33081 1
gene 2 1712 2119 205521 0 6302 205521 1
gene 2 2119 2035 -313548 0 6303 -313548 1
gene 3 9 2161 -735996 0 6421 -735996 1
gene 3 2161 1890 -159906 0 6422 -159906 1
gene 4 453 2179 329523 1 6471 329523 1
gene 4 2179 453 1128 0 6472 1128 1
gene 4 7 2221 -93504 0 6590 -93504 1
gene 4 2221 15 162834 0 6591 162834 1
gene 2 1295 1021 223602 0 6920 223602 1
gene 4 2011 393 -148359 0 7009 -148359 1
gene 1 393 2408 167586 0 7137 167586 1
gene 1 2408 15 174202 0 7138 174202 1
gene 3 2161 1374 -14655 0 7177 -14655 1
gene 1 188 2438 -40725 1 7224 -40725 1
gene 1 2438 188 289245 0 7225 289245 1
gene 1 9 2454 -222591 0 7265 -222591 1
gene 1 2454 1712 -584525 0 7266 -584525 1
gene 3 11 875 -800000 0 7315 -800000 1
gene 1 729 2489 64896 0 7366 64896 0
gene 1 2489 301 2306 0 7367 2306 1
gene 1 11 2161 78609 0 7520 78609 1
gene 2 12 2572 -396768 0 7614 -396768 1
gene 2 2572 1622 275754 0 7615 275754 1
gene 1 12 1522 -41904 0 7661 -41904 1
gene 4 1847 2179 -376902 0 7800 -376902 1
gene 3 7 2678 451182 0 7928 451182 1
gene 3 2678 188 480753 0 7929 480753 0
gene 1 188 729 -353266 0 8118 -353266 1
gene 3 2119 2011 -241434 0 8299 -241434 1
gene 3 7 1622 -98918 0 8339 -98918 1
gene 3 188 2825 1 0 8377 1 1
gene 3 2825 14 693744 0 8378 693744 1
gene 4 393 393 -32583 1 8445 -32583 1
gene 1 222 2909 1 0 8634 0 1
gene 1 2909 469 -294123 0 8635 0 1
gene 1 729 2927 1 0 8690 0 1
gene 1 2927 2489 64896 0 8691 0 1
gene 3 2678 2944 1 0 8740 0 1
gene 3 2944 188 480753 0 8741 0 1
genomeend 18


/* Organism #26 Fitness: 260.000000 Time: 0 */
/* Position #26*/
#1 x: 19 y: 24
#2 x: 45 y: 33
#3 x: 23 y: 34
#4 x: 16 y: 80
#5 x: 73 y: 71
#6 x: 60 y: 85
genomestart 26
trait 1 1.000000 0.000000 0.000000 0.000000 0.000000 0.000000 0.000000 0.000000 trait 2 2.000000 48677.000000 0.000000 0.000000 0.000000 67974.000000 0.000000 0.000000 trait 3 0.000000 91664.000000 0.000000 0.000000 0.000000 0.000000 30029.000000 0.000000 trait 4 4.000000 0.000000 0.000000 0.000000 0.000000 0.000000 0.000000 0.000000 node 1 4 1 3
node 2 2 1 1
node 3 4 1 1
node 4 2 1 1
node 5 4 1 1
node 6 3 1 1
node 7 2 1 1
node 8 1 1 1
node 9 4 1 1
node 10 1 1 1
node 11 1 1 1
node 12 4 1 1
node 13 3 0 2
node 14 1 0 2
node 15 4 0 2
node 71 1 0 0
node 289 1 0 0
node 317 1 0 0
node 368 1 0 0
node 381 1 0 0
node 394 1 0 0
node 473 1 0 0
node 490 1 0 0
node 568 1 0 0
node 647 1 0 0
node 686 1 0 0
node 704 1 0 0
node 760 1 0 0
node 834 1 0 0
node 877 1 0 0
node 886 1 0 0
node 948 1 0 0
node 996 1 0 0
node 1018 1 0 0
node 1030 1 0 0
node 1107 1 0 0
node 1188 1 0 0
node 1240 1 0 0
node 1316 1 0 0
node 1373 1 0 0
node 1445 1 0 0
node 1459 1 0 0
node 1474 4 0 0
node 1504 1 0 0
node 1625 1 0 0
node 1675 1 0 0
node 1700 1 0 0
node 1720 1 0 0
node 1888 1 0 0
node 2052 1 0 0
node 2089 1 0 0
node 2268 1 0 0
node 2464 1 0 0
node 2481 1 0 0
node 2494 1 0 0
node 2621 1 0 0
node 2677 1 0 0
node 2748 1 0 0
node 2788 1 0 0
node 2870 1 0 0
gene 4 1 13 73548 0 1 73548 1
gene 3 2 13 47193 0 2 47193 1
gene 2 3 13 -368328 0 3 -368328 0
gene 4 4 13 800000 0 4 800000 1
gene 2 5 13 -648372 0 5 -648372 0
gene 3 6 13 -770877 0 6 -770877 1
gene 1 7 13 -209801 0 7 -209801 0
gene 1 8 13 -800000 0 8 -800000 1
gene 1 9 13 150225 0 9 150225 0
gene 2 10 13 -257106 0 10 -257106 1
gene 3 11 13 221019 0 11 221019 1
gene 3 12 13 207093 0 12 207093 1
gene 1 1 14 -138927 0 13 -138927 1
gene 1 2 14 800000 0 14 800000 0
gene 3 3 14 -674567 0 15 -674567 0
gene 1 4 14 -497559 0 16 -497559 0
gene 1 5 14 103716 0 17 103716 1
gene 1 6 14 -247929 0 18 -247929 1
gene 1 7 14 253761 0 19 253761 1
gene 2 8 14 111081 0 20 111081 1
gene 2 9 14 294258 0 21 294258 0
gene 1 10 14 267003 0 22 267003 0
gene 3 11 14 -800000 0 23 -800000 1
gene 2 12 14 -10572 0 24 -10572 0
gene 3 1 15 -416157 0 25 -416157 1
gene 2 2 15 -449291 0 26 -449291 1
gene 4 3 15 -196707 0 27 -196707 0
gene 2 4 15 -187077 0 28 -187077 0
gene 2 5 15 385413 0 29 385413 0
gene 1 6 15 -224652 0 30 -224652 1
gene 4 7 15 -799703 0 31 -799703 0
gene 2 8 15 66294 0 32 66294 0
gene 2 9 15 623637 0 33 623637 1
gene 1 10 15 -114985 0 34 -114985 0
gene 3 11 15 48936 0 35 48936 1
gene 1 12 15 -110624 0 36 -110624 0
gene 4 3 71 434100 0 201 434100 0
gene 3 71 14 280941 0 202 280941 0
gene 1 13 13 -103683 1 248 -103683 1
gene 2 13 15 -506418 0 413 -506418 1
gene 4 10 71 -402594 0 454 -402594 1
gene 2 7 71 571757 0 542 571757 0
gene 4 8 71 -131364 0 717 -131364 1
gene 4 71 71 -244714 1 769 -244714 0
gene 4 3 289 -223458 0 858 -223458 0
gene 4 289 15 366522 0 859 366522 0
gene 3 289 14 -319412 0 897 -319412 0
gene 4 3 317 800000 0 942 800000 0
gene 4 317 289 -284019 0 943 -284019 1
gene 2 8 368 103044 0 1081 103044 1
gene 2 368 15 -190170 0 1082 -190170 1
gene 1 2 381 -170256 0 1117 -170256 1
gene 2 381 14 585554 0 1118 585554 0
gene 4 3 394 502170 0 1159 502170 1
gene 4 394 71 -325488 0 1160 -325488 1
gene 4 1 394 238982 0 1362 238982 1
gene 2 3 473 421572 0 1405 421572 1
gene 2 473 13 -800000 0 1406 -800000 1
gene 1 10 490 282483 0 1456 282483 0
gene 1 490 14 -471177 0 1457 -471177 1
gene 3 13 289 -477888 0 1591 -477888 1
gene 4 71 568 9024 1 1699 9024 1
gene 4 568 71 685712 0 1700 685712 0
gene 3 568 15 -606708 0 1754 -606708 1
gene 3 289 394 -37305 0 1809 -37305 0
gene 4 568 647 -168384 0 1948 -168384 1
gene 4 647 71 -171744 0 1949 -171744 1
gene 1 7 686 -110691 0 2069 -110691 1
gene 1 686 71 125424 0 2070 125424 1
gene 3 71 704 800000 0 2122 800000 0
gene 3 704 14 296220 0 2123 296220 1
gene 3 289 760 420539 0 2296 420539 1
gene 3 760 394 -140259 0 2297 -140259 1
gene 4 368 394 256761 0 2326 256761 0
gene 2 10 289 117978 0 2376 117978 1
gene 4 3 834 19098 0 2518 19098 1
gene 4 834 317 149904 0 2519 149904 0
gene 2 12 877 -800000 0 2634 -800000 1
gene 2 877 14 -123585 0 2635 -123585 1
gene 2 4 886 290631 0 2665 290631 0
gene 2 886 15 186468 0 2666 186468 1
gene 2 5 948 40416 0 2855 40416 0
gene 2 948 13 -155355 0 2856 -155355 1
gene 2 877 877 614585 1 2903 614585 1
gene 1 7 996 -323232 0 2996 -323232 1
gene 1 996 13 -113385 0 2997 -113385 1
gene 3 7 1018 196038 0 3054 196038 1
gene 4 1018 15 -109308 0 3055 -109308 1
gene 1 4 1030 -192411 0 3100 -192411 1
gene 1 1030 14 -749117 0 3101 -749117 1
gene 3 568 568 312102 1 3154 312102 0
gene 2 5 1107 -76470 0 3308 -76470 1
gene 2 1107 948 568281 0 3309 568281 1
gene 4 686 686 775817 1 3352 775817 1
gene 3 996 490 410052 0 3408 410052 1
gene 2 9 1188 136974 0 3558 136974 0
gene 2 1188 14 -77367 0 3559 -77367 1
gene 4 381 71 -331422 0 3665 -331422 0
gene 1 10 1240 -92538 0 3707 -92538 1
gene 1 1240 490 81210 0 3708 81210 1
gene 3 1107 1030 -384171 0 3763 -384171 1
gene 2 9 1316 181050 0 3922 181050 0
gene 2 1316 1188 -119396 0 3923 -119396 1
gene 1 12 1373 637014 0 4116 637014 1
gene 1 1373 15 -128028 0 4117 -128028 0
gene 1 3 1316 243882 0 4180 243882 1
gene 4 834 1445 228606 0 4313 228606 1
gene 4 1445 317 256578 0 4314 256578 1
gene 4 381 1459 -105978 0 4355 -105978 1
gene 4 1459 71 582582 0 4356 582582 1
gene 3 289 1474 -155514 0 4406 -155514 1
gene 3 1474 14 114492 0 4407 114492 1
gene 2 394 1373 -734046 0 4457 -734046 1
gene 2 5 1504 -800000 0 4497 -800000 0
gene 2 1504 15 287664 0 4498 287664 1
gene 4 1504 886 -800000 0 4750 -800000 1
gene 2 9 1625 -249063 0 4838 -249063 1
gene 1 1625 1316 484323 0 4839 484323 1
gene 1 1 1625 224310 0 4968 224310 1
gene 3 568 1675 -359358 1 4996 -359358 1
gene 3 1675 568 63549 0 4997 63549 0
gene 2 5 1700 50559 0 5071 50559 1
gene 2 1700 1504 -10143 0 5072 -10143 1
gene 3 71 1720 -303939 0 5118 -303939 1
gene 3 1720 704 -726339 0 5119 -726339 1
gene 1 886 381 231402 0 5222 231402 0
gene 1 1373 1888 270693 0 5630 270693 1
gene 1 1888 15 -168123 0 5631 -168123 1
gene 1 1107 490 60528 0 5814 60528 1
gene 4 1107 15 -65811 0 5917 -65811 1
gene 4 14 14 -38049 1 5955 -38049 1
gene 2 1700 1700 -294378 1 6001 -294378 1
gene 3 1675 2052 144711 0 6096 144711 1
gene 3 2052 568 71556 0 6097 71556 1
gene 1 9 2089 -18939 0 6209 -18939 1
gene 1 2089 13 368406 0 6210 368406 1
gene 4 368 2268 585939 0 6730 585939 0
gene 4 2268 394 412584 0 6731 412584 0
gene 1 1018 1720 -395481 0 7116 -395481 1
gene 4 289 2464 205548 0 7294 205548 1
gene 4 2464 15 -752894 0 7295 -752894 1
gene 1 10 2481 315279 0 7343 315279 1
gene 1 2481 15 54927 0 7344 54927 1
gene 4 368 2494 634260 0 7380 634260 1
gene 4 2494 2268 -411087 0 7381 -411087 0
gene 1 647 568 383988 1 7528 383988 1
gene 4 2268 2621 6489 0 7767 6489 1
gene 4 2621 394 -183858 0 7768 -183858 1
gene 2 381 2677 -386670 0 7926 -386670 1
gene 2 2677 14 591828 0 7927 591828 1
gene 2 4 2748 -99405 0 8138 -99405 1
gene 2 2748 886 -238923 0 8139 -238923 1
gene 4 2677 289 383058 0 8179 383058 1
gene 4 2494 2788 -245613 0 8266 -245613 1
gene 4 2788 2268 206571 0 8267 206571 1
gene 2 948 2268 398507 0 8366 398507 1
gene 1 886 2870 -417869 0 8514 -417869 1
gene 1 2870 381 -26391 0 8515 -26391 1
genomeend 26


/* Organism #32 Fitness: 340.000000 Time: 0 */
/* Position #32*/
#1 x: 70 y: 15
#2 x: 52 y: 33
#3 x: 84 y: 30
#4 x: 80 y: 68
#5 x: 28 y: 62
#6 x: 39 y: 80
genomestart 32
trait 1 100000.000000 0.000000 0.000000 0.000000 0.000000 0.000000 0.000000 0.000000 trait 2 52534.000000 91990.000000 0.000000 100000.000000 0.000000 0.000000 0.000000 0.000000 trait 3 21555.000000 0.000000 74217.000000 0.000000 72769.000000 0.000000 0.000000 0.000000 trait 4 4.000000 0.000000 73021.000000 0.000000 0.000000 0.000000 0.000000 0.000000 node 1 1 1 3
node 2 2 1 1
node 3 4 1 1
node 4 4 1 1
node 5 1 1 1
node 6 4 1 1
node 7 3 1 1
node 8 3 1 1
node 9 3 1 1
node 10 4 1 1
node 11 4 1 1
node 12 1 1 1
node 13 1 0 2
node 14 2 0 2
node 15 4 0 2
node 24 1 0 0
node 188 3 0 0
node 222 1 0 0
node 272 1 0 0
node 301 1 0 0
node 380 2 0 0
node 393 1 0 0
node 453 4 0 0
node 469 1 0 0
node 557 1 0 0
node 729 1 0 0
node 875 1 0 0
node 927 1 0 0
node 1021 1 0 0
node 1084 1 0 0
node 1116 1 0 0
node 1234 1 0 0
node 1295 1 0 0
node 1374 1 0 0
node 1496 1 0 0
node 1522 1 0 0
node 1622 1 0 0
node 1712 1 0 0
node 1847 1 0 0
node 1890 1 0 0
node 2011 1 0 0
node 2035 1 0 0
node 2119 1 0 0
node 2161 1 0 0
node 2179 3 0 0
node 2221 1 0 0
node 2347 1 0 0
node 2379 1 0 0
node 2575 1 0 0
node 2588 1 0 0
node 2609 1 0 0
node 2774 1 0 0
node 2815 1 0 0
node 2949 1 0 0
gene 1 1 13 -9384 0 1 -9384 1
gene 2 2 13 333255 0 2 333255 1
gene 2 3 13 -2742 0 3 -2742 1
gene 4 4 13 161775 0 4 161775 0
gene 3 5 13 -731817 0 5 -731817 1
gene 1 6 13 148632 0 6 148632 1
gene 3 7 13 576774 0 7 576774 1
gene 1 8 13 -186177 0 8 -186177 0
gene 4 9 13 800000 0 9 800000 1
gene 2 10 13 -190110 0 10 -190110 1
gene 3 11 13 -171621 0 11 -171621 1
gene 4 12 13 -479961 0 12 -479961 1
gene 1 1 14 15585 0 13 15585 1
gene 1 2 14 -33195 0 14 -33195 1
gene 2 3 14 673428 0 15 673428 1
gene 2 4 14 403353 0 16 403353 1
gene 1 5 14 696671 0 17 696671 1
gene 2 6 14 58092 0 18 58092 0
gene 3 7 14 -201297 0 19 -201297 0
gene 3 8 14 -65805 0 20 -65805 1
gene 3 9 14 722646 0 21 722646 0
gene 2 10 14 501525 0 22 501525 1
gene 3 11 14 98763 0 23 98763 1
gene 2 12 14 136875 0 24 136875 1
gene 2 1 15 512250 0 25 512250 1
gene 3 2 15 -28254 0 26 -28254 1
gene 4 3 15 -722757 0 27 -722757 0
gene 1 4 15 325818 0 28 325818 0
gene 4 5 15 214305 0 29 214305 1
gene 2 6 15 157248 0 30 157248 0
gene 4 7 15 249306 0 31 249306 0
gene 2 8 15 -141777 0 32 -141777 0
gene 2 9 15 -134283 0 33 -134283 0
gene 2 10 15 -69849 0 34 -69849 1
gene 3 11 15 679269 0 35 679269 1
gene 2 12 15 -118731 0 36 -118731 0
gene 4 4 24 -42102 0 62 -42102 1
gene 4 24 13 198123 0 63 198123 1
gene 1 24 24 89688 1 127 89688 0
gene 3 15 13 149085 0 293 149085 1
gene 2 7 24 -89451 0 408 -89451 0
gene 3 7 188 -188097 0 526 -188097 1
gene 3 188 14 124032 0 527 124032 1
gene 2 9 222 -101733 0 645 -101733 0
gene 2 222 15 235941 0 646 235941 1
gene 3 3 272 -178743 0 798 -178743 1
gene 3 272 15 149916 0 799 149916 0
gene 2 3 24 -184152 0 850 -184152 1
gene 1 24 301 507669 1 893 507669 0
gene 1 301 24 -48726 0 894 -48726 0
gene 1 188 188 -174708 1 934 -174708 1
gene 3 4 188 -800000 0 1080 -800000 1
gene 2 6 380 -313467 0 1115 -313467 1
gene 2 380 14 -37602 0 1116 -37602 1
gene 1 4 393 -215346 0 1157 -215346 1
gene 1 393 15 -26600 0 1158 -26600 1
gene 1 15 380 -228411 0 1196 -228411 0
gene 2 12 188 -209916 0 1302 -209916 0
gene 2 9 453 -30 0 1346 -30 1
gene 2 453 222 30696 0 1347 30696 1
gene 1 24 469 120621 1 1394 120621 0
gene 1 469 301 25836 0 1395 25836 0
gene 3 222 24 692394 0 1576 692394 1
gene 4 3 188 288825 0 1616 288825 1
gene 3 272 557 -669933 0 1666 -669933 1
gene 1 557 15 168711 0 1667 168711 0
gene 1 6 272 15474 0 1830 15474 0
gene 4 12 380 -300867 0 1879 -300867 0
gene 1 469 729 -179802 0 2197 -179802 1
gene 1 729 301 624810 0 2198 624810 1
gene 2 14 301 709917 0 2244 709917 1
gene 1 188 380 -779877 0 2284 -779877 1
gene 3 8 875 -68835 0 2630 -68835 0
gene 1 875 13 575822 0 2631 575822 1
gene 4 12 927 -57723 0 2791 -57723 1
gene 4 927 380 226245 0 2792 226245 1
gene 2 393 380 -261528 0 3014 -261528 0
gene 2 7 1021 -363087 0 3066 -363087 0
gene 2 1021 24 371945 0 3067 371945 1
gene 1 8 1084 800000 0 3243 800000 0
gene 1 1084 875 374124 0 3244 374124 0
gene 4 188 927 -157866 0 3297 -157866 1
gene 1 1084 1116 -334065 0 3335 -334065 1
gene 1 1116 875 800000 0 3336 800000 0
gene 1 222 469 -694499 0 3394 -694499 1
gene 1 8 1234 -740216 0 3693 -740216 1
gene 1 1234 1084 -35157 0 3694 -35157 1
gene 1 301 1295 -401742 0 3863 -401742 1
gene 1 1295 24 224664 0 3864 224664 1
gene 1 2 393 719943 0 3943 719943 1
gene 4 1084 1084 600210 1 4053 600210 1
gene 3 1295 1084 105540 0 4076 105540 1
gene 1 1116 1374 114129 0 4119 114129 1
gene 1 1374 875 -148941 0 4120 -148941 1
gene 2 272 1084 -242031 0 4218 -242031 1
gene 2 12 1496 198018 0 4474 198018 1
gene 2 1496 15 -188196 0 4475 -188196 1
gene 1 557 1522 -669542 0 4546 -669542 1
gene 1 1522 15 -556103 0 4547 -556103 1
gene 3 1116 1021 237057 0 4657 237057 1
gene 3 9 380 26262 0 4725 26262 1
gene 2 12 1622 -330033 0 4831 -330033 1
gene 2 1622 188 -739842 0 4832 -739842 1
gene 4 453 453 -263940 1 4965 -263940 0
gene 2 8 1712 -328899 0 5099 -328899 1
gene 2 1712 15 71820 0 5100 71820 0
gene 1 6 1847 800000 0 5495 800000 1
gene 1 1847 272 -217941 0 5496 -217941 1
gene 3 9 1890 205527 0 5636 205527 0
gene 3 1890 14 142065 0 5637 142065 1
gene 4 1116 13 349482 0 5838 349482 1
gene 1 9 1712 50679 0 5937 50679 1
gene 1 24 2011 -407928 1 5985 -407928 1
gene 1 2011 469 -44778 0 5986 -44778 1
gene 2 1712 2035 -358899 0 6047 -358899 0
gene 2 2035 15 153906 0 6048 153906 1
gene 3 927 1084 -27984 0 6090 -27984 1
gene 4 1847 453 -224493 0 6145 -224493 1
gene 2 1712 2119 -75471 0 6302 -75471 1
gene 2 2119 2035 21573 0 6303 21573 1
gene 3 9 2161 -229470 0 6421 -229470 1
gene 3 2161 1890 268200 0 6422 268200 0
gene 4 453 2179 -567597 1 6471 -567597 1
gene 4 2179 453 20067 0 6472 20067 1
gene 4 7 2221 -176559 0 6590 -176559 1
gene 4 2221 15 -71775 0 6591 -71775 0
gene 2 393 2347 83757 0 6963 83757 0
gene 2 2347 380 627498 0 6964 627498 1
gene 2 729 188 393847 0 7008 393847 1
gene 2 6 2379 489903 0 7058 489903 1
gene 2 2379 15 758136 0 7059 758136 1
gene 3 557 1116 213111 0 7304 213111 1
gene 1 557 1712 116589 0 7456 116589 1
gene 1 2347 2347 -397638 1 7587 -397638 1
gene 4 2221 2575 -211275 0 7627 -211275 1
gene 4 2575 15 -386736 0 7628 -386736 0
gene 3 2161 2588 -518073 0 7674 -518073 1
gene 3 2588 1890 -114765 0 7675 -114765 1
gene 1 15 2609 403407 0 7733 403407 1
gene 1 2609 380 272922 0 7734 272922 1
gene 4 4 2119 12711 0 7785 12711 1
gene 2 2588 2035 138870 0 7888 138870 1
gene 2 9 1847 134400 0 7997 134400 1
gene 2 1522 2179 -317358 0 8048 -317358 1
gene 3 557 2035 24829 0 8184 24829 1
gene 2 7 2774 -33018 0 8222 -33018 1
gene 2 2774 1021 -484005 0 8223 -484005 1
gene 2 393 2815 317560 0 8350 317560 1
gene 2 2815 2347 -260019 0 8351 -260019 1
gene 4 1622 2588 -208629 0 8386 -208629 1
gene 3 2575 2609 16645 0 8711 16645 1
gene 4 2575 2949 1 0 8754 0 1
gene 4 2949 15 -386736 0 8755 0 1
genomeend 32


/* Organism #42 Fitness: 260.000000 Time: 0 */
/* Position #42*/
#1 x: 48 y: 29
#2 x: 17 y: 20
#3 x: 45 y: 25
#4 x: 70 y: 79
#5 x: 29 y: 77
#6 x: 35 y: 65
genomestart 42
trait 1 100000.000000 0.000000 0.000000 0.000000 0.000000 0.000000 0.000000 0.000000 trait 2 52534.000000 91990.000000 0.000000 100000.000000 0.000000 0.000000 0.000000 0.000000 trait 3 21555.000000 0.000000 74217.000000 0.000000 72769.000000 0.000000 0.000000 0.000000 trait 4 4.000000 0.000000 0.000000 0.000000 0.000000 0.000000 0.000000 0.000000 node 1 1 1 3
node 2 2 1 1
node 3 4 1 1
node 4 4 1 1
node 5 1 1 1
node 6 4 1 1
node 7 3 1 1
node 8 3 1 1
node 9 3 1 1
node 10 4 1 1
node 11 4 1 1
node 12 1 1 1
node 13 1 0 2
node 14 2 0 2
node 15 4 0 2
node 24 1 0 0
node 188 3 0 0
node 222 1 0 0
node 272 1 0 0
node 301 1 0 0
node 380 1 0 0
node 393 1 0 0
node 453 4 0 0
node 469 1 0 0
node 557 1 0 0
node 729 1 0 0
node 875 1 0 0
node 927 1 0 0
node 1021 1 0 0
node 1084 1 0 0
node 1116 1 0 0
node 1234 1 0 0
node 1295 1 0 0
node 1374 1 0 0
node 1496 1 0 0
node 1522 1 0 0
node 1622 1 0 0
node 1712 1 0 0
node 1847 1 0 0
node 1890 1 0 0
node 2011 1 0 0
node 2035 1 0 0
node 2119 1 0 0
node 2161 1 0 0
node 2179 1 0 0
node 2221 1 0 0
node 2397 1 0 0
node 2586 1 0 0
node 2625 1 0 0
node 2644 1 0 0
node 2701 1 0 0
node 2733 1 0 0
node 2858 1 0 0
node 2881 1 0 0
gene 1 1 13 252990 0 1 252990 1
gene 2 2 13 167367 0 2 167367 1
gene 2 3 13 251349 0 3 251349 1
gene 4 4 13 -15048 0 4 -15048 0
gene 3 5 13 551319 0 5 551319 1
gene 1 6 13 -530918 0 6 -530918 1
gene 3 7 13 -275013 0 7 -275013 1
gene 1 8 13 -82687 0 8 -82687 0
gene 4 9 13 435993 0 9 435993 1
gene 2 10 13 -770468 0 10 -770468 1
gene 3 11 13 285438 0 11 285438 1
gene 4 12 13 -76305 0 12 -76305 1
gene 1 1 14 -70470 0 13 -70470 1
gene 1 2 14 577562 0 14 577562 1
gene 2 3 14 -243264 0 15 -243264 1
gene 2 4 14 -800000 0 16 -800000 1
gene 1 5 14 -86370 0 17 -86370 1
gene 2 6 14 -623901 0 18 -623901 0
gene 3 7 14 742019 0 19 742019 0
gene 3 8 14 133647 0 20 133647 1
gene 3 9 14 -425226 0 21 -425226 0
gene 2 10 14 11496 0 22 11496 1
gene 3 11 14 -476442 0 23 -476442 0
gene 2 12 14 -464964 0 24 -464964 1
gene 2 1 15 -295668 0 25 -295668 1
gene 3 2 15 -39507 0 26 -39507 1
gene 4 3 15 -800000 0 27 -800000 0
gene 1 4 15 -103248 0 28 -103248 0
gene 4 5 15 512483 0 29 512483 1
gene 2 6 15 -800000 0 30 -800000 1
gene 4 7 15 -52356 0 31 -52356 0
gene 2 8 15 -500532 0 32 -500532 0
gene 2 9 15 348318 0 33 348318 0
gene 2 10 15 40635 0 34 40635 1
gene 3 11 15 485607 0 35 485607 1
gene 2 12 15 -295685 0 36 -295685 0
gene 4 4 24 800000 0 62 800000 1
gene 3 24 13 275340 0 63 275340 1
gene 1 24 24 -541827 1 127 -541827 0
gene 3 15 13 -404808 0 293 -404808 1
gene 2 7 24 800000 0 408 800000 0
gene 3 7 188 -33663 0 526 -33663 1
gene 3 188 14 730373 0 527 730373 0
gene 2 9 222 760595 0 645 760595 0
gene 2 222 15 779936 0 646 779936 1
gene 3 3 272 281592 0 798 281592 1
gene 3 272 15 91293 0 799 91293 0
gene 2 3 24 -172134 0 850 -172134 1
gene 1 24 301 490935 1 893 490935 0
gene 1 301 24 344070 0 894 344070 0
gene 1 188 188 -124575 1 934 -124575 1
gene 3 4 188 -105494 0 1080 -105494 1
gene 2 6 380 -53016 0 1115 -53016 1
gene 2 380 14 -150354 0 1116 -150354 1
gene 1 4 393 -634514 0 1157 -634514 0
gene 1 393 15 -27738 0 1158 -27738 1
gene 1 15 380 -747908 0 1196 -747908 1
gene 2 12 188 -679332 0 1302 -679332 0
gene 2 9 453 334029 0 1346 334029 1
gene 2 453 222 -419838 0 1347 -419838 1
gene 1 24 469 401211 1 1394 401211 0
gene 1 469 301 -759417 0 1395 -759417 0
gene 3 222 24 -104721 0 1576 -104721 1
gene 4 3 188 -800000 0 1616 -800000 1
gene 3 272 557 -416901 0 1666 -416901 1
gene 1 557 15 145470 0 1667 145470 0
gene 1 6 272 335430 0 1830 335430 0
gene 4 12 380 67485 0 1879 67485 0
gene 1 469 729 84330 0 2197 84330 1
gene 1 729 301 -117309 0 2198 -117309 0
gene 2 14 301 -32712 0 2244 -32712 1
gene 1 188 380 339531 0 2284 339531 0
gene 3 8 875 -115281 0 2630 -115281 0
gene 1 875 13 203622 0 2631 203622 1
gene 4 12 927 -174012 0 2791 -174012 1
gene 4 927 380 15834 0 2792 15834 1
gene 2 393 380 482313 0 3014 482313 1
gene 2 7 1021 596472 0 3066 596472 1
gene 2 1021 24 -169206 0 3067 -169206 1
gene 1 8 1084 82113 0 3243 82113 0
gene 1 1084 875 654705 0 3244 654705 0
gene 4 188 927 206133 0 3297 206133 1
gene 1 1084 1116 -476679 0 3335 -476679 1
gene 1 1116 875 -139365 0 3336 -139365 0
gene 1 222 469 -758640 0 3394 -758640 1
gene 1 8 1234 -127551 0 3693 -127551 1
gene 1 1234 1084 -169692 0 3694 -169692 1
gene 1 301 1295 763496 0 3863 763496 1
gene 1 1295 24 59922 0 3864 59922 1
gene 1 2 393 -800000 0 3943 -800000 1
gene 4 1084 1084 377064 1 4053 377064 1
gene 3 1295 1084 -526184 0 4076 -526184 1
gene 1 1116 1374 35475 0 4119 35475 1
gene 1 1374 875 421248 0 4120 421248 1
gene 2 272 1084 -68226 0 4218 -68226 1
gene 2 12 1496 800000 0 4474 800000 1
gene 2 1496 15 703638 0 4475 703638 1
gene 1 557 1522 -111702 0 4546 -111702 1
gene 1 1522 15 -194337 0 4547 -194337 1
gene 3 1116 1021 128247 0 4657 128247 1
gene 3 9 380 349503 0 4725 349503 1
gene 2 12 1622 213564 0 4831 213564 1
gene 2 1622 188 -466029 0 4832 -466029 1
gene 4 453 453 619989 1 4965 619989 0
gene 2 8 1712 543659 0 5099 543659 1
gene 2 1712 15 526148 0 5100 526148 0
gene 1 6 1847 -453879 0 5495 -453879 1
gene 1 1847 272 -135726 0 5496 -135726 1
gene 3 9 1890 -167121 0 5636 -167121 0
gene 3 1890 14 -408381 0 5637 -408381 1
gene 4 1116 13 -275190 0 5838 -275190 1
gene 1 9 1712 -311496 0 5937 -311496 1
gene 1 24 2011 190097 1 5985 190097 1
gene 1 2011 469 632109 0 5986 632109 1
gene 2 1712 2035 648891 0 6047 648891 0
gene 2 2035 15 -515526 0 6048 -515526 0
gene 3 927 1084 -111312 0 6090 -111312 1
gene 4 1847 453 -5247 0 6145 -5247 1
gene 2 1712 2119 -44601 0 6302 -44601 1
gene 2 2119 2035 217770 0 6303 217770 1
gene 3 9 2161 -103788 0 6421 -103788 1
gene 3 2161 1890 30993 0 6422 30993 0
gene 4 453 2179 -224775 1 6471 -224775 1
gene 4 2179 453 -82596 0 6472 -82596 1
gene 4 7 2221 -487677 0 6590 -487677 1
gene 4 2221 15 56517 0 6591 56517 1
gene 2 1295 1021 -264282 0 6920 -264282 1
gene 4 2011 393 -104349 0 7009 -104349 1
gene 3 1295 557 290436 1 7060 290436 1
gene 3 11 2397 -69117 0 7109 -69117 1
gene 4 2397 14 -58476 0 7110 -58476 1
gene 3 469 272 319986 0 7207 319986 1
gene 3 1496 2179 -22035 0 7354 -22035 0
gene 3 3 1622 -229041 0 7392 -229041 1
gene 1 1374 557 140793 1 7439 140793 1
gene 2 8 1890 -287664 0 7582 -287664 1
gene 3 1496 2586 -151587 0 7669 -151587 1
gene 3 2586 2179 -384666 0 7670 -384666 1
gene 1 12 875 472125 0 7725 472125 1
gene 1 188 2625 -255993 0 7779 -255993 1
gene 1 2625 380 74943 0 7780 74943 1
gene 2 2035 2644 -262380 0 7834 -262380 1
gene 2 2644 15 -68121 0 7835 -68121 1
gene 3 188 2701 356994 0 7995 356994 1
gene 3 2701 14 -549555 0 7996 -549555 1
gene 1 729 2733 225909 0 8091 225909 1
gene 1 2733 301 260937 0 8092 260937 1
gene 3 2161 2858 -189656 0 8467 -189656 1
gene 3 2858 1890 93111 0 8468 93111 1
gene 1 4 2881 6738 0 8555 6738 1
gene 1 2881 393 -800000 0 8556 -800000 1
genomeend 42


/* Organism #44 Fitness: 420.000000 Time: 0 */
/* Position #44*/
#1 x: 39 y: 35
#2 x: 35 y: 23
#3 x: 21 y: 22
#4 x: 82 y: 80
#5 x: 37 y: 64
#6 x: 67 y: 67
genomestart 44
trait 1 100000.000000 0.000000 0.000000 0.000000 0.000000 0.000000 0.000000 0.000000 trait 2 52534.000000 91990.000000 0.000000 100000.000000 0.000000 0.000000 0.000000 0.000000 trait 3 21555.000000 0.000000 74217.000000 0.000000 72769.000000 0.000000 0.000000 0.000000 trait 4 4.000000 0.000000 0.000000 0.000000 0.000000 0.000000 0.000000 0.000000 node 1 1 1 3
node 2 2 1 1
node 3 4 1 1
node 4 4 1 1
node 5 1 1 1
node 6 4 1 1
node 7 3 1 1
node 8 3 1 1
node 9 3 1 1
node 10 4 1 1
node 11 4 1 1
node 12 1 1 1
node 13 1 0 2
node 14 2 0 2
node 15 4 0 2
node 24 1 0 0
node 188 3 0 0
node 222 1 0 0
node 272 1 0 0
node 301 1 0 0
node 380 1 0 0
node 393 1 0 0
node 453 4 0 0
node 469 1 0 0
node 557 1 0 0
node 729 1 0 0
node 875 1 0 0
node 927 1 0 0
node 1021 1 0 0
node 1084 1 0 0
node 1116 1 0 0
node 1234 1 0 0
node 1295 1 0 0
node 1374 1 0 0
node 1496 1 0 0
node 1522 1 0 0
node 1622 1 0 0
node 1712 1 0 0
node 1847 1 0 0
node 1890 1 0 0
node 2011 1 0 0
node 2035 1 0 0
node 2119 1 0 0
node 2161 1 0 0
node 2179 1 0 0
node 2221 1 0 0
node 2397 1 0 0
node 2586 1 0 0
node 2625 1 0 0
node 2644 1 0 0
node 2701 1 0 0
node 2733 1 0 0
node 2858 1 0 0
node 2881 1 0 0
gene 1 1 13 -136908 0 1 -136908 1
gene 2 2 13 124833 0 2 124833 1
gene 2 3 13 521457 0 3 521457 1
gene 4 4 13 82266 0 4 82266 0
gene 3 5 13 320571 0 5 320571 1
gene 1 6 13 -400877 0 6 -400877 1
gene 3 7 13 -11616 0 7 -11616 1
gene 1 8 13 -194776 0 8 -194776 0
gene 4 9 13 430572 0 9 430572 1
gene 2 10 13 -262355 0 10 -262355 1
gene 3 11 13 -6273 0 11 -6273 1
gene 4 12 13 178059 0 12 178059 1
gene 1 1 14 -129870 0 13 -129870 1
gene 1 2 14 800000 0 14 800000 1
gene 2 3 14 -254532 0 15 -254532 1
gene 2 4 14 -794238 0 16 -794238 1
gene 1 5 14 -206445 0 17 -206445 1
gene 2 6 14 -268179 0 18 -268179 0
gene 3 7 14 723812 0 19 723812 0
gene 3 8 14 263925 0 20 263925 1
gene 3 9 14 -598848 0 21 -598848 0
gene 2 10 14 50142 0 22 50142 1
gene 3 11 14 -165423 0 23 -165423 0
gene 2 12 14 -800000 0 24 -800000 1
gene 2 1 15 -193548 0 25 -193548 1
gene 3 2 15 395976 0 26 395976 1
gene 4 3 15 -726731 0 27 -726731 0
gene 1 4 15 -176985 0 28 -176985 0
gene 4 5 15 533327 0 29 533327 1
gene 2 6 15 -800000 0 30 -800000 1
gene 4 7 15 -88500 0 31 -88500 0
gene 2 8 15 -227028 0 32 -227028 0
gene 2 9 15 291042 0 33 291042 0
gene 2 10 15 -333963 0 34 -333963 1
gene 3 11 15 342735 0 35 342735 1
gene 2 12 15 -310712 0 36 -310712 0
gene 4 4 24 571239 0 62 571239 1
gene 3 24 13 -58341 0 63 -58341 1
gene 1 24 24 -67578 1 127 -67578 0
gene 3 15 13 -509199 0 293 -509199 1
gene 2 7 24 637883 0 408 637883 0
gene 3 7 188 198747 0 526 198747 1
gene 3 188 14 800000 0 527 800000 0
gene 2 9 222 800000 0 645 800000 0
gene 2 222 15 780455 0 646 780455 1
gene 3 3 272 261861 0 798 261861 1
gene 3 272 15 -60234 0 799 -60234 0
gene 2 3 24 70062 0 850 70062 1
gene 1 24 301 673692 1 893 673692 0
gene 1 301 24 350634 0 894 350634 0
gene 1 188 188 -149859 1 934 -149859 1
gene 3 4 188 -317510 0 1080 -317510 1
gene 2 6 380 -78336 0 1115 -78336 1
gene 2 380 14 165717 0 1116 165717 1
gene 1 4 393 -645218 0 1157 -645218 0
gene 1 393 15 302304 0 1158 302304 1
gene 1 15 380 -529364 0 1196 -529364 1
gene 2 12 188 -688812 0 1302 -688812 0
gene 2 9 453 77928 0 1346 77928 1
gene 2 453 222 137343 0 1347 137343 1
gene 1 24 469 36066 1 1394 36066 0
gene 1 469 301 -800000 0 1395 -800000 0
gene 3 222 24 -329247 0 1576 -329247 1
gene 4 3 188 -637682 0 1616 -637682 1
gene 3 272 557 -392370 0 1666 -392370 1
gene 1 557 15 141795 0 1667 141795 0
gene 1 6 272 309777 0 1830 309777 0
gene 4 12 380 131232 0 1879 131232 0
gene 1 469 729 453528 0 2197 453528 1
gene 1 729 301 61737 0 2198 61737 0
gene 2 14 301 -450342 0 2244 -450342 1
gene 1 188 380 361758 0 2284 361758 0
gene 3 8 875 -293076 0 2630 -293076 0
gene 1 875 13 54837 0 2631 54837 1
gene 4 12 927 361260 0 2791 361260 1
gene 4 927 380 -240444 0 2792 -240444 1
gene 2 393 380 -47307 0 3014 -47307 1
gene 2 7 1021 377199 0 3066 377199 1
gene 2 1021 24 268692 0 3067 268692 1
gene 1 8 1084 -243882 0 3243 -243882 0
gene 1 1084 875 512433 0 3244 512433 0
gene 4 188 927 -287667 0 3297 -287667 1
gene 1 1084 1116 -71169 0 3335 -71169 1
gene 1 1116 875 -227706 0 3336 -227706 0
gene 1 222 469 -391671 0 3394 -391671 1
gene 1 8 1234 58542 0 3693 58542 1
gene 1 1234 1084 -62379 0 3694 -62379 1
gene 1 301 1295 800000 0 3863 800000 1
gene 1 1295 24 130650 0 3864 130650 1
gene 1 2 393 -497216 0 3943 -497216 1
gene 4 1084 1084 -146316 1 4053 -146316 1
gene 3 1295 1084 -587792 0 4076 -587792 1
gene 1 1116 1374 -309981 0 4119 -309981 1
gene 1 1374 875 362706 0 4120 362706 1
gene 2 272 1084 -61203 0 4218 -61203 1
gene 2 12 1496 800000 0 4474 800000 1
gene 2 1496 15 524190 0 4475 524190 1
gene 1 557 1522 -173523 0 4546 -173523 1
gene 1 1522 15 -135180 0 4547 -135180 1
gene 3 1116 1021 -17274 0 4657 -17274 1
gene 3 9 380 347268 0 4725 347268 1
gene 2 12 1622 81834 0 4831 81834 1
gene 2 1622 188 56439 0 4832 56439 1
gene 4 453 453 137829 1 4965 137829 0
gene 2 8 1712 458153 0 5099 458153 1
gene 2 1712 15 737591 0 5100 737591 0
gene 1 6 1847 -299520 0 5495 -299520 1
gene 1 1847 272 -400962 0 5496 -400962 1
gene 3 9 1890 -177681 0 5636 -177681 0
gene 3 1890 14 -256239 0 5637 -256239 1
gene 4 1116 13 -9060 0 5838 -9060 1
gene 1 9 1712 -144447 0 5937 -144447 1
gene 1 24 2011 286697 1 5985 286697 1
gene 1 2011 469 135966 0 5986 135966 1
gene 2 1712 2035 676716 0 6047 676716 0
gene 2 2035 15 -215433 0 6048 -215433 0
gene 3 927 1084 -266079 0 6090 -266079 1
gene 4 1847 453 19857 0 6145 19857 1
gene 2 1712 2119 91389 0 6302 91389 1
gene 2 2119 2035 62253 0 6303 62253 1
gene 3 9 2161 -273714 0 6421 -273714 1
gene 3 2161 1890 30993 0 6422 30993 0
gene 4 453 2179 -71274 1 6471 -71274 1
gene 4 2179 453 -82596 0 6472 -82596 1
gene 4 7 2221 -324315 0 6590 -324315 1
gene 4 2221 15 453447 0 6591 453447 1
gene 2 1295 1021 -428385 0 6920 -428385 1
gene 4 2011 393 5460 0 7009 5460 1
gene 3 1295 557 289077 1 7060 289077 1
gene 3 11 2397 183516 0 7109 183516 1
gene 4 2397 14 -255000 0 7110 -255000 1
gene 3 469 272 658254 0 7207 658254 1
gene 3 1496 2179 -511227 0 7354 -511227 0
gene 3 3 1622 -10683 0 7392 -10683 1
gene 1 1374 557 227202 1 7439 227202 1
gene 2 8 1890 175194 0 7582 175194 1
gene 3 1496 2586 15780 0 7669 15780 1
gene 3 2586 2179 -159051 0 7670 -159051 1
gene 1 12 875 292935 0 7725 292935 1
gene 1 188 2625 110184 0 7779 110184 1
gene 1 2625 380 155262 0 7780 155262 1
gene 2 2035 2644 -26661 0 7834 -26661 1
gene 2 2644 15 -615159 0 7835 -615159 1
gene 3 188 2701 105135 0 7995 105135 1
gene 3 2701 14 -800000 0 7996 -800000 1
gene 1 729 2733 122295 0 8091 122295 1
gene 1 2733 301 477414 0 8092 477414 1
gene 3 2161 2858 -101684 0 8467 -101684 1
gene 3 2858 1890 -323034 0 8468 -323034 1
gene 1 4 2881 76791 0 8555 76791 1
gene 1 2881 393 -800000 0 8556 -800000 1
genomeend 44


/* Organism #56 Fitness: 440.000000 Time: 0 */
/* Position #56*/
#1 x: 83 y: 34
#2 x: 79 y: 38
#3 x: 45 y: 39
#4 x: 40 y: 72
#5 x: 54 y: 67
#6 x: 81 y: 72
genomestart 56
trait 1 100000.000000 0.000000 0.000000 0.000000 0.000000 0.000000 0.000000 0.000000 trait 2 52534.000000 91990.000000 0.000000 100000.000000 0.000000 0.000000 0.000000 0.000000 trait 3 21555.000000 0.000000 74217.000000 0.000000 72769.000000 0.000000 0.000000 0.000000 trait 4 4.000000 0.000000 0.000000 0.000000 0.000000 0.000000 0.000000 0.000000 node 1 1 1 3
node 2 2 1 1
node 3 4 1 1
node 4 4 1 1
node 5 1 1 1
node 6 4 1 1
node 7 3 1 1
node 8 3 1 1
node 9 3 1 1
node 10 4 1 1
node 11 4 1 1
node 12 1 1 1
node 13 1 0 2
node 14 2 0 2
node 15 4 0 2
node 24 1 0 0
node 188 3 0 0
node 222 1 0 0
node 272 1 0 0
node 301 1 0 0
node 380 1 0 0
node 393 1 0 0
node 453 4 0 0
node 469 1 0 0
node 557 1 0 0
node 729 1 0 0
node 875 1 0 0
node 927 1 0 0
node 1021 1 0 0
node 1084 1 0 0
node 1116 1 0 0
node 1234 1 0 0
node 1295 1 0 0
node 1374 1 0 0
node 1496 1 0 0
node 1522 1 0 0
node 1622 1 0 0
node 1712 1 0 0
node 1847 1 0 0
node 1890 1 0 0
node 2011 1 0 0
node 2035 1 0 0
node 2119 1 0 0
node 2161 1 0 0
node 2179 1 0 0
node 2221 1 0 0
node 2347 1 0 0
node 2379 1 0 0
node 2428 1 0 0
node 2441 1 0 0
node 2472 1 0 0
node 2511 1 0 0
node 2581 1 0 0
node 2603 1 0 0
node 2679 1 0 0
node 2689 1 0 0
node 2741 1 0 0
node 2845 1 0 0
node 2917 1 0 0
gene 1 1 13 -800000 0 1 -800000 1
gene 2 2 13 -279180 0 2 -279180 1
gene 2 3 13 -152640 0 3 -152640 1
gene 4 4 13 -491247 0 4 -491247 0
gene 2 5 13 280383 0 5 280383 1
gene 1 6 13 -793596 0 6 -793596 1
gene 3 7 13 -204006 0 7 -204006 1
gene 1 8 13 224193 0 8 224193 0
gene 4 9 13 -217080 0 9 -217080 1
gene 2 10 13 -480446 0 10 -480446 1
gene 3 11 13 203391 0 11 203391 1
gene 4 12 13 -133680 0 12 -133680 1
gene 1 1 14 -500841 0 13 -500841 1
gene 1 2 14 -342420 0 14 -342420 1
gene 2 3 14 254550 0 15 254550 1
gene 2 4 14 341898 0 16 341898 1
gene 1 5 14 -149838 0 17 -149838 1
gene 2 6 14 148385 0 18 148385 0
gene 3 7 14 -73347 0 19 -73347 0
gene 3 8 14 368700 0 20 368700 1
gene 3 9 14 185844 0 21 185844 0
gene 2 10 14 -159672 0 22 -159672 1
gene 3 11 14 518133 0 23 518133 1
gene 2 12 14 703191 0 24 703191 0
gene 2 1 15 191256 0 25 191256 1
gene 3 2 15 -190641 0 26 -190641 0
gene 4 3 15 -19770 0 27 -19770 0
gene 1 4 15 800000 0 28 800000 0
gene 4 5 15 447801 0 29 447801 1
gene 2 6 15 355097 0 30 355097 0
gene 4 7 15 104361 0 31 104361 0
gene 2 8 15 -33951 0 32 -33951 0
gene 2 9 15 -210273 0 33 -210273 0
gene 2 10 15 746934 0 34 746934 1
gene 3 11 15 533213 0 35 533213 1
gene 2 12 15 100503 0 36 100503 0
gene 4 4 24 278496 0 62 278496 1
gene 4 24 13 -267636 0 63 -267636 1
gene 1 24 24 -141246 1 127 -141246 0
gene 3 15 13 367719 0 293 367719 1
gene 2 7 24 -40041 0 408 -40041 0
gene 3 7 188 -414149 0 526 -414149 1
gene 3 188 14 -99996 0 527 -99996 1
gene 2 9 222 -386061 0 645 -386061 0
gene 2 222 15 -119166 0 646 -119166 1
gene 3 3 272 68625 0 798 68625 0
gene 3 272 15 163500 0 799 163500 0
gene 2 3 24 250461 0 850 250461 1
gene 1 24 301 -350591 1 893 -350591 0
gene 1 301 24 46002 0 894 46002 0
gene 1 188 188 -447641 1 934 -447641 1
gene 3 4 188 -115929 0 1080 -115929 1
gene 2 6 380 -439623 0 1115 -439623 1
gene 2 380 14 325095 0 1116 325095 1
gene 1 4 393 8382 0 1157 8382 1
gene 1 393 15 -38106 0 1158 -38106 1
gene 1 15 380 -105984 0 1196 -105984 1
gene 2 12 188 202836 0 1302 202836 0
gene 2 9 453 -755882 0 1346 -755882 1
gene 2 453 222 329907 0 1347 329907 1
gene 1 24 469 -248202 1 1394 -248202 0
gene 1 469 301 167820 0 1395 167820 0
gene 3 222 24 412605 0 1576 412605 1
gene 4 3 188 93315 0 1616 93315 1
gene 3 272 557 -543677 0 1666 -543677 1
gene 1 557 15 -479814 0 1667 -479814 0
gene 1 6 272 13158 0 1830 13158 0
gene 4 12 380 239715 0 1879 239715 0
gene 1 469 729 -438729 0 2197 -438729 1
gene 1 729 301 -356241 0 2198 -356241 1
gene 2 14 301 -345762 0 2244 -345762 1
gene 1 188 380 511521 0 2284 511521 1
gene 3 8 875 -668103 0 2630 -668103 0
gene 1 875 13 -707411 0 2631 -707411 1
gene 4 12 927 167873 0 2791 167873 1
gene 4 927 380 169413 0 2792 169413 1
gene 2 393 380 178176 0 3014 178176 0
gene 2 7 1021 -213977 0 3066 -213977 1
gene 2 1021 24 -100470 0 3067 -100470 1
gene 1 8 1084 245490 0 3243 245490 0
gene 1 1084 875 39078 0 3244 39078 0
gene 4 188 927 58494 0 3297 58494 1
gene 1 1084 1116 -90126 0 3335 -90126 1
gene 1 1116 875 203391 0 3336 203391 0
gene 1 222 469 -80952 0 3394 -80952 1
gene 1 8 1234 -466359 0 3693 -466359 0
gene 1 1234 1084 176007 0 3694 176007 0
gene 1 301 1295 -9771 0 3863 -9771 1
gene 1 1295 24 742451 0 3864 742451 1
gene 1 2 393 -746340 0 3943 -746340 1
gene 4 1084 1084 -795086 1 4053 -795086 1
gene 3 1295 1084 -408333 0 4076 -408333 1
gene 1 1116 1374 800000 0 4119 800000 1
gene 1 1374 875 341244 0 4120 341244 1
gene 2 272 1084 -789233 0 4218 -789233 1
gene 2 12 1496 -800000 0 4474 -800000 1
gene 2 1496 15 -380430 0 4475 -380430 1
gene 1 557 1522 -233082 0 4546 -233082 1
gene 1 1522 15 -443118 0 4547 -443118 0
gene 4 1116 1021 659202 0 4657 659202 1
gene 3 9 380 34554 0 4725 34554 1
gene 2 12 1622 -156903 0 4831 -156903 0
gene 2 1622 188 775686 0 4832 775686 0
gene 4 453 453 -202392 1 4965 -202392 0
gene 2 8 1712 -157296 0 5099 -157296 1
gene 2 1712 15 -228765 0 5100 -228765 0
gene 1 6 1847 -69789 0 5495 -69789 1
gene 1 1847 272 448224 0 5496 448224 1
gene 3 9 1890 -585378 0 5636 -585378 0
gene 3 1890 14 256944 0 5637 256944 1
gene 4 1116 13 471072 0 5838 471072 1
gene 1 9 1712 -80478 0 5937 -80478 1
gene 1 24 2011 140952 1 5985 140952 1
gene 1 2011 469 -800000 0 5986 -800000 1
gene 2 1712 2035 117336 0 6047 117336 0
gene 2 2035 15 -25152 0 6048 -25152 1
gene 1 927 1084 -197571 0 6090 -197571 1
gene 4 1847 453 -516510 0 6145 -516510 1
gene 2 1712 2119 328341 0 6302 328341 1
gene 2 2119 2035 498393 0 6303 498393 1
gene 3 9 2161 -147411 0 6421 -147411 1
gene 3 2161 1890 352431 0 6422 352431 1
gene 4 453 2179 313467 1 6471 313467 1
gene 4 2179 453 -104679 0 6472 -104679 1
gene 4 7 2221 87234 0 6590 87234 0
gene 4 2221 15 43338 0 6591 43338 0
gene 2 393 2347 -230934 0 6963 -230934 1
gene 2 2347 380 388857 0 6964 388857 1
gene 2 729 188 71451 0 7008 71451 1
gene 2 6 2379 -110670 0 7058 -110670 1
gene 2 2379 15 647547 0 7059 647547 1
gene 1 1234 2428 211029 0 7193 211029 1
gene 1 2428 1084 41244 0 7194 41244 1
gene 4 2221 2441 -194913 0 7231 -194913 1
gene 4 2441 15 55011 0 7232 55011 1
gene 2 1622 2472 -198288 0 7317 -198288 1
gene 2 2472 188 -374673 0 7318 -374673 1
gene 4 1712 557 617768 0 7368 617768 1
gene 1 1522 2511 800000 0 7422 800000 1
gene 1 2511 15 193068 0 7423 193068 1
gene 2 4 301 -387204 0 7485 -387204 1
gene 2 2035 2379 -238494 0 7596 -238494 0
gene 3 3 2581 528503 0 7648 528503 1
gene 3 2581 272 377088 0 7649 377088 1
gene 1 8 2603 800000 0 7715 800000 1
gene 1 2603 1234 -196428 0 7716 -196428 1
gene 2 12 2679 -236610 0 7930 -236610 1
gene 2 2679 1622 -777255 0 7931 -777255 1
gene 2 2035 2689 288780 0 7960 288780 1
gene 2 2689 2379 25803 0 7961 25803 1
gene 2 301 13 267810 0 8083 267810 1
gene 4 7 2741 160995 0 8119 160995 1
gene 4 2741 2221 218178 0 8120 218178 1
gene 3 2 2845 -32874 0 8428 -32874 1
gene 3 2845 15 -23769 0 8429 -23769 1
gene 2 12 2917 1 0 8659 1 1
gene 2 2917 14 143589 0 8660 143589 1
gene 4 1890 875 1633 0 8779 1633 1
genomeend 56


/* Organism #58 Fitness: 340.000000 Time: 0 */
/* Position #58*/
#1 x: 72 y: 15
#2 x: 60 y: 19
#3 x: 70 y: 25
#4 x: 76 y: 75
#5 x: 35 y: 60
#6 x: 69 y: 75
genomestart 58
trait 1 100000.000000 0.000000 0.000000 0.000000 0.000000 0.000000 0.000000 0.000000 trait 2 52534.000000 91990.000000 0.000000 100000.000000 0.000000 0.000000 0.000000 0.000000 trait 3 21555.000000 0.000000 74217.000000 0.000000 72769.000000 0.000000 0.000000 0.000000 trait 4 4.000000 0.000000 0.000000 0.000000 0.000000 0.000000 0.000000 0.000000 node 1 1 1 3
node 2 2 1 1
node 3 4 1 1
node 4 4 1 1
node 5 1 1 1
node 6 4 1 1
node 7 3 1 1
node 8 3 1 1
node 9 3 1 1
node 10 4 1 1
node 11 4 1 1
node 12 1 1 1
node 13 1 0 2
node 14 2 0 2
node 15 3 0 2
node 24 1 0 0
node 188 3 0 0
node 222 1 0 0
node 272 1 0 0
node 301 1 0 0
node 380 1 0 0
node 393 1 0 0
node 453 4 0 0
node 469 1 0 0
node 557 1 0 0
node 729 1 0 0
node 875 1 0 0
node 927 1 0 0
node 1021 1 0 0
node 1084 1 0 0
node 1116 1 0 0
node 1234 1 0 0
node 1295 1 0 0
node 1374 1 0 0
node 1496 1 0 0
node 1522 1 0 0
node 1622 1 0 0
node 1712 1 0 0
node 1847 1 0 0
node 1890 1 0 0
node 2011 1 0 0
node 2035 1 0 0
node 2119 1 0 0
node 2161 1 0 0
node 2179 3 0 0
node 2221 1 0 0
node 2347 1 0 0
node 2379 1 0 0
node 2528 1 0 0
node 2670 1 0 0
node 2714 1 0 0
node 2738 1 0 0
node 2780 1 0 0
node 2842 1 0 0
gene 1 1 13 -232428 0 1 -232428 1
gene 2 2 13 -682928 0 2 -682928 1
gene 2 3 13 99246 0 3 99246 1
gene 4 4 13 -154035 0 4 -154035 0
gene 3 5 13 800000 0 5 800000 1
gene 1 6 13 -157764 0 6 -157764 1
gene 3 7 13 177405 0 7 177405 1
gene 1 8 13 28416 0 8 28416 0
gene 4 9 13 -8280 0 9 -8280 1
gene 2 10 13 -56358 0 10 -56358 1
gene 3 11 13 -205656 0 11 -205656 1
gene 4 12 13 -516633 0 12 -516633 0
gene 1 1 14 206295 0 13 206295 1
gene 1 2 14 173799 0 14 173799 0
gene 2 3 14 800000 0 15 800000 1
gene 2 4 14 -169845 0 16 -169845 1
gene 1 5 14 136806 0 17 136806 1
gene 2 6 14 -192021 0 18 -192021 0
gene 3 7 14 -283008 0 19 -283008 0
gene 3 8 14 -189912 0 20 -189912 1
gene 3 9 14 -317670 0 21 -317670 0
gene 2 10 14 216288 0 22 216288 1
gene 3 11 14 -800000 0 23 -800000 1
gene 2 12 14 -434931 0 24 -434931 1
gene 2 1 15 -462234 0 25 -462234 1
gene 3 2 15 -338318 0 26 -338318 1
gene 4 3 15 701223 0 27 701223 0
gene 1 4 15 -239610 0 28 -239610 0
gene 4 5 15 -223836 0 29 -223836 1
gene 2 6 15 -800000 0 30 -800000 0
gene 2 7 15 -164616 0 31 -164616 0
gene 2 8 15 800000 0 32 800000 0
gene 2 9 15 -161061 0 33 -161061 0
gene 2 10 15 -23946 0 34 -23946 1
gene 3 11 15 106278 0 35 106278 1
gene 2 12 15 44370 0 36 44370 0
gene 4 4 24 -718313 0 62 -718313 1
gene 4 24 13 580100 0 63 580100 1
gene 1 24 24 -155445 1 127 -155445 0
gene 3 15 13 -800000 0 293 -800000 1
gene 2 7 24 -454452 0 408 -454452 0
gene 3 7 188 299343 0 526 299343 1
gene 3 188 14 -269706 0 527 -269706 1
gene 2 9 222 800000 0 645 800000 0
gene 2 222 15 -476886 0 646 -476886 1
gene 3 3 272 -231923 0 798 -231923 0
gene 3 272 15 -219033 0 799 -219033 0
gene 2 3 24 -283338 0 850 -283338 1
gene 1 24 301 221721 1 893 221721 0
gene 1 301 24 -7052 0 894 -7052 0
gene 1 188 188 -4101 1 934 -4101 1
gene 3 4 188 -280194 0 1080 -280194 1
gene 2 6 380 -658932 0 1115 -658932 1
gene 2 380 14 598095 0 1116 598095 1
gene 1 4 393 324123 0 1157 324123 1
gene 1 393 15 -114930 0 1158 -114930 1
gene 1 15 380 248268 0 1196 248268 1
gene 2 12 188 4548 0 1302 4548 0
gene 2 9 453 48513 0 1346 48513 1
gene 2 453 222 -577040 0 1347 -577040 1
gene 1 24 469 -452349 1 1394 -452349 0
gene 2 469 301 -514902 0 1395 -514902 0
gene 3 222 24 665373 0 1576 665373 1
gene 4 3 188 27420 0 1616 27420 1
gene 3 272 557 492018 0 1666 492018 1
gene 1 557 15 -199110 0 1667 -199110 0
gene 1 6 272 351198 0 1830 351198 0
gene 4 12 380 -800000 0 1879 -800000 0
gene 1 469 729 -632604 0 2197 -632604 1
gene 1 729 301 -209952 0 2198 -209952 1
gene 2 14 301 -187239 0 2244 -187239 1
gene 1 188 380 -255474 0 2284 -255474 0
gene 3 8 875 -247587 0 2630 -247587 0
gene 1 875 13 -454038 0 2631 -454038 1
gene 4 12 927 -294786 0 2791 -294786 1
gene 4 927 380 477156 0 2792 477156 1
gene 2 393 380 -385506 0 3014 -385506 0
gene 2 7 1021 637761 0 3066 637761 1
gene 2 1021 24 -136455 0 3067 -136455 1
gene 1 8 1084 -90963 0 3243 -90963 0
gene 1 1084 875 -385455 0 3244 -385455 0
gene 4 188 927 -687134 0 3297 -687134 0
gene 1 1084 1116 -165723 0 3335 -165723 1
gene 1 1116 875 8226 0 3336 8226 0
gene 1 222 469 128844 0 3394 128844 1
gene 1 8 1234 -359909 0 3693 -359909 1
gene 1 1234 1084 -195915 0 3694 -195915 1
gene 1 301 1295 -707865 0 3863 -707865 1
gene 1 1295 24 410460 0 3864 410460 1
gene 1 2 393 -58761 0 3943 -58761 1
gene 4 1084 1084 296082 1 4053 296082 1
gene 3 1295 1084 -52854 0 4076 -52854 1
gene 1 1116 1374 709404 0 4119 709404 1
gene 1 1374 875 238932 0 4120 238932 1
gene 2 272 1084 33603 0 4218 33603 1
gene 2 12 1496 653510 0 4474 653510 1
gene 2 1496 15 -120267 0 4475 -120267 1
gene 1 557 1522 800000 0 4546 800000 1
gene 1 1522 15 -198927 0 4547 -198927 1
gene 3 1116 1021 -367899 0 4657 -367899 1
gene 3 9 380 -800000 0 4725 -800000 1
gene 2 12 1622 -146790 0 4831 -146790 1
gene 2 1622 188 -322839 0 4832 -322839 1
gene 4 453 453 -281952 1 4965 -281952 0
gene 2 8 1712 -81948 0 5099 -81948 1
gene 2 1712 15 343734 0 5100 343734 0
gene 1 6 1847 -31575 0 5495 -31575 1
gene 1 1847 272 547238 0 5496 547238 1
gene 3 9 1890 108471 0 5636 108471 0
gene 3 1890 14 -800000 0 5637 -800000 1
gene 4 1116 13 -303590 0 5838 -303590 1
gene 1 9 1712 353121 0 5937 353121 1
gene 1 24 2011 17955 1 5985 17955 1
gene 1 2011 469 63297 0 5986 63297 1
gene 2 1712 2035 -192480 0 6047 -192480 0
gene 2 2035 15 301500 0 6048 301500 1
gene 3 927 1084 323064 0 6090 323064 1
gene 4 1847 453 -237843 0 6145 -237843 1
gene 2 1712 2119 161109 0 6302 161109 1
gene 2 2119 2035 443127 0 6303 443127 1
gene 3 9 2161 391692 0 6421 391692 1
gene 3 2161 1890 -86949 0 6422 -86949 1
gene 4 453 2179 228630 1 6471 228630 1
gene 4 2179 453 261768 0 6472 261768 0
gene 4 7 2221 -591141 0 6590 -591141 1
gene 4 2221 15 -191085 0 6591 -191085 1
gene 2 393 2347 233283 0 6963 233283 1
gene 2 2347 380 114897 0 6964 114897 1
gene 2 729 188 -7557 0 7008 -7557 1
gene 2 6 2379 -332487 0 7058 -332487 1
gene 2 2379 15 -286035 0 7059 -286035 1
gene 4 188 2528 -38649 0 7472 -38649 1
gene 4 2528 927 -661872 0 7473 -661872 1
gene 4 12 2670 -132357 0 7902 -132357 1
gene 4 2670 13 271545 0 7903 271545 1
gene 1 2 2714 -58746 0 8032 -58746 1
gene 1 2714 14 -73128 0 8033 -73128 1
gene 4 2179 2738 -24606 0 8108 -24606 1
gene 4 2738 453 -800000 0 8109 -800000 1
gene 3 3 2780 256351 0 8239 256351 1
gene 3 2780 272 149751 0 8240 149751 1
gene 1 188 2842 -124373 0 8422 -124373 1
gene 1 2842 380 47958 0 8423 47958 1
gene 1 2379 1496 454151 0 8502 454151 1
gene 3 7 557 -49999 0 8780 -49999 1
genomeend 58


