/* Organism #8 Fitness: 330.000000 Time: 0 */
/* Position #8*/
#1 x: 70 y: 19
#2 x: 84 y: 16
#3 x: 75 y: 25
#4 x: 82 y: 64
#5 x: 28 y: 74
#6 x: 75 y: 65
genomestart 8
trait 1 1.000000 0.000000 0.000000 0.000000 0.000000 0.000000 0.000000 0.000000 trait 2 2.000000 0.000000 0.000000 0.000000 0.000000 0.000000 0.000000 0.000000 trait 3 0.000000 0.000000 0.000000 0.000000 52930.000000 0.000000 0.000000 0.000000 trait 4 2868.000000 0.000000 0.000000 0.000000 0.000000 0.000000 0.000000 76271.000000 node 1 3 1 3
node 2 3 1 1
node 3 1 1 1
node 4 2 1 1
node 5 4 1 1
node 6 3 1 1
node 7 2 1 1
node 8 3 1 1
node 9 1 1 1
node 10 1 1 1
node 11 1 1 1
node 12 1 1 1
node 13 3 0 2
node 14 3 0 2
node 15 2 0 2
node 30 1 0 0
node 156 1 0 0
node 183 1 0 0
node 207 1 0 0
node 238 1 0 0
node 310 1 0 0
node 388 1 0 0
node 419 1 0 0
node 455 1 0 0
node 591 1 0 0
node 612 1 0 0
node 646 1 0 0
node 695 1 0 0
node 758 1 0 0
node 873 1 0 0
node 934 1 0 0
node 1136 1 0 0
node 1191 1 0 0
node 1225 1 0 0
node 1350 1 0 0
node 1420 1 0 0
node 1454 1 0 0
node 1488 1 0 0
node 1550 1 0 0
node 1591 1 0 0
node 1626 2 0 0
node 1821 1 0 0
node 1868 1 0 0
node 1975 1 0 0
node 2010 1 0 0
node 2051 1 0 0
node 2229 1 0 0
node 2333 1 0 0
node 2464 1 0 0
node 2494 1 0 0
node 2541 1 0 0
node 2556 1 0 0
node 2651 1 0 0
node 2712 1 0 0
node 2773 1 0 0
gene 2 1 13 -283041 0 1 -283041 1
gene 2 2 13 103707 0 2 103707 1
gene 2 3 13 -64815 0 3 -64815 1
gene 2 4 13 -685728 0 4 -685728 1
gene 1 5 13 -226107 0 5 -226107 0
gene 3 6 13 374004 0 6 374004 1
gene 4 7 13 251811 0 7 251811 1
gene 1 8 13 503964 0 8 503964 1
gene 3 9 13 -172089 0 9 -172089 1
gene 4 10 13 -415179 0 10 -415179 1
gene 4 11 13 190623 0 11 190623 1
gene 3 12 13 497569 0 12 497569 1
gene 1 1 14 -203442 0 13 -203442 1
gene 2 2 14 254031 0 14 254031 0
gene 1 3 14 357720 0 15 357720 1
gene 3 4 14 -229476 0 16 -229476 0
gene 2 5 14 42810 0 17 42810 1
gene 4 6 14 771623 0 18 771623 1
gene 3 7 14 -57498 0 19 -57498 0
gene 3 8 14 -307059 0 20 -307059 1
gene 1 9 14 -500085 0 21 -500085 0
gene 1 10 14 29469 0 22 29469 0
gene 3 11 14 105192 0 23 105192 1
gene 4 12 14 -360678 0 24 -360678 1
gene 1 1 15 105588 0 25 105588 1
gene 2 2 15 -126285 0 26 -126285 0
gene 2 3 15 -335355 0 27 -335355 1
gene 3 4 15 -596990 0 28 -596990 0
gene 2 5 15 -286044 0 29 -286044 0
gene 2 6 15 151443 0 30 151443 1
gene 3 7 15 -124215 0 31 -124215 0
gene 4 8 15 -456141 0 32 -456141 1
gene 3 9 15 -511139 0 33 -511139 1
gene 1 10 15 121272 0 34 121272 1
gene 2 11 15 134427 0 35 134427 1
gene 2 12 15 191904 0 36 191904 1
gene 2 2 30 86145 0 68 86145 1
gene 2 30 14 440424 0 69 440424 1
gene 4 12 30 243792 0 128 243792 0
gene 4 13 14 584229 0 154 584229 1
gene 1 5 156 -632136 0 401 -632136 0
gene 1 156 13 -177110 0 402 -177110 0
gene 2 11 183 -52863 0 483 -52863 1
gene 2 183 15 -559280 0 484 -559280 0
gene 2 3 207 -284556 0 547 -284556 0
gene 2 207 13 415596 0 548 415596 0
gene 2 5 238 285231 0 628 285231 0
gene 2 238 15 9459 0 629 9459 1
gene 3 10 183 800000 0 685 800000 0
gene 3 9 207 102966 0 756 102966 1
gene 4 12 310 348234 0 820 348234 1
gene 4 310 30 -316968 0 821 -316968 0
gene 3 10 388 -244581 0 1034 -244581 0
gene 3 388 183 -89616 0 1035 -89616 0
gene 3 7 419 -519357 0 1104 -519357 1
gene 3 419 15 476022 0 1105 476022 0
gene 1 9 455 -87105 0 1202 -87105 1
gene 1 455 14 -388284 0 1203 -388284 0
gene 1 455 455 556155 1 1275 556155 0
gene 3 419 591 -765527 0 1555 -765527 1
gene 3 591 15 -345120 0 1556 -345120 1
gene 3 7 612 -56442 0 1605 -56442 1
gene 3 612 14 800000 0 1606 800000 0
gene 3 4 646 -607638 0 1691 -607638 0
gene 3 646 14 -294882 0 1692 -294882 0
gene 4 6 388 -236757 0 1763 -236757 1
gene 1 455 695 195387 1 1828 195387 1
gene 1 695 455 -452751 0 1829 -452751 0
gene 1 695 758 -422901 0 1982 -422901 1
gene 1 758 455 -369597 0 1983 -369597 1
gene 2 183 873 181464 0 2264 181464 1
gene 2 873 15 -667818 0 2265 -667818 1
gene 1 310 388 753824 0 2353 753824 1
gene 1 10 934 -466803 0 2417 -466803 1
gene 1 934 14 -383592 0 2418 -383592 0
gene 2 9 388 477960 0 2756 477960 0
gene 2 9 1136 -500832 0 2936 -500832 1
gene 2 1136 388 799751 0 2937 799751 0
gene 1 934 1191 -141006 0 3070 -141006 1
gene 1 1191 14 -177642 0 3071 -177642 1
gene 2 3 1225 -800000 0 3155 -800000 1
gene 2 1225 207 6318 0 3156 6318 1
gene 1 873 873 336213 1 3296 336213 1
gene 1 591 455 -15741 0 3392 -15741 1
gene 2 1136 1350 -394689 0 3472 -394689 1
gene 2 1350 388 -800000 0 3473 -800000 1
gene 3 238 238 603384 1 3569 603384 1
gene 3 10 1420 252906 0 3648 252906 0
gene 3 1420 388 -426648 0 3649 -426648 0
gene 3 4 1454 365865 0 3731 365865 1
gene 3 1454 15 40929 0 3732 40929 0
gene 3 612 1488 -214139 0 3812 -214139 0
gene 3 1488 14 -368652 0 3813 -368652 0
gene 3 388 1550 -146151 0 3976 -146151 1
gene 3 1550 183 -51378 0 3977 -51378 0
gene 3 1420 1591 600287 0 4076 600287 1
gene 3 1591 388 302450 0 4077 302450 1
gene 4 310 1626 565773 0 4165 565773 1
gene 4 1626 30 144912 0 4166 144912 1
gene 4 1550 419 398154 0 4260 398154 1
gene 1 455 1821 171720 0 4650 171720 1
gene 1 1821 14 221631 0 4651 221631 1
gene 1 5 1868 293724 0 4778 293724 1
gene 1 1868 156 -100773 0 4779 -100773 1
gene 1 183 183 -90004 1 4880 -90004 1
gene 4 1550 1550 87534 1 4949 87534 1
gene 3 1454 1975 418386 0 5033 418386 1
gene 3 1975 15 800000 0 5034 800000 1
gene 1 156 2010 -533364 0 5118 -533364 1
gene 1 2010 13 -565494 0 5119 -565494 1
gene 3 1550 2051 -217686 0 5219 -217686 0
gene 3 2051 183 -135126 0 5220 -135126 1
gene 3 612 612 290262 1 5310 290262 1
gene 3 612 2229 321900 0 5657 321900 1
gene 3 2229 1488 -123762 0 5658 -123762 1
gene 3 1550 2333 -8715 0 5926 -8715 1
gene 3 2333 2051 -260898 0 5927 -260898 1
gene 4 1626 1191 -45378 0 5993 -45378 1
gene 2 5 2464 -77037 0 6264 -77037 1
gene 2 2464 238 222141 0 6265 222141 1
gene 3 10 2494 -59682 0 6347 -59682 1
gene 3 2494 1420 413451 0 6348 413451 1
gene 2 207 2541 193137 0 6461 193137 1
gene 2 2541 13 189753 0 6462 189753 1
gene 3 646 2556 173431 0 6498 173431 1
gene 3 2556 14 -199710 0 6499 -199710 1
gene 2 2 2651 -155624 0 6738 -155624 1
gene 2 2651 15 -144750 0 6739 -144750 1
gene 3 15 612 -5262 0 6797 -5262 1
gene 3 4 2712 1 0 6886 1 1
gene 3 2712 646 -313518 0 6887 -313518 1
gene 2 1191 156 -251145 0 6959 -251145 1
gene 3 1488 2773 -94361 0 7044 -94361 1
gene 3 2773 14 154515 0 7045 154515 1
gene 2 2010 183 19518 0 7137 19518 1
genomeend 8


/* Organism #14 Fitness: 300.000000 Time: 0 */
/* Position #14*/
#1 x: 77 y: 36
#2 x: 54 y: 31
#3 x: 82 y: 27
#4 x: 80 y: 67
#5 x: 21 y: 78
#6 x: 15 y: 67
genomestart 14
trait 1 1.000000 0.000000 0.000000 0.000000 0.000000 0.000000 0.000000 0.000000 trait 2 2.000000 0.000000 0.000000 0.000000 0.000000 0.000000 0.000000 0.000000 trait 3 0.000000 0.000000 0.000000 0.000000 52930.000000 0.000000 0.000000 0.000000 trait 4 4.000000 0.000000 0.000000 0.000000 0.000000 0.000000 0.000000 0.000000 node 1 3 1 3
node 2 3 1 1
node 3 1 1 1
node 4 2 1 1
node 5 4 1 1
node 6 3 1 1
node 7 2 1 1
node 8 3 1 1
node 9 1 1 1
node 10 1 1 1
node 11 1 1 1
node 12 1 1 1
node 13 3 0 2
node 14 3 0 2
node 15 2 0 2
node 30 1 0 0
node 156 1 0 0
node 183 1 0 0
node 207 1 0 0
node 238 1 0 0
node 310 1 0 0
node 388 1 0 0
node 419 1 0 0
node 455 1 0 0
node 591 1 0 0
node 612 1 0 0
node 646 1 0 0
node 695 1 0 0
node 758 1 0 0
node 873 1 0 0
node 934 1 0 0
node 1136 1 0 0
node 1191 1 0 0
node 1225 1 0 0
node 1350 1 0 0
node 1420 1 0 0
node 1454 1 0 0
node 1488 1 0 0
node 1550 1 0 0
node 1591 1 0 0
node 1626 2 0 0
node 1821 1 0 0
node 1868 1 0 0
node 1975 1 0 0
node 2010 1 0 0
node 2051 1 0 0
node 2229 1 0 0
node 2333 1 0 0
node 2385 1 0 0
node 2552 1 0 0
node 2588 1 0 0
node 2714 1 0 0
node 2741 1 0 0
node 2808 1 0 0
node 2838 1 0 0
node 2878 1 0 0
gene 2 1 13 -263301 0 1 -263301 1
gene 2 2 13 133245 0 2 133245 1
gene 2 3 13 -16581 0 3 -16581 1
gene 2 4 13 -417168 0 4 -417168 1
gene 1 5 13 -206964 0 5 -206964 0
gene 3 6 13 269031 0 6 269031 1
gene 4 7 13 -175755 0 7 -175755 1
gene 1 8 13 169569 0 8 169569 1
gene 3 9 13 -224112 0 9 -224112 1
gene 4 10 13 76110 0 10 76110 1
gene 4 11 13 -68889 0 11 -68889 1
gene 3 12 13 793135 0 12 793135 1
gene 1 1 14 -234489 0 13 -234489 1
gene 2 2 14 204678 0 14 204678 0
gene 1 3 14 369360 0 15 369360 1
gene 3 4 14 -419802 0 16 -419802 0
gene 2 5 14 52110 0 17 52110 1
gene 4 6 14 781905 0 18 781905 1
gene 3 7 14 -90492 0 19 -90492 0
gene 3 8 14 20460 0 20 20460 1
gene 1 9 14 -382263 0 21 -382263 0
gene 1 10 14 80577 0 22 80577 0
gene 3 11 14 12072 0 23 12072 1
gene 4 12 14 123201 0 24 123201 1
gene 1 1 15 60228 0 25 60228 1
gene 2 2 15 -139590 0 26 -139590 1
gene 2 3 15 -222999 0 27 -222999 1
gene 3 4 15 -565236 0 28 -565236 0
gene 2 5 15 45822 0 29 45822 0
gene 2 6 15 303159 0 30 303159 1
gene 3 7 15 29577 0 31 29577 0
gene 4 8 15 -168957 0 32 -168957 1
gene 3 9 15 -800000 0 33 -800000 1
gene 1 10 15 -112488 0 34 -112488 1
gene 2 11 15 157074 0 35 157074 1
gene 2 12 15 114780 0 36 114780 1
gene 2 2 30 -213525 0 68 -213525 1
gene 2 30 14 -96663 0 69 -96663 1
gene 4 12 30 1938 0 128 1938 0
gene 4 13 14 501753 0 154 501753 1
gene 1 5 156 -187764 0 401 -187764 0
gene 1 156 13 -161477 0 402 -161477 0
gene 2 11 183 -298908 0 483 -298908 1
gene 2 183 15 -677381 0 484 -677381 0
gene 2 3 207 11931 0 547 11931 0
gene 2 207 13 311571 0 548 311571 1
gene 2 5 238 591510 0 628 591510 1
gene 2 238 15 -48462 0 629 -48462 1
gene 3 10 183 777684 0 685 777684 0
gene 3 9 207 100926 0 756 100926 1
gene 4 12 310 -126210 0 820 -126210 1
gene 4 310 30 -240816 0 821 -240816 0
gene 3 10 388 -358437 0 1034 -358437 0
gene 3 388 183 -279798 0 1035 -279798 0
gene 3 7 419 41445 0 1104 41445 0
gene 3 419 15 257286 0 1105 257286 0
gene 1 9 455 106860 0 1202 106860 1
gene 1 455 14 74139 0 1203 74139 0
gene 1 455 455 165396 1 1275 165396 0
gene 3 419 591 -555359 0 1555 -555359 0
gene 3 591 15 229539 0 1556 229539 1
gene 3 7 612 209946 0 1605 209946 1
gene 3 612 14 501195 0 1606 501195 0
gene 3 4 646 227460 0 1691 227460 0
gene 3 646 14 -581193 0 1692 -581193 0
gene 4 6 388 70308 0 1763 70308 0
gene 1 455 695 -83232 1 1828 -83232 0
gene 1 695 455 -51030 0 1829 -51030 0
gene 1 695 758 -262965 0 1982 -262965 1
gene 1 758 455 323313 0 1983 323313 1
gene 2 183 873 -530664 0 2264 -530664 1
gene 2 873 15 -236250 0 2265 -236250 1
gene 1 310 388 513410 0 2353 513410 0
gene 1 10 934 529296 0 2417 529296 1
gene 1 934 14 -18960 0 2418 -18960 0
gene 2 9 388 360843 0 2756 360843 0
gene 2 9 1136 -360666 0 2936 -360666 1
gene 2 1136 388 394442 0 2937 394442 0
gene 1 934 1191 -198222 0 3070 -198222 1
gene 1 1191 14 79377 0 3071 79377 1
gene 2 3 1225 -800000 0 3155 -800000 1
gene 2 1225 207 -690357 0 3156 -690357 1
gene 1 873 873 286293 1 3296 286293 1
gene 1 591 455 -155919 0 3392 -155919 1
gene 2 1136 1350 36045 0 3472 36045 1
gene 2 1350 388 -370557 0 3473 -370557 1
gene 3 238 238 326433 1 3569 326433 1
gene 3 10 1420 294537 0 3648 294537 1
gene 3 1420 388 -342066 0 3649 -342066 0
gene 3 4 1454 241008 0 3731 241008 1
gene 3 1454 15 272919 0 3732 272919 0
gene 3 612 1488 -169976 0 3812 -169976 0
gene 3 1488 14 -100326 0 3813 -100326 1
gene 3 388 1550 31827 0 3976 31827 1
gene 3 1550 183 213516 0 3977 213516 0
gene 3 1420 1591 441276 0 4076 441276 1
gene 3 1591 388 800000 0 4077 800000 1
gene 4 310 1626 390150 0 4165 390150 1
gene 4 1626 30 170388 0 4166 170388 1
gene 4 1550 419 69984 0 4260 69984 1
gene 1 455 1821 4545 0 4650 4545 1
gene 1 1821 14 -81675 0 4651 -81675 1
gene 1 5 1868 306192 0 4778 306192 1
gene 1 1868 156 -30504 0 4779 -30504 1
gene 1 183 183 197789 1 4880 197789 1
gene 4 1550 1550 -52177 1 4949 -52177 1
gene 3 1454 1975 -52281 0 5033 -52281 1
gene 3 1975 15 655419 0 5034 655419 1
gene 1 156 2010 -278085 0 5118 -278085 1
gene 1 2010 13 -249540 0 5119 -249540 1
gene 3 1550 2051 216351 0 5219 216351 0
gene 3 2051 183 -37515 0 5220 -37515 1
gene 3 612 612 350791 1 5310 350791 1
gene 3 612 2229 78250 0 5657 78250 1
gene 3 2229 1488 -279384 0 5658 -279384 1
gene 3 1550 2333 1 0 5926 0 1
gene 3 2333 2051 216351 0 5927 0 1
gene 3 6 419 -6863 0 5992 -6863 0
gene 3 7 2385 1 0 6065 0 1
gene 3 2385 419 41445 0 6066 0 1
gene 3 6 1420 -41161 0 6182 -41161 1
gene 2 1454 1454 19999 1 6244 19999 1
gene 2 695 873 75056 0 6338 75056 1
gene 2 156 30 1722 0 6410 1722 1
gene 3 6 2552 1 0 6488 0 1
gene 3 2552 419 -6863 0 6489 0 1
gene 1 310 2588 1 0 6578 0 1
gene 1 2588 388 513410 0 6579 0 1
gene 1 2010 2010 77996 1 6670 77996 1
gene 1 14 14 -18128 1 6811 -18128 1
gene 3 646 2714 1 0 6890 0 1
gene 3 2714 14 -581193 0 6891 0 1
gene 3 4 2741 1 0 6960 0 1
gene 3 2741 646 227460 0 6961 0 1
gene 4 30 1420 -66158 0 7046 -66158 1
gene 3 419 2808 1 0 7141 0 1
gene 3 2808 591 -555359 0 7142 0 1
gene 1 455 2838 1 1 7222 0 1
gene 1 2838 695 -83232 0 7223 0 1
gene 4 6 2878 1 0 7319 0 1
gene 4 2878 388 70308 0 7320 0 1
genomeend 14


/* Organism #19 Fitness: 280.000000 Time: 0 */
/* Position #19*/
#1 x: 77 y: 16
#2 x: 81 y: 33
#3 x: 17 y: 20
#4 x: 28 y: 75
#5 x: 36 y: 79
#6 x: 62 y: 67
genomestart 19
trait 1 1.000000 0.000000 0.000000 0.000000 0.000000 0.000000 0.000000 0.000000 trait 2 3470.000000 0.000000 85546.000000 61038.000000 0.000000 0.000000 0.000000 53253.000000 trait 3 0.000000 0.000000 0.000000 0.000000 52930.000000 0.000000 0.000000 0.000000 trait 4 4.000000 0.000000 0.000000 0.000000 0.000000 0.000000 0.000000 0.000000 node 1 3 1 3
node 2 3 1 1
node 3 1 1 1
node 4 2 1 1
node 5 4 1 1
node 6 3 1 1
node 7 2 1 1
node 8 3 1 1
node 9 1 1 1
node 10 1 1 1
node 11 1 1 1
node 12 1 1 1
node 13 3 0 2
node 14 3 0 2
node 15 4 0 2
node 30 1 0 0
node 156 1 0 0
node 183 1 0 0
node 207 1 0 0
node 238 1 0 0
node 310 1 0 0
node 388 1 0 0
node 419 1 0 0
node 455 1 0 0
node 591 1 0 0
node 612 1 0 0
node 646 1 0 0
node 695 1 0 0
node 758 1 0 0
node 873 1 0 0
node 1020 1 0 0
node 1051 1 0 0
node 1115 1 0 0
node 1176 1 0 0
node 1333 1 0 0
node 1364 1 0 0
node 1395 1 0 0
node 1426 1 0 0
node 1497 1 0 0
node 1539 2 0 0
node 1566 1 0 0
node 1630 1 0 0
node 1670 1 0 0
node 1890 1 0 0
node 1970 1 0 0
node 1977 1 0 0
node 2080 1 0 0
node 2142 1 0 0
node 2215 1 0 0
node 2238 1 0 0
node 2470 1 0 0
node 2525 1 0 0
node 2558 1 0 0
node 2594 1 0 0
node 2626 1 0 0
node 2751 1 0 0
node 2781 1 0 0
node 2841 1 0 0
gene 2 1 13 -360246 0 1 -360246 1
gene 2 2 13 800000 0 2 800000 1
gene 2 3 13 428151 0 3 428151 0
gene 1 4 13 365923 0 4 365923 0
gene 1 5 13 -307287 0 5 -307287 0
gene 3 6 13 -68589 0 6 -68589 1
gene 4 7 13 -95193 0 7 -95193 1
gene 1 8 13 -273360 0 8 -273360 1
gene 3 9 13 -16290 0 9 -16290 1
gene 4 10 13 -228477 0 10 -228477 1
gene 4 11 13 -186483 0 11 -186483 1
gene 3 12 13 210142 0 12 210142 1
gene 1 1 14 -777459 0 13 -777459 1
gene 2 2 14 427194 0 14 427194 0
gene 1 3 14 -130572 0 15 -130572 1
gene 3 4 14 39630 0 16 39630 0
gene 2 5 14 -800000 0 17 -800000 1
gene 4 6 14 167346 0 18 167346 1
gene 3 7 14 -140733 0 19 -140733 0
gene 3 8 14 -391005 0 20 -391005 1
gene 1 9 14 707453 0 21 707453 0
gene 1 10 14 84645 0 22 84645 1
gene 3 11 14 131916 0 23 131916 1
gene 4 12 14 407118 0 24 407118 0
gene 1 1 15 2304 0 25 2304 1
gene 2 2 15 -220617 0 26 -220617 1
gene 2 3 15 400719 0 27 400719 1
gene 3 4 15 -109503 0 28 -109503 1
gene 2 5 15 45534 0 29 45534 0
gene 2 6 15 72183 0 30 72183 0
gene 3 7 15 177777 0 31 177777 0
gene 4 8 15 445008 0 32 445008 1
gene 3 9 15 -698058 0 33 -698058 0
gene 1 10 15 404460 0 34 404460 1
gene 2 11 15 101259 0 35 101259 1
gene 2 12 15 129858 0 36 129858 1
gene 2 2 30 382422 0 68 382422 1
gene 2 30 14 737783 0 69 737783 0
gene 4 12 30 474707 0 128 474707 0
gene 4 13 14 660561 0 154 660561 1
gene 1 5 156 263274 0 401 263274 1
gene 1 156 13 136686 0 402 136686 0
gene 2 11 183 -161301 0 483 -161301 1
gene 2 183 15 357011 0 484 357011 0
gene 2 3 207 -623202 0 547 -623202 0
gene 2 207 13 -180849 0 548 -180849 1
gene 2 5 238 -262731 0 628 -262731 0
gene 2 238 15 -536835 0 629 -536835 1
gene 3 10 183 -800000 0 685 -800000 0
gene 3 9 207 -614946 0 756 -614946 0
gene 4 12 310 -681207 0 820 -681207 0
gene 4 310 30 580644 0 821 580644 0
gene 3 10 388 128691 0 1034 128691 1
gene 3 388 183 273300 0 1035 273300 1
gene 3 7 419 -625437 0 1104 -625437 1
gene 3 419 15 310473 0 1105 310473 0
gene 1 9 455 109098 0 1202 109098 1
gene 1 455 14 -137685 0 1203 -137685 1
gene 1 455 455 -311952 1 1275 -311952 0
gene 3 419 591 71691 0 1555 71691 0
gene 3 591 15 17985 0 1556 17985 1
gene 3 7 612 -494745 0 1605 -494745 1
gene 3 612 14 -41799 0 1606 -41799 1
gene 3 4 646 359202 0 1691 359202 1
gene 3 646 14 -10497 0 1692 -10497 0
gene 2 6 388 569283 0 1763 569283 1
gene 1 455 695 202830 1 1828 202830 1
gene 1 695 455 -800000 0 1829 -800000 0
gene 1 695 758 367236 0 1982 367236 1
gene 1 758 455 -378111 0 1983 -378111 1
gene 2 183 873 -220455 0 2264 -220455 1
gene 2 873 15 -345152 0 2265 -345152 0
gene 1 310 388 -78210 0 2353 -78210 1
gene 1 13 591 -278268 0 2547 -278268 1
gene 2 3 1020 48735 0 2638 48735 0
gene 2 1020 13 -800000 0 2639 -800000 0
gene 2 1020 1051 800000 0 2713 800000 0
gene 2 1051 13 -414728 0 2714 -414728 0
gene 2 5 1115 280722 0 2879 280722 1
gene 2 1115 238 280813 0 2880 280813 1
gene 2 758 14 137337 0 2964 137337 0
gene 3 419 1176 -693336 0 3035 -693336 1
gene 3 1176 591 215574 0 3036 215574 1
gene 1 183 646 248406 0 3271 248406 1
gene 3 1115 1115 -800000 1 3343 -800000 1
gene 1 156 1333 118671 0 3426 118671 1
gene 1 1333 13 231306 0 3427 231306 1
gene 1 4 1364 337626 0 3506 337626 0
gene 1 1364 13 -449100 0 3507 -449100 0
gene 4 310 1395 171522 0 3583 171522 1
gene 4 1395 30 -371748 0 3584 -371748 1
gene 2 1020 1426 163872 0 3664 163872 1
gene 2 1426 1051 -633251 0 3665 -633251 0
gene 2 873 1497 -667769 0 3832 -667769 1
gene 2 1497 15 179850 0 3833 179850 1
gene 1 1364 1539 -700562 0 3947 -700562 1
gene 1 1539 13 294012 0 3948 294012 1
gene 4 12 1566 -309939 0 4011 -309939 1
gene 4 1566 310 116001 0 4012 116001 1
gene 3 1539 1426 -317262 0 4094 -317262 0
gene 4 12 1630 104862 0 4176 104862 0
gene 4 1630 14 -261993 0 4177 -261993 1
gene 2 3 1670 -440445 0 4273 -440445 1
gene 2 1670 1020 67377 0 4274 67377 1
gene 3 9 1497 244674 0 4364 244674 0
gene 1 591 1566 271914 0 4566 271914 1
gene 1 1 758 -452450 0 4631 -452450 1
gene 1 4 1890 -184287 0 4830 -184287 1
gene 1 1890 1364 266526 0 4831 266526 1
gene 2 758 1970 -207609 0 5021 -207609 0
gene 2 1970 14 710823 0 5022 710823 1
gene 2 1426 1977 -261803 0 5037 -261803 1
gene 2 1977 1051 -391578 0 5038 -391578 1
gene 1 1176 15 -520451 0 5216 -520451 1
gene 2 758 2080 131196 0 5291 131196 1
gene 2 2080 1970 -230961 0 5292 -230961 1
gene 2 3 2142 -124022 0 5443 -124022 1
gene 2 2142 207 108961 0 5444 108961 1
gene 3 9 2215 210177 0 5624 210177 1
gene 3 2215 1497 -483132 0 5625 -483132 1
gene 3 1539 2238 -98760 0 5680 -98760 1
gene 3 2238 1426 -319897 0 5681 -319897 1
gene 4 1176 1970 188682 0 5772 188682 0
gene 3 9 1176 -15148 0 6102 -15148 1
gene 4 238 1670 -326582 0 6169 -326582 1
gene 3 9 2470 -510663 0 6281 -510663 1
gene 3 2470 207 -183600 0 6282 -183600 1
gene 4 1539 1539 -68622 1 6362 -68622 1
gene 2 30 2525 1 0 6422 1 1
gene 2 2525 14 699617 0 6423 699617 1
gene 2 6 2558 132367 0 6504 132367 1
gene 2 2558 15 -294225 0 6505 -294225 1
gene 4 12 2594 -73853 0 6591 -73853 1
gene 4 2594 1630 55038 0 6592 55038 1
gene 2 1051 2626 250816 0 6672 250816 1
gene 2 2626 13 -112293 0 6673 -112293 1
gene 3 9 2751 1 0 6986 0 1
gene 3 2751 15 -698058 0 6987 0 1
gene 3 646 2781 1 0 7067 0 1
gene 3 2781 14 -10497 0 7068 0 1
gene 3 388 1020 -45221 1 7153 -45221 1
gene 4 1176 2841 1 0 7229 0 1
gene 4 2841 1970 188682 0 7230 0 1
gene 2 419 1670 -64201 0 7328 -64201 1
genomeend 19


/* Organism #28 Fitness: 260.000000 Time: 0 */
/* Position #28*/
#1 x: 15 y: 18
#2 x: 75 y: 30
#3 x: 31 y: 17
#4 x: 67 y: 63
#5 x: 73 y: 78
#6 x: 23 y: 78
genomestart 28
trait 1 1.000000 0.000000 0.000000 0.000000 0.000000 0.000000 0.000000 0.000000 trait 2 3470.000000 29789.000000 100000.000000 7963.000000 0.000000 0.000000 81041.000000 100000.000000 trait 3 0.000000 0.000000 0.000000 0.000000 52930.000000 0.000000 0.000000 0.000000 trait 4 4.000000 0.000000 0.000000 0.000000 0.000000 0.000000 0.000000 0.000000 node 1 3 1 3
node 2 3 1 1
node 3 1 1 1
node 4 2 1 1
node 5 4 1 1
node 6 3 1 1
node 7 2 1 1
node 8 3 1 1
node 9 1 1 1
node 10 1 1 1
node 11 1 1 1
node 12 1 1 1
node 13 3 0 2
node 14 3 0 2
node 15 4 0 2
node 30 1 0 0
node 156 1 0 0
node 183 1 0 0
node 207 1 0 0
node 238 1 0 0
node 310 1 0 0
node 388 1 0 0
node 419 1 0 0
node 455 1 0 0
node 591 1 0 0
node 612 1 0 0
node 646 1 0 0
node 695 1 0 0
node 758 1 0 0
node 873 1 0 0
node 1020 1 0 0
node 1051 1 0 0
node 1115 1 0 0
node 1176 1 0 0
node 1333 1 0 0
node 1364 1 0 0
node 1395 1 0 0
node 1426 1 0 0
node 1497 1 0 0
node 1539 2 0 0
node 1566 1 0 0
node 1630 1 0 0
node 1670 1 0 0
node 1890 1 0 0
node 1970 1 0 0
node 1977 1 0 0
node 2080 1 0 0
node 2142 1 0 0
node 2215 1 0 0
node 2238 1 0 0
node 2470 1 0 0
node 2525 1 0 0
node 2558 1 0 0
node 2594 1 0 0
node 2626 1 0 0
node 2849 1 0 0
gene 2 1 13 -610644 0 1 -610644 1
gene 2 2 13 719594 0 2 719594 1
gene 2 3 13 697053 0 3 697053 0
gene 1 4 13 285628 0 4 285628 0
gene 1 5 13 -212208 0 5 -212208 0
gene 3 6 13 -170277 0 6 -170277 1
gene 4 7 13 -95193 0 7 -95193 1
gene 1 8 13 -318717 0 8 -318717 1
gene 3 9 13 88218 0 9 88218 1
gene 4 10 13 -82047 0 10 -82047 1
gene 4 11 13 156960 0 11 156960 1
gene 3 12 13 155557 0 12 155557 1
gene 1 1 14 -121596 0 13 -121596 1
gene 2 2 14 155799 0 14 155799 0
gene 1 3 14 -145656 0 15 -145656 1
gene 3 4 14 23286 0 16 23286 0
gene 2 5 14 -800000 0 17 -800000 1
gene 4 6 14 37968 0 18 37968 1
gene 3 7 14 -424308 0 19 -424308 0
gene 3 8 14 -492606 0 20 -492606 1
gene 1 9 14 -19194 0 21 -19194 0
gene 1 10 14 174903 0 22 174903 1
gene 3 11 14 -152031 0 23 -152031 1
gene 4 12 14 577284 0 24 577284 0
gene 1 1 15 294936 0 25 294936 1
gene 2 2 15 -404220 0 26 -404220 1
gene 2 3 15 26019 0 27 26019 1
gene 3 4 15 -272961 0 28 -272961 1
gene 2 5 15 -70962 0 29 -70962 0
gene 2 6 15 24669 0 30 24669 0
gene 3 7 15 -55407 0 31 -55407 0
gene 4 8 15 445008 0 32 445008 1
gene 3 9 15 -800000 0 33 -800000 1
gene 1 10 15 615519 0 34 615519 1
gene 2 11 15 69726 0 35 69726 1
gene 2 12 15 203802 0 36 203802 1
gene 2 2 30 228267 0 68 228267 1
gene 2 30 14 472763 0 69 472763 0
gene 4 12 30 195383 0 128 195383 0
gene 4 13 14 242535 0 154 242535 1
gene 1 5 156 30336 0 401 30336 1
gene 1 156 13 176757 0 402 176757 0
gene 2 11 183 -161301 0 483 -161301 1
gene 2 183 15 357011 0 484 357011 0
gene 2 3 207 -477921 0 547 -477921 0
gene 2 207 13 -306684 0 548 -306684 1
gene 2 5 238 -237564 0 628 -237564 0
gene 2 238 15 -479022 0 629 -479022 1
gene 3 10 183 -671168 0 685 -671168 0
gene 3 9 207 -684408 0 756 -684408 0
gene 4 12 310 -800000 0 820 -800000 0
gene 4 310 30 568701 0 821 568701 0
gene 3 10 388 -129456 0 1034 -129456 1
gene 3 388 183 44724 0 1035 44724 1
gene 3 7 419 -625437 0 1104 -625437 1
gene 3 419 15 306624 0 1105 306624 0
gene 1 9 455 -59007 0 1202 -59007 1
gene 1 455 14 -262986 0 1203 -262986 1
gene 1 455 455 240975 1 1275 240975 0
gene 3 419 591 95355 0 1555 95355 0
gene 3 591 15 -68421 0 1556 -68421 1
gene 3 7 612 -668703 0 1605 -668703 1
gene 3 612 14 82452 0 1606 82452 1
gene 3 4 646 89871 0 1691 89871 1
gene 3 646 14 -95331 0 1692 -95331 1
gene 2 6 388 792168 0 1763 792168 1
gene 1 455 695 -56235 1 1828 -56235 1
gene 1 695 455 -581957 0 1829 -581957 0
gene 1 695 758 367236 0 1982 367236 1
gene 1 758 455 -37311 0 1983 -37311 1
gene 2 183 873 -244410 0 2264 -244410 1
gene 2 873 15 -261710 0 2265 -261710 0
gene 1 310 388 23856 0 2353 23856 1
gene 1 13 591 -180828 0 2547 -180828 1
gene 2 3 1020 202878 0 2638 202878 0
gene 2 1020 13 -800000 0 2639 -800000 0
gene 2 1020 1051 -71244 0 2713 -71244 0
gene 2 1051 13 -414728 0 2714 -414728 0
gene 2 5 1115 280722 0 2879 280722 1
gene 2 1115 238 2515 0 2880 2515 1
gene 2 758 14 168450 0 2964 168450 0
gene 3 419 1176 196992 0 3035 196992 1
gene 3 1176 591 439161 0 3036 439161 1
gene 1 183 646 330072 0 3271 330072 1
gene 3 1115 1115 -800000 1 3343 -800000 1
gene 1 156 1333 -297417 0 3426 -297417 1
gene 1 1333 13 84099 0 3427 84099 1
gene 1 4 1364 57183 0 3506 57183 0
gene 1 1364 13 -463347 0 3507 -463347 0
gene 4 310 1395 171522 0 3583 171522 1
gene 4 1395 30 -53055 0 3584 -53055 0
gene 2 1020 1426 148638 0 3664 148638 1
gene 2 1426 1051 -740372 0 3665 -740372 0
gene 2 873 1497 -800000 0 3832 -800000 1
gene 2 1497 15 205470 0 3833 205470 1
gene 1 1364 1539 -580505 0 3947 -580505 1
gene 1 1539 13 219618 0 3948 219618 1
gene 4 12 1566 -309939 0 4011 -309939 1
gene 4 1566 310 260799 0 4012 260799 1
gene 3 1539 1426 57078 0 4094 57078 0
gene 4 12 1630 -30135 0 4176 -30135 0
gene 4 1630 14 -211539 0 4177 -211539 1
gene 2 3 1670 -241533 0 4273 -241533 1
gene 2 1670 1020 77865 0 4274 77865 1
gene 3 9 1497 540561 0 4364 540561 0
gene 1 591 1566 39174 0 4566 39174 1
gene 1 1 758 -394604 0 4631 -394604 1
gene 1 4 1890 -277896 0 4830 -277896 1
gene 1 1890 1364 351900 0 4831 351900 1
gene 2 758 1970 -207609 0 5021 -207609 0
gene 2 1970 14 795201 0 5022 795201 1
gene 2 1426 1977 -150216 0 5037 -150216 1
gene 2 1977 1051 -627075 0 5038 -627075 1
gene 1 1176 15 -520451 0 5216 -520451 1
gene 2 758 2080 151299 0 5291 151299 1
gene 2 2080 1970 -63300 0 5292 -63300 1
gene 2 3 2142 182718 0 5443 182718 1
gene 2 2142 207 -58973 0 5444 -58973 1
gene 3 9 2215 407325 0 5624 407325 1
gene 3 2215 1497 -336441 0 5625 -336441 1
gene 3 1539 2238 171162 0 5680 171162 1
gene 3 2238 1426 267087 0 5681 267087 1
gene 4 1176 1970 318330 0 5772 318330 1
gene 3 9 1176 -168808 0 6102 -168808 1
gene 4 238 1670 -597788 0 6169 -597788 1
gene 3 9 2470 -485757 0 6281 -485757 1
gene 3 2470 207 -78048 0 6282 -78048 1
gene 4 1539 1539 -68622 1 6362 -68622 1
gene 2 30 2525 -57002 0 6422 -57002 1
gene 2 2525 14 143082 0 6423 143082 1
gene 2 6 2558 370018 0 6504 370018 1
gene 2 2558 15 -259773 0 6505 -259773 1
gene 4 12 2594 -169047 0 6591 -169047 1
gene 4 2594 1630 27390 0 6592 27390 1
gene 2 1051 2626 79168 0 6672 79168 1
gene 2 2626 13 -211062 0 6673 -211062 1
gene 3 1395 1497 -28647 0 7112 -28647 1
gene 1 758 2626 -41003 0 7175 -41003 1
gene 4 1395 2849 1 0 7250 0 1
gene 4 2849 30 -53055 0 7251 0 1
gene 2 2215 13 65644 0 7342 65644 1
genomeend 28


/* Organism #32 Fitness: 320.000000 Time: 0 */
/* Position #32*/
#1 x: 36 y: 18
#2 x: 53 y: 20
#3 x: 67 y: 21
#4 x: 21 y: 60
#5 x: 77 y: 83
#6 x: 85 y: 79
genomestart 32
trait 1 1.000000 0.000000 0.000000 0.000000 0.000000 0.000000 0.000000 0.000000 trait 2 2.000000 0.000000 0.000000 0.000000 0.000000 0.000000 0.000000 0.000000 trait 3 0.000000 0.000000 0.000000 0.000000 52930.000000 0.000000 0.000000 0.000000 trait 4 4.000000 0.000000 0.000000 0.000000 0.000000 0.000000 0.000000 0.000000 node 1 3 1 3
node 2 3 1 1
node 3 1 1 1
node 4 2 1 1
node 5 4 1 1
node 6 3 1 1
node 7 2 1 1
node 8 3 1 1
node 9 1 1 1
node 10 1 1 1
node 11 1 1 1
node 12 1 1 1
node 13 3 0 2
node 14 3 0 2
node 15 2 0 2
node 30 1 0 0
node 156 1 0 0
node 183 1 0 0
node 207 1 0 0
node 238 1 0 0
node 310 1 0 0
node 388 1 0 0
node 419 1 0 0
node 455 1 0 0
node 591 1 0 0
node 612 1 0 0
node 646 1 0 0
node 695 1 0 0
node 758 1 0 0
node 873 1 0 0
node 934 1 0 0
node 1136 1 0 0
node 1191 1 0 0
node 1225 1 0 0
node 1350 1 0 0
node 1420 1 0 0
node 1454 1 0 0
node 1488 1 0 0
node 1550 1 0 0
node 1591 1 0 0
node 1626 2 0 0
node 1821 1 0 0
node 1868 1 0 0
node 1975 1 0 0
node 2010 1 0 0
node 2051 1 0 0
node 2229 1 0 0
node 2333 1 0 0
node 2385 1 0 0
node 2552 1 0 0
node 2588 1 0 0
node 2801 1 0 0
node 2823 1 0 0
node 2853 1 0 0
gene 2 1 13 347619 0 1 347619 1
gene 2 2 13 -187035 0 2 -187035 1
gene 2 3 13 -61458 0 3 -61458 1
gene 2 4 13 -155571 0 4 -155571 1
gene 1 5 13 -53937 0 5 -53937 0
gene 3 6 13 470601 0 6 470601 1
gene 4 7 13 -101286 0 7 -101286 1
gene 1 8 13 206898 0 8 206898 1
gene 3 9 13 -79395 0 9 -79395 1
gene 4 10 13 -343701 0 10 -343701 1
gene 4 11 13 -368115 0 11 -368115 1
gene 3 12 13 62726 0 12 62726 1
gene 1 1 14 -335907 0 13 -335907 1
gene 2 2 14 -109617 0 14 -109617 0
gene 1 3 14 747579 0 15 747579 1
gene 3 4 14 -313314 0 16 -313314 0
gene 2 5 14 130218 0 17 130218 1
gene 4 6 14 594501 0 18 594501 1
gene 3 7 14 -229140 0 19 -229140 0
gene 3 8 14 461814 0 20 461814 1
gene 1 9 14 204405 0 21 204405 0
gene 1 10 14 -28830 0 22 -28830 0
gene 3 11 14 194850 0 23 194850 1
gene 4 12 14 303249 0 24 303249 1
gene 1 1 15 41616 0 25 41616 1
gene 2 2 15 -4194 0 26 -4194 1
gene 2 3 15 564153 0 27 564153 1
gene 3 4 15 -54864 0 28 -54864 0
gene 2 5 15 -124134 0 29 -124134 0
gene 2 6 15 246753 0 30 246753 1
gene 3 7 15 569934 0 31 569934 0
gene 4 8 15 -420378 0 32 -420378 1
gene 3 9 15 -139179 0 33 -139179 1
gene 1 10 15 117264 0 34 117264 1
gene 2 11 15 263610 0 35 263610 1
gene 2 12 15 569115 0 36 569115 1
gene 2 2 30 -353067 0 68 -353067 1
gene 2 30 14 -85614 0 69 -85614 1
gene 4 12 30 -114765 0 128 -114765 0
gene 4 13 14 269205 0 154 269205 1
gene 1 5 156 113253 0 401 113253 0
gene 1 156 13 -800000 0 402 -800000 0
gene 2 11 183 -260841 0 483 -260841 1
gene 2 183 15 -151611 0 484 -151611 0
gene 2 3 207 -237591 0 547 -237591 0
gene 2 207 13 115068 0 548 115068 1
gene 2 5 238 267666 0 628 267666 1
gene 2 238 15 -540708 0 629 -540708 1
gene 3 10 183 234075 0 685 234075 0
gene 3 9 207 526347 0 756 526347 1
gene 4 12 310 609759 0 820 609759 1
gene 4 310 30 423081 0 821 423081 0
gene 3 10 388 -331764 0 1034 -331764 0
gene 3 388 183 -101454 0 1035 -101454 0
gene 3 7 419 -362994 0 1104 -362994 0
gene 3 419 15 252021 0 1105 252021 0
gene 1 9 455 -186807 0 1202 -186807 1
gene 1 455 14 232998 0 1203 232998 0
gene 1 455 455 -623928 1 1275 -623928 0
gene 3 419 591 59082 0 1555 59082 1
gene 3 591 15 540612 0 1556 540612 1
gene 3 7 612 540540 0 1605 540540 1
gene 3 612 14 515223 0 1606 515223 0
gene 3 4 646 800000 0 1691 800000 1
gene 3 646 14 -84447 0 1692 -84447 1
gene 4 6 388 -83331 0 1763 -83331 1
gene 1 455 695 -763038 1 1828 -763038 1
gene 1 695 455 -58566 0 1829 -58566 0
gene 1 695 758 -800000 0 1982 -800000 1
gene 1 758 455 177819 0 1983 177819 1
gene 2 183 873 -489471 0 2264 -489471 1
gene 2 873 15 -579501 0 2265 -579501 1
gene 1 310 388 -246855 0 2353 -246855 0
gene 1 10 934 111972 0 2417 111972 1
gene 1 934 14 -53037 0 2418 -53037 0
gene 2 9 388 471576 0 2756 471576 0
gene 2 9 1136 -435978 0 2936 -435978 1
gene 2 1136 388 543359 0 2937 543359 0
gene 1 934 1191 -148194 0 3070 -148194 1
gene 1 1191 14 -214728 0 3071 -214728 1
gene 2 3 1225 -150399 0 3155 -150399 1
gene 2 1225 207 217707 0 3156 217707 0
gene 1 873 873 -78651 1 3296 -78651 1
gene 1 591 455 163944 0 3392 163944 1
gene 2 1136 1350 257766 0 3472 257766 1
gene 2 1350 388 -270942 0 3473 -270942 1
gene 3 238 238 255312 1 3569 255312 1
gene 3 10 1420 120021 0 3648 120021 1
gene 3 1420 388 36651 0 3649 36651 0
gene 3 4 1454 -53499 0 3731 -53499 1
gene 3 1454 15 74850 0 3732 74850 0
gene 3 612 1488 76561 0 3812 76561 0
gene 3 1488 14 -249927 0 3813 -249927 1
gene 3 388 1550 652392 0 3976 652392 1
gene 3 1550 183 -30138 0 3977 -30138 0
gene 3 1420 1591 416667 0 4076 416667 1
gene 3 1591 388 -125487 0 4077 -125487 1
gene 4 310 1626 86436 0 4165 86436 1
gene 4 1626 30 385557 0 4166 385557 1
gene 4 1550 419 171237 0 4260 171237 1
gene 1 455 1821 -291327 0 4650 -291327 1
gene 1 1821 14 145101 0 4651 145101 1
gene 1 5 1868 -7335 0 4778 -7335 1
gene 1 1868 156 -80121 0 4779 -80121 1
gene 1 183 183 -331533 1 4880 -331533 1
gene 4 1550 1550 207518 1 4949 207518 1
gene 3 1454 1975 522798 0 5033 522798 1
gene 3 1975 15 340386 0 5034 340386 1
gene 1 156 2010 -749733 0 5118 -749733 1
gene 1 2010 13 -243735 0 5119 -243735 1
gene 3 1550 2051 181422 0 5219 181422 0
gene 3 2051 183 252363 0 5220 252363 0
gene 3 612 612 -59907 1 5310 -59907 1
gene 3 612 2229 284824 0 5657 284824 1
gene 3 2229 1488 -21387 0 5658 -21387 1
gene 3 1550 2333 110907 0 5926 110907 1
gene 3 2333 2051 297198 0 5927 297198 1
gene 3 6 419 -21261 0 5992 -21261 0
gene 3 7 2385 114220 0 6065 114220 0
gene 3 2385 419 609990 0 6066 609990 1
gene 3 6 1420 318570 0 6182 318570 1
gene 2 1454 1454 -19199 1 6244 -19199 1
gene 2 695 873 109172 0 6338 109172 1
gene 2 156 30 4122 0 6410 4122 1
gene 3 6 2552 -97899 0 6488 -97899 1
gene 3 2552 419 364047 0 6489 364047 1
gene 1 310 2588 156045 0 6578 156045 1
gene 1 2588 388 -153801 0 6579 -153801 1
gene 2 1225 2801 1 0 7118 0 1
gene 2 2801 207 217707 0 7119 0 1
gene 3 7 2823 1 0 7187 0 1
gene 3 2823 2385 114220 0 7188 0 1
gene 3 2385 2853 1 0 7260 0 1
gene 3 2853 419 609990 0 7261 0 1
genomeend 32


/* Organism #34 Fitness: 220.000000 Time: 0 */
/* Position #34*/
#1 x: 33 y: 39
#2 x: 59 y: 34
#3 x: 82 y: 33
#4 x: 34 y: 76
#5 x: 73 y: 62
#6 x: 27 y: 72
genomestart 34
trait 1 1.000000 0.000000 0.000000 0.000000 0.000000 0.000000 0.000000 0.000000 trait 2 2.000000 0.000000 0.000000 0.000000 0.000000 0.000000 0.000000 0.000000 trait 3 0.000000 0.000000 0.000000 0.000000 52930.000000 0.000000 0.000000 0.000000 trait 4 4.000000 0.000000 0.000000 0.000000 0.000000 0.000000 0.000000 0.000000 node 1 3 1 3
node 2 3 1 1
node 3 1 1 1
node 4 2 1 1
node 5 4 1 1
node 6 3 1 1
node 7 2 1 1
node 8 3 1 1
node 9 1 1 1
node 10 1 1 1
node 11 1 1 1
node 12 1 1 1
node 13 3 0 2
node 14 3 0 2
node 15 2 0 2
node 30 1 0 0
node 156 1 0 0
node 183 1 0 0
node 207 1 0 0
node 238 1 0 0
node 310 1 0 0
node 388 1 0 0
node 419 1 0 0
node 455 1 0 0
node 591 1 0 0
node 612 1 0 0
node 646 1 0 0
node 695 1 0 0
node 758 1 0 0
node 873 1 0 0
node 934 1 0 0
node 1136 1 0 0
node 1191 1 0 0
node 1225 1 0 0
node 1350 1 0 0
node 1420 1 0 0
node 1454 1 0 0
node 1488 1 0 0
node 1550 1 0 0
node 1591 1 0 0
node 1626 2 0 0
node 1821 1 0 0
node 1868 1 0 0
node 1975 1 0 0
node 2010 1 0 0
node 2051 1 0 0
node 2229 1 0 0
node 2333 1 0 0
node 2385 1 0 0
node 2552 1 0 0
node 2588 1 0 0
node 2686 1 0 0
node 2856 1 0 0
gene 2 1 13 10143 0 1 10143 1
gene 2 2 13 341877 0 2 341877 1
gene 2 3 13 83304 0 3 83304 1
gene 2 4 13 -103833 0 4 -103833 1
gene 1 5 13 -51429 0 5 -51429 0
gene 3 6 13 169059 0 6 169059 1
gene 4 7 13 86976 0 7 86976 1
gene 1 8 13 -205698 0 8 -205698 1
gene 3 9 13 -281793 0 9 -281793 1
gene 4 10 13 -189342 0 10 -189342 1
gene 4 11 13 1578 0 11 1578 1
gene 3 12 13 344348 0 12 344348 1
gene 1 1 14 -219945 0 13 -219945 1
gene 2 2 14 365679 0 14 365679 0
gene 1 3 14 268695 0 15 268695 1
gene 3 4 14 -34386 0 16 -34386 0
gene 2 5 14 289314 0 17 289314 1
gene 4 6 14 360924 0 18 360924 1
gene 3 7 14 -81477 0 19 -81477 0
gene 3 8 14 193956 0 20 193956 1
gene 1 9 14 -506535 0 21 -506535 0
gene 1 10 14 432048 0 22 432048 0
gene 3 11 14 4845 0 23 4845 1
gene 4 12 14 19575 0 24 19575 1
gene 1 1 15 187782 0 25 187782 1
gene 2 2 15 368763 0 26 368763 1
gene 2 3 15 -39024 0 27 -39024 1
gene 3 4 15 -100272 0 28 -100272 0
gene 2 5 15 247398 0 29 247398 0
gene 2 6 15 327921 0 30 327921 1
gene 3 7 15 -19788 0 31 -19788 0
gene 4 8 15 -571722 0 32 -571722 1
gene 3 9 15 -376988 0 33 -376988 1
gene 1 10 15 -92619 0 34 -92619 1
gene 2 11 15 -148200 0 35 -148200 1
gene 2 12 15 97815 0 36 97815 1
gene 2 2 30 1185 0 68 1185 1
gene 2 30 14 31389 0 69 31389 1
gene 4 12 30 96684 0 128 96684 0
gene 4 13 14 -184593 0 154 -184593 1
gene 1 5 156 -82416 0 401 -82416 0
gene 1 156 13 302097 0 402 302097 0
gene 2 11 183 -286236 0 483 -286236 1
gene 2 183 15 -800000 0 484 -800000 0
gene 2 3 207 -277038 0 547 -277038 0
gene 2 207 13 679404 0 548 679404 1
gene 2 5 238 10494 0 628 10494 1
gene 2 238 15 71667 0 629 71667 1
gene 3 10 183 254094 0 685 254094 0
gene 3 9 207 -454329 0 756 -454329 1
gene 4 12 310 186114 0 820 186114 1
gene 4 310 30 -609383 0 821 -609383 0
gene 3 10 388 -84654 0 1034 -84654 0
gene 3 388 183 -485289 0 1035 -485289 0
gene 3 7 419 -126807 0 1104 -126807 0
gene 3 419 15 -83685 0 1105 -83685 0
gene 1 9 455 125739 0 1202 125739 1
gene 1 455 14 409350 0 1203 409350 0
gene 1 455 455 -204765 1 1275 -204765 0
gene 3 419 591 -481268 0 1555 -481268 1
gene 3 591 15 -136833 0 1556 -136833 1
gene 3 7 612 -115725 0 1605 -115725 1
gene 3 612 14 292437 0 1606 292437 0
gene 3 4 646 -238062 0 1691 -238062 1
gene 3 646 14 -317724 0 1692 -317724 1
gene 4 6 388 -60252 0 1763 -60252 1
gene 1 455 695 -302292 1 1828 -302292 1
gene 1 695 455 -35919 0 1829 -35919 0
gene 1 695 758 102105 0 1982 102105 0
gene 1 758 455 13569 0 1983 13569 1
gene 2 183 873 -518427 0 2264 -518427 1
gene 2 873 15 179022 0 2265 179022 1
gene 1 310 388 60672 0 2353 60672 0
gene 1 10 934 -449961 0 2417 -449961 1
gene 1 934 14 312291 0 2418 312291 0
gene 2 9 388 -262872 0 2756 -262872 0
gene 2 9 1136 -75081 0 2936 -75081 1
gene 2 1136 388 -59634 0 2937 -59634 0
gene 1 934 1191 -294450 0 3070 -294450 1
gene 1 1191 14 285996 0 3071 285996 1
gene 2 3 1225 271770 0 3155 271770 1
gene 2 1225 207 52341 0 3156 52341 1
gene 1 873 873 -422124 1 3296 -422124 1
gene 1 591 455 -548439 0 3392 -548439 1
gene 2 1136 1350 66834 0 3472 66834 1
gene 2 1350 388 -800000 0 3473 -800000 1
gene 3 238 238 410256 1 3569 410256 1
gene 3 10 1420 150963 0 3648 150963 1
gene 3 1420 388 376239 0 3649 376239 0
gene 3 4 1454 -321738 0 3731 -321738 1
gene 3 1454 15 613317 0 3732 613317 0
gene 3 612 1488 -74379 0 3812 -74379 0
gene 3 1488 14 13911 0 3813 13911 1
gene 3 388 1550 227679 0 3976 227679 1
gene 3 1550 183 362766 0 3977 362766 0
gene 3 1420 1591 -137718 0 4076 -137718 1
gene 3 1591 388 202626 0 4077 202626 1
gene 4 310 1626 515172 0 4165 515172 1
gene 4 1626 30 179445 0 4166 179445 1
gene 4 1550 419 173145 0 4260 173145 1
gene 1 455 1821 212781 0 4650 212781 1
gene 1 1821 14 -369105 0 4651 -369105 1
gene 1 5 1868 230004 0 4778 230004 1
gene 1 1868 156 -57846 0 4779 -57846 1
gene 1 183 183 -501714 1 4880 -501714 1
gene 4 1550 1550 -205824 1 4949 -205824 1
gene 3 1454 1975 -327537 0 5033 -327537 1
gene 3 1975 15 -13107 0 5034 -13107 1
gene 1 156 2010 111942 0 5118 111942 1
gene 1 2010 13 -352011 0 5119 -352011 1
gene 3 1550 2051 -40293 0 5219 -40293 0
gene 3 2051 183 493776 0 5220 493776 1
gene 3 612 612 239596 1 5310 239596 1
gene 3 612 2229 643687 0 5657 643687 1
gene 3 2229 1488 -287262 0 5658 -287262 1
gene 3 1550 2333 108783 0 5926 108783 1
gene 3 2333 2051 173634 0 5927 173634 1
gene 3 6 419 295818 0 5992 295818 0
gene 3 7 2385 25878 0 6065 25878 1
gene 3 2385 419 -234567 0 6066 -234567 1
gene 3 6 1420 -307545 0 6182 -307545 1
gene 2 1454 1454 160125 1 6244 160125 1
gene 2 695 873 28092 0 6338 28092 1
gene 2 156 30 -115950 0 6410 -115950 1
gene 3 6 2552 -38402 0 6488 -38402 1
gene 3 2552 419 -18974 0 6489 -18974 1
gene 1 310 2588 -216213 0 6578 -216213 1
gene 1 2588 388 194273 0 6579 194273 1
gene 1 695 2686 -302429 0 6818 -302429 1
gene 1 2686 758 -302298 0 6819 -302298 1
gene 4 2686 2552 -60114 0 7194 -60114 0
gene 4 2686 2856 1 0 7267 0 1
gene 4 2856 2552 -60114 0 7268 0 1
genomeend 34


/* Organism #44 Fitness: 280.000000 Time: 0 */
/* Position #44*/
#1 x: 60 y: 22
#2 x: 47 y: 39
#3 x: 26 y: 19
#4 x: 65 y: 82
#5 x: 72 y: 64
#6 x: 42 y: 81
genomestart 44
trait 1 1.000000 0.000000 0.000000 0.000000 0.000000 0.000000 0.000000 0.000000 trait 2 2.000000 0.000000 0.000000 0.000000 0.000000 0.000000 0.000000 0.000000 trait 3 0.000000 0.000000 0.000000 0.000000 52930.000000 0.000000 0.000000 0.000000 trait 4 4.000000 0.000000 0.000000 0.000000 0.000000 0.000000 0.000000 0.000000 node 1 3 1 3
node 2 3 1 1
node 3 1 1 1
node 4 2 1 1
node 5 4 1 1
node 6 3 1 1
node 7 2 1 1
node 8 3 1 1
node 9 1 1 1
node 10 1 1 1
node 11 1 1 1
node 12 1 1 1
node 13 3 0 2
node 14 3 0 2
node 15 2 0 2
node 30 1 0 0
node 156 1 0 0
node 183 1 0 0
node 207 1 0 0
node 238 1 0 0
node 310 1 0 0
node 388 1 0 0
node 419 1 0 0
node 455 1 0 0
node 591 1 0 0
node 612 1 0 0
node 646 1 0 0
node 695 1 0 0
node 758 1 0 0
node 873 1 0 0
node 934 1 0 0
node 1136 1 0 0
node 1191 1 0 0
node 1225 1 0 0
node 1350 1 0 0
node 1420 1 0 0
node 1454 1 0 0
node 1488 1 0 0
node 1550 1 0 0
node 1591 1 0 0
node 1626 2 0 0
node 1821 1 0 0
node 1868 1 0 0
node 1975 1 0 0
node 2010 1 0 0
node 2051 1 0 0
node 2192 1 0 0
node 2223 1 0 0
node 2280 1 0 0
node 2365 2 0 0
node 2390 1 0 0
node 2447 1 0 0
node 2515 1 0 0
node 2575 1 0 0
node 2614 1 0 0
node 2726 1 0 0
node 2750 1 0 0
node 2866 1 0 0
gene 2 1 13 -800000 0 1 -800000 1
gene 2 2 13 -107259 0 2 -107259 1
gene 2 3 13 320721 0 3 320721 1
gene 2 4 13 382590 0 4 382590 1
gene 1 5 13 203682 0 5 203682 0
gene 3 6 13 -102177 0 6 -102177 0
gene 4 7 13 -173709 0 7 -173709 1
gene 1 8 13 -528603 0 8 -528603 0
gene 3 9 13 207342 0 9 207342 1
gene 4 10 13 579608 0 10 579608 1
gene 4 11 13 -120843 0 11 -120843 1
gene 3 12 13 161305 0 12 161305 1
gene 1 1 14 -194097 0 13 -194097 1
gene 2 2 14 502154 0 14 502154 0
gene 1 3 14 -82491 0 15 -82491 1
gene 3 4 14 -10017 0 16 -10017 0
gene 2 5 14 -63396 0 17 -63396 1
gene 4 6 14 504687 0 18 504687 1
gene 3 7 14 461181 0 19 461181 0
gene 3 8 14 324708 0 20 324708 1
gene 1 9 14 -661440 0 21 -661440 0
gene 1 10 14 4386 0 22 4386 0
gene 3 11 14 192990 0 23 192990 1
gene 4 12 14 136149 0 24 136149 1
gene 1 1 15 -301872 0 25 -301872 1
gene 2 2 15 293499 0 26 293499 1
gene 2 3 15 -320244 0 27 -320244 1
gene 3 4 15 54861 0 28 54861 0
gene 2 5 15 -580989 0 29 -580989 0
gene 2 6 15 -180024 0 30 -180024 1
gene 3 7 15 -325068 0 31 -325068 0
gene 4 8 15 254034 0 32 254034 1
gene 3 9 15 -129909 0 33 -129909 1
gene 1 10 15 -12741 0 34 -12741 1
gene 2 11 15 -284661 0 35 -284661 1
gene 2 12 15 560154 0 36 560154 1
gene 2 2 30 267165 0 68 267165 1
gene 2 30 14 -369576 0 69 -369576 1
gene 4 12 30 800000 0 128 800000 0
gene 4 13 14 -66636 0 154 -66636 1
gene 1 5 156 198474 0 401 198474 0
gene 1 156 13 -13953 0 402 -13953 0
gene 2 11 183 -584295 0 483 -584295 1
gene 2 183 15 -195149 0 484 -195149 0
gene 2 3 207 -190734 0 547 -190734 0
gene 2 207 13 -32172 0 548 -32172 1
gene 2 5 238 -81396 0 628 -81396 1
gene 2 238 15 234006 0 629 234006 1
gene 3 10 183 4440 0 685 4440 0
gene 3 9 207 632304 0 756 632304 1
gene 4 12 310 800000 0 820 800000 1
gene 4 310 30 -51309 0 821 -51309 0
gene 3 10 388 697289 0 1034 697289 0
gene 3 388 183 -714014 0 1035 -714014 0
gene 3 7 419 -527373 0 1104 -527373 1
gene 3 419 15 358791 0 1105 358791 0
gene 1 9 455 224805 0 1202 224805 1
gene 1 455 14 -181851 0 1203 -181851 0
gene 1 455 455 -428388 1 1275 -428388 0
gene 3 419 591 -231200 0 1555 -231200 0
gene 3 591 15 -246315 0 1556 -246315 0
gene 3 7 612 731985 0 1605 731985 1
gene 3 612 14 -638403 0 1606 -638403 0
gene 3 4 646 -154578 0 1691 -154578 1
gene 3 646 14 404574 0 1692 404574 0
gene 4 6 388 571053 0 1763 571053 1
gene 1 455 695 34041 1 1828 34041 1
gene 1 695 455 399966 0 1829 399966 0
gene 1 695 758 -314280 0 1982 -314280 1
gene 1 758 455 -646779 0 1983 -646779 1
gene 2 183 873 -299280 0 2264 -299280 1
gene 2 873 15 30378 0 2265 30378 1
gene 1 310 388 -210678 0 2353 -210678 0
gene 1 10 934 240675 0 2417 240675 1
gene 1 934 14 268596 0 2418 268596 0
gene 2 9 388 -37896 0 2756 -37896 0
gene 2 9 1136 -800000 0 2936 -800000 1
gene 2 1136 388 51288 0 2937 51288 0
gene 1 934 1191 -540291 0 3070 -540291 1
gene 1 1191 14 337845 0 3071 337845 1
gene 2 3 1225 -224841 0 3155 -224841 1
gene 2 1225 207 247875 0 3156 247875 1
gene 1 873 873 -187572 1 3296 -187572 1
gene 1 591 455 -800000 0 3392 -800000 1
gene 2 1136 1350 -171828 0 3472 -171828 0
gene 2 1350 388 -158001 0 3473 -158001 1
gene 2 238 238 152916 1 3569 152916 1
gene 3 10 1420 -778619 0 3648 -778619 0
gene 3 1420 388 107655 0 3649 107655 0
gene 3 4 1454 52488 0 3731 52488 1
gene 3 1454 15 -265503 0 3732 -265503 0
gene 3 612 1488 -244194 0 3812 -244194 1
gene 3 1488 14 52791 0 3813 52791 1
gene 3 388 1550 672870 0 3976 672870 1
gene 3 1550 183 -301482 0 3977 -301482 0
gene 3 1420 1591 -282222 0 4076 -282222 1
gene 3 1591 388 -463284 0 4077 -463284 0
gene 4 310 1626 800000 0 4165 800000 1
gene 4 1626 30 362577 0 4166 362577 0
gene 4 1550 419 -25563 0 4260 -25563 1
gene 1 455 1821 288654 0 4650 288654 0
gene 1 1821 14 -74064 0 4651 -74064 1
gene 1 5 1868 -175251 0 4778 -175251 1
gene 1 1868 156 -420780 0 4779 -420780 1
gene 1 183 183 348383 1 4880 348383 0
gene 4 1550 1550 510185 1 4949 510185 1
gene 3 1454 1975 -82626 0 5033 -82626 1
gene 3 1975 15 436827 0 5034 436827 1
gene 1 156 2010 291904 0 5118 291904 1
gene 1 2010 13 -118581 0 5119 -118581 1
gene 3 1550 2051 182070 0 5219 182070 1
gene 3 2051 183 -116505 0 5220 -116505 1
gene 3 612 612 53566 1 5310 53566 1
gene 1 183 2192 231726 1 5568 231726 1
gene 1 2192 183 -49944 0 5569 -49944 1
gene 1 310 2223 -170442 0 5641 -170442 1
gene 1 2223 388 528939 0 5642 528939 1
gene 3 419 2280 -446604 0 5793 -446604 1
gene 3 2280 591 -661631 0 5794 -661631 1
gene 3 591 2365 -36507 0 6011 -36507 1
gene 3 2365 15 127575 0 6012 127575 1
gene 4 1626 2390 -182450 0 6075 -182450 1
gene 4 2390 30 -193335 0 6076 -193335 1
gene 2 1136 2447 341607 0 6225 341607 1
gene 2 2447 1350 94206 0 6226 94206 1
gene 3 6 2515 -69416 0 6398 -69416 1
gene 3 2515 13 -178674 0 6399 -178674 1
gene 1 455 2575 176703 0 6545 176703 1
gene 1 2575 1821 384600 0 6546 384600 1
gene 1 8 2614 45378 0 6639 45378 1
gene 1 2614 13 3900 0 6640 3900 1
gene 4 2390 156 -61527 0 6847 -61527 1
gene 3 1591 2726 -186453 0 6921 -186453 1
gene 3 2726 388 -299754 0 6922 -299754 1
gene 3 646 2750 198589 0 6984 198589 1
gene 3 2750 14 297144 0 6985 297144 1
gene 1 3 419 22155 0 7066 22155 1
gene 3 10 2866 1 0 7290 0 1
gene 3 2866 1420 -778619 0 7291 0 1
genomeend 44


/* Organism #46 Fitness: 220.000000 Time: 0 */
/* Position #46*/
#1 x: 62 y: 36
#2 x: 21 y: 33
#3 x: 53 y: 18
#4 x: 69 y: 61
#5 x: 37 y: 80
#6 x: 43 y: 60
genomestart 46
trait 1 1.000000 0.000000 0.000000 0.000000 0.000000 0.000000 0.000000 0.000000 trait 2 2.000000 0.000000 0.000000 0.000000 0.000000 0.000000 0.000000 0.000000 trait 3 0.000000 0.000000 0.000000 0.000000 52930.000000 0.000000 0.000000 0.000000 trait 4 4.000000 0.000000 0.000000 0.000000 0.000000 0.000000 0.000000 0.000000 node 1 3 1 3
node 2 3 1 1
node 3 1 1 1
node 4 2 1 1
node 5 4 1 1
node 6 3 1 1
node 7 2 1 1
node 8 3 1 1
node 9 1 1 1
node 10 1 1 1
node 11 1 1 1
node 12 1 1 1
node 13 3 0 2
node 14 3 0 2
node 15 2 0 2
node 30 1 0 0
node 156 1 0 0
node 183 1 0 0
node 207 1 0 0
node 238 1 0 0
node 310 1 0 0
node 388 1 0 0
node 419 1 0 0
node 455 1 0 0
node 591 1 0 0
node 612 1 0 0
node 646 1 0 0
node 695 1 0 0
node 758 1 0 0
node 873 1 0 0
node 934 1 0 0
node 1136 1 0 0
node 1191 1 0 0
node 1225 1 0 0
node 1350 1 0 0
node 1420 1 0 0
node 1454 1 0 0
node 1488 1 0 0
node 1550 1 0 0
node 1591 1 0 0
node 1626 2 0 0
node 1821 1 0 0
node 1868 2 0 0
node 1975 1 0 0
node 2010 1 0 0
node 2051 1 0 0
node 2192 1 0 0
node 2223 1 0 0
node 2280 1 0 0
node 2365 1 0 0
node 2390 1 0 0
node 2447 1 0 0
node 2570 1 0 0
node 2753 1 0 0
node 2783 1 0 0
gene 2 1 13 126624 0 1 126624 1
gene 2 2 13 299355 0 2 299355 1
gene 2 3 13 243099 0 3 243099 1
gene 2 4 13 -430992 0 4 -430992 1
gene 1 5 13 -69384 0 5 -69384 0
gene 3 6 13 205236 0 6 205236 1
gene 4 7 13 324909 0 7 324909 1
gene 1 8 13 -572796 0 8 -572796 1
gene 3 9 13 334287 0 9 334287 1
gene 4 10 13 -203289 0 10 -203289 1
gene 4 11 13 103731 0 11 103731 0
gene 3 12 13 337344 0 12 337344 1
gene 1 1 14 -177303 0 13 -177303 1
gene 2 2 14 -179358 0 14 -179358 0
gene 1 3 14 100437 0 15 100437 1
gene 3 4 14 287295 0 16 287295 1
gene 2 5 14 -421062 0 17 -421062 1
gene 4 6 14 -156666 0 18 -156666 1
gene 3 7 14 8559 0 19 8559 0
gene 3 8 14 171978 0 20 171978 1
gene 1 9 14 380364 0 21 380364 1
gene 1 10 14 421287 0 22 421287 1
gene 3 11 14 49881 0 23 49881 1
gene 4 12 14 333744 0 24 333744 1
gene 1 1 15 114165 0 25 114165 1
gene 2 2 15 -663516 0 26 -663516 1
gene 2 3 15 187845 0 27 187845 1
gene 3 4 15 -97128 0 28 -97128 0
gene 2 5 15 -508230 0 29 -508230 0
gene 2 6 15 112710 0 30 112710 1
gene 3 7 15 91914 0 31 91914 0
gene 4 8 15 -609117 0 32 -609117 1
gene 3 9 15 -496368 0 33 -496368 1
gene 1 10 15 427236 0 34 427236 1
gene 2 11 15 -161394 0 35 -161394 1
gene 2 12 15 684870 0 36 684870 1
gene 2 2 30 -227313 0 68 -227313 1
gene 2 30 14 -191397 0 69 -191397 1
gene 4 12 30 -262845 0 128 -262845 0
gene 4 13 14 -305310 0 154 -305310 1
gene 1 5 156 213234 0 401 213234 0
gene 1 156 13 110379 0 402 110379 0
gene 2 11 183 -8295 0 483 -8295 1
gene 2 183 15 -228486 0 484 -228486 0
gene 2 3 207 133641 0 547 133641 1
gene 2 207 13 419262 0 548 419262 1
gene 2 5 238 64035 0 628 64035 1
gene 2 238 15 295944 0 629 295944 1
gene 3 10 183 -20800 0 685 -20800 0
gene 3 9 207 94311 0 756 94311 1
gene 4 12 310 588791 0 820 588791 1
gene 4 310 30 243444 0 821 243444 0
gene 3 10 388 42623 0 1034 42623 0
gene 3 388 183 -433590 0 1035 -433590 1
gene 3 7 419 123687 0 1104 123687 1
gene 3 419 15 -10059 0 1105 -10059 1
gene 1 9 455 77733 0 1202 77733 1
gene 1 455 14 800000 0 1203 800000 0
gene 1 455 455 -9228 1 1275 -9228 0
gene 3 419 591 140088 0 1555 140088 1
gene 3 591 15 -220335 0 1556 -220335 0
gene 3 7 612 266691 0 1605 266691 0
gene 3 612 14 -227087 0 1606 -227087 0
gene 3 4 646 14326 0 1691 14326 1
gene 3 646 14 35382 0 1692 35382 1
gene 4 6 388 193998 0 1763 193998 1
gene 1 455 695 -753273 1 1828 -753273 1
gene 1 695 455 -401070 0 1829 -401070 0
gene 1 695 758 -28608 0 1982 -28608 1
gene 1 758 455 54084 0 1983 54084 1
gene 2 183 873 576432 0 2264 576432 1
gene 2 873 15 -647223 0 2265 -647223 1
gene 1 310 388 578157 0 2353 578157 0
gene 1 10 934 306507 0 2417 306507 1
gene 1 934 14 -201048 0 2418 -201048 1
gene 2 9 388 -115431 0 2756 -115431 0
gene 2 9 1136 145734 0 2936 145734 1
gene 2 1136 388 -51297 0 2937 -51297 0
gene 1 934 1191 -197070 0 3070 -197070 1
gene 1 1191 14 298296 0 3071 298296 1
gene 2 3 1225 3153 0 3155 3153 1
gene 2 1225 207 140646 0 3156 140646 1
gene 1 873 873 33753 1 3296 33753 1
gene 1 591 455 -27057 0 3392 -27057 1
gene 2 1136 1350 -302016 0 3472 -302016 0
gene 2 1350 388 -795 0 3473 -795 1
gene 2 238 238 -611349 1 3569 -611349 1
gene 3 10 1420 -47669 0 3648 -47669 1
gene 3 1420 388 113736 0 3649 113736 0
gene 3 4 1454 -249921 0 3731 -249921 1
gene 3 1454 15 94764 0 3732 94764 1
gene 3 612 1488 -181539 0 3812 -181539 1
gene 3 1488 14 -182706 0 3813 -182706 1
gene 3 388 1550 679973 0 3976 679973 1
gene 3 1550 183 -534860 0 3977 -534860 1
gene 3 1420 1591 -638192 0 4076 -638192 1
gene 3 1591 388 219348 0 4077 219348 1
gene 4 310 1626 141423 0 4165 141423 1
gene 4 1626 30 73224 0 4166 73224 0
gene 4 1550 419 16437 0 4260 16437 1
gene 1 455 1821 109425 0 4650 109425 1
gene 1 1821 14 800000 0 4651 800000 1
gene 1 5 1868 -212232 0 4778 -212232 1
gene 1 1868 156 792003 0 4779 792003 1
gene 1 183 183 660200 1 4880 660200 0
gene 4 1550 1550 722739 1 4949 722739 1
gene 3 1454 1975 -92079 0 5033 -92079 1
gene 3 1975 15 -2403 0 5034 -2403 1
gene 1 156 2010 282717 0 5118 282717 1
gene 1 2010 13 239661 0 5119 239661 1
gene 3 1550 2051 -204986 0 5219 -204986 1
gene 3 2051 183 -800000 0 5220 -800000 1
gene 3 612 612 313855 1 5310 313855 1
gene 1 183 2192 -101343 1 5568 -101343 1
gene 1 2192 183 22143 0 5569 22143 1
gene 1 310 2223 -169413 0 5641 -169413 1
gene 1 2223 388 93300 0 5642 93300 1
gene 3 419 2280 256641 0 5793 256641 1
gene 3 2280 591 51873 0 5794 51873 1
gene 3 591 2365 -109524 0 6011 -109524 1
gene 3 2365 15 -444966 0 6012 -444966 1
gene 4 1626 2390 305505 0 6075 305505 1
gene 4 2390 30 158436 0 6076 158436 1
gene 2 1136 2447 -130371 0 6225 -130371 1
gene 2 2447 1350 -164490 0 6226 -164490 1
gene 4 11 2570 246352 0 6534 246352 1
gene 4 2570 13 -96534 0 6535 -96534 1
gene 3 7 2753 7317 0 6991 7317 1
gene 3 2753 612 789975 0 6992 789975 1
gene 1 183 2783 1 1 7072 1 1
gene 1 2783 183 354161 0 7073 354161 1
gene 3 14 14 81062 1 7295 81062 1
gene 1 2051 419 44604 0 7365 44604 1
genomeend 46


/* Organism #54 Fitness: 350.000000 Time: 0 */
/* Position #54*/
#1 x: 51 y: 34
#2 x: 45 y: 35
#3 x: 66 y: 34
#4 x: 68 y: 68
#5 x: 63 y: 78
#6 x: 46 y: 73
genomestart 54
trait 1 1.000000 0.000000 0.000000 0.000000 0.000000 0.000000 0.000000 0.000000 trait 2 3470.000000 0.000000 85546.000000 61038.000000 0.000000 0.000000 0.000000 53253.000000 trait 3 0.000000 0.000000 0.000000 0.000000 52930.000000 0.000000 0.000000 0.000000 trait 4 4.000000 0.000000 0.000000 0.000000 0.000000 0.000000 0.000000 0.000000 node 1 3 1 3
node 2 3 1 1
node 3 1 1 1
node 4 2 1 1
node 5 4 1 1
node 6 3 1 1
node 7 2 1 1
node 8 3 1 1
node 9 1 1 1
node 10 1 1 1
node 11 1 1 1
node 12 1 1 1
node 13 3 0 2
node 14 3 0 2
node 15 4 0 2
node 30 1 0 0
node 156 1 0 0
node 183 1 0 0
node 207 1 0 0
node 238 1 0 0
node 310 1 0 0
node 388 1 0 0
node 419 1 0 0
node 455 1 0 0
node 591 1 0 0
node 612 1 0 0
node 646 1 0 0
node 695 1 0 0
node 758 1 0 0
node 873 1 0 0
node 1020 1 0 0
node 1051 1 0 0
node 1115 1 0 0
node 1176 1 0 0
node 1333 1 0 0
node 1364 1 0 0
node 1395 1 0 0
node 1426 1 0 0
node 1497 1 0 0
node 1539 2 0 0
node 1566 1 0 0
node 1630 1 0 0
node 1670 1 0 0
node 1890 1 0 0
node 1970 1 0 0
node 1977 1 0 0
node 2080 1 0 0
node 2142 1 0 0
node 2215 1 0 0
node 2238 1 0 0
node 2470 1 0 0
node 2525 1 0 0
node 2558 1 0 0
node 2594 1 0 0
node 2626 1 0 0
node 2751 1 0 0
node 2781 1 0 0
node 2897 1 0 0
gene 2 1 13 -447381 0 1 -447381 1
gene 2 2 13 800000 0 2 800000 1
gene 2 3 13 265212 0 3 265212 0
gene 1 4 13 113485 0 4 113485 0
gene 1 5 13 -148269 0 5 -148269 0
gene 3 6 13 18288 0 6 18288 1
gene 4 7 13 2940 0 7 2940 1
gene 1 8 13 -450594 0 8 -450594 1
gene 3 9 13 -16290 0 9 -16290 1
gene 4 10 13 -31962 0 10 -31962 1
gene 4 11 13 -439152 0 11 -439152 1
gene 3 12 13 361771 0 12 361771 1
gene 1 1 14 -713490 0 13 -713490 1
gene 2 2 14 450705 0 14 450705 0
gene 1 3 14 39072 0 15 39072 1
gene 3 4 14 -247560 0 16 -247560 0
gene 2 5 14 -800000 0 17 -800000 1
gene 4 6 14 -112317 0 18 -112317 1
gene 3 7 14 -140733 0 19 -140733 0
gene 3 8 14 -255714 0 20 -255714 1
gene 1 9 14 707453 0 21 707453 0
gene 1 10 14 36108 0 22 36108 1
gene 3 11 14 54222 0 23 54222 1
gene 4 12 14 249837 0 24 249837 0
gene 1 1 15 88791 0 25 88791 1
gene 2 2 15 -166239 0 26 -166239 1
gene 2 3 15 589311 0 27 589311 1
gene 3 4 15 -149178 0 28 -149178 1
gene 2 5 15 -187935 0 29 -187935 0
gene 2 6 15 37554 0 30 37554 0
gene 3 7 15 76167 0 31 76167 0
gene 4 8 15 723042 0 32 723042 1
gene 3 9 15 -662778 0 33 -662778 0
gene 1 10 15 526677 0 34 526677 1
gene 2 11 15 -67107 0 35 -67107 1
gene 2 12 15 108543 0 36 108543 1
gene 2 2 30 327366 0 68 327366 1
gene 2 30 14 265905 0 69 265905 0
gene 4 12 30 713279 0 128 713279 0
gene 4 13 14 56373 0 154 56373 1
gene 1 5 156 519681 0 401 519681 1
gene 1 156 13 345003 0 402 345003 0
gene 2 11 183 104730 0 483 104730 1
gene 2 183 15 204152 0 484 204152 0
gene 2 3 207 -365466 0 547 -365466 0
gene 2 207 13 -11718 0 548 -11718 1
gene 2 5 238 -550755 0 628 -550755 0
gene 2 238 15 -536835 0 629 -536835 1
gene 3 10 183 -523541 0 685 -523541 0
gene 3 9 207 -559557 0 756 -559557 0
gene 4 12 310 -621129 0 820 -621129 0
gene 4 310 30 293808 0 821 293808 0
gene 3 10 388 286473 0 1034 286473 1
gene 3 388 183 67287 0 1035 67287 1
gene 3 7 419 119337 0 1104 119337 1
gene 3 419 15 310473 0 1105 310473 0
gene 1 9 455 297996 0 1202 297996 1
gene 1 455 14 290397 0 1203 290397 1
gene 1 455 455 -187428 1 1275 -187428 0
gene 3 419 591 -98901 0 1555 -98901 0
gene 3 591 15 -244398 0 1556 -244398 1
gene 3 7 612 -428478 0 1605 -428478 1
gene 3 612 14 -15660 0 1606 -15660 1
gene 3 4 646 474882 0 1691 474882 1
gene 3 646 14 275346 0 1692 275346 0
gene 2 6 388 569283 0 1763 569283 1
gene 1 455 695 279324 1 1828 279324 1
gene 1 695 455 -765071 0 1829 -765071 0
gene 1 695 758 252999 0 1982 252999 1
gene 1 758 455 225201 0 1983 225201 1
gene 2 183 873 -191169 0 2264 -191169 1
gene 2 873 15 -368630 0 2265 -368630 0
gene 1 310 388 -93324 0 2353 -93324 1
gene 1 13 591 -375123 0 2547 -375123 0
gene 2 3 1020 48735 0 2638 48735 0
gene 2 1020 13 -800000 0 2639 -800000 0
gene 2 1020 1051 800000 0 2713 800000 0
gene 2 1051 13 -4944 0 2714 -4944 0
gene 2 5 1115 470331 0 2879 470331 1
gene 2 1115 238 17572 0 2880 17572 1
gene 2 758 14 344049 0 2964 344049 0
gene 3 419 1176 -476772 0 3035 -476772 1
gene 3 1176 591 -27231 0 3036 -27231 1
gene 1 183 646 355683 0 3271 355683 1
gene 3 1115 1115 -69780 1 3343 -69780 1
gene 1 156 1333 10494 0 3426 10494 1
gene 1 1333 13 143151 0 3427 143151 1
gene 1 4 1364 165546 0 3506 165546 0
gene 1 1364 13 -248133 0 3507 -248133 0
gene 4 310 1395 -220107 0 3583 -220107 1
gene 4 1395 30 -87645 0 3584 -87645 1
gene 2 1020 1426 423312 0 3664 423312 1
gene 2 1426 1051 -417374 0 3665 -417374 0
gene 2 873 1497 -800000 0 3832 -800000 1
gene 2 1497 15 416250 0 3833 416250 1
gene 1 1364 1539 -413843 0 3947 -413843 1
gene 1 1539 13 -211227 0 3948 -211227 1
gene 4 12 1566 -182394 0 4011 -182394 1
gene 4 1566 310 254130 0 4012 254130 1
gene 3 1539 1426 -211476 0 4094 -211476 0
gene 4 12 1630 -282021 0 4176 -282021 0
gene 4 1630 14 -86925 0 4177 -86925 1
gene 2 3 1670 -342345 0 4273 -342345 1
gene 2 1670 1020 278502 0 4274 278502 1
gene 3 9 1497 82506 0 4364 82506 0
gene 1 591 1566 -76008 0 4566 -76008 1
gene 1 1 758 -73899 0 4631 -73899 1
gene 1 4 1890 -213777 0 4830 -213777 1
gene 1 1890 1364 266526 0 4831 266526 1
gene 2 758 1970 -455523 0 5021 -455523 0
gene 2 1970 14 710823 0 5022 710823 1
gene 2 1426 1977 -261803 0 5037 -261803 1
gene 2 1977 1051 -510249 0 5038 -510249 1
gene 1 1176 15 -228875 0 5216 -228875 1
gene 2 758 2080 182961 0 5291 182961 1
gene 2 2080 1970 -230961 0 5292 -230961 1
gene 2 3 2142 47958 0 5443 47958 1
gene 2 2142 207 250621 0 5444 250621 1
gene 3 9 2215 80607 0 5624 80607 1
gene 3 2215 1497 -751605 0 5625 -751605 1
gene 3 1539 2238 -183534 0 5680 -183534 1
gene 3 2238 1426 -40453 0 5681 -40453 1
gene 4 1176 1970 188682 0 5772 188682 1
gene 3 9 1176 -275242 0 6102 -275242 1
gene 4 238 1670 -429320 0 6169 -429320 1
gene 3 9 2470 -616929 0 6281 -616929 1
gene 3 2470 207 -477702 0 6282 -477702 1
gene 4 1539 1539 -211713 1 6362 -211713 1
gene 2 30 2525 1 0 6422 1 1
gene 2 2525 14 717515 0 6423 717515 1
gene 2 6 2558 -49673 0 6504 -49673 1
gene 2 2558 15 -402576 0 6505 -402576 1
gene 4 12 2594 248835 0 6591 248835 1
gene 4 2594 1630 -80223 0 6592 -80223 1
gene 2 1051 2626 386878 0 6672 386878 1
gene 2 2626 13 -227223 0 6673 -227223 1
gene 3 9 2751 -8028 0 6986 -8028 1
gene 3 2751 15 -564684 0 6987 -564684 1
gene 3 646 2781 -295514 0 7067 -295514 1
gene 3 2781 14 -192627 0 7068 -192627 1
gene 3 388 1020 87678 1 7153 87678 1
gene 1 13 2897 1 0 7372 0 1
gene 1 2897 591 -375123 0 7373 0 1
genomeend 54


/* Organism #76 Fitness: 220.000000 Time: 0 */
/* Position #76*/
#1 x: 23 y: 32
#2 x: 72 y: 37
#3 x: 57 y: 16
#4 x: 29 y: 66
#5 x: 25 y: 65
#6 x: 55 y: 64
genomestart 76
trait 1 1.000000 0.000000 0.000000 69664.000000 0.000000 13518.000000 0.000000 0.000000 trait 2 2.000000 0.000000 0.000000 0.000000 0.000000 0.000000 0.000000 0.000000 trait 3 0.000000 0.000000 0.000000 0.000000 52930.000000 0.000000 0.000000 0.000000 trait 4 4.000000 0.000000 0.000000 0.000000 0.000000 0.000000 0.000000 0.000000 node 1 3 1 3
node 2 3 1 1
node 3 1 1 1
node 4 2 1 1
node 5 4 1 1
node 6 3 1 1
node 7 2 1 1
node 8 3 1 1
node 9 1 1 1
node 10 1 1 1
node 11 1 1 1
node 12 1 1 1
node 13 3 0 2
node 14 3 0 2
node 15 2 0 2
node 30 1 0 0
node 156 1 0 0
node 183 1 0 0
node 207 1 0 0
node 238 1 0 0
node 310 1 0 0
node 388 1 0 0
node 419 1 0 0
node 455 1 0 0
node 591 1 0 0
node 612 1 0 0
node 646 1 0 0
node 695 1 0 0
node 758 1 0 0
node 873 1 0 0
node 934 1 0 0
node 1136 1 0 0
node 1191 1 0 0
node 1225 1 0 0
node 1350 1 0 0
node 1420 1 0 0
node 1454 1 0 0
node 1488 1 0 0
node 1550 1 0 0
node 1591 1 0 0
node 1626 2 0 0
node 1821 1 0 0
node 1868 1 0 0
node 1975 1 0 0
node 2010 1 0 0
node 2051 1 0 0
node 2192 1 0 0
node 2223 1 0 0
node 2280 1 0 0
node 2365 1 0 0
node 2390 1 0 0
node 2447 1 0 0
node 2534 1 0 0
node 2743 1 0 0
node 2777 1 0 0
gene 2 1 13 -365571 0 1 -365571 1
gene 2 2 13 -409779 0 2 -409779 1
gene 2 3 13 293376 0 3 293376 1
gene 2 4 13 -264 0 4 -264 1
gene 1 5 13 -122055 0 5 -122055 0
gene 3 6 13 336309 0 6 336309 0
gene 4 7 13 554037 0 7 554037 1
gene 1 8 13 -226356 0 8 -226356 1
gene 3 9 13 -290622 0 9 -290622 1
gene 4 10 13 46770 0 10 46770 1
gene 4 11 13 -129726 0 11 -129726 1
gene 3 12 13 409066 0 12 409066 1
gene 1 1 14 -51357 0 13 -51357 1
gene 2 2 14 503459 0 14 503459 0
gene 1 3 14 -478761 0 15 -478761 1
gene 3 4 14 91149 0 16 91149 0
gene 2 5 14 -344130 0 17 -344130 1
gene 4 6 14 108777 0 18 108777 1
gene 3 7 14 406452 0 19 406452 0
gene 3 8 14 -241710 0 20 -241710 1
gene 1 9 14 -681905 0 21 -681905 0
gene 1 10 14 228336 0 22 228336 0
gene 3 11 14 125829 0 23 125829 1
gene 4 12 14 -772997 0 24 -772997 1
gene 1 1 15 246828 0 25 246828 1
gene 2 2 15 330093 0 26 330093 1
gene 2 3 15 53790 0 27 53790 1
gene 3 4 15 292842 0 28 292842 0
gene 2 5 15 -35940 0 29 -35940 0
gene 2 6 15 1404 0 30 1404 1
gene 3 7 15 9573 0 31 9573 0
gene 4 8 15 293739 0 32 293739 1
gene 3 9 15 -430161 0 33 -430161 1
gene 1 10 15 -128175 0 34 -128175 1
gene 2 11 15 -127017 0 35 -127017 1
gene 2 12 15 -271635 0 36 -271635 1
gene 2 2 30 39429 0 68 39429 1
gene 2 30 14 297444 0 69 297444 1
gene 4 12 30 715193 0 128 715193 0
gene 4 13 14 -108726 0 154 -108726 1
gene 1 5 156 154818 0 401 154818 0
gene 1 156 13 449406 0 402 449406 0
gene 2 11 183 347511 0 483 347511 1
gene 2 183 15 -197523 0 484 -197523 0
gene 2 3 207 -410514 0 547 -410514 0
gene 2 207 13 -609072 0 548 -609072 1
gene 2 5 238 20733 0 628 20733 1
gene 2 238 15 239268 0 629 239268 1
gene 3 10 183 744431 0 685 744431 0
gene 3 9 207 790362 0 756 790362 1
gene 4 12 310 322249 0 820 322249 1
gene 4 310 30 741192 0 821 741192 0
gene 3 10 388 374129 0 1034 374129 0
gene 3 388 183 -248778 0 1035 -248778 0
gene 3 7 419 9255 0 1104 9255 1
gene 3 419 15 299160 0 1105 299160 0
gene 1 9 455 -191157 0 1202 -191157 1
gene 1 455 14 -216255 0 1203 -216255 0
gene 1 455 455 -223401 1 1275 -223401 0
gene 3 419 591 -103260 0 1555 -103260 0
gene 3 591 15 138315 0 1556 138315 0
gene 3 7 612 800000 0 1605 800000 1
gene 3 612 14 -122445 0 1606 -122445 0
gene 3 4 646 -86958 0 1691 -86958 1
gene 3 646 14 338274 0 1692 338274 1
gene 4 6 388 5586 0 1763 5586 1
gene 1 455 695 127542 1 1828 127542 1
gene 1 695 455 23451 0 1829 23451 0
gene 1 695 758 199746 0 1982 199746 1
gene 1 758 455 -467766 0 1983 -467766 1
gene 2 183 873 -746586 0 2264 -746586 1
gene 2 873 15 -119868 0 2265 -119868 0
gene 1 310 388 148662 0 2353 148662 0
gene 1 10 934 9966 0 2417 9966 1
gene 1 934 14 -163527 0 2418 -163527 0
gene 2 9 388 54378 0 2756 54378 0
gene 2 9 1136 -89556 0 2936 -89556 1
gene 2 1136 388 -57330 0 2937 -57330 0
gene 1 934 1191 -463128 0 3070 -463128 1
gene 1 1191 14 -24129 0 3071 -24129 1
gene 2 3 1225 -53841 0 3155 -53841 1
gene 2 1225 207 -253800 0 3156 -253800 1
gene 1 873 873 -106182 1 3296 -106182 1
gene 1 591 455 -560751 0 3392 -560751 1
gene 2 1136 1350 -133479 0 3472 -133479 0
gene 2 1350 388 -633888 0 3473 -633888 1
gene 2 238 238 -178230 1 3569 -178230 1
gene 3 10 1420 -159330 0 3648 -159330 1
gene 3 1420 388 -186264 0 3649 -186264 0
gene 3 4 1454 -524573 0 3731 -524573 1
gene 3 1454 15 -398472 0 3732 -398472 0
gene 3 612 1488 99231 0 3812 99231 1
gene 3 1488 14 -800000 0 3813 -800000 1
gene 3 388 1550 -20589 0 3976 -20589 1
gene 3 1550 183 283131 0 3977 283131 0
gene 3 1420 1591 -513738 0 4076 -513738 1
gene 3 1591 388 759894 0 4077 759894 1
gene 4 310 1626 530391 0 4165 530391 1
gene 4 1626 30 -3 0 4166 -3 0
gene 4 1550 419 328755 0 4260 328755 1
gene 1 455 1821 109677 0 4650 109677 1
gene 1 1821 14 -129732 0 4651 -129732 1
gene 1 5 1868 -251433 0 4778 -251433 1
gene 1 1868 156 179016 0 4779 179016 1
gene 1 183 183 234075 1 4880 234075 0
gene 4 1550 1550 215498 1 4949 215498 1
gene 3 1454 1975 251295 0 5033 251295 1
gene 3 1975 15 -299778 0 5034 -299778 0
gene 1 156 2010 -38631 0 5118 -38631 1
gene 1 2010 13 55761 0 5119 55761 1
gene 3 1550 2051 106480 0 5219 106480 1
gene 3 2051 183 3576 0 5220 3576 1
gene 3 612 612 328008 1 5310 328008 1
gene 1 183 2192 172587 1 5568 172587 1
gene 1 2192 183 -54091 0 5569 -54091 1
gene 1 310 2223 317784 0 5641 317784 1
gene 1 2223 388 231414 0 5642 231414 1
gene 3 419 2280 254806 0 5793 254806 1
gene 3 2280 591 -800000 0 5794 -800000 1
gene 3 591 2365 -30648 0 6011 -30648 1
gene 3 2365 15 102156 0 6012 102156 1
gene 4 1626 2390 -192549 0 6075 -192549 1
gene 4 2390 30 65553 0 6076 65553 1
gene 2 1136 2447 -480615 0 6225 -480615 1
gene 2 2447 1350 -13488 0 6226 -13488 1
gene 2 873 2534 -63434 0 6447 -63434 1
gene 2 2534 15 -235674 0 6448 -235674 1
gene 1 2 695 -43189 0 6514 -43189 1
gene 3 873 1350 -220689 1 6610 -220689 1
gene 3 5 2010 486132 0 6823 486132 1
gene 1 695 2223 56118 0 6899 56118 1
gene 3 1975 2743 -289718 0 6965 -289718 1
gene 3 2743 15 -228660 0 6966 -228660 1
gene 3 6 2777 37186 0 7054 37186 1
gene 3 2777 13 -197994 0 7055 -197994 1
gene 1 591 591 -272784 1 7282 -272784 1
genomeend 76


/* Organism #78 Fitness: 360.000000 Time: 0 */
/* Position #78*/
#1 x: 46 y: 27
#2 x: 66 y: 17
#3 x: 53 y: 25
#4 x: 55 y: 63
#5 x: 63 y: 82
#6 x: 64 y: 65
genomestart 78
trait 1 1.000000 0.000000 0.000000 0.000000 0.000000 0.000000 0.000000 0.000000 trait 2 3470.000000 0.000000 85546.000000 61038.000000 0.000000 0.000000 0.000000 53253.000000 trait 3 0.000000 0.000000 0.000000 0.000000 52930.000000 0.000000 0.000000 0.000000 trait 4 0.000000 0.000000 0.000000 47080.000000 0.000000 0.000000 0.000000 0.000000 node 1 3 1 3
node 2 3 1 1
node 3 1 1 1
node 4 2 1 1
node 5 4 1 1
node 6 3 1 1
node 7 2 1 1
node 8 3 1 1
node 9 1 1 1
node 10 1 1 1
node 11 1 1 1
node 12 1 1 1
node 13 3 0 2
node 14 3 0 2
node 15 4 0 2
node 30 1 0 0
node 156 1 0 0
node 183 1 0 0
node 207 1 0 0
node 238 1 0 0
node 310 1 0 0
node 388 1 0 0
node 419 1 0 0
node 455 1 0 0
node 591 1 0 0
node 612 1 0 0
node 646 1 0 0
node 695 1 0 0
node 758 1 0 0
node 873 1 0 0
node 1020 1 0 0
node 1051 1 0 0
node 1115 1 0 0
node 1176 1 0 0
node 1333 1 0 0
node 1364 1 0 0
node 1395 1 0 0
node 1426 1 0 0
node 1497 1 0 0
node 1539 2 0 0
node 1566 1 0 0
node 1630 1 0 0
node 1670 1 0 0
node 1890 1 0 0
node 1970 1 0 0
node 1977 1 0 0
node 2080 1 0 0
node 2142 1 0 0
node 2215 1 0 0
node 2238 1 0 0
node 2470 1 0 0
node 2525 1 0 0
node 2558 1 0 0
node 2594 1 0 0
node 2626 1 0 0
node 2817 1 0 0
gene 2 1 13 -3663 0 1 -3663 1
gene 2 2 13 649055 0 2 649055 1
gene 2 3 13 140484 0 3 140484 0
gene 1 4 13 383218 0 4 383218 0
gene 1 5 13 -502464 0 5 -502464 0
gene 3 6 13 -198717 0 6 -198717 1
gene 4 7 13 -219564 0 7 -219564 1
gene 1 8 13 123954 0 8 123954 1
gene 3 9 13 -121659 0 9 -121659 1
gene 4 10 13 -617220 0 10 -617220 1
gene 4 11 13 718203 0 11 718203 1
gene 3 12 13 -58085 0 12 -58085 1
gene 1 1 14 293316 0 13 293316 1
gene 2 2 14 265869 0 14 265869 0
gene 1 3 14 -213672 0 15 -213672 1
gene 3 4 14 -22026 0 16 -22026 0
gene 2 5 14 242232 0 17 242232 1
gene 4 6 14 -471006 0 18 -471006 1
gene 3 7 14 124533 0 19 124533 0
gene 3 8 14 -779847 0 20 -779847 1
gene 1 9 14 800000 0 21 800000 0
gene 1 10 14 -105405 0 22 -105405 1
gene 3 11 14 571290 0 23 571290 1
gene 4 12 14 425352 0 24 425352 0
gene 1 1 15 384783 0 25 384783 1
gene 2 2 15 -169743 0 26 -169743 1
gene 2 3 15 111819 0 27 111819 1
gene 3 4 15 500019 0 28 500019 1
gene 2 5 15 148242 0 29 148242 0
gene 2 6 15 -284082 0 30 -284082 0
gene 3 7 15 94485 0 31 94485 0
gene 4 8 15 -296226 0 32 -296226 1
gene 3 9 15 -531437 0 33 -531437 1
gene 1 10 15 194889 0 34 194889 1
gene 2 11 15 84072 0 35 84072 1
gene 2 12 15 294990 0 36 294990 1
gene 2 2 30 503988 0 68 503988 1
gene 2 30 14 666746 0 69 666746 0
gene 4 12 30 800000 0 128 800000 0
gene 4 13 14 246828 0 154 246828 1
gene 1 5 156 -243651 0 401 -243651 1
gene 1 156 13 -34017 0 402 -34017 0
gene 2 11 183 10560 0 483 10560 1
gene 2 183 15 307866 0 484 307866 0
gene 2 3 207 -549645 0 547 -549645 0
gene 2 207 13 -13110 0 548 -13110 1
gene 2 5 238 -155553 0 628 -155553 0
gene 2 238 15 111828 0 629 111828 1
gene 3 10 183 -800000 0 685 -800000 0
gene 3 9 207 -660378 0 756 -660378 0
gene 4 12 310 -291810 0 820 -291810 0
gene 4 310 30 -375789 0 821 -375789 0
gene 3 10 388 398814 0 1034 398814 1
gene 3 388 183 355419 0 1035 355419 1
gene 3 7 419 -496812 0 1104 -496812 1
gene 3 419 15 -243066 0 1105 -243066 0
gene 1 9 455 273324 0 1202 273324 1
gene 1 455 14 208062 0 1203 208062 1
gene 1 455 455 12882 1 1275 12882 0
gene 3 419 591 193341 0 1555 193341 0
gene 3 591 15 182751 0 1556 182751 1
gene 3 7 612 -553770 0 1605 -553770 1
gene 3 612 14 -12717 0 1606 -12717 1
gene 3 4 646 178197 0 1691 178197 1
gene 3 646 14 -663021 0 1692 -663021 1
gene 2 6 388 370794 0 1763 370794 1
gene 1 455 695 357177 1 1828 357177 1
gene 1 695 455 -444719 0 1829 -444719 0
gene 1 695 758 284670 0 1982 284670 1
gene 1 758 455 -704430 0 1983 -704430 1
gene 2 183 873 -109686 0 2264 -109686 1
gene 2 873 15 307587 0 2265 307587 0
gene 1 310 388 -110304 0 2353 -110304 1
gene 1 13 591 -175365 0 2547 -175365 1
gene 2 3 1020 31167 0 2638 31167 0
gene 2 1020 13 -800000 0 2639 -800000 0
gene 2 1020 1051 788622 0 2713 788622 0
gene 2 1051 13 555945 0 2714 555945 0
gene 2 5 1115 477546 0 2879 477546 1
gene 2 1115 238 132058 0 2880 132058 1
gene 2 758 14 247878 0 2964 247878 0
gene 3 419 1176 132693 0 3035 132693 1
gene 3 1176 591 392007 0 3036 392007 1
gene 1 183 646 -10827 0 3271 -10827 1
gene 3 1115 1115 69237 1 3343 69237 1
gene 1 156 1333 -84252 0 3426 -84252 1
gene 1 1333 13 450558 0 3427 450558 1
gene 1 4 1364 -19581 0 3506 -19581 0
gene 1 1364 13 100950 0 3507 100950 0
gene 4 310 1395 -242421 0 3583 -242421 1
gene 4 1395 30 -61479 0 3584 -61479 1
gene 2 1020 1426 413262 0 3664 413262 1
gene 2 1426 1051 -800000 0 3665 -800000 0
gene 2 873 1497 -318131 0 3832 -318131 1
gene 2 1497 15 376263 0 3833 376263 1
gene 1 1364 1539 -350378 0 3947 -350378 1
gene 1 1539 13 195372 0 3948 195372 1
gene 4 12 1566 38100 0 4011 38100 1
gene 4 1566 310 98280 0 4012 98280 1
gene 3 1539 1426 61989 0 4094 61989 0
gene 4 12 1630 376020 0 4176 376020 0
gene 4 1630 14 -800000 0 4177 -800000 1
gene 2 3 1670 -56289 0 4273 -56289 1
gene 2 1670 1020 283248 0 4274 283248 1
gene 3 9 1497 -42693 0 4364 -42693 0
gene 1 591 1566 324126 0 4566 324126 1
gene 1 1 758 -668795 0 4631 -668795 1
gene 1 4 1890 -552927 0 4830 -552927 1
gene 1 1890 1364 -60252 0 4831 -60252 1
gene 2 758 1970 221424 0 5021 221424 0
gene 2 1970 14 -1440 0 5022 -1440 1
gene 2 1426 1977 224433 0 5037 224433 1
gene 2 1977 1051 22521 0 5038 22521 1
gene 1 1176 15 -145599 0 5216 -145599 1
gene 2 758 2080 -2409 0 5291 -2409 1
gene 2 2080 1970 -129375 0 5292 -129375 1
gene 2 3 2142 -188210 0 5443 -188210 1
gene 2 2142 207 308586 0 5444 308586 1
gene 3 9 2215 -69726 0 5624 -69726 1
gene 3 2215 1497 -219984 0 5625 -219984 1
gene 3 1539 2238 -338397 0 5680 -338397 1
gene 3 2238 1426 233346 0 5681 233346 1
gene 4 1176 1970 -211182 0 5772 -211182 1
gene 3 9 1176 -344859 0 6102 -344859 1
gene 4 238 1670 -153039 0 6169 -153039 1
gene 3 9 2470 -22104 0 6281 -22104 1
gene 3 2470 207 -259560 0 6282 -259560 1
gene 4 1539 1539 247533 1 6362 247533 1
gene 2 30 2525 122049 0 6422 122049 1
gene 2 2525 14 579740 0 6423 579740 1
gene 2 6 2558 32373 0 6504 32373 1
gene 2 2558 15 15465 0 6505 15465 0
gene 4 12 2594 -8376 0 6591 -8376 1
gene 4 2594 1630 120330 0 6592 120330 1
gene 2 1051 2626 -257808 0 6672 -257808 1
gene 2 2626 13 405261 0 6673 405261 1
gene 1 1 1670 -52290 0 7023 -52290 1
gene 2 10 1020 314328 0 7097 314328 1
gene 2 2558 2817 208450 0 7170 208450 1
gene 2 2817 15 -181731 0 7171 -181731 1
genomeend 78


