/* Organism #69 Fitness: 187.000000 Time: 0 */
/* Position #69*/
#1 x: 50 y: 19
#2 x: 77 y: 38
#3 x: 25 y: 33
#4 x: 74 y: 84
#5 x: 61 y: 72
#6 x: 66 y: 66
genomestart 69
node 1 3 1 3
node 2 3 1 1
node 3 2 1 1
node 4 1 1 1
node 5 1 1 1
node 6 2 1 1
node 7 2 1 1
node 8 2 1 1
node 9 2 1 1
node 10 2 1 1
node 11 1 1 1
node 12 3 1 1
node 13 4 0 2
node 14 4 0 2
node 15 4 0 2
node 16 3 0 2
gene 3 1 13 800000 0 1 800000 1
gene 4 2 13 -59328 0 2 -59328 1
gene 2 3 13 683831 0 3 683831 1
gene 1 4 13 -397806 0 4 -397806 1
gene 2 5 13 -445016 0 5 -445016 1
gene 2 6 13 497484 0 6 497484 1
gene 3 7 13 -714419 0 7 -714419 1
gene 3 8 13 517542 0 8 517542 1
gene 4 9 13 -154386 0 9 -154386 1
gene 2 10 13 117486 0 10 117486 1
gene 1 11 13 -725895 0 11 -725895 1
gene 1 12 13 193719 0 12 193719 1
gene 4 1 14 -396975 0 13 -396975 1
gene 4 2 14 -206496 0 14 -206496 1
gene 4 3 14 245499 0 15 245499 1
gene 1 4 14 175737 0 16 175737 1
gene 1 5 14 -122553 0 17 -122553 1
gene 2 6 14 687248 0 18 687248 1
gene 1 7 14 14382 0 19 14382 1
gene 3 8 14 -214770 0 20 -214770 1
gene 4 9 14 -488163 0 21 -488163 1
gene 1 10 14 381831 0 22 381831 1
gene 3 11 14 292068 0 23 292068 1
gene 2 12 14 -131688 0 24 -131688 1
gene 3 1 15 -800000 0 25 -800000 1
gene 2 2 15 402336 0 26 402336 1
gene 1 3 15 172821 0 27 172821 1
gene 2 4 15 -41703 0 28 -41703 1
gene 2 5 15 482435 0 29 482435 1
gene 3 6 15 -49125 0 30 -49125 1
gene 2 7 15 158658 0 31 158658 1
gene 4 8 15 -605772 0 32 -605772 1
gene 1 9 15 -241435 0 33 -241435 1
gene 1 10 15 -461751 0 34 -461751 1
gene 1 11 15 -476640 0 35 -476640 1
gene 1 12 15 -116055 0 36 -116055 1
gene 3 1 16 6117 0 37 6117 1
gene 4 2 16 548987 0 38 548987 1
gene 1 3 16 17103 0 39 17103 1
gene 4 4 16 -232215 0 40 -232215 1
gene 3 5 16 215049 0 41 215049 1
gene 2 6 16 -300261 0 42 -300261 1
gene 3 7 16 -168432 0 43 -168432 1
gene 2 8 16 239259 0 44 239259 1
gene 3 9 16 -315186 0 45 -315186 1
gene 2 10 16 92994 0 46 92994 1
gene 4 11 16 6900 0 47 6900 1
gene 3 12 16 636327 0 48 636327 1
gene 4 15 13 -438843 0 80 -438843 1
gene 3 13 16 -261987 0 127 -261987 1
gene 4 14 16 -219513 0 156 -219513 1
gene 3 14 13 216642 0 186 216642 1
gene 2 15 14 560265 0 273 560265 1
gene 2 16 16 -200025 1 277 -200025 1
gene 2 14 14 79536 1 464 79536 1
genomeend 69


