/* Organism #0 Fitness: 390.000000 Time: 0 */
/* Position #0*/
#1 x: 26 y: 28
#2 x: 77 y: 35
#3 x: 75 y: 32
#4 x: 42 y: 64
#5 x: 80 y: 84
#6 x: 42 y: 67
genomestart 0
node 1 2 1 3
node 2 4 1 1
node 3 3 1 1
node 4 1 1 1
node 5 1 1 1
node 6 2 1 1
node 7 3 1 1
node 8 2 1 1
node 9 2 1 1
node 10 2 1 1
node 11 4 1 1
node 12 1 1 1
node 13 1 0 2
node 14 3 0 2
node 15 4 0 2
gene 1 1 13 -398676 0 1 -398676 1
gene 4 2 13 13182 0 2 13182 1
gene 2 3 13 -727244 0 3 -727244 1
gene 2 4 13 -246941 0 4 -246941 1
gene 2 5 13 213663 0 5 213663 1
gene 1 6 13 1029 0 6 1029 1
gene 2 7 13 458178 0 7 458178 1
gene 2 8 13 40797 0 8 40797 1
gene 2 9 13 -241715 0 9 -241715 1
gene 2 10 13 178051 0 10 178051 1
gene 2 11 13 364720 0 11 364720 1
gene 1 12 13 132438 0 12 132438 1
gene 1 1 14 800000 0 13 800000 1
gene 1 2 14 -458681 0 14 -458681 1
gene 1 3 14 -83979 0 15 -83979 1
gene 4 4 14 -380304 0 16 -380304 1
gene 3 5 14 335319 0 17 335319 1
gene 1 6 14 -146609 0 18 -146609 1
gene 2 7 14 -800000 0 19 -800000 1
gene 4 8 14 -119616 0 20 -119616 1
gene 1 9 14 -207552 0 21 -207552 1
gene 3 10 14 294309 0 22 294309 1
gene 4 11 14 -800000 0 23 -800000 1
gene 3 12 14 -800000 0 24 -800000 1
gene 1 1 15 -282966 0 25 -282966 1
gene 3 2 15 218904 0 26 218904 1
gene 2 3 15 -142452 0 27 -142452 1
gene 2 4 15 -474051 0 28 -474051 1
gene 4 5 15 24589 0 29 24589 1
gene 2 6 15 261717 0 30 261717 1
gene 1 7 15 -800000 0 31 -800000 1
gene 3 8 15 500348 0 32 500348 1
gene 2 9 15 -800000 0 33 -800000 1
gene 2 10 15 280626 0 34 280626 1
gene 1 11 15 461920 0 35 461920 1
gene 2 12 15 -800000 0 36 -800000 1
gene 2 13 15 -16500 0 137 -16500 1
gene 4 13 13 255159 1 179 255159 1
gene 2 14 15 -26934 0 223 -26934 1
gene 2 14 14 -209850 1 247 -209850 1
gene 3 13 14 144486 0 303 144486 1
genomeend 0


/* Organism #1 Fitness: 220.000000 Time: 0 */
/* Position #1*/
#1 x: 26 y: 28
#2 x: 77 y: 35
#3 x: 75 y: 32
#4 x: 42 y: 64
#5 x: 80 y: 84
#6 x: 42 y: 67
genomestart 1
node 1 2 1 3
node 2 4 1 1
node 3 3 1 1
node 4 1 1 1
node 5 1 1 1
node 6 2 1 1
node 7 3 1 1
node 8 2 1 1
node 9 2 1 1
node 10 2 1 1
node 11 4 1 1
node 12 1 1 1
node 13 1 0 2
node 14 3 0 2
node 15 4 0 2
gene 1 1 13 -552447 0 1 -552447 1
gene 4 2 13 127797 0 2 127797 1
gene 2 3 13 -800000 0 3 -800000 1
gene 2 4 13 -9422 0 4 -9422 1
gene 2 5 13 88563 0 5 88563 1
gene 1 6 13 384513 0 6 384513 1
gene 2 7 13 329694 0 7 329694 1
gene 2 8 13 118002 0 8 118002 1
gene 2 9 13 105886 0 9 105886 1
gene 2 10 13 308293 0 10 308293 1
gene 2 11 13 339742 0 11 339742 1
gene 1 12 13 -18831 0 12 -18831 1
gene 1 1 14 684986 0 13 684986 1
gene 1 2 14 -529178 0 14 -529178 1
gene 1 3 14 -353055 0 15 -353055 1
gene 4 4 14 -42636 0 16 -42636 1
gene 3 5 14 192648 0 17 192648 1
gene 1 6 14 -515081 0 18 -515081 1
gene 2 7 14 -800000 0 19 -800000 1
gene 4 8 14 -233238 0 20 -233238 1
gene 1 9 14 -189180 0 21 -189180 1
gene 3 10 14 520275 0 22 520275 1
gene 4 11 14 -711831 0 23 -711831 1
gene 3 12 14 -800000 0 24 -800000 1
gene 1 1 15 -292608 0 25 -292608 1
gene 3 2 15 133650 0 26 133650 1
gene 2 3 15 -292155 0 27 -292155 1
gene 2 4 15 -339876 0 28 -339876 1
gene 4 5 15 -169043 0 29 -169043 1
gene 2 6 15 80685 0 30 80685 1
gene 1 7 15 -800000 0 31 -800000 1
gene 3 8 15 800000 0 32 800000 1
gene 2 9 15 -528921 0 33 -528921 1
gene 2 10 15 184659 0 34 184659 1
gene 1 11 15 387514 0 35 387514 1
gene 2 12 15 -425106 0 36 -425106 1
gene 2 13 15 432981 0 137 432981 1
gene 4 13 13 -148101 1 179 -148101 1
gene 2 14 15 -230559 0 223 -230559 1
gene 2 14 14 216294 1 247 216294 1
gene 3 13 14 72024 0 303 72024 1
genomeend 1


/* Organism #16 Fitness: 190.000000 Time: 0 */
/* Position #16*/
#1 x: 28 y: 31
#2 x: 51 y: 35
#3 x: 79 y: 20
#4 x: 25 y: 63
#5 x: 74 y: 72
#6 x: 57 y: 62
genomestart 16
node 1 3 1 3
node 2 4 1 1
node 3 1 1 1
node 4 3 1 1
node 5 3 1 1
node 6 1 1 1
node 7 3 1 1
node 8 1 1 1
node 9 1 1 1
node 10 3 1 1
node 11 3 1 1
node 12 4 1 1
node 13 3 0 2
node 14 3 0 2
node 15 3 0 2
gene 3 1 13 -335529 0 1 -335529 1
gene 3 2 13 -195663 0 2 -195663 1
gene 2 3 13 -60675 0 3 -60675 1
gene 3 4 13 -667191 0 4 -667191 1
gene 2 5 13 -471239 0 5 -471239 1
gene 3 6 13 -329370 0 6 -329370 1
gene 3 7 13 177114 0 7 177114 1
gene 3 8 13 -741188 0 8 -741188 1
gene 1 9 13 458156 0 9 458156 1
gene 1 10 13 129054 0 10 129054 1
gene 1 11 13 -215007 0 11 -215007 1
gene 2 12 13 534504 0 12 534504 1
gene 2 1 14 -753873 0 13 -753873 1
gene 3 2 14 615335 0 14 615335 1
gene 4 3 14 -742644 0 15 -742644 1
gene 1 4 14 253761 0 16 253761 1
gene 2 5 14 789167 0 17 789167 1
gene 3 6 14 -316491 0 18 -316491 1
gene 3 7 14 115398 0 19 115398 1
gene 1 8 14 615873 0 20 615873 1
gene 1 9 14 -180597 0 21 -180597 1
gene 3 10 14 -389043 0 22 -389043 1
gene 2 11 14 578583 0 23 578583 1
gene 3 12 14 -800000 0 24 -800000 1
gene 2 1 15 -177078 0 25 -177078 1
gene 1 2 15 246429 0 26 246429 1
gene 1 3 15 800000 0 27 800000 1
gene 4 4 15 -308295 0 28 -308295 1
gene 2 5 15 -410346 0 29 -410346 1
gene 2 6 15 -100838 0 30 -100838 1
gene 2 7 15 84849 0 31 84849 1
gene 1 8 15 461166 0 32 461166 1
gene 1 9 15 -800000 0 33 -800000 1
gene 2 10 15 616605 0 34 616605 1
gene 1 11 15 438582 0 35 438582 1
gene 3 12 15 97704 0 36 97704 1
gene 3 14 13 479226 0 218 479226 1
gene 3 14 15 37740 0 315 37740 1
gene 2 13 15 -362166 0 326 -362166 1
gene 1 15 15 184272 1 419 184272 1
genomeend 16


/* Organism #32 Fitness: 240.000000 Time: 0 */
/* Position #32*/
#1 x: 21 y: 39
#2 x: 61 y: 16
#3 x: 43 y: 20
#4 x: 68 y: 64
#5 x: 70 y: 80
#6 x: 71 y: 62
genomestart 32
node 1 3 1 3
node 2 4 1 1
node 3 1 1 1
node 4 3 1 1
node 5 3 1 1
node 6 1 1 1
node 7 3 1 1
node 8 1 1 1
node 9 1 1 1
node 10 3 1 1
node 11 3 1 1
node 12 4 1 1
node 13 4 0 2
node 14 3 0 2
node 15 3 0 2
gene 3 1 13 564803 0 1 564803 1
gene 3 2 13 -3099 0 2 -3099 1
gene 2 3 13 452232 0 3 452232 1
gene 3 4 13 397443 0 4 397443 1
gene 2 5 13 -40800 0 5 -40800 1
gene 3 6 13 -16005 0 6 -16005 1
gene 3 7 13 -36918 0 7 -36918 1
gene 3 8 13 -48342 0 8 -48342 1
gene 1 9 13 42302 0 9 42302 1
gene 1 10 13 -320655 0 10 -320655 1
gene 1 11 13 -90177 0 11 -90177 1
gene 2 12 13 -458232 0 12 -458232 1
gene 2 1 14 -800000 0 13 -800000 1
gene 3 2 14 800000 0 14 800000 1
gene 4 3 14 -444531 0 15 -444531 1
gene 1 4 14 -800000 0 16 -800000 1
gene 2 5 14 -572088 0 17 -572088 1
gene 3 6 14 -548256 0 18 -548256 1
gene 3 7 14 39522 0 19 39522 1
gene 1 8 14 -212745 0 20 -212745 1
gene 1 9 14 -770745 0 21 -770745 1
gene 3 10 14 -743529 0 22 -743529 1
gene 2 11 14 -267942 0 23 -267942 1
gene 3 12 14 -429054 0 24 -429054 1
gene 2 1 15 7707 0 25 7707 1
gene 1 2 15 -659819 0 26 -659819 1
gene 1 3 15 -612438 0 27 -612438 1
gene 4 4 15 -154269 0 28 -154269 1
gene 2 5 15 40440 0 29 40440 1
gene 2 6 15 -707759 0 30 -707759 1
gene 2 7 15 -58299 0 31 -58299 1
gene 1 8 15 303429 0 32 303429 1
gene 1 9 15 214347 0 33 214347 1
gene 2 10 15 169305 0 34 169305 1
gene 1 11 15 647739 0 35 647739 1
gene 3 12 15 464606 0 36 464606 1
gene 3 14 13 -481155 0 218 -481155 1
gene 3 14 15 277428 0 315 277428 1
gene 2 13 15 -140085 0 326 -140085 1
gene 1 15 15 -397125 1 419 -397125 1
genomeend 32


/* Organism #33 Fitness: 320.000000 Time: 0 */
/* Position #33*/
#1 x: 21 y: 39
#2 x: 61 y: 16
#3 x: 43 y: 20
#4 x: 68 y: 64
#5 x: 70 y: 80
#6 x: 71 y: 62
genomestart 33
node 1 3 1 3
node 2 4 1 1
node 3 1 1 1
node 4 3 1 1
node 5 3 1 1
node 6 1 1 1
node 7 3 1 1
node 8 1 1 1
node 9 1 1 1
node 10 3 1 1
node 11 3 1 1
node 12 4 1 1
node 13 4 0 2
node 14 3 0 2
node 15 3 0 2
gene 3 1 13 374741 0 1 374741 1
gene 3 2 13 -299109 0 2 -299109 1
gene 2 3 13 415941 0 3 415941 1
gene 3 4 13 424173 0 4 424173 1
gene 2 5 13 -110496 0 5 -110496 1
gene 3 6 13 -43587 0 6 -43587 1
gene 3 7 13 166530 0 7 166530 1
gene 3 8 13 -250416 0 8 -250416 1
gene 1 9 13 311084 0 9 311084 1
gene 1 10 13 -75489 0 10 -75489 1
gene 1 11 13 439029 0 11 439029 1
gene 2 12 13 -425643 0 12 -425643 1
gene 2 1 14 -800000 0 13 -800000 1
gene 3 2 14 800000 0 14 800000 1
gene 4 3 14 -662487 0 15 -662487 1
gene 1 4 14 -620444 0 16 -620444 1
gene 2 5 14 -284682 0 17 -284682 1
gene 3 6 14 -800000 0 18 -800000 1
gene 3 7 14 67917 0 19 67917 1
gene 1 8 14 -3438 0 20 -3438 1
gene 1 9 14 -632280 0 21 -632280 1
gene 3 10 14 -411633 0 22 -411633 1
gene 2 11 14 153885 0 23 153885 1
gene 3 12 14 18822 0 24 18822 1
gene 2 1 15 361485 0 25 361485 1
gene 1 2 15 -800000 0 26 -800000 1
gene 1 3 15 -800000 0 27 -800000 1
gene 4 4 15 -188487 0 28 -188487 1
gene 2 5 15 -93513 0 29 -93513 1
gene 2 6 15 -518261 0 30 -518261 1
gene 2 7 15 -73131 0 31 -73131 1
gene 1 8 15 616416 0 32 616416 1
gene 1 9 15 -182088 0 33 -182088 1
gene 2 10 15 499824 0 34 499824 1
gene 1 11 15 431505 0 35 431505 1
gene 3 12 15 274491 0 36 274491 1
gene 3 14 13 27600 0 218 27600 1
gene 3 14 15 -143514 0 315 -143514 1
gene 2 13 15 114015 0 326 114015 1
gene 1 15 15 -553872 1 419 -553872 1
genomeend 33


/* Organism #35 Fitness: 130.000000 Time: 0 */
/* Position #35*/
#1 x: 32 y: 25
#2 x: 29 y: 36
#3 x: 83 y: 22
#4 x: 31 y: 75
#5 x: 66 y: 67
#6 x: 50 y: 83
genomestart 35
node 1 3 1 3
node 2 4 1 1
node 3 1 1 1
node 4 3 1 1
node 5 3 1 1
node 6 1 1 1
node 7 3 1 1
node 8 1 1 1
node 9 1 1 1
node 10 1 1 1
node 11 3 1 1
node 12 4 1 1
node 13 3 0 2
node 14 3 0 2
node 15 3 0 2
gene 3 1 13 350406 0 1 350406 1
gene 3 2 13 -248007 0 2 -248007 1
gene 2 3 13 -554790 0 3 -554790 1
gene 3 4 13 -227988 0 4 -227988 1
gene 2 5 13 -279575 0 5 -279575 1
gene 3 6 13 -272952 0 6 -272952 1
gene 3 7 13 -12183 0 7 -12183 1
gene 3 8 13 -800000 0 8 -800000 1
gene 1 9 13 637829 0 9 637829 1
gene 1 10 13 -372933 0 10 -372933 1
gene 1 11 13 -58611 0 11 -58611 1
gene 2 12 13 476958 0 12 476958 1
gene 2 1 14 -326751 0 13 -326751 1
gene 3 2 14 800000 0 14 800000 1
gene 4 3 14 -658521 0 15 -658521 1
gene 1 4 14 -320499 0 16 -320499 1
gene 2 5 14 741758 0 17 741758 1
gene 3 6 14 137478 0 18 137478 1
gene 3 7 14 468225 0 19 468225 1
gene 1 8 14 86187 0 20 86187 1
gene 1 9 14 68253 0 21 68253 1
gene 3 10 14 187158 0 22 187158 1
gene 2 11 14 -1401 0 23 -1401 1
gene 3 12 14 -647490 0 24 -647490 1
gene 2 1 15 -765837 0 25 -765837 1
gene 1 2 15 -266166 0 26 -266166 1
gene 1 3 15 -7701 0 27 -7701 1
gene 4 4 15 -42300 0 28 -42300 1
gene 2 5 15 245556 0 29 245556 1
gene 2 6 15 401005 0 30 401005 1
gene 2 7 15 -311814 0 31 -311814 1
gene 1 8 15 800000 0 32 800000 1
gene 1 9 15 -100083 0 33 -100083 1
gene 2 10 15 -463995 0 34 -463995 1
gene 1 11 15 -224268 0 35 -224268 1
gene 3 12 15 569036 0 36 569036 1
gene 3 14 13 -292914 0 218 -292914 1
gene 3 14 15 403653 0 315 403653 1
gene 2 13 15 -482343 0 326 -482343 1
gene 1 15 15 140406 1 419 140406 1
genomeend 35


/* Organism #37 Fitness: 130.000000 Time: 0 */
/* Position #37*/
#1 x: 32 y: 28
#2 x: 48 y: 29
#3 x: 41 y: 39
#4 x: 51 y: 75
#5 x: 57 y: 81
#6 x: 18 y: 60
genomestart 37
node 1 3 1 3
node 2 4 1 1
node 3 1 1 1
node 4 3 1 1
node 5 3 1 1
node 6 1 1 1
node 7 3 1 1
node 8 1 1 1
node 9 1 1 1
node 10 3 1 1
node 11 3 1 1
node 12 4 1 1
node 13 3 0 2
node 14 3 0 2
node 15 3 0 2
gene 3 1 13 350715 0 1 350715 1
gene 3 2 13 -233418 0 2 -233418 1
gene 2 3 13 -151188 0 3 -151188 1
gene 3 4 13 -248895 0 4 -248895 1
gene 2 5 13 -795008 0 5 -795008 1
gene 3 6 13 -557343 0 6 -557343 1
gene 3 7 13 -356355 0 7 -356355 1
gene 3 8 13 -800000 0 8 -800000 1
gene 1 9 13 400562 0 9 400562 1
gene 1 10 13 455667 0 10 455667 1
gene 1 11 13 338553 0 11 338553 1
gene 2 12 13 -168480 0 12 -168480 1
gene 2 1 14 521991 0 13 521991 1
gene 3 2 14 800000 0 14 800000 1
gene 4 3 14 -188550 0 15 -188550 1
gene 1 4 14 296913 0 16 296913 1
gene 2 5 14 329126 0 17 329126 1
gene 3 6 14 504312 0 18 504312 1
gene 3 7 14 677427 0 19 677427 1
gene 1 8 14 509334 0 20 509334 1
gene 1 9 14 253671 0 21 253671 1
gene 3 10 14 -630855 0 22 -630855 1
gene 2 11 14 733322 0 23 733322 1
gene 3 12 14 -543141 0 24 -543141 1
gene 2 1 15 178254 0 25 178254 1
gene 1 2 15 -556878 0 26 -556878 1
gene 3 3 15 549024 0 27 549024 1
gene 4 4 15 -223476 0 28 -223476 1
gene 2 5 15 -24990 0 29 -24990 1
gene 2 6 15 -169916 0 30 -169916 1
gene 3 7 15 -32874 0 31 -32874 1
gene 1 8 15 286470 0 32 286470 1
gene 1 9 15 -778070 0 33 -778070 1
gene 2 10 15 120951 0 34 120951 1
gene 1 11 15 785562 0 35 785562 1
gene 3 12 15 800000 0 36 800000 1
gene 3 14 13 158079 0 218 158079 1
gene 3 14 15 -71232 0 315 -71232 1
gene 2 13 15 -109485 0 326 -109485 1
gene 1 15 15 104706 1 419 104706 1
genomeend 37


/* Organism #39 Fitness: 130.000000 Time: 0 */
/* Position #39*/
#1 x: 17 y: 17
#2 x: 68 y: 17
#3 x: 57 y: 36
#4 x: 30 y: 82
#5 x: 19 y: 61
#6 x: 63 y: 61
genomestart 39
node 1 3 1 3
node 2 4 1 1
node 3 1 1 1
node 4 3 1 1
node 5 3 1 1
node 6 1 1 1
node 7 3 1 1
node 8 1 1 1
node 9 1 1 1
node 10 3 1 1
node 11 3 1 1
node 12 4 1 1
node 13 3 0 2
node 14 3 0 2
node 15 3 0 2
gene 3 1 13 33180 0 1 33180 1
gene 3 2 13 -316179 0 2 -316179 1
gene 2 3 13 307677 0 3 307677 1
gene 3 4 13 183081 0 4 183081 1
gene 2 5 13 -800000 0 5 -800000 1
gene 3 6 13 -544701 0 6 -544701 1
gene 3 7 13 153639 0 7 153639 1
gene 3 8 13 -523148 0 8 -523148 1
gene 1 9 13 425162 0 9 425162 1
gene 1 10 13 411480 0 10 411480 1
gene 1 11 13 226032 0 11 226032 1
gene 2 12 13 210210 0 12 210210 1
gene 2 1 14 351300 0 13 351300 1
gene 3 2 14 800000 0 14 800000 1
gene 4 3 14 -72879 0 15 -72879 1
gene 1 4 14 223005 0 16 223005 1
gene 2 5 14 800000 0 17 800000 1
gene 3 6 14 448554 0 18 448554 1
gene 3 7 14 511467 0 19 511467 1
gene 1 8 14 360120 0 20 360120 1
gene 1 9 14 -148008 0 21 -148008 1
gene 3 10 14 -314760 0 22 -314760 1
gene 2 11 14 800000 0 23 800000 1
gene 3 12 14 -237780 0 24 -237780 1
gene 2 1 15 -64128 0 25 -64128 1
gene 1 2 15 -186966 0 26 -186966 1
gene 3 3 15 217527 0 27 217527 1
gene 4 4 15 326961 0 28 326961 1
gene 2 5 15 88356 0 29 88356 1
gene 2 6 15 182734 0 30 182734 1
gene 2 7 15 288366 0 31 288366 1
gene 1 8 15 239445 0 32 239445 1
gene 1 9 15 -785708 0 33 -785708 1
gene 2 10 15 25674 0 34 25674 1
gene 1 11 15 584496 0 35 584496 1
gene 3 12 15 513446 0 36 513446 1
gene 3 14 13 -42660 0 218 -42660 1
gene 3 14 15 -32784 0 315 -32784 1
gene 2 13 15 112089 0 326 112089 1
gene 1 15 15 -223536 1 419 -223536 1
genomeend 39


/* Organism #41 Fitness: 140.000000 Time: 0 */
/* Position #41*/
#1 x: 80 y: 27
#2 x: 18 y: 18
#3 x: 75 y: 23
#4 x: 44 y: 78
#5 x: 50 y: 84
#6 x: 33 y: 83
genomestart 41
node 1 3 1 3
node 2 4 1 1
node 3 1 1 1
node 4 3 1 1
node 5 3 1 1
node 6 1 1 1
node 7 3 1 1
node 8 1 1 1
node 9 1 1 1
node 10 3 1 1
node 11 3 1 1
node 12 4 1 1
node 13 4 0 2
node 14 3 0 2
node 15 3 0 2
gene 3 1 13 -2130 0 1 -2130 1
gene 3 2 13 325197 0 2 325197 1
gene 2 3 13 -734508 0 3 -734508 1
gene 3 4 13 -184209 0 4 -184209 1
gene 2 5 13 188322 0 5 188322 1
gene 3 6 13 2637 0 6 2637 1
gene 3 7 13 522306 0 7 522306 1
gene 3 8 13 -530387 0 8 -530387 1
gene 1 9 13 251714 0 9 251714 1
gene 1 10 13 -150636 0 10 -150636 1
gene 1 11 13 283038 0 11 283038 1
gene 2 12 13 -489087 0 12 -489087 1
gene 2 1 14 290979 0 13 290979 1
gene 3 2 14 -350247 0 14 -350247 1
gene 4 3 14 -380676 0 15 -380676 1
gene 1 4 14 443343 0 16 443343 1
gene 2 5 14 712517 0 17 712517 1
gene 3 6 14 -38772 0 18 -38772 1
gene 3 7 14 -122265 0 19 -122265 1
gene 1 8 14 -439146 0 20 -439146 1
gene 1 9 14 177996 0 21 177996 1
gene 3 10 14 406149 0 22 406149 1
gene 2 11 14 800000 0 23 800000 1
gene 3 12 14 -540971 0 24 -540971 1
gene 2 1 15 -382284 0 25 -382284 1
gene 1 2 15 373632 0 26 373632 1
gene 1 3 15 -123183 0 27 -123183 1
gene 4 4 15 177969 0 28 177969 1
gene 2 5 15 576899 0 29 576899 1
gene 2 6 15 -154536 0 30 -154536 1
gene 2 7 15 43806 0 31 43806 1
gene 1 8 15 672141 0 32 672141 1
gene 1 9 15 -388658 0 33 -388658 1
gene 2 10 15 89529 0 34 89529 1
gene 1 11 15 212118 0 35 212118 1
gene 3 12 15 -49803 0 36 -49803 1
gene 3 14 13 454710 0 218 454710 1
gene 3 14 15 490023 0 315 490023 1
gene 2 13 15 124371 0 326 124371 1
gene 1 15 15 154362 1 419 154362 1
genomeend 41


/* Organism #96 Fitness: 160.000000 Time: 0 */
/* Position #96*/
#1 x: 41 y: 20
#2 x: 61 y: 18
#3 x: 46 y: 38
#4 x: 65 y: 76
#5 x: 64 y: 80
#6 x: 39 y: 75
genomestart 96
node 1 2 1 3
node 2 3 1 1
node 3 1 1 1
node 4 3 1 1
node 5 1 1 1
node 6 2 1 1
node 7 3 1 1
node 8 4 1 1
node 9 3 1 1
node 10 1 1 1
node 11 4 1 1
node 12 2 1 1
node 13 4 0 2
node 14 2 0 2
node 15 2 0 2
gene 1 1 13 -380494 0 1 -380494 1
gene 1 2 13 88757 0 2 88757 1
gene 3 3 13 -422448 0 3 -422448 1
gene 3 4 13 800000 0 4 800000 1
gene 2 5 13 -308916 0 5 -308916 1
gene 1 6 13 -450702 0 6 -450702 1
gene 3 7 13 -197038 0 7 -197038 1
gene 2 8 13 30507 0 8 30507 1
gene 3 9 13 -536478 0 9 -536478 1
gene 2 10 13 284113 0 10 284113 1
gene 1 11 13 -165718 0 11 -165718 1
gene 3 12 13 200497 0 12 200497 1
gene 2 1 14 152288 0 13 152288 1
gene 3 2 14 715375 0 14 715375 1
gene 1 3 14 222131 0 15 222131 1
gene 1 4 14 -407016 0 16 -407016 1
gene 3 5 14 709242 0 17 709242 1
gene 1 6 14 -609250 0 18 -609250 1
gene 4 7 14 87772 0 19 87772 1
gene 1 8 14 -128167 0 20 -128167 1
gene 3 9 14 689574 0 21 689574 1
gene 2 10 14 -279984 0 22 -279984 1
gene 2 11 14 383059 0 23 383059 1
gene 3 12 14 256842 0 24 256842 1
gene 1 1 15 45060 0 25 45060 1
gene 3 2 15 39894 0 26 39894 1
gene 3 3 15 124458 0 27 124458 1
gene 4 4 15 218756 0 28 218756 1
gene 3 5 15 322707 0 29 322707 1
gene 3 6 15 -63215 0 30 -63215 1
gene 1 7 15 -171154 0 31 -171154 1
gene 1 8 15 22786 0 32 22786 1
gene 1 9 15 -89830 0 33 -89830 1
gene 4 10 15 33261 0 34 33261 1
gene 1 11 15 149383 0 35 149383 1
gene 4 12 15 185386 0 36 185386 1
gene 3 15 13 440385 0 388 440385 1
gene 3 13 14 -330 0 452 -330 1
gene 3 15 14 68967 0 477 68967 1
gene 4 13 13 -383530 1 563 -383530 1
genomeend 96


/* Organism #144 Fitness: 250.000000 Time: 0 */
/* Position #144*/
#1 x: 37 y: 21
#2 x: 70 y: 31
#3 x: 40 y: 25
#4 x: 65 y: 68
#5 x: 57 y: 60
#6 x: 17 y: 84
genomestart 144
node 1 3 1 3
node 2 4 1 1
node 3 1 1 1
node 4 4 1 1
node 5 3 1 1
node 6 1 1 1
node 7 3 1 1
node 8 4 1 1
node 9 2 1 1
node 10 3 1 1
node 11 3 1 1
node 12 4 1 1
node 13 3 0 2
node 14 3 0 2
node 15 3 0 2
gene 3 1 13 103413 0 1 103413 1
gene 3 2 13 -370854 0 2 -370854 1
gene 2 3 13 155949 0 3 155949 1
gene 3 4 13 -124509 0 4 -124509 1
gene 2 5 13 -505890 0 5 -505890 1
gene 3 6 13 275514 0 6 275514 1
gene 3 7 13 -27888 0 7 -27888 1
gene 3 8 13 420498 0 8 420498 1
gene 4 9 13 383820 0 9 383820 1
gene 1 10 13 228156 0 10 228156 1
gene 1 11 13 195255 0 11 195255 1
gene 2 12 13 -260760 0 12 -260760 1
gene 1 1 14 -284571 0 13 -284571 1
gene 3 2 14 -33918 0 14 -33918 1
gene 4 3 14 -331602 0 15 -331602 1
gene 1 4 14 -638256 0 16 -638256 1
gene 2 5 14 -102282 0 17 -102282 1
gene 3 6 14 420003 0 18 420003 1
gene 3 7 14 713190 0 19 713190 1
gene 1 8 14 441942 0 20 441942 1
gene 1 9 14 233241 0 21 233241 1
gene 1 10 14 173616 0 22 173616 1
gene 2 11 14 328188 0 23 328188 1
gene 3 12 14 -796131 0 24 -796131 1
gene 2 1 15 -261987 0 25 -261987 1
gene 2 2 15 -556053 0 26 -556053 1
gene 1 3 15 197532 0 27 197532 1
gene 4 4 15 211542 0 28 211542 1
gene 2 5 15 171039 0 29 171039 1
gene 2 6 15 166155 0 30 166155 1
gene 2 7 15 -95640 0 31 -95640 1
gene 1 8 15 21630 0 32 21630 1
gene 1 9 15 453231 0 33 453231 1
gene 2 10 15 -569547 0 34 -569547 1
gene 1 11 15 -226047 0 35 -226047 1
gene 1 12 15 -221652 0 36 -221652 1
gene 1 14 13 -800000 0 218 -800000 1
gene 3 14 15 162303 0 315 162303 1
gene 2 13 15 167631 0 326 167631 1
gene 1 15 15 -76518 1 419 -76518 1
genomeend 144


/* Organism #145 Fitness: 170.000000 Time: 0 */
/* Position #145*/
#1 x: 37 y: 21
#2 x: 70 y: 31
#3 x: 40 y: 25
#4 x: 65 y: 68
#5 x: 57 y: 60
#6 x: 17 y: 84
genomestart 145
node 1 2 1 3
node 2 1 1 1
node 3 1 1 1
node 4 3 1 1
node 5 1 1 1
node 6 2 1 1
node 7 3 1 1
node 8 4 1 1
node 9 3 1 1
node 10 1 1 1
node 11 4 1 1
node 12 2 1 1
node 13 4 0 2
node 14 2 0 2
node 15 2 0 2
gene 1 1 13 -136062 0 1 -136062 1
gene 1 2 13 800000 0 2 800000 1
gene 3 3 13 58998 0 3 58998 1
gene 3 4 13 43587 0 4 43587 1
gene 2 5 13 779685 0 5 779685 1
gene 1 6 13 37746 0 6 37746 1
gene 3 7 13 426129 0 7 426129 1
gene 2 8 13 -17430 0 8 -17430 1
gene 3 9 13 -141114 0 9 -141114 1
gene 2 10 13 50457 0 10 50457 1
gene 1 11 13 -126189 0 11 -126189 1
gene 3 12 13 -272931 0 12 -272931 1
gene 2 1 14 -693629 0 13 -693629 1
gene 3 2 14 130707 0 14 130707 1
gene 1 3 14 614070 0 15 614070 1
gene 1 4 14 -549615 0 16 -549615 1
gene 3 5 14 -262413 0 17 -262413 1
gene 1 6 14 218364 0 18 218364 1
gene 4 7 14 -122106 0 19 -122106 1
gene 1 8 14 -283365 0 20 -283365 1
gene 3 9 14 -111690 0 21 -111690 1
gene 2 10 14 -37908 0 22 -37908 1
gene 2 11 14 -37641 0 23 -37641 1
gene 3 12 14 62160 0 24 62160 1
gene 1 1 15 241908 0 25 241908 1
gene 3 2 15 -12570 0 26 -12570 1
gene 3 3 15 -328425 0 27 -328425 1
gene 4 4 15 -341766 0 28 -341766 1
gene 3 5 15 -165054 0 29 -165054 1
gene 3 6 15 -164691 0 30 -164691 1
gene 1 7 15 -238050 0 31 -238050 1
gene 4 8 15 79539 0 32 79539 1
gene 1 9 15 -398382 0 33 -398382 1
gene 4 10 15 -163638 0 34 -163638 1
gene 1 11 15 240045 0 35 240045 1
gene 4 12 15 344760 0 36 344760 1
gene 3 15 13 -79155 0 388 -79155 1
gene 3 13 14 37047 0 452 37047 1
gene 3 15 14 174879 0 477 174879 1
gene 4 13 13 -137748 1 563 -137748 1
genomeend 145


