/* Organism #22 Fitness: 270.000000 Time: 0 */
/* Position #22*/
#1 x: 45 y: 26
#2 x: 28 y: 18
#3 x: 58 y: 35
#4 x: 38 y: 80
#5 x: 36 y: 69
#6 x: 42 y: 61
genomestart 22
trait 1 43007.000000 16300.000000 6994.000000 28041.000000 57524.000000 37112.000000 87908.000000 80535.000000 trait 2 2.000000 0.000000 0.000000 0.000000 0.000000 0.000000 0.000000 0.000000 trait 3 0.000000 0.000000 0.000000 51304.000000 0.000000 13538.000000 70969.000000 30146.000000 trait 4 4.000000 0.000000 0.000000 36940.000000 0.000000 0.000000 43316.000000 37957.000000 node 1 4 1 3
node 2 4 1 1
node 3 1 1 1
node 4 1 1 1
node 5 2 1 1
node 6 2 1 1
node 7 4 1 1
node 8 4 1 1
node 9 2 1 1
node 10 1 1 1
node 11 2 1 1
node 12 4 1 1
node 13 2 0 2
node 14 1 0 2
node 15 3 0 2
node 121 1 0 0
node 235 1 0 0
node 384 1 0 0
node 420 1 0 0
node 433 1 0 0
node 461 1 0 0
node 500 1 0 0
node 516 1 0 0
node 697 3 0 0
node 1018 1 0 0
node 1130 1 0 0
node 1323 3 0 0
node 1393 1 0 0
node 1479 1 0 0
node 1531 4 0 0
node 1683 1 0 0
node 1735 1 0 0
node 1875 3 0 0
node 2034 1 0 0
node 2142 1 0 0
node 2172 1 0 0
node 2206 1 0 0
node 2313 1 0 0
node 2332 1 0 0
node 2368 1 0 0
node 2412 1 0 0
node 2430 1 0 0
node 2481 1 0 0
node 2494 1 0 0
node 2768 1 0 0
node 2810 1 0 0
gene 2 1 13 20613 0 1 20613 1
gene 3 2 13 800000 0 2 800000 1
gene 2 3 13 -527760 0 3 -527760 1
gene 3 4 13 -141864 0 4 -141864 1
gene 2 5 13 -10821 0 5 -10821 1
gene 4 6 13 -539114 0 6 -539114 1
gene 3 7 13 -280113 0 7 -280113 1
gene 2 8 13 -273354 0 8 -273354 0
gene 3 9 13 295479 0 9 295479 1
gene 2 10 13 200022 0 10 200022 1
gene 2 11 13 -263100 0 11 -263100 1
gene 4 12 13 263118 0 12 263118 1
gene 2 1 14 263535 0 13 263535 1
gene 2 2 14 -167769 0 14 -167769 1
gene 4 3 14 346878 0 15 346878 1
gene 4 4 14 697221 0 16 697221 0
gene 4 5 14 236457 0 17 236457 1
gene 3 6 14 -55974 0 18 -55974 0
gene 2 7 14 647628 0 19 647628 1
gene 1 8 14 -389691 0 20 -389691 0
gene 3 9 14 -236346 0 21 -236346 1
gene 1 10 14 -346656 0 22 -346656 1
gene 1 11 14 -1577 0 23 -1577 1
gene 4 12 14 196329 0 24 196329 1
gene 3 1 15 90654 0 25 90654 1
gene 3 2 15 26508 0 26 26508 1
gene 3 3 15 -285818 0 27 -285818 0
gene 3 4 15 800000 0 28 800000 1
gene 3 5 15 132150 0 29 132150 1
gene 1 6 15 61614 0 30 61614 1
gene 3 7 15 139080 0 31 139080 0
gene 3 8 15 651903 0 32 651903 0
gene 3 9 15 -81423 0 33 -81423 0
gene 3 10 15 68331 0 34 68331 0
gene 2 11 15 608840 0 35 608840 1
gene 4 12 15 -501665 0 36 -501665 0
gene 4 15 15 -39339 1 174 -39339 0
gene 3 8 121 -202971 0 329 -202971 0
gene 3 121 15 -48594 0 330 -48594 1
gene 2 5 121 -158220 0 438 -158220 1
gene 2 7 121 800000 0 483 800000 0
gene 4 4 235 -143532 0 666 -143532 1
gene 4 235 14 -351573 0 667 -351573 1
gene 1 1 235 320874 0 753 320874 1
gene 1 9 235 -102555 0 1108 -102555 1
gene 3 10 384 -582680 0 1126 -582680 1
gene 3 384 15 -127955 0 1127 -127955 0
gene 2 14 14 -183300 1 1197 -183300 0
gene 3 7 420 -603639 0 1239 -603639 0
gene 3 420 15 -167976 0 1240 -167976 0
gene 3 2 433 -22935 0 1284 -22935 0
gene 3 433 13 -415443 0 1285 -415443 1
gene 4 3 461 -416241 0 1352 -416241 1
gene 4 461 14 156516 0 1353 156516 1
gene 4 15 500 210423 1 1453 210423 1
gene 4 500 15 -545528 0 1454 -545528 1
gene 1 8 516 -110631 0 1500 -110631 1
gene 1 516 14 551843 0 1501 551843 1
gene 1 384 121 -286671 0 1548 -286671 1
gene 2 8 461 102738 0 1965 102738 1
gene 3 3 697 21372 0 2038 21372 0
gene 3 697 15 -472110 0 2039 -472110 1
gene 2 1 500 -155691 0 2133 -155691 1
gene 1 3 433 -36069 0 2628 -36069 1
gene 1 516 516 -187380 1 2664 -187380 1
gene 3 8 1018 -323151 0 2997 -323151 1
gene 3 1018 121 -138057 0 2998 -138057 0
gene 3 15 433 -5994 0 3156 -5994 1
gene 1 10 1130 -800000 0 3329 -800000 1
gene 1 1130 14 -650763 0 3330 -650763 1
gene 3 500 697 -250473 0 3371 -250473 1
gene 2 3 516 416657 0 3603 416657 1
gene 2 9 1323 -164451 0 3885 -164451 0
gene 2 1323 14 222957 0 3886 222957 0
gene 2 121 420 206742 0 3959 206742 0
gene 2 8 1393 -93603 0 4093 -93603 0
gene 2 1393 13 -131904 0 4094 -131904 1
gene 1 11 1479 207570 0 4325 207570 1
gene 1 1479 14 -678113 0 4326 -678113 1
gene 4 12 1531 311046 0 4477 311046 1
gene 4 1531 15 -320229 0 4478 -320229 1
gene 3 1393 433 666056 0 4734 666056 1
gene 2 1323 1683 315918 0 4950 315918 1
gene 2 1683 14 -16620 0 4951 -16620 1
gene 3 6 1735 131946 0 5103 131946 1
gene 3 1735 14 -322410 0 5104 -322410 1
gene 1 5 516 552690 0 5346 552690 1
gene 1 516 433 -228480 0 5443 -228480 1
gene 3 2 1875 -205632 0 5505 -205632 1
gene 3 1875 433 99630 0 5506 99630 1
gene 1 1683 461 116661 0 5687 116661 1
gene 1 516 121 -237792 0 5877 -237792 1
gene 3 3 2034 259059 0 5939 259059 1
gene 3 2034 697 136914 0 5940 136914 1
gene 3 5 1479 -61158 0 6157 -61158 1
gene 3 7 2142 747098 0 6248 747098 1
gene 3 2142 420 204621 0 6249 204621 1
gene 3 420 2172 -245478 0 6332 -245478 1
gene 3 2172 15 312627 0 6333 312627 1
gene 2 1735 1735 369855 1 6388 369855 1
gene 2 8 2206 -254763 0 6436 -254763 0
gene 2 2206 1393 -230418 0 6437 -230418 1
gene 2 121 2313 122712 0 6747 122712 0
gene 2 2313 420 23670 0 6748 23670 1
gene 2 9 2332 374190 0 6797 374190 1
gene 2 2332 1323 338199 0 6798 338199 1
gene 4 1323 2034 79218 0 6848 79218 1
gene 2 7 2368 -130050 0 6897 -130050 1
gene 2 2368 121 -104349 0 6898 -104349 1
gene 3 8 2412 189801 0 7028 189801 1
gene 3 2412 15 176187 0 7029 176187 1
gene 2 8 2430 -837 0 7088 -837 0
gene 2 2430 2206 157947 0 7089 157947 1
gene 2 121 2481 -87831 0 7252 -87831 1
gene 2 2481 2313 617279 0 7253 617279 1
gene 3 9 2494 438477 0 7292 438477 1
gene 3 2494 15 -132336 0 7293 -132336 1
gene 2 1479 384 -172614 0 7389 -172614 1
gene 2 121 2142 -576066 0 7445 -576066 1
gene 2 6 433 -106266 0 7711 -106266 1
gene 2 14 2768 -216324 1 8077 -216324 1
gene 2 2768 14 212910 0 8078 212910 1
gene 2 8 2810 1 0 8195 0 1
gene 2 2810 2430 -837 0 8196 0 1
gene 2 1393 1393 10108 1 8233 10108 1
genomeend 22


/* Organism #25 Fitness: 280.000000 Time: 0 */
/* Position #25*/
#1 x: 34 y: 38
#2 x: 58 y: 21
#3 x: 72 y: 26
#4 x: 72 y: 79
#5 x: 61 y: 74
#6 x: 18 y: 74
genomestart 25
trait 1 43007.000000 16300.000000 6994.000000 28041.000000 57524.000000 37112.000000 87908.000000 80535.000000 trait 2 66615.000000 0.000000 0.000000 79959.000000 0.000000 0.000000 0.000000 0.000000 trait 3 0.000000 0.000000 0.000000 51304.000000 0.000000 13538.000000 70969.000000 30146.000000 trait 4 4.000000 0.000000 0.000000 36940.000000 0.000000 0.000000 43316.000000 37957.000000 node 1 4 1 3
node 2 4 1 1
node 3 1 1 1
node 4 1 1 1
node 5 1 1 1
node 6 2 1 1
node 7 4 1 1
node 8 4 1 1
node 9 2 1 1
node 10 1 1 1
node 11 2 1 1
node 12 4 1 1
node 13 2 0 2
node 14 1 0 2
node 15 3 0 2
node 121 1 0 0
node 235 1 0 0
node 384 1 0 0
node 420 1 0 0
node 433 1 0 0
node 461 1 0 0
node 500 1 0 0
node 516 1 0 0
node 697 3 0 0
node 1018 1 0 0
node 1130 1 0 0
node 1323 3 0 0
node 1393 1 0 0
node 1479 1 0 0
node 1531 4 0 0
node 1683 1 0 0
node 1735 1 0 0
node 1875 3 0 0
node 2034 1 0 0
node 2142 1 0 0
node 2172 1 0 0
node 2206 1 0 0
node 2313 1 0 0
node 2332 1 0 0
node 2368 1 0 0
node 2412 1 0 0
node 2430 1 0 0
node 2481 1 0 0
node 2494 1 0 0
gene 2 1 13 588201 0 1 588201 1
gene 3 2 13 800000 0 2 800000 1
gene 2 3 13 36948 0 3 36948 1
gene 3 4 13 343521 0 4 343521 1
gene 2 5 13 -75885 0 5 -75885 1
gene 4 6 13 -795131 0 6 -795131 1
gene 3 7 13 800000 0 7 800000 1
gene 2 8 13 15381 0 8 15381 0
gene 3 9 13 381949 0 9 381949 1
gene 2 10 13 -757025 0 10 -757025 1
gene 2 11 13 -408324 0 11 -408324 1
gene 4 12 13 -136071 0 12 -136071 1
gene 2 1 14 788255 0 13 788255 1
gene 2 2 14 535956 0 14 535956 1
gene 4 3 14 -261132 0 15 -261132 1
gene 4 4 14 783627 0 16 783627 0
gene 4 5 14 457992 0 17 457992 1
gene 3 6 14 369720 0 18 369720 0
gene 2 7 14 800000 0 19 800000 1
gene 1 8 14 -567954 0 20 -567954 0
gene 3 9 14 -104814 0 21 -104814 1
gene 1 10 14 417603 0 22 417603 1
gene 1 11 14 -743918 0 23 -743918 1
gene 4 12 14 294993 0 24 294993 1
gene 3 1 15 -413793 0 25 -413793 1
gene 3 2 15 272637 0 26 272637 1
gene 3 3 15 -800000 0 27 -800000 0
gene 3 4 15 181170 0 28 181170 1
gene 3 5 15 -208689 0 29 -208689 1
gene 1 6 15 800000 0 30 800000 1
gene 3 7 15 368640 0 31 368640 0
gene 3 8 15 800000 0 32 800000 0
gene 3 9 15 -357195 0 33 -357195 0
gene 3 10 15 98427 0 34 98427 0
gene 2 11 15 426021 0 35 426021 1
gene 4 12 15 -800000 0 36 -800000 0
gene 4 15 15 215544 1 174 215544 0
gene 3 8 121 -557391 0 329 -557391 0
gene 3 121 15 254469 0 330 254469 1
gene 2 5 121 -610881 0 438 -610881 1
gene 2 7 121 800000 0 483 800000 0
gene 4 4 235 221049 0 666 221049 1
gene 4 235 14 -167637 0 667 -167637 1
gene 1 1 235 -169476 0 753 -169476 1
gene 1 9 235 800000 0 1108 800000 1
gene 3 10 384 -800000 0 1126 -800000 1
gene 3 384 15 -24425 0 1127 -24425 0
gene 2 14 14 -130650 1 1197 -130650 1
gene 3 7 420 -202233 0 1239 -202233 0
gene 3 420 15 551472 0 1240 551472 0
gene 3 2 433 456177 0 1284 456177 0
gene 3 433 13 267522 0 1285 267522 1
gene 4 3 461 -88086 0 1352 -88086 1
gene 4 461 14 -800000 0 1353 -800000 1
gene 4 15 500 209442 1 1453 209442 1
gene 4 500 15 -800000 0 1454 -800000 1
gene 1 8 516 -196236 0 1500 -196236 1
gene 1 516 14 748916 0 1501 748916 1
gene 1 384 121 -697830 0 1548 -697830 1
gene 2 8 461 113841 0 1965 113841 1
gene 3 3 697 -46476 0 2038 -46476 0
gene 3 697 15 -295386 0 2039 -295386 1
gene 2 1 500 538425 0 2133 538425 1
gene 1 3 433 97941 0 2628 97941 1
gene 1 516 516 -365865 1 2664 -365865 1
gene 3 8 1018 -126879 0 2997 -126879 1
gene 3 1018 121 91647 0 2998 91647 0
gene 3 15 433 290016 0 3156 290016 1
gene 1 10 1130 -460820 0 3329 -460820 1
gene 1 1130 14 -800000 0 3330 -800000 1
gene 3 500 697 -473934 0 3371 -473934 1
gene 2 3 516 800000 0 3603 800000 1
gene 2 9 1323 542028 0 3885 542028 0
gene 2 1323 14 371979 0 3886 371979 0
gene 2 121 420 58806 0 3959 58806 0
gene 2 8 1393 169923 0 4093 169923 0
gene 2 1393 13 -101616 0 4094 -101616 1
gene 1 11 1479 -47121 0 4325 -47121 1
gene 1 1479 14 -78027 0 4326 -78027 1
gene 4 12 1531 508092 0 4477 508092 1
gene 4 1531 15 -652842 0 4478 -652842 1
gene 3 1393 433 46950 0 4734 46950 1
gene 2 1323 1683 624447 0 4950 624447 1
gene 2 1683 14 -561288 0 4951 -561288 1
gene 3 6 1735 353100 0 5103 353100 1
gene 3 1735 14 -800000 0 5104 -800000 1
gene 1 5 516 667602 0 5346 667602 1
gene 1 516 433 347409 0 5443 347409 1
gene 3 2 1875 -167922 0 5505 -167922 1
gene 3 1875 433 776028 0 5506 776028 1
gene 1 1683 461 359922 0 5687 359922 1
gene 1 516 121 -155835 0 5877 -155835 1
gene 3 3 2034 46080 0 5939 46080 1
gene 3 2034 697 -451380 0 5940 -451380 1
gene 3 5 1479 -343929 0 6157 -343929 1
gene 3 7 2142 572585 0 6248 572585 1
gene 3 2142 420 -598041 0 6249 -598041 1
gene 3 420 2172 -281493 0 6332 -281493 1
gene 3 2172 15 292224 0 6333 292224 1
gene 2 1735 1735 29808 1 6388 29808 1
gene 2 8 2206 -543903 0 6436 -543903 0
gene 2 2206 1393 8442 0 6437 8442 1
gene 2 121 2313 273090 0 6747 273090 0
gene 2 2313 420 749073 0 6748 749073 1
gene 2 9 2332 -134292 0 6797 -134292 1
gene 2 2332 1323 -5826 0 6798 -5826 1
gene 4 1323 2034 225474 0 6848 225474 1
gene 2 7 2368 -124248 0 6897 -124248 1
gene 2 2368 121 -79806 0 6898 -79806 1
gene 3 8 2412 16665 0 7028 16665 1
gene 3 2412 15 -79227 0 7029 -79227 1
gene 2 8 2430 300729 0 7088 300729 1
gene 2 2430 2206 -249921 0 7089 -249921 1
gene 2 121 2481 -134673 0 7252 -134673 1
gene 2 2481 2313 204855 0 7253 204855 1
gene 3 9 2494 266121 0 7292 266121 1
gene 3 2494 15 -191124 0 7293 -191124 1
gene 2 1479 384 162894 0 7389 162894 1
gene 2 121 2142 -52761 0 7445 -52761 1
gene 2 6 433 39942 0 7711 39942 1
gene 2 1393 420 -18063 0 8237 -18063 1
genomeend 25


/* Organism #32 Fitness: 370.000000 Time: 0 */
/* Position #32*/
#1 x: 72 y: 31
#2 x: 77 y: 34
#3 x: 24 y: 23
#4 x: 16 y: 71
#5 x: 23 y: 79
#6 x: 43 y: 67
genomestart 32
trait 1 43007.000000 16300.000000 6994.000000 28041.000000 57524.000000 37112.000000 87908.000000 80535.000000 trait 2 0.000000 0.000000 0.000000 0.000000 47287.000000 84964.000000 41817.000000 0.000000 trait 3 0.000000 0.000000 0.000000 51304.000000 0.000000 13538.000000 70969.000000 30146.000000 trait 4 4.000000 0.000000 0.000000 36940.000000 0.000000 45239.000000 43316.000000 37957.000000 node 1 4 1 3
node 2 4 1 1
node 3 1 1 1
node 4 1 1 1
node 5 1 1 1
node 6 2 1 1
node 7 4 1 1
node 8 4 1 1
node 9 2 1 1
node 10 1 1 1
node 11 2 1 1
node 12 4 1 1
node 13 2 0 2
node 14 1 0 2
node 15 3 0 2
node 121 1 0 0
node 235 1 0 0
node 384 1 0 0
node 420 1 0 0
node 433 1 0 0
node 461 1 0 0
node 500 1 0 0
node 516 1 0 0
node 697 3 0 0
node 1018 1 0 0
node 1130 1 0 0
node 1323 3 0 0
node 1393 1 0 0
node 1479 1 0 0
node 1531 4 0 0
node 1683 1 0 0
node 1735 1 0 0
node 1875 1 0 0
node 2034 1 0 0
node 2142 1 0 0
node 2172 1 0 0
node 2206 1 0 0
node 2313 1 0 0
node 2332 1 0 0
node 2368 1 0 0
node 2491 1 0 0
node 2512 1 0 0
node 2530 1 0 0
node 2547 1 0 0
node 2692 1 0 0
node 2752 1 0 0
node 2781 1 0 0
node 2825 1 0 0
gene 2 1 13 -259180 0 1 -259180 1
gene 3 2 13 -345031 0 2 -345031 1
gene 2 3 13 15869 0 3 15869 1
gene 3 4 13 752325 0 4 752325 1
gene 2 5 13 -51824 0 5 -51824 0
gene 4 6 13 -443473 0 6 -443473 1
gene 3 7 13 -269099 0 7 -269099 1
gene 2 8 13 600057 0 8 600057 0
gene 3 9 13 -204095 0 9 -204095 0
gene 2 10 13 -374995 0 10 -374995 0
gene 2 11 13 9090 0 11 9090 1
gene 4 12 13 460272 0 12 460272 1
gene 2 1 14 -99738 0 13 -99738 1
gene 2 2 14 326431 0 14 326431 1
gene 4 3 14 -442237 0 15 -442237 1
gene 4 4 14 290234 0 16 290234 0
gene 4 5 14 220024 0 17 220024 1
gene 3 6 14 395443 0 18 395443 0
gene 2 7 14 265111 0 19 265111 1
gene 1 8 14 -444060 0 20 -444060 0
gene 3 9 14 -114062 0 21 -114062 1
gene 1 10 14 419416 0 22 419416 1
gene 1 11 14 168048 0 23 168048 1
gene 4 12 14 -160827 0 24 -160827 1
gene 3 1 15 -196179 0 25 -196179 1
gene 3 2 15 -800000 0 26 -800000 1
gene 3 3 15 17375 0 27 17375 0
gene 3 4 15 -229712 0 28 -229712 1
gene 3 5 15 -748252 0 29 -748252 1
gene 1 6 15 -604912 0 30 -604912 1
gene 3 7 15 -590716 0 31 -590716 1
gene 3 8 15 -453519 0 32 -453519 1
gene 3 9 15 -399789 0 33 -399789 1
gene 3 10 15 269800 0 34 269800 0
gene 2 11 15 140346 0 35 140346 1
gene 4 12 15 -662181 0 36 -662181 0
gene 4 15 15 421927 1 174 421927 1
gene 3 8 121 -131448 0 329 -131448 0
gene 3 121 15 622305 0 330 622305 1
gene 2 5 121 -360724 0 438 -360724 1
gene 2 7 121 1377 0 483 1377 0
gene 4 4 235 141588 0 666 141588 1
gene 4 235 14 -628107 0 667 -628107 1
gene 1 1 235 -304734 0 753 -304734 1
gene 3 9 235 -800000 0 1108 -800000 1
gene 3 10 384 -93345 0 1126 -93345 1
gene 3 384 15 521104 0 1127 521104 0
gene 2 14 14 -238765 1 1197 -238765 1
gene 3 7 420 -485019 0 1239 -485019 0
gene 3 420 15 488934 0 1240 488934 0
gene 3 2 433 -150909 0 1284 -150909 0
gene 3 433 13 127984 0 1285 127984 1
gene 4 3 461 427729 0 1352 427729 1
gene 4 461 14 -116481 0 1353 -116481 1
gene 4 15 500 7618 1 1453 7618 1
gene 4 500 15 -800000 0 1454 -800000 0
gene 1 8 516 39111 0 1500 39111 1
gene 1 516 14 800000 0 1501 800000 1
gene 1 384 121 -673002 0 1548 -673002 1
gene 2 8 461 -178723 0 1965 -178723 1
gene 3 3 697 422244 0 2038 422244 0
gene 3 697 15 423015 0 2039 423015 1
gene 2 1 500 -387747 0 2133 -387747 1
gene 1 3 433 -570126 0 2628 -570126 1
gene 1 516 516 -203039 1 2664 -203039 1
gene 3 8 1018 -195993 0 2997 -195993 1
gene 3 1018 121 -78645 0 2998 -78645 0
gene 3 15 433 -56199 0 3156 -56199 1
gene 1 10 1130 -273735 0 3329 -273735 1
gene 1 1130 14 -184372 0 3330 -184372 1
gene 3 500 697 161364 0 3371 161364 1
gene 2 3 516 37460 0 3603 37460 1
gene 2 9 1323 -225042 0 3885 -225042 0
gene 2 1323 14 -800000 0 3886 -800000 1
gene 2 121 420 23567 0 3959 23567 0
gene 2 8 1393 -61856 0 4093 -61856 0
gene 2 1393 13 400575 0 4094 400575 1
gene 1 11 1479 -90037 0 4325 -90037 1
gene 1 1479 14 178411 0 4326 178411 0
gene 4 12 1531 615717 0 4477 615717 1
gene 4 1531 15 308380 0 4478 308380 1
gene 3 1393 433 474370 0 4734 474370 1
gene 2 1323 1683 -307069 0 4950 -307069 1
gene 2 1683 14 381718 0 4951 381718 1
gene 3 6 1735 242913 0 5103 242913 1
gene 3 1735 14 275004 0 5104 275004 1
gene 1 5 516 -70545 0 5346 -70545 0
gene 1 516 433 -567241 0 5443 -567241 1
gene 3 2 1875 29586 0 5505 29586 1
gene 3 1875 433 -548122 0 5506 -548122 1
gene 1 1683 461 687999 0 5687 687999 1
gene 1 516 121 -722658 0 5877 -722658 1
gene 3 3 2034 296232 0 5939 296232 1
gene 3 2034 697 -403398 0 5940 -403398 1
gene 3 5 1479 -92324 0 6157 -92324 1
gene 3 7 2142 -196076 0 6248 -196076 1
gene 3 2142 420 452325 0 6249 452325 1
gene 3 420 2172 86771 0 6332 86771 1
gene 3 2172 15 -39945 0 6333 -39945 1
gene 2 1735 1735 -169239 1 6388 -169239 1
gene 2 8 2206 -190704 0 6436 -190704 1
gene 2 2206 1393 168561 0 6437 168561 1
gene 2 121 2313 531510 0 6747 531510 1
gene 2 2313 420 800000 0 6748 800000 1
gene 2 9 2332 201666 0 6797 201666 1
gene 2 2332 1323 378741 0 6798 378741 1
gene 4 1323 2034 -87189 0 6848 -87189 1
gene 2 7 2368 623710 0 6897 623710 0
gene 2 2368 121 -188058 0 6898 -188058 1
gene 2 384 1531 -181524 0 7018 -181524 1
gene 2 2142 1018 -358132 0 7205 -358132 1
gene 3 2206 2034 75848 0 7245 75848 1
gene 2 7 2491 117471 0 7283 117471 1
gene 2 2491 2368 254194 0 7284 254194 1
gene 2 5 2512 -800000 0 7337 -800000 1
gene 2 2512 13 -187788 0 7338 -187788 1
gene 2 10 2530 361363 0 7387 361363 1
gene 2 2530 13 266829 0 7388 266829 1
gene 3 9 2547 152560 0 7440 152560 1
gene 3 2547 13 298365 0 7441 298365 1
gene 2 2530 1479 -4800 0 7594 -4800 1
gene 1 1479 2692 428121 0 7856 428121 1
gene 1 2692 14 133416 0 7857 133416 1
gene 3 4 1130 -297168 0 7980 -297168 1
gene 4 500 2752 278365 0 8035 278365 1
gene 4 2752 15 -262434 0 8036 -262434 1
gene 2 2692 2332 280041 0 8070 280041 1
gene 3 9 2781 153528 0 8116 153528 1
gene 3 2781 13 -467582 0 8117 -467582 1
gene 1 5 2825 1 0 8241 0 1
gene 1 2825 516 -70545 0 8242 0 1
genomeend 32


/* Organism #34 Fitness: 260.000000 Time: 0 */
/* Position #34*/
#1 x: 78 y: 32
#2 x: 54 y: 37
#3 x: 34 y: 28
#4 x: 53 y: 76
#5 x: 27 y: 76
#6 x: 34 y: 73
genomestart 34
trait 1 71503.000000 52572.000000 0.000000 48265.000000 0.000000 0.000000 100000.000000 393.000000 trait 2 2.000000 0.000000 0.000000 0.000000 0.000000 0.000000 0.000000 0.000000 trait 3 0.000000 0.000000 0.000000 51304.000000 0.000000 13538.000000 70969.000000 30146.000000 trait 4 4.000000 0.000000 0.000000 36940.000000 0.000000 0.000000 43316.000000 37957.000000 node 1 4 1 3
node 2 4 1 1
node 3 1 1 1
node 4 1 1 1
node 5 1 1 1
node 6 2 1 1
node 7 4 1 1
node 8 4 1 1
node 9 2 1 1
node 10 1 1 1
node 11 2 1 1
node 12 4 1 1
node 13 2 0 2
node 14 1 0 2
node 15 3 0 2
node 121 1 0 0
node 235 1 0 0
node 384 1 0 0
node 420 1 0 0
node 433 1 0 0
node 461 1 0 0
node 500 1 0 0
node 516 1 0 0
node 697 1 0 0
node 1018 1 0 0
node 1130 1 0 0
node 1323 3 0 0
node 1393 1 0 0
node 1479 1 0 0
node 1531 4 0 0
node 1683 1 0 0
node 1735 1 0 0
node 1875 1 0 0
node 1975 1 0 0
node 2022 1 0 0
node 2179 1 0 0
node 2295 1 0 0
node 2730 1 0 0
node 2767 1 0 0
node 2826 1 0 0
gene 2 1 13 510627 0 1 510627 1
gene 3 2 13 -705824 0 2 -705824 1
gene 2 3 13 301214 0 3 301214 1
gene 3 4 13 -500601 0 4 -500601 1
gene 2 5 13 -97398 0 5 -97398 1
gene 4 6 13 -176703 0 6 -176703 0
gene 3 7 13 -394926 0 7 -394926 1
gene 2 8 13 -269979 0 8 -269979 0
gene 3 9 13 7641 0 9 7641 1
gene 2 10 13 537617 0 10 537617 1
gene 2 11 13 -371640 0 11 -371640 1
gene 4 12 13 116940 0 12 116940 1
gene 2 1 14 212552 0 13 212552 1
gene 2 2 14 201132 0 14 201132 1
gene 4 3 14 -189609 0 15 -189609 1
gene 4 4 14 71028 0 16 71028 0
gene 4 5 14 -160878 0 17 -160878 1
gene 3 6 14 -205791 0 18 -205791 0
gene 2 7 14 56421 0 19 56421 1
gene 1 8 14 -6015 0 20 -6015 0
gene 3 9 14 -90819 0 21 -90819 1
gene 1 10 14 557979 0 22 557979 1
gene 1 11 14 -800000 0 23 -800000 1
gene 4 12 14 800000 0 24 800000 0
gene 3 1 15 123396 0 25 123396 1
gene 3 2 15 39342 0 26 39342 1
gene 3 3 15 411609 0 27 411609 0
gene 3 4 15 126116 0 28 126116 1
gene 3 5 15 235893 0 29 235893 1
gene 1 6 15 543531 0 30 543531 0
gene 3 7 15 -180357 0 31 -180357 0
gene 3 8 15 -800000 0 32 -800000 1
gene 3 9 15 -67218 0 33 -67218 1
gene 3 10 15 -800000 0 34 -800000 0
gene 2 11 15 -57654 0 35 -57654 1
gene 4 12 15 -171420 0 36 -171420 0
gene 4 15 15 434208 1 174 434208 0
gene 3 8 121 -470355 0 329 -470355 0
gene 3 121 15 -389017 0 330 -389017 1
gene 2 5 121 239235 0 438 239235 1
gene 2 7 121 -58632 0 483 -58632 1
gene 4 4 235 -190413 0 666 -190413 1
gene 4 235 14 -226775 0 667 -226775 1
gene 1 1 235 679530 0 753 679530 1
gene 1 9 235 199152 0 1108 199152 1
gene 3 10 384 -419304 0 1126 -419304 1
gene 3 384 15 -67419 0 1127 -67419 0
gene 2 14 14 22257 1 1197 22257 0
gene 3 7 420 294417 0 1239 294417 1
gene 3 420 15 -208320 0 1240 -208320 1
gene 3 2 433 -493950 0 1284 -493950 0
gene 3 433 13 -271017 0 1285 -271017 1
gene 4 3 461 77883 0 1352 77883 1
gene 4 461 14 150876 0 1353 150876 1
gene 4 15 500 -290490 1 1453 -290490 1
gene 4 500 15 369258 0 1454 369258 0
gene 1 8 516 -271968 0 1500 -271968 1
gene 1 516 14 -436748 0 1501 -436748 1
gene 1 384 121 144144 0 1548 144144 1
gene 2 8 461 -189369 0 1965 -189369 1
gene 3 3 697 -93762 0 2038 -93762 1
gene 2 697 15 -45840 0 2039 -45840 1
gene 2 1 500 -177876 0 2133 -177876 1
gene 1 3 433 254082 0 2628 254082 1
gene 1 516 516 420251 1 2664 420251 1
gene 3 8 1018 -390357 0 2997 -390357 0
gene 3 1018 121 685871 0 2998 685871 0
gene 3 15 433 591788 0 3156 591788 1
gene 1 10 1130 51270 0 3329 51270 1
gene 1 1130 14 117453 0 3330 117453 1
gene 3 500 697 229635 0 3371 229635 1
gene 2 3 516 638383 0 3603 638383 1
gene 2 9 1323 167517 0 3885 167517 1
gene 2 1323 14 176550 0 3886 176550 0
gene 2 121 420 107337 0 3959 107337 1
gene 2 8 1393 102957 0 4093 102957 1
gene 2 1393 13 -25287 0 4094 -25287 1
gene 1 11 1479 -588525 0 4325 -588525 1
gene 1 1479 14 252336 0 4326 252336 1
gene 4 12 1531 201117 0 4477 201117 1
gene 4 1531 15 108069 0 4478 108069 0
gene 3 1393 433 -4317 0 4734 -4317 1
gene 2 1323 1683 388425 0 4950 388425 1
gene 2 1683 14 -280812 0 4951 -280812 1
gene 3 6 1735 -49344 0 5103 -49344 1
gene 3 1735 14 -108069 0 5104 -108069 0
gene 1 5 516 62730 0 5346 62730 1
gene 1 516 433 173016 0 5443 173016 1
gene 3 2 1875 -27942 0 5505 -27942 1
gene 3 1875 433 -599594 0 5506 -599594 1
gene 1 1683 461 -438183 0 5687 -438183 1
gene 1 6 1975 -339936 0 5780 -339936 1
gene 1 1975 15 -340695 0 5781 -340695 1
gene 4 1531 2022 -614787 0 5905 -614787 1
gene 4 2022 15 -63597 0 5906 -63597 1
gene 3 121 1875 39045 0 5987 39045 1
gene 1 1683 1393 -157464 0 6232 -157464 1
gene 4 500 2179 38532 0 6351 38532 1
gene 4 2179 15 94605 0 6352 94605 1
gene 3 12 2179 113700 0 6539 113700 1
gene 1 1975 1975 -209913 1 6578 -209913 1
gene 2 14 2295 109950 1 6699 109950 1
gene 2 2295 14 -461988 0 6700 -461988 1
gene 4 4 433 485901 0 7064 485901 1
gene 3 12 235 560619 0 7098 560619 1
gene 1 384 384 -157629 1 7242 -157629 1
gene 2 500 500 40329 1 7740 40329 1
gene 3 8 2730 214681 0 7969 214681 1
gene 3 2730 1018 -164196 0 7970 -164196 1
gene 2 2730 516 -25990 0 8040 -25990 1
gene 4 6 2767 16528 0 8075 16528 1
gene 4 2767 13 252312 0 8076 252312 1
gene 3 13 15 35532 1 8122 35532 1
gene 4 12 2826 1 0 8243 0 1
gene 4 2826 14 800000 0 8244 0 1
genomeend 34


/* Organism #35 Fitness: 240.000000 Time: 0 */
/* Position #35*/
#1 x: 78 y: 32
#2 x: 54 y: 37
#3 x: 34 y: 28
#4 x: 53 y: 76
#5 x: 27 y: 76
#6 x: 34 y: 73
genomestart 35
trait 1 100000.000000 7983.000000 0.000000 7799.000000 0.000000 23825.000000 0.000000 0.000000 trait 2 2.000000 0.000000 0.000000 0.000000 83586.000000 0.000000 76024.000000 27694.000000 trait 3 0.000000 0.000000 0.000000 0.000000 0.000000 13538.000000 70969.000000 0.000000 trait 4 17399.000000 0.000000 11440.000000 97211.000000 0.000000 0.000000 2888.000000 37957.000000 node 1 4 1 3
node 2 4 1 1
node 3 1 1 1
node 4 1 1 1
node 5 1 1 1
node 6 2 1 1
node 7 4 1 1
node 8 4 1 1
node 9 2 1 1
node 10 1 1 1
node 11 1 1 1
node 12 4 1 1
node 13 2 0 2
node 14 1 0 2
node 15 3 0 2
node 121 1 0 0
node 235 1 0 0
node 384 1 0 0
node 420 1 0 0
node 433 1 0 0
node 461 1 0 0
node 500 1 0 0
node 516 1 0 0
node 697 1 0 0
node 1018 2 0 0
node 1130 1 0 0
node 1323 1 0 0
node 1393 1 0 0
node 1479 1 0 0
node 1531 1 0 0
node 1732 1 0 0
node 1844 1 0 0
node 2023 1 0 0
node 2035 1 0 0
node 2054 1 0 0
node 2076 1 0 0
node 2174 1 0 0
node 2292 1 0 0
node 2306 1 0 0
node 2374 1 0 0
node 2502 1 0 0
node 2593 1 0 0
node 2610 1 0 0
node 2756 1 0 0
node 2827 1 0 0
gene 2 1 13 -114465 0 1 -114465 1
gene 3 2 13 49515 0 2 49515 1
gene 2 3 13 338529 0 3 338529 1
gene 3 4 13 455634 0 4 455634 1
gene 2 5 13 279159 0 5 279159 0
gene 4 6 13 709134 0 6 709134 1
gene 3 7 13 -406704 0 7 -406704 1
gene 2 8 13 -787916 0 8 -787916 0
gene 3 9 13 586194 0 9 586194 1
gene 2 10 13 397608 0 10 397608 1
gene 2 11 13 503259 0 11 503259 0
gene 4 12 13 800000 0 12 800000 0
gene 4 1 14 103398 0 13 103398 1
gene 2 2 14 211935 0 14 211935 0
gene 4 3 14 620871 0 15 620871 1
gene 4 4 14 173547 0 16 173547 0
gene 4 5 14 -422967 0 17 -422967 1
gene 3 6 14 -500135 0 18 -500135 1
gene 2 7 14 681969 0 19 681969 1
gene 1 8 14 -513741 0 20 -513741 1
gene 2 9 14 231120 0 21 231120 0
gene 1 10 14 -188385 0 22 -188385 0
gene 1 11 14 199155 0 23 199155 0
gene 4 12 14 -58908 0 24 -58908 1
gene 3 1 15 -492825 0 25 -492825 1
gene 3 2 15 -613601 0 26 -613601 1
gene 3 3 15 -137502 0 27 -137502 0
gene 3 4 15 -163076 0 28 -163076 1
gene 3 5 15 -514421 0 29 -514421 1
gene 1 6 15 284649 0 30 284649 1
gene 3 7 15 169104 0 31 169104 0
gene 3 8 15 231720 0 32 231720 1
gene 3 9 15 -481607 0 33 -481607 1
gene 3 10 15 142857 0 34 142857 0
gene 2 11 15 -512355 0 35 -512355 1
gene 4 12 15 -199893 0 36 -199893 0
gene 4 15 15 72417 1 174 72417 0
gene 3 8 121 -122511 0 329 -122511 0
gene 3 121 15 -540159 0 330 -540159 1
gene 2 5 121 330717 0 438 330717 1
gene 2 7 121 -59967 0 483 -59967 1
gene 4 4 235 145104 0 666 145104 1
gene 4 235 14 -121017 0 667 -121017 1
gene 1 1 235 753417 0 753 753417 1
gene 1 9 235 251706 0 1108 251706 1
gene 3 10 384 160389 0 1126 160389 1
gene 3 384 15 -34974 0 1127 -34974 0
gene 2 14 14 377907 1 1197 377907 0
gene 3 7 420 330192 0 1239 330192 1
gene 3 420 15 -79710 0 1240 -79710 1
gene 3 2 433 -316323 0 1284 -316323 1
gene 3 433 13 -306207 0 1285 -306207 1
gene 4 3 461 -73431 0 1352 -73431 1
gene 4 461 14 382944 0 1353 382944 0
gene 4 15 500 -607597 1 1453 -607597 1
gene 4 500 15 -421008 0 1454 -421008 1
gene 1 8 516 -591486 0 1500 -591486 1
gene 1 516 14 -39375 0 1501 -39375 1
gene 1 384 121 -148833 0 1548 -148833 0
gene 2 8 461 301371 0 1965 301371 1
gene 3 3 697 -372441 0 2038 -372441 1
gene 3 697 15 772826 0 2039 772826 1
gene 2 1 500 478527 0 2133 478527 1
gene 1 3 433 -201729 0 2628 -201729 1
gene 1 516 516 -228564 1 2664 -228564 1
gene 3 8 1018 -565740 0 2997 -565740 1
gene 3 1018 121 -619600 0 2998 -619600 1
gene 3 15 433 -148059 0 3156 -148059 1
gene 1 10 1130 -201552 0 3329 -201552 1
gene 1 1130 14 231147 0 3330 231147 1
gene 3 500 697 -741591 0 3371 -741591 1
gene 2 3 516 243507 0 3603 243507 1
gene 2 9 1323 124434 0 3885 124434 1
gene 2 1323 14 216643 0 3886 216643 1
gene 2 121 420 -501930 0 3959 -501930 1
gene 2 8 1393 -336264 0 4093 -336264 1
gene 2 1393 13 164781 0 4094 164781 0
gene 1 11 1479 -180909 0 4325 -180909 1
gene 4 1479 14 481591 0 4326 481591 1
gene 4 12 1531 16713 0 4477 16713 0
gene 4 1531 15 90 0 4478 90 1
gene 2 1323 420 -75372 0 4676 -75372 1
gene 3 500 1479 -74226 0 4897 -74226 1
gene 4 461 461 -397032 1 4980 -397032 1
gene 2 121 1732 -504435 0 5095 -504435 1
gene 1 1732 420 800000 0 5096 800000 1
gene 1 384 500 280374 0 5133 280374 1
gene 2 15 14 102174 0 5180 102174 0
gene 4 6 1130 241806 0 5368 241806 1
gene 3 10 1844 112107 0 5409 112107 1
gene 3 1844 384 -684054 0 5410 -684054 1
gene 2 2 2023 327390 0 5908 327390 1
gene 1 2023 14 33828 0 5909 33828 1
gene 2 1393 2035 152340 0 5942 152340 0
gene 2 2035 13 401715 0 5943 401715 1
gene 4 461 2054 534012 0 5995 534012 1
gene 4 2054 14 243858 0 5996 243858 1
gene 4 461 2076 -471579 0 6055 -471579 1
gene 4 2076 2054 94398 0 6056 94398 1
gene 2 11 2174 -176610 0 6336 -176610 1
gene 2 2174 13 145632 0 6337 145632 1
gene 2 1393 2292 -350202 0 6690 -350202 1
gene 2 2292 2035 -445482 0 6691 -445482 1
gene 4 12 2306 -63657 0 6730 -63657 1
gene 4 2306 13 -175917 0 6731 -175917 1
gene 2 15 2374 600276 0 6914 600276 1
gene 2 2374 14 -637668 0 6915 -637668 1
gene 4 500 2502 37236 0 7309 37236 1
gene 4 2502 15 -280578 0 7310 -280578 1
gene 4 15 461 -52173 0 7483 -52173 1
gene 3 433 433 143166 1 7529 143166 1
gene 1 384 2593 46308 0 7577 46308 1
gene 1 2593 121 241056 0 7578 241056 1
gene 2 14 2610 -428661 1 7624 -428661 1
gene 2 2610 14 382782 0 7625 382782 1
gene 4 1844 2306 -143560 0 7943 -143560 1
gene 2 5 2756 -43790 0 8049 -43790 1
gene 2 2756 13 458313 0 8050 458313 1
gene 4 1130 2054 -102591 0 8079 -102591 1
gene 4 12 2827 1 0 8245 0 1
gene 4 2827 1531 16713 0 8246 0 1
genomeend 35


/* Organism #38 Fitness: 340.000000 Time: 0 */
/* Position #38*/
#1 x: 56 y: 40
#2 x: 41 y: 33
#3 x: 65 y: 15
#4 x: 73 y: 79
#5 x: 45 y: 76
#6 x: 54 y: 63
genomestart 38
trait 1 100000.000000 16300.000000 0.000000 0.000000 45600.000000 0.000000 0.000000 0.000000 trait 2 2.000000 0.000000 0.000000 0.000000 83586.000000 0.000000 76024.000000 27694.000000 trait 3 0.000000 0.000000 0.000000 0.000000 0.000000 13538.000000 70969.000000 0.000000 trait 4 17399.000000 0.000000 11440.000000 97211.000000 0.000000 0.000000 2888.000000 37957.000000 node 1 4 1 3
node 2 4 1 1
node 3 1 1 1
node 4 1 1 1
node 5 1 1 1
node 6 2 1 1
node 7 4 1 1
node 8 4 1 1
node 9 2 1 1
node 10 1 1 1
node 11 1 1 1
node 12 4 1 1
node 13 2 0 2
node 14 1 0 2
node 15 3 0 2
node 121 1 0 0
node 235 1 0 0
node 384 1 0 0
node 420 1 0 0
node 433 1 0 0
node 461 1 0 0
node 500 1 0 0
node 516 1 0 0
node 697 1 0 0
node 1018 2 0 0
node 1130 1 0 0
node 1323 1 0 0
node 1393 1 0 0
node 1479 1 0 0
node 1531 1 0 0
node 1732 1 0 0
node 1844 1 0 0
node 2023 1 0 0
node 2035 1 0 0
node 2054 1 0 0
node 2076 1 0 0
node 2174 1 0 0
node 2292 1 0 0
node 2306 1 0 0
node 2374 1 0 0
node 2502 1 0 0
node 2593 1 0 0
node 2650 1 0 0
node 2685 1 0 0
gene 2 1 13 348453 0 1 348453 1
gene 3 2 13 454113 0 2 454113 1
gene 2 3 13 -90843 0 3 -90843 1
gene 3 4 13 -187143 0 4 -187143 1
gene 2 5 13 -198 0 5 -198 1
gene 4 6 13 -212781 0 6 -212781 1
gene 3 7 13 -415272 0 7 -415272 1
gene 2 8 13 411483 0 8 411483 0
gene 3 9 13 490881 0 9 490881 1
gene 2 10 13 -646478 0 10 -646478 1
gene 2 11 13 48099 0 11 48099 0
gene 4 12 13 693312 0 12 693312 0
gene 4 1 14 -514794 0 13 -514794 1
gene 2 2 14 -12438 0 14 -12438 0
gene 4 3 14 -65028 0 15 -65028 1
gene 4 4 14 -53400 0 16 -53400 0
gene 4 5 14 160650 0 17 160650 1
gene 3 6 14 -287613 0 18 -287613 1
gene 2 7 14 -192786 0 19 -192786 1
gene 1 8 14 25932 0 20 25932 1
gene 2 9 14 -794892 0 21 -794892 0
gene 1 10 14 -332942 0 22 -332942 0
gene 1 11 14 -471704 0 23 -471704 0
gene 4 12 14 -475251 0 24 -475251 1
gene 3 1 15 -300825 0 25 -300825 1
gene 3 2 15 -333891 0 26 -333891 1
gene 3 3 15 -192366 0 27 -192366 0
gene 3 4 15 -2637 0 28 -2637 1
gene 3 5 15 182670 0 29 182670 1
gene 1 6 15 -122751 0 30 -122751 1
gene 3 7 15 534942 0 31 534942 0
gene 3 8 15 234873 0 32 234873 1
gene 3 9 15 -52227 0 33 -52227 1
gene 3 10 15 300417 0 34 300417 0
gene 2 11 15 -44439 0 35 -44439 1
gene 4 12 15 358551 0 36 358551 0
gene 4 15 15 111063 1 174 111063 0
gene 3 8 121 75378 0 329 75378 0
gene 3 121 15 431703 0 330 431703 1
gene 2 5 121 369561 0 438 369561 1
gene 2 7 121 514467 0 483 514467 1
gene 4 4 235 -157644 0 666 -157644 1
gene 4 235 14 -510933 0 667 -510933 1
gene 1 1 235 -163734 0 753 -163734 1
gene 1 9 235 -800000 0 1108 -800000 1
gene 3 10 384 -415860 0 1126 -415860 1
gene 3 384 15 -277110 0 1127 -277110 0
gene 2 14 14 278597 1 1197 278597 1
gene 3 7 420 -348515 0 1239 -348515 1
gene 3 420 15 -64803 0 1240 -64803 1
gene 3 2 433 513075 0 1284 513075 1
gene 3 433 13 5337 0 1285 5337 1
gene 4 3 461 194235 0 1352 194235 1
gene 4 461 14 143841 0 1353 143841 0
gene 4 15 500 -800000 1 1453 -800000 1
gene 4 500 15 -678824 0 1454 -678824 1
gene 1 8 516 -315957 0 1500 -315957 1
gene 1 516 14 298329 0 1501 298329 1
gene 1 384 121 -485763 0 1548 -485763 0
gene 2 8 461 -534386 0 1965 -534386 1
gene 3 3 697 103224 0 2038 103224 1
gene 3 697 15 258738 0 2039 258738 1
gene 2 1 500 783531 0 2133 783531 1
gene 4 3 433 685233 0 2628 685233 1
gene 1 516 516 10035 1 2664 10035 1
gene 3 8 1018 669882 0 2997 669882 1
gene 3 1018 121 54095 0 2998 54095 1
gene 3 15 433 48297 0 3156 48297 1
gene 1 10 1130 279015 0 3329 279015 1
gene 1 1130 14 637807 0 3330 637807 1
gene 3 500 697 564789 0 3371 564789 1
gene 2 3 516 -462591 0 3603 -462591 1
gene 2 9 1323 -403842 0 3885 -403842 1
gene 2 1323 14 49216 0 3886 49216 1
gene 2 121 420 197154 0 3959 197154 1
gene 2 8 1393 376971 0 4093 376971 1
gene 2 1393 13 -193455 0 4094 -193455 0
gene 1 11 1479 455823 0 4325 455823 1
gene 4 1479 14 630228 0 4326 630228 1
gene 4 12 1531 323712 0 4477 323712 1
gene 4 1531 15 -577194 0 4478 -577194 1
gene 2 1323 420 189681 0 4676 189681 1
gene 3 500 1479 407334 0 4897 407334 1
gene 4 461 461 -761259 1 4980 -761259 1
gene 2 121 1732 230970 0 5095 230970 1
gene 1 1732 420 91428 0 5096 91428 1
gene 1 384 500 -289977 0 5133 -289977 1
gene 2 15 14 224496 0 5180 224496 0
gene 4 6 1130 -132954 0 5368 -132954 1
gene 3 10 1844 -204216 0 5409 -204216 1
gene 3 1844 384 -117774 0 5410 -117774 1
gene 2 2 2023 173412 0 5908 173412 1
gene 1 2023 14 59289 0 5909 59289 1
gene 2 1393 2035 365523 0 5942 365523 0
gene 2 2035 13 -689419 0 5943 -689419 1
gene 4 461 2054 -312378 0 5995 -312378 1
gene 4 2054 14 -409812 0 5996 -409812 1
gene 4 461 2076 181773 0 6055 181773 1
gene 4 2076 2054 125127 0 6056 125127 1
gene 2 11 2174 -569412 0 6336 -569412 1
gene 2 2174 13 -233958 0 6337 -233958 1
gene 2 1393 2292 241344 0 6690 241344 1
gene 2 2292 2035 18258 0 6691 18258 1
gene 4 12 2306 730656 0 6730 730656 0
gene 4 2306 13 -579585 0 6731 -579585 1
gene 2 15 2374 -720246 0 6914 -720246 1
gene 2 2374 14 -35160 0 6915 -35160 1
gene 4 500 2502 208015 0 7309 208015 1
gene 4 2502 15 -204492 0 7310 -204492 1
gene 4 15 461 32844 0 7483 32844 1
gene 3 433 433 -236283 1 7529 -236283 1
gene 1 384 2593 56781 0 7577 56781 1
gene 1 2593 121 -88080 0 7578 -88080 1
gene 4 4 1130 162909 0 7697 162909 0
gene 4 4 2650 275755 0 7745 275755 1
gene 4 2650 1130 -246162 0 7746 -246162 1
gene 4 12 2685 -239685 0 7837 -239685 1
gene 4 2685 2306 -290118 0 7838 -290118 1
gene 2 235 235 -100899 1 7946 -100899 1
gene 3 12 384 91202 0 8080 91202 1
gene 3 15 1130 -47387 0 8126 -47387 1
genomeend 38


/* Organism #48 Fitness: 300.000000 Time: 0 */
/* Position #48*/
#1 x: 82 y: 38
#2 x: 27 y: 16
#3 x: 68 y: 32
#4 x: 80 y: 64
#5 x: 70 y: 65
#6 x: 29 y: 82
genomestart 48
trait 1 43007.000000 16300.000000 0.000000 0.000000 0.000000 0.000000 87908.000000 0.000000 trait 2 0.000000 50111.000000 0.000000 0.000000 5818.000000 0.000000 21161.000000 0.000000 trait 3 28689.000000 0.000000 0.000000 51304.000000 0.000000 0.000000 100000.000000 0.000000 trait 4 4.000000 0.000000 0.000000 0.000000 0.000000 0.000000 0.000000 37957.000000 node 1 4 1 3
node 2 4 1 1
node 3 1 1 1
node 4 1 1 1
node 5 1 1 1
node 6 2 1 1
node 7 4 1 1
node 8 4 1 1
node 9 2 1 1
node 10 1 1 1
node 11 4 1 1
node 12 4 1 1
node 13 2 0 2
node 14 1 0 2
node 15 3 0 2
node 121 1 0 0
node 235 1 0 0
node 384 1 0 0
node 420 1 0 0
node 433 1 0 0
node 461 1 0 0
node 500 1 0 0
node 516 1 0 0
node 697 1 0 0
node 1018 1 0 0
node 1130 1 0 0
node 1323 1 0 0
node 1393 1 0 0
node 1479 2 0 0
node 1531 4 0 0
node 1683 1 0 0
node 1734 1 0 0
node 1953 1 0 0
node 1976 1 0 0
node 1994 1 0 0
node 2272 1 0 0
node 2286 1 0 0
node 2474 1 0 0
node 2630 1 0 0
node 2744 1 0 0
node 2764 1 0 0
gene 2 1 13 -233964 0 1 -233964 1
gene 3 2 13 -721598 0 2 -721598 1
gene 2 3 13 789129 0 3 789129 1
gene 3 4 13 -74889 0 4 -74889 1
gene 2 5 13 -217068 0 5 -217068 1
gene 4 6 13 -212769 0 6 -212769 1
gene 3 7 13 -581105 0 7 -581105 1
gene 2 8 13 422562 0 8 422562 0
gene 3 9 13 -767454 0 9 -767454 0
gene 2 10 13 261396 0 10 261396 1
gene 2 11 13 406350 0 11 406350 1
gene 4 12 13 536190 0 12 536190 1
gene 2 1 14 800000 0 13 800000 1
gene 2 2 14 682998 0 14 682998 1
gene 4 3 14 -498177 0 15 -498177 1
gene 4 4 14 -166896 0 16 -166896 0
gene 4 5 14 118656 0 17 118656 1
gene 3 6 14 117399 0 18 117399 1
gene 2 7 14 362895 0 19 362895 1
gene 1 8 14 66786 0 20 66786 0
gene 2 9 14 -579552 0 21 -579552 0
gene 1 10 14 -611354 0 22 -611354 0
gene 1 11 14 -771737 0 23 -771737 0
gene 4 12 14 22074 0 24 22074 1
gene 4 1 15 277908 0 25 277908 1
gene 3 2 15 130419 0 26 130419 1
gene 3 3 15 107523 0 27 107523 0
gene 3 4 15 85088 0 28 85088 1
gene 2 5 15 -800000 0 29 -800000 1
gene 1 6 15 -8028 0 30 -8028 1
gene 3 7 15 800000 0 31 800000 0
gene 3 8 15 279006 0 32 279006 0
gene 3 9 15 -180660 0 33 -180660 1
gene 3 10 15 227376 0 34 227376 0
gene 2 11 15 -169005 0 35 -169005 1
gene 4 12 15 65100 0 36 65100 0
gene 4 15 15 -165837 1 174 -165837 0
gene 3 8 121 253776 0 329 253776 0
gene 3 121 15 -489972 0 330 -489972 1
gene 2 5 121 -577716 0 438 -577716 1
gene 2 7 121 -267186 0 483 -267186 1
gene 4 4 235 421221 0 666 421221 1
gene 4 235 14 291024 0 667 291024 1
gene 1 1 235 -170085 0 753 -170085 1
gene 1 9 235 -87819 0 1108 -87819 1
gene 3 10 384 -800000 0 1126 -800000 1
gene 3 384 15 -298137 0 1127 -298137 0
gene 2 14 14 722306 1 1197 722306 1
gene 3 7 420 -36915 0 1239 -36915 1
gene 3 420 15 139572 0 1240 139572 1
gene 3 2 433 -35532 0 1284 -35532 0
gene 3 433 13 -227475 0 1285 -227475 1
gene 4 3 461 -253092 0 1352 -253092 1
gene 4 461 14 313329 0 1353 313329 1
gene 4 15 500 25251 1 1453 25251 1
gene 4 500 15 -284889 0 1454 -284889 1
gene 1 8 516 639315 0 1500 639315 1
gene 1 516 14 515916 0 1501 515916 1
gene 1 384 121 61983 0 1548 61983 1
gene 2 8 461 -136086 0 1965 -136086 0
gene 3 3 697 -39387 0 2038 -39387 1
gene 3 697 15 -800000 0 2039 -800000 0
gene 2 1 500 11724 0 2133 11724 1
gene 1 3 433 90735 0 2628 90735 1
gene 2 516 516 -313869 1 2664 -313869 1
gene 3 8 1018 79641 0 2997 79641 1
gene 3 1018 121 -509706 0 2998 -509706 0
gene 3 15 433 214713 0 3156 214713 0
gene 1 10 1130 -198431 0 3329 -198431 1
gene 1 1130 14 -98667 0 3330 -98667 0
gene 3 500 697 168147 0 3371 168147 1
gene 1 3 516 -114072 0 3603 -114072 1
gene 2 9 1323 -330587 0 3885 -330587 0
gene 2 1323 14 -706619 0 3886 -706619 0
gene 2 121 420 -800000 0 3959 -800000 1
gene 2 8 1393 236316 0 4093 236316 1
gene 2 1393 13 -585533 0 4094 -585533 1
gene 1 11 1479 698033 0 4325 698033 1
gene 1 1479 14 -255288 0 4326 -255288 1
gene 4 12 1531 364104 0 4477 364104 1
gene 4 1531 15 -492195 0 4478 -492195 1
gene 3 1393 433 230178 0 4734 230178 1
gene 2 1323 1683 95370 0 4950 95370 1
gene 2 1683 14 -61634 0 4951 -61634 1
gene 2 9 1734 216654 0 5099 216654 1
gene 2 1734 1323 64710 0 5100 64710 1
gene 1 5 1531 580836 0 5504 580836 0
gene 2 1323 461 -392049 0 5534 -392049 1
gene 2 1734 1734 -175668 1 5573 -175668 1
gene 4 2 1683 800000 0 5674 800000 1
gene 1 1130 1953 308436 0 5725 308436 1
gene 1 1953 14 -328038 0 5726 -328038 1
gene 3 2 1976 339300 0 5782 339300 1
gene 3 1976 433 -163995 0 5783 -163995 1
gene 2 8 1994 388239 0 5831 388239 1
gene 2 1994 461 187263 0 5832 187263 1
gene 4 384 1323 270663 0 6182 270663 1
gene 2 3 420 -166188 0 6444 -166188 1
gene 1 7 1393 46974 0 6586 46974 1
gene 3 9 2272 -58485 0 6629 -58485 1
gene 3 2272 13 -662286 0 6630 -662286 1
gene 3 15 2286 -142065 0 6668 -142065 1
gene 3 2286 433 -174504 0 6669 -174504 1
gene 1 1994 697 179388 0 6884 179388 1
gene 3 384 420 -103818 0 7012 -103818 0
gene 1 5 2474 157827 0 7224 157827 1
gene 1 2474 1531 437034 0 7225 437034 1
gene 2 2 1734 206650 0 7259 206650 1
gene 3 1953 1130 613422 1 7296 613422 1
gene 3 433 433 -218526 1 7429 -218526 1
gene 4 10 2474 145944 0 7467 145944 1
gene 3 384 2630 19431 0 7685 19431 1
gene 3 2630 420 221079 0 7686 221079 1
gene 2 1976 2474 -15021 0 7891 -15021 1
gene 3 697 2744 36433 0 8014 36433 1
gene 3 2744 15 -669708 0 8015 -669708 1
gene 3 8 2764 86248 0 8066 86248 1
gene 3 2764 15 27894 0 8067 27894 1
genomeend 48


/* Organism #58 Fitness: 260.000000 Time: 0 */
/* Position #58*/
#1 x: 63 y: 23
#2 x: 56 y: 23
#3 x: 20 y: 22
#4 x: 76 y: 60
#5 x: 34 y: 66
#6 x: 16 y: 68
genomestart 58
trait 1 43007.000000 0.000000 0.000000 0.000000 0.000000 0.000000 87908.000000 0.000000 trait 2 0.000000 94809.000000 34350.000000 0.000000 0.000000 0.000000 0.000000 0.000000 trait 3 0.000000 0.000000 0.000000 51304.000000 0.000000 13538.000000 70969.000000 30146.000000 trait 4 4.000000 0.000000 0.000000 36940.000000 0.000000 0.000000 43316.000000 37957.000000 node 1 4 1 3
node 2 4 1 1
node 3 1 1 1
node 4 1 1 1
node 5 1 1 1
node 6 2 1 1
node 7 4 1 1
node 8 4 1 1
node 9 2 1 1
node 10 4 1 1
node 11 2 1 1
node 12 4 1 1
node 13 2 0 2
node 14 1 0 2
node 15 3 0 2
node 121 1 0 0
node 235 1 0 0
node 384 1 0 0
node 420 1 0 0
node 433 1 0 0
node 461 1 0 0
node 500 1 0 0
node 516 1 0 0
node 697 1 0 0
node 1018 1 0 0
node 1130 1 0 0
node 1323 3 0 0
node 1393 3 0 0
node 1479 1 0 0
node 1531 4 0 0
node 1683 1 0 0
node 1735 1 0 0
node 1875 1 0 0
node 1975 1 0 0
node 2022 1 0 0
node 2179 1 0 0
node 2295 1 0 0
node 2545 1 0 0
node 2573 1 0 0
node 2682 1 0 0
node 2702 1 0 0
gene 2 1 13 271068 0 1 271068 1
gene 3 2 13 -273843 0 2 -273843 1
gene 2 3 13 235770 0 3 235770 1
gene 3 4 13 -3225 0 4 -3225 1
gene 2 5 13 70323 0 5 70323 1
gene 4 6 13 -426627 0 6 -426627 1
gene 3 7 13 -291378 0 7 -291378 1
gene 2 8 13 -210908 0 8 -210908 1
gene 3 9 13 -241728 0 9 -241728 1
gene 2 10 13 -52410 0 10 -52410 1
gene 2 11 13 1215 0 11 1215 1
gene 4 12 13 -317477 0 12 -317477 1
gene 2 1 14 19104 0 13 19104 1
gene 2 2 14 570584 0 14 570584 1
gene 4 3 14 89580 0 15 89580 1
gene 4 4 14 209061 0 16 209061 1
gene 4 5 14 152226 0 17 152226 1
gene 3 6 14 70836 0 18 70836 1
gene 2 7 14 -237609 0 19 -237609 1
gene 1 8 14 60903 0 20 60903 0
gene 3 9 14 295245 0 21 295245 1
gene 1 10 14 -199383 0 22 -199383 1
gene 1 11 14 246435 0 23 246435 1
gene 4 12 14 -94713 0 24 -94713 1
gene 3 1 15 505569 0 25 505569 1
gene 3 2 15 -380817 0 26 -380817 1
gene 3 3 15 -342444 0 27 -342444 1
gene 3 4 15 298785 0 28 298785 1
gene 3 5 15 255924 0 29 255924 1
gene 1 6 15 232461 0 30 232461 0
gene 3 7 15 215769 0 31 215769 0
gene 3 8 15 335619 0 32 335619 1
gene 3 9 15 -376140 0 33 -376140 1
gene 3 10 15 -557210 0 34 -557210 0
gene 2 11 15 -296604 0 35 -296604 1
gene 4 12 15 -242313 0 36 -242313 1
gene 4 15 15 504459 1 174 504459 0
gene 3 8 121 93606 0 329 93606 0
gene 3 121 15 -47829 0 330 -47829 1
gene 2 5 121 55302 0 438 55302 1
gene 2 7 121 40146 0 483 40146 1
gene 4 4 235 568140 0 666 568140 1
gene 4 235 14 68295 0 667 68295 1
gene 1 1 235 453306 0 753 453306 1
gene 1 9 235 -800000 0 1108 -800000 0
gene 3 10 384 94374 0 1126 94374 1
gene 3 384 15 -640911 0 1127 -640911 0
gene 2 14 14 -240699 1 1197 -240699 0
gene 3 7 420 -123828 0 1239 -123828 1
gene 3 420 15 146319 0 1240 146319 1
gene 3 2 433 -237873 0 1284 -237873 0
gene 3 433 13 -190425 0 1285 -190425 1
gene 4 3 461 -33201 0 1352 -33201 1
gene 4 461 14 108387 0 1353 108387 1
gene 4 15 500 -5505 1 1453 -5505 1
gene 4 500 15 -123723 0 1454 -123723 0
gene 1 8 516 661959 0 1500 661959 1
gene 1 516 14 193872 0 1501 193872 0
gene 4 384 121 98370 0 1548 98370 1
gene 2 8 461 -641592 0 1965 -641592 0
gene 3 3 697 -288948 0 2038 -288948 1
gene 2 697 15 460680 0 2039 460680 1
gene 2 1 500 -43527 0 2133 -43527 1
gene 1 3 433 -62004 0 2628 -62004 1
gene 1 516 516 78099 1 2664 78099 1
gene 3 8 1018 203682 0 2997 203682 1
gene 3 1018 121 143823 0 2998 143823 1
gene 3 15 433 729239 0 3156 729239 1
gene 1 10 1130 333573 0 3329 333573 1
gene 1 1130 14 488634 0 3330 488634 1
gene 3 500 697 -399114 0 3371 -399114 1
gene 2 3 516 -490776 0 3603 -490776 1
gene 2 9 1323 181266 0 3885 181266 1
gene 2 1323 14 139302 0 3886 139302 0
gene 2 121 420 -180594 0 3959 -180594 1
gene 2 8 1393 -800000 0 4093 -800000 1
gene 2 1393 13 124761 0 4094 124761 1
gene 1 11 1479 309798 0 4325 309798 1
gene 1 1479 14 26364 0 4326 26364 1
gene 4 12 1531 -389520 0 4477 -389520 1
gene 4 1531 15 170088 0 4478 170088 0
gene 3 1393 433 456324 0 4734 456324 1
gene 2 1323 1683 274026 0 4950 274026 1
gene 2 1683 14 -53352 0 4951 -53352 1
gene 3 6 1735 -79875 0 5103 -79875 1
gene 3 1735 14 -350523 0 5104 -350523 1
gene 1 5 516 452133 0 5346 452133 1
gene 1 516 433 554412 0 5443 554412 1
gene 3 2 1875 -762759 0 5505 -762759 1
gene 3 1875 433 -241425 0 5506 -241425 1
gene 1 1683 461 -409140 0 5687 -409140 1
gene 1 6 1975 164820 0 5780 164820 1
gene 1 1975 15 563607 0 5781 563607 1
gene 4 1531 2022 338772 0 5905 338772 1
gene 4 2022 15 714701 0 5906 714701 0
gene 3 121 1875 -287487 0 5987 -287487 1
gene 1 1683 1393 -129933 0 6232 -129933 1
gene 4 500 2179 -217836 0 6351 -217836 1
gene 4 2179 15 248703 0 6352 248703 1
gene 3 12 2179 205908 0 6539 205908 1
gene 1 1975 1975 -69696 1 6578 -69696 1
gene 2 14 2295 -167991 1 6699 -167991 1
gene 2 2295 14 -157404 0 6700 -157404 1
gene 4 4 433 287973 0 7064 287973 1
gene 1 516 2545 157416 0 7435 157416 1
gene 1 2545 14 -800000 0 7436 -800000 1
gene 2 8 2573 -66984 0 7531 -66984 1
gene 2 2573 461 425187 0 7532 425187 1
gene 1 9 2682 -246576 0 7830 -246576 1
gene 1 2682 235 -327804 0 7831 -327804 1
gene 4 2022 2702 -171882 0 7879 -171882 1
gene 4 2702 15 311421 0 7880 311421 1
gene 1 1875 1875 113230 1 7987 113230 1
gene 4 697 697 -11583 1 8264 -11583 1
genomeend 58


/* Organism #62 Fitness: 240.000000 Time: 0 */
/* Position #62*/
#1 x: 59 y: 20
#2 x: 18 y: 17
#3 x: 50 y: 29
#4 x: 82 y: 83
#5 x: 78 y: 67
#6 x: 56 y: 82
genomestart 62
trait 1 57255.000000 34436.000000 3497.000000 38153.000000 28762.000000 18556.000000 93954.000000 40464.000000 trait 2 2.000000 0.000000 0.000000 0.000000 0.000000 0.000000 0.000000 0.000000 trait 3 0.000000 0.000000 0.000000 51304.000000 0.000000 13538.000000 70969.000000 30146.000000 trait 4 4.000000 0.000000 0.000000 36940.000000 0.000000 0.000000 43316.000000 37957.000000 node 1 4 1 3
node 2 4 1 1
node 3 1 1 1
node 4 1 1 1
node 5 1 1 1
node 6 2 1 1
node 7 4 1 1
node 8 4 1 1
node 9 2 1 1
node 10 1 1 1
node 11 2 1 1
node 12 4 1 1
node 13 2 0 2
node 14 1 0 2
node 15 3 0 2
node 121 1 0 0
node 235 1 0 0
node 384 1 0 0
node 420 1 0 0
node 433 1 0 0
node 461 1 0 0
node 500 1 0 0
node 516 1 0 0
node 697 3 0 0
node 1018 1 0 0
node 1130 1 0 0
node 1323 3 0 0
node 1393 1 0 0
node 1479 1 0 0
node 1531 4 0 0
node 1683 1 0 0
node 1735 1 0 0
node 1875 1 0 0
node 2034 1 0 0
node 2142 1 0 0
node 2172 1 0 0
node 2206 1 0 0
node 2313 1 0 0
node 2332 1 0 0
node 2368 1 0 0
node 2412 1 0 0
node 2430 1 0 0
node 2481 1 0 0
node 2494 1 0 0
node 2636 1 0 0
node 2655 1 0 0
node 2672 1 0 0
node 2689 1 0 0
node 2709 1 0 0
node 2725 1 0 0
node 2785 1 0 0
gene 2 1 13 341766 0 1 341766 1
gene 3 2 13 -800000 0 2 -800000 1
gene 2 3 13 225933 0 3 225933 1
gene 3 4 13 -353994 0 4 -353994 1
gene 2 5 13 -447458 0 5 -447458 1
gene 4 6 13 530076 0 6 530076 0
gene 3 7 13 -500526 0 7 -500526 1
gene 2 8 13 -75153 0 8 -75153 0
gene 3 9 13 218499 0 9 218499 0
gene 2 10 13 425676 0 10 425676 1
gene 2 11 13 -386589 0 11 -386589 0
gene 4 12 13 -619821 0 12 -619821 1
gene 2 1 14 -196809 0 13 -196809 1
gene 2 2 14 14901 0 14 14901 1
gene 4 3 14 -266859 0 15 -266859 1
gene 4 4 14 -344775 0 16 -344775 0
gene 4 5 14 83046 0 17 83046 1
gene 3 6 14 -140703 0 18 -140703 0
gene 2 7 14 -60357 0 19 -60357 1
gene 1 8 14 380115 0 20 380115 0
gene 3 9 14 -65370 0 21 -65370 1
gene 1 10 14 299943 0 22 299943 1
gene 1 11 14 -800000 0 23 -800000 1
gene 4 12 14 581169 0 24 581169 1
gene 3 1 15 420000 0 25 420000 1
gene 3 2 15 179802 0 26 179802 1
gene 3 3 15 -560805 0 27 -560805 0
gene 3 4 15 -32314 0 28 -32314 1
gene 3 5 15 41631 0 29 41631 1
gene 1 6 15 -404682 0 30 -404682 0
gene 3 7 15 52644 0 31 52644 0
gene 3 8 15 -639957 0 32 -639957 0
gene 3 9 15 724415 0 33 724415 1
gene 3 10 15 -84609 0 34 -84609 0
gene 2 11 15 106901 0 35 106901 1
gene 4 12 15 -800000 0 36 -800000 0
gene 4 15 15 573735 1 174 573735 0
gene 3 8 121 -174417 0 329 -174417 0
gene 3 121 15 -527461 0 330 -527461 1
gene 2 5 121 180390 0 438 180390 1
gene 2 7 121 178044 0 483 178044 0
gene 4 4 235 44409 0 666 44409 0
gene 4 235 14 -285908 0 667 -285908 1
gene 1 1 235 -97044 0 753 -97044 1
gene 1 9 235 -717956 0 1108 -717956 1
gene 3 10 384 -170922 0 1126 -170922 1
gene 3 384 15 -105492 0 1127 -105492 0
gene 2 14 14 179346 1 1197 179346 1
gene 3 7 420 32610 0 1239 32610 0
gene 3 420 15 800000 0 1240 800000 0
gene 3 2 433 -493950 0 1284 -493950 0
gene 3 433 13 -79980 0 1285 -79980 1
gene 4 3 461 220680 0 1352 220680 1
gene 4 461 14 -78531 0 1353 -78531 0
gene 4 15 500 -215592 1 1453 -215592 1
gene 4 500 15 -800000 0 1454 -800000 0
gene 1 8 516 -296919 0 1500 -296919 1
gene 1 516 14 -433203 0 1501 -433203 1
gene 1 384 121 800000 0 1548 800000 1
gene 2 8 461 -403500 0 1965 -403500 1
gene 3 3 697 140175 0 2038 140175 0
gene 3 697 15 800000 0 2039 800000 1
gene 2 1 500 160806 0 2133 160806 1
gene 1 3 433 121056 0 2628 121056 1
gene 1 516 516 525800 1 2664 525800 1
gene 3 8 1018 -271578 0 2997 -271578 0
gene 3 1018 121 486221 0 2998 486221 0
gene 3 15 433 800000 0 3156 800000 1
gene 1 10 1130 147444 0 3329 147444 1
gene 1 1130 14 344883 0 3330 344883 1
gene 3 500 697 298476 0 3371 298476 0
gene 2 3 516 409156 0 3603 409156 1
gene 2 9 1323 -204192 0 3885 -204192 0
gene 2 1323 14 -75441 0 3886 -75441 0
gene 2 121 420 196758 0 3959 196758 0
gene 2 8 1393 95070 0 4093 95070 0
gene 2 1393 13 -84489 0 4094 -84489 1
gene 1 11 1479 -639285 0 4325 -639285 1
gene 1 1479 14 -800000 0 4326 -800000 1
gene 4 12 1531 193230 0 4477 193230 1
gene 4 1531 15 574254 0 4478 574254 0
gene 3 1393 433 469155 0 4734 469155 1
gene 2 1323 1683 140052 0 4950 140052 1
gene 2 1683 14 296478 0 4951 296478 1
gene 3 6 1735 64518 0 5103 64518 1
gene 3 1735 14 -171621 0 5104 -171621 0
gene 1 5 516 470334 0 5346 470334 1
gene 1 516 433 373182 0 5443 373182 1
gene 3 2 1875 52080 0 5505 52080 1
gene 3 1875 433 532608 0 5506 532608 1
gene 1 1683 461 -369345 0 5687 -369345 1
gene 1 516 121 628767 0 5877 628767 1
gene 3 3 2034 647145 0 5939 647145 1
gene 3 2034 697 -733488 0 5940 -733488 1
gene 3 5 1479 125442 0 6157 125442 1
gene 3 7 2142 -256359 0 6248 -256359 1
gene 3 2142 420 192990 0 6249 192990 1
gene 3 420 2172 -428025 0 6332 -428025 1
gene 3 2172 15 -406710 0 6333 -406710 1
gene 2 1735 1735 13497 1 6388 13497 1
gene 2 8 2206 -318540 0 6436 -318540 0
gene 2 2206 1393 -634743 0 6437 -634743 1
gene 2 121 2313 306175 0 6747 306175 0
gene 2 2313 420 700005 0 6748 700005 1
gene 2 9 2332 17151 0 6797 17151 1
gene 2 2332 1323 132348 0 6798 132348 1
gene 4 1323 2034 -255933 0 6848 -255933 1
gene 2 7 2368 345531 0 6897 345531 0
gene 2 2368 121 -311547 0 6898 -311547 1
gene 3 8 2412 293661 0 7028 293661 1
gene 3 2412 15 766089 0 7029 766089 1
gene 2 8 2430 180507 0 7088 180507 1
gene 2 2430 2206 -204057 0 7089 -204057 1
gene 2 121 2481 -85569 0 7252 -85569 1
gene 2 2481 2313 178015 0 7253 178015 1
gene 3 9 2494 3885 0 7292 3885 1
gene 3 2494 15 214983 0 7293 214983 1
gene 2 1479 384 -279473 0 7389 -279473 1
gene 2 121 2142 -31719 0 7445 -31719 1
gene 2 7 2636 1 0 7707 1 1
gene 2 2636 2368 352251 0 7708 352251 1
gene 4 461 2655 238465 0 7760 238465 1
gene 4 2655 14 751523 0 7761 751523 0
gene 4 2655 2672 -171683 0 7800 -171683 1
gene 4 2672 14 709412 0 7801 709412 1
gene 2 11 2689 130915 0 7847 130915 1
gene 2 2689 13 -419955 0 7848 -419955 1
gene 3 9 2709 -31173 0 7901 -31173 1
gene 3 2709 13 185692 0 7902 185692 1
gene 3 500 2725 -111167 0 7949 -111167 1
gene 3 2725 697 -151083 0 7950 -151083 1
gene 4 4 2785 1 0 8130 0 1
gene 4 2785 235 44409 0 8131 0 1
gene 3 3 1323 -3393 0 8168 -3393 1
gene 4 2636 1479 -44746 0 8212 -44746 1
genomeend 62


/* Organism #70 Fitness: 240.000000 Time: 0 */
/* Position #70*/
#1 x: 39 y: 40
#2 x: 45 y: 23
#3 x: 23 y: 19
#4 x: 28 y: 73
#5 x: 40 y: 65
#6 x: 49 y: 71
genomestart 70
trait 1 71503.000000 52572.000000 0.000000 48265.000000 0.000000 0.000000 100000.000000 393.000000 trait 2 2.000000 0.000000 0.000000 0.000000 0.000000 0.000000 0.000000 0.000000 trait 3 0.000000 0.000000 0.000000 51304.000000 0.000000 13538.000000 70969.000000 30146.000000 trait 4 4.000000 0.000000 0.000000 36940.000000 0.000000 0.000000 43316.000000 37957.000000 node 1 4 1 3
node 2 4 1 1
node 3 1 1 1
node 4 2 1 1
node 5 1 1 1
node 6 2 1 1
node 7 4 1 1
node 8 4 1 1
node 9 2 1 1
node 10 1 1 1
node 11 2 1 1
node 12 4 1 1
node 13 2 0 2
node 14 1 0 2
node 15 3 0 2
node 121 1 0 0
node 235 1 0 0
node 384 1 0 0
node 420 1 0 0
node 433 1 0 0
node 461 1 0 0
node 500 1 0 0
node 516 1 0 0
node 697 1 0 0
node 1018 1 0 0
node 1130 1 0 0
node 1323 3 0 0
node 1393 1 0 0
node 1479 1 0 0
node 1531 4 0 0
node 1683 1 0 0
node 1735 1 0 0
node 1875 1 0 0
node 1975 1 0 0
node 2022 1 0 0
node 2179 1 0 0
node 2295 1 0 0
node 2794 1 0 0
gene 2 1 13 413265 0 1 413265 1
gene 3 2 13 -541929 0 2 -541929 1
gene 2 3 13 326393 0 3 326393 1
gene 3 4 13 -795990 0 4 -795990 1
gene 2 5 13 -32664 0 5 -32664 1
gene 4 6 13 -196266 0 6 -196266 1
gene 3 7 13 -674241 0 7 -674241 1
gene 2 8 13 248220 0 8 248220 0
gene 3 9 13 373476 0 9 373476 1
gene 2 10 13 800000 0 10 800000 1
gene 2 11 13 -404046 0 11 -404046 1
gene 4 12 13 92823 0 12 92823 1
gene 2 1 14 115154 0 13 115154 1
gene 2 2 14 87480 0 14 87480 1
gene 4 3 14 -800000 0 15 -800000 1
gene 4 4 14 137661 0 16 137661 0
gene 4 5 14 58149 0 17 58149 1
gene 3 6 14 -800000 0 18 -800000 0
gene 2 7 14 -705377 0 19 -705377 1
gene 1 8 14 -538452 0 20 -538452 0
gene 3 9 14 342105 0 21 342105 1
gene 1 10 14 -397791 0 22 -397791 1
gene 1 11 14 -599771 0 23 -599771 1
gene 4 12 14 -253686 0 24 -253686 1
gene 3 1 15 -596769 0 25 -596769 1
gene 3 2 15 -260631 0 26 -260631 1
gene 3 3 15 273252 0 27 273252 0
gene 3 4 15 421733 0 28 421733 1
gene 3 5 15 -211878 0 29 -211878 1
gene 1 6 15 96474 0 30 96474 0
gene 3 7 15 -507317 0 31 -507317 0
gene 3 8 15 -800000 0 32 -800000 1
gene 3 9 15 26157 0 33 26157 1
gene 3 10 15 -209823 0 34 -209823 0
gene 2 11 15 7464 0 35 7464 1
gene 4 12 15 425352 0 36 425352 0
gene 4 15 15 -21756 1 174 -21756 0
gene 3 8 121 1869 0 329 1869 0
gene 3 121 15 -526349 0 330 -526349 1
gene 2 5 121 290358 0 438 290358 1
gene 2 7 121 -417168 0 483 -417168 1
gene 4 4 235 -389745 0 666 -389745 1
gene 4 235 14 -101453 0 667 -101453 1
gene 1 1 235 458100 0 753 458100 1
gene 1 9 235 -68148 0 1108 -68148 1
gene 3 10 384 357201 0 1126 357201 1
gene 3 384 15 -90366 0 1127 -90366 0
gene 2 14 14 -140460 1 1197 -140460 0
gene 3 7 420 -272919 0 1239 -272919 1
gene 3 420 15 -108325 0 1240 -108325 1
gene 3 2 433 284181 0 1284 284181 0
gene 3 433 13 -208263 0 1285 -208263 1
gene 4 3 461 -514638 0 1352 -514638 1
gene 4 461 14 -344442 0 1353 -344442 1
gene 4 15 500 6012 1 1453 6012 1
gene 4 500 15 123636 0 1454 123636 0
gene 1 8 516 -240831 0 1500 -240831 1
gene 1 516 14 -338886 0 1501 -338886 1
gene 1 384 121 634946 0 1548 634946 1
gene 2 8 461 160731 0 1965 160731 1
gene 3 3 697 -279654 0 2038 -279654 1
gene 2 697 15 499536 0 2039 499536 1
gene 2 1 500 -119100 0 2133 -119100 1
gene 1 3 433 414651 0 2628 414651 1
gene 1 516 516 -298920 1 2664 -298920 1
gene 3 8 1018 800000 0 2997 800000 1
gene 3 1018 121 685013 0 2998 685013 0
gene 3 15 433 -303663 0 3156 -303663 1
gene 1 10 1130 159315 0 3329 159315 1
gene 1 1130 14 8652 0 3330 8652 1
gene 3 500 697 28065 0 3371 28065 1
gene 2 3 516 355804 0 3603 355804 1
gene 2 9 1323 53886 0 3885 53886 1
gene 2 1323 14 -274383 0 3886 -274383 0
gene 4 121 420 -218514 0 3959 -218514 1
gene 2 8 1393 625394 0 4093 625394 1
gene 2 1393 13 160818 0 4094 160818 0
gene 1 11 1479 258948 0 4325 258948 1
gene 1 1479 14 69489 0 4326 69489 1
gene 4 12 1531 -487758 0 4477 -487758 1
gene 4 1531 15 63414 0 4478 63414 0
gene 3 1393 433 190878 0 4734 190878 1
gene 2 1323 1683 31389 0 4950 31389 1
gene 2 1683 14 184425 0 4951 184425 1
gene 3 6 1735 -37048 0 5103 -37048 1
gene 3 1735 14 180873 0 5104 180873 0
gene 1 5 516 -182748 0 5346 -182748 1
gene 1 516 433 -206655 0 5443 -206655 1
gene 3 2 1875 342627 0 5505 342627 1
gene 3 1875 433 73281 0 5506 73281 1
gene 1 1683 461 -329304 0 5687 -329304 1
gene 1 6 1975 -26997 0 5780 -26997 1
gene 1 1975 15 437748 0 5781 437748 1
gene 4 1531 2022 -148335 0 5905 -148335 1
gene 4 2022 15 -63204 0 5906 -63204 1
gene 3 121 1875 223095 0 5987 223095 1
gene 1 1683 1393 -24660 0 6232 -24660 1
gene 4 500 2179 397134 0 6351 397134 1
gene 4 2179 15 64266 0 6352 64266 1
gene 3 12 2179 96789 0 6539 96789 1
gene 1 1975 1975 36546 1 6578 36546 1
gene 2 14 2295 -304857 1 6699 -304857 1
gene 2 2295 14 -415989 0 6700 -415989 1
gene 4 4 433 27201 0 7064 27201 1
gene 3 12 235 143214 0 7098 143214 1
gene 1 384 384 -787724 1 7242 -787724 1
gene 2 500 500 53967 1 7740 53967 1
gene 2 1393 2794 -255527 0 8152 -255527 1
gene 2 2794 13 428280 0 8153 428280 1
gene 1 1323 1531 -1305 0 8182 -1305 1
genomeend 70


/* Organism #74 Fitness: 350.000000 Time: 0 */
/* Position #74*/
#1 x: 31 y: 16
#2 x: 41 y: 28
#3 x: 74 y: 32
#4 x: 72 y: 80
#5 x: 71 y: 67
#6 x: 69 y: 69
genomestart 74
trait 1 43007.000000 16300.000000 6994.000000 28041.000000 57524.000000 37112.000000 87908.000000 80535.000000 trait 2 2.000000 0.000000 0.000000 0.000000 0.000000 0.000000 0.000000 0.000000 trait 3 0.000000 0.000000 0.000000 51304.000000 0.000000 13538.000000 70969.000000 30146.000000 trait 4 4.000000 0.000000 0.000000 36940.000000 0.000000 0.000000 43316.000000 37957.000000 node 1 4 1 3
node 2 4 1 1
node 3 1 1 1
node 4 1 1 1
node 5 2 1 1
node 6 2 1 1
node 7 4 1 1
node 8 4 1 1
node 9 2 1 1
node 10 1 1 1
node 11 2 1 1
node 12 4 1 1
node 13 2 0 2
node 14 1 0 2
node 15 3 0 2
node 121 1 0 0
node 235 1 0 0
node 384 1 0 0
node 420 1 0 0
node 433 1 0 0
node 461 1 0 0
node 500 1 0 0
node 516 1 0 0
node 697 3 0 0
node 1018 1 0 0
node 1130 1 0 0
node 1323 3 0 0
node 1393 1 0 0
node 1479 1 0 0
node 1531 4 0 0
node 1683 1 0 0
node 1735 1 0 0
node 1875 3 0 0
node 2034 1 0 0
node 2142 1 0 0
node 2172 1 0 0
node 2206 1 0 0
node 2313 1 0 0
node 2332 1 0 0
node 2368 1 0 0
node 2412 1 0 0
node 2430 1 0 0
node 2481 1 0 0
node 2494 1 0 0
node 2768 1 0 0
node 2810 1 0 0
gene 2 1 13 69216 0 1 69216 1
gene 3 2 13 787772 0 2 787772 1
gene 2 3 13 -258348 0 3 -258348 1
gene 3 4 13 -141864 0 4 -141864 1
gene 2 5 13 11184 0 5 11184 1
gene 4 6 13 -287549 0 6 -287549 1
gene 3 7 13 -58167 0 7 -58167 1
gene 2 8 13 5208 0 8 5208 0
gene 3 9 13 454254 0 9 454254 1
gene 2 10 13 262395 0 10 262395 1
gene 2 11 13 -63873 0 11 -63873 1
gene 4 12 13 113676 0 12 113676 1
gene 2 1 14 557229 0 13 557229 1
gene 2 2 14 -158292 0 14 -158292 1
gene 4 3 14 169563 0 15 169563 1
gene 4 4 14 415590 0 16 415590 0
gene 4 5 14 236457 0 17 236457 1
gene 3 6 14 -70419 0 18 -70419 0
gene 2 7 14 88590 0 19 88590 1
gene 1 8 14 -297078 0 20 -297078 0
gene 3 9 14 -472434 0 21 -472434 1
gene 1 10 14 -190692 0 22 -190692 1
gene 1 11 14 -1577 0 23 -1577 1
gene 4 12 14 153432 0 24 153432 1
gene 3 1 15 180186 0 25 180186 1
gene 3 2 15 14913 0 26 14913 1
gene 3 3 15 -303287 0 27 -303287 0
gene 3 4 15 800000 0 28 800000 1
gene 3 5 15 336111 0 29 336111 1
gene 1 6 15 -46941 0 30 -46941 1
gene 3 7 15 347451 0 31 347451 0
gene 3 8 15 800000 0 32 800000 0
gene 3 9 15 -271362 0 33 -271362 0
gene 3 10 15 360108 0 34 360108 0
gene 2 11 15 -200850 0 35 -200850 1
gene 4 12 15 -698168 0 36 -698168 0
gene 4 15 15 -127845 1 174 -127845 0
gene 3 8 121 -313167 0 329 -313167 0
gene 3 121 15 -48594 0 330 -48594 1
gene 2 5 121 238314 0 438 238314 1
gene 2 7 121 800000 0 483 800000 0
gene 4 4 235 -225690 0 666 -225690 1
gene 4 235 14 -193509 0 667 -193509 1
gene 1 1 235 256953 0 753 256953 1
gene 1 9 235 -137679 0 1108 -137679 1
gene 3 10 384 -689921 0 1126 -689921 1
gene 3 384 15 -329615 0 1127 -329615 0
gene 2 14 14 -98724 1 1197 -98724 0
gene 3 7 420 -800000 0 1239 -800000 0
gene 3 420 15 -104688 0 1240 -104688 0
gene 3 2 433 -195681 0 1284 -195681 0
gene 3 433 13 -189030 0 1285 -189030 1
gene 4 3 461 -241599 0 1352 -241599 1
gene 4 461 14 17547 0 1353 17547 1
gene 4 15 500 280956 1 1453 280956 1
gene 4 500 15 -4572 0 1454 -4572 1
gene 1 8 516 -110631 0 1500 -110631 1
gene 1 516 14 441809 0 1501 441809 1
gene 1 384 121 -235473 0 1548 -235473 1
gene 2 8 461 102738 0 1965 102738 1
gene 3 3 697 -193128 0 2038 -193128 0
gene 3 697 15 -655554 0 2039 -655554 1
gene 2 1 500 45558 0 2133 45558 1
gene 1 3 433 182709 0 2628 182709 1
gene 1 516 516 -9168 1 2664 -9168 1
gene 3 8 1018 -124812 0 2997 -124812 1
gene 3 1018 121 49545 0 2998 49545 0
gene 3 15 433 233292 0 3156 233292 1
gene 1 10 1130 48888 0 3329 48888 1
gene 1 1130 14 -495228 0 3330 -495228 1
gene 3 500 697 -490680 0 3371 -490680 1
gene 2 3 516 683288 0 3603 683288 1
gene 2 9 1323 -14334 0 3885 -14334 0
gene 2 1323 14 222957 0 3886 222957 0
gene 2 121 420 336771 0 3959 336771 0
gene 2 8 1393 -84549 0 4093 -84549 0
gene 2 1393 13 -131904 0 4094 -131904 1
gene 1 11 1479 -34377 0 4325 -34377 1
gene 1 1479 14 -678113 0 4326 -678113 1
gene 4 12 1531 469380 0 4477 469380 1
gene 4 1531 15 288477 0 4478 288477 1
gene 3 1393 433 668231 0 4734 668231 1
gene 2 1323 1683 608265 0 4950 608265 1
gene 2 1683 14 270792 0 4951 270792 1
gene 3 6 1735 -157914 0 5103 -157914 1
gene 3 1735 14 -224586 0 5104 -224586 1
gene 1 5 516 751557 0 5346 751557 1
gene 1 516 433 -30339 0 5443 -30339 1
gene 3 2 1875 88818 0 5505 88818 1
gene 3 1875 433 393069 0 5506 393069 1
gene 1 1683 461 310371 0 5687 310371 1
gene 1 516 121 -167682 0 5877 -167682 1
gene 3 3 2034 259059 0 5939 259059 1
gene 3 2034 697 29079 0 5940 29079 1
gene 3 5 1479 -244425 0 6157 -244425 1
gene 3 7 2142 800000 0 6248 800000 1
gene 3 2142 420 204621 0 6249 204621 1
gene 3 420 2172 -268914 0 6332 -268914 1
gene 3 2172 15 312627 0 6333 312627 1
gene 2 1735 1735 220143 1 6388 220143 1
gene 2 8 2206 -122244 0 6436 -122244 0
gene 2 2206 1393 -10011 0 6437 -10011 1
gene 2 121 2313 -207633 0 6747 -207633 0
gene 2 2313 420 119274 0 6748 119274 1
gene 2 9 2332 90414 0 6797 90414 1
gene 2 2332 1323 338199 0 6798 338199 1
gene 4 1323 2034 79218 0 6848 79218 1
gene 2 7 2368 -141477 0 6897 -141477 1
gene 2 2368 121 72375 0 6898 72375 1
gene 3 8 2412 353451 0 7028 353451 1
gene 3 2412 15 232842 0 7029 232842 1
gene 2 8 2430 -283788 0 7088 -283788 0
gene 2 2430 2206 375681 0 7089 375681 1
gene 2 121 2481 -384321 0 7252 -384321 1
gene 2 2481 2313 -150885 0 7253 -150885 1
gene 3 9 2494 -180186 0 7292 -180186 1
gene 3 2494 15 -56898 0 7293 -56898 1
gene 2 1479 384 -136761 0 7389 -136761 1
gene 2 121 2142 -606045 0 7445 -606045 1
gene 2 6 433 -102669 0 7711 -102669 1
gene 2 14 2768 -216324 1 8077 -216324 1
gene 2 2768 14 393621 0 8078 393621 1
gene 2 8 2810 -131108 0 8195 -131108 1
gene 2 2810 2430 -155070 0 8196 -155070 1
genomeend 74


